2.58439
2.55987
2.54953
2.61203
2.5466
2.58509
2.59174
2.6219
2.58084
2.57245
2.60772
2.51661
2.55017
2.58876
2.5632
2.60886
2.5121
2.59626
2.60642
2.54147
2.55905
2.56679
2.56272
2.66533
2.55599
2.54938
2.5906
2.5899
2.5082
2.59665
2.57821
2.54817
2.54087
2.53471
2.57452
2.58003
2.59169
2.55529
2.59318
2.5242
2.4977
2.56333
2.53172
2.53986
2.53182
2.48905
2.53094
2.54761
2.5144
2.57296
2.56786
2.5367
2.48799
2.48687
2.58657
2.47817
2.46985
2.52388
2.49319
2.53804
2.5243
2.4332
2.55087
2.5092
2.44975
2.58107
2.60452
2.50408
2.49762
2.51924
2.51284
2.55145
2.53705
2.50677
2.51304
2.57908
2.51822
2.48239
2.54608
2.52999
2.51755
2.51023
2.50708
2.55264
2.52725
2.48016
2.58314
2.54691
2.49029
2.60082
2.52273
2.56555
2.51767
2.59342
2.49049
2.56891
2.50928
2.55901
2.57079
2.52749
2.53799
2.57773
2.56269
2.58108
2.56975
2.54917
2.61484
2.58933
2.48709
2.53028
2.56604
2.54502
2.60561
2.52603
2.60429
2.51226
2.53963
2.50459
2.60468
2.57499
2.60467
2.56122
2.53532
2.64126
2.62028
2.60767
2.50494
2.53658
2.60066
2.55952
2.55009
2.53009
2.56852
2.46399
2.54375
2.54096
2.56992
2.59203
2.53033
2.49682
2.55787
2.48593
2.52881
2.50929
2.56252
2.45547
2.5004
2.57087
2.55213
2.50629
2.54867
2.53631
2.54776
2.53049
2.58451
2.55592
2.48486
2.48756
2.50061
2.64464
2.49424
2.52357
2.51864
2.53507
2.49672
2.48567
2.46186
2.54119
2.49644
2.5042
2.54126
2.59155
2.50843
2.50407
2.52163
2.46957
2.5949
2.46918
2.5128
2.57906
2.44779
2.56922
2.51849
2.55969
2.45559
2.56736
2.60163
2.54357
2.51289
2.56382
2.57019
2.52185
2.55315
2.54685
2.58418
2.52078
2.54223
2.55557
2.58448
2.62167
2.57538
2.53843
2.6017
2.57517
2.54227
2.52484
2.56116
2.55138
2.61124
2.5617
2.55885
2.54496
2.65725
2.59108
2.61634
2.49942
2.54719
2.61927
2.6483
2.60455
2.58558
2.61612
2.55196
2.57802
2.54825
2.61799
2.59444
2.56543
2.59195
2.61938
2.51206
2.48484
2.54868
2.53498
2.52835
2.52849
2.5858
2.47357
2.56078
2.55551
2.52451
2.54628
2.55642
2.56436
2.55219
2.53801
2.5345
2.50409
2.56793
2.55706
2.53624
2.51323
2.49063
2.50882
2.53908
2.48642
2.50532
2.52844
2.56344
2.50344
2.52573
2.55748
2.57198
2.47013
2.47475
2.47948
2.54261
2.5559
2.54164
2.53156
2.45787
2.55937
2.50765
2.43962
2.49048
2.51338
2.53457
2.5071
2.58536
2.47832
2.51642
2.51501
2.50331
2.50203
2.53878
2.54513
2.50695
2.52608
2.57081
2.54569
2.51665
2.47013
2.57586
2.4816
2.55367
2.56184
2.5987
2.56163
2.54912
2.60102
2.58813
2.53633
2.56138
2.55079
2.59311
2.59072
2.62751
2.59787
2.63161
2.59182
2.60144
2.52572
2.55718
2.51963
2.59962
2.51453
2.54437
2.57226
2.55978
2.53511
2.54097
2.56316
2.52749
2.51362
2.53988
2.50986
2.54858
2.5906
2.62685
2.52992
2.54186
2.51656
2.57673
2.52704
2.55726
2.48009
2.54784
2.48776
2.54113
2.54983
2.53865
2.46494
2.5126
2.5224
2.56599
2.47476
2.49368
2.55865
2.52344
2.51789
2.49413
2.46409
2.43808
2.5006
2.50116
2.48363
2.49958
2.48865
2.47888
2.49689
2.50776
2.52778
2.55019
2.57767
2.44573
2.46312
2.49196
2.48034
2.52379
2.46355
2.45541
2.50206
2.56034
2.47336
2.51457
2.54395
2.59502
2.46769
2.52217
2.45911
2.52648
2.525
2.50892
2.51316
2.47122
2.56561
2.5101
2.46241
2.5046
2.4994
2.53532
2.54582
2.49696
2.52325
2.53889
2.5488
2.55455
2.5887
2.65425
2.60118
2.5471
