0.000554162
0.000553535
0.000553636
0.000554472
0.000553754
0.000553694
0.000554319
0.000553695
0.000554298
0.000554508
0.000554362
0.000554431
0.000554363
0.000553634
0.000554507
0.00055372
0.000554489
0.000553665
0.000553739
0.000553621
0.000554395
0.000554409
0.000553718
0.000554286
0.00055423
0.000554205
0.000553368
0.000553357
0.000553769
0.000552956
0.000552787
0.000551945
0.000552545
0.000553468
0.000553957
0.000554968
0.000555512
0.000556635
0.000558011
0.000555475
0.00055495
0.00055302
0.000550376
0.000550565
0.000550402
0.000550246
0.000550314
0.000550103
0.000550766
0.000549987
0.00055056
0.000549679
0.00054876
0.000548749
0.000549171
0.000549083
0.00054893
0.000548691
0.000547873
0.00054771
0.000548156
0.000547197
0.00054813
0.000548111
0.000548096
0.000548566
0.000548779
0.00054851
0.000547345
0.000548236
0.000547642
0.000549286
0.000548183
0.000548979
0.000549833
0.000549982
0.000550266
0.00055036
0.000550614
0.000549829
0.000550494
0.000550752
0.00055061
0.000550535
0.000550476
0.000550522
0.000550149
0.000547169
0.000545067
0.000542153
0.00054002
0.000545338
0.000549269
0.000552416
0.00055491
0.000557331
0.000560413
0.00055758
0.000555863
0.000552791
0.000550567
0.000551339
0.000551574
0.000551528
0.000550854
0.000551583
0.000551726
0.000551138
0.000552578
0.000551095
0.000551834
0.00055207
0.000550997
0.000552065
0.000551995
0.000554867
0.000557238
0.000560918
0.000563836
0.000563678
1.46409e-08
0.000562791
0.000563362
0.000563244
0.000562255
0.00056197
0.000561683
0.00056216
0.000561753
0.000560699
0.000560238
0.000559796
0.000559268
0.000557764
0.000557865
0.000557351
0.00055704
0.000557049
0.000557608
0.000559576
0.000559314
0.00055911
0.000559819
0.000560473
0.000561383
0.000561703
0.000562133
0.000562107
0.000562258
0.000562496
0.000563263
0.00056306
0.000564167
0.000562482
0.000562946
0.000563707
0.000563107
0.000563385
0.00056259
0.000562261
0.000563011
0.000562157
0.000561883
0.00056106
0.000562354
0.00056216
0.000562003
0.000562725
0.000563049
0.000562427
0.000562439
0.000563519
0.000562128
0.000562314
0.000562965
0.000563017
0.000563028
0.000562111
0.000561739
0.000561921
0.000561443
0.000560678
0.000560568
0.000560857
0.000559764
0.000558617
0.000558717
0.000558749
0.000559056
0.000558214
0.000559615
0.000560032
0.000560725
0.000562008
0.000562653
0.000563616
0.000564097
0.000563921
0.000564749
0.000565091
0.000565416
0.000565715
0.000566406
0.00056596
0.000566207
0.000566901
0.000567384
4.08913e-09
0.000568152
0.000567943
0.000567951
0.000567653
0.000567455
0.000566917
0.000568129
0.000567389
0.000568016
0.000566655
0.000567198
0.000566816
0.000566116
0.000565914
0.000565656
0.000565557
0.000565277
0.00056489
0.000564603
0.000563664
0.000563724
0.000559607
0.000556718
0.000559345
0.000561932
0.000559161
0.000556517
0.000553839
0.000551708
0.00055193
0.000550275
0.000552859
0.000555223
0.000556942
0.000560426
0.000557872
0.000556455
0.00055366
0.000551504
0.000553958
0.000556345
0.000558708
0.00056101
0.000559466
0.00055875
0.000556437
0.000554794
0.000553959
0.00055165
0.000550054
0.000548538
0.000547501
0.000548022
0.000547168
0.000546828
0.000545999
0.00054622
0.00054512
0.000546554
0.000546068
0.000546998
0.000547126
0.000546492
0.000546568
0.0005467
0.00054669
0.000548335
0.000548442
0.000547635
0.000547728
0.000547706
0.000547739
0.00054775
0.00054858
0.00054776
0.000548373
0.000548267
0.000553105
0.000558246
0.00055251
0.000549466
0.000549109
0.00054931
0.00054965
0.00055013
0.000551025
0.000550478
0.000551356
0.000550798
0.000551102
0.000551167
0.000551969
0.000551431
0.000552189
0.000552218
0.000552348
0.000553167
0.000551598
0.000553013
0.00055237
0.00055247
0.000552609
0.000552649
0.000553608
0.000552705
0.000552812
0.000552867
0.000553686
0.000552872
0.00055485
0.00055509
0.000556382
0.000557389
0.000558451
0.000559534
0.000559882
0.000560834
0.000561267
0.000561061
0.000560865
0.000560067
0.000560243
0.00056001
0.000557866
0.00055543
0.000552865
0.000549914
0.000552055
0.000552988
0.000555615
0.000557658
0.000556071
0.000554472
0.000552691
0.000551151
0.000553831
0.000555066
0.00055696
0.000559017
0.000556035
0.000552384
0.000551148
0.000550131
0.000549866
0.000549819
0.0005504
0.000549559
0.00055293
0.000555218
0.000558907
0.000561614
0.000560661
0.000560531
0.000560299
0.000561454
0.000558252
0.000555186
0.000552195
0.000549384
0.000549003
0.000549889
0.000549324
0.000549467
0.00054973
3.30716e-07
0.000550121
0.000551092
0.000550508
0.000550661
0.000549967
0.000550032
0.000550895
0.000550343
0.000550524
0.000550579
0.000549705
0.000549105
0.00055327
0.000555147
0.000557567
0.000559427
0.000558866
0.000559969
0.000561189
0.000560686
0.000557179
0.000552837
0.00055317
0.000552624
0.000553368
0.000553212
0.000553997
0.000554162
