2.06758 -6.109
2.07456 -6.1051
2.08178 -6.10175
2.08927 -6.09901
2.0968 -6.09636
2.10419 -6.09339
2.11093 -6.08893
2.11871 -6.08685
2.12611 -6.0839
2.13297 -6.07972
2.14082 -6.07781
2.14731 -6.07279
2.15494 -6.07037
2.16201 -6.06667
2.16977 -6.06454
2.17646 -6.05999
2.1838 -6.05691
2.19154 -6.05472
2.19836 -6.05047
2.20634 -6.04883
2.21304 -6.04431
2.22069 -6.04192
2.22754 -6.03773
2.23491 -6.03471
2.24213 -6.03134
2.25006 -6.02961
2.25682 -6.0252
2.26425 -6.02233
2.27165 -6.0194
2.27906 -6.01646
2.28633 -6.01322
2.29301 -6.00863
2.30067 -6.00628
2.30763 -6.00235
2.31536 -6.00014
2.32261 -5.99686
2.33001 -5.99391
2.33717 -5.99041
2.34403 -5.98625
2.35138 -5.98319
2.35922 -5.98124
2.36635 -5.97768
2.37363 -5.97445
2.38057 -5.97046
2.38778 -5.96709
2.39543 -5.96471
2.40273 -5.96154
2.41005 -5.95842
2.41741 -5.95538
2.42464 -5.95204
2.43174 -5.94841
2.43883 -5.94477
2.4466 -5.94265
2.45377 -5.93918
2.46126 -5.93643
2.46793 -5.93184
2.4752 -5.9286
2.48298 -5.92652
2.48977 -5.92217
2.49701 -5.91887
2.50431 -5.9157
2.51157 -5.91242
2.51894 -5.90941
2.5266 -5.90706
2.53369 -5.9034
2.54129 -5.90092
2.54831 -5.89711
2.55554 -5.89378
2.56273 -5.89035
2.5698 -5.88665
2.57749 -5.88437
2.58484 -5.88131
2.59175 -5.87725
2.59915 -5.87431
2.60677 -5.87184
2.61398 -5.86848
2.62117 -5.86505
2.6282 -5.86127
2.63607 -5.85939
2.64334 -5.85614
2.65067 -5.85305
2.65756 -5.84892
2.66458 -5.84511
2.67245 -5.84324
2.67982 -5.84023
2.68676 -5.83623
2.69411 -5.83318
2.70157 -5.83036
2.70858 -5.82653
2.71586 -5.8233
2.72321 -5.82024
2.73073 -5.81758
2.73805 -5.81446
2.74532 -5.81121
2.75277 -5.80806
2.75307 -5.80638
2.75723 -5.8037
2.76241 -5.79756
2.76874 -5.79268
2.77415 -5.78679
2.78038 -5.7818
2.78588 -5.77601
2.79283 -5.77181
2.79798 -5.76564
2.80403 -5.76045
2.80939 -5.7545
2.81583 -5.74974
2.82188 -5.74455
2.8273 -5.73868
2.83273 -5.73281
2.83898 -5.72783
2.84569 -5.72336
2.85113 -5.71751
2.8563 -5.71137
2.86289 -5.70676
2.86898 -5.70162
2.87405 -5.69537
2.88034 -5.69044
2.88639 -5.68525
2.89189 -5.67946
2.89754 -5.67383
2.90424 -5.66935
2.91023 -5.6641
2.91493 -5.65744
2.92127 -5.65256
2.92745 -5.64751
2.93319 -5.64198
2.93913 -5.63668
2.94536 -5.63168
2.95052 -5.62552
2.95671 -5.62049
2.96295 -5.6155
2.96776 -5.60897
2.97451 -5.60454
2.97944 -5.59813
2.98567 -5.59314
2.99194 -5.58819
2.99797 -5.58298
3.00347 -5.57719
3.00885 -5.57126
3.01575 -5.567
3.02064 -5.56055
3.02752 -5.55627
3.0328 -5.55024
3.03862 -5.5448
3.0452 -5.54019
3.05048 -5.53416
3.05584 -5.52822
3.06221 -5.52338
3.0686 -5.51856
3.07438 -5.51308
3.0801 -5.50753
3.08562 -5.50176
3.0921 -5.49704
3.09768 -5.49134
3.10366 -5.48608
3.1095 -5.48066
3.11472 -5.47456
3.12093 -5.46955
3.12733 -5.46474
3.13259 -5.45869
3.13885 -5.45373
3.14411 -5.44768
3.14983 -5.44213
3.15626 -5.43735
3.16149 -5.43127
3.16762 -5.42617
3.17442 -5.4218
3.18032 -5.41645
3.18502 -5.40979
3.19199 -5.4056
3.19758 -5.39991
3.20333 -5.39439
3.20898 -5.38877
3.21494 -5.38347
3.22091 -5.3782
3.22669 -5.37271
3.23265 -5.36743
3.23891 -5.36247
3.24418 -5.35643
3.25034 -5.35136
3.25563 -5.34534
3.26164 -5.34011
3.26722 -5.33441
3.27315 -5.32909
3.2792 -5.3239
3.28577 -5.31928
3.29066 -5.31282
3.29675 -5.30768
3.30331 -5.30305
3.30816 -5.29655
3.31442 -5.29159
3.32026 -5.28617
3.3265 -5.28119
3.3319 -5.2753
3.33822 -5.2704
3.34416 -5.26508
3.35034 -5.26004
3.35579 -5.2542
3.36213 -5.24933
3.36754 -5.24344
3.37301 -5.23762
3.3797 -5.23312
3.38448 -5.22655
3.39084 -5.2217
3.3966 -5.2162
3.40233 -5.21066
3.40884 -5.20597
3.41443 -5.20027
3.42102 -5.19568
3.42574 -5.18904
3.43158 -5.18362
3.43752 -5.17831
3.44439 -5.17402
3.45022 -5.16859
3.45615 -5.16327
3.46091 -5.15667
3.46748 -5.15205
3.47364 -5.14698
3.47844 -5.14043
3.48491 -5.1357
3.49039 -5.12989
3.49749 -5.12552
3.49991 -5.1205
3.50303 -5.11596
3.50577 -5.11116
3.50988 -5.10602
3.51408 -5.10093
3.51729 -5.09516
3.52064 -5.08879
3.52475 -5.08254
3.52528 -5.07775
3.5267 -5.07295
3.52646 -5.06511
3.52639 -5.05728
3.52574 -5.04945
3.52605 -5.04161
3.52538 -5.03378
3.52474 -5.02596
3.5242 -5.01813
3.52497 -5.01028
3.5243 -5.00245
3.52422 -4.99462
3.52394 -4.98678
3.52551 -4.97892
3.52367 -4.97111
3.52403 -4.96327
3.52404 -4.95544
3.52428 -4.9476
3.52482 -4.93975
3.52453 -4.93192
3.52433 -4.92408
3.52294 -4.91627
3.52318 -4.90843
3.52427 -4.90058
3.52369 -4.89275
3.52318 -4.88492
3.52242 -4.87709
3.52378 -4.86924
3.52303 -4.86141
3.52262 -4.85358
3.52237 -4.84575
3.52353 -4.83789
3.52273 -4.83007
3.52312 -4.82222
3.52254 -4.8144
3.52222 -4.80656
3.52108 -4.79874
3.5212 -4.79091
3.52147 -4.78306
3.52088 -4.77524
3.52096 -4.76768
3.51975 -4.7625
3.51535 -4.75888
3.51288 -4.75361
3.50918 -4.74951
3.50453 -4.74627
3.50164 -4.74142
3.49673 -4.73837
3.4928 -4.73441
3.48959 -4.72977
3.48425 -4.72549
3.47981 -4.72033
3.47526 -4.71528
3.47456 -4.7137
3.46877 -4.70821
3.46182 -4.704
3.45632 -4.69817
3.45071 -4.69247
3.44438 -4.68757
3.43804 -4.68268
3.43267 -4.67671
3.42627 -4.67189
3.42005 -4.66687
3.41452 -4.66107
3.40817 -4.6562
3.40336 -4.64959
3.39687 -4.64488
3.3909 -4.63957
3.38431 -4.63497
3.37832 -4.62969
3.37247 -4.62425
3.36694 -4.61846
3.36063 -4.61354
3.35522 -4.60761
3.34886 -4.60274
3.34335 -4.59692
3.3375 -4.59149
3.33068 -4.58714
3.32486 -4.58167
3.31951 -4.57567
3.31276 -4.57124
3.30684 -4.56588
3.30111 -4.56032
3.2951 -4.55506
3.28887 -4.55005
3.28286 -4.5448
3.27684 -4.53955
3.27201 -4.53296
3.26521 -4.52859
3.25938 -4.52313
3.25392 -4.51726
3.24822 -4.51165
3.24212 -4.5065
3.23566 -4.50174
3.22963 -4.49651
3.22333 -4.49159
3.2182 -4.48534
3.21245 -4.47978
3.20614 -4.47487
3.20048 -4.46922
3.19384 -4.46467
3.18854 -4.45861
3.18248 -4.45342
3.17596 -4.44872
3.17066 -4.44268
3.16385 -4.43832
3.15863 -4.43218
3.15171 -4.42794
3.14628 -4.42203
3.13971 -4.4174
3.13474 -4.41098
3.12821 -4.4063
3.1226 -4.40059
3.11678 -4.39513
3.1106 -4.39006
3.10392 -4.38556
3.09844 -4.37971
3.09201 -4.37492
3.08602 -4.36964
3.08006 -4.36432
3.07492 -4.35809
3.06923 -4.35247
3.06307 -4.34739
3.05673 -4.3425
3.05125 -4.33665
3.04535 -4.33126
3.03827 -4.32722
3.03251 -4.32168
3.02678 -4.3161
3.02049 -4.31116
3.01524 -4.30505
3.00942 -4.29959
3.00279 -4.29502
2.99749 -4.28897
2.99119 -4.28404
2.98447 -4.27958
2.97864 -4.27412
2.97328 -4.26813
2.96656 -4.26367
2.96085 -4.25807
2.95552 -4.25206
2.94885 -4.24754
2.94335 -4.24172
2.93767 -4.23609
2.93194 -4.23051
2.9258 -4.22541
2.91954 -4.22042
2.91284 -4.21595
2.90792 -4.20946
2.90138 -4.2048
2.89604 -4.19879
2.89026 -4.19328
2.88301 -4.18941
2.87767 -4.1834
2.87126 -4.1786
2.86531 -4.17327
2.86022 -4.16698
2.85399 -4.16197
2.84814 -4.15653
2.84133 -4.15218
2.8358 -4.14638
2.8303 -4.14055
2.82347 -4.13622
2.81806 -4.13028
2.81184 -4.12526
2.80644 -4.11932
2.79989 -4.11467
2.79455 -4.10866
2.78827 -4.10371
2.78289 -4.09774
2.77608 -4.09339
2.76968 -4.08857
2.76376 -4.08321
2.75902 -4.07653
2.75225 -4.07212
2.74674 -4.06631
2.74097 -4.06078
2.73496 -4.05552
2.72905 -4.05016
2.72228 -4.04574
2.71724 -4.0394
2.71092 -4.03449
2.7045 -4.02969
2.69899 -4.02388
2.69334 -4.01822
2.68721 -4.01309
2.68044 -4.00869
2.67542 -4.00232
2.66921 -3.99729
2.66262 -3.99268
2.65654 -3.98751
2.65136 -3.98131
2.64462 -3.97688
2.63952 -3.9706
2.6327 -3.96626
2.62649 -3.96122
2.62155 -3.95476
2.61573 -3.94929
2.60944 -3.94435
2.60261 -3.94001
2.59731 -3.93396
2.59104 -3.929
2.58475 -3.92406
2.57973 -3.91768
2.57343 -3.91275
2.56811 -3.90672
2.56105 -3.90264
2.55593 -3.89638
2.54978 -3.89129
2.54343 -3.88642
2.53725 -3.88134
2.53116 -3.87619
2.52515 -3.87092
2.52023 -3.86444
2.51429 -3.8591
2.50792 -3.85425
2.50199 -3.84891
2.4957 -3.84396
2.48986 -3.83852
2.48339 -3.83377
2.47755 -3.82833
2.47241 -3.8221
2.4656 -3.81773
2.46012 -3.81189
2.45389 -3.80687
2.44806 -3.80141
2.4425 -3.79565
2.4357 -3.79129
2.43085 -3.78472
2.42477 -3.77954
2.41836 -3.77474
2.41259 -3.76921
2.40685 -3.76365
2.40005 -3.75928
2.39384 -3.75425
2.38783 -3.74899
2.38294 -3.74247
2.37604 -3.73822
2.37027 -3.73269
2.36473 -3.72691
2.35852 -3.72187
2.35288 -3.7162
2.34704 -3.71075
2.34068 -3.70589
2.33449 -3.70084
2.32899 -3.69501
2.32222 -3.6906
2.31704 -3.68442
2.31106 -3.67913
2.30487 -3.67407
2.29865 -3.66905
2.29236 -3.6641
2.28699 -3.65813
2.28072 -3.65317
2.27577 -3.64672
2.26946 -3.6418
2.26351 -3.63648
2.25709 -3.63168
2.2513 -3.62617
2.24579 -3.62035
2.23951 -3.6154
2.23346 -3.61019
2.22685 -3.60561
2.22148 -3.59963
2.21508 -3.59481
2.20903 -3.58961
2.20396 -3.58328
2.19799 -3.57798
2.19171 -3.57303
2.18553 -3.56797
2.17913 -3.56315
2.17406 -3.55683
2.16785 -3.5518
2.16201 -3.54635
2.15604 -3.54105
2.14924 -3.53668
2.14355 -3.53107
2.13747 -3.52589
2.13149 -3.52059
2.1263 -3.51442
2.12 -3.50949
2.11358 -3.5047
2.10867 -3.4982
2.10168 -3.49405
2.09647 -3.48789
2.09006 -3.48308
2.08366 -3.47827
2.07859 -3.47195
2.07264 -3.46663
2.06684 -3.46113
2.06063 -3.4561
2.05495 -3.45048
2.04873 -3.44545
2.04203 -3.44097
2.03628 -3.43543
2.03096 -3.42939
2.02507 -3.424
2.01821 -3.4197
2.01266 -3.41392
2.00724 -3.40801
2.00016 -3.40394
1.99425 -3.39858
1.98842 -3.39312
1.98261 -3.38763
1.97725 -3.38165
1.97126 -3.37637
1.96536 -3.37099
1.95881 -3.36634
1.95314 -3.36071
1.94761 -3.3549
1.94045 -3.35094
1.93551 -3.34448
1.92937 -3.33937
1.92345 -3.33402
1.91752 -3.32866
1.91173 -3.32316
1.90552 -3.31813
1.89947 -3.31292
1.89268 -3.30854
1.88789 -3.30191
1.88193 -3.2966
1.87584 -3.29143
1.86976 -3.28626
1.8633 -3.2815
1.857 -3.27656
1.85182 -3.27038
1.84568 -3.26527
1.83986 -3.2598
1.83364 -3.25477
1.82724 -3.24996
1.82166 -3.24422
1.81624 -3.2383
1.80926 -3.23413
1.80371 -3.22836
1.79825 -3.22248
1.7918 -3.21772
1.78585 -3.21239
1.77988 -3.20709
1.77341 -3.20236
1.76796 -3.19647
1.76216 -3.19097
1.75625 -3.1856
1.75076 -3.17976
1.74374 -3.17564
1.73754 -3.1706
1.73191 -3.16491
1.7257 -3.15989
1.7205 -3.15372
1.71366 -3.1494
1.70771 -3.14407
1.70189 -3.1386
1.69645 -3.13271
1.69048 -3.1274
1.68392 -3.12277
1.67803 -3.11737
1.67262 -3.11144
1.66653 -3.10627
1.66074 -3.10077
1.65475 -3.09549
1.64878 -3.09019
1.64334 -3.08429
1.6368 -3.07963
1.6305 -3.0747
1.62459 -3.06932
1.61898 -3.06362
1.61327 -3.05803
1.60705 -3.05301
1.60121 -3.04756
1.59488 -3.04266
1.58846 -3.03786
1.58351 -3.03142
1.57688 -3.02685
1.57085 -3.02163
1.56582 -3.01526
1.55921 -3.01068
1.55279 -3.00589
1.5474 -2.99993
1.54113 -2.99497
1.53578 -2.98897
1.52972 -2.98377
1.52283 -2.9795
1.51773 -2.97322
1.51153 -2.96817
1.50531 -2.96315
1.49977 -2.95738
1.49345 -2.95247
1.48749 -2.94715
1.48199 -2.94131
1.47624 -2.93577
1.4695 -2.93134
1.46347 -2.9261
1.45839 -2.9198
1.45179 -2.91521
1.44629 -2.90937
1.44021 -2.9042
1.4343 -2.89882
1.42779 -2.89413
1.42189 -2.88875
1.41544 -2.88399
1.40997 -2.87812
1.40344 -2.87345
1.39862 -2.86685
1.39273 -2.86147
1.38576 -2.85729
1.38042 -2.85128
1.3749 -2.84547
1.3678 -2.84144
1.36234 -2.83557
1.35617 -2.83049
1.35017 -2.82522
1.34497 -2.81905
1.33849 -2.81432
1.33201 -2.8096
1.32627 -2.80404
1.32102 -2.79793
1.31496 -2.79273
1.30883 -2.7876
1.30238 -2.78284
1.2962 -2.77777
1.29041 -2.77227
1.28475 -2.76662
1.27844 -2.7617
1.27294 -2.75587
1.26662 -2.75096
1.26063 -2.74568
1.25486 -2.74016
1.2493 -2.73439
1.24337 -2.72905
1.2374 -2.72374
1.23153 -2.71833
1.22544 -2.71316
1.21902 -2.70837
1.21293 -2.70319
1.2077 -2.69707
1.20073 -2.69289
1.19543 -2.68683
1.1894 -2.68159
1.18361 -2.67609
1.17675 -2.67179
1.17195 -2.66518
1.16533 -2.66061
1.15935 -2.65532
1.15285 -2.65061
1.14765 -2.64444
1.14213 -2.63864
1.13582 -2.63371
1.12981 -2.62845
1.12416 -2.62279
1.11759 -2.61817
1.11181 -2.61265
1.10583 -2.60736
1.09921 -2.6028
1.09342 -2.59729
1.08844 -2.59087
1.08186 -2.58626
1.07621 -2.58059
1.07063 -2.57485
1.06428 -2.56997
1.05856 -2.5644
1.05187 -2.55991
1.04547 -2.55509
1.04075 -2.54838
1.03391 -2.54405
1.02812 -2.53855
1.0226 -2.53274
1.01608 -2.52806
1.01014 -2.52272
1.00436 -2.51721
0.997757 -2.51262
0.992803 -2.50617
0.986385 -2.50138
0.980987 -2.49543
0.973959 -2.49132
0.96852 -2.48542
0.96202 -2.48071
0.956085 -2.47537
0.951292 -2.46875
0.944325 -2.46457
0.939352 -2.45814
0.932836 -2.45346
0.926809 -2.44822
0.920352 -2.44346
0.915146 -2.4373
0.908976 -2.43223
0.903509 -2.42636
0.896317 -2.42243
0.890787 -2.41663
0.885331 -2.41076
0.87971 -2.40506
0.87374 -2.39976
0.866851 -2.39549
0.860988 -2.39007
0.855834 -2.38385
0.8499 -2.37851
0.843369 -2.37384
0.836778 -2.36923
0.830735 -2.36401
0.825232 -2.35818
0.819827 -2.35225
0.813821 -2.34699
0.807055 -2.34258
0.801073 -2.33729
0.795344 -2.33172
0.789371 -2.32642
0.783671 -2.32082
0.777986 -2.31519
0.771084 -2.31094
0.76615 -2.30447
0.759811 -2.29959
0.7534 -2.29478
0.747198 -2.28974
0.74152 -2.28411
0.736021 -2.27828
0.729679 -2.27339
0.724234 -2.2675
0.717849 -2.26267
0.711609 -2.25767
0.706108 -2.25184
0.70059 -2.24603
0.69468 -2.24066
0.688062 -2.23609
0.681687 -2.23124
0.675761 -2.22589
0.670767 -2.21949
0.664482 -2.21454
0.658022 -2.20979
0.652 -2.20455
0.646267 -2.19898
0.639938 -2.19408
0.633882 -2.18888
0.629119 -2.18217
0.627836 -2.18272
0.621595 -2.17776
0.61516 -2.17305
0.609142 -2.16781
0.603229 -2.16245
0.596626 -2.15794
0.590971 -2.15226
0.584897 -2.14709
0.577867 -2.14312
0.572307 -2.13731
0.566072 -2.13235
0.55964 -2.12763
0.553528 -2.12251
0.546942 -2.11798
0.541232 -2.11237
0.534731 -2.10773
0.528932 -2.10223
0.522696 -2.09726
0.51598 -2.0929
0.50956 -2.08817
0.503551 -2.08292
0.497225 -2.07807
0.491849 -2.07204
0.4853 -2.06746
0.478498 -2.0632
0.472974 -2.05736
0.466816 -2.0523
0.459963 -2.0481
0.453851 -2.04298
0.447215 -2.03852
0.442037 -2.03224
0.435281 -2.02792
0.429523 -2.02237
0.422423 -2.01848
0.41669 -2.01289
0.409934 -2.00857
0.403755 -2.00354
0.398379 -1.99751
0.392212 -1.99246
0.385502 -1.98809
0.379387 -1.98297
0.372933 -1.97828
0.367442 -1.97239
0.360893 -1.96782
0.354263 -1.96334
0.347793 -1.95867
0.342298 -1.95279
0.335342 -1.94872
0.32925 -1.94358
0.323002 -1.93863
0.317281 -1.93303
0.31082 -1.92834
0.304767 -1.92315
0.298637 -1.91806
0.292122 -1.91344
0.285675 -1.90874
0.280444 -1.90253
0.274399 -1.89733
0.267616 -1.89305
0.261204 -1.8883
0.254801 -1.88355
0.249329 -1.87763
0.242836 -1.87299
0.236032 -1.86874
0.229837 -1.86372
0.223985 -1.85828
0.217638 -1.85346
0.211706 -1.84812
0.205259 -1.84342
0.198852 -1.83867
0.193318 -1.83283
0.187104 -1.82784
0.180869 -1.82287
0.173945 -1.81877
0.168484 -1.81284
0.161904 -1.80831
0.156334 -1.80251
0.149442 -1.79837
0.143397 -1.79317
0.13708 -1.78831
0.130499 -1.78377
0.125032 -1.77785
0.118303 -1.7735
0.111772 -1.76891
0.106211 -1.7631
0.100132 -1.75795
0.0940916 -1.75274
0.0873542 -1.7484
0.0813771 -1.74312
0.0753704 -1.73787
0.068492 -1.7337
0.0622146 -1.72879
0.0565371 -1.72313
0.0502369 -1.71825
0.0435975 -1.71379
0.037409 -1.70877
0.0316277 -1.70324
0.0248825 -1.69891
0.019344 -1.69308
0.0127713 -1.68854
0.00683026 -1.68321
0.000200475 -1.67873
-0.00623234 -1.67402
-0.0114157 -1.66774
-0.0183271 -1.66362
-0.0246863 -1.65881
-0.0301295 -1.65286
-0.0371654 -1.6489
-0.0431241 -1.64359
-0.0498874 -1.63928
-0.0560291 -1.6342
-0.0616998 -1.62853
-0.0684673 -1.62423
-0.0741812 -1.61949
-0.082068 -1.61803
-0.0899548 -1.61773
-0.0978416 -1.61884
-0.105728 -1.61838
-0.113615 -1.61866
-0.121502 -1.61915
-0.129389 -1.61789
-0.137276 -1.61925
-0.145162 -1.61893
-0.153049 -1.61827
-0.160936 -1.61797
-0.168823 -1.6179
-0.17671 -1.61934
-0.184596 -1.6181
-0.192483 -1.61949
-0.200707 -1.61821
-0.206807 -1.62338
-0.212886 -1.62858
-0.219231 -1.63345
-0.224646 -1.63946
-0.230977 -1.64435
-0.236891 -1.64975
-0.244223 -1.65341
-0.249931 -1.65907
-0.256492 -1.66367
-0.262194 -1.66933
-0.268867 -1.6738
-0.274613 -1.67941
-0.280827 -1.68444
-0.28686 -1.6897
-0.293505 -1.6942
-0.29991 -1.699
-0.305313 -1.70502
-0.311779 -1.70975
-0.317825 -1.71499
-0.32367 -1.72047
-0.330692 -1.72452
-0.337093 -1.72932
-0.34333 -1.73432
-0.349524 -1.73938
-0.355563 -1.74463
-0.361071 -1.75052
-0.366951 -1.75596
-0.373202 -1.76095
-0.379899 -1.76539
-0.385646 -1.771
-0.392716 -1.77498
-0.399048 -1.77987
-0.404611 -1.7857
-0.41063 -1.79097
-0.416698 -1.79618
-0.4232 -1.80086
-0.428848 -1.80659
-0.435117 -1.81155
-0.441485 -1.8164
-0.447572 -1.82159
-0.45455 -1.82568
-0.460318 -1.83126
-0.466112 -1.83681
-0.473327 -1.84062
-0.478649 -1.84674
-0.485399 -1.85112
-0.491082 -1.8568
-0.497872 -1.86113
-0.50389 -1.8664
-0.509937 -1.87164
-0.516081 -1.87676
-0.522525 -1.88151
-0.528889 -1.88635
-0.534076 -1.89264
-0.540354 -1.8976
-0.547635 -1.90133
-0.553752 -1.90648
-0.5599 -1.91159
-0.565523 -1.91735
-0.57234 -1.92164
-0.577371 -1.92812
-0.5837 -1.93301
-0.589778 -1.93821
-0.596542 -1.94257
-0.602589 -1.94781
-0.609163 -1.9524
-0.614546 -1.95845
-0.621686 -1.96235
-0.627563 -1.96779
-0.633742 -1.97287
-0.640004 -1.97784
-0.645661 -1.98356
-0.651794 -1.98869
-0.659021 -1.99248
-0.664389 -1.99855
-0.6714 -2.00261
-0.677202 -2.00814
-0.682913 -2.01379
-0.68891 -2.01909
-0.69585 -2.02323
-0.701848 -2.02853
-0.708124 -2.03349
-0.714002 -2.03893
-0.720588 -2.04351
-0.726112 -2.04939
-0.732315 -2.05443
-0.738719 -2.05923
-0.745496 -2.06358
-0.7511 -2.06936
-0.757493 -2.07417
-0.763605 -2.07933
-0.76981 -2.08437
-0.775726 -2.08977
-0.781998 -2.09473
-0.788559 -2.09934
-0.794866 -2.10426
-0.800638 -2.10983
-0.807336 -2.11427
-0.813539 -2.11932
-0.818823 -2.12549
-0.825533 -2.12991
-0.831901 -2.13476
-0.837754 -2.14023
-0.844422 -2.14471
-0.850191 -2.15028
-0.856103 -2.15569
-0.862765 -2.16017
-0.869318 -2.16479
-0.874904 -2.17059
-0.880787 -2.17603
-0.887522 -2.18042
-0.893536 -2.1857
-0.900447 -2.18988
-0.905784 -2.19599
-0.912484 -2.20045
-0.914132 -2.20203
-0.920309 -2.20711
-0.926231 -2.21247
-0.931171 -2.21891
-0.938248 -2.22299
-0.943602 -2.22898
-0.949223 -2.23468
-0.954839 -2.24037
-0.961177 -2.24527
-0.967543 -2.25014
-0.972976 -2.25604
-0.978861 -2.26144
-0.985653 -2.26584
-0.990342 -2.27256
-0.997582 -2.27646
-1.00292 -2.28246
-1.00845 -2.28826
-1.01495 -2.29298
-1.02023 -2.29906
-1.02706 -2.3034
-1.03184 -2.31003
-1.03879 -2.31425
-1.04419 -2.32019
-1.04965 -2.32606
-1.05633 -2.33058
-1.06179 -2.33645
-1.06805 -2.34144
-1.0737 -2.34709
-1.08017 -2.35185
-1.08527 -2.35811
-1.09148 -2.36316
-1.09721 -2.36874
-1.10373 -2.37343
-1.10954 -2.37892
-1.11487 -2.38492
-1.12109 -2.38996
-1.12688 -2.39547
-1.13329 -2.40028
-1.13974 -2.40506
-1.14502 -2.41113
-1.1513 -2.41609
-1.15707 -2.42162
-1.16259 -2.42742
-1.16847 -2.43283
-1.17485 -2.43768
-1.18101 -2.44277
-1.1868 -2.44828
-1.19275 -2.45361
-1.19844 -2.45923
-1.20463 -2.46429
-1.21027 -2.46997
-1.21687 -2.47457
-1.22261 -2.48013
-1.22766 -2.48645
-1.23426 -2.49107
-1.23993 -2.4967
-1.24574 -2.50219
-1.25229 -2.50686
-1.25783 -2.51263
-1.26352 -2.51825
-1.26957 -2.52346
-1.2759 -2.52837
-1.28119 -2.53444
-1.28727 -2.53962
-1.29323 -2.54493
-1.29904 -2.55041
-1.30541 -2.55529
-1.31119 -2.5608
-1.31719 -2.56607
-1.32313 -2.57141
-1.32835 -2.57755
-1.33468 -2.58245
-1.34062 -2.5878
-1.34616 -2.59358
-1.35309 -2.59783
-1.3588 -2.60342
-1.36469 -2.60881
-1.37049 -2.6143
-1.37639 -2.61969
-1.38192 -2.62548
-1.38881 -2.62977
-1.39445 -2.63544
-1.4002 -2.64099
-1.40641 -2.64603
-1.41207 -2.65168
-1.41721 -2.6579
-1.42379 -2.66254
-1.43032 -2.66722
-1.43506 -2.67389
-1.44134 -2.67886
-1.4474 -2.68406
-1.45324 -2.68951
-1.45909 -2.69495
-1.4647 -2.70065
-1.47109 -2.7055
-1.47744 -2.71038
-1.48244 -2.71676
-1.48828 -2.72221
-1.4944 -2.72735
-1.50035 -2.73268
-1.50641 -2.73789
-1.51315 -2.74235
-1.51871 -2.7481
-1.52439 -2.75374
-1.52996 -2.75948
-1.53576 -2.76498
-1.54167 -2.77034
-1.54762 -2.77568
-1.55419 -2.78032
-1.55995 -2.78585
-1.56661 -2.7904
-1.57209 -2.79625
-1.57848 -2.80108
-1.58329 -2.80768
-1.58911 -2.81315
-1.59534 -2.81817
-1.60213 -2.82257
-1.60702 -2.82907
-1.61279 -2.8346
-1.61993 -2.83861
-1.62572 -2.84411
-1.63066 -2.85056
-1.63678 -2.8557
-1.64281 -2.86095
-1.64955 -2.8654
-1.65522 -2.87103
-1.66132 -2.8762
-1.66724 -2.88155
-1.67335 -2.88671
-1.67848 -2.89294
-1.68482 -2.89785
-1.69057 -2.90339
-1.69636 -2.90889
-1.70242 -2.9141
-1.70869 -2.91908
-1.71399 -2.92512
-1.72052 -2.92981
-1.72544 -2.93628
-1.73182 -2.94114
-1.73729 -2.94699
-1.74332 -2.95224
-1.75029 -2.95643
-1.75558 -2.96249
-1.76199 -2.96731
-1.76797 -2.9726
-1.77356 -2.97833
-1.77879 -2.98446
-1.78592 -2.98848
-1.79102 -2.99475
-1.79741 -2.99959
-1.80306 -3.00525
-1.80886 -3.01075
-1.81555 -3.01526
-1.82076 -3.0214
-1.82681 -3.02662
-1.83272 -3.032
-1.83827 -3.03776
-1.84415 -3.04317
-1.85088 -3.04764
-1.85693 -3.05286
-1.86206 -3.05909
-1.86871 -3.06364
-1.87359 -3.07016
-1.88006 -3.07491
-1.8865 -3.07969
-1.89159 -3.08598
-1.898 -3.09079
-1.90445 -3.09557
-1.91018 -3.10114
-1.91592 -3.10671
-1.92144 -3.11251
-1.92727 -3.11797
-1.93408 -3.12234
-1.93985 -3.12787
-1.94558 -3.13345
-1.95087 -3.1395
-1.95665 -3.14502
-1.96272 -3.15021
-1.96963 -3.15448
-1.97508 -3.16036
-1.98033 -3.16647
-1.98742 -3.17053
-1.99216 -3.1772
-1.99903 -3.18151
-2.00413 -3.18778
-2.01118 -3.19189
-2.01594 -3.19854
-2.02198 -3.20377
-2.02882 -3.20811
-2.03406 -3.21422
-2.03992 -3.21965
-2.04598 -3.22486
-2.05273 -3.2293
-2.05785 -3.23555
-2.06375 -3.24093
-2.0693 -3.2467
-2.07608 -3.25112
-2.08215 -3.2563
-2.08705 -3.2628
-2.09302 -3.26811
-2.09958 -3.27276
-2.10518 -3.27848
-2.11152 -3.28337
-2.11456 -3.28599
-2.11437 -3.28617
-2.11386 -3.28671
-2.11338 -3.28729
-2.11293 -3.2879
-2.11253 -3.28854
-2.11216 -3.28919
-2.11184 -3.28988
-2.11156 -3.29057
-2.11133 -3.29129
-2.11114 -3.29202
-2.11099 -3.29276
-2.1109 -3.2935
-2.11085 -3.29426
-2.11084 -3.29501
-2.11089 -3.29576
-2.11098 -3.29651
-2.11112 -3.29725
-2.1113 -3.29798
-2.11431 -3.30846
-2.11454 -3.30917
-2.11481 -3.30987
-2.11513 -3.31055
-2.11549 -3.31121
-2.11589 -3.31185
-2.13001 -3.33173
-2.13047 -3.33232
-2.13097 -3.33288
-2.1315 -3.33341
-2.13672 -3.3383
-2.13689 -3.33846
-2.14363 -3.34453
-2.14418 -3.34499
-2.14475 -3.34542
-2.14534 -3.34581
-2.14596 -3.34617
-2.1466 -3.34649
-2.16098 -3.35318
-2.16163 -3.35344
-2.16229 -3.35367
-2.17913 -3.35897
-2.17985 -3.35917
-2.18057 -3.35933
-2.18131 -3.35944
-2.18205 -3.3595
-2.18279 -3.35952
-2.18353 -3.3595
-2.18427 -3.35942
-2.185 -3.35931
-2.18573 -3.35914
-2.18644 -3.35893
-2.18714 -3.35868
-2.18782 -3.35839
-2.18848 -3.35805
-2.18912 -3.35768
-2.18974 -3.35726
-2.19033 -3.35681
-2.19089 -3.35632
-2.19142 -3.3558
-2.19191 -3.35525
-2.19484 -3.35794
-2.20071 -3.36337
-2.20589 -3.36955
-2.21254 -3.37409
-2.21744 -3.38059
-2.22432 -3.38489
-2.22985 -3.39068
-2.23565 -3.39617
-2.2419 -3.40117
-2.24817 -3.40615
-2.25342 -3.41225
-2.25936 -3.41759
-2.26589 -3.42227
-2.27191 -3.42753
-2.27728 -3.4335
-2.28338 -3.43866
-2.28928 -3.44404
-2.29549 -3.44908
-2.30041 -3.45555
-2.30763 -3.45947
-2.31319 -3.46524
-2.31876 -3.47098
-2.32412 -3.47696
-2.33132 -3.48091
-2.33608 -3.48756
-2.34316 -3.49164
-2.34866 -3.49746
-2.35458 -3.50282
-2.36068 -3.50798
-2.36611 -3.51389
-2.37219 -3.51907
-2.37807 -3.52448
-2.38455 -3.52922
-2.39028 -3.53479
-2.39593 -3.54045
-2.40122 -3.54652
-2.40821 -3.55069
-2.41386 -3.55636
-2.42004 -3.56142
-2.42617 -3.56656
-2.43105 -3.57306
-2.43764 -3.57769
-2.44275 -3.58394
-2.44937 -3.58854
-2.45543 -3.59374
-2.46061 -3.59992
-2.46763 -3.60406
-2.47229 -3.61082
-2.47847 -3.61589
-2.48534 -3.6202
-2.49079 -3.62609
-2.49731 -3.63079
-2.50247 -3.63699
-2.50888 -3.64181
-2.51436 -3.64765
-2.52066 -3.6526
-2.52653 -3.65801
-2.53187 -3.66401
-2.53835 -3.66875
-2.54461 -3.67374
-2.5506 -3.67903
-2.55639 -3.68454
-2.56168 -3.69059
-2.5682 -3.69529
-2.57325 -3.70162
-2.57968 -3.70641
-2.58556 -3.71182
-2.59085 -3.71788
-2.59713 -3.72284
-2.60313 -3.72811
-2.60943 -3.73305
-2.61497 -3.73883
-2.62126 -3.74379
-2.62658 -3.74981
-2.63243 -3.75526
-2.63889 -3.76001
-2.64492 -3.76526
-2.65114 -3.77029
-2.65633 -3.77646
-2.66265 -3.78138
-2.66893 -3.78634
-2.67425 -3.79236
-2.67989 -3.79804
-2.68654 -3.80258
-2.69257 -3.80783
-2.69769 -3.81408
-2.70367 -3.81937
-2.71045 -3.82378
-2.7159 -3.82966
-2.7213 -3.8356
-2.72741 -3.84075
-2.73387 -3.84551
-2.74028 -3.85033
-2.74595 -3.85597
-2.75192 -3.86128
-2.75692 -3.86765
-2.76306 -3.87278
-2.76938 -3.8777
-2.77582 -3.88248
-2.78179 -3.88778
-2.78731 -3.8936
-2.79252 -3.89974
-2.79856 -3.90497
-2.80447 -3.91035
-2.81036 -3.91574
-2.81622 -3.92116
-2.82233 -3.92631
-2.8292 -3.93063
-2.83444 -3.93674
-2.84003 -3.94247
-2.84705 -3.94661
-2.85194 -3.95312
-2.858 -3.95832
-2.86447 -3.96308
-2.86962 -3.96929
-2.8759 -3.97425
-2.88237 -3.979
-2.88737 -3.98539
-2.89339 -3.99063
-2.89999 -3.99525
-2.90623 -4.00025
-2.91121 -4.00665
-2.91817 -4.01086
-2.92343 -4.01695
-2.92991 -4.0217
-2.93528 -4.02766
-2.941 -4.03325
-2.94674 -4.03882
-2.9526 -4.04424
-2.95925 -4.04879
-2.96499 -4.05435
-2.97109 -4.05952
-2.97726 -4.0646
-2.98325 -4.06989
-2.98889 -4.07555
-2.99487 -4.08085
-3.00062 -4.0864
-3.00601 -4.09236
-3.012 -4.09764
-3.01798 -4.10293
-3.02411 -4.10806
-3.0299 -4.11356
-3.03544 -4.11935
-3.04229 -4.12368
-3.04854 -4.12868
-3.05434 -4.13417
-3.06002 -4.1398
-3.06539 -4.14577
-3.07137 -4.15107
-3.07708 -4.15666
-3.08354 -4.16142
-3.08956 -4.16667
-3.09512 -4.17244
-3.10137 -4.17742
-3.10717 -4.18293
-3.11381 -4.18748
-3.11942 -4.19319
-3.12459 -4.19938
-3.1315 -4.20366
-3.13637 -4.21017
-3.14294 -4.21482
-3.1492 -4.2198
-3.15464 -4.2257
-3.16083 -4.23076
-3.16645 -4.23645
-3.17233 -4.24186
-3.17783 -4.24769
-3.18417 -4.25258
-3.19048 -4.25751
-3.1959 -4.26343
-3.20152 -4.26912
-3.20861 -4.27318
-3.21438 -4.27872
-3.22047 -4.28389
-3.22634 -4.2893
-3.23207 -4.29487
-3.23703 -4.3013
-3.24417 -4.30531
-3.24954 -4.31128
-3.25585 -4.31622
-3.26183 -4.32151
-3.26678 -4.32795
-3.2733 -4.33264
-3.27901 -4.33823
-3.28495 -4.34358
-3.29079 -4.34903
-3.29728 -4.35375
-3.30235 -4.36006
-3.30912 -4.36447
-3.31448 -4.37046
-3.32047 -4.37574
-3.32683 -4.38062
-3.3323 -4.38648
-3.33882 -4.39118
-3.34459 -4.3967
-3.35004 -4.40259
-3.35617 -4.40771
-3.36165 -4.41356
-3.36776 -4.41871
-3.37427 -4.42342
-3.3801 -4.42889
-3.38528 -4.43506
-3.3921 -4.43943
-3.39829 -4.4445
-3.40324 -4.45093
-3.40961 -4.45579
-3.41502 -4.46172
-3.42108 -4.46693
-3.42746 -4.47177
-3.43364 -4.47685
-3.43882 -4.48303
-3.44477 -4.48837
-3.45065 -4.49377
-3.45755 -4.49805
-3.46307 -4.50384
-3.46878 -4.50944
-3.4746 -4.51491
-3.48121 -4.51951
-3.4862 -4.52591
-3.49282 -4.53049
-3.49829 -4.53635
-3.50468 -4.54119
-3.51019 -4.54701
-3.51559 -4.55295
-3.52272 -4.55697
-3.52863 -4.56234
-3.53366 -4.56868
-3.53938 -4.57427
-3.54537 -4.57955
-3.55137 -4.58482
-3.55723 -4.59025
-3.56325 -4.59551
-3.56914 -4.6009
-3.57609 -4.60512
-3.58188 -4.61063
-3.58776 -4.61603
-3.59357 -4.62152
-3.59932 -4.62707
-3.60574 -4.63187
-3.61125 -4.63769
-3.61766 -4.64251
-3.6226 -4.64896
-3.62924 -4.65352
-3.63448 -4.65964
-3.64138 -4.66392
-3.64642 -4.67025
-3.65248 -4.67545
-3.65875 -4.68043
-3.66414 -4.68638
-3.67093 -4.69078
-3.67617 -4.69689
-3.68156 -4.70284
-3.68786 -4.70778
-3.69391 -4.713
-3.69983 -4.71836
-3.70645 -4.72294
-3.71233 -4.72835
-3.71713 -4.73495
-3.72338 -4.73995
-3.72991 -4.74463
-3.73507 -4.75084
-3.74084 -4.75636
-3.74771 -4.76068
-3.75374 -4.76591
-3.75935 -4.77162
-3.7658 -4.77639
-3.77083 -4.78275
-3.77727 -4.78758
-3.78164 -4.79213
-3.78542 -4.79719
-3.78884 -4.80253
-3.79417 -4.80837
-3.79875 -4.81482
-3.80508 -4.81984
-3.81009 -4.82598
-3.81244 -4.83183
-3.81713 -4.83592
-3.8209 -4.84072
-3.82406 -4.84497
-3.82712 -4.84942
-3.8288 -4.85597
-3.8324 -4.86173
-3.83207 -4.86959
-3.83258 -4.87745
-3.83308 -4.88531
-3.83293 -4.89318
-3.83153 -4.90105
-3.83205 -4.90891
-3.83262 -4.91677
-3.83203 -4.92463
-3.8324 -4.93249
-3.83197 -4.94036
-3.83196 -4.94822
-3.83299 -4.95608
-3.83326 -4.96394
-3.83354 -4.9718
-3.8323 -4.97967
-3.83381 -4.98752
-3.83423 -4.99538
-3.83272 -5.00326
-3.83418 -5.01111
-3.83272 -5.01898
-3.83322 -5.02684
-3.83365 -5.0347
-3.83378 -5.04256
-3.83403 -5.05042
-3.83333 -5.05829
-3.83369 -5.06615
-3.83452 -5.07401
-3.83437 -5.08187
-3.83423 -5.08974
-3.83363 -5.09696
-3.82892 -5.10305
-3.82594 -5.10581
-3.82329 -5.10893
-3.81736 -5.1133
-3.81275 -5.11911
-3.80776 -5.12342
-3.8019 -5.12678
-3.79727 -5.13148
-3.79215 -5.13566
-3.78729 -5.14044
-3.78219 -5.14495
-3.77697 -5.15104
-3.7709 -5.15617
-3.76533 -5.16186
-3.75831 -5.16592
-3.75302 -5.17193
-3.74725 -5.17739
-3.74168 -5.18308
-3.73471 -5.1872
-3.72907 -5.1928
-3.72336 -5.19834
-3.7168 -5.20292
-3.71174 -5.20918
-3.70559 -5.21422
-3.6998 -5.21966
-3.69413 -5.22524
-3.68803 -5.23034
-3.68219 -5.23573
-3.67531 -5.23994
-3.66936 -5.2452
-3.66371 -5.2508
-3.65785 -5.25617
-3.65176 -5.26128
-3.64673 -5.26758
-3.63979 -5.27172
-3.63429 -5.2775
-3.62786 -5.28222
-3.62176 -5.28731
-3.6161 -5.29291
-3.60997 -5.29796
-3.60444 -5.3037
-3.5982 -5.30864
-3.59309 -5.31484
-3.58652 -5.31941
-3.58041 -5.3245
-3.57542 -5.33084
-3.56882 -5.33538
-3.56266 -5.3404
-3.5573 -5.34632
-3.55163 -5.3519
-3.54507 -5.35648
-3.53909 -5.36171
-3.53376 -5.36767
-3.52676 -5.37176
-3.52123 -5.37749
-3.51505 -5.38249
-3.50956 -5.38828
-3.50416 -5.39415
-3.49745 -5.39857
-3.49147 -5.40379
-3.48549 -5.40903
-3.47938 -5.4141
-3.47354 -5.4195
-3.46754 -5.42471
-3.46212 -5.43056
-3.45609 -5.43573
-3.45027 -5.44115
-3.44478 -5.44693
-3.4381 -5.45137
-3.43545 -5.45426
-3.4352 -5.45399
-3.43466 -5.45347
-3.43409 -5.45299
-3.43349 -5.45255
-3.43286 -5.45214
-3.43221 -5.45178
-3.43153 -5.45145
-3.43084 -5.45117
-3.43013 -5.45093
-3.42941 -5.45074
-3.42868 -5.45059
-3.42794 -5.45049
-3.42719 -5.45043
-3.41618 -5.44995
-3.41545 -5.44994
-3.41472 -5.44998
-3.41399 -5.45006
-3.41326 -5.45018
-3.41255 -5.45035
-3.41184 -5.45056
-3.41115 -5.45082
-3.3892 -5.45985
-3.38853 -5.46014
-3.38788 -5.46047
-3.38725 -5.46083
-3.38664 -5.46124
-3.38606 -5.46167
-3.38551 -5.46215
-3.38499 -5.46265
-3.3845 -5.46319
-3.38404 -5.46376
-3.37501 -5.47592
-3.3746 -5.47649
-3.37422 -5.47707
-3.37387 -5.47768
-3.36476 -5.49393
-3.36444 -5.49452
-3.3567 -5.50996
-3.35639 -5.51063
-3.35612 -5.51132
-3.35589 -5.51202
-3.35571 -5.51273
-3.35557 -5.51346
-3.35548 -5.51419
-3.35543 -5.51493
-3.35543 -5.51566
-3.35547 -5.5164
-3.35556 -5.51713
-3.35569 -5.51786
-3.35586 -5.51857
-3.35608 -5.51927
-3.35635 -5.51996
-3.35665 -5.52063
-3.357 -5.52129
-3.35738 -5.52192
-3.35766 -5.52231
-3.35766 -5.52231
-3.35482 -5.52509
-3.34968 -5.53126
-3.34285 -5.53552
-3.33779 -5.54179
-3.33164 -5.54684
-3.32504 -5.55137
-3.31917 -5.55672
-3.3141 -5.56297
-3.30788 -5.56793
-3.30162 -5.57285
-3.29615 -5.57865
-3.29023 -5.58395
-3.28396 -5.58885
-3.27841 -5.59457
-3.27148 -5.59873
-3.26633 -5.60488
-3.26026 -5.61002
-3.25443 -5.61541
-3.24883 -5.62107
-3.242 -5.62535
-3.23572 -5.63023
-3.2309 -5.63677
-3.22497 -5.64205
-3.21916 -5.64748
-3.21222 -5.65163
-3.20648 -5.65712
-3.20019 -5.66201
-3.19424 -5.66727
-3.1891 -5.67345
-3.18302 -5.67857
-3.17686 -5.68359
-3.1714 -5.6894
-3.16544 -5.69465
-3.15885 -5.6992
-3.15272 -5.70426
-3.1475 -5.71034
-3.14122 -5.71524
-3.13507 -5.72028
-3.13006 -5.7266
-3.12387 -5.73159
-3.11747 -5.73635
-3.1118 -5.74193
-3.10628 -5.74768
-3.09972 -5.75226
-3.09332 -5.757
-3.08772 -5.76267
-3.08198 -5.76817
-3.07653 -5.77399
-3.07062 -5.7793
-3.06391 -5.78371
-3.0581 -5.78913
-3.05283 -5.79516
-3.04692 -5.80047
-3.04106 -5.80583
-3.03386 -5.80968
-3.02829 -5.81532
-3.02467 -5.81857
-3.02042 -5.8209
-3.01623 -5.8231
-3.00924 -5.82702
-3.00199 -5.83038
-2.99496 -5.83419
-2.98759 -5.8373
-2.98024 -5.84044
-2.97276 -5.84329
-2.9658 -5.84728
-2.95826 -5.84999
-2.95107 -5.85348
-2.94405 -5.85732
-2.93659 -5.86023
-2.92995 -5.86492
-2.92216 -5.8671
-2.91533 -5.87136
-2.90815 -5.87488
-2.90057 -5.8775
-2.89361 -5.8815
-2.88561 -5.88321
-2.87835 -5.88655
-2.87192 -5.89168
-2.86437 -5.89439
-2.85717 -5.89785
-2.84938 -5.90002
-2.84262 -5.90445
-2.83498 -5.90695
-2.82836 -5.91169
-2.82083 -5.91443
-2.8137 -5.91803
-2.80585 -5.92008
-2.79915 -5.92464
-2.79133 -5.92675
-2.78466 -5.93137
-2.77728 -5.93444
-2.76975 -5.93719
-2.76249 -5.94052
-2.75549 -5.94441
-2.74838 -5.94808
-2.74107 -5.9513
-2.73334 -5.95362
-2.72679 -5.95849
-2.71889 -5.96043
-2.71228 -5.96518
-2.70455 -5.96749
-2.69737 -5.971
-2.69051 -5.97519
-2.6831 -5.9782
-2.67558 -5.98096
-2.66807 -5.98377
-2.66101 -5.98752
-2.65368 -5.9907
-2.64648 -5.99416
-2.63951 -5.99812
-2.6324 -6.0018
-2.62481 -6.00441
-2.61719 -6.00696
-2.60993 -6.01029
-2.60302 -6.01438
-2.59574 -6.01767
-2.58887 -6.02185
-2.58098 -6.02381
-2.57407 -6.0279
-2.56699 -6.03163
-2.5593 -6.03404
-2.55193 -6.03713
-2.54524 -6.04169
-2.53804 -6.04515
-2.53066 -6.04822
-2.52319 -6.05111
-2.51641 -6.05548
-2.50895 -6.05837
-2.50141 -6.0611
-2.49465 -6.06552
-2.48728 -6.06861
-2.47965 -6.07114
-2.47236 -6.07442
-2.46555 -6.07872
-2.45838 -6.08224
-2.45077 -6.08482
-2.44313 -6.08734
-2.43625 -6.09149
-2.42907 -6.095
-2.4215 -6.09765
-2.41416 -6.10081
-2.40685 -6.10404
-2.40017 -6.10862
-2.39238 -6.11081
