2.3373 -6.10421
2.33756 -6.10393
2.34398 -6.09962
2.34936 -6.09599
2.35197 -6.09417
2.35996 -6.08871
2.36116 -6.08805
2.36797 -6.08329
2.37295 -6.08008
2.37596 -6.07783
2.38399 -6.07242
2.38461 -6.07194
2.39197 -6.06696
2.39647 -6.06407
2.40003 -6.06161
2.408 -6.05613
2.40813 -6.05593
2.41601 -6.0507
2.41995 -6.04802
2.424 -6.04524
2.43171 -6.04002
2.43203 -6.03984
2.44001 -6.03437
2.4435 -6.03206
2.44804 -6.02897
2.4552 -6.02397
2.45599 -6.02346
2.46405 -6.0181
2.46698 -6.01599
2.47197 -6.01255
2.47876 -6.00803
2.47999 -6.00713
2.48796 -6.00165
2.49046 -5.99993
2.49602 -5.99629
2.50225 -5.99197
2.50397 -5.99078
2.51202 -5.98541
2.514 -5.98396
2.51997 -5.9799
2.52574 -5.97592
2.52805 -5.97457
2.53595 -5.96898
2.53759 -5.96806
2.54403 -5.96367
2.54931 -5.96
2.55196 -5.95812
2.56005 -5.9528
2.56102 -5.95192
2.56804 -5.94735
2.5728 -5.94395
2.57596 -5.94179
2.58405 -5.93647
2.58459 -5.93598
2.59201 -5.93098
2.5964 -5.92806
2.59997 -5.92548
2.60801 -5.9201
2.60813 -5.92001
2.61606 -5.91472
2.61983 -5.91192
2.62405 -5.90928
2.63162 -5.90397
2.63201 -5.90377
2.64 -5.89831
2.6434 -5.89599
2.64795 -5.89279
2.65518 -5.88803
2.656 -5.88744
2.66404 -5.88204
2.66697 -5.88006
2.67196 -5.8765
2.67864 -5.87193
2.67999 -5.8711
2.68794 -5.86558
2.69041 -5.86394
2.69601 -5.86024
2.70217 -5.85594
2.70396 -5.85473
2.71198 -5.84931
2.71394 -5.84795
2.72005 -5.84398
2.72572 -5.83998
2.72803 -5.8385
2.73603 -5.83306
2.73745 -5.83194
2.74395 -5.8275
2.74928 -5.82403
2.75202 -5.82216
2.75998 -5.81667
2.761 -5.81597
2.76804 -5.81131
2.77276 -5.80797
2.77602 -5.80583
2.784 -5.80037
2.78453 -5.79999
2.78679 -5.79841
2.79199 -5.79475
2.79584 -5.79197
2.79655 -5.79151
2.79961 -5.7894
2.80003 -5.78907
2.80682 -5.78404
2.80796 -5.78305
2.81602 -5.77721
2.81764 -5.77605
2.82396 -5.77122
2.8284 -5.76797
2.83196 -5.7653
2.8392 -5.75996
2.84 -5.75944
2.84798 -5.75349
2.85009 -5.75205
2.85606 -5.74767
2.86083 -5.74395
2.86396 -5.74163
2.87164 -5.73594
2.872 -5.73576
2.88005 -5.72991
2.8825 -5.728
2.88797 -5.72388
2.89326 -5.71993
2.89602 -5.71804
2.90398 -5.71206
2.90417 -5.71206
2.91205 -5.70624
2.91492 -5.70397
2.92002 -5.70028
2.9257 -5.69592
2.92798 -5.69431
2.93598 -5.6884
2.9366 -5.68804
2.94394 -5.68242
2.94739 -5.68001
2.95202 -5.67661
2.95822 -5.67202
2.96001 -5.67069
2.96804 -5.6648
2.96907 -5.66408
2.97602 -5.65886
2.97978 -5.65593
2.98402 -5.65295
2.99061 -5.64796
2.99203 -5.64704
3 -5.64108
3.0015 -5.64006
3.00805 -5.63523
3.01233 -5.63208
3.01605 -5.62932
3.02312 -5.62404
3.02403 -5.62337
3.03198 -5.61738
3.03386 -5.61594
3.04001 -5.6115
3.04474 -5.60802
3.04796 -5.60551
3.05549 -5.59994
3.05596 -5.5996
3.06398 -5.59372
3.06635 -5.592
3.07206 -5.5879
3.07714 -5.58396
3.08 -5.5819
3.08799 -5.57601
3.08797 -5.57594
3.09595 -5.57
3.09879 -5.56799
3.104 -5.56416
3.10956 -5.55993
3.11198 -5.55821
3.11999 -5.5523
3.12037 -5.55192
3.12803 -5.54644
3.13127 -5.54404
3.13595 -5.54041
3.14209 -5.53605
3.14399 -5.53454
3.15204 -5.5287
3.15288 -5.52801
3.15999 -5.52272
3.16366 -5.51997
3.16797 -5.51676
3.17455 -5.51207
3.17594 -5.51082
3.18399 -5.50496
3.18535 -5.50405
3.19206 -5.49914
3.19609 -5.49595
3.20001 -5.49315
3.20695 -5.488
3.20803 -5.48726
3.21599 -5.48129
3.21776 -5.48
3.22399 -5.47537
3.22859 -5.47202
3.23206 -5.46955
3.23943 -5.46405
3.24005 -5.46361
3.24797 -5.45759
3.25022 -5.45601
3.25605 -5.45178
3.26102 -5.448
3.26402 -5.44583
3.27182 -5.43998
3.27196 -5.43983
3.27999 -5.43395
3.28268 -5.43203
3.28795 -5.42797
3.29346 -5.42399
3.296 -5.42213
3.30401 -5.41622
3.30427 -5.41598
3.31198 -5.41027
3.31511 -5.40801
3.32003 -5.40441
3.32594 -5.40004
3.32796 -5.3984
3.33604 -5.39259
3.33676 -5.39204
3.34402 -5.38665
3.34749 -5.38392
3.35203 -5.38074
3.35831 -5.37594
3.36004 -5.37484
3.36794 -5.36879
3.36917 -5.368
3.37597 -5.36291
3.38003 -5.36005
3.38397 -5.357
3.39084 -5.35206
3.39201 -5.35113
3.40002 -5.34522
3.40163 -5.34402
3.40798 -5.33925
3.41241 -5.33597
3.41595 -5.3333
3.42326 -5.32802
3.42395 -5.32738
3.43195 -5.32146
3.4341 -5.32004
3.44 -5.31561
3.44486 -5.31197
3.44794 -5.30962
3.45564 -5.30393
3.45605 -5.30384
3.46397 -5.29782
3.46648 -5.29596
3.47195 -5.29187
3.47728 -5.28795
3.48005 -5.28609
3.48801 -5.28011
3.48819 -5.28007
3.49601 -5.2742
3.499 -5.27206
3.50402 -5.2683
3.50981 -5.26405
3.51195 -5.26228
3.51997 -5.25639
3.52057 -5.25599
3.52798 -5.25049
3.53141 -5.24801
3.53603 -5.24463
3.54218 -5.23995
3.544 -5.23868
3.55204 -5.23282
3.55299 -5.23195
3.55999 -5.22683
3.56389 -5.22406
3.56803 -5.22097
3.57468 -5.21603
3.576 -5.21501
3.58398 -5.20906
3.58553 -5.20807
3.592 -5.20318
3.59632 -5.20004
3.60001 -5.19726
3.60715 -5.19206
3.60804 -5.19139
3.61597 -5.18539
3.61798 -5.18407
3.62405 -5.17958
3.62873 -5.17599
3.632 -5.17358
3.63955 -5.168
3.64004 -5.16772
3.64804 -5.1618
3.65041 -5.16006
3.65605 -5.1559
3.66121 -5.15205
3.66403 -5.14996
3.672 -5.14401
3.67196 -5.14394
3.68003 -5.13812
3.68284 -5.13604
3.68805 -5.13222
3.69366 -5.12805
3.69604 -5.1263
3.70406 -5.12041
3.70445 -5.12002
3.71194 -5.11433
3.71521 -5.11193
3.71998 -5.10846
3.7261 -5.10404
3.72801 -5.10259
3.73603 -5.0967
3.73691 -5.09603
3.74396 -5.09068
3.7471 -5.0884
3.74759 -5.08799
3.75203 -5.08402
3.75292 -5.08306
3.75361 -5.07999
3.75547 -5.07201
3.75641 -5.06761
3.75634 -5.064
3.75611 -5.056
3.75606 -5.048
3.7558 -5.04
3.75581 -5.032
3.75552 -5.024
3.75538 -5.016
3.75536 -5.008
3.75522 -5
3.75506 -4.992
3.75492 -4.984
3.75468 -4.976
3.75451 -4.968
3.75434 -4.96
3.75419 -4.952
3.75418 -4.944
3.75389 -4.936
3.75379 -4.928
3.75367 -4.92
3.75362 -4.912
3.75332 -4.904
3.75331 -4.896
3.75303 -4.888
3.75296 -4.88
3.75273 -4.872
3.75261 -4.864
3.75243 -4.856
3.75244 -4.848
3.75229 -4.84
3.75217 -4.832
3.75192 -4.82706
3.752 -4.824
3.75173 -4.816
3.75163 -4.808
3.75147 -4.8
3.75137 -4.792
3.75117 -4.784
3.75113 -4.776
3.75091 -4.768
3.75072 -4.76
3.75055 -4.752
3.75056 -4.744
3.75043 -4.736
3.75018 -4.728
3.7501 -4.72051
3.7499 -4.72001
3.74789 -4.71202
3.74597 -4.70401
3.74592 -4.7036
3.74395 -4.70208
3.73688 -4.69598
3.73604 -4.69522
3.72795 -4.68857
3.72743 -4.68796
3.72002 -4.68174
3.71795 -4.67996
3.71196 -4.67505
3.70849 -4.67194
3.70394 -4.66832
3.69891 -4.66407
3.69605 -4.66143
3.68947 -4.65603
3.68801 -4.65473
3.68004 -4.64797
3.68001 -4.64797
3.67194 -4.6413
3.67055 -4.63999
3.66401 -4.63446
3.66101 -4.63207
3.65595 -4.62779
3.65162 -4.62396
3.64796 -4.62101
3.64212 -4.616
3.64006 -4.61414
3.63259 -4.60807
3.63205 -4.6074
3.62398 -4.60073
3.6232 -4.59996
3.61598 -4.59397
3.61366 -4.59204
3.60795 -4.58725
3.60426 -4.58395
3.60004 -4.58039
3.59473 -4.57602
3.59199 -4.5737
3.5853 -4.56796
3.58402 -4.5669
3.57606 -4.5601
3.57574 -4.56006
3.56806 -4.55335
3.56628 -4.55205
3.56004 -4.54662
3.55685 -4.544
3.55204 -4.53987
3.54742 -4.53594
3.54396 -4.5332
3.53787 -4.52803
3.53601 -4.52639
3.52848 -4.51993
3.52795 -4.5197
3.51995 -4.51295
3.51893 -4.51202
3.51196 -4.50618
3.50943 -4.50405
3.50404 -4.49933
3.50002 -4.49598
3.496 -4.49262
3.49049 -4.48804
3.488 -4.48587
3.48102 -4.48004
3.47998 -4.47913
3.47202 -4.47234
3.47163 -4.47194
3.464 -4.46561
3.46216 -4.46393
3.45594 -4.45893
3.45262 -4.45601
3.44795 -4.45215
3.4432 -4.44794
3.44002 -4.44531
3.4337 -4.43997
3.43206 -4.43852
3.42415 -4.43206
3.42394 -4.43191
3.41605 -4.42502
3.41474 -4.42398
3.40801 -4.41831
3.40531 -4.41593
3.40006 -4.4115
3.39574 -4.40804
3.39196 -4.40486
3.38627 -4.40004
3.38398 -4.39808
3.37679 -4.39205
3.37594 -4.39137
3.36803 -4.38452
3.36733 -4.38403
3.35995 -4.37786
3.35787 -4.376
3.35201 -4.37103
3.34835 -4.36806
3.344 -4.36429
3.33894 -4.35999
3.33595 -4.35758
3.32944 -4.35201
3.32799 -4.35078
3.31997 -4.34406
3.32 -4.34398
3.312 -4.33726
3.31051 -4.33599
3.30399 -4.33052
3.30098 -4.32806
3.29605 -4.32369
3.29161 -4.31993
3.28795 -4.31706
3.28209 -4.31199
3.27994 -4.31031
3.27266 -4.30394
3.27202 -4.30347
3.26405 -4.29667
3.26307 -4.29607
3.25597 -4.29001
3.25371 -4.28794
3.24797 -4.28326
3.24416 -4.28003
3.23999 -4.27648
3.23469 -4.27202
3.23199 -4.26972
3.22518 -4.26406
3.224 -4.26296
3.21604 -4.25616
3.21572 -4.25605
3.20794 -4.24952
3.20626 -4.24803
3.2 -4.2427
3.19675 -4.24007
3.19206 -4.23587
3.1874 -4.23192
3.18395 -4.22924
3.17791 -4.22394
3.17602 -4.2224
3.16837 -4.21601
3.16798 -4.2157
3.16006 -4.20885
3.15891 -4.208
3.15205 -4.20211
3.14943 -4.2
3.14401 -4.1954
3.14001 -4.19194
3.136 -4.18865
3.13045 -4.18404
3.12805 -4.18184
3.12096 -4.17606
3.12005 -4.17509
3.11196 -4.16843
3.11153 -4.168
3.10397 -4.16168
3.10204 -4.16002
3.09604 -4.15484
3.09263 -4.15194
3.088 -4.14812
3.08311 -4.144
3.07994 -4.14145
3.07366 -4.13597
3.07196 -4.13467
3.06414 -4.12803
3.06398 -4.12789
3.05601 -4.1211
3.05471 -4.11997
3.04804 -4.1143
3.04523 -4.11198
3.03995 -4.10766
3.03578 -4.10395
3.03198 -4.10087
3.02626 -4.096
3.02398 -4.09411
3.01683 -4.08795
3.01594 -4.08741
3.00806 -4.08051
3.00732 -4.07999
2.99997 -4.07385
2.9978 -4.07204
2.99199 -4.06708
2.9884 -4.06396
2.98404 -4.06026
2.97888 -4.05601
2.97602 -4.05354
2.96936 -4.04807
2.96796 -4.04685
2.96003 -4.04002
2.9599 -4.04004
2.95197 -4.03333
2.95041 -4.03206
2.94406 -4.02647
2.94098 -4.02401
2.93598 -4.01981
2.93147 -4.01606
2.92802 -4.013
2.92201 -4.00803
2.92 -4.00627
2.91259 -3.99998
2.91202 -3.99949
2.90396 -3.99282
2.90312 -3.99196
2.89603 -3.98598
2.89358 -3.98404
2.88802 -3.97923
2.88409 -3.97607
2.87995 -3.97256
2.87472 -3.96794
2.87199 -3.96576
2.86524 -3.95995
2.86399 -3.95901
2.85599 -3.95224
2.85577 -3.95194
2.84806 -3.94541
2.84627 -3.94397
2.84004 -3.93868
2.83671 -3.93607
2.83198 -3.932
2.82733 -3.92796
2.82402 -3.9252
2.81788 -3.91993
2.81597 -3.91849
2.8084 -3.91194
2.80801 -3.9117
2.79995 -3.90502
2.79883 -3.90405
2.79205 -3.89814
2.78934 -3.89607
2.78397 -3.89148
2.77996 -3.88795
2.77602 -3.88466
2.77039 -3.88007
2.768 -3.87793
2.76093 -3.87205
2.75999 -3.87119
2.75205 -3.86436
2.7515 -3.864
2.74406 -3.8576
2.74207 -3.85595
2.73603 -3.85087
2.7325 -3.84806
2.72803 -3.84413
2.72304 -3.84005
2.72003 -3.83737
2.7136 -3.832
2.71205 -3.83059
2.70417 -3.82395
2.70395 -3.82395
2.69594 -3.81721
2.69461 -3.81605
2.68795 -3.81044
2.68523 -3.80794
2.67995 -3.80369
2.67569 -3.80001
2.67199 -3.79689
2.66623 -3.79199
2.66402 -3.79009
2.65676 -3.78399
2.65599 -3.78337
2.64799 -3.77662
2.64724 -3.77604
2.64 -3.76986
2.6378 -3.76801
2.63206 -3.76303
2.6283 -3.76003
2.62404 -3.7563
2.61879 -3.75207
2.61605 -3.74954
2.60941 -3.74396
2.60794 -3.74291
2.60006 -3.73602
2.59989 -3.73601
2.59204 -3.72928
2.59038 -3.72806
2.58402 -3.72254
2.58096 -3.71999
2.57595 -3.71588
2.57144 -3.71204
2.56796 -3.70911
2.562 -3.704
2.56004 -3.70225
2.55249 -3.69605
2.55196 -3.6956
2.54401 -3.68879
2.54308 -3.68798
2.53594 -3.68211
2.53362 -3.67996
2.52804 -3.67524
2.52416 -3.67194
2.52006 -3.66846
2.51466 -3.66397
2.51194 -3.66185
2.50514 -3.65602
2.50394 -3.65509
2.49595 -3.64833
2.49563 -3.64806
2.48796 -3.64156
2.48621 -3.63999
2.48002 -3.63474
2.47676 -3.63197
2.47203 -3.62797
2.46729 -3.62396
2.46398 -3.62127
2.4578 -3.61598
2.45602 -3.61448
2.44831 -3.608
2.44797 -3.60777
2.43998 -3.60101
2.43885 -3.59999
2.43194 -3.5943
2.42939 -3.59197
2.42397 -3.58751
2.41992 -3.58395
2.41595 -3.58078
2.41037 -3.57605
2.40798 -3.57399
2.40089 -3.56806
2.39994 -3.56728
2.39203 -3.56042
2.39144 -3.56002
2.38395 -3.55376
2.38192 -3.55208
2.37606 -3.54688
2.37255 -3.54395
2.36806 -3.54011
2.36306 -3.53598
2.36001 -3.53342
2.35356 -3.528
2.35194 -3.52675
2.3441 -3.51998
2.34403 -3.51989
2.33601 -3.51316
2.33455 -3.51208
2.32801 -3.50641
2.32516 -3.50398
2.32004 -3.49961
2.31568 -3.49598
2.31195 -3.49297
2.30625 -3.48793
2.30396 -3.4862
2.29668 -3.48004
2.29605 -3.47934
2.28795 -3.4727
2.2873 -3.47193
2.27997 -3.46592
2.2777 -3.46407
2.27203 -3.45909
2.26833 -3.45596
2.26396 -3.45242
2.25883 -3.44798
2.25598 -3.44564
2.24931 -3.44004
2.24804 -3.43882
2.24003 -3.43208
2.23987 -3.432
2.23203 -3.42532
2.23037 -3.42402
2.22406 -3.41853
2.22098 -3.41593
2.21599 -3.41186
2.21145 -3.40799
2.20802 -3.40507
2.20203 -3.39993
2.20005 -3.39828
2.1925 -3.392
2.19205 -3.39152
2.18395 -3.38489
2.18298 -3.38404
2.17604 -3.37803
2.17352 -3.37603
2.16803 -3.37129
2.16409 -3.36797
2.16001 -3.36455
2.15461 -3.35998
2.15205 -3.35775
2.14517 -3.35193
2.14403 -3.35102
2.13604 -3.34425
2.13564 -3.344
2.12802 -3.33752
2.12614 -3.33604
2.12001 -3.33078
2.11674 -3.32795
2.11201 -3.32402
2.1072 -3.32002
2.10394 -3.31736
2.09775 -3.312
2.09603 -3.31049
2.08827 -3.30401
2.08795 -3.30383
2.08001 -3.297
2.0788 -3.296
2.07196 -3.29031
2.06932 -3.28801
2.064 -3.2835
2.05981 -3.28004
2.05595 -3.27681
2.05039 -3.27198
2.04795 -3.27005
2.04096 -3.26392
2.04006 -3.26317
2.03198 -3.25652
2.03147 -3.25594
2.02406 -3.24967
2.02196 -3.24799
2.01602 -3.24295
2.01249 -3.23998
2.00797 -3.23626
2.00299 -3.23201
1.99997 -3.22951
1.99351 -3.22402
1.99205 -3.22265
1.98402 -3.21604
1.98401 -3.21594
1.97599 -3.20921
1.97462 -3.20794
1.96805 -3.20239
1.96504 -3.20007
1.96 -3.1957
1.95569 -3.19193
1.95198 -3.18896
1.94619 -3.18396
1.94396 -3.18223
1.93672 -3.17595
1.93604 -3.17538
1.92803 -3.16864
1.92722 -3.16798
1.91999 -3.16193
1.91771 -3.16002
1.91203 -3.15513
1.90828 -3.15196
1.90398 -3.14844
1.89875 -3.14403
1.89602 -3.14163
1.88925 -3.13606
1.88805 -3.13484
1.87999 -3.12816
1.87987 -3.12796
1.87197 -3.12143
1.87041 -3.11993
1.86405 -3.11458
1.86088 -3.112
1.85601 -3.10786
1.85135 -3.10406
1.84797 -3.10116
1.84199 -3.09592
1.83999 -3.09438
1.83243 -3.08802
1.83203 -3.08758
1.82399 -3.08087
1.82292 -3.08007
1.816 -3.07411
1.81353 -3.07197
1.80798 -3.06737
1.80405 -3.06397
1.80001 -3.06058
1.79452 -3.05604
1.79202 -3.05381
1.78508 -3.048
1.78396 -3.04714
1.776 -3.04033
1.7756 -3.04001
1.76798 -3.0336
1.76617 -3.03196
1.76001 -3.02681
1.75661 -3.02406
1.75196 -3.02012
1.74723 -3.01594
1.74396 -3.01336
1.73777 -3.00793
1.73603 -3.00652
1.72825 -2.99998
1.72806 -2.99973
1.71998 -2.99307
1.71875 -2.99201
1.71197 -2.98633
1.70923 -2.98406
1.70398 -2.97956
1.69987 -2.97592
1.69594 -2.97286
1.69034 -2.96799
1.68802 -2.966
1.6809 -2.95996
1.68005 -2.95921
1.67199 -2.95253
1.67133 -2.95206
1.66403 -2.94573
1.66186 -2.94406
1.65606 -2.93894
1.65241 -2.93603
1.64796 -2.9323
1.64296 -2.928
1.64004 -2.92545
1.63347 -2.92003
1.63199 -2.91875
1.62406 -2.91194
1.62396 -2.91203
1.61606 -2.90516
1.6145 -2.90404
1.608 -2.89848
1.60509 -2.89597
1.6 -2.89172
1.5956 -2.88799
1.59194 -2.88505
1.58606 -2.88006
1.58396 -2.87826
1.57659 -2.87206
1.57595 -2.87152
1.56798 -2.86473
1.56721 -2.86395
1.56004 -2.8579
1.5577 -2.85598
1.55194 -2.85127
1.54816 -2.84807
1.54406 -2.84437
1.53879 -2.83994
1.53603 -2.83764
1.52925 -2.83202
1.52805 -2.83087
1.51997 -2.82421
1.51976 -2.82404
1.51194 -2.8175
1.51033 -2.81598
1.50397 -2.8107
1.50081 -2.80803
1.49605 -2.80385
1.49141 -2.79995
1.48806 -2.79709
1.48187 -2.79202
1.47999 -2.79041
1.47244 -2.78398
1.47205 -2.78359
1.46399 -2.7769
1.46299 -2.77595
1.45596 -2.77019
1.45348 -2.76799
1.44799 -2.76339
1.44401 -2.75998
1.43994 -2.7567
1.43452 -2.752
1.43201 -2.74986
1.42505 -2.744
1.42401 -2.7431
1.41605 -2.73631
1.41563 -2.73593
1.40804 -2.72956
1.40615 -2.72793
1.40005 -2.7228
1.39656 -2.72007
1.39201 -2.71608
1.38716 -2.71198
1.38401 -2.70933
1.37762 -2.70406
1.37606 -2.70252
1.36822 -2.69597
1.36796 -2.69589
1.36005 -2.68901
1.35869 -2.68803
1.35201 -2.68231
1.3493 -2.67994
1.34395 -2.67563
1.33976 -2.67202
1.33597 -2.66885
1.33029 -2.664
1.32795 -2.66212
1.32085 -2.65597
1.31999 -2.65532
1.31197 -2.64858
1.31129 -2.64806
1.30405 -2.64174
1.30188 -2.64
1.29595 -2.6351
1.29241 -2.63199
1.28803 -2.62825
1.28295 -2.62396
1.27998 -2.62155
1.27348 -2.61596
1.27202 -2.61475
1.26394 -2.60809
1.26399 -2.60799
1.25597 -2.6013
1.25451 -2.59999
1.24802 -2.59448
1.24501 -2.59202
1.24 -2.58776
1.2355 -2.58407
1.23197 -2.58104
1.22611 -2.57596
1.22404 -2.57419
1.21665 -2.56795
1.21594 -2.56756
1.20803 -2.56071
1.20707 -2.56007
1.19995 -2.55404
1.19771 -2.55193
1.19195 -2.54729
1.18821 -2.54396
1.184 -2.54047
1.17864 -2.53607
1.176 -2.53371
1.16918 -2.52806
1.16794 -2.52703
1.15999 -2.52022
1.15979 -2.51996
1.15204 -2.5134
1.15026 -2.51203
1.14402 -2.50668
1.14075 -2.50406
1.136 -2.49994
1.13134 -2.49598
1.12798 -2.49321
1.12192 -2.48792
1.12005 -2.48638
1.11236 -2.48002
1.11201 -2.47966
1.10399 -2.47294
1.10293 -2.47198
1.09597 -2.4662
1.09341 -2.46402
1.08795 -2.45948
1.08398 -2.45597
1.07998 -2.45268
1.07445 -2.44804
1.07201 -2.44589
1.06494 -2.44008
1.06397 -2.43919
1.05601 -2.43239
1.05557 -2.43196
1.04802 -2.42562
1.04605 -2.42401
1.04003 -2.41885
1.03664 -2.41593
1.03196 -2.41218
1.0271 -2.40801
1.02403 -2.40534
1.01762 -2.40002
1.01594 -2.3987
1.00818 -2.39197
1.00801 -2.39186
0.999948 -2.38517
0.998674 -2.38401
0.991991 -2.37837
0.989236 -2.37597
0.983941 -2.37167
0.979675 -2.36807
0.976051 -2.36479
0.970314 -2.35994
0.967957 -2.35814
0.960807 -2.35198
0.960043 -2.35129
0.952057 -2.34451
0.951262 -2.34406
0.943954 -2.33788
0.941821 -2.33602
0.935954 -2.33113
0.932348 -2.32802
0.927972 -2.32435
0.922861 -2.32003
0.919976 -2.31759
0.913378 -2.31204
0.911991 -2.31082
0.903979 -2.30408
0.90399 -2.30394
0.896044 -2.29725
0.894509 -2.29595
0.888001 -2.29054
0.885017 -2.28797
0.880058 -2.28372
0.875498 -2.28002
0.872034 -2.27699
0.866094 -2.27194
0.863937 -2.27035
0.856507 -2.26407
0.856026 -2.26349
0.847964 -2.25681
0.847031 -2.25607
0.839969 -2.25005
0.837612 -2.248
0.832059 -2.24319
0.828132 -2.24001
0.824035 -2.23646
0.81861 -2.23207
0.816045 -2.2297
0.80919 -2.224
0.808035 -2.22295
0.800025 -2.21621
0.799766 -2.21594
0.792062 -2.20941
0.790188 -2.20806
0.784039 -2.20268
0.780743 -2.20003
0.776031 -2.19594
0.771343 -2.19194
0.767953 -2.18928
0.761826 -2.18399
0.759956 -2.18252
0.752397 -2.17594
0.75201 -2.1757
0.748094 -2.17248
0.74399 -2.16902
0.742762 -2.16803
0.735947 -2.16242
0.733166 -2.16
0.728061 -2.15563
0.723597 -2.15193
0.719971 -2.14909
0.713939 -2.14397
0.711992 -2.14242
0.704344 -2.13594
0.704054 -2.13569
0.696009 -2.12909
0.694721 -2.12794
0.688 -2.12245
0.685095 -2.11994
0.68005 -2.11574
0.675377 -2.11206
0.672034 -2.10911
0.66585 -2.10394
0.664054 -2.10244
0.656206 -2.09597
0.656013 -2.09583
0.648046 -2.08914
0.646534 -2.08803
0.640046 -2.08249
0.636914 -2.08002
0.632037 -2.07585
0.627304 -2.07201
0.624038 -2.0692
0.617702 -2.06398
0.615979 -2.06262
0.608014 -2.05606
0.608007 -2.05594
0.600057 -2.04923
0.598491 -2.04794
0.592043 -2.04259
0.588768 -2.04006
0.583989 -2.03601
0.579201 -2.032
0.575946 -2.02941
0.569553 -2.02403
0.56797 -2.02273
0.560013 -2.01603
0.559902 -2.01606
0.551949 -2.00945
0.550295 -2.00804
0.544041 -2.00269
0.540654 -2.00006
0.536013 -1.99607
0.531034 -1.99206
0.528025 -1.98941
0.521515 -1.98393
0.520014 -1.98277
0.512023 -1.97611
0.511826 -1.97601
0.504016 -1.96947
0.502199 -1.96802
0.495956 -1.96289
0.492538 -1.96006
0.48799 -1.9562
0.48294 -1.95203
0.48004 -1.94948
0.473309 -1.94404
0.472022 -1.94286
0.463955 -1.93629
0.463753 -1.93596
0.456056 -1.92951
0.45416 -1.92793
0.44805 -1.92287
0.444491 -1.91998
0.44004 -1.91623
0.434862 -1.91199
0.432011 -1.90961
0.425253 -1.90397
0.424052 -1.90291
0.416028 -1.89629
0.415671 -1.89592
0.408044 -1.88962
0.405987 -1.888
0.40001 -1.88301
0.396308 -1.88007
0.391977 -1.8764
0.386756 -1.87198
0.38396 -1.86977
0.377106 -1.86401
0.375964 -1.86312
0.367982 -1.85644
0.36749 -1.856
0.360036 -1.84973
0.357847 -1.84803
0.352022 -1.84309
0.348258 -1.83999
0.344064 -1.83639
0.338602 -1.83203
0.335966 -1.82986
0.329023 -1.82398
0.327968 -1.82321
0.320062 -1.81644
0.319417 -1.81595
0.312023 -1.80984
0.309729 -1.80803
0.304043 -1.80316
0.3001 -1.80004
0.296004 -1.79656
0.290526 -1.79198
0.288002 -1.78991
0.28084 -1.78406
0.280027 -1.78323
0.272024 -1.77658
0.271231 -1.77604
0.264056 -1.76989
0.261629 -1.76801
0.255944 -1.76338
0.252019 -1.76
0.247995 -1.75666
0.242374 -1.75203
0.239987 -1.75002
0.232793 -1.74398
0.232005 -1.74335
0.223954 -1.73676
0.223092 -1.73607
0.215937 -1.73013
0.213501 -1.72803
0.207988 -1.72342
0.203959 -1.71993
0.20003 -1.71672
0.194229 -1.71206
0.192009 -1.71009
0.184632 -1.70403
0.183946 -1.70352
0.175984 -1.69682
0.174976 -1.69607
0.167967 -1.69019
0.165399 -1.68802
0.160019 -1.68348
0.155781 -1.68001
0.151979 -1.67687
0.146123 -1.67205
0.143943 -1.67027
0.136552 -1.66399
0.135993 -1.66356
0.128011 -1.65688
0.126927 -1.65599
0.119953 -1.6503
0.117335 -1.64796
0.111949 -1.64366
0.107641 -1.64004
0.103989 -1.63696
0.0980357 -1.63202
0.095984 -1.63031
0.0884334 -1.624
0.0879972 -1.62365
0.0819582 -1.61865
0.08 -1.61872
0.072 -1.61864
0.064 -1.6186
0.056 -1.6186
0.048 -1.61868
0.04 -1.61858
0.032 -1.61853
0.024 -1.61862
0.016 -1.61864
0.008 -1.61869
0 -1.61861
-0.008 -1.61867
-0.016 -1.61857
-0.024 -1.61871
-0.032 -1.61862
-0.0379956 -1.61864
-0.0399768 -1.62039
-0.0441561 -1.62396
-0.0479709 -1.62745
-0.0532282 -1.63198
-0.0560064 -1.63445
-0.0623106 -1.63998
-0.0639908 -1.64151
-0.0713947 -1.64798
-0.071961 -1.64859
-0.0799532 -1.65564
-0.0804264 -1.65604
-0.0879429 -1.6627
-0.0895713 -1.66398
-0.0960595 -1.66961
-0.0986467 -1.67199
-0.103963 -1.67677
-0.107695 -1.68003
-0.112 -1.68377
-0.116789 -1.68802
-0.120006 -1.69081
-0.125872 -1.69602
-0.128048 -1.6978
-0.134931 -1.70405
-0.135974 -1.70493
-0.143934 -1.71202
-0.1441 -1.71196
-0.151958 -1.71904
-0.153181 -1.71996
-0.159964 -1.72608
-0.162233 -1.728
-0.168033 -1.73304
-0.171328 -1.73599
-0.176041 -1.74008
-0.180402 -1.744
-0.184003 -1.74717
-0.189485 -1.752
-0.191984 -1.75423
-0.198606 -1.75996
-0.199973 -1.76129
-0.207661 -1.76799
-0.208054 -1.76824
-0.21599 -1.77536
-0.216691 -1.77606
-0.223963 -1.78243
-0.225841 -1.78398
-0.23205 -1.78938
-0.234899 -1.79202
-0.239954 -1.79653
-0.243938 -1.80007
-0.247985 -1.80354
-0.253134 -1.80794
-0.255993 -1.81058
-0.262157 -1.81601
-0.264041 -1.81757
-0.271225 -1.82403
-0.271977 -1.82468
-0.280047 -1.83165
-0.280358 -1.83198
-0.288041 -1.8387
-0.289382 -1.84005
-0.295962 -1.84583
-0.298528 -1.84798
-0.304043 -1.85279
-0.307577 -1.85602
-0.311938 -1.85995
-0.316688 -1.86399
-0.319974 -1.86695
-0.325759 -1.87201
-0.327992 -1.87398
-0.334888 -1.87996
-0.336007 -1.88101
-0.343966 -1.88796
-0.344033 -1.88802
-0.352021 -1.89508
-0.352975 -1.89605
-0.359937 -1.90222
-0.362118 -1.90398
-0.368024 -1.90916
-0.371243 -1.91194
-0.375999 -1.91624
-0.380235 -1.92004
-0.384059 -1.92321
-0.38932 -1.92805
-0.39198 -1.93035
-0.398484 -1.93596
-0.400024 -1.93734
-0.407526 -1.944
-0.40797 -1.94445
-0.416032 -1.95142
-0.416607 -1.95201
-0.424031 -1.95847
-0.425673 -1.96003
-0.432038 -1.9655
-0.4348 -1.96798
-0.440051 -1.97253
-0.443842 -1.97603
-0.44806 -1.97957
-0.452949 -1.98401
-0.456029 -1.98665
-0.461993 -1.99205
-0.464007 -1.99372
-0.471121 -2.00001
-0.47203 -2.00074
-0.479947 -2.00787
-0.480152 -2.00807
-0.488029 -2.01483
-0.489256 -2.01605
-0.496047 -2.02185
-0.4984 -2.02398
-0.504021 -2.02892
-0.507461 -2.03201
-0.512063 -2.03592
-0.516572 -2.03998
-0.520024 -2.04301
-0.525656 -2.04798
-0.528005 -2.05007
-0.534706 -2.05602
-0.536035 -2.05709
-0.543803 -2.06401
-0.543946 -2.06423
-0.551957 -2.07126
-0.552958 -2.07193
-0.559947 -2.07832
-0.561934 -2.08005
-0.568029 -2.08527
-0.571066 -2.088
-0.575988 -2.09236
-0.580135 -2.09601
-0.584039 -2.09935
-0.589217 -2.10402
-0.592003 -2.10643
-0.598272 -2.11205
-0.600016 -2.11346
-0.607469 -2.11993
-0.60794 -2.12059
-0.615964 -2.12761
-0.616487 -2.128
-0.624004 -2.13461
-0.62558 -2.13599
-0.632044 -2.14161
-0.634698 -2.14396
-0.639987 -2.14872
-0.643733 -2.15201
-0.647969 -2.15578
-0.652845 -2.15998
-0.655939 -2.16286
-0.661974 -2.16793
-0.663969 -2.16987
-0.670943 -2.17606
-0.672037 -2.17684
-0.679969 -2.18396
-0.680045 -2.18405
-0.688049 -2.19091
-0.68923 -2.19193
-0.696033 -2.19798
-0.698291 -2.19996
-0.704045 -2.20501
-0.707283 -2.20806
-0.711954 -2.21216
-0.716431 -2.21599
-0.720035 -2.21911
-0.725497 -2.22402
-0.727994 -2.2262
-0.734605 -2.23199
-0.734708 -2.23221
-0.736045 -2.2332
-0.74352 -2.24002
-0.74406 -2.24035
-0.752036 -2.24754
-0.752433 -2.24804
-0.760047 -2.25469
-0.761373 -2.25604
-0.767978 -2.26193
-0.770304 -2.26404
-0.776045 -2.26901
-0.779231 -2.27205
-0.783938 -2.2763
-0.788173 -2.28005
-0.792002 -2.28339
-0.797105 -2.28805
-0.800056 -2.29049
-0.806122 -2.29596
-0.807936 -2.29778
-0.815056 -2.30396
-0.816008 -2.30487
-0.82401 -2.31194
-0.823988 -2.31205
-0.831972 -2.31923
-0.83285 -2.32005
-0.840029 -2.32633
-0.841885 -2.32794
-0.847986 -2.33354
-0.850715 -2.33606
-0.856037 -2.34064
-0.859679 -2.34403
-0.863983 -2.34786
-0.868593 -2.35205
-0.872014 -2.35499
-0.877638 -2.35993
-0.880046 -2.36212
-0.88653 -2.36798
-0.888047 -2.36928
-0.895504 -2.37594
-0.895988 -2.37651
-0.904036 -2.38362
-0.904389 -2.384
-0.912049 -2.39076
-0.91336 -2.39196
-0.920042 -2.39793
-0.922284 -2.39997
-0.927958 -2.40519
-0.931135 -2.40807
-0.936029 -2.41227
-0.940194 -2.41593
-0.943975 -2.41949
-0.949075 -2.42399
-0.95197 -2.42666
-0.958005 -2.432
-0.960065 -2.43372
-0.966941 -2.44
-0.967977 -2.44098
-0.975865 -2.44801
-0.97597 -2.44815
-0.984024 -2.45525
-0.984757 -2.45606
-0.991986 -2.46245
-0.993717 -2.46403
-0.999979 -2.46962
-1.00269 -2.47199
-1.00797 -2.47679
-1.01167 -2.47994
-1.01605 -2.48387
-1.02057 -2.48799
-1.02396 -2.49113
-1.02946 -2.49604
-1.03204 -2.49821
-1.03838 -2.50406
-1.03999 -2.50542
-1.0474 -2.51196
-1.048 -2.51257
-1.05598 -2.51976
-1.05632 -2.51998
-1.06405 -2.52684
-1.06519 -2.52805
-1.07197 -2.53409
-1.07421 -2.53595
-1.08004 -2.54117
-1.08306 -2.54405
-1.08801 -2.54837
-1.09206 -2.55198
-1.09605 -2.55549
-1.10093 -2.56005
-1.10404 -2.56266
-1.10995 -2.56797
-1.11195 -2.56992
-1.11879 -2.57607
-1.12006 -2.57696
-1.12779 -2.584
-1.12802 -2.58416
-1.13602 -2.59133
-1.13676 -2.59196
-1.14404 -2.59847
-1.14567 -2.59999
-1.15194 -2.60574
-1.15458 -2.60802
-1.15997 -2.61288
-1.16351 -2.61602
-1.16798 -2.62002
-1.17247 -2.624
-1.176 -2.62717
-1.18143 -2.63198
-1.18406 -2.63426
-1.19031 -2.64003
-1.19193 -2.64156
-1.19926 -2.64802
-1.19999 -2.64866
-1.20802 -2.65579
-1.20824 -2.65597
-1.21595 -2.66303
-1.21719 -2.66395
-1.22395 -2.67018
-1.22612 -2.67196
-1.23198 -2.67732
-1.23505 -2.67996
-1.23999 -2.68447
-1.24402 -2.68793
-1.24803 -2.69159
-1.2529 -2.69599
-1.25597 -2.69882
-1.26188 -2.70394
-1.26403 -2.70591
-1.27076 -2.712
-1.27205 -2.71304
-1.27973 -2.71997
-1.28003 -2.72023
-1.28804 -2.72738
-1.28865 -2.72798
-1.29594 -2.73466
-1.29757 -2.73601
-1.30403 -2.74172
-1.30645 -2.74407
-1.31204 -2.74887
-1.31549 -2.75196
-1.32001 -2.75607
-1.32436 -2.76002
-1.32796 -2.76328
-1.33332 -2.76799
-1.33596 -2.77044
-1.34226 -2.77599
-1.34403 -2.77752
-1.35113 -2.78407
-1.35199 -2.78474
-1.35999 -2.79189
-1.36007 -2.79206
-1.36802 -2.79902
-1.3691 -2.79996
-1.37605 -2.80616
-1.37802 -2.80797
-1.38399 -2.81339
-1.38694 -2.81599
-1.39197 -2.82056
-1.39588 -2.82398
-1.40005 -2.82764
-1.40485 -2.83195
-1.40805 -2.83481
-1.41375 -2.83999
-1.41597 -2.84205
-1.42267 -2.84801
-1.42403 -2.84915
-1.43156 -2.85606
-1.432 -2.85635
-1.44005 -2.86345
-1.4405 -2.86405
-1.44799 -2.87068
-1.44947 -2.87202
-1.45606 -2.87776
-1.45839 -2.88004
-1.46405 -2.88493
-1.46735 -2.88801
-1.47203 -2.89212
-1.4763 -2.89599
-1.48005 -2.89926
-1.48519 -2.90405
-1.48804 -2.90643
-1.49419 -2.91197
-1.49599 -2.91365
-1.5031 -2.92
-1.50406 -2.92073
-1.51195 -2.92802
-1.5121 -2.92793
-1.52002 -2.9351
-1.52099 -2.93599
-1.52805 -2.94223
-1.52996 -2.94395
-1.53597 -2.94948
-1.5388 -2.95205
-1.54402 -2.95659
-1.54773 -2.96006
-1.552 -2.96377
-1.55673 -2.968
-1.55994 -2.971
-1.56571 -2.97594
-1.56797 -2.97813
-1.57465 -2.98394
-1.57595 -2.98531
-1.58356 -2.99197
-1.58403 -2.99239
-1.59197 -2.99962
-1.59242 -3.00005
-1.60001 -3.00673
-1.60135 -3.00805
-1.60805 -3.01385
-1.61035 -3.01598
-1.61605 -3.02101
-1.61929 -3.02398
-1.62406 -3.02816
-1.62816 -3.03205
-1.63206 -3.03532
-1.63708 -3.04007
-1.63999 -3.04257
-1.64606 -3.04802
-1.64803 -3.04968
-1.65499 -3.05603
-1.65602 -3.05685
-1.6639 -3.06406
-1.664 -3.06404
-1.67205 -3.07115
-1.67294 -3.07194
-1.68003 -3.07834
-1.68185 -3.07997
-1.68795 -3.08559
-1.69076 -3.088
-1.69594 -3.09275
-1.69971 -3.09599
-1.70399 -3.09986
-1.70862 -3.10401
-1.71204 -3.10697
-1.71753 -3.11205
-1.71996 -3.11422
-1.72651 -3.11999
-1.72799 -3.12135
-1.73545 -3.12799
-1.73597 -3.12853
-1.74401 -3.13565
-1.74436 -3.13602
-1.752 -3.14283
-1.75325 -3.14407
-1.76001 -3.14997
-1.76219 -3.15207
-1.76797 -3.15718
-1.77114 -3.16005
-1.77605 -3.16425
-1.78018 -3.16794
-1.78394 -3.17153
-1.78901 -3.17606
-1.79198 -3.17866
-1.79798 -3.18402
-1.80007 -3.18572
-1.80687 -3.19207
-1.80807 -3.19288
-1.81584 -3.20003
-1.81606 -3.20005
-1.82394 -3.20735
-1.82479 -3.20802
-1.83194 -3.21451
-1.83371 -3.21603
-1.83998 -3.22162
-1.84271 -3.22397
-1.84799 -3.22878
-1.85166 -3.23195
-1.85594 -3.236
-1.86061 -3.23994
-1.86396 -3.24313
-1.86947 -3.24802
-1.87202 -3.25023
-1.87845 -3.25596
-1.87995 -3.25747
-1.88735 -3.26401
-1.88794 -3.26465
-1.89596 -3.27178
-1.89626 -3.27204
-1.90398 -3.27892
-1.90528 -3.27994
-1.91204 -3.28602
-1.9141 -3.28807
-1.92004 -3.29318
-1.92307 -3.29604
-1.92794 -3.30046
-1.93201 -3.30403
-1.93603 -3.30751
-1.94095 -3.31203
-1.944 -3.31471
-1.9499 -3.32001
-1.95205 -3.32182
-1.95882 -3.32803
-1.96 -3.32903
-1.9678 -3.33598
-1.96797 -3.33622
-1.97594 -3.34343
-1.97674 -3.34397
-1.984 -3.35051
-1.98567 -3.35198
-1.99194 -3.35775
-1.99465 -3.35993
-1.99996 -3.36489
-2.00354 -3.36798
-2.00801 -3.37199
-2.01244 -3.37602
-2.01599 -3.37917
-2.02136 -3.38405
-2.02397 -3.38637
-2.03036 -3.39197
-2.03204 -3.39345
-2.0393 -3.39997
-2.03995 -3.40071
-2.04794 -3.40788
-2.0482 -3.40801
-2.05606 -3.41491
-2.05715 -3.416
-2.06404 -3.4221
-2.06606 -3.42402
-2.072 -3.4293
-2.07506 -3.43195
-2.08006 -3.4364
-2.08389 -3.44007
-2.08801 -3.44361
-2.09282 -3.44807
-2.09594 -3.45085
-2.1018 -3.45602
-2.10406 -3.45788
-2.11073 -3.46403
-2.11195 -3.46516
-2.11973 -3.47197
-2.11995 -3.47233
-2.12796 -3.47947
-2.12858 -3.48006
-2.13599 -3.4866
-2.13756 -3.48801
-2.14396 -3.4938
-2.14653 -3.49598
-2.15197 -3.50095
-2.15544 -3.504
-2.15997 -3.50812
-2.16433 -3.51206
-2.16795 -3.5153
-2.17333 -3.51998
-2.17594 -3.52247
-2.18229 -3.52796
-2.184 -3.52957
-2.19118 -3.536
-2.19198 -3.53675
-2.19994 -3.54396
-2.20012 -3.544
-2.20799 -3.55106
-2.20909 -3.55196
-2.21603 -3.55818
-2.21796 -3.56003
-2.22395 -3.56544
-2.22699 -3.56793
-2.23195 -3.5726
-2.23593 -3.57593
-2.24003 -3.57967
-2.24482 -3.58398
-2.24797 -3.5869
-2.25373 -3.59201
-2.25604 -3.59399
-2.26268 -3.59999
-2.264 -3.60119
-2.27156 -3.60806
-2.27202 -3.60833
-2.27994 -3.61557
-2.28054 -3.61601
-2.28801 -3.62266
-2.28951 -3.62397
-2.29596 -3.62988
-2.29843 -3.63199
-2.30404 -3.63695
-2.30742 -3.63993
-2.31201 -3.64414
-2.31623 -3.64806
-2.31995 -3.65138
-2.32521 -3.65602
-2.32802 -3.65846
-2.33412 -3.66405
-2.33606 -3.66557
-2.34316 -3.67193
-2.34406 -3.67274
-2.35206 -3.6799
-2.35201 -3.68003
-2.36006 -3.68706
-2.36096 -3.68801
-2.36801 -3.69428
-2.36996 -3.69594
-2.37599 -3.70147
-2.37888 -3.70396
-2.38398 -3.70864
-2.38782 -3.71195
-2.39197 -3.71581
-2.39677 -3.71994
-2.4 -3.72294
-2.40561 -3.72805
-2.40803 -3.73006
-2.41456 -3.73603
-2.41603 -3.73723
-2.42348 -3.74405
-2.42405 -3.74437
-2.43198 -3.75162
-2.43241 -3.75206
-2.44 -3.75875
-2.44143 -3.75996
-2.44797 -3.76594
-2.45036 -3.76797
-2.45594 -3.77314
-2.45926 -3.77601
-2.46401 -3.78023
-2.46817 -3.78404
-2.47198 -3.78742
-2.47714 -3.79201
-2.47993 -3.79463
-2.48611 -3.79996
-2.48803 -3.80169
-2.49503 -3.80798
-2.496 -3.80889
-2.50395 -3.816
-2.50405 -3.81599
-2.51199 -3.82322
-2.51288 -3.82401
-2.51994 -3.83044
-2.52186 -3.83195
-2.528 -3.83753
-2.53076 -3.84
-2.53604 -3.84464
-2.53967 -3.84802
-2.54405 -3.8518
-2.54865 -3.85598
-2.55206 -3.85894
-2.55753 -3.86404
-2.56005 -3.86612
-2.56648 -3.87203
-2.56804 -3.8733
-2.57539 -3.88005
-2.57602 -3.88049
-2.58405 -3.88761
-2.58441 -3.88796
-2.592 -3.89482
-2.59326 -3.89605
-2.59994 -3.90206
-2.60231 -3.90393
-2.60802 -3.90913
-2.61121 -3.91197
-2.61596 -3.91636
-2.62006 -3.92006
-2.62398 -3.9235
-2.62902 -3.92804
-2.63197 -3.93067
-2.63795 -3.93604
-2.64001 -3.93779
-2.64699 -3.94393
-2.64795 -3.94502
-2.65589 -3.95197
-2.65603 -3.95209
-2.66396 -3.95932
-2.66479 -3.96001
-2.67205 -3.96639
-2.6738 -3.96793
-2.67996 -3.97365
-2.68272 -3.97595
-2.68799 -3.98078
-2.69161 -3.98399
-2.69601 -3.98792
-2.70051 -3.99203
-2.70401 -3.99508
-2.70954 -3.99994
-2.712 -4.00226
-2.71842 -4.00799
-2.72006 -4.00935
-2.72734 -4.01601
-2.72799 -4.01659
-2.73606 -4.02368
-2.73632 -4.02397
-2.74394 -4.03097
-2.74519 -4.03204
-2.75199 -4.03808
-2.7541 -4.04007
-2.76003 -4.04519
-2.76307 -4.04804
-2.76803 -4.05235
-2.77205 -4.05598
-2.77599 -4.05956
-2.78091 -4.06407
-2.78399 -4.06672
-2.78992 -4.07198
-2.79203 -4.07384
-2.7989 -4.07993
-2.79995 -4.08109
-2.80774 -4.08805
-2.80806 -4.08813
-2.81595 -4.09542
-2.8167 -4.09602
-2.82401 -4.10252
-2.82568 -4.10396
-2.83199 -4.1097
-2.8346 -4.11199
-2.83999 -4.11685
-2.8435 -4.12002
-2.84795 -4.12406
-2.85243 -4.12803
-2.85595 -4.13122
-2.86134 -4.13606
-2.86395 -4.13839
-2.87027 -4.14407
-2.87205 -4.14544
-2.87927 -4.152
-2.87998 -4.15268
-2.88796 -4.15987
-2.88817 -4.16003
-2.89606 -4.16692
-2.89716 -4.16797
-2.90394 -4.1742
-2.90604 -4.17603
-2.91199 -4.18131
-2.91503 -4.18398
-2.92002 -4.18844
-2.92401 -4.19193
-2.92801 -4.19562
-2.93287 -4.20002
-2.93594 -4.20286
-2.94179 -4.20803
-2.94403 -4.20991
-2.95073 -4.21602
-2.95201 -4.21711
-2.95974 -4.22394
-2.96007 -4.2242
-2.96794 -4.2315
-2.96863 -4.232
-2.97596 -4.23864
-2.97759 -4.23997
-2.98405 -4.24571
-2.98646 -4.24804
-2.99203 -4.25289
-2.99549 -4.25594
-2.99999 -4.26009
-3.00436 -4.26402
-3.00795 -4.2673
-3.01324 -4.27207
-3.01606 -4.27434
-3.0222 -4.28005
-3.024 -4.28157
-3.03124 -4.28793
-3.03204 -4.28869
-3.04002 -4.29587
-3.04017 -4.29594
-3.04799 -4.30307
-3.049 -4.30405
-3.05602 -4.3102
-3.05798 -4.31201
-3.06397 -4.31742
-3.06686 -4.32007
-3.072 -4.32455
-3.0758 -4.32807
-3.07996 -4.33175
-3.08485 -4.33595
-3.08802 -4.33885
-3.09375 -4.34399
-3.09604 -4.34599
-3.10268 -4.35199
-3.10404 -4.35314
-3.11156 -4.36005
-3.11205 -4.3603
-3.11998 -4.36754
-3.12053 -4.36801
-3.12802 -4.37465
-3.12954 -4.37593
-3.13604 -4.38179
-3.13836 -4.38406
-3.14396 -4.38905
-3.1474 -4.39194
-3.15204 -4.39612
-3.15629 -4.39999
-3.15996 -4.40337
-3.16524 -4.40798
-3.16805 -4.41043
-3.17415 -4.41601
-3.17594 -4.41772
-3.18308 -4.42402
-3.18401 -4.4248
-3.19205 -4.43191
-3.19209 -4.43193
-3.20006 -4.43907
-3.20098 -4.43999
-3.20794 -4.44636
-3.20987 -4.44804
-3.21605 -4.4534
-3.21879 -4.45605
-3.22399 -4.46063
-3.22771 -4.46407
-3.23206 -4.46772
-3.23677 -4.47194
-3.24005 -4.47489
-3.24561 -4.48005
-3.24806 -4.48203
-3.25461 -4.48797
-3.25603 -4.48924
-3.26354 -4.49598
-3.26406 -4.49636
-3.27196 -4.50364
-3.2725 -4.50395
-3.28003 -4.51073
-3.28143 -4.51196
-3.28802 -4.51789
-3.29039 -4.51993
-3.29604 -4.52504
-3.29924 -4.52803
-3.30404 -4.5322
-3.30823 -4.53596
-3.31204 -4.53935
-3.31708 -4.54407
-3.32 -4.54656
-3.3261 -4.55197
-3.32806 -4.55366
-3.33505 -4.55995
-3.33594 -4.56096
-3.34391 -4.56804
-3.34406 -4.56799
-3.35201 -4.5752
-3.35292 -4.57595
-3.35996 -4.58242
-3.3618 -4.58402
-3.36794 -4.5896
-3.37082 -4.59193
-3.37599 -4.5967
-3.37964 -4.60006
-3.38406 -4.60379
-3.38868 -4.60793
-3.39195 -4.61108
-3.39757 -4.61599
-3.39994 -4.61824
-3.40655 -4.62394
-3.40795 -4.62541
-3.41538 -4.63206
-3.41597 -4.63254
-3.42401 -4.63966
-3.42443 -4.63993
-3.432 -4.64684
-3.43329 -4.64802
-3.44006 -4.65392
-3.44219 -4.65605
-3.44796 -4.6612
-3.45121 -4.66397
-3.45603 -4.66828
-3.46013 -4.67198
-3.46394 -4.67554
-3.46899 -4.68006
-3.47199 -4.68265
-3.47805 -4.68793
-3.48006 -4.68974
-3.48695 -4.69597
-3.48806 -4.6969
-3.49582 -4.70404
-3.49603 -4.70409
-3.50399 -4.7113
-3.50486 -4.71193
-3.51199 -4.71846
-3.51378 -4.71995
-3.51995 -4.72566
-3.52262 -4.72805
-3.52806 -4.73271
-3.53158 -4.73602
-3.53604 -4.73989
-3.54058 -4.74396
-3.54405 -4.74705
-3.54951 -4.75196
-3.55197 -4.75429
-3.55847 -4.75993
-3.56006 -4.76136
-3.5674 -4.76794
-3.56797 -4.76862
-3.57599 -4.77576
-3.57631 -4.77597
-3.58393 -4.78298
-3.58519 -4.78404
-3.59198 -4.79009
-3.59415 -4.79201
-3.59995 -4.79729
-3.60313 -4.79996
-3.60796 -4.80444
-3.61201 -4.80802
-3.61535 -4.81092
-3.61575 -4.816
-3.61597 -4.81938
-3.61633 -4.82401
-3.61706 -4.83196
-3.61715 -4.832
-3.61702 -4.84
-3.61711 -4.848
-3.61719 -4.856
-3.61733 -4.864
-3.61728 -4.872
-3.61738 -4.88
-3.61749 -4.888
-3.61737 -4.896
-3.6176 -4.904
-3.61761 -4.912
-3.61752 -4.92
-3.61761 -4.928
-3.61772 -4.936
-3.61769 -4.944
-3.61778 -4.952
-3.61795 -4.96
-3.61789 -4.968
-3.61798 -4.976
-3.61807 -4.984
-3.61805 -4.992
-3.61819 -5
-3.61819 -5.008
-3.6183 -5.016
-3.61829 -5.024
-3.61824 -5.032
-3.61838 -5.04
-3.61843 -5.048
-3.61851 -5.056
-3.61857 -5.064
-3.6185 -5.072
-3.61865 -5.08
-3.61864 -5.088
-3.61864 -5.096
-3.61885 -5.104
-3.61888 -5.112
-3.61884 -5.12
-3.61885 -5.128
-3.61902 -5.136
-3.61893 -5.144
-3.61903 -5.15162
-3.61904 -5.152
-3.61858 -5.16
-3.61814 -5.16801
-3.61756 -5.176
-3.61757 -5.17637
-3.61602 -5.17739
-3.60805 -5.1829
-3.60627 -5.18397
-3.60005 -5.18838
-3.59461 -5.19205
-3.59196 -5.19371
-3.58404 -5.19928
-3.58287 -5.20001
-3.57601 -5.20471
-3.57121 -5.20808
-3.56797 -5.21011
-3.55999 -5.21562
-3.55949 -5.21605
-3.55204 -5.22115
-3.54771 -5.22395
-3.54405 -5.22664
-3.53607 -5.23206
-3.53604 -5.23207
-3.52797 -5.23744
-3.52433 -5.24001
-3.51996 -5.2429
-3.51259 -5.24796
-3.512 -5.24842
-3.50397 -5.25384
-3.50093 -5.25604
-3.49605 -5.25942
-3.48914 -5.26393
-3.48798 -5.26479
-3.47998 -5.27025
-3.47744 -5.27193
-3.47197 -5.2757
-3.4658 -5.28004
-3.46395 -5.28114
-3.45605 -5.28676
-3.45408 -5.28802
-3.448 -5.29214
-3.44238 -5.29604
-3.44005 -5.29768
-3.43198 -5.30305
-3.43067 -5.30403
-3.42405 -5.30861
-3.41893 -5.31199
-3.41598 -5.31398
-3.40796 -5.3194
-3.40726 -5.32006
-3.40004 -5.32499
-3.39547 -5.32794
-3.392 -5.3304
-3.384 -5.33586
-3.38385 -5.33606
-3.37601 -5.34134
-3.37211 -5.34402
-3.368 -5.34679
-3.36036 -5.35196
-3.36 -5.35227
-3.35202 -5.35775
-3.34873 -5.36008
-3.34401 -5.36321
-3.33698 -5.36802
-3.33597 -5.36861
-3.32799 -5.37411
-3.32524 -5.37597
-3.32003 -5.37964
-3.31356 -5.38402
-3.31195 -5.38498
-3.30402 -5.39055
-3.30184 -5.39201
-3.29604 -5.39605
-3.29012 -5.39999
-3.28799 -5.40144
-3.28006 -5.407
-3.27838 -5.40795
-3.27195 -5.4123
-3.2667 -5.41599
-3.26404 -5.41791
-3.25603 -5.42335
-3.25495 -5.42393
-3.24801 -5.4288
-3.24329 -5.432
-3.24 -5.43424
-3.23197 -5.43967
-3.23162 -5.44006
-3.22403 -5.44522
-3.21992 -5.44808
-3.21603 -5.45069
-3.20814 -5.45597
-3.20801 -5.45612
-3.20004 -5.46163
-3.19645 -5.464
-3.19202 -5.46707
-3.18469 -5.47193
-3.18403 -5.47255
-3.17597 -5.47792
-3.17303 -5.48
-3.16801 -5.48345
-3.16131 -5.48799
-3.15997 -5.48887
-3.15196 -5.49431
-3.14956 -5.49592
-3.14399 -5.49983
-3.13791 -5.50401
-3.136 -5.50529
-3.128 -5.51077
-3.12623 -5.51206
-3.11997 -5.51618
-3.11453 -5.52007
-3.11197 -5.52165
-3.10405 -5.52723
-3.10274 -5.52795
-3.09595 -5.53255
-3.09104 -5.53597
-3.08806 -5.53817
-3.07999 -5.54355
-3.07932 -5.54396
-3.07205 -5.5491
-3.06762 -5.55197
-3.064 -5.5545
-3.05597 -5.55991
-3.05598 -5.56007
-3.04795 -5.56534
-3.04417 -5.56792
-3.03996 -5.57083
-3.03247 -5.57593
-3.03202 -5.57638
-3.02402 -5.58184
-3.02083 -5.58404
-3.01603 -5.58733
-3.00911 -5.59203
-3.00803 -5.59279
-2.99997 -5.59817
-2.99742 -5.60005
-2.99204 -5.60373
-2.98562 -5.60792
-2.98399 -5.60912
-2.97599 -5.6146
-2.97394 -5.61596
-2.96798 -5.62004
-2.96228 -5.62403
-2.96002 -5.62557
-2.95202 -5.63103
-2.95054 -5.63199
-2.94396 -5.63641
-2.93889 -5.64007
-2.93596 -5.64188
-2.92805 -5.64747
-2.92709 -5.64795
-2.91999 -5.65286
-2.91543 -5.65602
-2.91205 -5.65841
-2.904 -5.6638
-2.90365 -5.66392
-2.89606 -5.66935
-2.89196 -5.67194
-2.88798 -5.6747
-2.88027 -5.67998
-2.87997 -5.68015
-2.87201 -5.68567
-2.86852 -5.68792
-2.86395 -5.69105
-2.85683 -5.69595
-2.85601 -5.69661
-2.84805 -5.70213
-2.8452 -5.70405
-2.84 -5.70752
-2.83345 -5.712
-2.83202 -5.71302
-2.82399 -5.71844
-2.82176 -5.72003
-2.81596 -5.72387
-2.81003 -5.72801
-2.80795 -5.72931
-2.79999 -5.73483
-2.79831 -5.73599
-2.79204 -5.74038
-2.78662 -5.74402
-2.78402 -5.74581
-2.77599 -5.75123
-2.7749 -5.752
-2.76797 -5.75667
-2.76317 -5.75996
-2.76005 -5.76225
-2.75203 -5.76769
-2.7515 -5.76802
-2.74404 -5.77316
-2.73975 -5.77597
-2.73599 -5.77856
-2.72802 -5.78394
-2.72801 -5.78406
-2.72 -5.78951
-2.71632 -5.79196
-2.71205 -5.79504
-2.70462 -5.79996
-2.70405 -5.80052
-2.69602 -5.80593
-2.6929 -5.80795
-2.68797 -5.81132
-2.68118 -5.81593
-2.68004 -5.81689
-2.67205 -5.82238
-2.66949 -5.82397
-2.66395 -5.82769
-2.66293 -5.82842
-2.65993 -5.8306
-2.65776 -5.83203
-2.65595 -5.83309
-2.64798 -5.8385
-2.64586 -5.84007
-2.63997 -5.84385
-2.63392 -5.84807
-2.63203 -5.84931
-2.62399 -5.85461
-2.62193 -5.85596
-2.61604 -5.86005
-2.60997 -5.86392
-2.60795 -5.86528
-2.60003 -5.87077
-2.59812 -5.87204
-2.59201 -5.8761
-2.58614 -5.87997
-2.58395 -5.88138
-2.57601 -5.88684
-2.57425 -5.88802
-2.56799 -5.89217
-2.56228 -5.89595
-2.56002 -5.89758
-2.55203 -5.90296
-2.55034 -5.90394
-2.54403 -5.90832
-2.5385 -5.91207
-2.53599 -5.91362
-2.52798 -5.91898
-2.52648 -5.91993
-2.52 -5.92437
-2.51457 -5.92797
-2.51199 -5.92972
-2.50402 -5.93514
-2.50262 -5.93594
-2.49601 -5.94048
-2.49069 -5.94393
-2.48798 -5.9458
-2.48004 -5.95125
-2.47886 -5.95208
-2.47205 -5.95664
-2.4669 -5.96003
-2.46397 -5.96188
-2.45596 -5.96724
-2.45494 -5.968
-2.44797 -5.97262
-2.44301 -5.97599
-2.44001 -5.97804
-2.43203 -5.98344
-2.43111 -5.98403
-2.42397 -5.98871
-2.41916 -5.992
-2.41604 -5.99418
-2.40797 -5.99944
-2.40721 -5.99997
-2.39999 -6.00483
-2.39532 -6.00803
-2.39199 -6.01019
-2.38403 -6.01562
-2.38342 -6.01607
-2.37596 -6.02089
-2.37148 -6.02406
-2.36799 -6.02629
-2.36004 -6.03173
-2.35957 -6.03208
-2.35202 -6.03707
-2.34763 -6.04006
-2.34403 -6.04244
-2.33597 -6.04773
-2.33562 -6.04794
-2.32804 -6.05319
-2.32374 -6.05602
-2.32005 -6.05858
-2.31205 -6.06394
-2.31179 -6.06398
-2.30404 -6.06929
-2.29982 -6.07192
-2.29599 -6.07459
-2.28798 -6.07994
-2.28793 -6.07998
-2.27998 -6.0853
-2.27604 -6.08804
-2.27198 -6.09066
-2.26404 -6.09593
-2.26398 -6.09603
-2.25605 -6.10149
-2.25221 -6.10408
-2.24805 -6.10686
-2.24023 -6.11201
-2.23999 -6.11213
-2.23202 -6.11754
-2.23037 -6.11861
