2.13142 -6.109
2.13891 -6.10608
2.14581 -6.10204
2.15286 -6.0983
2.16004 -6.09479
2.16695 -6.09077
2.17428 -6.08755
2.18074 -6.08266
2.18798 -6.07927
2.19502 -6.07549
2.202 -6.0716
2.20958 -6.06887
2.21684 -6.06551
2.22359 -6.0612
2.23068 -6.05751
2.23733 -6.05297
2.24457 -6.0496
2.25188 -6.04633
2.25924 -6.04317
2.26623 -6.0393
2.27275 -6.03454
2.28029 -6.03172
2.2872 -6.02769
2.29469 -6.02479
2.30161 -6.02078
2.30821 -6.01616
2.31596 -6.01376
2.32321 -6.01039
2.32977 -6.00569
2.33736 -6.00297
2.34438 -5.99915
2.35139 -5.99532
2.35829 -5.99129
2.36519 -5.98725
2.37217 -5.98336
2.37968 -5.98048
2.38647 -5.97622
2.39404 -5.97348
2.40054 -5.96866
2.40769 -5.9651
2.415 -5.96183
2.42226 -5.9585
2.42915 -5.95443
2.43639 -5.95105
2.44336 -5.94713
2.45035 -5.94326
2.45724 -5.9392
2.46461 -5.93607
2.47148 -5.93195
2.47848 -5.92811
2.48557 -5.92444
2.49254 -5.92051
2.4998 -5.91716
2.50758 -5.91482
2.51444 -5.91069
2.52128 -5.90654
2.52878 -5.90364
2.53571 -5.89967
2.54237 -5.89517
2.54931 -5.89119
2.55639 -5.88749
2.56345 -5.88375
2.57053 -5.88007
2.57802 -5.87716
2.58496 -5.87319
2.59214 -5.86969
2.59898 -5.86552
2.60628 -5.86224
2.61327 -5.85838
2.62067 -5.85531
2.62773 -5.85156
2.63457 -5.84741
2.64157 -5.84355
2.64856 -5.83968
2.65592 -5.83652
2.66285 -5.83254
2.67021 -5.82938
2.67713 -5.82537
2.68429 -5.82184
2.69176 -5.81889
2.69887 -5.81524
2.70535 -5.81038
2.71281 -5.80737
2.71833 -5.80159
2.72523 -5.79741
2.73026 -5.79105
2.73745 -5.78721
2.74323 -5.78172
2.74914 -5.77638
2.75484 -5.7708
2.7604 -5.76506
2.76711 -5.76066
2.77253 -5.75475
2.77958 -5.75075
2.78465 -5.74444
2.79057 -5.73911
2.79661 -5.73393
2.80371 -5.72997
2.80982 -5.72487
2.81526 -5.719
2.82092 -5.71338
2.82735 -5.70864
2.8338 -5.70393
2.83973 -5.69862
2.84514 -5.6927
2.85097 -5.68728
2.85804 -5.68329
2.86358 -5.67752
2.86967 -5.67241
2.87567 -5.66718
2.88165 -5.66192
2.88738 -5.65637
2.89417 -5.65207
2.89912 -5.64562
2.90589 -5.64128
2.91152 -5.63562
2.9177 -5.6306
2.92398 -5.62569
2.93029 -5.62082
2.93563 -5.61483
2.94186 -5.60986
2.94751 -5.60423
2.95359 -5.59909
2.96041 -5.59482
2.96608 -5.5892
2.97162 -5.58344
2.97824 -5.57893
2.98381 -5.5732
2.9903 -5.56854
2.99632 -5.56333
3.00144 -5.55708
3.00832 -5.55287
3.01398 -5.54725
3.02052 -5.54265
3.02647 -5.53735
3.03164 -5.53117
3.03786 -5.52618
3.04387 -5.52096
3.04971 -5.51555
3.0568 -5.51159
3.06214 -5.5056
3.06858 -5.50088
3.07381 -5.49475
3.08014 -5.48991
3.08594 -5.48444
3.0928 -5.48021
3.09816 -5.47423
3.10496 -5.46993
3.11097 -5.46472
3.11695 -5.45947
3.12275 -5.45401
3.12841 -5.44838
3.13506 -5.4439
3.14009 -5.43755
3.14672 -5.43305
3.15219 -5.42721
3.15906 -5.42298
3.16523 -5.41795
3.17077 -5.41219
3.1765 -5.40665
3.18293 -5.40192
3.18888 -5.39663
3.19506 -5.39161
3.20046 -5.38568
3.20743 -5.38157
3.21354 -5.37647
3.21907 -5.3707
3.22471 -5.36505
3.23143 -5.36066
3.23771 -5.35575
3.24286 -5.34953
3.24914 -5.34463
3.25575 -5.3401
3.26117 -5.3342
3.26662 -5.32833
3.27305 -5.3236
3.27974 -5.31917
3.28472 -5.31277
3.29191 -5.30891
3.29781 -5.30357
3.30296 -5.29735
3.309 -5.29217
3.31526 -5.28725
3.32158 -5.28238
3.32771 -5.2773
3.33385 -5.27224
3.33902 -5.26605
3.34525 -5.26108
3.35111 -5.25569
3.35811 -5.25161
3.36359 -5.24578
3.36922 -5.24013
3.37574 -5.2355
3.38229 -5.23091
3.38712 -5.22432
3.3937 -5.21976
3.39988 -5.21475
3.40642 -5.21014
3.41195 -5.20436
3.41756 -5.19868
3.4238 -5.19373
3.42987 -5.18858
3.43602 -5.18352
3.44183 -5.17807
3.44755 -5.17252
3.45394 -5.16774
3.45995 -5.16252
3.46546 -5.15673
3.47225 -5.15241
3.47864 -5.14763
3.48433 -5.14204
3.49071 -5.13726
3.49595 -5.13115
3.50218 -5.12618
3.50867 -5.12137
3.51147 -5.11585
3.51621 -5.11183
3.52003 -5.10702
3.5227 -5.10144
3.5267 -5.09672
3.5301 -5.09152
3.53263 -5.08607
3.53393 -5.08002
3.53762 -5.07503
3.53767 -5.06885
3.53799 -5.06098
3.53713 -5.05312
3.53847 -5.04523
3.53674 -5.03739
3.53772 -5.02951
3.53637 -5.02166
3.53671 -5.01378
3.53758 -5.0059
3.53672 -4.99804
3.53777 -4.99016
3.537 -4.9823
3.53611 -4.97444
3.53655 -4.96657
3.53586 -4.95871
3.53634 -4.95083
3.53623 -4.94297
3.53528 -4.93511
3.53671 -4.92722
3.53478 -4.91938
3.53488 -4.91151
3.53558 -4.90363
3.53479 -4.89577
3.53553 -4.88789
3.53517 -4.88003
3.53477 -4.87216
3.53394 -4.8643
3.53434 -4.85643
3.53488 -4.84855
3.53437 -4.84069
3.53362 -4.83283
3.53405 -4.82496
3.53464 -4.81708
3.53459 -4.80921
3.53302 -4.80136
3.53397 -4.79348
3.53379 -4.78561
3.53325 -4.77775
3.53384 -4.76987
3.53309 -4.76204
3.53236 -4.75662
3.53243 -4.75117
3.52956 -4.74554
3.52909 -4.73906
3.52582 -4.73356
3.52431 -4.72742
3.52007 -4.721
3.517 -4.71398
3.51375 -4.70704
3.51029 -4.70143
3.50647 -4.69605
3.50221 -4.69123
3.49721 -4.68481
3.49042 -4.68045
3.48508 -4.67441
3.47808 -4.67029
3.47293 -4.66404
3.46648 -4.65928
3.46068 -4.65378
3.45486 -4.6483
3.44911 -4.64274
3.44206 -4.63868
3.43697 -4.63236
3.42997 -4.62823
3.42421 -4.62268
3.41834 -4.61727
3.41224 -4.61211
3.40694 -4.60603
3.40055 -4.60121
3.39472 -4.59574
3.38771 -4.59162
3.38217 -4.58582
3.37575 -4.58103
3.37064 -4.57474
3.3648 -4.56928
3.35834 -4.56455
3.35182 -4.55986
3.34564 -4.5548
3.33952 -4.54967
3.3341 -4.54373
3.32765 -4.53896
3.32219 -4.53307
3.3161 -4.5279
3.31065 -4.522
3.30345 -4.51811
3.2978 -4.51243
3.292 -4.50694
3.28563 -4.50208
3.2801 -4.49627
3.27426 -4.49081
3.2685 -4.48527
3.26235 -4.48017
3.25549 -4.47589
3.2497 -4.47037
3.24342 -4.46542
3.23734 -4.46024
3.23205 -4.45415
3.22625 -4.44865
3.21958 -4.44414
3.21357 -4.43888
3.20723 -4.434
3.20178 -4.42809
3.19538 -4.42329
3.1892 -4.41822
3.18386 -4.41219
3.17782 -4.40696
3.17163 -4.40191
3.1651 -4.39725
3.15994 -4.39101
3.1533 -4.38646
3.1475 -4.38097
3.14113 -4.37612
3.13554 -4.37037
3.12954 -4.36511
3.12396 -4.35935
3.11773 -4.35435
3.11127 -4.3496
3.10589 -4.34361
3.09856 -4.33986
3.09261 -4.33454
3.08684 -4.329
3.0815 -4.32297
3.07536 -4.31786
3.06903 -4.31296
3.06322 -4.30748
3.05656 -4.30296
3.05107 -4.2971
3.04437 -4.29263
3.03868 -4.287
3.03307 -4.28129
3.02637 -4.27682
3.02035 -4.27157
3.0151 -4.26543
3.00897 -4.26031
3.00349 -4.25444
2.99629 -4.25055
2.99015 -4.24543
2.98525 -4.2389
2.97859 -4.23438
2.97213 -4.22963
2.96685 -4.22353
2.96009 -4.21914
2.95477 -4.21309
2.9488 -4.20778
2.94318 -4.20207
2.93717 -4.19681
2.93047 -4.19234
2.92425 -4.18732
2.91801 -4.18233
2.91296 -4.17596
2.90604 -4.17175
2.90043 -4.16602
2.89487 -4.16025
2.88896 -4.15487
2.8828 -4.14979
2.87685 -4.14445
2.8703 -4.13981
2.86464 -4.13415
2.8577 -4.12995
2.8524 -4.12387
2.84569 -4.11942
2.84008 -4.11371
2.83454 -4.10791
2.82838 -4.10281
2.82204 -4.09793
2.81659 -4.09202
2.81013 -4.08728
2.8039 -4.08228
2.79825 -4.07659
2.79192 -4.07171
2.78567 -4.06672
2.77936 -4.06181
2.77355 -4.05631
2.76737 -4.05125
2.76253 -4.04465
2.75656 -4.03934
2.75023 -4.03444
2.74347 -4.03004
2.73771 -4.02449
2.73207 -4.0188
2.72592 -4.0137
2.72031 -4.00799
2.71367 -4.00345
2.70751 -3.99836
2.70206 -3.99245
2.6955 -3.98782
2.69029 -3.98164
2.68377 -3.97697
2.67803 -3.9714
2.67134 -3.96692
2.66532 -3.96167
2.65951 -3.95618
2.65389 -3.95048
2.64736 -3.94581
2.64207 -3.93972
2.63573 -3.93483
2.62894 -3.93047
2.62333 -3.92476
2.61794 -3.91878
2.61116 -3.9144
2.60593 -3.90824
2.59939 -3.90359
2.59355 -3.89814
2.58783 -3.89254
2.58089 -3.88835
2.57537 -3.88253
2.56945 -3.87717
2.56259 -3.87288
2.55745 -3.86661
2.55146 -3.86133
2.54513 -3.85645
2.53935 -3.85091
2.53241 -3.84672
2.52694 -3.84085
2.52073 -3.8358
2.51498 -3.83025
2.50846 -3.82558
2.50331 -3.81933
2.49689 -3.81454
2.49083 -3.80933
2.48437 -3.80459
2.47839 -3.79929
2.47231 -3.79411
2.46674 -3.78835
2.46041 -3.78345
2.45411 -3.77853
2.44867 -3.77261
2.44207 -3.76802
2.43683 -3.76188
2.43067 -3.75678
2.42425 -3.752
2.41828 -3.74669
2.41326 -3.7403
2.40649 -3.73591
2.40111 -3.72993
2.39495 -3.72484
2.38821 -3.72041
2.38253 -3.71478
2.37666 -3.70935
2.37014 -3.70468
2.36419 -3.69935
2.35781 -3.69451
2.35193 -3.68909
2.34695 -3.68266
2.34081 -3.67754
2.33469 -3.6724
2.32817 -3.66773
2.32272 -3.66183
2.3157 -3.65773
2.31032 -3.65174
2.30454 -3.64621
2.29835 -3.64117
2.29228 -3.63597
2.28604 -3.63098
2.28061 -3.62505
2.27383 -3.62067
2.26845 -3.61469
2.26164 -3.61034
2.25609 -3.60456
2.24959 -3.59986
2.24436 -3.5937
2.23784 -3.58902
2.23198 -3.58359
2.2254 -3.57898
2.21987 -3.57317
2.21447 -3.56721
2.2075 -3.56306
2.20191 -3.55731
2.19519 -3.55286
2.19023 -3.54639
2.18325 -3.54225
2.17766 -3.53651
2.1713 -3.53165
2.16508 -3.52663
2.15987 -3.52045
2.15359 -3.5155
2.14731 -3.51055
2.14149 -3.50506
2.1351 -3.50024
2.13005 -3.49388
2.12347 -3.48927
2.1172 -3.48431
2.11098 -3.47929
2.105 -3.47399
2.09958 -3.46806
2.09277 -3.46371
2.08779 -3.45726
2.08069 -3.45326
2.07471 -3.44796
2.06872 -3.44268
2.06332 -3.43672
2.0573 -3.43147
2.05185 -3.42557
2.04577 -3.42038
2.03976 -3.41512
2.03345 -3.41021
2.02763 -3.40472
2.02083 -3.40037
2.01451 -3.39547
2.00899 -3.38965
2.00347 -3.38382
1.99733 -3.37871
1.99104 -3.37377
1.98513 -3.36839
1.97944 -3.36276
1.97304 -3.35795
1.9664 -3.35341
1.96121 -3.34721
1.95474 -3.34248
1.9486 -3.33736
1.94308 -3.33154
1.93678 -3.32662
1.93129 -3.32076
1.925 -3.31582
1.91823 -3.31143
1.91212 -3.30629
1.9071 -3.29988
1.90054 -3.29525
1.89499 -3.28947
1.88839 -3.28488
1.8831 -3.2788
1.87646 -3.27425
1.87 -3.26951
1.86487 -3.26324
1.85876 -3.2581
1.85282 -3.25275
1.84669 -3.24763
1.84037 -3.24273
1.83413 -3.23773
1.8281 -3.23249
1.82207 -3.22725
1.81636 -3.22165
1.81083 -3.21584
1.80419 -3.2113
1.79783 -3.20644
1.79193 -3.20105
1.78643 -3.19521
1.7808 -3.18951
1.77416 -3.18497
1.76837 -3.17946
1.76218 -3.1744
1.75581 -3.16955
1.75024 -3.16379
1.74345 -3.15943
1.73752 -3.15407
1.73259 -3.14757
1.72596 -3.14302
1.71947 -3.13831
1.71388 -3.13257
1.7085 -3.12658
1.70129 -3.1227
1.69573 -3.11692
1.68994 -3.11141
1.68402 -3.10605
1.6779 -3.10091
1.6717 -3.09586
1.66539 -3.09095
1.66023 -3.08472
1.65368 -3.08007
1.64784 -3.07462
1.64206 -3.06909
1.63528 -3.06472
1.62983 -3.05881
1.62396 -3.05338
1.61701 -3.04921
1.61198 -3.04282
1.60563 -3.03795
1.59892 -3.03349
1.59356 -3.02749
1.58797 -3.02174
1.58104 -3.01754
1.57567 -3.01155
1.56898 -3.00706
1.56283 -3.00196
1.55796 -2.9954
1.55163 -2.9905
1.54555 -2.98532
1.53892 -2.98076
1.53299 -2.97542
1.52728 -2.96981
1.52063 -2.96528
1.51488 -2.95973
1.50963 -2.95359
1.50266 -2.94943
1.49699 -2.94378
1.49163 -2.93777
1.48445 -2.93386
1.47856 -2.92845
1.47343 -2.92218
1.46742 -2.91693
1.46091 -2.91224
1.45542 -2.90638
1.44946 -2.90106
1.44356 -2.89567
1.43683 -2.89123
1.43088 -2.88591
1.42422 -2.88139
1.41873 -2.87554
1.41268 -2.87032
1.40692 -2.86477
1.40089 -2.85954
1.39412 -2.85515
1.38851 -2.84942
1.3832 -2.84336
1.37621 -2.83922
1.37006 -2.83412
1.36442 -2.82844
1.35823 -2.82339
1.35242 -2.8179
1.34708 -2.81187
1.34095 -2.80674
1.33463 -2.80184
1.32811 -2.79716
1.32187 -2.79216
1.3165 -2.78617
1.31098 -2.78034
1.3039 -2.77632
1.29811 -2.7708
1.29236 -2.76524
1.28574 -2.76068
1.28068 -2.75433
1.27454 -2.74921
1.26881 -2.74364
1.26177 -2.73955
1.25682 -2.73308
1.25008 -2.72865
1.24387 -2.72362
1.23761 -2.71865
1.23191 -2.71303
1.2266 -2.70697
1.22026 -2.70208
1.21442 -2.69663
1.20779 -2.69207
1.2025 -2.68599
1.19587 -2.68144
1.19015 -2.67585
1.18344 -2.67139
1.17761 -2.66593
1.17133 -2.66097
1.16586 -2.65509
1.16026 -2.64936
1.15442 -2.6439
1.14841 -2.63864
1.14172 -2.63416
1.13559 -2.62904
1.12914 -2.62429
1.12368 -2.61839
1.11773 -2.61306
1.11133 -2.60825
1.10519 -2.60313
1.09899 -2.59809
1.09316 -2.59262
1.08762 -2.58682
1.08091 -2.58237
1.07558 -2.57633
1.06978 -2.57082
1.06342 -2.56596
1.05804 -2.55997
1.05099 -2.55592
1.04568 -2.54985
1.03939 -2.5449
1.03334 -2.53969
1.02696 -2.53486
1.02076 -2.52981
1.01584 -2.5233
1.00974 -2.51814
1.00381 -2.51279
0.996614 -2.50889
0.991011 -2.50316
0.985017 -2.49788
0.979806 -2.49171
0.972975 -2.48739
0.966501 -2.48266
0.960944 -2.47688
0.955261 -2.47124
0.948435 -2.46692
0.943508 -2.46041
0.937204 -2.45549
0.93144 -2.44995
0.925534 -2.44457
0.919396 -2.43945
0.913406 -2.43417
0.907246 -2.42908
0.90116 -2.42391
0.89478 -2.41907
0.88874 -2.41384
0.882227 -2.40916
0.876673 -2.40337
0.870219 -2.39862
0.864677 -2.39283
0.858917 -2.38728
0.852096 -2.38295
0.846781 -2.37689
0.841236 -2.37109
0.834536 -2.36663
0.828385 -2.36153
0.822102 -2.35658
0.816493 -2.35086
0.810579 -2.34549
0.80431 -2.34052
0.798661 -2.33485
0.792333 -2.32995
0.785922 -2.32515
0.779865 -2.31994
0.775026 -2.31334
0.768944 -2.30816
0.762786 -2.30307
0.75697 -2.29758
0.749882 -2.29356
0.743945 -2.28822
0.737894 -2.283
0.731622 -2.27804
0.726848 -2.27136
0.720425 -2.26657
0.714302 -2.26144
0.708366 -2.2561
0.702062 -2.25117
0.695848 -2.24615
0.689638 -2.24112
0.684135 -2.23527
0.678608 -2.22946
0.67173 -2.22519
0.666394 -2.21916
0.660305 -2.21399
0.654579 -2.2084
0.648273 -2.20348
0.641818 -2.19873
0.635502 -2.19382
0.630395 -2.18752
0.62325 -2.18359
0.622816 -2.18313
0.617813 -2.17671
0.611034 -2.17246
0.604861 -2.16747
0.599306 -2.16172
0.592447 -2.15757
0.587095 -2.15158
0.580436 -2.14718
0.574243 -2.14221
0.568434 -2.13678
0.561511 -2.1327
0.555935 -2.12698
0.550284 -2.12135
0.543613 -2.11697
0.537492 -2.11191
0.531587 -2.1066
0.524839 -2.10231
0.519381 -2.09644
0.513349 -2.09128
0.506465 -2.08716
0.50045 -2.08197
0.493971 -2.07736
0.487728 -2.07245
0.482746 -2.06601
0.476136 -2.06155
0.469576 -2.05703
0.46399 -2.05132
0.457982 -2.04613
0.451061 -2.04205
0.445378 -2.03646
0.439252 -2.03142
0.433689 -2.02568
0.427214 -2.02106
0.421311 -2.01574
0.414777 -2.01119
0.408237 -2.00664
0.402379 -2.00127
0.396235 -1.99624
0.389992 -1.99134
0.384357 -1.98569
0.377482 -1.98156
0.371559 -1.97626
0.36605 -1.97046
0.359749 -1.96563
0.353501 -1.96073
0.347475 -1.95555
0.340982 -1.95095
0.334698 -1.9461
0.328274 -1.94141
0.322445 -1.936
0.316277 -1.93101
0.310907 -1.92504
0.303923 -1.92103
0.298243 -1.91544
0.292027 -1.9105
0.285711 -1.90569
0.280235 -1.89985
0.273235 -1.89586
0.267869 -1.88989
0.261156 -1.88556
0.255172 -1.88034
0.249046 -1.87529
0.242786 -1.8704
0.236188 -1.86593
0.230161 -1.86076
0.224256 -1.85544
0.218066 -1.85047
0.211893 -1.84548
0.20554 -1.84071
0.19964 -1.83539
0.193544 -1.8303
0.187131 -1.8256
0.181451 -1.82001
0.175176 -1.81514
0.16935 -1.80973
0.163129 -1.8048
0.156936 -1.79983
0.151027 -1.79452
0.144207 -1.79032
0.13861 -1.78462
0.132263 -1.77984
0.126002 -1.77496
0.120247 -1.76946
0.113622 -1.76502
0.108401 -1.75887
0.102116 -1.75401
0.096095 -1.74884
0.0896175 -1.74422
0.0830524 -1.73971
0.0770062 -1.73456
0.0711166 -1.72922
0.0651508 -1.72398
0.0583846 -1.71971
0.052001 -1.71498
0.0465232 -1.70914
0.040311 -1.7042
0.0343149 -1.69899
0.0275432 -1.69473
0.0216117 -1.68944
0.0160297 -1.68373
0.00972522 -1.6789
0.00337603 -1.67413
-0.00325437 -1.66969
-0.00914202 -1.66435
-0.0150445 -1.65903
-0.0207625 -1.65349
-0.0278191 -1.64957
-0.0330132 -1.64339
-0.0397283 -1.63906
-0.0455742 -1.63367
-0.051892 -1.62885
-0.0584687 -1.62436
-0.0640309 -1.6179
-0.0717251 -1.61886
-0.0794193 -1.61933
-0.0871135 -1.61763
-0.0948077 -1.61885
-0.102502 -1.61872
-0.110196 -1.61856
-0.11789 -1.61798
-0.125584 -1.61881
-0.133279 -1.61865
-0.140973 -1.61805
-0.148667 -1.6186
-0.156361 -1.61785
-0.164055 -1.61944
-0.17175 -1.61853
-0.179444 -1.61942
-0.187423 -1.61828
-0.193741 -1.62312
-0.198932 -1.6293
-0.20487 -1.6346
-0.210914 -1.63976
-0.217842 -1.64387
-0.223128 -1.64995
-0.230086 -1.65402
-0.236311 -1.65897
-0.24138 -1.6653
-0.247457 -1.67043
-0.253743 -1.67531
-0.260864 -1.67919
-0.266829 -1.68445
-0.272427 -1.69015
-0.278248 -1.69558
-0.284943 -1.69997
-0.290652 -1.70554
-0.296621 -1.71079
-0.302875 -1.71571
-0.308541 -1.72132
-0.314912 -1.7261
-0.320897 -1.73134
-0.326939 -1.73651
-0.333364 -1.74122
-0.339593 -1.74616
-0.345708 -1.75125
-0.351703 -1.75647
-0.357887 -1.76147
-0.363984 -1.76657
-0.370436 -1.77125
-0.37658 -1.7763
-0.381555 -1.78274
-0.388425 -1.78692
-0.394392 -1.79218
-0.400285 -1.79753
-0.406453 -1.80255
-0.412635 -1.80755
-0.419018 -1.81231
-0.424931 -1.81763
-0.431435 -1.82225
-0.436545 -1.82853
-0.443666 -1.83241
-0.449788 -1.83749
-0.455013 -1.84363
-0.461711 -1.84802
-0.467346 -1.85367
-0.474199 -1.85787
-0.479597 -1.86381
-0.486142 -1.86838
-0.492124 -1.87362
-0.497481 -1.8796
-0.503419 -1.8849
-0.510261 -1.88911
-0.516053 -1.89458
-0.522696 -1.89903
-0.529067 -1.9038
-0.534349 -1.90988
-0.541094 -1.91421
-0.547077 -1.91945
-0.5527 -1.92512
-0.559373 -1.92953
-0.564903 -1.93531
-0.570564 -1.94094
-0.576891 -1.94577
-0.582958 -1.95091
-0.589265 -1.95576
-0.595296 -1.96094
-0.601231 -1.96624
-0.607815 -1.97076
-0.613919 -1.97585
-0.619322 -1.98178
-0.625623 -1.98664
-0.6318 -1.99165
-0.638416 -1.99614
-0.643717 -2.00219
-0.650537 -2.00643
-0.656946 -2.01116
-0.663019 -2.01629
-0.669227 -2.02126
-0.674472 -2.02738
-0.680174 -2.03296
-0.68654 -2.03774
-0.692707 -2.04276
-0.699182 -2.04741
-0.704663 -2.05325
-0.711776 -2.05714
-0.717076 -2.06319
-0.723761 -2.0676
-0.729734 -2.07285
-0.735443 -2.07841
-0.742287 -2.08263
-0.748006 -2.08818
-0.753636 -2.09384
-0.760549 -2.09797
-0.766125 -2.10369
-0.772724 -2.1082
-0.778091 -2.11417
-0.784523 -2.11888
-0.790546 -2.12407
-0.797118 -2.1286
-0.802289 -2.13481
-0.809151 -2.139
-0.814443 -2.14507
-0.820939 -2.14969
-0.82729 -2.15449
-0.833537 -2.15942
-0.839662 -2.16449
-0.845698 -2.16966
-0.851491 -2.17513
-0.857541 -2.18029
-0.863382 -2.1857
-0.870012 -2.19016
-0.875864 -2.19556
-0.882214 -2.20039
-0.888366 -2.2055
-0.893441 -2.21181
-0.899211 -2.21735
-0.905048 -2.22281
-0.911264 -2.22785
-0.917558 -2.2328
-0.922988 -2.23872
-0.92978 -2.24312
-0.935966 -2.24819
-0.940944 -2.25461
-0.947655 -2.2591
-0.953681 -2.26436
-0.958657 -2.27078
-0.965734 -2.27486
-0.971023 -2.28093
-0.976999 -2.28624
-0.983463 -2.291
-0.989065 -2.29673
-0.994584 -2.30255
-1.00054 -2.30787
-1.00693 -2.31272
-1.01281 -2.31814
-1.01885 -2.32337
-1.02512 -2.32835
-1.03075 -2.33405
-1.03594 -2.34023
-1.04181 -2.34565
-1.04834 -2.35034
-1.05432 -2.35566
-1.06069 -2.36052
-1.06673 -2.36575
-1.07273 -2.37104
-1.07811 -2.37701
-1.08472 -2.38161
-1.08944 -2.38832
-1.09541 -2.39364
-1.10129 -2.39905
-1.10854 -2.40294
-1.11399 -2.40883
-1.12025 -2.41382
-1.12614 -2.41923
-1.13166 -2.42505
-1.13779 -2.43018
-1.14319 -2.43613
-1.149 -2.44162
-1.15549 -2.44636
-1.16144 -2.4517
-1.1677 -2.45669
-1.17322 -2.46251
-1.17899 -2.46805
-1.18462 -2.47374
-1.19123 -2.47833
-1.19764 -2.48316
-1.2031 -2.48904
-1.20942 -2.49397
-1.21455 -2.50022
-1.22063 -2.50541
-1.22658 -2.51075
-1.23284 -2.51574
-1.23887 -2.52099
-1.24498 -2.52615
-1.25116 -2.53123
-1.25712 -2.53655
-1.26301 -2.54195
-1.26801 -2.54835
-1.27431 -2.5533
-1.28099 -2.55782
-1.28691 -2.56319
-1.29193 -2.56957
-1.29831 -2.57442
-1.30416 -2.57987
-1.31032 -2.58498
-1.3165 -2.59006
-1.32165 -2.59628
-1.3275 -2.60174
-1.33359 -2.60691
-1.33944 -2.61236
-1.34606 -2.61696
-1.35152 -2.62283
-1.35759 -2.62804
-1.36392 -2.63296
-1.36911 -2.63914
-1.37566 -2.64381
-1.38114 -2.64967
-1.38709 -2.655
-1.39301 -2.66037
-1.39926 -2.66537
-1.40513 -2.6708
-1.41103 -2.6762
-1.41766 -2.68078
-1.42371 -2.686
-1.42929 -2.69175
-1.43457 -2.69783
-1.4414 -2.70219
-1.44669 -2.70826
-1.45228 -2.714
-1.45874 -2.71877
-1.46461 -2.72419
-1.47007 -2.73007
-1.47619 -2.73523
-1.48308 -2.73952
-1.48885 -2.74506
-1.4943 -2.75094
-1.50092 -2.75553
-1.50664 -2.76114
-1.51209 -2.76703
-1.51765 -2.7728
-1.52468 -2.77693
-1.5303 -2.78264
-1.53637 -2.78784
-1.54247 -2.79301
-1.54779 -2.79905
-1.55347 -2.80468
-1.55978 -2.80961
-1.56527 -2.81547
-1.57229 -2.81961
-1.57728 -2.82602
-1.58352 -2.83104
-1.58987 -2.83593
-1.59544 -2.84169
-1.60195 -2.8464
-1.60796 -2.85167
-1.61312 -2.85788
-1.61941 -2.86285
-1.6246 -2.86903
-1.6315 -2.87331
-1.63772 -2.87834
-1.64261 -2.88486
-1.6485 -2.89027
-1.65436 -2.8957
-1.66103 -2.90024
-1.66717 -2.90536
-1.67339 -2.9104
-1.67827 -2.91693
-1.68525 -2.92112
-1.6913 -2.92634
-1.69642 -2.9326
-1.70281 -2.93745
-1.70906 -2.94246
-1.71489 -2.94792
-1.72058 -2.95355
-1.72569 -2.95982
-1.73286 -2.96381
-1.73781 -2.97025
-1.74433 -2.97496
-1.74969 -2.98094
-1.75637 -2.98548
-1.76193 -2.99124
-1.76736 -2.99716
-1.77346 -3.00233
-1.77921 -3.00789
-1.78557 -3.01277
-1.79243 -3.01709
-1.79735 -3.02358
-1.8036 -3.02859
-1.80925 -3.03425
-1.81558 -3.03916
-1.8215 -3.04453
-1.82768 -3.04962
-1.83303 -3.05562
-1.83938 -3.06051
-1.84536 -3.06582
-1.85112 -3.07136
-1.8566 -3.07723
-1.86325 -3.08179
-1.86932 -3.08699
-1.87483 -3.09281
-1.88087 -3.09805
-1.88704 -3.10315
-1.89225 -3.1093
-1.89838 -3.11444
-1.90439 -3.11971
-1.91112 -3.12417
-1.91726 -3.1293
-1.92216 -3.13581
-1.92845 -3.14077
-1.93488 -3.14557
-1.94108 -3.15062
-1.9464 -3.15666
-1.95179 -3.16263
-1.95807 -3.1676
-1.96422 -3.17271
-1.96956 -3.17873
-1.97585 -3.18369
-1.98248 -3.18827
-1.98847 -3.19356
-1.99456 -3.19874
-1.99933 -3.20539
-2.0056 -3.21037
-2.01224 -3.21494
-2.01808 -3.2204
-2.02422 -3.22553
-2.02903 -3.23214
-2.03544 -3.23695
-2.04168 -3.24197
-2.04726 -3.24772
-2.05284 -3.25347
-2.05944 -3.25808
-2.06547 -3.26333
-2.0709 -3.26924
-2.07758 -3.27377
-2.0835 -3.27914
-2.08848 -3.28555
-2.0956 -3.28959
-2.10061 -3.29598
-2.10638 -3.30151
-2.11244 -3.30673
-2.11859 -3.31184
-2.1242 -3.31756
-2.13051 -3.3225
-2.13727 -3.32692
-2.14241 -3.33317
-2.14896 -3.33784
-2.15157 -3.34093
-2.15108 -3.34144
-2.1506 -3.34201
-2.15016 -3.34261
-2.14975 -3.34324
-2.14938 -3.34389
-2.14906 -3.34456
-2.14877 -3.34525
-2.14853 -3.34596
-2.14834 -3.34668
-2.14819 -3.34741
-2.14808 -3.34815
-2.14803 -3.34889
-2.14801 -3.34964
-2.14805 -3.35038
-2.14813 -3.35113
-2.14826 -3.35186
-2.14843 -3.35259
-2.15085 -3.36152
-2.15106 -3.36223
-2.15133 -3.36293
-2.15163 -3.36361
-2.15197 -3.36428
-2.16788 -3.39057
-2.16825 -3.39118
-2.16866 -3.39177
-2.16911 -3.39233
-2.16958 -3.39287
-2.17827 -3.40207
-2.17879 -3.40259
-2.17934 -3.40307
-2.17992 -3.40353
-2.18053 -3.40394
-2.18117 -3.40432
-2.18182 -3.40466
-2.1825 -3.40495
-2.18319 -3.40521
-2.18389 -3.40542
-2.21773 -3.41365
-2.21845 -3.41379
-2.21918 -3.41388
-2.21992 -3.41393
-2.22066 -3.41393
-2.22139 -3.41389
-2.22213 -3.4138
-2.22285 -3.41366
-2.22357 -3.41348
-2.22427 -3.41326
-2.22496 -3.413
-2.22563 -3.41269
-2.22628 -3.41235
-2.22691 -3.41196
-2.22751 -3.41154
-2.22809 -3.41108
-2.22863 -3.41058
-2.22912 -3.41008
-2.23177 -3.4131
-2.23837 -3.41772
-2.24361 -3.42383
-2.25 -3.42869
-2.25511 -3.43496
-2.26142 -3.4399
-2.26792 -3.44462
-2.27306 -3.45086
-2.27918 -3.456
-2.28522 -3.46125
-2.29154 -3.46617
-2.29666 -3.47243
-2.30329 -3.47701
-2.30899 -3.48262
-2.31555 -3.48729
-2.32116 -3.493
-2.32675 -3.49874
-2.33277 -3.504
-2.33854 -3.50953
-2.34544 -3.51381
-2.35115 -3.51942
-2.3571 -3.52476
-2.3629 -3.53026
-2.36834 -3.53617
-2.37459 -3.54117
-2.38014 -3.54694
-2.38655 -3.55177
-2.39254 -3.55707
-2.399 -3.56183
-2.40383 -3.56842
-2.41024 -3.57324
-2.41585 -3.57896
-2.42207 -3.584
-2.42806 -3.58929
-2.43342 -3.59528
-2.43933 -3.60067
-2.44645 -3.6047
-2.45154 -3.61099
-2.45733 -3.61651
-2.46442 -3.62057
-2.46997 -3.62635
-2.47571 -3.63193
-2.48112 -3.63786
-2.48725 -3.64301
-2.49405 -3.64739
-2.49957 -3.65321
-2.50584 -3.65819
-2.51155 -3.66379
-2.51693 -3.66977
-2.52298 -3.67499
-2.52923 -3.67999
-2.53483 -3.68572
-2.54059 -3.69127
-2.54643 -3.69673
-2.55279 -3.70161
-2.55949 -3.70611
-2.56514 -3.71179
-2.57024 -3.71807
-2.5761 -3.7235
-2.58237 -3.72848
-2.58834 -3.7338
-2.5946 -3.73879
-2.5999 -3.74485
-2.60672 -3.74922
-2.61223 -3.75505
-2.61838 -3.76015
-2.62431 -3.76552
-2.62999 -3.77116
-2.63572 -3.77674
-2.64228 -3.78139
-2.64752 -3.78752
-2.65368 -3.79263
-2.65938 -3.79824
-2.66644 -3.80235
-2.67198 -3.80813
-2.67764 -3.8138
-2.68386 -3.81883
-2.69008 -3.82387
-2.6961 -3.82913
-2.7017 -3.83485
-2.70731 -3.84057
-2.71326 -3.84591
-2.71938 -3.85106
-2.72548 -3.85623
-2.73188 -3.86106
-2.73764 -3.86661
-2.74316 -3.87242
-2.74942 -3.87742
-2.75491 -3.88327
-2.76159 -3.88779
-2.76767 -3.89298
-2.77276 -3.89928
-2.77878 -3.90454
-2.78484 -3.90975
-2.7913 -3.91452
-2.79668 -3.92049
-2.80309 -3.92531
-2.80855 -3.9312
-2.81429 -3.93677
-2.82028 -3.94207
-2.82617 -3.94746
-2.83308 -3.95173
-2.83818 -3.95802
-2.84478 -3.96263
-2.84989 -3.9689
-2.85669 -3.9733
-2.86181 -3.97956
-2.86775 -3.98491
-2.87427 -3.98961
-2.87985 -3.99535
-2.88542 -4.00112
-2.89179 -4.00598
-2.89818 -4.01083
-2.90402 -4.01629
-2.91017 -4.0214
-2.91626 -4.02658
-2.9214 -4.03283
-2.92755 -4.03794
-2.93352 -4.04325
-2.93999 -4.04801
-2.94495 -4.05446
-2.95125 -4.0594
-2.95708 -4.06487
-2.96393 -4.0692
-2.96909 -4.07542
-2.97583 -4.07988
-2.98051 -4.08663
-2.98685 -4.09153
-2.99318 -4.09645
-2.99941 -4.10147
-3.00545 -4.1067
-3.01141 -4.11203
-3.01626 -4.1186
-3.02253 -4.12357
-3.02842 -4.12898
-3.03475 -4.13389
-3.04003 -4.13998
-3.04675 -4.14446
-3.05303 -4.14942
-3.05807 -4.15577
-3.06431 -4.16079
-3.07098 -4.16533
-3.07574 -4.17198
-3.08176 -4.17724
-3.08775 -4.18253
-3.09383 -4.18773
-3.09945 -4.19343
-3.1066 -4.19743
-3.11219 -4.20317
-3.11801 -4.20865
-3.12356 -4.21444
-3.13034 -4.21885
-3.13611 -4.22439
-3.1412 -4.23068
-3.1476 -4.23552
-3.15344 -4.24097
-3.15966 -4.24601
-3.16615 -4.25075
-3.17192 -4.25628
-3.17717 -4.2624
-3.18275 -4.26815
-3.18979 -4.27227
-3.19505 -4.27838
-3.20101 -4.28371
-3.20758 -4.28836
-3.2132 -4.29406
-3.21918 -4.29936
-3.22463 -4.30526
-3.2303 -4.3109
-3.23701 -4.3154
-3.24231 -4.32146
-3.24904 -4.32592
-3.25486 -4.33141
-3.2605 -4.33709
-3.26596 -4.34297
-3.27316 -4.34691
-3.27786 -4.35364
-3.28479 -4.3579
-3.28995 -4.36411
-3.29588 -4.36946
-3.30237 -4.3742
-3.30827 -4.37959
-3.31483 -4.38426
-3.32024 -4.39019
-3.32548 -4.39632
-3.33155 -4.40152
-3.3385 -4.40574
-3.34419 -4.41138
-3.34989 -4.41699
-3.35541 -4.4228
-3.3623 -4.4271
-3.36769 -4.43306
-3.37413 -4.43784
-3.37932 -4.44402
-3.38618 -4.44835
-3.39157 -4.45431
-3.39772 -4.45943
-3.40281 -4.46572
-3.40997 -4.46971
-3.41494 -4.47614
-3.42182 -4.48044
-3.42741 -4.48618
-3.43318 -4.49172
-3.4397 -4.49642
-3.4453 -4.50216
-3.45126 -4.50713
-3.45622 -4.51315
-3.46152 -4.51881
-3.46737 -4.52389
-3.47284 -4.52938
-3.47933 -4.53377
-3.48418 -4.53992
-3.4902 -4.54481
-3.49527 -4.55072
-3.50131 -4.5556
-3.50654 -4.56133
-3.51322 -4.56553
-3.51853 -4.57118
-3.52419 -4.57647
-3.53021 -4.58137
-3.53547 -4.58707
-3.54065 -4.59286
-3.546 -4.59848
-3.55253 -4.60295
-3.55871 -4.6078
-3.56394 -4.61369
-3.56923 -4.61952
-3.57522 -4.62457
-3.58102 -4.62983
-3.58682 -4.6351
-3.59245 -4.64055
-3.59901 -4.64499
-3.60399 -4.65114
-3.61011 -4.65606
-3.61605 -4.66118
-3.62196 -4.66632
-3.62741 -4.67196
-3.63325 -4.67741
-3.63944 -4.68244
-3.64616 -4.68686
-3.65181 -4.69251
-3.65826 -4.69725
-3.66423 -4.70253
-3.67037 -4.70763
-3.67578 -4.71357
-3.68189 -4.7187
-3.68783 -4.72402
-3.69433 -4.7287
-3.6998 -4.73457
-3.70628 -4.73926
-3.71276 -4.74396
-3.71787 -4.75025
-3.7243 -4.755
-3.73066 -4.75984
-3.73689 -4.76482
-3.74271 -4.7703
-3.748 -4.7765
-3.75214 -4.77945
-3.75801 -4.78316
-3.7626 -4.78828
-3.76805 -4.79246
-3.77304 -4.79714
-3.77794 -4.80192
-3.78276 -4.80661
-3.78612 -4.8117
-3.78992 -4.81644
-3.79307 -4.82225
-3.79689 -4.8276
-3.80066 -4.83324
-3.8051 -4.83863
-3.807 -4.8439
-3.80804 -4.84953
-3.81025 -4.85455
-3.81129 -4.85863
-3.81218 -4.8628
-3.8115 -4.87065
-3.81133 -4.87851
-3.81215 -4.88636
-3.81132 -4.89421
-3.81086 -4.90207
-3.81133 -4.90992
-3.81252 -4.91777
-3.81168 -4.92562
-3.81126 -4.93348
-3.81133 -4.94133
-3.81163 -4.94918
-3.81155 -4.95704
-3.81142 -4.96489
-3.81242 -4.97274
-3.8111 -4.9806
-3.81131 -4.98845
-3.81242 -4.9963
-3.81278 -5.00415
-3.81148 -5.01201
-3.81304 -5.01985
-3.81182 -5.02771
-3.81299 -5.03556
-3.81217 -5.04342
-3.8126 -5.05127
-3.81216 -5.05912
-3.81161 -5.06698
-3.81213 -5.07483
-3.81194 -5.08268
-3.81337 -5.09053
-3.81218 -5.09839
-3.81231 -5.10622
-3.81279 -5.11226
-3.81294 -5.11852
-3.8092 -5.1253
-3.80845 -5.13298
-3.8059 -5.14018
-3.80242 -5.14553
-3.80085 -5.15175
-3.7981 -5.15746
-3.79367 -5.16374
-3.79129 -5.17143
-3.78465 -5.17538
-3.77886 -5.18021
-3.77345 -5.18631
-3.76632 -5.19015
-3.76 -5.19505
-3.75407 -5.20047
-3.74809 -5.20582
-3.74146 -5.21031
-3.73499 -5.21502
-3.72861 -5.21984
-3.72182 -5.22413
-3.71589 -5.22955
-3.70977 -5.23471
-3.70334 -5.23947
-3.69642 -5.24359
-3.68968 -5.24794
-3.68372 -5.25332
-3.6778 -5.25874
-3.67087 -5.26285
-3.66462 -5.26785
-3.65809 -5.27248
-3.65265 -5.27853
-3.64579 -5.28272
-3.63964 -5.28785
-3.63242 -5.29157
-3.6268 -5.2974
-3.62074 -5.30264
-3.61383 -5.30677
-3.60768 -5.31189
-3.60135 -5.31678
-3.59505 -5.32171
-3.58799 -5.32565
-3.58266 -5.33184
-3.57513 -5.33517
-3.56932 -5.34074
-3.56296 -5.34559
-3.5563 -5.35005
-3.5505 -5.35563
-3.54405 -5.36037
-3.53723 -5.36462
-3.53109 -5.36975
-3.5252 -5.37522
-3.5188 -5.38001
-3.51173 -5.38394
-3.50612 -5.38977
-3.49985 -5.39474
-3.49255 -5.39836
-3.48679 -5.404
-3.47996 -5.40823
-3.47381 -5.41336
-3.4675 -5.41827
-3.46057 -5.42238
-3.4542 -5.42722
-3.44873 -5.43324
-3.44263 -5.43842
-3.43555 -5.44234
-3.42926 -5.44728
-3.42305 -5.45233
-3.41694 -5.45751
-3.41079 -5.46263
-3.40414 -5.46711
-3.39776 -5.47192
-3.39157 -5.47701
-3.38432 -5.48068
-3.37837 -5.48607
-3.37519 -5.48858
-3.37501 -5.48829
-3.37457 -5.48769
-3.3741 -5.48711
-3.37359 -5.48657
-3.37305 -5.48605
-3.37248 -5.48558
-3.37188 -5.48514
-3.37125 -5.48473
-3.3706 -5.48437
-3.36993 -5.48405
-3.36923 -5.48377
-3.36853 -5.48353
-3.36781 -5.48334
-3.36708 -5.48319
-3.36634 -5.48309
-3.36559 -5.48304
-3.35538 -5.4826
-3.35467 -5.48259
-3.35395 -5.48262
-3.35324 -5.4827
-3.35254 -5.48282
-3.35184 -5.48298
-3.35115 -5.48318
-3.35048 -5.48342
-3.32045 -5.49545
-3.31977 -5.49573
-3.31912 -5.49605
-3.31848 -5.49641
-3.31787 -5.4968
-3.31728 -5.49724
-3.31672 -5.49771
-3.31619 -5.49821
-3.31569 -5.49874
-3.31522 -5.4993
-3.31479 -5.49989
-3.3144 -5.50051
-3.29235 -5.5389
-3.29199 -5.53955
-3.29167 -5.54022
-3.29139 -5.54091
-3.29115 -5.54162
-3.29096 -5.54233
-3.29082 -5.54306
-3.29071 -5.5438
-3.29066 -5.54454
-3.29065 -5.54528
-3.29068 -5.54602
-3.29077 -5.54676
-3.29089 -5.54749
-3.29107 -5.54822
-3.29128 -5.54893
-3.29154 -5.54962
-3.29185 -5.5503
-3.29219 -5.55096
-3.29258 -5.55159
-3.29287 -5.55201
-3.29287 -5.55201
-3.28983 -5.55464
-3.28238 -5.55806
-3.27647 -5.5635
-3.26986 -5.56802
-3.2637 -5.57314
-3.25709 -5.57766
-3.25139 -5.58338
-3.24433 -5.58731
-3.23789 -5.59205
-3.23189 -5.59738
-3.22548 -5.60216
-3.21992 -5.60807
-3.21283 -5.61195
-3.20643 -5.61676
-3.19987 -5.62135
-3.1935 -5.62618
-3.18717 -5.63107
-3.18074 -5.63583
-3.17488 -5.64135
-3.1682 -5.64578
-3.16183 -5.65061
-3.15625 -5.65649
-3.14898 -5.66014
-3.1426 -5.66497
-3.13696 -5.67076
-3.13036 -5.67529
-3.12331 -5.67925
-3.11787 -5.68531
-3.1107 -5.68909
-3.10447 -5.69411
-3.09845 -5.69941
-3.09226 -5.70448
-3.0858 -5.70921
-3.07957 -5.71422
-3.07237 -5.71797
-3.06689 -5.72398
-3.06001 -5.72814
-3.0544 -5.73399
-3.04807 -5.73888
-3.0408 -5.74253
-3.03498 -5.7481
-3.02807 -5.75222
-3.02146 -5.75675
-3.01516 -5.76167
-3.009 -5.76678
-3.00334 -5.77256
-2.99706 -5.77752
-2.99041 -5.78199
-2.98342 -5.78601
-2.97798 -5.79206
-2.97143 -5.79666
-2.96464 -5.80096
-2.95842 -5.80599
-2.95201 -5.81078
-2.94555 -5.81547
-2.94133 -5.81805
-2.93757 -5.82131
-2.93404 -5.82472
-2.92681 -5.82817
-2.91982 -5.83203
-2.91306 -5.83632
-2.90595 -5.83998
-2.89879 -5.84354
-2.89212 -5.848
-2.88459 -5.85088
-2.878 -5.85548
-2.8711 -5.85952
-2.86387 -5.86295
-2.85709 -5.8672
-2.84994 -5.8708
-2.84249 -5.87383
-2.83563 -5.87795
-2.82894 -5.88235
-2.82187 -5.88607
-2.8147 -5.88963
-2.8078 -5.89366
-2.80074 -5.8974
-2.794 -5.90174
-2.78706 -5.90569
-2.77999 -5.90941
-2.77246 -5.91232
-2.76623 -5.91756
-2.75901 -5.92101
-2.75238 -5.92554
-2.74481 -5.92836
-2.73816 -5.93285
-2.73144 -5.93721
-2.72415 -5.94054
-2.71676 -5.94369
-2.71049 -5.94885
-2.70296 -5.95175
-2.69611 -5.95588
-2.68942 -5.96029
-2.68213 -5.96362
-2.67541 -5.96798
-2.66801 -5.97111
-2.66122 -5.97535
-2.65447 -5.97965
-2.64715 -5.98293
-2.63979 -5.98613
-2.63288 -5.99015
-2.62589 -5.99402
-2.61916 -5.99835
-2.61267 -6.00312
-2.60526 -6.00625
-2.59866 -6.01081
-2.59096 -6.0134
-2.58476 -6.0187
-2.57746 -6.02201
-2.57016 -6.02533
-2.56356 -6.02991
-2.55602 -6.03278
-2.54913 -6.03684
-2.54212 -6.04067
-2.53564 -6.04546
-2.5284 -6.04888
-2.5218 -6.05346
-2.51478 -6.05728
-2.5071 -6.0599
-2.50068 -6.06481
-2.49362 -6.06854
-2.48653 -6.07225
-2.47956 -6.07614
-2.47223 -6.0794
-2.46549 -6.08373
-2.45835 -6.08734
-2.45113 -6.09078
-2.44498 -6.09618
-2.4379 -6.09987
-2.43065 -6.10329
-2.42402 -6.1078
-2.41656 -6.11082
