2.1719 -6.109
2.1791 -6.10541
2.18586 -6.10113
2.19252 -6.09671
2.1992 -6.09231
2.20532 -6.08704
2.21201 -6.08265
2.2195 -6.07953
2.22573 -6.07442
2.23282 -6.07067
2.23875 -6.06509
2.24565 -6.06103
2.25306 -6.05777
2.2595 -6.05301
2.26571 -6.04787
2.27286 -6.04421
2.28018 -6.04081
2.28593 -6.03495
2.29298 -6.03114
2.29958 -6.02661
2.30617 -6.02208
2.31339 -6.01852
2.32006 -6.0141
2.32676 -6.00974
2.33323 -6.00501
2.34063 -6.00173
2.3469 -5.99669
2.35428 -5.9934
2.36082 -5.98878
2.3673 -5.98406
2.3739 -5.97954
2.3812 -5.9761
2.38695 -5.97026
2.39466 -5.96747
2.40116 -5.96278
2.40737 -5.95765
2.41414 -5.95339
2.42066 -5.94875
2.42811 -5.94556
2.43505 -5.94156
2.44092 -5.9359
2.44818 -5.9324
2.45514 -5.92844
2.4616 -5.9237
2.46818 -5.91914
2.47508 -5.91509
2.48218 -5.91135
2.48884 -5.90692
2.49553 -5.90254
2.50171 -5.89735
2.5085 -5.89312
2.51503 -5.88849
2.52271 -5.88566
2.529 -5.88065
2.53613 -5.87695
2.54223 -5.87164
2.54882 -5.8671
2.5561 -5.86366
2.5627 -5.85913
2.56904 -5.8542
2.57569 -5.84974
2.58333 -5.84686
2.58923 -5.84124
2.59586 -5.83676
2.60339 -5.83369
2.61 -5.82918
2.61611 -5.82389
2.62291 -5.81968
2.62953 -5.81519
2.63665 -5.81148
2.64406 -5.80808
2.6497 -5.80228
2.65628 -5.79774
2.66307 -5.79348
2.6694 -5.78861
2.67539 -5.78327
2.68182 -5.77853
2.68764 -5.77298
2.69399 -5.76812
2.70126 -5.7645
2.70684 -5.75863
2.71329 -5.75391
2.72004 -5.74959
2.72699 -5.74553
2.73291 -5.74012
2.73939 -5.73544
2.74614 -5.73113
2.75187 -5.72544
2.75825 -5.72064
2.7648 -5.71606
2.77165 -5.71188
2.77732 -5.70612
2.78354 -5.70109
2.79064 -5.69724
2.79639 -5.69159
2.80373 -5.68805
2.8098 -5.68283
2.81587 -5.67762
2.82217 -5.6727
2.82925 -5.66882
2.83505 -5.66324
2.84142 -5.65842
2.84826 -5.65422
2.85394 -5.64847
2.86095 -5.6445
2.86734 -5.63971
2.87364 -5.63479
2.87947 -5.62925
2.88656 -5.62538
2.89235 -5.6198
2.89888 -5.61517
2.90495 -5.60995
2.91149 -5.60536
2.91832 -5.60115
2.9246 -5.59621
2.93139 -5.59194
2.93681 -5.58586
2.94321 -5.58107
2.95017 -5.57704
2.95692 -5.57272
2.9631 -5.56764
2.9696 -5.56299
2.97518 -5.55712
2.98186 -5.55271
2.98838 -5.54808
2.99451 -5.54294
3.00105 -5.53834
3.00775 -5.53395
3.01438 -5.52948
3.0199 -5.52353
3.02677 -5.51936
3.03321 -5.51464
3.03898 -5.50902
3.04593 -5.50497
3.05188 -5.49959
3.05837 -5.49492
3.06472 -5.49007
3.07209 -5.48658
3.07831 -5.48155
3.08428 -5.4762
3.09055 -5.47125
3.0969 -5.46639
3.10399 -5.46252
3.10999 -5.45721
3.11675 -5.45291
3.12245 -5.4472
3.12868 -5.44219
3.1351 -5.43743
3.14127 -5.43234
3.14842 -5.42855
3.15469 -5.4236
3.16139 -5.41921
3.16762 -5.41421
3.17419 -5.40965
3.17993 -5.40398
3.18693 -5.4
3.19255 -5.39418
3.19872 -5.38909
3.20592 -5.38537
3.21219 -5.38042
3.2184 -5.37538
3.22429 -5.36991
3.23109 -5.36567
3.23812 -5.36172
3.24339 -5.35543
3.25021 -5.3512
3.25723 -5.34726
3.26315 -5.34183
3.26959 -5.3371
3.27648 -5.33297
3.28196 -5.32696
3.28856 -5.32244
3.29491 -5.31759
3.3009 -5.31226
3.3082 -5.30868
3.31408 -5.3032
3.32066 -5.29866
3.32666 -5.29335
3.33379 -5.28953
3.3394 -5.2837
3.34678 -5.28023
3.35304 -5.27526
3.35953 -5.27059
3.36491 -5.26444
3.37168 -5.26015
3.37759 -5.25472
3.38467 -5.25084
3.39113 -5.24614
3.39694 -5.24057
3.40427 -5.23702
3.41013 -5.23152
3.41598 -5.22601
3.42253 -5.22142
3.42883 -5.21651
3.43542 -5.21197
3.44198 -5.2074
3.44864 -5.20296
3.45495 -5.19807
3.46153 -5.19351
3.46708 -5.18761
3.47387 -5.18335
3.4807 -5.17913
3.48707 -5.17431
3.49296 -5.16885
3.49915 -5.16379
3.50631 -5.16001
3.51184 -5.15407
3.51869 -5.14988
3.52553 -5.14569
3.53102 -5.1397
3.5378 -5.13541
3.54468 -5.13127
3.55113 -5.12656
3.55685 -5.12107
3.5581 -5.11392
3.55829 -5.10667
3.55803 -5.09868
3.55834 -5.09069
3.55664 -5.08272
3.55827 -5.0747
3.55755 -5.06672
3.5573 -5.05873
3.55645 -5.05075
3.55659 -5.04275
3.55634 -5.03476
3.55718 -5.02676
3.55568 -5.01879
3.557 -5.01077
3.55665 -5.00279
3.55562 -4.99481
3.55554 -4.98682
3.55536 -4.97883
3.55479 -4.97084
3.55653 -4.96282
3.55598 -4.95484
3.55451 -4.94687
3.55629 -4.93885
3.55616 -4.93085
3.55434 -4.92289
3.55419 -4.9149
3.55401 -4.90691
3.55382 -4.89892
3.55547 -4.8909
3.55429 -4.88292
3.55532 -4.87491
3.55497 -4.86693
3.55314 -4.85896
3.5534 -4.85096
3.55327 -4.84297
3.55288 -4.83499
3.55321 -4.82699
3.55438 -4.81898
3.55262 -4.81101
3.55296 -4.80301
3.55261 -4.79502
3.55297 -4.78702
3.55337 -4.77903
3.5518 -4.77106
3.55363 -4.76303
3.55295 -4.75505
3.55223 -4.74707
3.55325 -4.73906
3.55206 -4.73109
3.55277 -4.72308
3.55121 -4.71511
3.55126 -4.70715
3.55197 -4.70157
3.55098 -4.69612
3.55041 -4.69081
3.54489 -4.68496
3.53793 -4.68079
3.53289 -4.67438
3.5266 -4.66943
3.51973 -4.66515
3.51372 -4.65988
3.50831 -4.6539
3.50192 -4.64907
3.49517 -4.64465
3.48986 -4.63856
3.48332 -4.6339
3.4777 -4.62817
3.47089 -4.62382
3.46564 -4.61766
3.45889 -4.61324
3.4538 -4.60689
3.44652 -4.6031
3.44095 -4.59731
3.4354 -4.59148
3.42934 -4.58627
3.42285 -4.58155
3.41649 -4.57669
3.41116 -4.57061
3.40407 -4.5666
3.3986 -4.56069
3.39176 -4.55638
3.38616 -4.55062
3.38002 -4.5455
3.37418 -4.54002
3.3685 -4.53435
3.3623 -4.5293
3.35648 -4.5238
3.34987 -4.51922
3.34392 -4.51388
3.33731 -4.5093
3.33134 -4.50398
3.32535 -4.49868
3.31906 -4.49372
3.31294 -4.48858
3.30742 -4.48272
3.30168 -4.47713
3.29522 -4.47238
3.28884 -4.46754
3.28236 -4.46281
3.27662 -4.45721
3.27017 -4.45245
3.26504 -4.44614
3.25795 -4.44213
3.25259 -4.43609
3.247 -4.43032
3.24033 -4.42582
3.23458 -4.42023
3.22765 -4.41603
3.22271 -4.4095
3.21575 -4.40533
3.21052 -4.39914
3.20362 -4.39491
3.19775 -4.38947
3.19124 -4.38477
3.18558 -4.37909
3.17939 -4.37402
3.17329 -4.36885
3.16702 -4.36388
3.16076 -4.35889
3.15451 -4.3539
3.14971 -4.3472
3.14268 -4.34312
3.13671 -4.33779
3.13018 -4.33313
3.12537 -4.32643
3.119 -4.32159
3.1129 -4.31641
3.10678 -4.31126
3.10066 -4.30611
3.09461 -4.30088
3.08794 -4.29637
3.0816 -4.29149
3.07668 -4.28493
3.06944 -4.28109
3.06375 -4.27544
3.05824 -4.26957
3.05171 -4.26491
3.04539 -4.25999
3.03948 -4.2546
3.03312 -4.24973
3.02698 -4.24461
3.0208 -4.23953
3.0152 -4.23377
3.00879 -4.22895
3.0037 -4.2226
2.99759 -4.21745
2.99109 -4.21274
2.98464 -4.20798
2.97906 -4.2022
2.9728 -4.1972
2.96677 -4.19195
2.95984 -4.18775
2.95455 -4.18163
2.94803 -4.17695
2.94214 -4.17153
2.93592 -4.16651
2.92967 -4.16151
2.92429 -4.15549
2.91837 -4.15011
2.91187 -4.14541
2.90597 -4.14
2.89968 -4.13504
2.89298 -4.13058
2.88725 -4.12497
2.88196 -4.11884
2.87574 -4.11382
2.86944 -4.10888
2.86347 -4.10355
2.85693 -4.0989
2.85139 -4.09307
2.84474 -4.08854
2.83925 -4.08265
2.83246 -4.07829
2.82651 -4.07294
2.82109 -4.06698
2.81408 -4.06286
2.80795 -4.05773
2.80249 -4.05181
2.79592 -4.04718
2.78973 -4.04211
2.78351 -4.03708
2.77762 -4.03167
2.77239 -4.02547
2.76624 -4.02036
2.75944 -4.01601
2.75393 -4.01014
2.74702 -4.00592
2.74097 -4.00069
2.73504 -3.99532
2.72951 -3.98948
2.72292 -3.98488
2.71752 -3.97888
2.7106 -3.97468
2.70469 -3.96929
2.69902 -3.9636
2.6926 -3.95881
2.68696 -3.9531
2.68092 -3.94786
2.67484 -3.94265
2.66833 -3.93797
2.66293 -3.93197
2.65676 -3.92688
2.64971 -3.92282
2.64431 -3.91683
2.63812 -3.91176
2.63251 -3.90602
2.62632 -3.90095
2.61995 -3.8961
2.61363 -3.89118
2.60763 -3.88589
2.60124 -3.88106
2.59599 -3.87488
2.58968 -3.86996
2.58329 -3.86513
2.57745 -3.85965
2.57115 -3.85472
2.56464 -3.85003
2.55929 -3.84397
2.55334 -3.83862
2.54683 -3.83393
2.54099 -3.82846
2.53465 -3.82356
2.529 -3.81786
2.52303 -3.81254
2.51671 -3.80762
2.50993 -3.80324
2.50457 -3.79721
2.49789 -3.79271
2.49205 -3.78723
2.48628 -3.78168
2.47958 -3.77721
2.47348 -3.77204
2.46747 -3.76676
2.46204 -3.7608
2.45586 -3.75572
2.44997 -3.75031
2.44377 -3.74525
2.4372 -3.74063
2.43106 -3.7355
2.42543 -3.72978
2.41851 -3.72557
2.41236 -3.72046
2.40695 -3.71447
2.40066 -3.70952
2.39421 -3.70476
2.38889 -3.69867
2.3832 -3.69302
2.37618 -3.68892
2.36977 -3.68412
2.36472 -3.67771
2.35882 -3.67231
2.3521 -3.66786
2.34622 -3.66243
2.34024 -3.65712
2.3339 -3.65223
2.3279 -3.64694
2.32179 -3.64177
2.31586 -3.6364
2.30946 -3.63158
2.3038 -3.6259
2.29723 -3.62127
2.29172 -3.61541
2.28495 -3.61103
2.2796 -3.60497
2.27356 -3.59973
2.26686 -3.59526
2.26081 -3.59003
2.25438 -3.58524
2.24877 -3.5795
2.24294 -3.57401
2.23676 -3.56893
2.23006 -3.56446
2.225 -3.55807
2.21836 -3.55353
2.21264 -3.5479
2.20559 -3.54385
2.19957 -3.53858
2.19389 -3.53292
2.18787 -3.52765
2.18155 -3.52274
2.17586 -3.51708
2.16991 -3.51174
2.16379 -3.50659
2.15718 -3.50201
2.15179 -3.49601
2.14517 -3.49145
2.13895 -3.48641
2.13317 -3.48087
2.12745 -3.47525
2.12041 -3.47118
2.11505 -3.46513
2.10819 -3.46085
2.10282 -3.45483
2.09664 -3.44975
2.09037 -3.44478
2.08441 -3.43944
2.07832 -3.43425
2.07274 -3.42847
2.06617 -3.42386
2.0596 -3.41923
2.05403 -3.41344
2.04821 -3.40794
2.04133 -3.40367
2.03609 -3.3975
2.02981 -3.39253
2.02311 -3.38807
2.01807 -3.38166
2.01084 -3.3778
2.00483 -3.37253
1.9989 -3.36715
1.99281 -3.36197
1.9872 -3.35622
1.981 -3.35117
1.97547 -3.34533
1.9694 -3.34012
1.96263 -3.33573
1.95644 -3.33066
1.95127 -3.3244
1.94431 -3.32023
1.9386 -3.3146
1.93274 -3.30916
1.92643 -3.30423
1.9208 -3.2985
1.91408 -3.29406
1.90783 -3.28906
1.90208 -3.28348
1.89623 -3.27802
1.8893 -3.27382
1.8841 -3.26759
1.87737 -3.26316
1.8722 -3.25689
1.86505 -3.25295
1.85913 -3.24757
1.85277 -3.2427
1.84761 -3.23642
1.84164 -3.2311
1.83553 -3.22594
1.82832 -3.22206
1.82349 -3.21541
1.8169 -3.21081
1.81054 -3.20594
1.80406 -3.20121
1.79835 -3.19558
1.79252 -3.19009
1.78611 -3.18528
1.78058 -3.17945
1.77455 -3.1742
1.7679 -3.16967
1.76158 -3.16475
1.75641 -3.15849
1.75054 -3.15305
1.74353 -3.14894
1.73816 -3.14291
1.73207 -3.13773
1.72522 -3.13343
1.71923 -3.12814
1.713 -3.12311
1.70669 -3.11819
1.70087 -3.11268
1.69559 -3.10655
1.68921 -3.10171
1.68342 -3.09617
1.6773 -3.09102
1.67096 -3.08613
1.66497 -3.08083
1.65923 -3.07523
1.65284 -3.07041
1.64673 -3.06524
1.64073 -3.05995
1.63443 -3.05502
1.62783 -3.05042
1.62155 -3.04547
1.61605 -3.03959
1.60965 -3.03477
1.60341 -3.02976
1.59838 -3.02333
1.59122 -3.01941
1.5856 -3.01367
1.57928 -3.00875
1.57398 -3.00265
1.56767 -2.99772
1.56187 -2.99219
1.55558 -2.98725
1.54918 -2.98243
1.543 -2.97734
1.53732 -2.97168
1.53077 -2.96703
1.52514 -2.96131
1.51829 -2.95702
1.51207 -2.95199
1.50659 -2.94608
1.49988 -2.94164
1.49395 -2.93626
1.48803 -2.93088
1.48284 -2.92464
1.47583 -2.92053
1.47 -2.91504
1.46364 -2.91017
1.45825 -2.90417
1.45244 -2.89865
1.44628 -2.89356
1.43988 -2.88874
1.43335 -2.88406
1.42736 -2.87876
1.42191 -2.87283
1.41484 -2.86879
1.40908 -2.86323
1.40323 -2.85776
1.39767 -2.85196
1.39045 -2.84809
1.38534 -2.84176
1.3791 -2.83675
1.37259 -2.83206
1.36617 -2.82726
1.36068 -2.82138
1.35454 -2.81624
1.34776 -2.81187
1.34268 -2.80551
1.33668 -2.80022
1.32963 -2.79615
1.32382 -2.79065
1.3178 -2.78538
1.31215 -2.77968
1.30533 -2.77535
1.29968 -2.76965
1.29365 -2.76439
1.28786 -2.75886
1.28189 -2.75354
1.27594 -2.74818
1.26891 -2.7441
1.26376 -2.73782
1.25774 -2.73255
1.25043 -2.72879
1.24477 -2.72312
1.23901 -2.71753
1.23323 -2.71199
1.22723 -2.7067
1.22091 -2.70179
1.21467 -2.69678
1.20796 -2.69232
1.20241 -2.68651
1.19648 -2.68113
1.1903 -2.67605
1.18414 -2.67095
1.17817 -2.66563
1.17146 -2.66117
1.16542 -2.65593
1.15967 -2.65034
1.15313 -2.64569
1.14771 -2.63971
1.14218 -2.63388
1.13544 -2.62945
1.12996 -2.62356
1.1228 -2.61963
1.11695 -2.61416
1.11116 -2.60863
1.10543 -2.60302
1.09904 -2.59819
1.0934 -2.59247
1.08636 -2.58841
1.08086 -2.58253
1.07408 -2.57816
1.06811 -2.57282
1.06267 -2.56689
1.05666 -2.5616
1.05048 -2.55652
1.04452 -2.55119
1.03778 -2.54676
1.03192 -2.54131
1.02626 -2.53563
1.01961 -2.5311
1.01346 -2.52598
1.00707 -2.52114
1.00194 -2.51484
0.995591 -2.50996
0.989836 -2.50438
0.982856 -2.50024
0.976809 -2.49501
0.97066 -2.48989
0.965551 -2.48356
0.959253 -2.47862
0.952506 -2.4742
0.946948 -2.4684
0.940507 -2.46362
0.934233 -2.45865
0.928862 -2.45263
0.922942 -2.44724
0.917084 -2.44179
0.91071 -2.43694
0.903983 -2.4325
0.898699 -2.42637
0.892291 -2.42156
0.885721 -2.41694
0.879316 -2.41212
0.874307 -2.40567
0.868385 -2.40029
0.861539 -2.39599
0.856192 -2.38994
0.849833 -2.38507
0.842942 -2.38082
0.836786 -2.37572
0.831269 -2.36986
0.825289 -2.36455
0.819684 -2.35879
0.812949 -2.35437
0.807564 -2.34836
0.801298 -2.34338
0.794772 -2.3387
0.788281 -2.33399
0.782304 -2.32867
0.776403 -2.32327
0.770587 -2.31776
0.764215 -2.31291
0.757879 -2.30801
0.752067 -2.3025
0.746569 -2.29662
0.739953 -2.29206
0.734141 -2.28655
0.728441 -2.28091
0.721549 -2.27666
0.71601 -2.27083
0.709655 -2.26596
0.703371 -2.261
0.697697 -2.25533
0.691703 -2.25003
0.684996 -2.24557
0.679497 -2.2397
0.673578 -2.23431
0.667131 -2.22954
0.66096 -2.22446
0.654491 -2.21972
0.648195 -2.21477
0.643248 -2.20825
0.63697 -2.20329
0.630676 -2.19834
0.624607 -2.19313
0.618189 -2.18833
0.612348 -2.18286
0.611273 -2.18314
0.605398 -2.17771
0.59979 -2.17195
0.592906 -2.1677
0.588002 -2.16112
0.580773 -2.15727
0.575572 -2.15104
0.568783 -2.14668
0.56251 -2.14171
0.557189 -2.13561
0.551411 -2.13006
0.544241 -2.12615
0.538622 -2.12041
0.533004 -2.11466
0.52625 -2.11026
0.51997 -2.1053
0.514744 -2.09909
0.508225 -2.09441
0.501383 -2.09011
0.495992 -2.0841
0.490002 -2.0788
0.483571 -2.07401
0.47739 -2.06894
0.471924 -2.06301
0.465272 -2.05849
0.4596 -2.05281
0.452948 -2.04829
0.446768 -2.04321
0.440837 -2.03784
0.435488 -2.03178
0.429017 -2.02704
0.422396 -2.02248
0.417204 -2.01623
0.4106 -2.01165
0.403855 -2.00724
0.398773 -2.00086
0.392057 -1.99642
0.385702 -1.99154
0.380022 -1.98587
0.374259 -1.9803
0.367497 -1.97591
0.361571 -1.97053
0.356039 -1.96469
0.34893 -1.9607
0.343083 -1.95523
0.337569 -1.94936
0.331047 -1.94469
0.325083 -1.93935
0.319523 -1.93354
0.312958 -1.92891
0.307032 -1.92354
0.30076 -1.91856
0.293929 -1.91425
0.287827 -1.90908
0.281797 -1.90382
0.275904 -1.89841
0.270679 -1.8922
0.263524 -1.88827
0.258517 -1.8818
0.251445 -1.87778
0.245258 -1.87271
0.240138 -1.86638
0.234019 -1.86122
0.2271 -1.85702
0.221762 -1.85094
0.215904 -1.84548
0.208725 -1.84158
0.203533 -1.83534
0.197502 -1.83008
0.19112 -1.82524
0.184526 -1.82065
0.178428 -1.81547
0.172292 -1.81034
0.166733 -1.80453
0.160671 -1.79931
0.154769 -1.7939
0.147976 -1.78954
0.142255 -1.78392
0.136216 -1.77868
0.130358 -1.77322
0.123213 -1.76927
0.117919 -1.76315
0.111449 -1.75841
0.105603 -1.75294
0.0996532 -1.74759
0.0938242 -1.74209
0.087519 -1.73716
0.0809495 -1.73254
0.0743551 -1.72795
0.0693187 -1.72152
0.0630902 -1.7165
0.0563886 -1.71203
0.0504407 -1.70668
0.0448479 -1.7009
0.0385773 -1.69593
0.0322689 -1.691
0.0267089 -1.68519
0.0204808 -1.68017
0.0145578 -1.67479
0.00813506 -1.66999
0.00165278 -1.66527
-0.00484112 -1.66056
-0.0109887 -1.65544
-0.0170479 -1.65022
-0.0227545 -1.64458
-0.0281565 -1.63858
-0.03542 -1.63478
-0.040833 -1.6288
-0.0465374 -1.62316
-0.0531791 -1.61867
-0.0610909 -1.61817
-0.0690027 -1.6196
-0.0769145 -1.61861
-0.0848263 -1.61879
-0.0927381 -1.61793
-0.10065 -1.61881
-0.108562 -1.6183
-0.116473 -1.61858
-0.124385 -1.61822
-0.132297 -1.61772
-0.140209 -1.61839
-0.148121 -1.61957
-0.156032 -1.61869
-0.163944 -1.61921
-0.171487 -1.61904
-0.177785 -1.62399
-0.183647 -1.62943
-0.190412 -1.63384
-0.196325 -1.63923
-0.202584 -1.64421
-0.208602 -1.64948
-0.214262 -1.65516
-0.22025 -1.66046
-0.225586 -1.66651
-0.231866 -1.67147
-0.238235 -1.67633
-0.244566 -1.68124
-0.249965 -1.68722
-0.255942 -1.69253
-0.262632 -1.69702
-0.269024 -1.70186
-0.273823 -1.70853
-0.281108 -1.71233
-0.2866 -1.7182
-0.293006 -1.72302
-0.298297 -1.72913
-0.304108 -1.73463
-0.310378 -1.7396
-0.316756 -1.74446
-0.323328 -1.74908
-0.328703 -1.75509
-0.334574 -1.76052
-0.3411 -1.76521
-0.346975 -1.77064
-0.352602 -1.77635
-0.359 -1.78118
-0.365272 -1.78615
-0.370894 -1.79187
-0.3773 -1.79669
-0.383736 -1.80148
-0.389308 -1.80726
-0.395409 -1.81243
-0.400651 -1.81858
-0.406821 -1.82368
-0.413746 -1.8279
-0.418941 -1.83411
-0.425181 -1.83912
-0.430958 -1.84466
-0.437221 -1.84965
-0.443214 -1.85494
-0.449343 -1.86008
-0.455087 -1.86566
-0.461428 -1.87055
-0.467035 -1.87629
-0.474109 -1.88034
-0.479543 -1.88628
-0.485979 -1.89106
-0.491946 -1.89639
-0.497772 -1.90188
-0.503608 -1.90735
-0.509457 -1.91281
-0.516266 -1.91717
-0.521512 -1.92332
-0.528189 -1.92783
-0.533626 -1.93376
-0.539768 -1.93888
-0.546707 -1.94309
-0.551561 -1.94969
-0.5585 -1.9539
-0.564547 -1.95913
-0.570873 -1.96404
-0.576235 -1.97006
-0.58183 -1.97582
-0.588786 -1.98
-0.594897 -1.98516
-0.599961 -1.99153
-0.606259 -1.99647
-0.612961 -2.00095
-0.618126 -2.00719
-0.624054 -2.01256
-0.630507 -2.01733
-0.636071 -2.02312
-0.642991 -2.02734
-0.649367 -2.0322
-0.65478 -2.03816
-0.660498 -2.04377
-0.666739 -2.04878
-0.6734 -2.05331
-0.67936 -2.05864
-0.68506 -2.06427
-0.690904 -2.06974
-0.69682 -2.07512
-0.702515 -2.08075
-0.708748 -2.08577
-0.715219 -2.09052
-0.721503 -2.09548
-0.726626 -2.10177
-0.732731 -2.10694
-0.739712 -2.1111
-0.745116 -2.11707
-0.751336 -2.1221
-0.757596 -2.12709
-0.763222 -2.1328
-0.770098 -2.13708
-0.775017 -2.14361
-0.781048 -2.14886
-0.787835 -2.15324
-0.793127 -2.15935
-0.799377 -2.16434
-0.806012 -2.1689
-0.811971 -2.17423
-0.817573 -2.17998
-0.824332 -2.18439
-0.829318 -2.19084
-0.835979 -2.19537
-0.841519 -2.20118
-0.848183 -2.2057
-0.854266 -2.21089
-0.859525 -2.21701
-0.866422 -2.22127
-0.871327 -2.22779
-0.878336 -2.23192
-0.884139 -2.23742
-0.890232 -2.24259
-0.895807 -2.24835
-0.901157 -2.25437
-0.907917 -2.25879
-0.913364 -2.26469
-0.919919 -2.26934
-0.925988 -2.27454
-0.931954 -2.27986
-0.937158 -2.28604
-0.943311 -2.29114
-0.950181 -2.29543
-0.955369 -2.30163
-0.961334 -2.30695
-0.968188 -2.31126
-0.974131 -2.3166
-0.980156 -2.32185
-0.985102 -2.32832
-0.991059 -2.33365
-0.998152 -2.33769
-1.00302 -2.34426
-1.00906 -2.34948
-1.01559 -2.35417
-1.02189 -2.35911
-1.02776 -2.36453
-1.0333 -2.37033
-1.03927 -2.37564
-1.04552 -2.38063
-1.05199 -2.38538
-1.05748 -2.39123
-1.06357 -2.39641
-1.06967 -2.40157
-1.07538 -2.40718
-1.08142 -2.41241
-1.08719 -2.41795
-1.09324 -2.42317
-1.09955 -2.4281
-1.10561 -2.43331
-1.1115 -2.43872
-1.11717 -2.44437
-1.12271 -2.45017
-1.12945 -2.45461
-1.13547 -2.45986
-1.14086 -2.46584
-1.14735 -2.47056
-1.15393 -2.47518
-1.159 -2.4815
-1.16534 -2.4864
-1.17171 -2.49126
-1.17695 -2.49739
-1.18368 -2.50185
-1.18959 -2.50723
-1.19491 -2.51328
-1.20112 -2.51831
-1.2069 -2.52384
-1.21379 -2.52812
-1.21937 -2.53387
-1.22523 -2.5393
-1.2312 -2.54461
-1.23652 -2.55067
-1.24305 -2.55534
-1.24928 -2.56037
-1.25458 -2.56643
-1.26171 -2.57043
-1.2674 -2.57606
-1.27255 -2.5823
-1.27874 -2.58736
-1.28494 -2.59241
-1.29039 -2.59831
-1.29724 -2.60263
-1.30244 -2.60881
-1.30952 -2.61287
-1.31467 -2.61912
-1.32037 -2.62473
-1.32718 -2.62909
-1.33309 -2.63447
-1.33842 -2.6405
-1.34524 -2.64485
-1.35143 -2.64992
-1.35639 -2.65638
-1.36354 -2.66036
-1.36943 -2.66576
-1.37434 -2.67227
-1.38123 -2.67653
-1.38728 -2.68175
-1.39245 -2.68798
-1.39835 -2.69337
-1.40455 -2.69842
-1.41067 -2.70357
-1.41734 -2.70808
-1.4233 -2.7134
-1.42873 -2.71933
-1.43411 -2.72531
-1.44036 -2.73031
-1.44685 -2.73503
-1.45299 -2.74015
-1.45885 -2.74559
-1.46432 -2.75146
-1.471 -2.75597
-1.47724 -2.76098
-1.48212 -2.76752
-1.48922 -2.77156
-1.49469 -2.77744
-1.50081 -2.78258
-1.507 -2.78764
-1.51324 -2.79265
-1.51793 -2.79941
-1.52472 -2.80378
-1.5304 -2.80944
-1.53653 -2.81456
-1.54312 -2.81917
-1.54872 -2.82491
-1.55467 -2.83023
-1.55985 -2.83645
-1.56607 -2.84148
-1.57304 -2.84565
-1.57812 -2.85197
-1.58506 -2.85619
-1.59102 -2.86152
-1.5966 -2.86726
-1.6024 -2.87277
-1.60788 -2.87863
-1.61453 -2.88317
-1.62073 -2.88823
-1.62643 -2.89385
-1.6325 -2.89905
-1.63843 -2.90441
-1.64455 -2.90955
-1.65038 -2.91502
-1.65586 -2.92088
-1.66282 -2.92508
-1.6678 -2.93151
-1.67367 -2.93693
-1.67977 -2.94209
-1.68588 -2.94725
-1.69245 -2.95189
-1.6981 -2.95756
-1.70381 -2.96317
-1.71016 -2.96805
-1.71654 -2.97289
-1.72228 -2.97847
-1.72818 -2.98386
-1.73405 -2.98928
-1.73997 -2.99465
-1.74622 -2.99964
-1.7515 -3.00574
-1.7586 -3.00977
-1.76441 -3.01527
-1.77037 -3.02059
-1.77665 -3.02555
-1.78186 -3.03173
-1.7882 -3.03662
-1.79386 -3.04228
-1.80032 -3.04704
-1.80562 -3.05311
-1.81146 -3.05857
-1.8183 -3.0629
-1.82433 -3.06814
-1.83021 -3.07355
-1.8362 -3.07884
-1.84136 -3.08507
-1.84769 -3.08998
-1.85329 -3.09571
-1.86049 -3.09963
-1.86567 -3.10583
-1.87184 -3.11092
-1.8773 -3.1168
-1.88403 -3.12126
-1.89006 -3.1265
-1.8955 -3.13242
-1.90125 -3.13798
-1.90809 -3.1423
-1.91323 -3.14855
-1.91938 -3.15367
-1.92559 -3.1587
-1.93151 -3.16407
-1.93718 -3.16973
-1.94368 -3.17443
-1.94994 -3.17942
-1.95539 -3.18532
-1.96171 -3.19024
-1.96716 -3.19613
-1.97327 -3.20129
-1.97986 -3.2059
-1.9859 -3.21114
-1.99166 -3.21669
-1.99801 -3.22156
-2.00383 -3.22705
-2.01014 -3.23198
-2.01625 -3.23714
-2.02096 -3.24387
-2.02733 -3.24872
-2.03347 -3.25385
-2.0399 -3.25864
-2.04505 -3.26488
-2.05136 -3.26981
-2.05745 -3.27498
-2.06395 -3.27969
-2.07009 -3.28482
-2.07608 -3.2901
-2.08105 -3.29655
-2.08712 -3.30175
-2.09381 -3.30624
-2.09951 -3.31186
-2.10543 -3.31723
-2.11186 -3.32202
-2.11747 -3.32774
-2.12281 -3.33377
-2.12995 -3.33775
-2.13547 -3.34358
-2.1408 -3.34962
-2.14746 -3.35415
-2.15273 -3.36025
-2.15954 -3.36461
-2.16502 -3.37048
-2.17193 -3.37472
-2.17487 -3.37742
-2.1747 -3.3776
-2.17424 -3.37818
-2.17381 -3.37878
-2.17342 -3.37941
-2.17307 -3.38006
-2.17276 -3.38073
-2.17249 -3.38142
-2.17227 -3.38212
-2.17209 -3.38284
-2.17195 -3.38357
-2.17186 -3.3843
-2.17181 -3.38504
-2.17181 -3.38578
-2.17186 -3.38651
-2.17195 -3.38725
-2.17208 -3.38798
-2.17425 -3.39793
-2.17443 -3.39865
-2.17466 -3.39936
-2.17492 -3.40005
-2.17523 -3.40072
-2.18616 -3.42327
-2.18649 -3.42391
-2.18687 -3.42453
-2.18728 -3.42513
-2.18773 -3.42571
-2.18821 -3.42625
-2.18872 -3.42676
-2.18927 -3.42724
-2.19617 -3.433
-2.1966 -3.43334
-2.19705 -3.43366
-2.20287 -3.43768
-2.20346 -3.43806
-2.20408 -3.43841
-2.20471 -3.43872
-2.22126 -3.44587
-2.2219 -3.44615
-2.22257 -3.44639
-2.22324 -3.44659
-2.23968 -3.45097
-2.24041 -3.45114
-2.24114 -3.45126
-2.24188 -3.45134
-2.24262 -3.45137
-2.24336 -3.45136
-2.2441 -3.4513
-2.24484 -3.45119
-2.24556 -3.45104
-2.24628 -3.45085
-2.24698 -3.45061
-2.24767 -3.45033
-2.24834 -3.45
-2.24898 -3.44964
-2.24961 -3.44924
-2.2502 -3.44879
-2.25077 -3.44832
-2.25131 -3.4478
-2.25182 -3.44726
-2.25214 -3.44686
-2.25514 -3.44951
-2.26124 -3.45468
-2.26676 -3.4605
-2.27312 -3.46537
-2.27963 -3.47007
-2.28545 -3.47556
-2.29109 -3.48124
-2.29745 -3.4861
-2.30276 -3.49217
-2.30861 -3.49762
-2.31513 -3.5023
-2.32114 -3.50758
-2.32659 -3.51347
-2.33259 -3.51875
-2.33929 -3.52324
-2.34534 -3.52845
-2.35155 -3.5335
-2.35656 -3.5399
-2.36339 -3.54424
-2.36841 -3.55063
-2.37428 -3.55605
-2.3806 -3.56096
-2.38725 -3.56551
-2.39328 -3.57075
-2.39846 -3.57695
-2.40542 -3.58115
-2.41074 -3.5872
-2.41657 -3.59266
-2.42306 -3.59739
-2.42832 -3.6035
-2.43506 -3.60794
-2.4413 -3.61296
-2.44706 -3.6185
-2.45236 -3.62457
-2.4586 -3.62958
-2.46418 -3.63534
-2.47042 -3.64035
-2.47716 -3.64478
-2.48212 -3.65123
-2.48841 -3.65618
-2.4942 -3.6617
-2.50071 -3.6664
-2.50713 -3.67121
-2.51252 -3.67718
-2.5185 -3.68248
-2.52427 -3.68801
-2.53004 -3.69355
-2.53656 -3.69824
-2.54253 -3.70355
-2.54897 -3.70834
-2.55433 -3.71434
-2.56119 -3.71865
-2.56623 -3.72501
-2.5723 -3.7302
-2.57895 -3.73474
-2.58502 -3.73995
-2.59028 -3.74607
-2.59698 -3.75055
-2.60193 -3.75701
-2.60833 -3.76184
-2.61444 -3.76699
-2.62096 -3.77168
-2.62699 -3.77693
-2.63267 -3.78257
-2.63866 -3.78786
-2.64418 -3.79368
-2.65068 -3.79839
-2.65689 -3.80343
-2.66283 -3.80877
-2.66893 -3.81394
-2.6744 -3.81982
-2.68 -3.82555
-2.6868 -3.82993
-2.69191 -3.83621
-2.69764 -3.84179
-2.70408 -3.84657
-2.71034 -3.85156
-2.71604 -3.85718
-2.72175 -3.86278
-2.72839 -3.86733
-2.73407 -3.87298
-2.73976 -3.87861
-2.7465 -3.88305
-2.75215 -3.88872
-2.75869 -3.89338
-2.7636 -3.8999
-2.77011 -3.9046
-2.77637 -3.90958
-2.78162 -3.91571
-2.78788 -3.92069
-2.79435 -3.92544
-2.80063 -3.9304
-2.80656 -3.93576
-2.8125 -3.94111
-2.81862 -3.94624
-2.82386 -3.95239
-2.83067 -3.95675
-2.83584 -3.96296
-2.84218 -3.96785
-2.84757 -3.97383
-2.85333 -3.97938
-2.85964 -3.9843
-2.86574 -3.98947
-2.87155 -3.99496
-2.87856 -3.9991
-2.88453 -4.00441
-2.88978 -4.01054
-2.89596 -4.01561
-2.90128 -4.02166
-2.90772 -4.02644
-2.91332 -4.03217
-2.92041 -4.03621
-2.92645 -4.04145
-2.93132 -4.048
-2.93777 -4.05278
-2.94362 -4.05822
-2.95003 -4.06303
-2.95615 -4.06818
-2.96134 -4.07437
-2.96817 -4.07871
-2.97346 -4.08479
-2.97961 -4.0899
-2.98624 -4.09447
-2.99176 -4.10029
-2.99788 -4.10543
-3.00384 -4.11076
-3.00989 -4.11597
-3.01626 -4.12083
-3.02205 -4.12635
-3.028 -4.13168
-3.03418 -4.13676
-3.0402 -4.14202
-3.04545 -4.14814
-3.05164 -4.1532
-3.05707 -4.15913
-3.06356 -4.16385
-3.06942 -4.16929
-3.07502 -4.17502
-3.08133 -4.17995
-3.08737 -4.18517
-3.09346 -4.19035
-3.09995 -4.19507
-3.10563 -4.20071
-3.11171 -4.20591
-3.11761 -4.2113
-3.12402 -4.21612
-3.12962 -4.22185
-3.13479 -4.22806
-3.14154 -4.23249
-3.14717 -4.23819
-3.15285 -4.24383
-3.15979 -4.24804
-3.16592 -4.25317
-3.17084 -4.25968
-3.17732 -4.26441
-3.18378 -4.26917
-3.18972 -4.27451
-3.19536 -4.2802
-3.20123 -4.28562
-3.20701 -4.29115
-3.21335 -4.29604
-3.21863 -4.30214
-3.22543 -4.30651
-3.23185 -4.31131
-3.23751 -4.31697
-3.24335 -4.32244
-3.24927 -4.3278
-3.25506 -4.33331
-3.26073 -4.33897
-3.26726 -4.34365
-3.27343 -4.34873
-3.27959 -4.35383
-3.2856 -4.3591
-3.2906 -4.36551
-3.29653 -4.37087
-3.30247 -4.37621
-3.30967 -4.38014
-3.31488 -4.3863
-3.32156 -4.39081
-3.32765 -4.39598
-3.33308 -4.40191
-3.33846 -4.40789
-3.34553 -4.41196
-3.35039 -4.41852
-3.35655 -4.42363
-3.36362 -4.42769
-3.36847 -4.43427
-3.37464 -4.43936
-3.38082 -4.44443
-3.38698 -4.44953
-3.39322 -4.45454
-3.39876 -4.46033
-3.4045 -4.46591
-3.41052 -4.47117
-3.41717 -4.47571
-3.42335 -4.48077
-3.42915 -4.48628
-3.43463 -4.49214
-3.44026 -4.49784
-3.4467 -4.50261
-3.45265 -4.50787
-3.45811 -4.51362
-3.464 -4.51894
-3.46881 -4.52532
-3.4754 -4.52995
-3.48106 -4.5355
-3.48652 -4.54123
-3.49119 -4.54777
-3.49676 -4.55341
-3.50242 -4.55895
-3.50818 -4.5644
-3.51367 -4.57011
-3.51965 -4.57535
-3.52559 -4.58061
-3.53069 -4.58671
-3.53595 -4.59266
-3.54138 -4.59847
-3.54713 -4.60369
-3.55305 -4.60873
-3.55888 -4.61387
-3.56437 -4.61936
-3.57046 -4.62421
-3.57647 -4.62915
-3.58135 -4.63531
-3.58778 -4.63979
-3.59341 -4.64514
-3.59937 -4.65014
-3.60374 -4.65683
-3.60954 -4.662
-3.61593 -4.66653
-3.62106 -4.6725
-3.62685 -4.67749
-3.63389 -4.6809
-3.63952 -4.68611
-3.64536 -4.69105
-3.65182 -4.6952
-3.65733 -4.70055
-3.66351 -4.70506
-3.66994 -4.70925
-3.67507 -4.7151
-3.68115 -4.71972
-3.6875 -4.72402
-3.69415 -4.72792
-3.69919 -4.73388
-3.70583 -4.7378
-3.71143 -4.74304
-3.71747 -4.74772
-3.7238 -4.75204
-3.72975 -4.75684
-3.73628 -4.76089
-3.74193 -4.76608
-3.74709 -4.77188
-3.75411 -4.77504
-3.75927 -4.77916
-3.76432 -4.78387
-3.76928 -4.78869
-3.77564 -4.79191
-3.78051 -4.79682
-3.78561 -4.80148
-3.79008 -4.80629
-3.79167 -4.81116
-3.79099 -4.81616
-3.79028 -4.82399
-3.79042 -4.83181
-3.79127 -4.83964
-3.79118 -4.84746
-3.79036 -4.85529
-3.79117 -4.86311
-3.79056 -4.87094
-3.79086 -4.87876
-3.79063 -4.88659
-3.79156 -4.89442
-3.79181 -4.90224
-3.79201 -4.91007
-3.79166 -4.91789
-3.79152 -4.92572
-3.79034 -4.93354
-3.79116 -4.94137
-3.79083 -4.94919
-3.79108 -4.95702
-3.79198 -4.96485
-3.79086 -4.97267
-3.79095 -4.9805
-3.79035 -4.98832
-3.79093 -4.99615
-3.79134 -5.00397
-3.79099 -5.0118
-3.79071 -5.01962
-3.79106 -5.02745
-3.79057 -5.03528
-3.79108 -5.0431
-3.79068 -5.05093
-3.79132 -5.05875
-3.79126 -5.06658
-3.79149 -5.0744
-3.792 -5.08223
-3.79045 -5.09005
-3.79202 -5.09788
-3.79024 -5.10571
-3.7911 -5.11353
-3.79125 -5.12136
-3.79026 -5.12918
-3.79062 -5.13701
-3.79009 -5.14483
-3.79171 -5.15266
-3.79088 -5.16048
-3.79104 -5.16831
-3.79125 -5.17125
-3.7849 -5.1755
-3.77932 -5.18055
-3.77306 -5.18554
-3.76687 -5.19065
-3.76021 -5.19508
-3.75343 -5.19932
-3.7462 -5.20292
-3.73974 -5.20763
-3.7337 -5.21295
-3.72656 -5.21667
-3.72028 -5.22164
-3.7142 -5.2269
-3.7076 -5.23141
-3.7011 -5.23605
-3.69446 -5.24051
-3.68717 -5.24403
-3.68058 -5.24854
-3.67447 -5.25376
-3.66742 -5.25762
-3.66077 -5.26206
-3.65419 -5.26659
-3.64858 -5.27252
-3.64142 -5.27623
-3.63444 -5.28019
-3.62795 -5.28485
-3.62232 -5.29076
-3.61503 -5.29427
-3.60863 -5.29907
-3.60253 -5.3043
-3.59606 -5.309
-3.58923 -5.31317
-3.583 -5.31822
-3.57542 -5.32131
-3.56892 -5.32596
-3.5623 -5.33044
-3.55648 -5.33607
-3.55005 -5.34082
-3.54343 -5.3453
-3.5363 -5.34905
-3.53022 -5.3543
-3.52335 -5.35842
-3.51731 -5.36374
-3.51067 -5.36818
-3.50394 -5.3725
-3.497 -5.37653
-3.49083 -5.38166
-3.48362 -5.38528
-3.47713 -5.38995
-3.47054 -5.39447
-3.4643 -5.3995
-3.45741 -5.40359
-3.45051 -5.40766
-3.44435 -5.41281
-3.43782 -5.41741
-3.43128 -5.42201
-3.42469 -5.42652
-3.41847 -5.43159
-3.4117 -5.43585
-3.40559 -5.44107
-3.39822 -5.44446
-3.39172 -5.44911
-3.38579 -5.45459
-3.37934 -5.45931
-3.3725 -5.46347
-3.36538 -5.46723
-3.35936 -5.47258
-3.3529 -5.47728
-3.34546 -5.48059
-3.33885 -5.48507
-3.33289 -5.4905
-3.32678 -5.49572
-3.31986 -5.49976
-3.31357 -5.50472
-3.31024 -5.50709
-3.30999 -5.50663
-3.3096 -5.50599
-3.30917 -5.50539
-3.3087 -5.50481
-3.30819 -5.50426
-3.30766 -5.50374
-3.30709 -5.50326
-3.30649 -5.50281
-3.30587 -5.5024
-3.30522 -5.50203
-3.30455 -5.5017
-3.30386 -5.50142
-3.30315 -5.50118
-3.30243 -5.50098
-3.30171 -5.50083
-3.30097 -5.50072
-3.30022 -5.50066
-3.29948 -5.50064
-3.29873 -5.50067
-3.28932 -5.50136
-3.28863 -5.50143
-3.28795 -5.50154
-3.28727 -5.50169
-3.26289 -5.50768
-3.26218 -5.50789
-3.26149 -5.50814
-3.26081 -5.50843
-3.26015 -5.50877
-3.2453 -5.51743
-3.24465 -5.51781
-3.24403 -5.51823
-3.24343 -5.51868
-3.24286 -5.51918
-3.24233 -5.51971
-3.24183 -5.52027
-3.24136 -5.52086
-3.24094 -5.52148
-3.24055 -5.52213
-3.22332 -5.55222
-3.22298 -5.55289
-3.22268 -5.55357
-3.22242 -5.55427
-3.22221 -5.55499
-3.22205 -5.55572
-3.22193 -5.55646
-3.22185 -5.5572
-3.22182 -5.55795
-3.22184 -5.5587
-3.22191 -5.55944
-3.22202 -5.56018
-3.22217 -5.56091
-3.22238 -5.56163
-3.22262 -5.56234
-3.22291 -5.56303
-3.22325 -5.5637
-3.22362 -5.56434
-3.22403 -5.56497
-3.22448 -5.56555
-3.22448 -5.56555
-3.22131 -5.56804
-3.21402 -5.57154
-3.20856 -5.57771
-3.20095 -5.58075
-3.19453 -5.58552
-3.18819 -5.5904
-3.18144 -5.5947
-3.17563 -5.60034
-3.16858 -5.60421
-3.1623 -5.60917
-3.15561 -5.61355
-3.14914 -5.61824
-3.14235 -5.62248
-3.13574 -5.62696
-3.12866 -5.63078
-3.12289 -5.63649
-3.11547 -5.63981
-3.10951 -5.64525
-3.10239 -5.649
-3.09621 -5.65411
-3.08935 -5.65825
-3.08273 -5.66273
-3.07628 -5.66746
-3.06958 -5.67182
-3.06403 -5.67783
-3.05734 -5.68222
-3.05048 -5.68635
-3.04364 -5.69051
-3.03718 -5.69522
-3.03013 -5.69908
-3.02451 -5.705
-3.01799 -5.70962
-3.01097 -5.71353
-3.00469 -5.71849
-2.99746 -5.7221
-2.99069 -5.72636
-2.98435 -5.73124
-2.97756 -5.73547
-2.97196 -5.74143
-2.96443 -5.7446
-2.95784 -5.74911
-2.95215 -5.75494
-2.94556 -5.75946
-2.93903 -5.76407
-2.93256 -5.76877
-2.92552 -5.77264
-2.91889 -5.7771
-2.91221 -5.78149
-2.90555 -5.78592
-2.89936 -5.79101
-2.89231 -5.79488
-2.8862 -5.80008
-2.87962 -5.80462
-2.87335 -5.80961
-2.86634 -5.81353
-2.85943 -5.81759
-2.85296 -5.82228
-2.84693 -5.8276
-2.84005 -5.83171
-2.83365 -5.83651
-2.82754 -5.84172
-2.82003 -5.84491
-2.81415 -5.85047
-2.80716 -5.85441
-2.80173 -5.85811
-2.80118 -5.85876
-2.79469 -5.86337
-2.78822 -5.86801
-2.78171 -5.87259
-2.77428 -5.87577
-2.76775 -5.88032
-2.76074 -5.88413
-2.7542 -5.88867
-2.74777 -5.89338
-2.7415 -5.89832
-2.73441 -5.90202
-2.72829 -5.9072
-2.72069 -5.9101
-2.71463 -5.91539
-2.70759 -5.91915
-2.70125 -5.924
-2.69415 -5.92767
-2.6876 -5.93218
-2.68088 -5.93644
-2.67485 -5.94176
-2.66783 -5.94557
-2.66064 -5.9491
-2.65499 -5.95501
-2.64827 -5.95926
-2.64125 -5.96307
-2.63421 -5.96682
-2.62802 -5.97191
-2.62086 -5.97549
-2.61459 -5.98044
-2.60794 -5.98481
-2.60129 -5.98918
-2.59444 -5.99324
-2.58733 -5.9969
-2.58151 -6.00253
-2.57411 -6.00575
-2.56764 -6.01039
-2.56097 -6.01472
-2.55418 -6.01889
-2.5475 -6.0232
-2.5408 -6.02749
-2.5346 -6.03255
-2.52749 -6.03622
-2.52115 -6.04106
-2.51506 -6.04629
-2.50794 -6.04993
-2.50069 -6.05338
-2.49472 -6.05878
-2.48801 -6.06306
-2.48162 -6.06782
-2.47472 -6.07181
-2.46829 -6.07652
-2.46166 -6.08092
-2.45442 -6.08437
-2.44791 -6.08895
-2.44087 -6.09273
-2.43503 -6.09833
-2.42789 -6.10195
-2.42083 -6.10569
-2.41488 -6.11113
