2.00257 -6.11429
2.00802 -6.11208
2.00809 -6.11202
2.01596 -6.10862
2.02398 -6.10535
2.02733 -6.10398
2.03201 -6.10209
2.04 -6.09873
2.04658 -6.09598
2.04798 -6.09537
2.05601 -6.09212
2.064 -6.08876
2.06586 -6.08804
2.07199 -6.08542
2.07998 -6.08208
2.08507 -6.07992
2.08796 -6.07871
2.096 -6.07546
2.10397 -6.07208
2.10432 -6.07191
2.11199 -6.0688
2.11997 -6.06542
2.12363 -6.06404
2.12797 -6.0621
2.13599 -6.05883
2.14288 -6.05602
2.14398 -6.05548
2.15199 -6.05218
2.16003 -6.04894
2.16211 -6.04796
2.16797 -6.04548
2.17602 -6.04229
2.1814 -6.04005
2.18398 -6.03885
2.19196 -6.0355
2.19998 -6.03221
2.20067 -6.03208
2.20797 -6.02887
2.21598 -6.02557
2.21991 -6.02406
2.224 -6.0223
2.23196 -6.01888
2.23917 -6.01607
2.23997 -6.01558
2.24799 -6.01229
2.25601 -6.00902
2.25838 -6.00796
2.264 -6.00567
2.27202 -6.00239
2.27766 -6.00001
2.27997 -5.99896
2.28799 -5.99568
2.29599 -5.99235
2.29688 -5.99193
2.30402 -5.9891
2.31198 -5.98569
2.31613 -5.98392
2.32002 -5.98245
2.328 -5.97907
2.33543 -5.97605
2.33597 -5.97568
2.34402 -5.97247
2.35197 -5.96903
2.35467 -5.968
2.36003 -5.96587
2.36802 -5.9625
2.37391 -5.95995
2.37601 -5.95915
2.384 -5.95582
2.39196 -5.9524
2.3932 -5.95204
2.39996 -5.94908
2.40798 -5.94578
2.41241 -5.94394
2.41599 -5.9425
2.42402 -5.93925
2.43172 -5.93607
2.43198 -5.93583
2.43997 -5.93248
2.44797 -5.92915
2.45097 -5.92807
2.45603 -5.92598
2.464 -5.92259
2.4702 -5.92
2.47199 -5.91923
2.47997 -5.91587
2.48796 -5.91252
2.48948 -5.91206
2.49598 -5.90923
2.50398 -5.90592
2.50873 -5.90404
2.51197 -5.90256
2.52002 -5.89936
2.52793 -5.89591
2.52801 -5.896
2.53601 -5.89267
2.544 -5.88933
2.54719 -5.88792
2.55203 -5.88608
2.56004 -5.88278
2.5665 -5.88005
2.56799 -5.87934
2.57597 -5.87597
2.58403 -5.87279
2.58571 -5.87195
2.59202 -5.86945
2.59999 -5.86606
2.60502 -5.86409
2.60798 -5.8627
2.616 -5.85941
2.624 -5.8561
2.62421 -5.85594
2.63198 -5.85272
2.64 -5.84946
2.64346 -5.84793
2.64801 -5.84616
2.65602 -5.84284
2.66278 -5.84007
2.66398 -5.83942
2.67203 -5.83624
2.67998 -5.83278
2.68201 -5.83201
2.68802 -5.82955
2.69604 -5.82627
2.70129 -5.82406
2.704 -5.82286
2.71201 -5.81957
2.72002 -5.81627
2.72053 -5.81604
2.728 -5.81288
2.73603 -5.80964
2.73977 -5.808
2.743 -5.80671
2.74402 -5.8059
2.74711 -5.80339
2.75095 -5.80006
2.75196 -5.79895
2.75964 -5.79205
2.75999 -5.79161
2.76795 -5.78421
2.76824 -5.78395
2.77595 -5.77685
2.77703 -5.77605
2.78398 -5.76952
2.78574 -5.76806
2.79199 -5.76217
2.79431 -5.75993
2.79998 -5.7548
2.80312 -5.75206
2.80794 -5.7474
2.81177 -5.74401
2.81605 -5.74015
2.82052 -5.73606
2.82403 -5.73277
2.82916 -5.72801
2.83195 -5.72532
2.83783 -5.71998
2.83999 -5.71801
2.84649 -5.71195
2.84795 -5.71061
2.85523 -5.704
2.85599 -5.70329
2.86399 -5.69606
2.86403 -5.69597
2.87196 -5.68853
2.87256 -5.68793
2.88003 -5.68125
2.88128 -5.67995
2.88805 -5.67391
2.89001 -5.672
2.89594 -5.66643
2.89866 -5.66394
2.90406 -5.6592
2.90746 -5.65606
2.91194 -5.6517
2.91605 -5.64794
2.92002 -5.64443
2.92485 -5.64006
2.92797 -5.63702
2.93349 -5.632
2.93606 -5.62975
2.9422 -5.62401
2.944 -5.62233
2.95089 -5.61601
2.95206 -5.61504
2.95962 -5.60805
2.96006 -5.60767
2.96807 -5.60032
2.96825 -5.59998
2.97598 -5.59287
2.97695 -5.59198
2.98398 -5.5855
2.98564 -5.58398
2.99196 -5.57812
2.99431 -5.57595
2.99994 -5.57074
3.003 -5.56795
3.00796 -5.5634
3.0117 -5.55996
3.01597 -5.55605
3.0204 -5.55195
3.02396 -5.54868
3.02909 -5.54396
3.03197 -5.54133
3.03781 -5.53598
3.04001 -5.53401
3.04656 -5.52804
3.04798 -5.52662
3.0552 -5.51998
3.05594 -5.51922
3.06396 -5.51206
3.06404 -5.51197
3.07204 -5.50461
3.07262 -5.50402
3.07998 -5.49718
3.08136 -5.49606
3.08799 -5.48982
3.08997 -5.48797
3.09597 -5.48244
3.09869 -5.48
3.10403 -5.47514
3.1074 -5.47202
3.11202 -5.46778
3.1161 -5.46401
3.12006 -5.46046
3.12481 -5.45603
3.12794 -5.45297
3.13343 -5.44796
3.13595 -5.44562
3.14223 -5.44006
3.14394 -5.43825
3.15092 -5.43206
3.15198 -5.43093
3.15954 -5.42399
3.15999 -5.42358
3.16795 -5.41617
3.16822 -5.41597
3.17597 -5.40884
3.17691 -5.40797
3.18397 -5.40148
3.18562 -5.39998
3.19204 -5.3942
3.19431 -5.39197
3.20005 -5.38685
3.20301 -5.38398
3.20803 -5.37946
3.21174 -5.37602
3.21594 -5.37201
3.22045 -5.36804
3.22399 -5.36469
3.22914 -5.36003
3.23203 -5.35737
3.23781 -5.352
3.23999 -5.34997
3.24652 -5.34401
3.24801 -5.34263
3.25519 -5.33599
3.25604 -5.33531
3.26387 -5.32797
3.26404 -5.32794
3.27193 -5.32047
3.27261 -5.32002
3.28002 -5.3132
3.28125 -5.31196
3.28802 -5.30584
3.28994 -5.30396
3.29604 -5.2985
3.29863 -5.29595
3.30402 -5.29112
3.30741 -5.28804
3.312 -5.28374
3.31603 -5.27996
3.32004 -5.27642
3.32475 -5.272
3.32798 -5.269
3.33345 -5.26399
3.336 -5.26165
3.34216 -5.25601
3.34396 -5.25425
3.35091 -5.24807
3.35206 -5.24701
3.3596 -5.24007
3.36003 -5.23961
3.36798 -5.2322
3.36827 -5.23205
3.37597 -5.22482
3.37697 -5.22404
3.38397 -5.21746
3.38568 -5.21606
3.39198 -5.21011
3.39432 -5.20801
3.39997 -5.20273
3.40306 -5.20005
3.40796 -5.19537
3.4117 -5.19199
3.41603 -5.18809
3.42038 -5.18398
3.42396 -5.18065
3.42908 -5.17598
3.43204 -5.17337
3.43773 -5.16794
3.44004 -5.16602
3.44652 -5.16004
3.44805 -5.15866
3.45524 -5.15206
3.45597 -5.15122
3.46393 -5.14406
3.46394 -5.14382
3.47206 -5.13659
3.47254 -5.13597
3.47998 -5.12914
3.48124 -5.12797
3.4846 -5.12497
3.48588 -5.12233
3.4868 -5.11997
3.48801 -5.11724
3.49022 -5.11203
3.49244 -5.1065
3.49332 -5.10402
3.496 -5.09602
3.49605 -5.09602
3.49795 -5.09011
3.49806 -5.088
3.49846 -5.08
3.49866 -5.07222
3.49874 -5.072
3.49853 -5.064
3.49861 -5.056
3.49837 -5.048
3.49824 -5.04
3.49829 -5.032
3.49823 -5.024
3.49804 -5.016
3.49797 -5.008
3.49777 -5
3.49773 -4.992
3.49761 -4.984
3.49751 -4.976
3.49739 -4.968
3.49737 -4.96
3.49726 -4.952
3.49716 -4.944
3.49717 -4.936
3.49693 -4.928
3.49685 -4.92
3.49691 -4.912
3.49679 -4.904
3.49665 -4.896
3.49664 -4.888
3.49644 -4.88
3.49632 -4.872
3.49615 -4.864
3.49609 -4.856
3.49611 -4.848
3.4959 -4.84263
3.49596 -4.84
3.49581 -4.832
3.49578 -4.824
3.49565 -4.816
3.49566 -4.808
3.49544 -4.8
3.49544 -4.792
3.49526 -4.784
3.49511 -4.776
3.49511 -4.768
3.49497 -4.76075
3.49508 -4.76
3.49456 -4.752
3.49426 -4.744
3.49381 -4.736
3.49381 -4.73497
3.49188 -4.728
3.48961 -4.72
3.488 -4.71428
3.48786 -4.71406
3.48568 -4.71197
3.48005 -4.70696
3.47651 -4.70407
3.47204 -4.69992
3.46749 -4.69602
3.46396 -4.69295
3.45844 -4.68799
3.45601 -4.68584
3.44942 -4.67993
3.44804 -4.67875
3.44024 -4.67205
3.43994 -4.67182
3.43199 -4.66471
3.43123 -4.66398
3.42396 -4.65769
3.42218 -4.65595
3.41594 -4.65065
3.41305 -4.64801
3.40794 -4.6436
3.40402 -4.63996
3.40004 -4.63644
3.39488 -4.63204
3.39196 -4.62948
3.38582 -4.62403
3.38396 -4.62242
3.37679 -4.61597
3.37599 -4.61533
3.36805 -4.60821
3.36765 -4.60806
3.36006 -4.60115
3.35863 -4.59999
3.352 -4.59416
3.3495 -4.59205
3.344 -4.5871
3.34042 -4.58406
3.33598 -4.58007
3.3314 -4.576
3.32797 -4.57304
3.32235 -4.56798
3.32006 -4.56588
3.3132 -4.56007
3.31197 -4.55893
3.30417 -4.55202
3.30402 -4.55182
3.29604 -4.54474
3.29512 -4.54399
3.288 -4.53773
3.28604 -4.53599
3.27995 -4.53074
3.27698 -4.52798
3.27204 -4.52358
3.26789 -4.52
3.26395 -4.51662
3.25883 -4.51199
3.25605 -4.50946
3.2497 -4.50405
3.24804 -4.50242
3.24065 -4.49603
3.24002 -4.49538
3.232 -4.48836
3.23164 -4.48794
3.22399 -4.48131
3.22258 -4.47994
3.21594 -4.47431
3.21349 -4.47195
3.20806 -4.46712
3.20434 -4.46404
3.20005 -4.46008
3.19528 -4.45603
3.19204 -4.45304
3.18624 -4.44799
3.18396 -4.44608
3.17717 -4.43999
3.17602 -4.43896
3.16807 -4.43201
3.16802 -4.4319
3.15994 -4.42494
3.15897 -4.42405
3.15201 -4.41781
3.15 -4.41593
3.14399 -4.41078
3.14084 -4.40802
3.13598 -4.40374
3.13176 -4.40003
3.12794 -4.39673
3.1227 -4.39202
3.11998 -4.38963
3.11359 -4.38406
3.11206 -4.38248
3.10454 -4.37604
3.10398 -4.37552
3.09595 -4.3685
3.09554 -4.36795
3.08796 -4.36144
3.08644 -4.35997
3.08006 -4.35427
3.07734 -4.35201
3.07197 -4.34732
3.06827 -4.344
3.064 -4.34023
3.0592 -4.336
3.05601 -4.33317
3.05012 -4.328
3.04801 -4.32612
3.04101 -4.32005
3.04005 -4.31902
3.03205 -4.31196
3.03194 -4.31205
3.02397 -4.305
3.02292 -4.30399
3.01593 -4.29798
3.01377 -4.29607
3.00804 -4.29081
3.00478 -4.28798
3.00004 -4.28375
2.99565 -4.28004
2.99194 -4.27681
2.98662 -4.27199
2.98396 -4.26974
2.97748 -4.26407
2.97602 -4.26261
2.96849 -4.25597
2.968 -4.25559
2.96001 -4.24852
2.9594 -4.24799
2.95205 -4.24142
2.95038 -4.23993
2.944 -4.23443
2.94128 -4.23196
2.93602 -4.22735
2.93211 -4.22407
2.92803 -4.22029
2.92307 -4.21603
2.92 -4.21327
2.91399 -4.20804
2.912 -4.20622
2.90496 -4.19999
2.904 -4.19916
2.89596 -4.19215
2.89586 -4.19202
2.88799 -4.18507
2.88675 -4.18407
2.88002 -4.17798
2.87776 -4.17597
2.872 -4.17094
2.8686 -4.16807
2.86398 -4.16392
2.85962 -4.15997
2.85594 -4.15691
2.85055 -4.15195
2.84804 -4.14974
2.84148 -4.14396
2.84004 -4.14269
2.83242 -4.13594
2.83205 -4.13562
2.82406 -4.12856
2.82332 -4.12797
2.81595 -4.12162
2.81423 -4.11998
2.808 -4.11452
2.80511 -4.11204
2.80001 -4.10745
2.7961 -4.10397
2.79197 -4.10045
2.78699 -4.09601
2.78402 -4.09333
2.77799 -4.08793
2.77597 -4.08634
2.76881 -4.08005
2.76794 -4.07931
2.76004 -4.07215
2.75978 -4.072
2.75197 -4.06517
2.75067 -4.06404
2.74394 -4.05815
2.74164 -4.05599
2.73598 -4.05105
2.73255 -4.04801
2.72804 -4.04393
2.72345 -4.04003
2.72002 -4.03691
2.71444 -4.03197
2.71195 -4.02993
2.70539 -4.02394
2.70399 -4.02284
2.6962 -4.01607
2.69597 -4.0158
2.68797 -4.00875
2.6872 -4.00799
2.68 -4.00167
2.67814 -3.99997
2.67196 -3.99466
2.66907 -3.99197
2.66403 -3.98752
2.65992 -3.98405
2.65594 -3.98057
2.65096 -3.97593
2.64801 -3.97344
2.64183 -3.968
2.63997 -3.96643
2.63269 -3.96007
2.63196 -3.95938
2.62399 -3.9523
2.62363 -3.95205
2.61598 -3.94526
2.61458 -3.94403
2.60802 -3.93816
2.60553 -3.936
2.59997 -3.93115
2.59642 -3.92804
2.59204 -3.92403
2.58738 -3.92
2.58399 -3.91703
2.57826 -3.91206
2.57596 -3.91
2.56924 -3.904
2.56796 -3.90296
2.56021 -3.89594
2.56002 -3.89583
2.55203 -3.88877
2.55105 -3.88804
2.54399 -3.88176
2.54199 -3.88003
2.53601 -3.87469
2.53301 -3.87193
2.52797 -3.86767
2.52382 -3.86405
2.51995 -3.86064
2.51483 -3.85596
2.51198 -3.85355
2.50571 -3.84801
2.50397 -3.84651
2.4967 -3.83994
2.49595 -3.83948
2.48794 -3.83244
2.48756 -3.83202
2.48 -3.82532
2.47848 -3.82403
2.47204 -3.81822
2.46942 -3.81601
2.46401 -3.8112
2.46038 -3.80797
2.45597 -3.80419
2.45123 -3.80006
2.44805 -3.79705
2.44217 -3.79205
2.43995 -3.79011
2.43311 -3.78403
2.43195 -3.78306
2.42409 -3.77596
2.42395 -3.776
2.41605 -3.76883
2.41504 -3.76794
2.40804 -3.7618
2.40591 -3.76
2.39997 -3.75482
2.39679 -3.75206
2.39199 -3.74774
2.3878 -3.74397
2.38398 -3.74069
2.37865 -3.73605
2.37596 -3.73366
2.36966 -3.72796
2.36802 -3.72655
2.36061 -3.71993
2.35996 -3.71957
2.35204 -3.71242
2.35151 -3.71196
2.34407 -3.70534
2.34239 -3.70401
2.33606 -3.69829
2.33336 -3.69596
2.32806 -3.69124
2.3242 -3.68806
2.32003 -3.68421
2.31522 -3.67995
2.31206 -3.67713
2.30606 -3.67205
2.30406 -3.67007
2.29708 -3.66395
2.29601 -3.66308
2.28799 -3.65604
2.288 -3.65595
2.27996 -3.64903
2.27884 -3.64805
2.27205 -3.64188
2.26987 -3.63993
2.26401 -3.63486
2.26076 -3.63198
2.25603 -3.62779
2.25163 -3.62404
2.24799 -3.62077
2.24261 -3.61598
2.24005 -3.61366
2.2335 -3.60802
2.23205 -3.60661
2.22447 -3.59998
2.22404 -3.59956
2.21598 -3.59257
2.21532 -3.59206
2.20804 -3.58545
2.20624 -3.58407
2.20003 -3.57841
2.19719 -3.57604
2.19202 -3.57137
2.18812 -3.56803
2.18402 -3.56431
2.17907 -3.56001
2.176 -3.55728
2.17005 -3.55195
2.16797 -3.55027
2.16089 -3.54405
2.16003 -3.54315
2.15198 -3.53614
2.15182 -3.53604
2.144 -3.52907
2.14273 -3.52807
2.13595 -3.52207
2.13365 -3.52007
2.128 -3.51496
2.12462 -3.51203
2.12004 -3.50786
2.1156 -3.50396
2.11194 -3.50093
2.10647 -3.49602
2.10395 -3.49386
2.09747 -3.48794
2.09598 -3.48677
2.08829 -3.48007
2.08799 -3.47971
2.07995 -3.4727
2.07923 -3.47204
2.07194 -3.46566
2.07017 -3.46403
2.06396 -3.45858
2.06118 -3.45593
2.056 -3.45148
2.0521 -3.44795
2.048 -3.44443
2.04298 -3.43999
2.04003 -3.43734
2.03391 -3.432
2.03206 -3.43025
2.02488 -3.42394
2.02398 -3.42329
2.01599 -3.41623
2.01574 -3.41602
2.00802 -3.40914
2.00672 -3.40796
1.99998 -3.40213
1.99756 -3.40006
1.99195 -3.39511
1.98849 -3.39205
1.98394 -3.38807
1.97943 -3.38403
1.97597 -3.38098
1.97042 -3.37597
1.968 -3.37389
1.96133 -3.36799
1.96003 -3.36681
1.95229 -3.35995
1.95197 -3.35982
1.94399 -3.35274
1.9432 -3.35196
1.93604 -3.34563
1.93404 -3.34407
1.92794 -3.3387
1.92507 -3.33595
1.91999 -3.33158
1.91592 -3.32803
1.91202 -3.32449
1.90689 -3.31998
1.90397 -3.3175
1.89784 -3.31196
1.89597 -3.31044
1.88873 -3.304
1.88802 -3.30334
1.87997 -3.29633
1.87968 -3.29597
1.87201 -3.28924
1.87056 -3.28803
1.86404 -3.28215
1.86155 -3.27995
1.85606 -3.27507
1.85247 -3.27196
1.848 -3.26808
1.84335 -3.26401
1.83995 -3.26109
1.83426 -3.25604
1.83197 -3.25402
1.82521 -3.248
1.82403 -3.24689
1.81614 -3.24
1.81596 -3.23992
1.80804 -3.23278
1.80702 -3.23205
1.8 -3.22577
1.79796 -3.22404
1.79197 -3.21875
1.78891 -3.21601
1.784 -3.21166
1.77991 -3.20793
1.77602 -3.20459
1.77083 -3.19994
1.76796 -3.1976
1.76177 -3.19193
1.75998 -3.19052
1.75257 -3.18407
1.75194 -3.18352
1.74402 -3.17637
1.7436 -3.17595
1.73605 -3.16929
1.73453 -3.16795
1.72802 -3.16226
1.72546 -3.15994
1.71998 -3.15526
1.71638 -3.15195
1.71199 -3.14819
1.70725 -3.14401
1.70394 -3.14119
1.69821 -3.13598
1.69597 -3.13411
1.68906 -3.12806
1.68806 -3.12695
1.68009 -3.11994
1.67996 -3.12001
1.67201 -3.11289
1.67103 -3.11193
1.66401 -3.10585
1.6619 -3.104
1.65597 -3.09883
1.65281 -3.09601
1.64799 -3.09176
1.64374 -3.08801
1.64005 -3.08464
1.63464 -3.08004
1.63198 -3.07767
1.62559 -3.07201
1.62402 -3.07056
1.61652 -3.06401
1.61606 -3.06346
1.60799 -3.05649
1.6075 -3.05594
1.59995 -3.04948
1.59843 -3.04794
1.59202 -3.04235
1.58928 -3.04003
1.58396 -3.03536
1.58022 -3.03202
1.57601 -3.02825
1.57112 -3.02405
1.56794 -3.02128
1.56205 -3.01604
1.56006 -3.0141
1.55302 -3.00799
1.55201 -3.0071
1.54403 -3.00001
1.54399 -2.99994
1.53597 -2.99303
1.53489 -2.99197
1.52804 -2.9859
1.52578 -2.98402
1.51995 -2.97895
1.51667 -2.97606
1.51205 -2.97178
1.50769 -2.96795
1.50406 -2.96472
1.49851 -2.96007
1.49605 -2.95768
1.4895 -2.952
1.48799 -2.95069
1.48046 -2.94396
1.48003 -2.94359
1.47194 -2.93664
1.47131 -2.93605
1.464 -2.92952
1.46233 -2.92794
1.45595 -2.92252
1.45314 -2.92007
1.44797 -2.91544
1.44413 -2.912
1.43997 -2.90839
1.4351 -2.90395
1.43204 -2.90126
1.42604 -2.89594
1.42401 -2.89424
1.4169 -2.88801
1.41597 -2.88723
1.40799 -2.88015
1.40789 -2.87994
1.39999 -2.8731
1.3988 -2.87196
1.392 -2.86603
1.38968 -2.86401
1.38398 -2.85901
1.38065 -2.85596
1.37605 -2.85187
1.37152 -2.84803
1.36802 -2.84485
1.36252 -2.83995
1.36 -2.83782
1.35335 -2.83205
1.35197 -2.8308
1.34427 -2.82406
1.34395 -2.82377
1.336 -2.81666
1.33521 -2.81604
1.32794 -2.80967
1.32623 -2.80794
1.32007 -2.80248
1.31705 -2.80006
1.31204 -2.79545
1.30806 -2.79196
1.30395 -2.78851
1.29902 -2.78393
1.29593 -2.78147
1.28986 -2.77603
1.28804 -2.77429
1.28085 -2.76795
1.28006 -2.76722
1.272 -2.76023
1.2718 -2.75993
1.26401 -2.75317
1.26268 -2.75198
1.25596 -2.74617
1.25362 -2.74396
1.24801 -2.73906
1.24456 -2.73596
1.24004 -2.73197
1.23545 -2.72799
1.23201 -2.72495
1.22636 -2.72001
1.22397 -2.71794
1.21724 -2.71206
1.21595 -2.71091
1.20829 -2.70393
1.20805 -2.70374
1.19997 -2.69679
1.19909 -2.69607
1.19199 -2.6897
1.1901 -2.68797
1.18398 -2.68267
1.18097 -2.68003
1.17602 -2.67557
1.17188 -2.67205
1.168 -2.66854
1.16282 -2.66405
1.15993 -2.66156
1.15381 -2.65597
1.152 -2.65443
1.14465 -2.64807
1.14397 -2.64741
1.13607 -2.64025
1.13559 -2.64006
1.12805 -2.63321
1.12658 -2.63198
1.12006 -2.62614
1.11751 -2.62397
1.11206 -2.61909
1.10844 -2.61598
1.10397 -2.61214
1.09933 -2.60802
1.09594 -2.60512
1.09028 -2.59998
1.08799 -2.59801
1.08115 -2.59205
1.08002 -2.59093
1.07218 -2.58393
1.07206 -2.58382
1.064 -2.57684
1.06304 -2.57601
1.05604 -2.56975
1.05393 -2.56805
1.04798 -2.56275
1.04494 -2.55996
1.04004 -2.55564
1.03584 -2.55198
1.03197 -2.54866
1.0267 -2.54407
1.02398 -2.5416
1.01762 -2.53606
1.01604 -2.53447
1.00861 -2.528
1.00804 -2.52741
1.00006 -2.52034
0.999493 -2.52005
0.992053 -2.5133
0.990477 -2.51198
0.984065 -2.50623
0.981437 -2.50394
0.975986 -2.49927
0.972307 -2.49601
0.967962 -2.49224
0.963277 -2.48796
0.959949 -2.4852
0.954196 -2.47997
0.951978 -2.47811
0.945061 -2.47204
0.943999 -2.47104
0.935964 -2.46406
0.936016 -2.46396
0.928061 -2.45686
0.926919 -2.45603
0.92002 -2.44985
0.917857 -2.44802
0.91204 -2.44278
0.908817 -2.43998
0.904013 -2.43575
0.899737 -2.43199
0.895984 -2.42873
0.890648 -2.42401
0.888016 -2.42164
0.881614 -2.41596
0.880004 -2.4146
0.872476 -2.40803
0.872054 -2.40749
0.86396 -2.40055
0.863475 -2.39995
0.856043 -2.3934
0.854385 -2.39197
0.848049 -2.38634
0.845264 -2.38403
0.840064 -2.37927
0.836199 -2.37602
0.831989 -2.3723
0.82715 -2.36799
0.823986 -2.36525
0.818026 -2.36005
0.816064 -2.35811
0.809023 -2.35197
0.807963 -2.35117
0.799944 -2.34413
0.799977 -2.34393
0.791982 -2.33704
0.790886 -2.33595
0.784054 -2.3299
0.781711 -2.32807
0.776048 -2.32286
0.772635 -2.32007
0.767953 -2.31591
0.7636 -2.31203
0.759982 -2.30882
0.754541 -2.30401
0.751977 -2.30178
0.745445 -2.29604
0.743937 -2.29477
0.73643 -2.28797
0.73602 -2.28762
0.728051 -2.28053
0.727329 -2.28
0.720018 -2.27352
0.718197 -2.27207
0.711989 -2.26649
0.709191 -2.26399
0.704041 -2.25938
0.700157 -2.25595
0.695949 -2.25243
0.691086 -2.24795
0.688016 -2.2453
0.681963 -2.24
0.679942 -2.23833
0.672881 -2.23201
0.671971 -2.23125
0.664036 -2.22412
0.663775 -2.22405
0.655992 -2.21712
0.654721 -2.21603
0.647976 -2.21008
0.64569 -2.20798
0.63996 -2.20305
0.636656 -2.19993
0.631991 -2.19596
0.627481 -2.19205
0.623934 -2.18897
0.618402 -2.18406
0.617208 -2.18294
0.616753 -2.1825
0.615974 -2.18195
0.608529 -2.17605
0.607953 -2.17561
0.600018 -2.16916
0.598455 -2.16807
0.591961 -2.16287
0.588507 -2.15994
0.583954 -2.15651
0.578354 -2.15206
0.575965 -2.15013
0.568345 -2.14401
0.567989 -2.14374
0.560053 -2.13729
0.558244 -2.13606
0.551995 -2.131
0.548297 -2.12793
0.544009 -2.12461
0.538139 -2.12006
0.535964 -2.11831
0.528165 -2.11196
0.52798 -2.11192
0.519955 -2.10559
0.518121 -2.10395
0.512001 -2.09916
0.507973 -2.09606
0.504008 -2.09279
0.497941 -2.08803
0.496049 -2.08637
0.488033 -2.08003
0.487866 -2.08006
0.480035 -2.07366
0.477834 -2.07203
0.472056 -2.06727
0.467815 -2.06399
0.463999 -2.06097
0.457755 -2.056
0.456037 -2.05456
0.44798 -2.04827
0.447638 -2.04807
0.43997 -2.04191
0.437618 -2.04003
0.431962 -2.03556
0.427593 -2.032
0.424048 -2.02908
0.417595 -2.02392
0.415946 -2.02285
0.408057 -2.01634
0.407527 -2.01594
0.400025 -2.01002
0.397425 -2.008
0.391999 -2.00368
0.387338 -2.00004
0.384006 -1.99731
0.377375 -1.99193
0.376025 -1.99092
0.368005 -1.98458
0.367266 -1.984
0.35995 -1.97828
0.357263 -1.97593
0.352051 -1.97179
0.347117 -1.96805
0.34402 -1.96546
0.337162 -1.95992
0.335956 -1.95918
0.327955 -1.95282
0.326995 -1.95206
0.320005 -1.94639
0.31694 -1.94407
0.312007 -1.94002
0.306884 -1.93607
0.303948 -1.93373
0.296889 -1.92799
0.296016 -1.92728
0.288008 -1.92092
0.286866 -1.91995
0.279949 -1.91463
0.276835 -1.91192
0.271986 -1.90822
0.266782 -1.90392
0.263969 -1.90187
0.256701 -1.89596
0.255986 -1.89549
0.247978 -1.88913
0.246628 -1.88798
0.239955 -1.8828
0.236547 -1.88001
0.231961 -1.87642
0.226476 -1.87203
0.223946 -1.87008
0.216471 -1.86397
0.215952 -1.8637
0.207991 -1.85729
0.206381 -1.85602
0.200031 -1.85087
0.196284 -1.84807
0.192004 -1.84454
0.186307 -1.83997
0.18404 -1.83813
0.176213 -1.83202
0.176061 -1.83174
0.167972 -1.82548
0.166166 -1.82401
0.159968 -1.81912
0.156071 -1.81607
0.152058 -1.81265
0.146091 -1.80797
0.144022 -1.80633
0.13597 -1.80006
0.135952 -1.80005
0.128036 -1.79358
0.125961 -1.792
0.119982 -1.78728
0.115925 -1.78398
0.112008 -1.78088
0.105831 -1.77603
0.104028 -1.77449
0.0959686 -1.7682
0.0958119 -1.76798
0.0880281 -1.76176
0.0857643 -1.75997
0.0799571 -1.75548
0.0756606 -1.75204
0.0719599 -1.74912
0.0656539 -1.74398
0.064047 -1.74264
0.0559724 -1.73637
0.05556 -1.73603
0.0479515 -1.73003
0.0455068 -1.72802
0.0399711 -1.72364
0.0354137 -1.72007
0.0320586 -1.71716
0.0254374 -1.71197
0.0240597 -1.7108
0.0159647 -1.70455
0.0153116 -1.70406
0.00793889 -1.69822
0.00535428 -1.69594
1.79326e-05 -1.69175
-0.00468725 -1.68793
-0.00802618 -1.68544
-0.0148611 -1.68008
-0.016023 -1.67907
-0.0239574 -1.67263
-0.0248668 -1.67202
-0.0320429 -1.66637
-0.0349576 -1.66406
-0.0400022 -1.65995
-0.0449442 -1.65598
-0.0480618 -1.65366
-0.0550602 -1.64805
-0.0560466 -1.64728
-0.0640457 -1.64091
-0.0650388 -1.63996
-0.0719841 -1.63447
-0.075064 -1.63192
-0.0799941 -1.62811
-0.0851471 -1.62396
-0.088052 -1.62182
-0.0919412 -1.61862
-0.096 -1.61853
-0.104 -1.61858
-0.112 -1.61852
-0.12 -1.61872
-0.128 -1.61863
-0.136 -1.61861
-0.144 -1.61869
-0.152 -1.61865
-0.16 -1.61871
-0.168 -1.61861
-0.176 -1.61867
-0.184 -1.6187
-0.192 -1.61868
-0.2 -1.61859
-0.208 -1.61853
-0.216 -1.61864
-0.220151 -1.61859
-0.224037 -1.62169
-0.226856 -1.62394
-0.231989 -1.6282
-0.236798 -1.63192
-0.239945 -1.6347
-0.246653 -1.64002
-0.247948 -1.64114
-0.255955 -1.64758
-0.256646 -1.64794
-0.26404 -1.65392
-0.266553 -1.65597
-0.271999 -1.66041
-0.276434 -1.66403
-0.280032 -1.66682
-0.286398 -1.67199
-0.287944 -1.67337
-0.296 -1.67975
-0.296289 -1.68003
-0.303959 -1.68624
-0.306211 -1.68804
-0.312055 -1.69257
-0.31616 -1.69602
-0.319975 -1.69911
-0.326059 -1.70406
-0.328032 -1.70549
-0.336062 -1.71189
-0.33601 -1.71203
-0.343976 -1.71845
-0.346016 -1.71994
-0.351965 -1.7249
-0.355879 -1.72802
-0.360041 -1.73126
-0.365849 -1.73597
-0.36803 -1.73771
-0.375776 -1.74398
-0.375966 -1.74424
-0.384052 -1.75058
-0.385657 -1.75204
-0.391977 -1.75711
-0.395649 -1.75996
-0.400014 -1.76351
-0.405534 -1.76802
-0.40795 -1.77004
-0.415439 -1.77605
-0.415987 -1.77644
-0.424019 -1.78284
-0.425433 -1.78397
-0.431991 -1.78932
-0.435359 -1.79197
-0.440029 -1.79572
-0.445286 -1.79998
-0.448028 -1.80217
-0.455238 -1.80795
-0.456042 -1.80859
-0.463992 -1.8151
-0.465139 -1.81599
-0.472011 -1.82152
-0.475077 -1.82398
-0.48002 -1.82796
-0.485021 -1.83196
-0.488031 -1.83439
-0.494918 -1.84
-0.49599 -1.84088
-0.504041 -1.84726
-0.504908 -1.84793
-0.512046 -1.8537
-0.51475 -1.85604
-0.519948 -1.86027
-0.52465 -1.86407
-0.528053 -1.86658
-0.534597 -1.87205
-0.536018 -1.87307
-0.544043 -1.87949
-0.544612 -1.87995
-0.552033 -1.88594
-0.55449 -1.88801
-0.559958 -1.89248
-0.564451 -1.89597
-0.568032 -1.89884
-0.57434 -1.90403
-0.575967 -1.90536
-0.584051 -1.9117
-0.584331 -1.91195
-0.592005 -1.9182
-0.59422 -1.92
-0.600056 -1.92459
-0.604132 -1.92802
-0.608025 -1.93107
-0.614065 -1.93602
-0.615947 -1.93761
-0.624028 -1.94396
-0.623963 -1.94406
-0.631968 -1.95048
-0.633942 -1.952
-0.640046 -1.95682
-0.643934 -1.95992
-0.648048 -1.96327
-0.653815 -1.96798
-0.655997 -1.96977
-0.663685 -1.97606
-0.663977 -1.97624
-0.672041 -1.98261
-0.673669 -1.98399
-0.680027 -1.98907
-0.683603 -1.99199
-0.687978 -1.99558
-0.693556 -1.99996
-0.695956 -2.00205
-0.70346 -2.00799
-0.704011 -2.00843
-0.712046 -2.01483
-0.713369 -2.01602
-0.72002 -2.02131
-0.723317 -2.024
-0.72794 -2.02785
-0.733219 -2.03203
-0.735978 -2.03425
-0.743128 -2.04006
-0.744005 -2.04066
-0.751983 -2.04713
-0.753138 -2.04796
-0.759997 -2.05356
-0.763009 -2.05603
-0.768005 -2.05999
-0.772981 -2.06398
-0.776024 -2.06642
-0.782887 -2.07201
-0.784046 -2.07283
-0.791983 -2.07936
-0.792845 -2.07997
-0.800012 -2.08577
-0.802731 -2.08803
-0.808058 -2.09215
-0.812655 -2.09604
-0.81601 -2.09866
-0.822633 -2.10398
-0.824035 -2.10507
-0.831974 -2.11159
-0.83255 -2.11199
-0.840056 -2.11794
-0.842515 -2.11995
-0.84797 -2.12449
-0.852424 -2.12798
-0.855974 -2.13093
-0.862335 -2.136
-0.863966 -2.13738
-0.871952 -2.14385
-0.872277 -2.14399
-0.880034 -2.15019
-0.882212 -2.15198
-0.887966 -2.15672
-0.892072 -2.16007
-0.896046 -2.16306
-0.902103 -2.16794
-0.904045 -2.16951
-0.911969 -2.17602
-0.912051 -2.17595
-0.920023 -2.18243
-0.921903 -2.18402
-0.927971 -2.18894
-0.931907 -2.19193
-0.936041 -2.1953
-0.94173 -2.20006
-0.942707 -2.2007
-0.943939 -2.20192
-0.944451 -2.20227
-0.950901 -2.20806
-0.951945 -2.20899
-0.959915 -2.21605
-0.959971 -2.21606
-0.967954 -2.22319
-0.968995 -2.22398
-0.975944 -2.2303
-0.978034 -2.23195
-0.984065 -2.23726
-0.986975 -2.24003
-0.992062 -2.24436
-0.996043 -2.24797
-0.999982 -2.25156
-1.005 -2.25603
-1.00794 -2.2587
-1.0141 -2.26394
-1.01596 -2.26579
-1.02309 -2.27196
-1.024 -2.27284
-1.032 -2.27994
-1.03212 -2.27995
-1.04 -2.28704
-1.04112 -2.28796
-1.04802 -2.29412
-1.05008 -2.29602
-1.05593 -2.30131
-1.05908 -2.30403
-1.06404 -2.30829
-1.0681 -2.31202
-1.07195 -2.3155
-1.07709 -2.32005
-1.08 -2.32254
-1.08612 -2.32804
-1.08804 -2.3296
-1.09517 -2.33599
-1.09601 -2.33673
-1.10403 -2.34381
-1.10412 -2.34407
-1.11196 -2.35099
-1.11322 -2.35196
-1.11999 -2.35806
-1.12219 -2.36001
-1.12804 -2.36511
-1.13122 -2.36799
-1.13597 -2.37228
-1.14026 -2.37596
-1.14405 -2.37929
-1.14923 -2.38402
-1.15194 -2.38651
-1.15826 -2.392
-1.16002 -2.39352
-1.16722 -2.40005
-1.16797 -2.40069
-1.17605 -2.4077
-1.1763 -2.40798
-1.18406 -2.41479
-1.18527 -2.41602
-1.19196 -2.422
-1.19429 -2.42402
-1.19999 -2.42906
-1.20327 -2.43206
-1.20798 -2.43618
-1.21236 -2.43997
-1.21602 -2.44323
-1.22139 -2.44796
-1.22394 -2.45043
-1.2304 -2.45596
-1.23197 -2.45749
-1.23941 -2.46396
-1.23994 -2.46462
-1.24806 -2.47159
-1.24839 -2.472
-1.25605 -2.4787
-1.25734 -2.48006
-1.26405 -2.4858
-1.26646 -2.48795
-1.27195 -2.49301
-1.27544 -2.49599
-1.28002 -2.50003
-1.28438 -2.50407
-1.288 -2.50716
-1.2934 -2.51206
-1.29596 -2.5143
-1.3025 -2.51996
-1.30395 -2.52142
-1.31142 -2.52806
-1.31201 -2.52845
-1.32006 -2.5355
-1.32052 -2.53597
-1.32801 -2.54265
-1.32945 -2.54406
-1.336 -2.54977
-1.33855 -2.55197
-1.34398 -2.55689
-1.3475 -2.56004
-1.35194 -2.56404
-1.35652 -2.56803
-1.35994 -2.57114
-1.36562 -2.57593
-1.368 -2.57817
-1.37461 -2.58396
-1.37599 -2.58527
-1.38358 -2.592
-1.38398 -2.59239
-1.39201 -2.59946
-1.39255 -2.60006
-1.40002 -2.60655
-1.40161 -2.608
-1.40801 -2.61365
-1.41065 -2.61597
-1.41603 -2.62074
-1.41962 -2.62402
-1.42398 -2.6279
-1.42865 -2.63201
-1.43198 -2.63499
-1.43768 -2.63998
-1.44004 -2.64202
-1.44666 -2.64801
-1.44801 -2.64916
-1.45565 -2.65605
-1.45605 -2.65622
-1.46405 -2.66332
-1.46466 -2.66405
-1.472 -2.67047
-1.47376 -2.67196
-1.48004 -2.67753
-1.48269 -2.68005
-1.48799 -2.68469
-1.49169 -2.68806
-1.49595 -2.69183
-1.50074 -2.69602
-1.50404 -2.69884
-1.50971 -2.70407
-1.51197 -2.70601
-1.51882 -2.71196
-1.51996 -2.71313
-1.5278 -2.71999
-1.52803 -2.72015
-1.53601 -2.72727
-1.53684 -2.72797
-1.54401 -2.73437
-1.5458 -2.73603
-1.55203 -2.74145
-1.55478 -2.74407
-1.55995 -2.74864
-1.56388 -2.75197
-1.56805 -2.75563
-1.57282 -2.76005
-1.57603 -2.76275
-1.58186 -2.76801
-1.58396 -2.76993
-1.59089 -2.77599
-1.59203 -2.77695
-1.59992 -2.78398
-1.60003 -2.78406
-1.60803 -2.79115
-1.60897 -2.79194
-1.616 -2.79829
-1.61797 -2.79995
-1.62399 -2.8054
-1.62692 -2.80803
-1.63204 -2.81244
-1.636 -2.81594
-1.63996 -2.81963
-1.64494 -2.82403
-1.64803 -2.82665
-1.65393 -2.83206
-1.65597 -2.83383
-1.66293 -2.84007
-1.66397 -2.84093
-1.67194 -2.84806
-1.67204 -2.84796
-1.67997 -2.85513
-1.68101 -2.85601
-1.68797 -2.86223
-1.69006 -2.86397
-1.69602 -2.86927
-1.69901 -2.87204
-1.70399 -2.87641
-1.70801 -2.88006
-1.71198 -2.88352
-1.7171 -2.88797
-1.71994 -2.89067
-1.72614 -2.89594
-1.72795 -2.89776
-1.73505 -2.90406
-1.73593 -2.90487
-1.74405 -2.91184
-1.74408 -2.91203
-1.75204 -2.91896
-1.75313 -2.91999
-1.75998 -2.92612
-1.76214 -2.928
-1.76804 -2.93316
-1.7712 -2.93594
-1.77605 -2.94025
-1.7802 -2.94396
-1.78403 -2.94737
-1.78918 -2.952
-1.79206 -2.95444
-1.79817 -2.96002
-1.79994 -2.96167
-1.80719 -2.96802
-1.80801 -2.96869
-1.81603 -2.97577
-1.81624 -2.97598
-1.82402 -2.98289
-1.82519 -2.98404
-1.83205 -2.98995
-1.83429 -2.99195
-1.84005 -2.99706
-1.84332 -2.99993
-1.84798 -3.00423
-1.85228 -3.00799
-1.85603 -3.01127
-1.86124 -3.01605
-1.86402 -3.01838
-1.87031 -3.02399
-1.87197 -3.02554
-1.87931 -3.032
-1.88004 -3.03257
-1.88803 -3.03968
-1.8883 -3.04002
-1.89595 -3.04687
-1.89728 -3.04807
-1.90398 -3.05393
-1.90639 -3.05595
-1.91202 -3.06099
-1.91542 -3.06393
-1.91994 -3.06818
-1.9244 -3.07198
-1.92806 -3.07514
-1.93337 -3.08002
-1.93605 -3.08225
-1.94244 -3.08796
-1.94396 -3.08946
-1.95137 -3.09605
-1.95206 -3.09645
-1.96002 -3.1036
-1.96048 -3.10394
-1.96801 -3.11071
-1.96941 -3.11203
-1.97602 -3.1178
-1.9784 -3.12006
-1.984 -3.12492
-1.98743 -3.12805
-1.99202 -3.132
-1.99646 -3.13603
-1.99999 -3.13913
-2.00551 -3.14398
-2.00794 -3.14629
-2.01454 -3.15197
-2.01606 -3.15326
-2.02353 -3.16
-2.02401 -3.16042
-2.03201 -3.16751
-2.03249 -3.16805
-2.03998 -3.17465
-2.04157 -3.17597
-2.04802 -3.1817
-2.05053 -3.18404
-2.05604 -3.18878
-2.05957 -3.192
-2.06394 -3.196
-2.06864 -3.19994
-2.07201 -3.20302
-2.07763 -3.20797
-2.08005 -3.21007
-2.08657 -3.21605
-2.08795 -3.21728
-2.09557 -3.22407
-2.09606 -3.22426
-2.10406 -3.23136
-2.10465 -3.23199
-2.11204 -3.23849
-2.11365 -3.24001
-2.12007 -3.24556
-2.12272 -3.24794
-2.12798 -3.25276
-2.13172 -3.25595
-2.13595 -3.25989
-2.14066 -3.26404
-2.144 -3.26694
-2.14969 -3.27201
-2.15195 -3.27409
-2.15874 -3.27998
-2.16005 -3.28108
-2.16768 -3.28806
-2.16798 -3.28826
-2.17594 -3.2954
-2.17673 -3.29602
-2.18395 -3.30249
-2.18572 -3.30405
-2.19205 -3.30948
-2.19482 -3.31194
-2.19998 -3.31666
-2.20374 -3.32005
-2.20801 -3.32373
-2.21274 -3.32807
-2.21607 -3.33077
-2.22179 -3.33602
-2.22397 -3.33798
-2.23077 -3.34406
-2.23203 -3.34501
-2.2399 -3.35193
-2.23998 -3.35216
-2.24798 -3.35927
-2.24884 -3.36001
-2.25599 -3.36636
-2.25791 -3.36795
-2.264 -3.37344
-2.26688 -3.376
-2.27201 -3.38053
-2.27596 -3.38393
-2.28001 -3.38763
-2.28489 -3.39202
-2.28798 -3.39477
-2.29397 -3.39994
-2.29595 -3.40191
-2.30293 -3.408
-2.30396 -3.409
-2.31198 -3.41596
-2.31199 -3.41606
-2.32006 -3.42308
-2.32091 -3.42406
-2.32795 -3.4303
-2.33001 -3.43196
-2.33601 -3.43734
-2.33905 -3.43993
-2.34404 -3.4444
-2.34795 -3.44806
-2.35203 -3.45152
-2.35705 -3.45595
-2.35997 -3.45869
-2.36596 -3.46407
-2.36794 -3.46582
-2.3751 -3.47193
-2.37601 -3.47285
-2.38405 -3.4799
-2.38409 -3.47995
-2.39204 -3.48701
-2.39312 -3.48793
-2.39996 -3.4942
-2.40201 -3.49607
-2.40803 -3.50122
-2.41115 -3.50393
-2.41601 -3.50834
-2.42006 -3.51205
-2.42401 -3.51544
-2.4291 -3.52002
-2.43202 -3.52253
-2.43812 -3.52801
-2.43995 -3.52971
-2.44711 -3.53604
-2.44793 -3.53683
-2.45601 -3.54385
-2.45611 -3.54406
-2.46406 -3.5509
-2.46516 -3.55202
-2.47203 -3.55803
-2.47415 -3.56003
-2.47997 -3.5652
-2.48313 -3.56807
-2.48794 -3.57233
-2.49217 -3.57605
-2.49597 -3.5794
-2.50116 -3.58407
-2.50395 -3.58652
-2.51022 -3.59201
-2.51196 -3.59361
-2.51931 -3.59994
-2.51995 -3.60073
-2.52794 -3.60784
-2.52829 -3.60797
-2.53599 -3.61487
-2.53726 -3.61602
-2.54401 -3.62196
-2.54624 -3.62406
-2.55206 -3.629
-2.55525 -3.63206
-2.55994 -3.63624
-2.56436 -3.63995
-2.56804 -3.64323
-2.57335 -3.64797
-2.57598 -3.65039
-2.58234 -3.656
-2.58403 -3.65744
-2.59137 -3.66399
-2.59198 -3.66459
-2.6 -3.67168
-2.60039 -3.67197
-2.60804 -3.67873
-2.6094 -3.67997
-2.61604 -3.68583
-2.61843 -3.68796
-2.62398 -3.693
-2.62744 -3.69597
-2.63196 -3.70012
-2.63637 -3.70406
-2.64005 -3.70712
-2.64539 -3.71205
-2.64805 -3.71422
-2.65446 -3.71999
-2.65603 -3.72134
-2.6634 -3.72807
-2.66396 -3.72852
-2.67204 -3.73553
-2.67244 -3.73603
-2.68004 -3.74263
-2.68148 -3.74401
-2.68799 -3.7498
-2.69045 -3.75206
-2.69604 -3.75684
-2.6995 -3.76002
-2.70405 -3.76393
-2.70854 -3.76798
-2.71194 -3.77114
-2.71757 -3.77596
-2.72 -3.77819
-2.72661 -3.78394
-2.72796 -3.78533
-2.7356 -3.79196
-2.73605 -3.79233
-2.744 -3.79948
-2.74453 -3.80006
-2.75204 -3.80654
-2.75356 -3.80804
-2.75996 -3.81373
-2.76254 -3.81607
-2.76795 -3.82084
-2.77157 -3.82405
-2.77601 -3.82788
-2.78068 -3.83195
-2.78396 -3.83504
-2.78971 -3.83993
-2.79194 -3.84216
-2.79864 -3.84802
-2.80002 -3.84917
-2.80765 -3.85603
-2.80804 -3.85624
-2.81605 -3.86334
-2.81674 -3.86394
-2.82397 -3.87052
-2.8257 -3.872
-2.83203 -3.87756
-2.83473 -3.87998
-2.84001 -3.88468
-2.84376 -3.88796
-2.848 -3.8918
-2.85277 -3.89596
-2.85594 -3.89897
-2.86172 -3.90403
-2.86397 -3.90603
-2.87082 -3.91194
-2.87199 -3.91311
-2.87981 -3.91996
-2.88001 -3.92019
-2.88794 -3.92736
-2.88876 -3.92804
-2.89597 -3.93443
-2.89776 -3.93605
-2.904 -3.9415
-2.9068 -3.94402
-2.91204 -3.94856
-2.91581 -3.95203
-2.91994 -3.95577
-2.9249 -3.95994
-2.92794 -3.96287
-2.93389 -3.96796
-2.93599 -3.96991
-2.94292 -3.97595
-2.94407 -3.97693
-2.95191 -3.98397
-2.95202 -3.98408
-2.96006 -3.99113
-2.96091 -3.99199
-2.96806 -3.99824
-2.96989 -4.00002
-2.97595 -4.00546
-2.97895 -4.00797
-2.98401 -4.0125
-2.98799 -4.01594
-2.99194 -4.01968
-2.99694 -4.02401
-2.99998 -4.02673
-3.00597 -4.03199
-3.008 -4.03381
-3.01498 -4.04
-3.01596 -4.04095
-3.02395 -4.04804
-3.02403 -4.04798
-3.03204 -4.05506
-3.03302 -4.05598
-3.03999 -4.06223
-3.04196 -4.06407
-3.04794 -4.06938
-3.05101 -4.07202
-3.05596 -4.07646
-3.06011 -4.07993
-3.06396 -4.08355
-3.06902 -4.08804
-3.07203 -4.09058
-3.07804 -4.09603
-3.07997 -4.09774
-3.08702 -4.10407
-3.08804 -4.10477
-3.09601 -4.11191
-3.09615 -4.11194
-3.10405 -4.11895
-3.10516 -4.11994
-3.11205 -4.12606
-3.11417 -4.12794
-3.12002 -4.13319
-3.12309 -4.13605
-3.12802 -4.1403
-3.13217 -4.14398
-3.13601 -4.14741
-3.14117 -4.15198
-3.14405 -4.15446
-3.15011 -4.16007
-3.15196 -4.16167
-3.15917 -4.16802
-3.15994 -4.16879
-3.16805 -4.17577
-3.16814 -4.17607
-3.17604 -4.18287
-3.17725 -4.18396
-3.18396 -4.19006
-3.18626 -4.19197
-3.19206 -4.19706
-3.19523 -4.20001
-3.20002 -4.2042
-3.20419 -4.20807
-3.20798 -4.21135
-3.21331 -4.21596
-3.21603 -4.21839
-3.22232 -4.22395
-3.22402 -4.2255
-3.23132 -4.23197
-3.232 -4.23263
-3.23998 -4.23975
-3.24034 -4.23996
-3.24794 -4.24689
-3.24929 -4.24803
-3.25594 -4.25399
-3.25835 -4.25598
-3.26403 -4.26099
-3.2673 -4.26405
-3.27198 -4.26815
-3.27637 -4.27199
-3.28001 -4.27522
-3.28541 -4.27996
-3.288 -4.28234
-3.29438 -4.28801
-3.296 -4.28943
-3.30343 -4.29596
-3.30395 -4.29659
-3.31195 -4.30369
-3.31245 -4.30395
-3.31998 -4.31076
-3.32145 -4.31197
-3.32803 -4.31781
-3.33039 -4.32005
-3.33594 -4.32501
-3.33948 -4.32797
-3.34406 -4.33197
-3.34847 -4.336
-3.35195 -4.3392
-3.35745 -4.34403
-3.35994 -4.3463
-3.36649 -4.352
-3.36802 -4.35332
-3.37557 -4.35993
-3.37597 -4.36047
-3.38402 -4.36752
-3.38447 -4.36805
-3.39201 -4.37463
-3.39348 -4.37606
-3.4 -4.38174
-3.40258 -4.38396
-3.40796 -4.38888
-3.41158 -4.39198
-3.41593 -4.39602
-3.42055 -4.40002
-3.42398 -4.40306
-3.42954 -4.40805
-3.43199 -4.41015
-3.43854 -4.41606
-3.44006 -4.41718
-3.44755 -4.42407
-3.44799 -4.42435
-3.45603 -4.43142
-3.45663 -4.43199
-3.46405 -4.43849
-3.46565 -4.43999
-3.47204 -4.4456
-3.4747 -4.44794
-3.47999 -4.45276
-3.48371 -4.45595
-3.48799 -4.45986
-3.49271 -4.46397
-3.49595 -4.46701
-3.50174 -4.47195
-3.50402 -4.47403
-3.5107 -4.48
-3.51205 -4.4811
-3.51974 -4.48797
-3.52006 -4.48819
-3.52803 -4.49532
-3.52873 -4.496
-3.53595 -4.5025
-3.53772 -4.50402
-3.54399 -4.50956
-3.54673 -4.51203
-3.55204 -4.51661
-3.55582 -4.51994
-3.56002 -4.52373
-3.56477 -4.52802
-3.56795 -4.53092
-3.57377 -4.53603
-3.57601 -4.53795
-3.58277 -4.54405
-3.58406 -4.54499
-3.5918 -4.55202
-3.59196 -4.55221
-3.59997 -4.55929
-3.60086 -4.55998
-3.60799 -4.56637
-3.60991 -4.56793
-3.61596 -4.57351
-3.61884 -4.57602
-3.624 -4.58056
-3.62788 -4.584
-3.63205 -4.5876
-3.63684 -4.59206
-3.63999 -4.59478
-3.64587 -4.60003
-3.64805 -4.60181
-3.65495 -4.60796
-3.65606 -4.6089
-3.66393 -4.616
-3.66397 -4.6161
-3.67206 -4.6231
-3.67288 -4.62407
-3.68004 -4.63022
-3.68194 -4.63201
-3.68796 -4.63741
-3.69098 -4.63999
-3.69606 -4.6444
-3.7 -4.64798
-3.70403 -4.65154
-3.70905 -4.65594
-3.712 -4.65867
-3.71807 -4.66393
-3.72004 -4.66573
-3.72707 -4.67194
-3.72806 -4.67281
-3.73602 -4.67995
-3.73599 -4.68005
-3.74398 -4.68709
-3.74506 -4.68799
-3.75195 -4.69423
-3.7541 -4.69595
-3.76006 -4.70121
-3.76311 -4.70396
-3.76797 -4.70841
-3.77206 -4.71203
-3.77601 -4.71546
-3.78109 -4.72001
-3.78403 -4.72254
-3.79007 -4.72805
-3.79195 -4.72973
-3.7991 -4.73603
-3.79998 -4.7368
-3.80796 -4.74393
-3.80818 -4.74395
-3.81594 -4.75105
-3.81714 -4.75201
-3.82397 -4.75811
-3.8262 -4.75996
-3.83204 -4.76513
-3.83514 -4.76805
-3.83995 -4.77234
-3.84424 -4.77595
-3.84803 -4.77935
-3.8532 -4.784
-3.85602 -4.78646
-3.85739 -4.78776
-3.85882 -4.79198
-3.86136 -4.79997
-3.86134 -4.80033
-3.86182 -4.808
-3.86194 -4.81232
-3.86196 -4.816
-3.8621 -4.824
-3.86216 -4.832
-3.86227 -4.84
-3.86229 -4.848
-3.86237 -4.856
-3.86235 -4.864
-3.86243 -4.872
-3.86258 -4.88
-3.86254 -4.888
-3.86263 -4.896
-3.86275 -4.904
-3.86275 -4.912
-3.86284 -4.92
-3.86291 -4.928
-3.86299 -4.936
-3.86299 -4.944
-3.86314 -4.952
-3.86307 -4.96
-3.86324 -4.968
-3.86325 -4.976
-3.86329 -4.984
-3.86344 -4.992
-3.86349 -5
-3.8636 -5.008
-3.86365 -5.016
-3.86374 -5.024
-3.86371 -5.032
-3.86377 -5.04
-3.86396 -5.048
-3.86395 -5.056
-3.86391 -5.06263
-3.86403 -5.064
-3.86414 -5.072
-3.86419 -5.08
-3.86416 -5.088
-3.86419 -5.096
-3.86442 -5.104
-3.86443 -5.112
-3.86432 -5.11416
-3.86418 -5.12
-3.8641 -5.128
-3.86405 -5.12855
-3.864 -5.12874
-3.86221 -5.13602
-3.85997 -5.14398
-3.85973 -5.14552
-3.85604 -5.14872
-3.85226 -5.15206
-3.84797 -5.15565
-3.84301 -5.15993
-3.83995 -5.16263
-3.8339 -5.16796
-3.83195 -5.16964
-3.82479 -5.17599
-3.82399 -5.17669
-3.81605 -5.18376
-3.8156 -5.18393
-3.808 -5.1907
-3.80649 -5.19197
-3.79996 -5.19766
-3.79741 -5.20003
-3.79199 -5.2047
-3.78823 -5.20798
-3.78405 -5.21177
-3.77915 -5.21605
-3.77594 -5.21865
-3.76995 -5.22397
-3.76799 -5.22571
-3.7608 -5.23196
-3.75994 -5.23266
-3.75202 -5.23976
-3.75174 -5.24006
-3.74403 -5.24676
-3.7426 -5.24805
-3.73606 -5.25381
-3.7334 -5.25598
-3.72799 -5.26073
-3.72428 -5.264
-3.72003 -5.26778
-3.71519 -5.27205
-3.71203 -5.27479
-3.706 -5.27999
-3.70395 -5.2817
-3.69685 -5.28798
-3.69597 -5.28873
-3.68802 -5.29578
-3.68772 -5.29599
-3.68003 -5.3028
-3.67854 -5.30395
-3.67197 -5.30974
-3.66942 -5.31197
-3.66395 -5.31671
-3.66025 -5.31993
-3.65604 -5.32383
-3.65122 -5.32806
-3.64797 -5.33075
-3.64199 -5.33594
-3.64004 -5.33782
-3.63287 -5.34397
-3.63201 -5.3448
-3.62397 -5.35176
-3.62376 -5.352
-3.61602 -5.35882
-3.61464 -5.36002
-3.60802 -5.36582
-3.6055 -5.36801
-3.59995 -5.37274
-3.59629 -5.37594
-3.592 -5.37981
-3.58722 -5.38401
-3.58398 -5.38679
-3.57812 -5.39206
-3.57598 -5.39379
-3.56888 -5.39994
-3.56795 -5.40076
-3.55994 -5.40776
-3.55981 -5.40802
-3.55205 -5.41488
-3.55062 -5.41595
-3.54406 -5.4219
-3.54153 -5.42401
-3.53597 -5.4288
-3.53244 -5.43207
-3.52801 -5.43585
-3.52324 -5.43999
-3.51999 -5.44283
-3.51415 -5.44805
-3.51202 -5.44987
-3.50495 -5.45598
-3.50402 -5.45687
-3.49599 -5.46384
-3.49583 -5.464
-3.48803 -5.47088
-3.48663 -5.47193
-3.47995 -5.4778
-3.47761 -5.48006
-3.47195 -5.48481
-3.46841 -5.48799
-3.46396 -5.49182
-3.45932 -5.49604
-3.45598 -5.49885
-3.45015 -5.50401
-3.44795 -5.50581
-3.44105 -5.51206
-3.43998 -5.51286
-3.43198 -5.51986
-3.43187 -5.52
-3.42397 -5.52685
-3.4227 -5.52797
-3.41594 -5.53382
-3.41353 -5.53593
-3.40795 -5.54083
-3.40447 -5.54403
-3.40005 -5.54795
-3.39532 -5.552
-3.39198 -5.55488
-3.38617 -5.56
-3.38405 -5.56196
-3.37708 -5.56805
-3.37603 -5.56895
-3.36802 -5.57593
-3.36792 -5.57602
-3.35997 -5.58288
-3.3587 -5.58393
-3.35205 -5.58998
-3.34956 -5.59193
-3.34401 -5.59694
-3.34043 -5.59994
-3.33595 -5.60387
-3.3314 -5.60806
-3.32806 -5.611
-3.32219 -5.61598
-3.32005 -5.618
-3.31309 -5.62402
-3.31199 -5.62493
-3.30394 -5.63188
-3.30391 -5.63197
-3.29599 -5.63893
-3.2948 -5.64
-3.28802 -5.64597
-3.2857 -5.64805
-3.27994 -5.65289
-3.2765 -5.65598
-3.27206 -5.66003
-3.26741 -5.66403
-3.26401 -5.66698
-3.2582 -5.67195
-3.25599 -5.67395
-3.24913 -5.68003
-3.24807 -5.68104
-3.24004 -5.68802
-3.23993 -5.68796
-3.232 -5.69497
-3.23088 -5.69605
-3.22404 -5.70202
-3.2217 -5.70401
-3.21601 -5.70899
-3.2126 -5.71205
-3.208 -5.71598
-3.20338 -5.71996
-3.20005 -5.72304
-3.19428 -5.72801
-3.19205 -5.73005
-3.18511 -5.73596
-3.18397 -5.73697
-3.17601 -5.74401
-3.17606 -5.74407
-3.16804 -5.75106
-3.16684 -5.75198
-3.16005 -5.75807
-3.15776 -5.76004
-3.152 -5.76501
-3.14855 -5.76796
-3.14403 -5.77205
-3.13946 -5.77601
-3.13603 -5.77905
-3.13032 -5.78401
-3.12804 -5.78607
-3.12119 -5.79202
-3.12003 -5.79307
-3.11198 -5.79994
-3.11204 -5.80008
-3.10401 -5.80705
-3.10295 -5.80806
-3.09601 -5.81406
-3.09417 -5.81566
-3.09369 -5.81596
-3.08796 -5.82046
-3.087 -5.8212
-3.08292 -5.82383
-3.08268 -5.82405
-3.07997 -5.82489
-3.07201 -5.82791
-3.06398 -5.83077
-3.06075 -5.83196
-3.05601 -5.83378
-3.04798 -5.83662
-3.04 -5.83959
-3.03887 -5.84001
-3.032 -5.8425
-3.02398 -5.84538
-3.01696 -5.84799
-3.01599 -5.84834
-3.00801 -5.85129
-3 -5.85419
-2.99504 -5.85595
-2.992 -5.85711
-2.98402 -5.86011
-2.97599 -5.86294
-2.97318 -5.86408
-2.96797 -5.86579
-2.96003 -5.86888
-2.95197 -5.87164
-2.95128 -5.87207
-2.94397 -5.87456
-2.93598 -5.87752
-2.92936 -5.88003
-2.92802 -5.88056
-2.91999 -5.88339
-2.912 -5.88633
-2.90747 -5.88806
-2.90397 -5.88917
-2.89601 -5.89221
-2.88798 -5.89505
-2.88555 -5.896
-2.87997 -5.89794
-2.872 -5.90096
-2.86397 -5.90379
-2.86364 -5.90398
-2.85597 -5.90672
-2.848 -5.90972
-2.84174 -5.91199
-2.84002 -5.91268
-2.83199 -5.91552
-2.82398 -5.91844
-2.81982 -5.91994
-2.81597 -5.92132
-2.80803 -5.92441
-2.79999 -5.92722
-2.79793 -5.92798
-2.79202 -5.93022
-2.784 -5.9331
-2.77607 -5.93609
-2.77597 -5.93594
-2.768 -5.93893
-2.75999 -5.94182
-2.75414 -5.94403
-2.752 -5.94477
-2.74402 -5.94776
-2.73599 -5.95061
-2.73226 -5.95209
-2.72801 -5.95356
-2.71997 -5.95639
-2.71203 -5.95947
-2.71031 -5.95995
-2.70397 -5.96223
-2.69599 -5.96521
-2.68841 -5.96795
-2.68799 -5.96813
-2.68 -5.97107
-2.672 -5.97399
-2.66655 -5.97606
-2.66397 -5.97683
-2.656 -5.97986
-2.64801 -5.9828
-2.64463 -5.98401
-2.64002 -5.98575
-2.63203 -5.9887
-2.624 -5.99153
-2.6227 -5.99194
-2.61601 -5.99448
-2.608 -5.99736
-2.60084 -6.00006
-2.59997 -6.00021
-2.592 -6.00323
-2.58401 -6.00618
-2.57891 -6.00799
-2.576 -6.00906
-2.56803 -6.01207
-2.56001 -6.01495
-2.557 -6.01596
-2.55202 -6.01788
-2.54401 -6.02079
-2.53602 -6.02373
-2.5351 -6.02398
-2.52799 -6.02657
-2.51997 -6.02943
-2.51321 -6.03201
-2.512 -6.03244
-2.504 -6.03537
-2.49598 -6.03823
-2.49128 -6.03992
-2.48799 -6.04118
-2.48001 -6.04415
-2.472 -6.04706
-2.46938 -6.04792
-2.46402 -6.05003
-2.45601 -6.05292
-2.44803 -6.0559
-2.44748 -6.05594
-2.44 -6.05875
-2.43197 -6.06157
-2.4256 -6.06399
-2.424 -6.06458
-2.41601 -6.06753
-2.40803 -6.07052
-2.40368 -6.07196
-2.40003 -6.07343
-2.39197 -6.07619
-2.38398 -6.07914
-2.3818 -6.08002
-2.37597 -6.08204
-2.36798 -6.08499
-2.35997 -6.08788
-2.35988 -6.08798
-2.352 -6.09089
-2.34398 -6.09376
-2.33799 -6.096
-2.336 -6.09673
-2.32801 -6.09968
-2.32003 -6.10266
-2.3161 -6.10402
-2.31203 -6.10556
-2.30615 -6.10763
