2.1813 -6.109
2.18399 -6.10761
2.19113 -6.10404
2.19196 -6.10347
2.2 -6.09946
2.20684 -6.09607
2.20801 -6.09541
2.21596 -6.09123
2.22245 -6.08792
2.22397 -6.08717
2.232 -6.08316
2.2382 -6.08002
2.24 -6.07909
2.24801 -6.07501
2.25385 -6.07193
2.256 -6.07093
2.26396 -6.06677
2.26954 -6.06392
2.27202 -6.06281
2.28002 -6.05873
2.28527 -6.056
2.28798 -6.05457
2.29597 -6.05047
2.30101 -6.04808
2.30402 -6.04649
2.31199 -6.04235
2.31664 -6.03996
2.31999 -6.03828
2.32797 -6.03416
2.33231 -6.03191
2.33601 -6.03017
2.344 -6.02606
2.34803 -6.02397
2.35201 -6.022
2.35999 -6.01789
2.3637 -6.01592
2.36796 -6.01374
2.37604 -6.00982
2.37946 -6.00804
2.38397 -6.00562
2.39202 -6.00164
2.39516 -6.00006
2.39997 -5.99746
2.40804 -5.99352
2.41087 -5.99208
2.41596 -5.98928
2.42403 -5.98534
2.42655 -5.98405
2.43198 -5.98116
2.44004 -5.9772
2.44218 -5.97593
2.448 -5.97306
2.45597 -5.96891
2.45787 -5.96793
2.46404 -5.96497
2.47198 -5.96077
2.47363 -5.96006
2.48004 -5.95681
2.488 -5.95266
2.48928 -5.95198
2.49599 -5.94856
2.50396 -5.94442
2.50499 -5.944
2.51202 -5.94047
2.51997 -5.93628
2.5207 -5.93604
2.52796 -5.93219
2.53598 -5.92815
2.5364 -5.92805
2.54396 -5.92404
2.55196 -5.91997
2.55207 -5.92
2.56001 -5.91598
2.56779 -5.91204
2.56802 -5.91192
2.57598 -5.90777
2.58342 -5.90393
2.58398 -5.90368
2.59201 -5.89966
2.59915 -5.89599
2.59999 -5.89555
2.60796 -5.89141
2.61488 -5.88807
2.61603 -5.88747
2.624 -5.88333
2.63057 -5.88005
2.63198 -5.87922
2.63997 -5.87512
2.64626 -5.87204
2.648 -5.8711
2.65597 -5.86696
2.66195 -5.86404
2.66401 -5.86297
2.672 -5.85887
2.67763 -5.85601
2.68002 -5.85484
2.68796 -5.85064
2.6933 -5.84796
2.696 -5.84664
2.70397 -5.84249
2.70903 -5.84004
2.712 -5.83848
2.72 -5.8344
2.72468 -5.83194
2.72803 -5.83038
2.73603 -5.8263
2.74037 -5.82394
2.74397 -5.82211
2.75196 -5.818
2.75607 -5.81595
2.76003 -5.81406
2.76803 -5.80999
2.77177 -5.80796
2.77597 -5.80579
2.77952 -5.80414
2.784 -5.80072
2.78497 -5.80001
2.79003 -5.79614
2.79202 -5.7945
2.79478 -5.79201
2.79995 -5.78725
2.80365 -5.78395
2.80796 -5.7801
2.81269 -5.77607
2.81595 -5.77292
2.82153 -5.76798
2.824 -5.7658
2.83049 -5.76001
2.832 -5.75864
2.83937 -5.75196
2.84 -5.75147
2.84803 -5.74433
2.84832 -5.74399
2.85605 -5.73719
2.85725 -5.73598
2.86394 -5.7299
2.86618 -5.72798
2.87203 -5.72283
2.87515 -5.72003
2.87995 -5.71557
2.88407 -5.71203
2.888 -5.70846
2.89301 -5.70404
2.89598 -5.70126
2.9019 -5.696
2.90398 -5.6941
2.91082 -5.68798
2.91193 -5.68688
2.9197 -5.67994
2.91998 -5.67976
2.92795 -5.67255
2.92874 -5.67206
2.93605 -5.6655
2.93767 -5.66407
2.94401 -5.65829
2.94648 -5.65593
2.95204 -5.65116
2.9555 -5.64804
2.96006 -5.644
2.96445 -5.64006
2.96801 -5.63679
2.97337 -5.63205
2.97604 -5.62965
2.98225 -5.62399
2.98395 -5.62238
2.99122 -5.61604
2.99207 -5.61534
3.00002 -5.60812
3.00007 -5.60795
3.00804 -5.60098
3.00905 -5.60002
3.01597 -5.59373
3.01803 -5.59207
3.02406 -5.58666
3.02688 -5.58398
3.03198 -5.5794
3.03584 -5.57602
3.04 -5.57226
3.0448 -5.56805
3.04802 -5.56511
3.05364 -5.55995
3.05602 -5.55795
3.06258 -5.55197
3.06397 -5.55072
3.07156 -5.54403
3.07198 -5.54356
3.07999 -5.5364
3.0804 -5.53593
3.08802 -5.52926
3.08942 -5.52804
3.09605 -5.52214
3.09834 -5.52002
3.10396 -5.51487
3.1073 -5.51206
3.11206 -5.50781
3.11614 -5.50396
3.11998 -5.50055
3.12516 -5.49606
3.12805 -5.49346
3.13409 -5.48807
3.13595 -5.48618
3.14294 -5.47998
3.14403 -5.4791
3.15183 -5.47193
3.152 -5.4719
3.16003 -5.46476
3.16084 -5.46403
3.16804 -5.4576
3.1697 -5.45596
3.17597 -5.45036
3.17863 -5.44796
3.18401 -5.44323
3.18755 -5.43994
3.19198 -5.43603
3.19649 -5.43197
3.20003 -5.42892
3.2055 -5.42405
3.20805 -5.42177
3.21434 -5.41596
3.21607 -5.41462
3.22336 -5.40806
3.22403 -5.40741
3.23204 -5.40026
3.23222 -5.39999
3.23998 -5.39303
3.24114 -5.39197
3.24803 -5.38591
3.25013 -5.38405
3.25605 -5.37877
3.25907 -5.37606
3.26398 -5.37151
3.26797 -5.36803
3.27204 -5.36442
3.27682 -5.35993
3.28007 -5.35727
3.28585 -5.35206
3.28799 -5.35002
3.29469 -5.34395
3.29599 -5.34286
3.30363 -5.33596
3.30399 -5.33568
3.31197 -5.3285
3.31262 -5.32804
3.32006 -5.32143
3.32151 -5.32
3.32801 -5.3142
3.33043 -5.31198
3.33598 -5.307
3.33942 -5.30405
3.34397 -5.29982
3.34832 -5.29602
3.35203 -5.29272
3.35716 -5.28793
3.35997 -5.28549
3.36618 -5.28002
3.36805 -5.27841
3.37512 -5.27204
3.37601 -5.27119
3.384 -5.26401
3.38401 -5.264
3.392 -5.25684
3.39288 -5.25594
3.40004 -5.24972
3.40182 -5.24794
3.40804 -5.24255
3.41078 -5.23998
3.41605 -5.23539
3.41979 -5.23207
3.42395 -5.22811
3.42866 -5.22401
3.43206 -5.22107
3.43758 -5.216
3.44006 -5.2139
3.44654 -5.20804
3.44802 -5.20669
3.45539 -5.19995
3.45601 -5.1995
3.46401 -5.19233
3.46436 -5.19199
3.47194 -5.18509
3.47335 -5.18407
3.47997 -5.17795
3.48226 -5.17605
3.48801 -5.17083
3.49114 -5.16799
3.49598 -5.16362
3.50011 -5.16004
3.50399 -5.15648
3.50897 -5.15197
3.51204 -5.14936
3.51796 -5.14404
3.51995 -5.14209
3.52683 -5.13596
3.52799 -5.13497
3.53576 -5.12797
3.53598 -5.12779
3.54401 -5.12065
3.54453 -5.12026
3.54472 -5.12003
3.54886 -5.11591
3.55204 -5.11259
3.55256 -5.11202
3.55998 -5.10432
3.56038 -5.10405
3.56794 -5.09607
3.56806 -5.09595
3.5706 -5.0934
3.57576 -5.08798
3.57598 -5.08775
3.5834 -5.08001
3.58399 -5.07935
3.58519 -5.0782
3.59077 -5.07199
3.59196 -5.07064
3.59317 -5.06928
3.59779 -5.06397
3.59963 -5.06182
3.59993 -5.06135
3.60397 -5.05596
3.60637 -5.05279
3.60639 -5.048
3.60627 -5.04
3.60614 -5.032
3.60592 -5.024
3.6057 -5.016
3.60566 -5.008
3.60546 -5
3.60533 -4.992
3.60514 -4.984
3.60493 -4.976
3.60493 -4.968
3.60469 -4.96
3.60467 -4.952
3.60438 -4.944
3.60428 -4.936
3.60425 -4.928
3.60393 -4.92
3.60391 -4.912
3.60369 -4.904
3.60363 -4.896
3.60339 -4.888
3.60333 -4.88
3.6032 -4.872
3.60304 -4.864
3.60288 -4.856
3.60281 -4.848
3.60252 -4.84
3.60245 -4.832
3.60234 -4.824
3.60209 -4.816
3.60196 -4.808
3.60187 -4.8
3.60162 -4.792
3.60163 -4.784
3.60131 -4.776
3.60119 -4.768
3.6011 -4.76
3.60099 -4.752
3.60087 -4.74724
3.60011 -4.74593
3.60005 -4.74579
3.59818 -4.74395
3.59663 -4.74255
3.59197 -4.73819
3.58973 -4.73597
3.58965 -4.73589
3.58398 -4.73077
3.581 -4.72801
3.57802 -4.72539
3.57604 -4.72336
3.57229 -4.71998
3.56795 -4.71613
3.56778 -4.7159
3.56343 -4.71207
3.56 -4.70884
3.55466 -4.70401
3.55199 -4.7016
3.54918 -4.69909
3.54577 -4.69607
3.54403 -4.69432
3.53804 -4.68885
3.53697 -4.68801
3.53594 -4.68719
3.53107 -4.68283
3.52797 -4.68005
3.528 -4.67998
3.52006 -4.67292
3.51889 -4.67198
3.51196 -4.66601
3.50977 -4.66399
3.50397 -4.65898
3.50061 -4.65605
3.49604 -4.65187
3.49155 -4.64799
3.48795 -4.64495
3.48243 -4.63999
3.47998 -4.63789
3.47327 -4.63205
3.47204 -4.6308
3.46415 -4.62405
3.464 -4.62383
3.45605 -4.61674
3.45511 -4.61597
3.44794 -4.60984
3.44597 -4.608
3.43998 -4.60278
3.43681 -4.60006
3.43205 -4.59568
3.42775 -4.592
3.424 -4.5887
3.41862 -4.58402
3.41598 -4.58171
3.40953 -4.576
3.40799 -4.57468
3.40043 -4.56798
3.39997 -4.56767
3.39194 -4.56069
3.39127 -4.56003
3.38393 -4.55367
3.38216 -4.55203
3.37596 -4.54662
3.37305 -4.54403
3.36799 -4.53955
3.36393 -4.53604
3.35997 -4.53256
3.35482 -4.52804
3.35205 -4.52545
3.34572 -4.52002
3.344 -4.51847
3.33656 -4.51207
3.33594 -4.51151
3.32802 -4.50441
3.3275 -4.50402
3.32 -4.49741
3.31845 -4.49595
3.31195 -4.49044
3.30935 -4.48793
3.30399 -4.48337
3.3002 -4.47998
3.29598 -4.47635
3.29111 -4.47195
3.28797 -4.46934
3.2819 -4.46406
3.28003 -4.46226
3.27284 -4.456
3.27195 -4.45533
3.264 -4.44824
3.26378 -4.44794
3.25605 -4.44116
3.25458 -4.44003
3.24798 -4.43421
3.24554 -4.43196
3.23995 -4.42723
3.23638 -4.42401
3.232 -4.42014
3.22728 -4.41599
3.22406 -4.41306
3.21816 -4.40801
3.21595 -4.40616
3.2091 -4.39995
3.20801 -4.39907
3.19997 -4.39208
3.1999 -4.39205
3.19203 -4.38499
3.19082 -4.38401
3.18402 -4.37799
3.18172 -4.37599
3.17602 -4.37096
3.17263 -4.36797
3.168 -4.36396
3.16348 -4.36002
3.16006 -4.35686
3.15436 -4.35202
3.15198 -4.34994
3.14523 -4.34404
3.14401 -4.34288
3.13621 -4.33593
3.136 -4.33586
3.12798 -4.32886
3.12698 -4.32807
3.12005 -4.32176
3.1179 -4.32003
3.11199 -4.3148
3.10884 -4.31197
3.10402 -4.30775
3.09974 -4.30396
3.09606 -4.30068
3.09058 -4.29601
3.08801 -4.29371
3.08146 -4.28802
3.08006 -4.28664
3.0724 -4.27996
3.07202 -4.27965
3.06398 -4.27268
3.06326 -4.27199
3.05606 -4.26557
3.05419 -4.26395
3.04803 -4.25858
3.045 -4.25604
3.04005 -4.25153
3.03589 -4.24803
3.032 -4.24456
3.02677 -4.24004
3.02401 -4.23752
3.01764 -4.23205
3.01601 -4.2305
3.00858 -4.224
3.00803 -4.22346
2.99994 -4.21653
2.99952 -4.21594
2.99196 -4.20949
2.9904 -4.20795
2.98403 -4.20238
2.98126 -4.19998
2.97599 -4.19541
2.97215 -4.19198
2.96796 -4.18842
2.96303 -4.18398
2.95994 -4.18142
2.95386 -4.17605
2.95198 -4.17434
2.94474 -4.16806
2.944 -4.1673
2.936 -4.16028
2.93574 -4.15993
2.92795 -4.15331
2.92659 -4.15197
2.91993 -4.14631
2.91748 -4.14397
2.91202 -4.13919
2.9083 -4.13605
2.90399 -4.1322
2.89924 -4.12799
2.89598 -4.12518
2.89018 -4.11993
2.88799 -4.11815
2.88102 -4.11198
2.88006 -4.11104
2.872 -4.10409
2.87194 -4.10395
2.86406 -4.097
2.86274 -4.09605
2.85596 -4.09009
2.8537 -4.08796
2.84805 -4.08296
2.8446 -4.07996
2.84005 -4.07594
2.83548 -4.07196
2.83204 -4.06893
2.82634 -4.064
2.82403 -4.06192
2.81726 -4.05596
2.81605 -4.05488
2.80811 -4.04799
2.80802 -4.04788
2.79997 -4.04092
2.79899 -4.04001
2.79201 -4.03385
2.78988 -4.032
2.78396 -4.02688
2.78076 -4.02401
2.77604 -4.01977
2.77171 -4.01595
2.768 -4.01279
2.76251 -4.00804
2.76002 -4.00575
2.75343 -4
2.75194 -3.99882
2.74426 -3.99207
2.74396 -3.99177
2.73606 -3.98463
2.73526 -3.98394
2.72807 -3.9776
2.72613 -3.97596
2.72003 -3.97062
2.71696 -3.96803
2.71198 -3.96365
2.70783 -3.96005
2.70405 -3.95655
2.69875 -3.95201
2.69601 -3.94956
2.68969 -3.94395
2.68803 -3.94252
2.68051 -3.93603
2.67995 -3.93559
2.67199 -3.92851
2.67146 -3.92796
2.66406 -3.92142
2.66233 -3.91998
2.65606 -3.91439
2.65322 -3.91197
2.64796 -3.90748
2.64407 -3.90401
2.63998 -3.90044
2.63497 -3.896
2.63206 -3.89332
2.62589 -3.88797
2.62402 -3.88634
2.61673 -3.88002
2.61597 -3.87937
2.60805 -3.87226
2.6077 -3.87193
2.60006 -3.86523
2.59847 -3.86406
2.59197 -3.85831
2.58945 -3.85595
2.58395 -3.85131
2.58028 -3.84802
2.57594 -3.84429
2.57119 -3.83999
2.56802 -3.83718
2.56203 -3.83205
2.56002 -3.83015
2.553 -3.82395
2.55205 -3.8231
2.54401 -3.81612
2.54391 -3.81593
2.53601 -3.8091
2.53469 -3.80806
2.52803 -3.80205
2.52561 -3.80002
2.51998 -3.79508
2.51654 -3.79197
2.512 -3.78804
2.50741 -3.78399
2.50401 -3.78101
2.49823 -3.77606
2.49596 -3.77404
2.48913 -3.76804
2.48799 -3.76698
2.48004 -3.76002
2.47998 -3.75997
2.47196 -3.75297
2.47094 -3.75201
2.46394 -3.74597
2.46178 -3.74406
2.45601 -3.73887
2.45276 -3.73596
2.44795 -3.7319
2.4436 -3.72802
2.44001 -3.72482
2.4345 -3.72
2.43196 -3.71785
2.42541 -3.71198
2.42402 -3.71076
2.41633 -3.70394
2.41602 -3.70374
2.40803 -3.6967
2.40717 -3.69599
2.40002 -3.68969
2.39804 -3.68801
2.39199 -3.6827
2.38897 -3.67996
2.384 -3.67566
2.37976 -3.67207
2.37596 -3.66869
2.37076 -3.66395
2.368 -3.66162
2.36157 -3.65604
2.35994 -3.65467
2.35245 -3.64804
2.352 -3.64757
2.34396 -3.64059
2.34342 -3.63995
2.33602 -3.6335
2.33423 -3.63204
2.32794 -3.62657
2.32515 -3.624
2.32006 -3.61941
2.3161 -3.61593
2.31195 -3.61252
2.30698 -3.60793
2.30401 -3.60542
2.29779 -3.60003
2.29604 -3.59836
2.28876 -3.59193
2.28794 -3.59145
2.28002 -3.58434
2.27955 -3.58405
2.27194 -3.5774
2.2705 -3.57598
2.26398 -3.57034
2.26139 -3.56797
2.25597 -3.56333
2.25227 -3.55998
2.24806 -3.5562
2.24308 -3.55207
2.24002 -3.54922
2.23408 -3.54394
2.23201 -3.54221
2.22486 -3.53606
2.22397 -3.53523
2.21594 -3.52824
2.21579 -3.52802
2.20806 -3.52109
2.2067 -3.51999
2.19997 -3.51416
2.19754 -3.51205
2.19204 -3.50706
2.1885 -3.50396
2.18396 -3.50013
2.17936 -3.49599
2.176 -3.49306
2.17027 -3.48797
2.16797 -3.48607
2.16113 -3.47999
2.15994 -3.47908
2.15197 -3.47205
2.152 -3.47199
2.14401 -3.46495
2.14286 -3.46405
2.13605 -3.45788
2.13378 -3.45601
2.12805 -3.45086
2.12465 -3.44804
2.12 -3.4439
2.11563 -3.43993
2.11195 -3.43692
2.10646 -3.43199
2.10395 -3.42991
2.09734 -3.424
2.09604 -3.42278
2.08823 -3.41599
2.08798 -3.41582
2.07997 -3.40881
2.07916 -3.40795
2.07206 -3.40169
2.07006 -3.39994
2.06406 -3.39466
2.06087 -3.39203
2.05597 -3.38774
2.05172 -3.38407
2.04804 -3.38064
2.04266 -3.37601
2.04004 -3.37361
2.03358 -3.36797
2.03195 -3.36669
2.02451 -3.35993
2.02397 -3.35965
2.01597 -3.35263
2.0153 -3.35203
2.00799 -3.34557
2.00622 -3.34399
2.00004 -3.33849
1.99705 -3.33606
1.99206 -3.33145
1.98802 -3.32797
1.98405 -3.32443
1.97887 -3.32001
1.97604 -3.31742
1.96974 -3.31203
1.96803 -3.31042
1.96061 -3.30405
1.95998 -3.30345
1.95198 -3.29643
1.95157 -3.29597
1.94398 -3.2894
1.94238 -3.28806
1.936 -3.28236
1.93338 -3.27993
1.92802 -3.27531
1.92424 -3.27196
1.91997 -3.26835
1.91511 -3.26399
1.91195 -3.26134
1.90598 -3.256
1.90405 -3.2542
1.8969 -3.24797
1.89598 -3.24726
1.88804 -3.24017
1.88778 -3.23997
1.88 -3.23319
1.87862 -3.23203
1.87198 -3.2262
1.86948 -3.22406
1.86402 -3.21912
1.86042 -3.216
1.85601 -3.2121
1.85125 -3.20806
1.848 -3.2051
1.84226 -3.19993
1.84005 -3.19801
1.83305 -3.19203
1.83194 -3.19112
1.82405 -3.18397
1.82403 -3.18393
1.81596 -3.17705
1.81481 -3.17605
1.80794 -3.17004
1.80581 -3.16793
1.80001 -3.16294
1.79665 -3.15997
1.79203 -3.1559
1.78752 -3.152
1.78399 -3.14892
1.77847 -3.14393
1.77599 -3.1419
1.76924 -3.13606
1.76797 -3.1349
1.76012 -3.12807
1.76001 -3.12782
1.75197 -3.12086
1.75113 -3.11993
1.74404 -3.11375
1.74195 -3.11201
1.73595 -3.10682
1.73287 -3.10398
1.72795 -3.09981
1.72367 -3.09607
1.72006 -3.09265
1.71459 -3.08803
1.71205 -3.08564
1.70557 -3.07993
1.70397 -3.07871
1.6964 -3.072
1.69598 -3.07168
1.68797 -3.06467
1.68722 -3.06407
1.68004 -3.05756
1.67811 -3.05607
1.672 -3.05058
1.66906 -3.048
1.66395 -3.04362
1.65997 -3.03997
1.65594 -3.03661
1.65087 -3.03196
1.64805 -3.02945
1.64172 -3.024
1.63997 -3.02253
1.63262 -3.01599
1.63198 -3.01549
1.62396 -3.00849
1.62352 -3.00798
1.61606 -3.00135
1.6144 -2.99998
1.60803 -2.99436
1.60521 -2.99207
1.6 -2.98737
1.5961 -2.98407
1.59203 -2.98031
1.58709 -2.97595
1.58406 -2.97326
1.578 -2.96793
1.57601 -2.96629
1.56885 -2.95996
1.56804 -2.95923
1.55997 -2.95229
1.55969 -2.95202
1.55206 -2.94516
1.55066 -2.94393
1.54403 -2.93818
1.54146 -2.93603
1.53596 -2.93123
1.53243 -2.92794
1.52799 -2.92418
1.52326 -2.92
1.51994 -2.91721
1.51418 -2.91196
1.51204 -2.91007
1.505 -2.90404
1.50406 -2.90303
1.49597 -2.8961
1.49598 -2.89593
1.48805 -2.88899
1.48676 -2.88806
1.48004 -2.88197
1.47771 -2.87999
1.47198 -2.87502
1.46853 -2.87207
1.46394 -2.86804
1.45942 -2.86406
1.45602 -2.86092
1.4504 -2.85596
1.44801 -2.85392
1.44127 -2.84798
1.44001 -2.8469
1.4322 -2.83993
1.43206 -2.83981
1.42402 -2.83284
1.42305 -2.83197
1.41595 -2.82589
1.41389 -2.82402
1.408 -2.81881
1.40486 -2.81593
1.40005 -2.81173
1.39566 -2.80803
1.39194 -2.80483
1.38656 -2.80002
1.38399 -2.79775
1.3774 -2.79207
1.37595 -2.79077
1.36829 -2.78407
1.36803 -2.78366
1.35998 -2.77669
1.35926 -2.77597
1.352 -2.76964
1.35013 -2.768
1.344 -2.76262
1.34099 -2.76002
1.336 -2.7556
1.33194 -2.75195
1.32806 -2.7485
1.32273 -2.74407
1.32 -2.74155
1.31369 -2.73598
1.31204 -2.73449
1.30452 -2.72805
1.30405 -2.72745
1.29597 -2.72051
1.29541 -2.72005
1.28801 -2.71345
1.28633 -2.71201
1.27995 -2.70649
1.27716 -2.70407
1.27197 -2.69945
1.26805 -2.69607
1.26402 -2.69237
1.25898 -2.68802
1.25596 -2.68541
1.24994 -2.67994
1.24806 -2.67828
1.24076 -2.67202
1.23998 -2.67134
1.23206 -2.66422
1.23168 -2.66398
1.22398 -2.65729
1.2225 -2.65606
1.21598 -2.65028
1.21345 -2.64798
1.20796 -2.64327
1.20431 -2.64002
1.19999 -2.63621
1.19521 -2.63201
1.19202 -2.62916
1.18606 -2.62405
1.18405 -2.6221
1.17698 -2.61602
1.17596 -2.61518
1.16801 -2.6081
1.16789 -2.60798
1.16003 -2.60105
1.15882 -2.59993
1.15203 -2.59403
1.14962 -2.59204
1.14401 -2.58703
1.14054 -2.584
1.13602 -2.57999
1.13141 -2.57602
1.12801 -2.57298
1.12231 -2.56801
1.11994 -2.56603
1.11323 -2.55996
1.11206 -2.55887
1.10404 -2.55206
1.10401 -2.55191
1.09603 -2.54487
1.09494 -2.54404
1.08797 -2.5379
1.08589 -2.53597
1.07999 -2.53086
1.07674 -2.52801
1.07195 -2.52389
1.06761 -2.52003
1.06395 -2.51686
1.05853 -2.51199
1.05599 -2.5098
1.04946 -2.50395
1.04805 -2.5027
1.04033 -2.49597
1.03996 -2.49578
1.03205 -2.48865
1.03124 -2.48794
1.02399 -2.48169
1.02212 -2.47995
1.01603 -2.47463
1.01291 -2.47206
1.00802 -2.46762
1.00389 -2.46396
0.999959 -2.46066
0.994713 -2.45603
0.991976 -2.45362
0.985564 -2.44807
0.98395 -2.44663
0.976543 -2.43997
0.975951 -2.4396
0.968061 -2.43245
0.967404 -2.432
0.959974 -2.42553
0.958275 -2.42402
0.952058 -2.41841
0.949141 -2.41604
0.943952 -2.41151
0.940081 -2.40798
0.935994 -2.40444
0.930896 -2.40007
0.928056 -2.39734
0.921825 -2.39202
0.920057 -2.39032
0.912781 -2.38394
0.912036 -2.38332
0.904 -2.37634
0.903584 -2.37604
0.896009 -2.3693
0.894487 -2.36802
0.888028 -2.36226
0.885368 -2.36003
0.879934 -2.35534
0.876291 -2.35199
0.871995 -2.34825
0.867159 -2.34401
0.864014 -2.3412
0.858082 -2.33597
0.855942 -2.33426
0.848985 -2.32795
0.847947 -2.32723
0.83997 -2.32018
0.839848 -2.31998
0.831986 -2.31314
0.830658 -2.31207
0.824047 -2.30605
0.821576 -2.30403
0.816023 -2.29905
0.812542 -2.29595
0.807965 -2.29209
0.803385 -2.288
0.799993 -2.28504
0.79424 -2.28003
0.79197 -2.27804
0.785091 -2.27207
0.784019 -2.27096
0.77602 -2.26403
0.77603 -2.26393
0.768039 -2.25689
0.76692 -2.25601
0.760024 -2.24989
0.757867 -2.24795
0.751991 -2.2429
0.748687 -2.24002
0.743949 -2.23593
0.739546 -2.23205
0.736007 -2.22884
0.730426 -2.22406
0.727956 -2.22187
0.721428 -2.21593
0.71994 -2.21487
0.712263 -2.20799
0.711946 -2.20784
0.703989 -2.20076
0.703097 -2.20005
0.696013 -2.19371
0.694074 -2.19195
0.688014 -2.18669
0.684914 -2.18401
0.679953 -2.17973
0.675826 -2.17598
0.671947 -2.17272
0.66663 -2.16807
0.663949 -2.16569
0.660375 -2.16247
0.657805 -2.16042
0.657424 -2.15995
0.656004 -2.15889
0.648056 -2.15243
0.647435 -2.15192
0.639957 -2.14616
0.637356 -2.14401
0.632056 -2.13964
0.627351 -2.136
0.624051 -2.13326
0.617291 -2.12807
0.615987 -2.12694
0.608034 -2.12049
0.607319 -2.12002
0.599995 -2.11415
0.597333 -2.11199
0.591989 -2.10776
0.587308 -2.10401
0.583956 -2.10141
0.577324 -2.09597
0.576049 -2.0949
0.567962 -2.08861
0.567247 -2.08806
0.560057 -2.0821
0.557276 -2.08001
0.551993 -2.07579
0.547212 -2.07208
0.544026 -2.06935
0.537234 -2.06404
0.535986 -2.06301
0.527991 -2.05661
0.527218 -2.05604
0.520036 -2.05016
0.5173 -2.04793
0.512057 -2.04374
0.507188 -2.04005
0.504033 -2.03738
0.497278 -2.03193
0.495999 -2.03102
0.488004 -2.02462
0.48715 -2.02408
0.480043 -2.01818
0.477199 -2.016
0.471957 -2.0119
0.467192 -2.008
0.463952 -2.00551
0.457128 -2.00007
0.455946 -1.99912
0.448009 -1.99265
0.447116 -1.99207
0.439982 -1.98629
0.437186 -1.98397
0.431962 -1.97992
0.427116 -1.97604
0.423982 -1.9735
0.417191 -1.96794
0.416049 -1.96703
0.408037 -1.96065
0.407189 -1.95993
0.400032 -1.95426
0.397161 -1.95195
0.392058 -1.94783
0.387155 -1.94394
0.384007 -1.94151
0.377101 -1.936
0.375985 -1.93514
0.367977 -1.92876
0.367089 -1.928
0.360039 -1.92228
0.357085 -1.91999
0.351965 -1.91598
0.347112 -1.91195
0.343951 -1.90961
0.337023 -1.90405
0.335988 -1.90317
0.328042 -1.89671
0.327106 -1.89593
0.320047 -1.89031
0.317009 -1.88804
0.311979 -1.884
0.30709 -1.87992
0.304002 -1.87758
0.296968 -1.87206
0.295958 -1.87124
0.28801 -1.86478
0.287035 -1.86397
0.279975 -1.85843
0.276955 -1.85606
0.271985 -1.85202
0.266935 -1.84807
0.264031 -1.84557
0.257027 -1.83994
0.255995 -1.83922
0.247981 -1.83285
0.246982 -1.83198
0.240053 -1.82636
0.236986 -1.82397
0.232005 -1.82003
0.226905 -1.81605
0.223983 -1.81366
0.216895 -1.80805
0.215949 -1.80731
0.207961 -1.80091
0.206943 -1.79998
0.200001 -1.79446
0.196879 -1.79205
0.192038 -1.78802
0.186938 -1.78396
0.183966 -1.78172
0.176917 -1.77598
0.175961 -1.77533
0.16796 -1.76894
0.166941 -1.76793
0.160029 -1.76246
0.156863 -1.76002
0.151991 -1.75611
0.146918 -1.75194
0.144042 -1.74966
0.136817 -1.74405
0.135967 -1.74336
0.127989 -1.73693
0.126802 -1.73606
0.119941 -1.7306
0.116808 -1.72804
0.111945 -1.7242
0.106769 -1.72007
0.104002 -1.71774
0.0968669 -1.71194
0.0959551 -1.7114
0.0879509 -1.70502
0.0867694 -1.70405
0.0799612 -1.69861
0.0768106 -1.69598
0.0719897 -1.69218
0.0668162 -1.68796
0.0639618 -1.68582
0.0567325 -1.68005
0.0559672 -1.67942
0.0479835 -1.67301
0.0467225 -1.67205
0.0399875 -1.66661
0.036709 -1.66406
0.031966 -1.66024
0.026798 -1.65593
0.0239595 -1.65386
0.0167508 -1.64798
0.0160514 -1.64735
0.0079894 -1.64103
0.00675173 -1.63997
3.05049e-05 -1.63459
-0.00324926 -1.63196
-0.00799464 -1.62822
-0.0132884 -1.62399
-0.0160598 -1.62191
-0.0200268 -1.61866
-0.024 -1.61859
-0.032 -1.61865
-0.04 -1.61863
-0.048 -1.61858
-0.056 -1.61872
-0.064 -1.61855
-0.072 -1.6186
-0.08 -1.61855
-0.088 -1.61861
-0.096 -1.61861
-0.104 -1.61862
-0.112 -1.61855
-0.12 -1.61856
-0.128 -1.61854
-0.136 -1.61853
-0.144 -1.61858
-0.144846 -1.61857
-0.151202 -1.62404
-0.152016 -1.62462
-0.159991 -1.63135
-0.16077 -1.63203
-0.167959 -1.63808
-0.170348 -1.64
-0.176027 -1.6447
-0.179866 -1.64805
-0.184001 -1.65142
-0.189437 -1.65603
-0.192048 -1.65806
-0.199035 -1.66399
-0.20002 -1.66479
-0.207964 -1.67156
-0.208579 -1.672
-0.215975 -1.67824
-0.218165 -1.67997
-0.224024 -1.68488
-0.227752 -1.68793
-0.231954 -1.69166
-0.237271 -1.69598
-0.239969 -1.69833
-0.246831 -1.70398
-0.247957 -1.70505
-0.256056 -1.71162
-0.256329 -1.71205
-0.263939 -1.71846
-0.26588 -1.72006
-0.271972 -1.72512
-0.275453 -1.72804
-0.279993 -1.73179
-0.285047 -1.736
-0.288041 -1.73842
-0.294632 -1.74396
-0.296038 -1.74512
-0.303998 -1.75187
-0.304158 -1.752
-0.312043 -1.75851
-0.313768 -1.75994
-0.319962 -1.7653
-0.323318 -1.76795
-0.328041 -1.77191
-0.332896 -1.77593
-0.336038 -1.7786
-0.342338 -1.78406
-0.344 -1.78535
-0.351982 -1.79196
-0.351973 -1.79208
-0.359986 -1.79876
-0.361491 -1.80002
-0.367991 -1.80545
-0.371003 -1.80807
-0.376021 -1.81211
-0.380654 -1.81596
-0.383968 -1.81886
-0.390191 -1.82399
-0.392042 -1.82547
-0.399709 -1.83204
-0.400027 -1.83219
-0.407954 -1.83897
-0.409274 -1.84003
-0.415967 -1.84565
-0.4189 -1.84795
-0.424013 -1.85229
-0.428457 -1.85595
-0.431989 -1.85902
-0.438008 -1.86395
-0.440037 -1.86566
-0.447491 -1.87204
-0.44797 -1.87243
-0.456004 -1.87909
-0.457059 -1.88003
-0.463989 -1.8858
-0.466675 -1.88796
-0.471978 -1.89251
-0.476229 -1.89597
-0.479978 -1.89921
-0.485724 -1.90404
-0.488021 -1.90585
-0.495369 -1.91194
-0.495984 -1.91259
-0.504027 -1.91924
-0.504831 -1.92005
-0.511964 -1.92601
-0.514478 -1.92795
-0.52006 -1.93259
-0.523956 -1.93604
-0.528042 -1.93931
-0.533595 -1.94394
-0.536013 -1.94604
-0.543169 -1.95192
-0.544016 -1.95273
-0.552021 -1.95942
-0.552652 -1.96001
-0.560009 -1.96613
-0.562159 -1.96807
-0.568024 -1.97281
-0.5718 -1.97598
-0.576021 -1.97951
-0.581373 -1.98396
-0.584033 -1.98619
-0.590925 -1.99196
-0.592053 -1.99286
-0.60004 -1.99957
-0.600424 -2.00003
-0.607968 -2.00636
-0.609949 -2.00807
-0.615947 -2.01308
-0.61951 -2.01607
-0.624021 -2.01968
-0.629187 -2.02393
-0.63194 -2.02648
-0.638665 -2.03202
-0.640013 -2.03309
-0.647985 -2.03981
-0.648289 -2.03994
-0.65603 -2.04646
-0.657744 -2.04807
-0.663969 -2.05323
-0.667361 -2.056
-0.672008 -2.05988
-0.676893 -2.06403
-0.680055 -2.06652
-0.686428 -2.07205
-0.688059 -2.07321
-0.695994 -2.07998
-0.696087 -2.07993
-0.703949 -2.08673
-0.705529 -2.08807
-0.711976 -2.09339
-0.715119 -2.09603
-0.719948 -2.10012
-0.724648 -2.10407
-0.728051 -2.1067
-0.734323 -2.11193
-0.735982 -2.11348
-0.743769 -2.12006
-0.744027 -2.12012
-0.752025 -2.12682
-0.75332 -2.12807
-0.760009 -2.13353
-0.762905 -2.13604
-0.768048 -2.14018
-0.772469 -2.14403
-0.776015 -2.14692
-0.782019 -2.15204
-0.784058 -2.15356
-0.791605 -2.16001
-0.791941 -2.1604
-0.799978 -2.16705
-0.801188 -2.16798
-0.808022 -2.17369
-0.810734 -2.17599
-0.815957 -2.18047
-0.820273 -2.18401
-0.824035 -2.18707
-0.829871 -2.19196
-0.831995 -2.19381
-0.839023 -2.19974
-0.839406 -2.19996
-0.840029 -2.20055
-0.848012 -2.20789
-0.84812 -2.20799
-0.855987 -2.21524
-0.856804 -2.21605
-0.863966 -2.22259
-0.86556 -2.22403
-0.872024 -2.22985
-0.874286 -2.23204
-0.87994 -2.23726
-0.883005 -2.24006
-0.887959 -2.24456
-0.891767 -2.24804
-0.895958 -2.25189
-0.900515 -2.25603
-0.903933 -2.25924
-0.90928 -2.264
-0.911991 -2.2665
-0.918082 -2.27193
-0.920034 -2.27378
-0.9268 -2.27995
-0.927976 -2.28116
-0.935553 -2.28794
-0.935983 -2.28848
-0.943957 -2.29583
-0.94426 -2.29597
-0.952005 -2.3031
-0.952975 -2.304
-0.959945 -2.31049
-0.961685 -2.31203
-0.967944 -2.31782
-0.970429 -2.32003
-0.976034 -2.32504
-0.979174 -2.32802
-0.984038 -2.33236
-0.987949 -2.33598
-0.992008 -2.33972
-0.996694 -2.34397
-0.999982 -2.34707
-1.00539 -2.35202
-1.00795 -2.35443
-1.01416 -2.35998
-1.01601 -2.36169
-1.02294 -2.36795
-1.02404 -2.36898
-1.03165 -2.37597
-1.03204 -2.3763
-1.04005 -2.38362
-1.04043 -2.38393
-1.04801 -2.39097
-1.04908 -2.39203
-1.05606 -2.39825
-1.05786 -2.39997
-1.06398 -2.40566
-1.06652 -2.40807
-1.07201 -2.41295
-1.07536 -2.41595
-1.08 -2.42028
-1.08403 -2.42403
-1.08796 -2.42765
-1.09283 -2.43197
-1.09606 -2.43487
-1.10158 -2.43995
-1.10406 -2.44219
-1.11027 -2.44801
-1.11203 -2.44955
-1.11907 -2.45594
-1.12002 -2.45688
-1.12781 -2.46394
-1.12807 -2.46415
-1.13595 -2.4716
-1.1365 -2.47199
-1.14405 -2.47882
-1.14524 -2.47999
-1.15206 -2.48613
-1.15397 -2.488
-1.16003 -2.49348
-1.16264 -2.49607
-1.16799 -2.50085
-1.17148 -2.50396
-1.17594 -2.50824
-1.1802 -2.51198
-1.18401 -2.51548
-1.1889 -2.52003
-1.19194 -2.52288
-1.19765 -2.52801
-1.19996 -2.53019
-1.20646 -2.53593
-1.20806 -2.5374
-1.21511 -2.54403
-1.21603 -2.54475
-1.22391 -2.55197
-1.22396 -2.55215
-1.23205 -2.55938
-1.23262 -2.56
-1.23996 -2.5668
-1.24137 -2.56799
-1.24799 -2.5741
-1.25015 -2.57594
-1.25598 -2.58142
-1.25879 -2.58405
-1.26405 -2.58867
-1.26753 -2.59205
-1.27205 -2.596
-1.27631 -2.60001
-1.27996 -2.60342
-1.2851 -2.60795
-1.28798 -2.61072
-1.29378 -2.61601
-1.29607 -2.61795
-1.30256 -2.62397
-1.30404 -2.62531
-1.31124 -2.63203
-1.31198 -2.6327
-1.32004 -2.63995
-1.32005 -2.63995
-1.32805 -2.64726
-1.32875 -2.648
-1.33604 -2.65459
-1.33742 -2.65607
-1.34401 -2.66195
-1.34627 -2.66395
-1.35205 -2.66923
-1.3549 -2.67207
-1.36001 -2.6766
-1.36373 -2.67997
-1.36798 -2.68396
-1.37244 -2.68801
-1.37597 -2.69129
-1.38115 -2.69603
-1.38398 -2.6986
-1.38996 -2.70395
-1.39198 -2.70593
-1.39861 -2.71205
-1.40001 -2.71322
-1.40734 -2.72006
-1.40798 -2.72057
-1.41596 -2.72792
-1.4161 -2.72804
-1.42404 -2.73516
-1.42483 -2.73605
-1.43197 -2.74255
-1.43365 -2.74396
-1.44 -2.74984
-1.44239 -2.75196
-1.44797 -2.7572
-1.45103 -2.76007
-1.45596 -2.76454
-1.45981 -2.76802
-1.46402 -2.77179
-1.46856 -2.77601
-1.47201 -2.77913
-1.47731 -2.784
-1.47999 -2.78648
-1.48598 -2.79207
-1.48804 -2.79375
-1.49484 -2.79994
-1.496 -2.80111
-1.5035 -2.80803
-1.50394 -2.8085
-1.51205 -2.8157
-1.51226 -2.816
-1.52004 -2.82304
-1.52096 -2.82405
-1.52795 -2.83046
-1.52978 -2.83195
-1.53595 -2.83779
-1.53843 -2.84006
-1.54394 -2.84511
-1.54719 -2.84803
-1.55193 -2.85245
-1.55595 -2.85601
-1.56003 -2.85966
-1.56468 -2.86402
-1.56804 -2.86698
-1.57338 -2.87206
-1.57595 -2.8744
-1.58221 -2.87997
-1.58394 -2.88173
-1.59085 -2.88807
-1.59194 -2.88906
-1.59971 -2.89593
-1.59999 -2.89633
-1.60798 -2.90366
-1.60841 -2.90399
-1.616 -2.91096
-1.61707 -2.91206
-1.62406 -2.91822
-1.62582 -2.92005
-1.63199 -2.92562
-1.63468 -2.92793
-1.64005 -2.93288
-1.64329 -2.93607
-1.64804 -2.94021
-1.65204 -2.94405
-1.65605 -2.94753
-1.6608 -2.95203
-1.66399 -2.95492
-1.66956 -2.96001
-1.67204 -2.96218
-1.67833 -2.96797
-1.68003 -2.96952
-1.68706 -2.97599
-1.688 -2.97688
-1.69572 -2.98406
-1.69595 -2.98426
-1.70395 -2.99158
-1.70445 -2.99207
-1.71195 -2.99891
-1.71329 -2.99996
-1.72003 -3.00614
-1.722 -3.00799
-1.72804 -3.01345
-1.73075 -3.01599
-1.73604 -3.02078
-1.73941 -3.02407
-1.74399 -3.02815
-1.74826 -3.03196
-1.75201 -3.03545
-1.75697 -3.03998
-1.76 -3.04279
-1.76569 -3.048
-1.76799 -3.05012
-1.77448 -3.05595
-1.776 -3.05744
-1.78322 -3.06395
-1.78396 -3.06481
-1.79195 -3.07196
-1.79195 -3.07214
-1.79996 -3.07945
-1.80065 -3.08
-1.80794 -3.08679
-1.8094 -3.08799
-1.81597 -3.09409
-1.81817 -3.09595
-1.82399 -3.10139
-1.82689 -3.10398
-1.83205 -3.10864
-1.83567 -3.11193
-1.84002 -3.116
-1.84438 -3.11996
-1.84794 -3.12342
-1.85307 -3.12802
-1.85594 -3.13074
-1.8618 -3.13602
-1.86393 -3.13807
-1.8705 -3.14406
-1.87199 -3.14532
-1.87929 -3.15201
-1.88003 -3.15261
-1.88799 -3.15998
-1.88801 -3.16003
-1.89595 -3.16734
-1.89681 -3.16796
-1.90396 -3.17466
-1.90547 -3.17605
-1.912 -3.18193
-1.91425 -3.184
-1.92004 -3.18921
-1.92296 -3.19204
-1.92794 -3.19665
-1.93175 -3.19999
-1.93604 -3.20386
-1.94042 -3.20805
-1.94402 -3.21121
-1.94917 -3.21605
-1.95205 -3.2185
-1.95794 -3.22401
-1.95995 -3.22593
-1.9667 -3.23199
-1.96795 -3.23326
-1.97539 -3.24004
-1.97597 -3.24055
-1.98402 -3.24782
-1.98412 -3.24805
-1.99206 -3.2551
-1.99287 -3.25604
-1.99997 -3.26253
-2.00161 -3.26404
-2.00804 -3.26978
-2.01038 -3.272
-2.01604 -3.27709
-2.01911 -3.28001
-2.02396 -3.28451
-2.02782 -3.28804
-2.03197 -3.29182
-2.03656 -3.29605
-2.04 -3.29912
-2.04528 -3.30406
-2.048 -3.30643
-2.05411 -3.31196
-2.05597 -3.31379
-2.06279 -3.32002
-2.06406 -3.32101
-2.07155 -3.32801
-2.07202 -3.32839
-2.08005 -3.33567
-2.08035 -3.33593
-2.08802 -3.34303
-2.08904 -3.344
-2.09602 -3.35036
-2.09779 -3.35197
-2.10403 -3.35766
-2.10645 -3.36006
-2.11198 -3.36504
-2.1152 -3.36805
-2.11994 -3.37242
-2.12397 -3.37602
-2.12805 -3.37962
-2.13267 -3.38407
-2.13595 -3.38705
-2.14153 -3.39193
-2.14396 -3.39436
-2.15014 -3.40007
-2.15198 -3.40166
-2.15901 -3.40793
-2.15998 -3.40898
-2.16766 -3.41603
-2.16803 -3.41626
-2.17599 -3.42363
-2.1764 -3.42402
-2.18398 -3.43096
-2.18512 -3.43204
-2.192 -3.43826
-2.19395 -3.43994
-2.19994 -3.44565
-2.2026 -3.44804
-2.20797 -3.45295
-2.21132 -3.45606
-2.21601 -3.46022
-2.22015 -3.46397
-2.22404 -3.46751
-2.22885 -3.472
-2.23193 -3.47495
-2.2376 -3.47999
-2.24005 -3.48215
-2.24633 -3.48801
-2.24794 -3.48959
-2.25503 -3.49605
-2.25594 -3.49692
-2.26377 -3.50404
-2.26396 -3.50422
-2.27193 -3.51157
-2.2726 -3.51195
-2.28002 -3.5188
-2.28129 -3.52
-2.28795 -3.5262
-2.29008 -3.52794
-2.29595 -3.53352
-2.29878 -3.53598
-2.30402 -3.54076
-2.30754 -3.54396
-2.31197 -3.54815
-2.31629 -3.55195
-2.31998 -3.55546
-2.32494 -3.56005
-2.32804 -3.56272
-2.33371 -3.56801
-2.33602 -3.57007
-2.34241 -3.57605
-2.34397 -3.57744
-2.35114 -3.58407
-2.35201 -3.58472
-2.35993 -3.59201
-2.36001 -3.59204
-2.368 -3.59938
-2.36874 -3.59993
-2.37599 -3.60672
-2.3774 -3.60802
-2.384 -3.61403
-2.3861 -3.61606
-2.39203 -3.62131
-2.39489 -3.624
-2.4 -3.62868
-2.40368 -3.63195
-2.40804 -3.63595
-2.41243 -3.63994
-2.41602 -3.6433
-2.42113 -3.64798
-2.42397 -3.65068
-2.42991 -3.65593
-2.43197 -3.658
-2.43861 -3.66398
-2.43995 -3.66535
-2.44734 -3.67198
-2.44805 -3.67256
-2.45594 -3.68001
-2.45607 -3.68
-2.46406 -3.6872
-2.4648 -3.68801
-2.47206 -3.69452
-2.4736 -3.69594
-2.48006 -3.70184
-2.48227 -3.70401
-2.48795 -3.70929
-2.49097 -3.71206
-2.49594 -3.71662
-2.49972 -3.72004
-2.50402 -3.72386
-2.50852 -3.72798
-2.51199 -3.73121
-2.51721 -3.73603
-2.52006 -3.73846
-2.52594 -3.74404
-2.52802 -3.74583
-2.53476 -3.75195
-2.53602 -3.75316
-2.5434 -3.76006
-2.54402 -3.76048
-2.55202 -3.7678
-2.55223 -3.76796
-2.55998 -3.77516
-2.56089 -3.77605
-2.56798 -3.78249
-2.5697 -3.78397
-2.57595 -3.78985
-2.57847 -3.79194
-2.58404 -3.79708
-2.58718 -3.79996
-2.59205 -3.80439
-2.59592 -3.80797
-2.59998 -3.81178
-2.60462 -3.81601
-2.60805 -3.81903
-2.61331 -3.82406
-2.616 -3.8264
-2.62217 -3.83193
-2.62396 -3.83378
-2.63089 -3.83996
-2.63202 -3.84103
-2.63957 -3.84801
-2.64002 -3.84836
-2.64799 -3.85572
-2.64829 -3.85603
-2.65597 -3.86306
-2.65701 -3.86406
-2.66394 -3.87042
-2.6658 -3.872
-2.67199 -3.87769
-2.67452 -3.88002
-2.67999 -3.88501
-2.68326 -3.88802
-2.68803 -3.89229
-2.69207 -3.89594
-2.69606 -3.89958
-2.70074 -3.90402
-2.70397 -3.90701
-2.70944 -3.91206
-2.71206 -3.91423
-2.7182 -3.92004
-2.72004 -3.92157
-2.72703 -3.92794
-2.72804 -3.9289
-2.73571 -3.936
-2.73605 -3.93621
-2.74402 -3.94357
-2.74451 -3.94393
-2.75195 -3.95096
-2.75326 -3.95193
-2.75995 -3.95828
-2.76194 -3.95998
-2.76805 -3.9655
-2.7707 -3.96797
-2.77595 -3.97294
-2.7794 -3.97601
-2.78394 -3.98027
-2.78819 -3.98396
-2.79202 -3.98751
-2.79686 -3.99203
-2.8 -3.99485
-2.80565 -3.99997
-2.808 -4.00217
-2.81441 -4.00795
-2.81597 -4.00954
-2.82312 -4.01598
-2.824 -4.01682
-2.83181 -4.02403
-2.83202 -4.02413
-2.84004 -4.03143
-2.84052 -4.03206
-2.84803 -4.03876
-2.84935 -4.03996
-2.85604 -4.04608
-2.8581 -4.04796
-2.86399 -4.05345
-2.86675 -4.05605
-2.87195 -4.06082
-2.87559 -4.06394
-2.87996 -4.06813
-2.88425 -4.07202
-2.88804 -4.07537
-2.89303 -4.07998
-2.896 -4.08274
-2.90174 -4.08801
-2.90402 -4.09003
-2.91051 -4.09598
-2.91198 -4.09741
-2.91921 -4.10402
-2.91998 -4.10473
-2.9279 -4.11207
-2.92795 -4.11209
-2.93604 -4.11931
-2.93674 -4.11996
-2.94398 -4.1267
-2.94543 -4.12801
-2.95203 -4.13397
-2.95412 -4.13607
-2.95995 -4.14138
-2.96289 -4.14403
-2.96796 -4.1487
-2.97165 -4.15201
-2.97598 -4.15599
-2.98046 -4.15994
-2.98396 -4.16334
-2.98912 -4.16802
-2.99206 -4.17055
-2.99788 -4.176
-3.00002 -4.17792
-3.00661 -4.18401
-3.00798 -4.18529
-3.01537 -4.19199
-3.01598 -4.19261
-3.02398 -4.19994
-3.02405 -4.20005
-3.03196 -4.20728
-3.03289 -4.20794
-3.04003 -4.21453
-3.04158 -4.216
-3.04799 -4.22189
-3.05035 -4.22396
-3.056 -4.22921
-3.05908 -4.23197
-3.06406 -4.23646
-3.06778 -4.24001
-3.07194 -4.24392
-3.07653 -4.248
-3.08003 -4.25114
-3.08523 -4.25604
-3.08798 -4.25852
-3.09397 -4.26404
-3.09595 -4.26588
-3.10272 -4.27203
-3.104 -4.27315
-3.11153 -4.27995
-3.11197 -4.2805
-3.12004 -4.28776
-3.12018 -4.28805
-3.128 -4.29512
-3.12892 -4.29605
-3.136 -4.30245
-3.13776 -4.30394
-3.14395 -4.30982
-3.14643 -4.31201
-3.15204 -4.31705
-3.15524 -4.31993
-3.16003 -4.32438
-3.16388 -4.32804
-3.16804 -4.3317
-3.17267 -4.33598
-3.17606 -4.33899
-3.18134 -4.34406
-3.18394 -4.34645
-3.1901 -4.35204
-3.19201 -4.3537
-3.19892 -4.35995
-3.2 -4.36103
-3.20756 -4.36805
-3.20806 -4.36829
-3.21593 -4.37575
-3.2164 -4.37595
-3.22406 -4.38294
-3.22506 -4.38404
-3.23195 -4.39038
-3.23379 -4.39204
-3.24006 -4.39758
-3.24251 -4.40006
-3.24806 -4.40491
-3.25125 -4.40806
-3.25599 -4.41231
-3.25999 -4.41606
-3.26396 -4.41966
-3.26881 -4.42397
-3.27197 -4.42698
-3.27748 -4.43205
-3.27994 -4.43433
-3.28625 -4.44002
-3.288 -4.44159
-3.29497 -4.44803
-3.29595 -4.44897
-3.30379 -4.45595
-3.30397 -4.45627
-3.31196 -4.4636
-3.3125 -4.46397
-3.31993 -4.47096
-3.3212 -4.47202
-3.328 -4.47821
-3.32991 -4.48005
-3.33598 -4.48555
-3.33875 -4.48794
-3.34398 -4.49288
-3.34483 -4.49349
-3.34748 -4.49595
-3.35202 -4.50016
-3.35622 -4.50395
-3.36005 -4.50745
-3.36485 -4.51207
-3.36794 -4.51489
-3.37363 -4.52002
-3.37604 -4.5221
-3.38233 -4.52807
-3.38401 -4.52947
-3.39111 -4.53603
-3.39198 -4.53681
-3.39985 -4.54403
-3.39995 -4.54418
-3.40794 -4.55151
-3.40856 -4.55206
-3.41598 -4.55879
-3.41735 -4.56
-3.42401 -4.56608
-3.42611 -4.56798
-3.43199 -4.57342
-3.43478 -4.57605
-3.44004 -4.58069
-3.44354 -4.58403
-3.44796 -4.5881
-3.45232 -4.59198
-3.456 -4.59538
-3.46109 -4.59995
-3.46401 -4.6027
-3.46981 -4.60797
-3.47205 -4.60997
-3.47853 -4.616
-3.47995 -4.6174
-3.48724 -4.62403
-3.48802 -4.62465
-3.496 -4.632
-3.49603 -4.63197
-3.50395 -4.63938
-3.50473 -4.64001
-3.512 -4.64664
-3.5135 -4.64798
-3.51996 -4.65401
-3.52223 -4.65599
-3.52806 -4.66122
-3.531 -4.66396
-3.53606 -4.66855
-3.53971 -4.67198
-3.54404 -4.6759
-3.54849 -4.67994
-3.55204 -4.68322
-3.55719 -4.68798
-3.56005 -4.69053
-3.56596 -4.69595
-3.56805 -4.69786
-3.5746 -4.70406
-3.57598 -4.70525
-3.58338 -4.71202
-3.58404 -4.71252
-3.59197 -4.71991
-3.59212 -4.72002
-3.59996 -4.72724
-3.60092 -4.72794
-3.60798 -4.73454
-3.60965 -4.73596
-3.61605 -4.7418
-3.61835 -4.744
-3.62398 -4.74919
-3.62714 -4.75194
-3.63194 -4.75656
-3.63587 -4.75995
-3.63998 -4.76384
-3.64455 -4.76802
-3.64795 -4.77119
-3.6533 -4.77601
-3.65595 -4.77852
-3.66199 -4.78406
-3.66402 -4.78576
-3.67082 -4.79196
-3.67202 -4.79309
-3.6795 -4.80003
-3.67994 -4.8005
-3.68628 -4.80607
-3.68803 -4.80788
-3.68813 -4.80796
-3.69605 -4.81587
-3.69611 -4.81598
-3.704 -4.82391
-3.70413 -4.82395
-3.70824 -4.82806
-3.71193 -4.83203
-3.71207 -4.83198
-3.71968 -4.84003
-3.72002 -4.84028
-3.72747 -4.848
-3.72766 -4.84834
-3.72793 -4.84862
-3.73496 -4.85599
-3.73596 -4.85716
-3.73637 -4.85752
-3.74088 -4.86261
-3.74197 -4.86395
-3.744 -4.8666
-3.74631 -4.86946
-3.74681 -4.87068
-3.74695 -4.872
-3.7469 -4.88
-3.74705 -4.888
-3.74717 -4.896
-3.74724 -4.904
-3.7473 -4.912
-3.74727 -4.92
-3.74741 -4.928
-3.74744 -4.936
-3.7476 -4.944
-3.7476 -4.952
-3.74766 -4.96
-3.74777 -4.968
-3.74795 -4.976
-3.74787 -4.984
-3.74795 -4.992
-3.74803 -5
-3.74809 -5.008
-3.74817 -5.016
-3.74834 -5.024
-3.74841 -5.032
-3.74853 -5.04
-3.74846 -5.048
-3.74861 -5.056
-3.74859 -5.064
-3.74879 -5.072
-3.7489 -5.08
-3.74891 -5.088
-3.74887 -5.096
-3.74901 -5.104
-3.74912 -5.10424
-3.74843 -5.10652
-3.74428 -5.11174
-3.74418 -5.11205
-3.74398 -5.11212
-3.73775 -5.11914
-3.73696 -5.11998
-3.73597 -5.12102
-3.72946 -5.128
-3.72795 -5.12949
-3.72383 -5.13406
-3.72182 -5.13596
-3.71993 -5.13786
-3.71411 -5.144
-3.71204 -5.14621
-3.70816 -5.15003
-3.70631 -5.15201
-3.70395 -5.15426
-3.69832 -5.15999
-3.69605 -5.16239
-3.69028 -5.16793
-3.68795 -5.17031
-3.68428 -5.17423
-3.68242 -5.17605
-3.67993 -5.17829
-3.678 -5.18036
-3.67408 -5.184
-3.67197 -5.18589
-3.66547 -5.19202
-3.66401 -5.19335
-3.65679 -5.19997
-3.65594 -5.2007
-3.64813 -5.20793
-3.64806 -5.20825
-3.63995 -5.21555
-3.63956 -5.21599
-3.63199 -5.22301
-3.63088 -5.22394
-3.62404 -5.23048
-3.62226 -5.23195
-3.61595 -5.2378
-3.61367 -5.23999
-3.60796 -5.24523
-3.60507 -5.24801
-3.59994 -5.25263
-3.59642 -5.25599
-3.59201 -5.26012
-3.58779 -5.26398
-3.58394 -5.26747
-3.57921 -5.27204
-3.57598 -5.27493
-3.57057 -5.28002
-3.56796 -5.28232
-3.56189 -5.28796
-3.55997 -5.28975
-3.55327 -5.29597
-3.55207 -5.29728
-3.54469 -5.30402
-3.54403 -5.30466
-3.53598 -5.31193
-3.53604 -5.31208
-3.52797 -5.31943
-3.52749 -5.32007
-3.51996 -5.32684
-3.51881 -5.32802
-3.51194 -5.33423
-3.51022 -5.33605
-3.50399 -5.3417
-3.50149 -5.34395
-3.49594 -5.34907
-3.49287 -5.35195
-3.48797 -5.35652
-3.48427 -5.35999
-3.48002 -5.364
-3.47571 -5.36806
-3.47195 -5.37134
-3.46702 -5.37599
-3.46399 -5.3788
-3.45839 -5.38399
-3.45597 -5.38619
-3.44983 -5.39206
-3.44799 -5.39363
-3.44114 -5.39999
-3.44001 -5.40108
-3.43257 -5.40805
-3.43197 -5.40845
-3.42403 -5.41593
-3.42396 -5.41607
-3.41606 -5.42338
-3.41524 -5.42397
-3.40806 -5.4308
-3.40659 -5.43194
-3.40003 -5.43819
-3.39799 -5.43998
-3.39194 -5.44551
-3.38933 -5.44794
-3.38399 -5.45299
-3.3807 -5.45593
-3.37601 -5.46043
-3.3722 -5.46407
-3.36794 -5.46777
-3.36346 -5.47195
-3.36005 -5.4753
-3.35484 -5.47995
-3.35198 -5.48265
-3.34623 -5.48798
-3.34403 -5.49013
-3.33764 -5.49601
-3.33602 -5.49753
-3.32898 -5.50398
-3.32793 -5.50486
-3.32031 -5.51193
-3.32004 -5.51239
-3.31204 -5.51981
-3.31172 -5.51998
-3.30401 -5.52719
-3.30305 -5.52793
-3.29606 -5.53467
-3.29452 -5.53603
-3.28804 -5.54206
-3.28582 -5.54395
-3.28006 -5.5495
-3.27723 -5.55199
-3.27201 -5.55687
-3.26868 -5.56007
-3.26406 -5.56435
-3.25996 -5.56797
-3.25599 -5.57168
-3.25134 -5.57598
-3.24807 -5.57919
-3.24271 -5.58397
-3.23995 -5.58648
-3.23413 -5.59203
-3.232 -5.59395
-3.22545 -5.59998
-3.22399 -5.60136
-3.21687 -5.60802
-3.216 -5.60879
-3.2082 -5.61598
-3.20803 -5.61624
-3.19997 -5.62359
-3.19959 -5.62399
-3.19206 -5.63111
-3.19099 -5.63202
-3.18402 -5.63848
-3.18232 -5.63997
-3.176 -5.64588
-3.17375 -5.64803
-3.16796 -5.65326
-3.16512 -5.65603
-3.15995 -5.66067
-3.1564 -5.66393
-3.15198 -5.66812
-3.14781 -5.67197
-3.14397 -5.67552
-3.13926 -5.68005
-3.13601 -5.68299
-3.13064 -5.68806
-3.12798 -5.69037
-3.12202 -5.69607
-3.12007 -5.69788
-3.11327 -5.70394
-3.11198 -5.70522
-3.10466 -5.71195
-3.10404 -5.7127
-3.09601 -5.71993
-3.09604 -5.72011
-3.08796 -5.72745
-3.08751 -5.72806
-3.07999 -5.7349
-3.07879 -5.73596
-3.07199 -5.74231
-3.07014 -5.74394
-3.06394 -5.74968
-3.06153 -5.75196
-3.05606 -5.75723
-3.053 -5.76006
-3.04798 -5.76456
-3.04432 -5.768
-3.03996 -5.77195
-3.03565 -5.77596
-3.03203 -5.77945
-3.02708 -5.78402
-3.02401 -5.78685
-3.01847 -5.79204
-3.01602 -5.79428
-3.00981 -5.8
-3.00804 -5.80172
-3.00114 -5.80796
-2.99999 -5.80908
-2.9926 -5.81605
-2.992 -5.81652
-2.98405 -5.82398
-2.98392 -5.824
-2.97604 -5.83139
-2.97525 -5.83195
-2.96802 -5.83879
-2.96666 -5.83998
-2.96001 -5.8462
-2.95809 -5.84805
-2.95198 -5.85359
-2.95098 -5.8546
-2.94898 -5.85602
-2.94582 -5.85829
-2.94508 -5.85874
-2.944 -5.85919
-2.93601 -5.86256
-2.93249 -5.86403
-2.92797 -5.86579
-2.91999 -5.8692
-2.91338 -5.87204
-2.912 -5.87258
-2.904 -5.87591
-2.89602 -5.87931
-2.89422 -5.87993
-2.88803 -5.88268
-2.88001 -5.88598
-2.87509 -5.88791
-2.87197 -5.88923
-2.86398 -5.8926
-2.85598 -5.89595
-2.856 -5.89601
-2.84798 -5.8993
-2.83999 -5.90268
-2.83686 -5.90396
-2.83203 -5.90611
-2.82401 -5.90941
-2.81774 -5.91195
-2.81602 -5.91277
-2.80802 -5.91614
-2.79998 -5.91937
-2.79866 -5.92005
-2.79199 -5.92274
-2.78396 -5.92604
-2.77953 -5.92802
-2.77596 -5.92939
-2.76798 -5.93277
-2.76041 -5.93603
-2.76 -5.93616
-2.752 -5.9395
-2.74401 -5.94289
-2.74128 -5.94401
-2.73603 -5.94629
-2.72797 -5.94948
-2.72215 -5.95199
-2.71998 -5.95286
-2.71197 -5.95617
-2.70402 -5.95963
-2.70302 -5.95997
-2.69603 -5.96303
-2.68801 -5.96631
-2.68389 -5.96793
-2.68 -5.96965
-2.67201 -5.97301
-2.66482 -5.97605
-2.66397 -5.97625
-2.65596 -5.97959
-2.648 -5.98302
-2.64565 -5.98394
-2.63998 -5.98633
-2.63198 -5.98968
-2.62653 -5.99194
-2.624 -5.99307
-2.61603 -5.99649
-2.60799 -5.99975
-2.60745 -6.00005
-2.59999 -6.00309
-2.59198 -6.00642
-2.58831 -6.00799
-2.58397 -6.00974
-2.57602 -6.0132
-2.56923 -6.01609
-2.568 -6.01651
-2.56 -6.01985
-2.55199 -6.02316
-2.55008 -6.02402
-2.54397 -6.02647
-2.536 -6.02988
-2.53096 -6.03202
-2.52797 -6.03317
-2.52001 -6.0366
-2.51197 -6.03986
-2.51183 -6.04001
-2.504 -6.04328
-2.49598 -6.04658
-2.49275 -6.04808
-2.48802 -6.05001
-2.47997 -6.05323
-2.47357 -6.05595
-2.47203 -6.05675
-2.464 -6.06
-2.45597 -6.06328
-2.45447 -6.06401
-2.44803 -6.06678
-2.44001 -6.07009
-2.43536 -6.07203
-2.43199 -6.07339
-2.42397 -6.07669
-2.41626 -6.08008
-2.41602 -6.08014
-2.408 -6.08344
-2.39999 -6.08677
-2.39712 -6.08803
-2.39196 -6.09005
-2.38398 -6.09344
-2.37796 -6.09593
-2.37598 -6.09679
-2.36798 -6.10012
-2.35997 -6.10346
-2.35888 -6.10402
-2.35201 -6.1069
-2.34399 -6.1102
-2.33976 -6.11203
-2.33597 -6.11349
-2.3326 -6.11499
