2.09537 -6.109
2.10257 -6.10561
2.11034 -6.10373
2.11793 -6.10135
2.12514 -6.09799
2.13246 -6.09493
2.13961 -6.09143
2.14739 -6.08956
2.15491 -6.08702
2.16179 -6.0828
2.16948 -6.0807
2.17651 -6.07687
2.18447 -6.07546
2.19185 -6.07256
2.19914 -6.06941
2.20677 -6.06716
2.21397 -6.06377
2.22107 -6.06014
2.22869 -6.05785
2.2361 -6.05501
2.24314 -6.05121
2.25053 -6.04834
2.25828 -6.04637
2.26573 -6.04365
2.27294 -6.04031
2.28011 -6.03684
2.28797 -6.03517
2.29528 -6.03209
2.30246 -6.02867
2.31041 -6.02724
2.3176 -6.02382
2.32505 -6.02109
2.33237 -6.01803
2.33998 -6.01571
2.34681 -6.01136
2.35482 -6.01011
2.36204 -6.00677
2.3696 -6.00433
2.37672 -6.00073
2.38431 -5.99839
2.39176 -5.99564
2.39858 -5.99128
2.40634 -5.98936
2.41383 -5.98673
2.421 -5.98328
2.42829 -5.98014
2.43583 -5.97763
2.44348 -5.97543
2.45084 -5.97246
2.45821 -5.96952
2.46531 -5.9659
2.47301 -5.96381
2.48069 -5.96169
2.48798 -5.95854
2.49525 -5.95533
2.5024 -5.95181
2.51006 -5.94965
2.51741 -5.94665
2.52462 -5.94331
2.53212 -5.94069
2.53926 -5.93717
2.54707 -5.93538
2.55404 -5.9314
2.56162 -5.92901
2.56953 -5.92747
2.57665 -5.92388
2.5843 -5.92168
2.59106 -5.91715
2.59885 -5.91531
2.60594 -5.91163
2.61398 -5.91045
2.62082 -5.90613
2.62809 -5.90292
2.63558 -5.90031
2.64352 -5.89884
2.65081 -5.8957
2.65819 -5.89278
2.66575 -5.89034
2.67254 -5.88591
2.67991 -5.88297
2.68795 -5.88178
2.69526 -5.87867
2.70241 -5.87517
2.71018 -5.87328
2.71746 -5.8701
2.72493 -5.86743
2.73178 -5.86315
2.73958 -5.86131
2.74701 -5.85855
2.7541 -5.85486
2.76196 -5.85321
2.76907 -5.84959
2.77668 -5.84728
2.78359 -5.84315
2.79114 -5.84067
2.7987 -5.83823
2.80625 -5.83575
2.81376 -5.8332
2.82076 -5.82928
2.82822 -5.82658
2.83578 -5.82414
2.84278 -5.82025
2.85041 -5.81799
2.85819 -5.8161
2.86532 -5.81255
2.87293 -5.81023
2.88025 -5.80716
2.88723 -5.80368
2.89243 -5.80021
2.89658 -5.79554
2.90278 -5.79053
2.90932 -5.78591
2.9142 -5.77948
2.92096 -5.77509
2.92683 -5.76973
2.93169 -5.76328
2.93832 -5.75875
2.94344 -5.75258
2.95011 -5.74809
2.95606 -5.74283
2.96148 -5.73698
2.96772 -5.73203
2.97322 -5.72626
2.97879 -5.72058
2.98542 -5.71606
2.9904 -5.70974
2.99682 -5.70497
3.00298 -5.69994
3.00821 -5.69388
3.01416 -5.68862
3.01961 -5.6828
3.02591 -5.67791
3.03229 -5.67311
3.03812 -5.66771
3.0431 -5.66138
3.04967 -5.6568
3.05592 -5.65186
3.06133 -5.646
3.06693 -5.64034
3.07235 -5.6345
3.07846 -5.62941
3.08534 -5.62515
3.09087 -5.61943
3.09656 -5.61388
3.10274 -5.60885
3.10822 -5.60307
3.11397 -5.59758
3.1204 -5.59284
3.12627 -5.58749
3.1316 -5.58154
3.13745 -5.57616
3.14287 -5.57031
3.14861 -5.56482
3.1553 -5.56035
3.16056 -5.55433
3.1667 -5.54927
3.17293 -5.5443
3.17858 -5.53872
3.18388 -5.53273
3.1897 -5.52732
3.19655 -5.52303
3.20167 -5.51686
3.20748 -5.51144
3.21398 -5.50677
3.21939 -5.50092
3.22525 -5.49555
3.23137 -5.49046
3.23703 -5.48488
3.24301 -5.47965
3.24848 -5.47385
3.25422 -5.46836
3.26088 -5.46386
3.26698 -5.45875
3.27225 -5.45275
3.27798 -5.44724
3.28445 -5.44254
3.28947 -5.43626
3.29546 -5.43103
3.30182 -5.4262
3.30807 -5.42126
3.31286 -5.41473
3.31936 -5.41006
3.32568 -5.4052
3.33085 -5.39908
3.33735 -5.39441
3.34242 -5.38818
3.34838 -5.38293
3.35474 -5.3781
3.35992 -5.372
3.36645 -5.36736
3.37152 -5.36112
3.3777 -5.35611
3.38305 -5.35019
3.39004 -5.34605
3.39576 -5.34054
3.40114 -5.33464
3.40658 -5.32882
3.41319 -5.32427
3.41848 -5.31828
3.42478 -5.31339
3.4301 -5.30744
3.43658 -5.30275
3.44256 -5.29752
3.44749 -5.29113
3.45341 -5.28583
3.45995 -5.2812
3.4655 -5.2755
3.47105 -5.2698
3.47766 -5.26525
3.48341 -5.25976
3.48865 -5.25371
3.49507 -5.24896
3.50136 -5.24407
3.50628 -5.23767
3.51209 -5.23225
3.51806 -5.227
3.52427 -5.22202
3.53081 -5.21739
3.53603 -5.21132
3.54165 -5.20569
3.54723 -5.20003
3.55299 -5.19455
3.55997 -5.19041
3.56575 -5.18495
3.57102 -5.17894
3.57648 -5.17314
3.58313 -5.16863
3.58941 -5.16373
3.59447 -5.15748
3.60043 -5.15223
3.60586 -5.14639
3.61241 -5.14178
3.61803 -5.13614
3.62453 -5.13149
3.6298 -5.12547
3.63598 -5.12045
3.64111 -5.11429
3.64699 -5.10895
3.65336 -5.10399
3.65396 -5.09648
3.65332 -5.08849
3.65309 -5.0805
3.6523 -5.07252
3.65276 -5.06452
3.65239 -5.05653
3.65336 -5.04852
3.65282 -5.04054
3.65279 -5.03254
3.65222 -5.02456
3.65286 -5.01655
3.65191 -5.00857
3.65086 -5.0006
3.65228 -4.99258
3.65101 -4.98461
3.65156 -4.9766
3.6512 -4.96862
3.6514 -4.96062
3.65016 -4.95265
3.65035 -4.94465
3.65033 -4.93665
3.64997 -4.92867
3.65035 -4.92066
3.6498 -4.91268
3.65013 -4.90468
3.65042 -4.89668
3.65038 -4.88869
3.64988 -4.8807
3.64864 -4.87273
3.6497 -4.86472
3.64963 -4.85672
3.64878 -4.84874
3.6497 -4.84073
3.64857 -4.83276
3.64857 -4.82476
3.64911 -4.81676
3.64874 -4.80877
3.64758 -4.8008
3.64787 -4.7928
3.64798 -4.7848
3.64725 -4.77682
3.64692 -4.76883
3.64684 -4.76084
3.6463 -4.75286
3.64776 -4.74483
3.6458 -4.73688
3.64645 -4.72887
3.64673 -4.72087
3.64616 -4.71289
3.64528 -4.70491
3.64508 -4.69692
3.64627 -4.68887
3.64494 -4.68307
3.63903 -4.67769
3.63372 -4.6716
3.62727 -4.66685
3.62068 -4.66226
3.61504 -4.65656
3.60897 -4.65136
3.60304 -4.646
3.59631 -4.64157
3.59091 -4.63559
3.58478 -4.63046
3.579 -4.62493
3.57188 -4.62095
3.56686 -4.61452
3.56074 -4.60938
3.55457 -4.60431
3.54865 -4.59894
3.54201 -4.5944
3.53573 -4.58945
3.53035 -4.58344
3.52413 -4.57842
3.51741 -4.57398
3.51137 -4.56875
3.50521 -4.56365
3.50005 -4.55739
3.49404 -4.55212
3.48775 -4.54718
3.48096 -4.54282
3.47605 -4.53627
3.46888 -4.53235
3.46292 -4.52702
3.45666 -4.52205
3.45101 -4.51637
3.4447 -4.51145
3.43962 -4.5051
3.4324 -4.50124
3.42733 -4.49487
3.4208 -4.49021
3.4148 -4.48493
3.40856 -4.47993
3.40242 -4.47481
3.39633 -4.46963
3.39056 -4.46408
3.38459 -4.45878
3.37795 -4.45424
3.37253 -4.44828
3.36698 -4.44248
3.3607 -4.43753
3.35423 -4.43279
3.34825 -4.42749
3.34175 -4.42279
3.33626 -4.41692
3.32994 -4.412
3.32412 -4.40652
3.31753 -4.40193
3.31118 -4.39705
3.30586 -4.39098
3.30026 -4.38524
3.29353 -4.3808
3.28703 -4.3761
3.28211 -4.36957
3.2758 -4.36465
3.26954 -4.35968
3.26341 -4.35455
3.25782 -4.34879
3.2506 -4.34493
3.24527 -4.33887
3.23901 -4.33389
3.23264 -4.32904
3.2265 -4.32392
3.22096 -4.31811
3.21429 -4.3136
3.20915 -4.30733
3.20295 -4.30228
3.19674 -4.29724
3.19075 -4.29196
3.18413 -4.2874
3.17817 -4.28207
3.1724 -4.27652
3.16647 -4.27116
3.16051 -4.26584
3.15402 -4.26112
3.14766 -4.25627
3.14174 -4.25089
3.13608 -4.24521
3.13021 -4.23978
3.12445 -4.23422
3.11822 -4.22921
3.11138 -4.22491
3.10546 -4.21954
3.0993 -4.21444
3.09318 -4.2093
3.08758 -4.20355
3.08102 -4.19893
3.07578 -4.19276
3.06929 -4.18806
3.06381 -4.18216
3.05779 -4.17691
3.0506 -4.17302
3.04567 -4.16649
3.03955 -4.16135
3.03331 -4.15635
3.02704 -4.15139
3.02022 -4.14706
3.01447 -4.14149
3.00834 -4.13635
3.00262 -4.13075
2.99665 -4.12544
2.99002 -4.12089
2.9845 -4.11506
2.97818 -4.11014
2.97231 -4.10472
2.9662 -4.09956
2.9607 -4.0937
2.95456 -4.08858
2.94748 -4.08456
2.94203 -4.07864
2.93614 -4.07323
2.92979 -4.06835
2.92333 -4.06361
2.9175 -4.05813
2.91124 -4.05316
2.905 -4.04817
2.89892 -4.04297
2.89335 -4.03719
2.88716 -4.03213
2.88145 -4.02652
2.87579 -4.02084
2.8688 -4.01671
2.86259 -4.01168
2.85646 -4.00655
2.85101 -4.00063
2.84478 -3.99562
2.83921 -3.98983
2.8323 -3.98562
2.82614 -3.98052
2.82016 -3.97522
2.81513 -3.96881
2.80891 -3.96378
2.80274 -3.9587
2.79694 -3.95319
2.79001 -3.94899
2.78457 -3.94306
2.77875 -3.93757
2.77212 -3.93303
2.76576 -3.92816
2.76035 -3.92219
2.75416 -3.91714
2.74822 -3.91179
2.7418 -3.907
2.73584 -3.90167
2.72913 -3.89722
2.72312 -3.89194
2.71824 -3.88537
2.71144 -3.88102
2.70549 -3.87568
2.69927 -3.87066
2.69366 -3.86492
2.68769 -3.85961
2.68177 -3.85423
2.67474 -3.85015
2.66922 -3.84431
2.66336 -3.83887
2.65767 -3.83323
2.65147 -3.82818
2.6443 -3.82427
2.63935 -3.81777
2.63216 -3.81387
2.62684 -3.80779
2.62086 -3.80249
2.61463 -3.79747
2.60862 -3.79221
2.60272 -3.78682
2.59664 -3.78163
2.59037 -3.77666
2.58444 -3.7713
2.57864 -3.76579
2.57163 -3.76169
2.56598 -3.75599
2.56062 -3.74997
2.55402 -3.74539
2.54794 -3.7402
2.54181 -3.73508
2.53548 -3.73017
2.53025 -3.724
2.52421 -3.71877
2.51725 -3.7146
2.51197 -3.70848
2.50578 -3.70343
2.49888 -3.6992
2.4935 -3.69319
2.48721 -3.68826
2.48074 -3.68352
2.47469 -3.6783
2.46906 -3.67259
2.46291 -3.66748
2.45679 -3.66234
2.45095 -3.65688
2.44461 -3.65199
2.43916 -3.64607
2.4325 -3.64156
2.4272 -3.63547
2.42054 -3.63095
2.41414 -3.62614
2.40825 -3.62073
2.40283 -3.61477
2.39652 -3.60985
2.39081 -3.60424
2.38437 -3.59947
2.37752 -3.59518
2.37201 -3.58933
2.3664 -3.5836
2.3603 -3.57843
2.35434 -3.5731
2.34787 -3.56838
2.34122 -3.56385
2.33547 -3.55828
2.32904 -3.5535
2.32343 -3.54776
2.31744 -3.54247
2.31174 -3.53685
2.30534 -3.53203
2.29931 -3.52679
2.29386 -3.52086
2.2877 -3.51578
2.28106 -3.51124
2.27527 -3.50571
2.2684 -3.50145
2.2625 -3.49605
2.25739 -3.48973
2.25051 -3.48548
2.24513 -3.47947
2.23874 -3.47465
2.23243 -3.46974
2.22653 -3.46433
2.2209 -3.45863
2.21416 -3.4542
2.20809 -3.44901
2.20227 -3.44352
2.19643 -3.43805
2.19015 -3.43309
2.18477 -3.42709
2.17799 -3.42273
2.17189 -3.41755
2.1664 -3.41169
2.16045 -3.40634
2.15394 -3.40166
2.14801 -3.3963
2.14107 -3.39211
2.13583 -3.38595
2.12919 -3.38142
2.12334 -3.37596
2.11784 -3.37009
2.11204 -3.36458
2.10596 -3.3594
2.09943 -3.35473
2.0929 -3.35008
2.08701 -3.34467
2.08111 -3.33926
2.07493 -3.3342
2.06883 -3.32903
2.06231 -3.32436
2.05641 -3.31896
2.05084 -3.31318
2.04526 -3.30741
2.03851 -3.30301
2.03295 -3.29721
2.02702 -3.29185
2.01998 -3.28778
2.01405 -3.28243
2.00839 -3.27675
2.00277 -3.27102
1.99676 -3.26575
1.98963 -3.26179
1.98396 -3.25612
1.97791 -3.2509
1.97205 -3.24546
1.96653 -3.23962
1.96017 -3.23476
1.95342 -3.23035
1.94786 -3.22456
1.94143 -3.21978
1.93542 -3.21452
1.92892 -3.20982
1.92297 -3.20448
1.91752 -3.19856
1.91102 -3.19386
1.90531 -3.18825
1.89969 -3.18252
1.89279 -3.17829
1.88764 -3.17201
1.88166 -3.16672
1.87473 -3.16251
1.8689 -3.15704
1.86267 -3.15203
1.85664 -3.14678
1.85014 -3.14209
1.84431 -3.13661
1.83831 -3.13133
1.83296 -3.1253
1.82647 -3.12058
1.82081 -3.11491
1.8137 -3.11091
1.80881 -3.10434
1.80183 -3.10021
1.79604 -3.09468
1.7898 -3.08968
1.78423 -3.0839
1.77806 -3.07881
1.77221 -3.07337
1.76586 -3.06849
1.75947 -3.06367
1.75419 -3.05755
1.74727 -3.05334
1.74222 -3.04695
1.73492 -3.04318
1.7292 -3.03758
1.72347 -3.03199
1.71749 -3.02669
1.71146 -3.02144
1.70459 -3.01718
1.69973 -3.01056
1.69282 -3.00634
1.68642 -3.00152
1.681 -2.99557
1.67551 -2.9897
1.66943 -2.98451
1.66299 -2.97974
1.65623 -2.97535
1.6509 -2.96929
1.6446 -2.96436
1.63859 -2.95909
1.63247 -2.95395
1.62606 -2.94914
1.61985 -2.94411
1.614 -2.93866
1.60829 -2.93304
1.60155 -2.92862
1.59582 -2.92303
1.5898 -2.91777
1.58456 -2.91161
1.57772 -2.90731
1.572 -2.90169
1.56633 -2.89603
1.55967 -2.89152
1.55353 -2.88641
1.54777 -2.88085
1.54107 -2.87638
1.53502 -2.87116
1.52999 -2.86475
1.5228 -2.86085
1.51673 -2.85565
1.51069 -2.85042
1.50548 -2.84422
1.49913 -2.83935
1.4936 -2.83352
1.48681 -2.82916
1.48103 -2.82362
1.47478 -2.81864
1.46918 -2.81289
1.46212 -2.80885
1.45687 -2.80269
1.4502 -2.79819
1.44468 -2.79235
1.43875 -2.787
1.43263 -2.78186
1.42617 -2.77711
1.42062 -2.77131
1.41409 -2.76664
1.4084 -2.76099
1.402 -2.75619
1.39636 -2.75049
1.38935 -2.74638
1.38329 -2.74118
1.3772 -2.73599
1.37185 -2.72996
1.36596 -2.72456
1.35962 -2.71967
1.35421 -2.7137
1.34756 -2.70918
1.34196 -2.70344
1.33595 -2.69816
1.32912 -2.69385
1.32299 -2.68872
1.31761 -2.68271
1.31078 -2.67841
1.30445 -2.67351
1.2995 -2.667
1.29327 -2.66199
1.28664 -2.65745
1.28099 -2.65176
1.27532 -2.6461
1.26924 -2.64091
1.26269 -2.63628
1.25723 -2.63037
1.25078 -2.6256
1.24506 -2.62
1.23847 -2.61541
1.23226 -2.61037
1.22684 -2.60442
1.22019 -2.59989
1.21403 -2.5948
1.20765 -2.58997
1.20203 -2.58424
1.19615 -2.57882
1.18938 -2.57443
1.18332 -2.56923
1.17834 -2.56276
1.17115 -2.55886
1.16621 -2.55235
1.15993 -2.5474
1.15293 -2.54329
1.14783 -2.53696
1.14158 -2.53196
1.13531 -2.527
1.12866 -2.52248
1.12331 -2.51643
1.11692 -2.51161
1.11093 -2.50632
1.10547 -2.50041
1.09955 -2.49504
1.09334 -2.49
1.08679 -2.48536
1.08074 -2.48014
1.07448 -2.47516
1.06848 -2.46989
1.06295 -2.46406
1.05646 -2.45935
1.05039 -2.45415
1.04422 -2.44906
1.03841 -2.44357
1.03219 -2.43854
1.02576 -2.43376
1.02063 -2.42747
1.01356 -2.42344
1.00779 -2.41789
1.00251 -2.41177
0.996337 -2.40669
0.989494 -2.40239
0.983593 -2.397
0.9772 -2.39218
0.971216 -2.38688
0.965559 -2.3812
0.959631 -2.37583
0.953006 -2.37128
0.947701 -2.36519
0.941982 -2.35959
0.935333 -2.35506
0.929062 -2.3501
0.923036 -2.34485
0.916947 -2.33967
0.910469 -2.33495
0.90546 -2.32851
0.898613 -2.32422
0.89298 -2.31851
0.886727 -2.31353
0.880881 -2.30807
0.875012 -2.30263
0.868363 -2.29811
0.862415 -2.29277
0.856051 -2.28791
0.850268 -2.28238
0.843737 -2.27772
0.838606 -2.27143
0.832406 -2.26638
0.826554 -2.26093
0.819945 -2.25636
0.81458 -2.25034
0.80842 -2.24524
0.802486 -2.23989
0.795368 -2.23591
0.789673 -2.23027
0.783378 -2.22534
0.777171 -2.2203
0.772045 -2.214
0.765615 -2.20922
0.759418 -2.20417
0.75387 -2.19836
0.747868 -2.19309
0.740669 -2.1892
0.735839 -2.18256
0.729437 -2.17775
0.7237 -2.17216
0.717033 -2.16766
0.711417 -2.16191
0.708706 -2.16004
0.702531 -2.15506
0.696525 -2.14987
0.689959 -2.14539
0.683072 -2.14133
0.677696 -2.13533
0.670773 -2.13131
0.664255 -2.12677
0.658758 -2.12092
0.651985 -2.11671
0.646009 -2.11148
0.639981 -2.10631
0.633531 -2.10169
0.627341 -2.09673
0.621547 -2.09126
0.614661 -2.0872
0.607835 -2.08305
0.602251 -2.07732
0.596026 -2.07241
0.589796 -2.0675
0.583117 -2.06317
0.576732 -2.05846
0.570466 -2.0536
0.564306 -2.0486
0.558238 -2.04349
0.552393 -2.03809
0.545386 -2.03417
0.540143 -2.028
0.532942 -2.02434
0.527184 -2.01883
0.520374 -2.01466
0.514173 -2.00972
0.508054 -2.00467
0.502469 -1.99894
0.496303 -1.99395
0.489335 -1.98999
0.482941 -1.98529
0.477079 -1.97991
0.470874 -1.97497
0.465149 -1.96942
0.458634 -1.96488
0.45211 -1.96034
0.446319 -1.95488
0.439737 -1.95042
0.433091 -1.94605
0.427311 -1.94056
0.421272 -1.93541
0.414384 -1.93135
0.408581 -1.92589
0.402015 -1.92142
0.3963 -1.91585
0.389922 -1.91113
0.382921 -1.90721
0.376972 -1.90194
0.370442 -1.89742
0.364602 -1.89202
0.358004 -1.88758
0.352662 -1.88154
0.345339 -1.87803
0.339262 -1.87293
0.333236 -1.86776
0.327419 -1.86232
0.321487 -1.85703
0.314909 -1.85257
0.308769 -1.84755
0.301703 -1.84371
0.296222 -1.83785
0.290183 -1.83269
0.283642 -1.82819
0.277309 -1.82341
0.271131 -1.81844
0.264109 -1.81454
0.257825 -1.80971
0.252315 -1.80388
0.245646 -1.79953
0.239223 -1.79487
0.233545 -1.78926
0.227239 -1.78445
0.220546 -1.78014
0.214107 -1.7755
0.207828 -1.77065
0.202005 -1.76522
0.195638 -1.76049
0.189479 -1.75549
0.183396 -1.7504
0.176716 -1.74607
0.170534 -1.7411
0.165259 -1.73497
0.15812 -1.73123
0.151608 -1.72668
0.145505 -1.72161
0.139469 -1.71645
0.13287 -1.71202
0.127076 -1.70656
0.120479 -1.70212
0.114298 -1.69715
0.10898 -1.69107
0.101604 -1.68763
0.0961457 -1.68174
0.0894549 -1.67742
0.0828308 -1.67302
0.0771163 -1.66745
0.0709971 -1.6624
0.0652027 -1.65694
0.0588563 -1.65218
0.0515514 -1.64865
0.0453006 -1.64377
0.0391994 -1.6387
0.0336978 -1.63286
0.0267614 -1.62885
0.0210304 -1.62331
0.0146299 -1.61893
0.00664434 -1.61861
-0.00134121 -1.61817
-0.00932677 -1.61818
-0.0173123 -1.6196
-0.0252979 -1.61896
-0.0332834 -1.61836
-0.041269 -1.61819
-0.0492545 -1.61889
-0.0572401 -1.61918
-0.0652257 -1.61771
-0.0732112 -1.61819
-0.0811968 -1.61781
-0.0891823 -1.61832
-0.0971679 -1.61936
-0.105153 -1.61766
-0.113756 -1.61787
-0.119364 -1.62359
-0.124901 -1.62939
-0.131536 -1.63386
-0.138347 -1.63811
-0.143681 -1.64416
-0.149823 -1.64922
-0.156038 -1.6542
-0.16246 -1.65893
-0.168105 -1.6646
-0.175101 -1.66863
-0.181051 -1.67393
-0.186487 -1.67985
-0.192965 -1.68451
-0.199038 -1.68966
-0.206005 -1.69372
-0.21203 -1.69893
-0.218284 -1.70386
-0.224282 -1.70911
-0.22977 -1.71497
-0.236398 -1.71944
-0.242627 -1.7244
-0.248542 -1.72975
-0.254551 -1.73498
-0.261429 -1.73914
-0.266455 -1.74557
-0.27295 -1.75021
-0.279529 -1.75474
-0.285222 -1.76036
-0.291455 -1.76531
-0.297189 -1.77087
-0.304361 -1.77469
-0.309568 -1.78089
-0.315883 -1.78575
-0.322361 -1.79041
-0.328351 -1.79566
-0.334598 -1.8006
-0.340702 -1.80571
-0.346803 -1.81083
-0.353452 -1.81527
-0.359318 -1.82068
-0.365729 -1.82542
-0.370971 -1.83158
-0.377287 -1.83643
-0.384078 -1.84071
-0.389903 -1.84616
-0.39666 -1.85048
-0.401729 -1.85685
-0.408312 -1.86138
-0.414169 -1.8668
-0.42048 -1.87166
-0.426743 -1.87658
-0.432916 -1.88161
-0.439127 -1.88659
-0.445057 -1.89191
-0.452112 -1.89587
-0.457122 -1.90231
-0.463345 -1.90728
-0.469447 -1.9124
-0.475911 -1.91707
-0.482082 -1.9221
-0.488579 -1.92674
-0.494742 -1.93178
-0.50058 -1.93722
-0.50677 -1.94222
-0.513728 -1.9463
-0.519694 -1.95158
-0.525294 -1.9573
-0.531895 -1.96181
-0.537207 -1.96789
-0.543238 -1.97309
-0.549508 -1.978
-0.556189 -1.98241
-0.561957 -1.98793
-0.568941 -1.99198
-0.574013 -1.99835
-0.581203 -2.00214
-0.586948 -2.00769
-0.59352 -2.01223
-0.598694 -2.01847
-0.60549 -2.02274
-0.611152 -2.0284
-0.617151 -2.03364
-0.623691 -2.03822
-0.630211 -2.04282
-0.636542 -2.04766
-0.641692 -2.05394
-0.649094 -2.05747
-0.654257 -2.06373
-0.660572 -2.06858
-0.667437 -2.07277
-0.672647 -2.07897
-0.679404 -2.08329
-0.68581 -2.08803
-0.69111 -2.09413
-0.697631 -2.09873
-0.704138 -2.10335
-0.709606 -2.10924
-0.716381 -2.11354
-0.722102 -2.11912
-0.728747 -2.12357
-0.735155 -2.12831
-0.741323 -2.13335
-0.746422 -2.13968
-0.753423 -2.1437
-0.759639 -2.14868
-0.764896 -2.15482
-0.771448 -2.15939
-0.778028 -2.16393
-0.784184 -2.16897
-0.790582 -2.17373
-0.796606 -2.17894
-0.802223 -2.18465
-0.808488 -2.18956
-0.814443 -2.19486
-0.820526 -2.19998
-0.821303 -2.20129
-0.827766 -2.20606
-0.833517 -2.21162
-0.840002 -2.21637
-0.845143 -2.2226
-0.852147 -2.22678
-0.857918 -2.23232
-0.863574 -2.23798
-0.869233 -2.24364
-0.875041 -2.24914
-0.881697 -2.2537
-0.88728 -2.25944
-0.89309 -2.26493
-0.898787 -2.27055
-0.904944 -2.27566
-0.910065 -2.28192
-0.917166 -2.28599
-0.921965 -2.2926
-0.928572 -2.29721
-0.934942 -2.30209
-0.94062 -2.30773
-0.946101 -2.31358
-0.952711 -2.31819
-0.958221 -2.32402
-0.964374 -2.32913
-0.969683 -2.33518
-0.976155 -2.33994
-0.982336 -2.34503
-0.988209 -2.35045
-0.993783 -2.35621
-0.999742 -2.36154
-1.00547 -2.36712
-1.0108 -2.37314
-1.01722 -2.37796
-1.02269 -2.38383
-1.02856 -2.38926
-1.03455 -2.39456
-1.04129 -2.39903
-1.04644 -2.40524
-1.05317 -2.40972
-1.05872 -2.4155
-1.06504 -2.42044
-1.07086 -2.42592
-1.0763 -2.43182
-1.08284 -2.4365
-1.08837 -2.44231
-1.09444 -2.44752
-1.1008 -2.4524
-1.10662 -2.45788
-1.11275 -2.46302
-1.11762 -2.46956
-1.12372 -2.47473
-1.13042 -2.47924
-1.13612 -2.48485
-1.14236 -2.48988
-1.14796 -2.4956
-1.15368 -2.5012
-1.1591 -2.50712
-1.16489 -2.51264
-1.17156 -2.51718
-1.17742 -2.52262
-1.18373 -2.52756
-1.18959 -2.533
-1.19456 -2.53942
-1.20043 -2.54485
-1.20715 -2.54934
-1.21248 -2.55536
-1.21936 -2.55967
-1.22457 -2.56582
-1.23037 -2.57134
-1.23613 -2.57688
-1.24233 -2.58195
-1.24824 -2.58733
-1.25392 -2.59297
-1.26069 -2.5974
-1.26637 -2.60304
-1.27229 -2.60841
-1.27847 -2.61349
-1.28454 -2.6187
-1.29019 -2.62437
-1.29539 -2.63054
-1.30199 -2.63516
-1.30786 -2.64059
-1.31403 -2.64569
-1.31876 -2.65237
-1.32534 -2.65702
-1.33162 -2.66199
-1.33702 -2.66794
-1.3435 -2.67269
-1.34898 -2.67855
-1.3548 -2.68403
-1.36109 -2.689
-1.36711 -2.69425
-1.37217 -2.70058
-1.37874 -2.70523
-1.38488 -2.71036
-1.39057 -2.71598
-1.39709 -2.7207
-1.40257 -2.72656
-1.4085 -2.73192
-1.41361 -2.73818
-1.42026 -2.74275
-1.42595 -2.74837
-1.43197 -2.75364
-1.43829 -2.75857
-1.44358 -2.76464
-1.45039 -2.76902
-1.45575 -2.77502
-1.46183 -2.78022
-1.4669 -2.78653
-1.47409 -2.7905
-1.47985 -2.79605
-1.48574 -2.80145
-1.49159 -2.8069
-1.4975 -2.81228
-1.50243 -2.81875
-1.5094 -2.82296
-1.51531 -2.82835
-1.52038 -2.83465
-1.52731 -2.83891
-1.53223 -2.84538
-1.53903 -2.84979
-1.54485 -2.85527
-1.54984 -2.86167
-1.55696 -2.86572
-1.56247 -2.87154
-1.56778 -2.87759
-1.57416 -2.88246
-1.58035 -2.88753
-1.58611 -2.89307
-1.59234 -2.89811
-1.59835 -2.90338
-1.60362 -2.90947
-1.60943 -2.91496
-1.61621 -2.91938
-1.62097 -2.92604
-1.62686 -2.93144
-1.63273 -2.93687
-1.63918 -2.94166
-1.64563 -2.94645
-1.65111 -2.9523
-1.65748 -2.95718
-1.66322 -2.96275
-1.66892 -2.96837
-1.67513 -2.97342
-1.68088 -2.97898
-1.68664 -2.98452
-1.69242 -2.99005
-1.69865 -2.99508
-1.70387 -3.00123
-1.71066 -3.00564
-1.71594 -3.01171
-1.72267 -3.0162
-1.72876 -3.02138
-1.73344 -3.02812
-1.7397 -3.03312
-1.74634 -3.0377
-1.75118 -3.04427
-1.7576 -3.04908
-1.763 -3.05502
-1.77025 -3.05893
-1.77505 -3.06554
-1.78111 -3.07076
-1.78732 -3.07581
-1.79284 -3.08162
-1.79912 -3.0866
-1.80549 -3.09148
-1.81144 -3.09681
-1.81711 -3.10247
-1.82256 -3.10836
-1.82919 -3.11294
-1.83434 -3.11916
-1.84011 -3.1247
-1.84677 -3.12926
-1.85229 -3.13507
-1.85786 -3.14083
-1.8645 -3.14541
-1.86975 -3.15152
-1.87684 -3.1556
-1.88181 -3.16202
-1.88839 -3.16667
-1.89336 -3.17309
-1.90048 -3.17714
-1.90545 -3.18355
-1.91154 -3.18874
-1.91804 -3.19348
-1.92311 -3.19979
-1.92891 -3.20528
-1.93595 -3.20942
-1.94144 -3.21528
-1.94762 -3.22036
-1.95072 -3.22296
-1.95061 -3.22306
-1.95008 -3.22358
-1.94959 -3.22414
-1.94914 -3.22472
-1.94872 -3.22533
-1.94834 -3.22597
-1.948 -3.22663
-1.9477 -3.2273
-1.94745 -3.228
-1.94724 -3.22871
-1.94707 -3.22943
-1.94695 -3.23016
-1.94687 -3.2309
-1.94683 -3.23163
-1.94685 -3.23238
-1.94739 -3.24358
-1.94745 -3.2443
-1.94755 -3.24501
-1.94769 -3.24571
-1.94787 -3.24641
-1.9481 -3.24709
-1.94836 -3.24776
-1.94867 -3.24841
-1.94901 -3.24904
-1.94939 -3.24965
-1.94981 -3.25024
-1.97351 -3.28064
-1.97399 -3.2812
-1.97451 -3.28173
-1.97506 -3.28223
-1.97564 -3.28269
-1.97624 -3.28312
-1.97687 -3.28351
-1.97753 -3.28385
-1.9782 -3.28416
-1.9984 -3.29228
-1.99908 -3.29251
-1.99978 -3.2927
-2.01587 -3.29652
-2.01659 -3.29667
-2.01732 -3.29677
-2.01806 -3.29683
-2.0188 -3.29685
-2.01954 -3.29681
-2.02027 -3.29674
-2.021 -3.29661
-2.02172 -3.29644
-2.02243 -3.29623
-2.02312 -3.29598
-2.0238 -3.29568
-2.02446 -3.29534
-2.02509 -3.29496
-2.0257 -3.29455
-2.02629 -3.29409
-2.02657 -3.29385
-2.02957 -3.29659
-2.03635 -3.30102
-2.04246 -3.30618
-2.04733 -3.31271
-2.05323 -3.3181
-2.05942 -3.32318
-2.0659 -3.32794
-2.0714 -3.33377
-2.07715 -3.33933
-2.08337 -3.34437
-2.08989 -3.34909
-2.09507 -3.35527
-2.10115 -3.36047
-2.107 -3.36592
-2.11377 -3.37035
-2.11864 -3.37689
-2.12471 -3.38209
-2.13039 -3.38772
-2.13735 -3.39195
-2.14239 -3.39829
-2.14892 -3.40299
-2.15428 -3.40898
-2.1611 -3.41336
-2.16646 -3.41935
-2.17268 -3.4244
-2.17794 -3.43049
-2.18474 -3.4349
-2.19058 -3.44035
-2.1963 -3.44595
-2.20235 -3.45118
-2.20838 -3.45643
-2.21365 -3.46251
-2.2203 -3.46709
-2.22581 -3.47292
-2.23177 -3.47824
-2.23718 -3.48417
-2.24282 -3.48985
-2.24986 -3.49399
-2.25596 -3.49917
-2.26056 -3.50599
-2.2673 -3.51046
-2.27371 -3.51529
-2.27858 -3.52182
-2.28489 -3.52677
-2.29142 -3.53147
-2.29703 -3.53718
-2.30256 -3.54298
-2.30898 -3.54781
-2.31472 -3.55337
-2.32085 -3.55852
-2.32577 -3.56499
-2.33258 -3.56938
-2.33874 -3.57449
-2.34371 -3.58091
-2.34953 -3.58639
-2.35664 -3.59045
-2.36183 -3.59663
-2.36781 -3.60193
-2.37317 -3.60793
-2.37959 -3.61275
-2.38495 -3.61873
-2.39155 -3.62336
-2.3972 -3.62903
-2.40318 -3.63433
-2.40964 -3.63911
-2.4154 -3.64467
-2.4207 -3.65071
-2.4277 -3.6549
-2.43284 -3.66114
-2.43899 -3.66625
-2.44421 -3.67239
-2.45128 -3.67649
-2.45657 -3.68257
-2.46315 -3.68721
-2.46817 -3.69357
-2.47381 -3.69926
-2.48046 -3.70383
-2.48651 -3.70906
-2.49182 -3.7151
-2.49818 -3.71998
-2.50382 -3.72566
-2.51041 -3.7303
-2.51656 -3.73542
-2.52232 -3.74097
-2.52717 -3.74751
-2.53389 -3.75201
-2.53999 -3.75718
-2.54617 -3.76226
-2.55119 -3.76863
-2.55742 -3.77367
-2.56352 -3.77883
-2.56884 -3.78487
-2.57462 -3.7904
-2.58072 -3.79557
-2.5865 -3.8011
-2.59236 -3.80653
-2.59883 -3.8113
-2.60516 -3.81622
-2.61075 -3.82196
-2.61651 -3.82751
-2.62214 -3.8332
-2.62849 -3.8381
-2.6344 -3.84348
-2.64094 -3.84817
-2.64558 -3.85495
-2.65248 -3.85924
-2.65776 -3.86532
-2.66349 -3.8709
-2.66956 -3.87611
-2.67526 -3.88172
-2.68131 -3.88696
-2.68767 -3.89184
-2.69395 -3.89682
-2.69943 -3.90268
-2.7052 -3.90821
-2.7118 -3.91283
-2.71761 -3.91832
-2.72303 -3.92425
-2.72874 -3.92985
-2.7357 -3.93408
-2.74095 -3.9402
-2.74697 -3.94546
-2.75295 -3.95076
-2.75859 -3.95645
-2.76447 -3.96186
-2.77014 -3.96751
-2.77667 -3.97221
-2.78286 -3.97728
-2.78898 -3.98244
-2.79462 -3.98811
-2.7996 -3.99452
-2.80571 -3.99969
-2.8119 -4.00476
-2.81809 -4.00984
-2.82456 -4.0146
-2.82992 -4.02059
-2.83576 -4.02605
-2.84227 -4.03077
-2.84713 -4.03732
-2.85355 -4.04213
-2.85998 -4.04695
-2.86606 -4.05214
-2.87193 -4.05757
-2.8774 -4.06344
-2.88368 -4.06841
-2.88889 -4.07457
-2.89436 -4.08044
-2.90033 -4.08575
-2.90727 -4.09
-2.9125 -4.09614
-2.91916 -4.10069
-2.92474 -4.10644
-2.92994 -4.1126
-2.93701 -4.11671
-2.94239 -4.12267
-2.94795 -4.12844
-2.95437 -4.13326
-2.95959 -4.13941
-2.96589 -4.14436
-2.97172 -4.14984
-2.97822 -4.15456
-2.98348 -4.16067
-2.9903 -4.16504
-2.99533 -4.1714
-3.00105 -4.17699
-3.00698 -4.18235
-3.01309 -4.18752
-3.01987 -4.19194
-3.02568 -4.19744
-3.03161 -4.20279
-3.0369 -4.20886
-3.04309 -4.21394
-3.04943 -4.21885
-3.05541 -4.22415
-3.06136 -4.22949
-3.06616 -4.2361
-3.07332 -4.24011
-3.07891 -4.24584
-3.08503 -4.25099
-3.09063 -4.25671
-3.09588 -4.26283
-3.10238 -4.26756
-3.10815 -4.2731
-3.11376 -4.27881
-3.12013 -4.28369
-3.12591 -4.28922
-3.13138 -4.29509
-3.13734 -4.30041
-3.14353 -4.30548
-3.14925 -4.31108
-3.1554 -4.3162
-3.16161 -4.32126
-3.16785 -4.32627
-3.17388 -4.33152
-3.17958 -4.33713
-3.18499 -4.34307
-3.19119 -4.34814
-3.19654 -4.35414
-3.20263 -4.35932
-3.20943 -4.36373
-3.21551 -4.36892
-3.2212 -4.37454
-3.2262 -4.38093
-3.2324 -4.386
-3.23813 -4.39157
-3.24474 -4.39618
-3.25038 -4.40187
-3.25696 -4.40652
-3.26277 -4.412
-3.26789 -4.41826
-3.27358 -4.42389
-3.28047 -4.42819
-3.28568 -4.43435
-3.29136 -4.43999
-3.29744 -4.44518
-3.30377 -4.4501
-3.30931 -4.45589
-3.31576 -4.46068
-3.32134 -4.46643
-3.32763 -4.47139
-3.33301 -4.47736
-3.33935 -4.48227
-3.34482 -4.48814
-3.35129 -4.4929
-3.35642 -4.49915
-3.3626 -4.50423
-3.36898 -4.50909
-3.37498 -4.51438
-3.38005 -4.52069
-3.38685 -4.5251
-3.39231 -4.53097
-3.39826 -4.53631
-3.40499 -4.54079
-3.4099 -4.54727
-3.41668 -4.5517
-3.42234 -4.55736
-3.42839 -4.56258
-3.43434 -4.56792
-3.43946 -4.57418
-3.4461 -4.57876
-3.45136 -4.58485
-3.45713 -4.59039
-3.46342 -4.59536
-3.469 -4.60111
-3.47497 -4.60643
-3.4814 -4.61123
-3.48754 -4.61637
-3.4926 -4.62268
-3.49852 -4.62806
-3.50489 -4.63293
-3.51052 -4.63862
-3.5173 -4.64305
-3.52289 -4.64878
-3.52916 -4.65378
-3.53452 -4.65976
-3.5408 -4.66474
-3.54651 -4.67034
-3.55243 -4.67571
-3.55774 -4.68176
-3.56485 -4.68582
-3.57052 -4.69146
-3.5767 -4.69655
-3.58234 -4.70223
-3.58746 -4.70849
-3.59444 -4.7127
-3.59943 -4.71909
-3.60593 -4.72383
-3.61164 -4.72942
-3.61822 -4.73407
-3.62294 -4.74077
-3.62996 -4.74492
-3.63478 -4.75151
-3.641 -4.75655
-3.64751 -4.76128
-3.6533 -4.76679
-3.65961 -4.77174
-3.66481 -4.7779
-3.6712 -4.78275
-3.67723 -4.78801
-3.68219 -4.79444
-3.68811 -4.79981
-3.69461 -4.80454
-3.69997 -4.81053
-3.70734 -4.81517
-3.70659 -4.82281
-3.70802 -4.83078
-3.70642 -4.83876
-3.70679 -4.84673
-3.70746 -4.85471
-3.70696 -4.86268
-3.7068 -4.87066
-3.70661 -4.87863
-3.70644 -4.88661
-3.70722 -4.89458
-3.70679 -4.90256
-3.70779 -4.91053
-3.70736 -4.9185
-3.70787 -4.92647
-3.70777 -4.93445
-3.70853 -4.94242
-3.70717 -4.9504
-3.70701 -4.95838
-3.70806 -4.96635
-3.70699 -4.97433
-3.70779 -4.9823
-3.7081 -4.99027
-3.70791 -4.99824
-3.70864 -5.00622
-3.70726 -5.0142
-3.70869 -5.02216
-3.70855 -5.03014
-3.70775 -5.03812
-3.70725 -5.04609
-3.70822 -5.05406
-3.70783 -5.06204
-3.70799 -5.07001
-3.70848 -5.07799
-3.7078 -5.08596
-3.7081 -5.09394
-3.70737 -5.10191
-3.70753 -5.10989
-3.70804 -5.11786
-3.70761 -5.12584
-3.70917 -5.13381
-3.70745 -5.14179
-3.70789 -5.14976
-3.70914 -5.15773
-3.70849 -5.16571
-3.70809 -5.17365
-3.70811 -5.18041
-3.70226 -5.18581
-3.69681 -5.19165
-3.69016 -5.19616
-3.68401 -5.20123
-3.67887 -5.20741
-3.67331 -5.21312
-3.66628 -5.21723
-3.66067 -5.22289
-3.65497 -5.22845
-3.64873 -5.23342
-3.64362 -5.23962
-3.63792 -5.24519
-3.6308 -5.24919
-3.62578 -5.2555
-3.62008 -5.26106
-3.61408 -5.26629
-3.60841 -5.27188
-3.60184 -5.27649
-3.59675 -5.28273
-3.59044 -5.28761
-3.58478 -5.29322
-3.5782 -5.29781
-3.57205 -5.30289
-3.56712 -5.30929
-3.56136 -5.31479
-3.55455 -5.31913
-3.54844 -5.32424
-3.54352 -5.33066
-3.53691 -5.33521
-3.53064 -5.34015
-3.52577 -5.34663
-3.52017 -5.3523
-3.51401 -5.35735
-3.50756 -5.36209
-3.50204 -5.36785
-3.49564 -5.37265
-3.49027 -5.37857
-3.48468 -5.38426
-3.47812 -5.38887
-3.47191 -5.39387
-3.46696 -5.40025
-3.46008 -5.40452
-3.45482 -5.41057
-3.44907 -5.41607
-3.44357 -5.42185
-3.43681 -5.42625
-3.43155 -5.4323
-3.42473 -5.43663
-3.41898 -5.44213
-3.41291 -5.44729
-3.40795 -5.45367
-3.40475 -5.45599
-3.40433 -5.45558
-3.40377 -5.4551
-3.40318 -5.45465
-3.40256 -5.45423
-3.40192 -5.45386
-3.40125 -5.45353
-3.40057 -5.45323
-3.39987 -5.45299
-3.39915 -5.45278
-3.39843 -5.45262
-3.39769 -5.45251
-3.39695 -5.45244
-3.39621 -5.45241
-3.38541 -5.45242
-3.38469 -5.45244
-3.38398 -5.4525
-3.38327 -5.45261
-3.38257 -5.45276
-3.38188 -5.45295
-3.3812 -5.45318
-3.38054 -5.45345
-3.3799 -5.45376
-3.37927 -5.4541
-3.35299 -5.47069
-3.35239 -5.47112
-3.35181 -5.47158
-3.34452 -5.47787
-3.34397 -5.47837
-3.34345 -5.47891
-3.34297 -5.47948
-3.34253 -5.48007
-3.34212 -5.48069
-3.34175 -5.48134
-3.32602 -5.51142
-3.32568 -5.51209
-3.32539 -5.51277
-3.32514 -5.51348
-3.32494 -5.51419
-3.32478 -5.51492
-3.32466 -5.51565
-3.3246 -5.51639
-3.32457 -5.51714
-3.3246 -5.51788
-3.32467 -5.51862
-3.32478 -5.51936
-3.32494 -5.52008
-3.32515 -5.5208
-3.3254 -5.5215
-3.32569 -5.52218
-3.32602 -5.52285
-3.3264 -5.52349
-3.32681 -5.52411
-3.32726 -5.5247
-3.32775 -5.52526
-3.32827 -5.52579
-3.32828 -5.52581
-3.32828 -5.52581
-3.32569 -5.52883
-3.31982 -5.5342
-3.31357 -5.53916
-3.30757 -5.54439
-3.30204 -5.55014
-3.29537 -5.55463
-3.28934 -5.55983
-3.28444 -5.56628
-3.27777 -5.57077
-3.27268 -5.577
-3.2656 -5.58104
-3.26072 -5.58751
-3.25487 -5.59291
-3.24868 -5.59793
-3.24297 -5.60349
-3.23636 -5.60804
-3.23065 -5.61359
-3.22447 -5.61862
-3.21887 -5.62429
-3.2126 -5.62923
-3.20694 -5.63484
-3.20086 -5.63999
-3.19527 -5.64567
-3.18917 -5.65078
-3.18313 -5.65598
-3.17814 -5.66232
-3.17178 -5.66715
-3.1665 -5.67317
-3.15957 -5.67739
-3.1545 -5.68364
-3.14866 -5.68905
-3.14237 -5.69397
-3.13715 -5.70006
-3.13107 -5.70519
-3.12418 -5.70945
-3.11866 -5.71521
-3.11308 -5.7209
-3.1075 -5.7266
-3.1007 -5.73095
-3.09548 -5.73704
-3.08907 -5.74182
-3.08354 -5.74757
-3.07749 -5.75274
-3.07165 -5.75815
-3.06581 -5.76357
-3.06042 -5.76946
-3.05369 -5.77389
-3.04789 -5.77934
-3.04168 -5.78434
-3.03682 -5.79083
-3.03103 -5.7963
-3.02431 -5.80073
-3.019 -5.80673
-3.01223 -5.81111
-3.00705 -5.81725
-3.00133 -5.82278
-2.99537 -5.82806
-2.98961 -5.83355
-2.98361 -5.83879
-2.97737 -5.84375
-2.97112 -5.84872
-2.96611 -5.8551
-2.96081 -5.8579
-2.96017 -5.85834
-2.9528 -5.86148
-2.94513 -5.8637
-2.93768 -5.86662
-2.9301 -5.86911
-2.92219 -5.87062
-2.91476 -5.87359
-2.90709 -5.8758
-2.89957 -5.8785
-2.89208 -5.88129
-2.88446 -5.88367
-2.87661 -5.88535
-2.86942 -5.88903
-2.86176 -5.89129
-2.85414 -5.89368
-2.84618 -5.89502
-2.83907 -5.89896
-2.83098 -5.89993
-2.82347 -5.90262
-2.81614 -5.90591
-2.80825 -5.90746
-2.80099 -5.91094
-2.79329 -5.91308
-2.78567 -5.91547
-2.77809 -5.91798
-2.77031 -5.91986
-2.76312 -5.92356
-2.75508 -5.92465
-2.74781 -5.9281
-2.74022 -5.9306
-2.73246 -5.93253
-2.72495 -5.93526
-2.71739 -5.93783
-2.70996 -5.94078
-2.70223 -5.94285
-2.69461 -5.94523
-2.68682 -5.94709
-2.67942 -5.95014
-2.67199 -5.9531
-2.664 -5.95436
-2.65694 -5.95846
-2.64931 -5.96082
-2.64171 -5.96326
-2.63418 -5.96591
-2.62605 -5.96674
-2.61904 -5.97098
-2.61087 -5.97168
-2.60368 -5.97538
-2.59621 -5.97821
-2.58811 -5.97913
-2.58052 -5.98162
-2.57338 -5.98548
-2.56589 -5.98824
-2.55792 -5.98955
-2.55073 -5.99326
-2.54276 -5.99457
-2.5352 -5.99712
-2.52786 -6.00038
-2.52006 -6.0022
-2.51244 -6.00459
-2.50504 -6.00764
-2.49716 -6.00924
-2.48955 -6.01164
-2.48189 -6.01392
-2.47434 -6.0165
-2.46698 -6.01968
-2.45947 -6.02239
-2.45191 -6.02496
-2.44445 -6.02785
-2.43659 -6.02948
-2.42927 -6.0328
-2.42123 -6.0339
-2.41366 -6.03642
-2.40603 -6.03877
-2.39859 -6.04171
-2.3909 -6.04389
-2.3832 -6.04601
-2.37593 -6.04948
-2.36858 -6.05268
-2.36096 -6.05506
-2.35314 -6.05684
-2.34557 -6.05936
-2.33785 -6.06146
-2.33006 -6.06331
-2.32292 -6.06717
-2.31543 -6.06995
-2.30783 -6.0724
-2.29989 -6.07378
-2.29246 -6.07676
-2.2845 -6.0781
-2.2774 -6.08206
-2.26979 -6.08447
-2.26204 -6.08648
-2.25419 -6.08814
-2.24672 -6.09098
-2.239 -6.09307
-2.23146 -6.09568
-2.22388 -6.09819
-2.21676 -6.1021
-2.20901 -6.10411
-2.20128 -6.10614
-2.1935 -6.10803
-2.18616 -6.11129
-2.1785 -6.11353
-2.17077 -6.11557
