1.9992 -6.11831
2.0066 -6.11527
2.01368 -6.11149
2.0214 -6.10922
2.02875 -6.10607
2.03572 -6.10202
2.0437 -6.10036
2.05084 -6.0967
2.05835 -6.09394
2.06548 -6.09028
2.07265 -6.0867
2.08039 -6.08447
2.0878 -6.08145
2.09472 -6.07728
2.10247 -6.07509
2.10993 -6.0722
2.11684 -6.068
2.1241 -6.06463
2.13146 -6.0615
2.13936 -6.05968
2.1466 -6.05625
2.15368 -6.05247
2.16152 -6.05049
2.16883 -6.04722
2.17587 -6.04335
2.18341 -6.04065
2.19072 -6.0374
2.19792 -6.0339
2.20551 -6.03131
2.21296 -6.02841
2.2203 -6.02522
2.22729 -6.02123
2.2348 -6.01846
2.24271 -6.01663
2.24985 -6.01298
2.25724 -6.00994
2.2642 -6.00586
2.27198 -6.00373
2.27934 -6.0006
2.28688 -5.99789
2.29379 -5.99371
2.30121 -5.99072
2.30848 -5.98739
2.31644 -5.98568
2.3235 -5.98183
2.33047 -5.97779
2.33826 -5.97569
2.34525 -5.97168
2.35324 -5.97004
2.36018 -5.96593
2.36785 -5.96353
2.37514 -5.96024
2.38223 -5.95647
2.3894 -5.95289
2.397 -5.95034
2.40479 -5.94823
2.41194 -5.94461
2.41902 -5.94082
2.42661 -5.93823
2.43426 -5.9358
2.441 -5.93121
2.44902 -5.92963
2.45623 -5.92616
2.46369 -5.92326
2.47107 -5.92019
2.47819 -5.9165
2.48573 -5.91378
2.49284 -5.91006
2.50006 -5.90662
2.50755 -5.90379
2.51472 -5.90021
2.52266 -5.89848
2.52996 -5.89521
2.53704 -5.89141
2.54477 -5.88915
2.55205 -5.88584
2.55891 -5.88154
2.56649 -5.87892
2.57431 -5.87689
2.58163 -5.87366
2.58904 -5.87066
2.596 -5.86659
2.60336 -5.86345
2.61107 -5.86117
2.61857 -5.85837
2.62519 -5.85349
2.63305 -5.85155
2.64036 -5.8483
2.64778 -5.84531
2.65487 -5.84156
2.66265 -5.83942
2.66987 -5.83596
2.67741 -5.83326
2.68436 -5.82915
2.69157 -5.82595
2.69381 -5.82477
2.69949 -5.81978
2.70485 -5.81445
2.71139 -5.80981
2.7164 -5.80352
2.72249 -5.79839
2.72935 -5.79409
2.7352 -5.78871
2.74077 -5.78302
2.74628 -5.77726
2.75247 -5.77224
2.75763 -5.76611
2.76392 -5.7612
2.77006 -5.75613
2.77603 -5.75087
2.78121 -5.74476
2.78739 -5.73973
2.79263 -5.73368
2.79888 -5.72873
2.80402 -5.72258
2.80999 -5.71732
2.81633 -5.71246
2.82152 -5.70635
2.82822 -5.7019
2.83418 -5.69663
2.83932 -5.69047
2.84592 -5.6859
2.85187 -5.68062
2.85692 -5.67437
2.86271 -5.66891
2.86918 -5.6642
2.8742 -5.65792
2.88104 -5.6536
2.88684 -5.64815
2.89289 -5.64299
2.89788 -5.63667
2.90417 -5.63176
2.91001 -5.62636
2.91528 -5.62035
2.92202 -5.61592
2.92699 -5.60958
2.93317 -5.60455
2.93892 -5.59906
2.94502 -5.59394
2.95137 -5.5891
2.95591 -5.58229
2.96229 -5.57748
2.96847 -5.57245
2.97403 -5.56674
2.97997 -5.56146
2.98534 -5.55555
2.99178 -5.5508
2.99696 -5.5447
3.00351 -5.54006
3.00933 -5.53465
3.01443 -5.52845
3.02033 -5.52311
3.02601 -5.51754
3.03254 -5.5129
3.03902 -5.50819
3.04487 -5.5028
3.04944 -5.49603
3.05609 -5.4915
3.06209 -5.48628
3.06722 -5.48012
3.0739 -5.47563
3.07964 -5.47012
3.08517 -5.46439
3.09103 -5.45901
3.09732 -5.4541
3.10276 -5.44827
3.1084 -5.44266
3.11363 -5.4366
3.11982 -5.43158
3.12608 -5.42664
3.13157 -5.42086
3.13821 -5.41633
3.14354 -5.41038
3.14915 -5.40473
3.15495 -5.39929
3.16082 -5.39393
3.16702 -5.38892
3.17335 -5.38406
3.17807 -5.37744
3.18423 -5.3724
3.19041 -5.36737
3.19631 -5.36204
3.20147 -5.3559
3.20821 -5.35147
3.21299 -5.34493
3.2192 -5.33994
3.22585 -5.33541
3.23178 -5.33012
3.23678 -5.32381
3.2431 -5.31893
3.24862 -5.31318
3.25473 -5.30807
3.26092 -5.30305
3.26682 -5.29773
3.27264 -5.29231
3.27804 -5.28643
3.2832 -5.2803
3.28939 -5.27528
3.29566 -5.27034
3.30062 -5.26399
3.30747 -5.25969
3.3134 -5.25439
3.3187 -5.24841
3.32409 -5.24253
3.33108 -5.23837
3.33657 -5.2326
3.34244 -5.22724
3.34795 -5.22148
3.35362 -5.21589
3.35983 -5.2109
3.36499 -5.20477
3.37182 -5.20044
3.37708 -5.19441
3.38306 -5.18917
3.38919 -5.18409
3.39462 -5.17824
3.40105 -5.17349
3.40626 -5.1674
3.41265 -5.1626
3.41794 -5.15661
3.42449 -5.15198
3.42978 -5.14599
3.43524 -5.14018
3.44211 -5.13589
3.44801 -5.13039
3.44915 -5.12603
3.45271 -5.12172
3.45644 -5.11754
3.46019 -5.11337
3.46319 -5.10801
3.4673 -5.10342
3.47124 -5.0987
3.47343 -5.0929
3.47665 -5.0899
3.47789 -5.08591
3.47846 -5.08152
3.48045 -5.07772
3.48053 -5.06977
3.47955 -5.06182
3.47969 -5.05386
3.48016 -5.04591
3.4803 -5.03795
3.48042 -5.03
3.47973 -5.02205
3.4793 -5.0141
3.48032 -5.00614
3.48009 -4.99819
3.481 -4.99023
3.47999 -4.98228
3.48012 -4.97433
3.47978 -4.96638
3.48025 -4.95842
3.48011 -4.95047
3.48071 -4.94251
3.47956 -4.93456
3.47976 -4.92661
3.47903 -4.91866
3.47926 -4.9107
3.47985 -4.90275
3.48014 -4.89479
3.47957 -4.88684
3.47895 -4.87889
3.47949 -4.87094
3.48 -4.86298
3.47978 -4.85503
3.47877 -4.84708
3.47889 -4.83913
3.47962 -4.83117
3.47839 -4.82322
3.47933 -4.81526
3.47944 -4.80726
3.4768 -4.80045
3.47647 -4.79311
3.47441 -4.7872
3.47244 -4.78126
3.46989 -4.7755
3.46645 -4.77017
3.46424 -4.76424
3.4617 -4.75824
3.45523 -4.75347
3.4489 -4.74856
3.44346 -4.74264
3.43768 -4.73711
3.43151 -4.73202
3.42626 -4.72589
3.41989 -4.72102
3.41357 -4.71609
3.40825 -4.71004
3.40132 -4.70579
3.39632 -4.69938
3.39053 -4.69387
3.38368 -4.68953
3.37824 -4.68362
3.37242 -4.67813
3.36553 -4.67383
3.35972 -4.66834
3.35413 -4.66259
3.34896 -4.65638
3.34275 -4.65132
3.33644 -4.64638
3.33109 -4.64038
3.32471 -4.63551
3.31822 -4.63076
3.31293 -4.62469
3.3061 -4.62033
3.30112 -4.6139
3.29433 -4.60949
3.28893 -4.60353
3.28271 -4.59849
3.2764 -4.59356
3.27092 -4.58769
3.26552 -4.58174
3.25853 -4.57755
3.25311 -4.57162
3.24754 -4.56585
3.24137 -4.56075
3.23463 -4.55629
3.22866 -4.55097
3.22319 -4.54509
3.21708 -4.53992
3.21193 -4.53369
3.20606 -4.52826
3.20001 -4.52303
3.19321 -4.51863
3.18745 -4.51308
3.18184 -4.50736
3.17584 -4.50207
3.17024 -4.49634
3.16386 -4.49147
3.15851 -4.48546
3.15254 -4.48014
3.14577 -4.47571
3.13977 -4.47042
3.13406 -4.46481
3.12854 -4.45899
3.1223 -4.45397
3.11601 -4.449
3.11054 -4.44312
3.1041 -4.43833
3.0989 -4.43215
3.09278 -4.427
3.08686 -4.42162
3.08115 -4.41601
3.07401 -4.412
3.06859 -4.40607
3.0631 -4.40021
3.05745 -4.39453
3.05147 -4.38922
3.04427 -4.38527
3.03832 -4.37993
3.03248 -4.37446
3.02654 -4.36911
3.0212 -4.36309
3.01498 -4.35804
3.00864 -4.35313
3.00316 -4.34727
2.99759 -4.3415
2.99096 -4.33692
2.98555 -4.33097
2.97995 -4.32524
2.97403 -4.31986
2.96699 -4.31574
2.9614 -4.30999
2.9556 -4.30448
2.94921 -4.29963
2.94396 -4.29351
2.93847 -4.28765
2.93155 -4.28338
2.92632 -4.27724
2.9194 -4.27298
2.91359 -4.26748
2.90836 -4.26134
2.90226 -4.25617
2.89649 -4.25062
2.89027 -4.24557
2.8845 -4.24003
2.87811 -4.23518
2.87208 -4.22993
2.86651 -4.22416
2.86037 -4.21903
2.85509 -4.21294
2.84793 -4.20894
2.84312 -4.20233
2.83701 -4.19716
2.83046 -4.19249
2.82538 -4.18618
2.8193 -4.18098
2.81253 -4.17656
2.80658 -4.1712
2.80121 -4.16523
2.79544 -4.15968
2.78855 -4.15538
2.78301 -4.14958
2.77666 -4.14469
2.77191 -4.13801
2.76492 -4.13382
2.75998 -4.12735
2.75347 -4.12263
2.748 -4.11675
2.74125 -4.1123
2.7359 -4.10629
2.73024 -4.10063
2.72398 -4.09563
2.71811 -4.09019
2.71164 -4.08543
2.70616 -4.07957
2.6993 -4.07524
2.69443 -4.06869
2.68785 -4.06405
2.68195 -4.05865
2.67608 -4.05322
2.67045 -4.04752
2.66362 -4.04316
2.65851 -4.03688
2.6521 -4.03205
2.64659 -4.02622
2.63973 -4.02189
2.63429 -4.01598
2.62828 -4.0107
2.62291 -4.00471
2.61713 -3.99918
2.61114 -3.99389
2.60463 -3.98916
2.59905 -3.98341
2.59233 -3.97892
2.58749 -3.97234
2.58056 -3.96809
2.5754 -3.96187
2.56867 -3.95739
2.56313 -3.9516
2.55761 -3.94578
2.55146 -3.94065
2.54463 -3.93629
2.53972 -3.92979
2.53384 -3.92437
2.52751 -3.91944
2.52114 -3.91458
2.5159 -3.90844
2.50926 -3.90386
2.50344 -3.89837
2.49762 -3.89289
2.49157 -3.88766
2.48633 -3.88153
2.47918 -3.87751
2.47428 -3.87101
2.46819 -3.86581
2.46227 -3.86044
2.45546 -3.85606
2.44958 -3.85064
2.44387 -3.84502
2.4377 -3.83993
2.43283 -3.83338
2.42645 -3.82852
2.42029 -3.82341
2.41442 -3.81798
2.40807 -3.81308
2.40261 -3.80719
2.39603 -3.80255
2.39067 -3.79655
2.3851 -3.79078
2.37871 -3.78593
2.37267 -3.78069
2.36611 -3.77603
2.36076 -3.77001
2.35544 -3.76397
2.34856 -3.75966
2.34324 -3.75362
2.33709 -3.74849
2.33119 -3.7431
2.32547 -3.7375
2.31973 -3.73192
2.31343 -3.72697
2.30761 -3.72148
2.30116 -3.71669
2.29564 -3.71087
2.28973 -3.70549
2.284 -3.6999
2.27766 -3.69499
2.27149 -3.68989
2.2656 -3.68448
2.25975 -3.67902
2.25389 -3.67359
2.24719 -3.66908
2.2415 -3.66345
2.23619 -3.65739
2.23006 -3.65225
2.22342 -3.64767
2.21756 -3.64223
2.21266 -3.63572
2.20592 -3.63126
2.19955 -3.62638
2.19382 -3.62079
2.18836 -3.6149
2.18282 -3.6091
2.17629 -3.6044
2.16997 -3.59947
2.1641 -3.59405
2.15798 -3.58889
2.15232 -3.58322
2.14612 -3.57816
2.14066 -3.57227
2.13489 -3.56673
2.12928 -3.56101
2.12262 -3.55646
2.11647 -3.55133
2.11138 -3.54503
2.10502 -3.54014
2.09929 -3.53456
2.09252 -3.53012
2.08759 -3.52365
2.08177 -3.51816
2.07484 -3.51391
2.06994 -3.5074
2.06399 -3.50206
2.05805 -3.4967
2.05109 -3.49249
2.04541 -3.48684
2.03889 -3.48214
2.03312 -3.47659
2.02725 -3.47116
2.02175 -3.46532
2.01553 -3.46027
2.00953 -3.45498
2.00352 -3.44971
1.99851 -3.44332
1.99228 -3.43828
1.98585 -3.43348
1.97996 -3.42807
1.97415 -3.42256
1.9684 -3.417
1.9627 -3.41139
1.95615 -3.40671
1.9503 -3.40125
1.94483 -3.39538
1.93824 -3.39074
1.93203 -3.38569
1.92685 -3.37949
1.92054 -3.37455
1.91473 -3.36905
1.90864 -3.36386
1.90234 -3.35891
1.89675 -3.35317
1.89098 -3.34763
1.8851 -3.3422
1.87908 -3.33694
1.87283 -3.33193
1.86676 -3.32672
1.86066 -3.32154
1.85495 -3.31594
1.84877 -3.31085
1.84279 -3.30553
1.8368 -3.30023
1.83157 -3.29409
1.8254 -3.289
1.81974 -3.28333
1.81354 -3.27827
1.80722 -3.27333
1.80172 -3.26749
1.79583 -3.26208
1.79017 -3.25642
1.78359 -3.25177
1.77778 -3.24627
1.77242 -3.24028
1.76586 -3.23561
1.7599 -3.23028
1.75378 -3.22513
1.74843 -3.21912
1.7421 -3.21419
1.73666 -3.20829
1.72962 -3.20415
1.72369 -3.19879
1.7189 -3.19216
1.71227 -3.18757
1.70644 -3.1821
1.69994 -3.17736
1.69485 -3.17106
1.68907 -3.16553
1.68223 -3.16118
1.67672 -3.15534
1.67104 -3.1497
1.66538 -3.14404
1.6592 -3.13895
1.65292 -3.13398
1.64684 -3.12878
1.64093 -3.12339
1.63471 -3.11834
1.62852 -3.11327
1.62265 -3.10784
1.61768 -3.1014
1.61055 -3.09737
1.60488 -3.09172
1.59981 -3.08539
1.59395 -3.07996
1.58722 -3.07548
1.5812 -3.07021
1.57529 -3.06483
1.56954 -3.05927
1.56428 -3.05315
1.5572 -3.04906
1.552 -3.04289
1.54574 -3.03789
1.53942 -3.03296
1.53412 -3.0269
1.52791 -3.02184
1.52216 -3.01628
1.51627 -3.01087
1.5106 -3.00521
1.50437 -3.00017
1.4983 -2.99497
1.49192 -2.99011
1.48682 -2.98382
1.48085 -2.9785
1.47455 -2.97354
1.46791 -2.96897
1.46243 -2.96311
1.45718 -2.95698
1.45012 -2.95287
1.44416 -2.94754
1.43886 -2.94148
1.43213 -2.937
1.42741 -2.93029
1.42073 -2.92576
1.41445 -2.92078
1.40848 -2.91546
1.40343 -2.90912
1.39752 -2.90373
1.39126 -2.89873
1.38541 -2.89328
1.37908 -2.88836
1.37335 -2.88277
1.36762 -2.87719
1.3619 -2.87159
1.35551 -2.86674
1.34902 -2.86199
1.34383 -2.8558
1.33782 -2.85052
1.3318 -2.84526
1.32628 -2.83944
1.32018 -2.83426
1.31373 -2.82947
1.30788 -2.82402
1.30209 -2.81849
1.29659 -2.81266
1.28996 -2.80807
1.28408 -2.80264
1.27742 -2.7981
1.27171 -2.79249
1.26634 -2.78649
1.26011 -2.78147
1.2542 -2.77608
1.24808 -2.77093
1.24223 -2.76547
1.23647 -2.75991
1.23044 -2.75467
1.22422 -2.74962
1.21817 -2.74439
1.21306 -2.73812
1.20622 -2.73376
1.201 -2.7276
1.19414 -2.72327
1.18936 -2.71663
1.18322 -2.7115
1.17682 -2.70665
1.17145 -2.70067
1.16483 -2.69607
1.15886 -2.69075
1.15311 -2.68518
1.14745 -2.67951
1.14169 -2.67396
1.13514 -2.66929
1.12941 -2.6637
1.12325 -2.65859
1.11798 -2.65249
1.11161 -2.64761
1.10574 -2.64219
1.10007 -2.63653
1.0936 -2.63176
1.08815 -2.62586
1.08141 -2.6214
1.07637 -2.61505
1.06953 -2.61069
1.06413 -2.60474
1.05733 -2.60035
1.05227 -2.59401
1.04653 -2.58843
1.03958 -2.58421
1.0344 -2.578
1.02869 -2.5724
1.02165 -2.56826
1.01646 -2.56207
1.01024 -2.55703
1.004 -2.55202
0.99875 -2.54589
0.993128 -2.54018
0.98667 -2.5354
0.98029 -2.53054
0.975031 -2.52443
0.969123 -2.51904
0.962925 -2.51397
0.956253 -2.50943
0.950642 -2.50371
0.945396 -2.49758
0.938806 -2.49295
0.93276 -2.48772
0.926523 -2.4827
0.921085 -2.47678
0.91464 -2.47199
0.909564 -2.46567
0.90299 -2.46103
0.897347 -2.45534
0.891039 -2.4504
0.884865 -2.4453
0.879867 -2.4389
0.873868 -2.43361
0.867903 -2.42829
0.862159 -2.42271
0.855634 -2.41801
0.849191 -2.41322
0.843849 -2.4072
0.837693 -2.40208
0.832328 -2.39609
0.825737 -2.39146
0.820106 -2.38576
0.81375 -2.38087
0.808494 -2.37476
0.802126 -2.36988
0.796094 -2.36463
0.789854 -2.35961
0.783855 -2.35432
0.778028 -2.34884
0.771785 -2.34382
0.76628 -2.33798
0.760515 -2.33243
0.754643 -2.327
0.748753 -2.3216
0.742399 -2.3167
0.736461 -2.31135
0.73119 -2.30525
0.725305 -2.29983
0.718803 -2.2951
0.713045 -2.28955
0.707191 -2.2841
0.700454 -2.27963
0.694668 -2.2741
0.688776 -2.2687
0.683692 -2.26239
0.677045 -2.25782
0.671752 -2.25175
0.665894 -2.2463
0.660049 -2.24084
0.653345 -2.23634
0.647691 -2.23067
0.642102 -2.22492
0.635375 -2.22045
0.62949 -2.21503
0.62327 -2.20999
0.618368 -2.20348
0.612429 -2.19812
0.605189 -2.19422
0.600086 -2.18793
0.594163 -2.18255
0.588294 -2.17816
0.582485 -2.17375
0.576913 -2.16797
0.570909 -2.16272
0.564604 -2.15784
0.55876 -2.15239
0.551647 -2.1485
0.546 -2.14281
0.539562 -2.13809
0.533351 -2.1331
0.527309 -2.12789
0.521148 -2.12283
0.515399 -2.11727
0.50839 -2.11325
0.503102 -2.10712
0.496727 -2.10233
0.490013 -2.09795
0.48405 -2.09265
0.477717 -2.0878
0.472419 -2.08168
0.465494 -2.07756
0.460089 -2.07158
0.453898 -2.06655
0.447237 -2.06211
0.440545 -2.0577
0.434778 -2.05216
0.428462 -2.04729
0.422007 -2.04259
0.41567 -2.03775
0.409666 -2.0325
0.403635 -2.02728
0.398215 -2.02132
0.391495 -2.01694
0.385898 -2.01119
0.378732 -2.00737
0.372581 -2.0023
0.367462 -1.99596
0.360854 -1.99145
0.354229 -1.98696
0.347835 -1.98219
0.342591 -1.97601
0.336525 -1.97083
0.329219 -1.96718
0.323695 -1.96134
0.317268 -1.95661
0.311716 -1.9508
0.304616 -1.94689
0.298348 -1.94197
0.293272 -1.93558
0.285969 -1.93192
0.279829 -1.92684
0.274694 -1.92052
0.267978 -1.91614
0.261986 -1.91088
0.25564 -1.90605
0.249976 -1.90038
0.243664 -1.89551
0.237579 -1.89035
0.231232 -1.88552
0.224255 -1.88146
0.218336 -1.87611
0.213046 -1.86998
0.205783 -1.86628
0.199721 -1.8611
0.194347 -1.85508
0.188345 -1.84982
0.181652 -1.84542
0.174902 -1.84108
0.168923 -1.8358
0.162746 -1.83076
0.15752 -1.82456
0.150223 -1.82089
0.144947 -1.81475
0.13854 -1.80999
0.132384 -1.80493
0.126164 -1.79994
0.119712 -1.79524
0.113229 -1.79057
0.108062 -1.7843
0.101191 -1.78011
0.0947866 -1.77535
0.0893082 -1.76945
0.082956 -1.76463
0.0769717 -1.75936
0.0701674 -1.75509
0.0646554 -1.74923
0.0584076 -1.74428
0.0513896 -1.74027
0.0455397 -1.73483
0.0392635 -1.72992
0.033702 -1.72412
0.0269618 -1.71977
0.021091 -1.71436
0.0145646 -1.70975
0.00862372 -1.70442
0.00290742 -1.69882
-0.00413786 -1.69484
-0.00953602 -1.68885
-0.0160077 -1.68417
-0.0227306 -1.6798
-0.0288951 -1.67475
-0.0350689 -1.66971
-0.0411019 -1.66449
-0.0471626 -1.65931
-0.0524661 -1.6532
-0.0586554 -1.64818
-0.0654851 -1.64394
-0.0713183 -1.63848
-0.0771504 -1.63302
-0.0843014 -1.62917
-0.0905792 -1.62426
-0.0962665 -1.61795
-0.1041 -1.61918
-0.111933 -1.61806
-0.119767 -1.61764
-0.1276 -1.61774
-0.135433 -1.61904
-0.143267 -1.61833
-0.1511 -1.61809
-0.158933 -1.61919
-0.166767 -1.61791
-0.1746 -1.61827
-0.182433 -1.61899
-0.190267 -1.61779
-0.1981 -1.61919
-0.205933 -1.61881
-0.213767 -1.618
-0.222079 -1.61801
-0.22806 -1.62325
-0.233519 -1.62915
-0.240753 -1.6328
-0.246747 -1.63802
-0.253191 -1.64267
-0.258755 -1.64844
-0.265556 -1.65264
-0.271263 -1.65822
-0.278143 -1.66232
-0.28432 -1.66731
-0.290038 -1.67288
-0.29607 -1.67805
-0.303147 -1.6819
-0.309136 -1.68713
-0.314654 -1.69295
-0.321308 -1.69733
-0.327408 -1.70242
-0.334033 -1.70684
-0.340481 -1.71149
-0.346726 -1.71639
-0.351973 -1.72255
-0.359179 -1.72624
-0.36442 -1.73241
-0.37093 -1.73698
-0.377063 -1.74203
-0.383724 -1.7464
-0.389737 -1.7516
-0.395734 -1.75682
-0.401933 -1.76178
-0.408293 -1.76653
-0.414653 -1.77129
-0.421157 -1.77587
-0.42703 -1.78124
-0.433302 -1.78611
-0.439698 -1.79082
-0.445421 -1.79638
-0.451492 -1.80151
-0.457975 -1.80611
-0.463985 -1.81131
-0.471143 -1.81506
-0.477158 -1.82025
-0.48272 -1.82602
-0.489477 -1.83027
-0.495009 -1.83608
-0.502139 -1.83986
-0.508323 -1.84484
-0.514416 -1.84994
-0.520833 -1.85462
-0.527178 -1.8594
-0.533021 -1.86481
-0.538938 -1.87013
-0.544761 -1.87556
-0.55217 -1.87899
-0.557565 -1.88497
-0.563773 -1.88992
-0.570517 -1.89419
-0.576562 -1.89935
-0.582731 -1.90435
-0.588506 -1.90984
-0.595332 -1.91401
-0.600979 -1.91967
-0.607389 -1.92436
-0.614195 -1.92856
-0.62038 -1.93354
-0.626773 -1.93825
-0.632409 -1.94392
-0.639223 -1.94811
-0.644461 -1.95428
-0.650742 -1.95914
-0.657162 -1.96382
-0.663994 -1.96798
-0.669962 -1.97324
-0.675808 -1.97864
-0.681706 -1.98399
-0.688638 -1.98802
-0.694516 -1.99339
-0.700983 -1.99801
-0.70739 -2.00271
-0.713543 -2.00773
-0.719043 -2.01357
-0.725739 -2.0179
-0.731645 -2.02324
-0.738662 -2.02716
-0.744454 -2.03264
-0.750704 -2.03753
-0.756685 -2.04277
-0.763749 -2.04664
-0.769889 -2.05167
-0.775877 -2.0569
-0.781698 -2.06234
-0.788371 -2.0667
-0.794562 -2.07167
-0.800818 -2.07656
-0.806903 -2.08167
-0.812957 -2.08681
-0.819516 -2.09132
-0.825299 -2.0968
-0.832163 -2.10092
-0.837961 -2.10639
-0.844036 -2.11151
-0.850558 -2.11606
-0.857 -2.12072
-0.863469 -2.12534
-0.868744 -2.13146
-0.874792 -2.13662
-0.881837 -2.14051
-0.888154 -2.14532
-0.893462 -2.15141
-0.90054 -2.15526
-0.906924 -2.15998
-0.91247 -2.16577
-0.91904 -2.17026
-0.925552 -2.17483
-0.931732 -2.17981
-0.93697 -2.18599
-0.943837 -2.1901
-0.949557 -2.19567
-0.956326 -2.19992
-0.961924 -2.20519
-0.967553 -2.21042
-0.973568 -2.21569
-0.979698 -2.22083
-0.985351 -2.22652
-0.991404 -2.23175
-0.99816 -2.23617
-1.00404 -2.24159
-1.01057 -2.24628
-1.01557 -2.25271
-1.02222 -2.25726
-1.02861 -2.2621
-1.0344 -2.26764
-1.03989 -2.27352
-1.04684 -2.27771
-1.05226 -2.28366
-1.05893 -2.28819
-1.0645 -2.29397
-1.07063 -2.29911
-1.07586 -2.30529
-1.08184 -2.3106
-1.08834 -2.31532
-1.09511 -2.31972
-1.10108 -2.32505
-1.10595 -2.33164
-1.11213 -2.33672
-1.11896 -2.34106
-1.12504 -2.34626
-1.13084 -2.35178
-1.1369 -2.357
-1.14256 -2.36268
-1.14873 -2.36778
-1.1548 -2.37299
-1.16052 -2.3786
-1.16645 -2.38397
-1.17258 -2.38911
-1.17912 -2.39377
-1.18499 -2.39922
-1.19071 -2.40483
-1.19749 -2.40923
-1.20244 -2.41572
-1.20938 -2.41993
-1.21525 -2.42537
-1.22091 -2.43105
-1.2265 -2.43681
-1.23293 -2.44161
-1.23938 -2.44638
-1.24575 -2.45125
-1.25171 -2.45659
-1.25763 -2.46197
-1.2635 -2.46741
-1.26969 -2.47248
-1.27543 -2.47807
-1.28155 -2.48322
-1.28673 -2.48945
-1.29388 -2.49343
-1.29913 -2.49958
-1.30609 -2.50377
-1.31178 -2.50941
-1.31796 -2.51449
-1.3237 -2.52008
-1.32999 -2.52504
-1.33535 -2.53106
-1.34127 -2.53644
-1.34756 -2.5414
-1.35395 -2.54625
-1.3597 -2.55182
-1.36598 -2.5568
-1.37171 -2.5624
-1.37808 -2.56726
-1.38429 -2.57231
-1.38934 -2.57869
-1.39545 -2.58385
-1.40152 -2.58906
-1.40783 -2.59399
-1.41346 -2.59971
-1.4197 -2.60473
-1.42579 -2.60991
-1.43149 -2.61555
-1.43792 -2.62035
-1.4438 -2.62577
-1.44949 -2.63142
-1.45623 -2.63586
-1.4621 -2.6413
-1.46866 -2.64595
-1.47467 -2.65123
-1.48064 -2.65655
-1.48607 -2.6625
-1.49269 -2.66708
-1.49869 -2.67236
-1.50418 -2.67824
-1.50982 -2.68394
-1.51659 -2.68835
-1.52239 -2.69387
-1.52783 -2.6998
-1.53432 -2.70454
-1.54114 -2.70889
-1.54613 -2.71533
-1.55233 -2.72039
-1.55814 -2.7259
-1.56496 -2.73025
-1.57001 -2.73663
-1.57696 -2.74083
-1.58326 -2.74578
-1.5886 -2.75182
-1.59493 -2.75673
-1.60045 -2.76258
-1.60693 -2.76732
-1.61256 -2.77303
-1.6184 -2.77851
-1.62429 -2.78392
-1.63102 -2.78837
-1.6368 -2.79392
-1.64283 -2.79917
-1.64885 -2.80444
-1.65445 -2.81019
-1.66073 -2.81516
-1.66746 -2.81961
-1.67283 -2.82563
-1.6789 -2.83084
-1.68547 -2.83547
-1.69155 -2.84068
-1.6975 -2.84602
-1.70288 -2.85202
-1.7088 -2.8574
-1.71544 -2.86196
-1.72151 -2.86716
-1.72704 -2.873
-1.73362 -2.87762
-1.73885 -2.88379
-1.74584 -2.88795
-1.75169 -2.89342
-1.75761 -2.8988
-1.76369 -2.904
-1.76973 -2.90924
-1.77555 -2.91473
-1.78115 -2.92048
-1.78724 -2.92567
-1.79422 -2.92984
-1.80002 -2.93536
-1.80624 -2.94039
-1.81125 -2.94683
-1.81793 -2.95134
-1.8235 -2.95711
-1.83045 -2.96132
-1.83647 -2.96658
-1.84131 -2.97321
-1.84834 -2.97731
-1.85416 -2.98281
-1.85992 -2.98838
-1.86644 -2.99307
-1.87183 -2.99906
-1.87785 -3.00432
-1.88435 -3.00904
-1.88955 -3.01525
-1.89675 -3.01917
-1.9019 -3.02543
-1.90818 -3.0304
-1.91413 -3.03574
-1.92034 -3.0408
-1.92679 -3.04558
-1.93281 -3.05084
-1.93811 -3.05693
-1.9444 -3.06189
-1.95084 -3.06667
-1.95615 -3.07276
-1.96283 -3.07727
-1.96793 -3.08359
-1.97396 -3.08885
-1.98048 -3.09354
-1.98656 -3.09874
-1.99242 -3.10419
-1.99878 -3.10907
-2.00465 -3.1145
-2.01106 -3.11933
-2.01619 -3.12562
-2.02237 -3.13069
-2.02876 -3.13554
-2.03431 -3.14135
-2.04111 -3.14573
-2.04744 -3.15063
-2.05331 -3.15608
-2.05831 -3.16251
-2.06456 -3.16751
-2.07124 -3.17202
-2.07702 -3.17757
-2.08306 -3.18281
-2.08855 -3.18869
-2.09547 -3.19293
-2.10131 -3.1984
-2.10658 -3.20453
-2.11349 -3.20877
-2.11859 -3.21509
-2.12455 -3.22042
-2.13163 -3.22448
-2.13711 -3.23037
-2.14318 -3.23558
-2.14948 -3.24052
-2.15565 -3.24561
-2.16083 -3.25185
-2.16728 -3.25662
-2.1733 -3.26189
-2.17906 -3.26746
-2.18231 -3.26984
-2.18214 -3.27001
-2.18165 -3.27058
-2.18121 -3.27117
-2.1808 -3.27179
-2.18043 -3.27243
-2.18009 -3.27309
-2.17981 -3.27378
-2.17956 -3.27448
-2.17936 -3.27519
-2.1792 -3.27591
-2.17908 -3.27665
-2.17902 -3.27739
-2.179 -3.27813
-2.17902 -3.27887
-2.17909 -3.27961
-2.1792 -3.28034
-2.17936 -3.28106
-2.17957 -3.28178
-2.17982 -3.28248
-2.18011 -3.28316
-2.18345 -3.29037
-2.18379 -3.29104
-2.20078 -3.32092
-2.20115 -3.32152
-2.20155 -3.32211
-2.20199 -3.32266
-2.20245 -3.32319
-2.20295 -3.32369
-2.20853 -3.329
-2.20906 -3.32947
-2.20962 -3.32992
-2.21019 -3.33032
-2.2108 -3.3307
-2.21142 -3.33103
-2.21206 -3.33133
-2.21272 -3.33159
-2.21339 -3.33181
-2.24827 -3.34218
-2.249 -3.34235
-2.24973 -3.34247
-2.25048 -3.34255
-2.25123 -3.34258
-2.25198 -3.34257
-2.25273 -3.34251
-2.25347 -3.3424
-2.2542 -3.34225
-2.25493 -3.34205
-2.25563 -3.3418
-2.25633 -3.34151
-2.257 -3.34118
-2.25765 -3.34081
-2.25828 -3.3404
-2.25888 -3.33995
-2.25945 -3.33946
-2.25998 -3.33894
-2.26034 -3.33854
-2.26339 -3.34114
-2.27019 -3.34551
-2.27593 -3.3511
-2.28215 -3.35614
-2.28836 -3.36119
-2.29355 -3.36741
-2.30005 -3.37212
-2.30574 -3.37777
-2.31226 -3.38246
-2.31864 -3.38732
-2.32445 -3.39283
-2.32986 -3.39879
-2.33557 -3.40442
-2.34253 -3.4086
-2.34811 -3.41438
-2.35484 -3.41884
-2.36064 -3.42436
-2.36613 -3.43023
-2.37174 -3.43596
-2.37828 -3.44064
-2.38377 -3.44651
-2.39009 -3.45143
-2.39602 -3.4568
-2.40288 -3.46111
-2.40879 -3.46651
-2.41456 -3.47206
-2.42023 -3.47772
-2.42597 -3.48331
-2.43268 -3.48779
-2.43909 -3.49261
-2.44428 -3.49883
-2.45018 -3.50423
-2.45635 -3.50933
-2.46216 -3.51484
-2.46858 -3.51965
-2.47534 -3.52407
-2.48145 -3.52923
-2.48717 -3.53484
-2.49352 -3.53974
-2.49897 -3.54566
-2.50468 -3.55127
-2.51147 -3.55566
-2.51666 -3.56188
-2.52281 -3.56699
-2.52863 -3.5725
-2.53513 -3.57721
-2.54146 -3.58213
-2.54655 -3.58845
-2.55307 -3.59315
-2.55938 -3.59808
-2.56538 -3.60337
-2.57167 -3.60833
-2.57663 -3.61482
-2.58306 -3.61961
-2.58989 -3.62396
-2.59588 -3.62926
-2.60135 -3.63516
-2.60711 -3.64072
-2.61324 -3.64585
-2.61972 -3.6506
-2.62535 -3.65631
-2.63095 -3.66207
-2.63798 -3.66617
-2.64355 -3.67196
-2.64965 -3.67713
-2.65521 -3.68292
-2.66206 -3.68724
-2.66726 -3.69344
-2.67436 -3.69748
-2.67998 -3.7032
-2.68622 -3.70822
-2.69215 -3.71359
-2.69773 -3.71936
-2.70435 -3.72394
-2.70988 -3.72977
-2.7165 -3.73435
-2.72129 -3.74103
-2.72854 -3.74489
-2.73393 -3.75087
-2.74062 -3.75538
-2.74629 -3.76105
-2.75158 -3.76714
-2.75798 -3.77197
-2.76445 -3.77673
-2.76988 -3.78267
-2.77611 -3.7877
-2.78255 -3.79249
-2.78793 -3.79849
-2.79419 -3.80347
-2.79966 -3.80937
-2.80652 -3.81368
-2.81235 -3.81917
-2.81836 -3.82444
-2.82488 -3.82914
-2.8305 -3.83487
-2.83641 -3.84026
-2.84201 -3.84601
-2.84851 -3.85072
-2.85468 -3.85581
-2.85999 -3.8619
-2.8665 -3.86661
-2.873 -3.87132
-2.8785 -3.87719
-2.8842 -3.88282
-2.89037 -3.88791
-2.89694 -3.89256
-2.90284 -3.89796
-2.90905 -3.90301
-2.91474 -3.90865
-2.92134 -3.91326
-2.92667 -3.91932
-2.93308 -3.92414
-2.93875 -3.92981
-2.9443 -3.93561
-2.9516 -3.93942
-2.95735 -3.94498
-2.96361 -3.94998
-2.96882 -3.95618
-2.97488 -3.9614
-2.9806 -3.96701
-2.98698 -3.97186
-2.99263 -3.97755
-2.99932 -3.98205
-3.00553 -3.9871
-3.01149 -3.99244
-3.01708 -3.9982
-3.02384 -4.00262
-3.02908 -4.00878
-3.03555 -4.01354
-3.04163 -4.01873
-3.04722 -4.0245
-3.05309 -4.02993
-3.06013 -4.03403
-3.06556 -4.03997
-3.07206 -4.04469
-3.07722 -4.05094
-3.08419 -4.05513
-3.08907 -4.0617
-3.09517 -4.06687
-3.10161 -4.07166
-3.10764 -4.07692
-3.11316 -4.08276
-3.12036 -4.08666
-3.12542 -4.09303
-3.13129 -4.09848
-3.13741 -4.10363
-3.14384 -4.10843
-3.15024 -4.11325
-3.15646 -4.1183
-3.1618 -4.12434
-3.16786 -4.12956
-3.17445 -4.13418
-3.18022 -4.13973
-3.18664 -4.14454
-3.19165 -4.15096
-3.19822 -4.1556
-3.20365 -4.16154
-3.20984 -4.16662
-3.21602 -4.17171
-3.22272 -4.17619
-3.22821 -4.18207
-3.23365 -4.188
-3.24086 -4.19191
-3.24588 -4.19832
-3.2525 -4.20289
-3.2586 -4.20807
-3.26387 -4.2142
-3.27009 -4.21924
-3.27658 -4.22396
-3.28275 -4.22905
-3.28856 -4.23456
-3.29456 -4.23985
-3.30048 -4.24524
-3.30656 -4.25044
-3.31297 -4.25526
-3.31918 -4.26031
-3.32449 -4.26639
-3.33119 -4.27088
-3.33732 -4.27602
-3.34265 -4.28208
-3.34853 -4.28751
-3.35545 -4.29174
-3.36035 -4.29829
-3.36685 -4.30301
-3.37283 -4.30832
-3.37855 -4.31394
-3.38561 -4.31801
-3.39068 -4.32437
-3.39649 -4.32987
-3.40348 -4.33403
-3.40968 -4.33909
-3.41571 -4.34434
-3.42104 -4.35041
-3.42662 -4.35618
-3.43259 -4.3615
-3.43862 -4.36676
-3.44534 -4.37122
-3.45142 -4.37642
-3.45709 -4.38209
-3.46354 -4.38687
-3.46966 -4.39201
-3.4748 -4.39829
-3.48172 -4.40253
-3.4874 -4.40818
-3.49328 -4.41361
-3.5 -4.41808
-3.50607 -4.42329
-3.51206 -4.42859
-3.51769 -4.43431
-3.52335 -4.43998
-3.52901 -4.44567
-3.5357 -4.45017
-3.54168 -4.45548
-3.54709 -4.46145
-3.55407 -4.46561
-3.5599 -4.47109
-3.56586 -4.47643
-3.57122 -4.48246
-3.57832 -4.48649
-3.58367 -4.49252
-3.59014 -4.49728
-3.59538 -4.50343
-3.60176 -4.50829
-3.60832 -4.51294
-3.61359 -4.51906
-3.62067 -4.52312
-3.62655 -4.52854
-3.63226 -4.53416
-3.63789 -4.53988
-3.6441 -4.54493
-3.64967 -4.55072
-3.65579 -4.55586
-3.6617 -4.56125
-3.66794 -4.56628
-3.67372 -4.57182
-3.68057 -4.57613
-3.68608 -4.58198
-3.69182 -4.58757
-3.69801 -4.59264
-3.70485 -4.59698
-3.71061 -4.60253
-3.71668 -4.60775
-3.72313 -4.61253
-3.72812 -4.61897
-3.73425 -4.62411
-3.74065 -4.62895
-3.74709 -4.63373
-3.75274 -4.63943
-3.75862 -4.64485
-3.7653 -4.64936
-3.77078 -4.65525
-3.77664 -4.66069
-3.78341 -4.66511
-3.78884 -4.67105
-3.79438 -4.67687
-3.80101 -4.68144
-3.80633 -4.6875
-3.81255 -4.69255
-3.81833 -4.69809
-3.82564 -4.70188
-3.83093 -4.70798
-3.83767 -4.71242
-3.84243 -4.71913
-3.84973 -4.72293
-3.8549 -4.72917
-3.86074 -4.73465
-3.8666 -4.7401
-3.87381 -4.74434
-3.87731 -4.75023
-3.87967 -4.75677
-3.88302 -4.76265
-3.8857 -4.76984
-3.88806 -4.77714
-3.89134 -4.78406
-3.89308 -4.78853
-3.89264 -4.79328
-3.89313 -4.80123
-3.89293 -4.80918
-3.89233 -4.81714
-3.89387 -4.82508
-3.89239 -4.83305
-3.89377 -4.84099
-3.89337 -4.84894
-3.89383 -4.85689
-3.89363 -4.86485
-3.89351 -4.8728
-3.89417 -4.88075
-3.89268 -4.88871
-3.89433 -4.89665
-3.89393 -4.90461
-3.89464 -4.91256
-3.89286 -4.92052
-3.89478 -4.92846
-3.89458 -4.93641
-3.8933 -4.94438
-3.89487 -4.95232
-3.89463 -4.96027
-3.8941 -4.96823
-3.89333 -4.97619
-3.89338 -4.98414
-3.8951 -4.99208
-3.89512 -5.00003
-3.89407 -5.00799
-3.89448 -5.01594
-3.89562 -5.02389
-3.89563 -5.03184
-3.89397 -5.03981
-3.89566 -5.04774
-3.89476 -5.0557
-3.89433 -5.06366
-3.89409 -5.07162
-3.89581 -5.07961
-3.8938 -5.08626
-3.8939 -5.09301
-3.89219 -5.10057
-3.89017 -5.10805
-3.88803 -5.1155
-3.88664 -5.12318
-3.88403 -5.12951
-3.88167 -5.13595
-3.87773 -5.1417
-3.87615 -5.1489
-3.8701 -5.15412
-3.86397 -5.15925
-3.85723 -5.1637
-3.85205 -5.16988
-3.84527 -5.17428
-3.83944 -5.17975
-3.83408 -5.18574
-3.82791 -5.19082
-3.82159 -5.19574
-3.81615 -5.20163
-3.80969 -5.2064
-3.80353 -5.2115
-3.79767 -5.21692
-3.79217 -5.22275
-3.78626 -5.22813
-3.78051 -5.23368
-3.77465 -5.23912
-3.76834 -5.24404
-3.76251 -5.2495
-3.75642 -5.25467
-3.75008 -5.25958
-3.74527 -5.26617
-3.73853 -5.27062
-3.73243 -5.27578
-3.72744 -5.28219
-3.72155 -5.28758
-3.71476 -5.29197
-3.70871 -5.2972
-3.70301 -5.3028
-3.6975 -5.30862
-3.69068 -5.31298
-3.68569 -5.31937
-3.67878 -5.32363
-3.67284 -5.32898
-3.66719 -5.33464
-3.66189 -5.3407
-3.65536 -5.34538
-3.64932 -5.35061
-3.64385 -5.35648
-3.6371 -5.36091
-3.63137 -5.36648
-3.626 -5.37246
-3.62053 -5.37833
-3.61358 -5.38254
-3.60838 -5.38871
-3.60251 -5.39413
-3.59675 -5.39967
-3.59018 -5.4043
-3.58463 -5.41008
-3.57875 -5.41548
-3.57276 -5.42078
-3.56599 -5.42519
-3.56055 -5.43108
-3.55488 -5.43672
-3.54852 -5.4416
-3.5421 -5.44641
-3.53606 -5.45164
-3.53004 -5.45688
-3.5248 -5.46301
-3.52202 -5.46589
-3.52163 -5.46543
-3.52111 -5.46489
-3.52056 -5.46438
-3.51998 -5.46391
-3.51937 -5.46347
-3.51874 -5.46307
-3.51808 -5.46272
-3.5174 -5.4624
-3.5167 -5.46213
-3.51599 -5.4619
-3.51526 -5.46172
-3.51453 -5.46158
-3.51378 -5.46149
-3.51304 -5.46145
-3.51229 -5.46145
-3.51154 -5.4615
-3.5108 -5.4616
-3.50115 -5.46315
-3.50041 -5.46329
-3.49969 -5.46348
-3.49898 -5.46371
-3.49828 -5.46398
-3.4976 -5.4643
-3.49695 -5.46466
-3.47636 -5.4763
-3.46223 -5.48491
-3.46163 -5.48532
-3.46105 -5.48576
-3.4605 -5.48623
-3.45998 -5.48674
-3.45949 -5.48727
-3.45903 -5.48784
-3.45861 -5.48843
-3.45822 -5.48905
-3.45787 -5.48969
-3.45757 -5.49034
-3.44276 -5.52275
-3.44249 -5.52344
-3.44227 -5.52414
-3.44209 -5.52486
-3.44195 -5.52558
-3.44186 -5.52632
-3.44182 -5.52706
-3.44182 -5.5278
-3.44186 -5.52854
-3.44195 -5.52927
-3.44209 -5.53
-3.44227 -5.53071
-3.4425 -5.53142
-3.44277 -5.53211
-3.44308 -5.53278
-3.44343 -5.53343
-3.44382 -5.53406
-3.44419 -5.53458
-3.44419 -5.53458
-3.44117 -5.53725
-3.43585 -5.54328
-3.42963 -5.54831
-3.42341 -5.55334
-3.41818 -5.55948
-3.41136 -5.56383
-3.40578 -5.56957
-3.40055 -5.57571
-3.39406 -5.58043
-3.38765 -5.58525
-3.38163 -5.5905
-3.37629 -5.59651
-3.36991 -5.60136
-3.36362 -5.60631
-3.35868 -5.61276
-3.35274 -5.61811
-3.34675 -5.62339
-3.34107 -5.62902
-3.33429 -5.63343
-3.32858 -5.63903
-3.32272 -5.64446
-3.31657 -5.64956
-3.31119 -5.65553
-3.30473 -5.66029
-3.29921 -5.66609
-3.293 -5.67114
-3.28725 -5.67669
-3.28047 -5.68109
-3.27567 -5.6877
-3.26866 -5.69185
-3.26378 -5.69838
-3.25741 -5.70323
-3.25083 -5.70786
-3.2449 -5.71321
-3.23933 -5.71897
-3.23298 -5.72384
-3.22805 -5.73032
-3.22218 -5.73574
-3.21552 -5.74027
-3.20972 -5.74576
-3.2042 -5.75158
-3.19803 -5.75666
-3.192 -5.76191
-3.18576 -5.76691
-3.18024 -5.77271
-3.17376 -5.77745
-3.16786 -5.7828
-3.16163 -5.78673
-3.16086 -5.78949
-3.15334 -5.79204
-3.14581 -5.79458
-3.13847 -5.79756
-3.13107 -5.80043
-3.12355 -5.80298
-3.11607 -5.80564
-3.10924 -5.80988
-3.1015 -5.81191
-3.09405 -5.81463
-3.08731 -5.81911
-3.07988 -5.82188
-3.07217 -5.82396
-3.06517 -5.82779
-3.05779 -5.83069
-3.05021 -5.83312
-3.04274 -5.83579
-3.03539 -5.83876
-3.02816 -5.84203
-3.02107 -5.84563
-3.01354 -5.84817
-3.00632 -5.85146
-2.99903 -5.8546
-2.99183 -5.85794
-2.98457 -5.86113
-2.97709 -5.86378
-2.9694 -5.86591
-2.96249 -5.86998
-2.95495 -5.87248
-2.94744 -5.87505
-2.94031 -5.87857
-2.93275 -5.88104
-2.92553 -5.88432
-2.91793 -5.88669
-2.91088 -5.8904
-2.90323 -5.89265
-2.89577 -5.89533
-2.88906 -5.89988
-2.88106 -5.90127
-2.87429 -5.90566
-2.86672 -5.9081
-2.85939 -5.91111
-2.85229 -5.9147
-2.84486 -5.91748
-2.83745 -5.92032
-2.82978 -5.9225
-2.82263 -5.92596
-2.81496 -5.92815
-2.80807 -5.93226
-2.80037 -5.93437
-2.79362 -5.93881
-2.78562 -5.94019
-2.77829 -5.94322
-2.77136 -5.94723
-2.76399 -5.95016
-2.75666 -5.95316
-2.74942 -5.95642
-2.7416 -5.95823
-2.73444 -5.96168
-2.72704 -5.96452
-2.7201 -5.9685
-2.71232 -5.97043
-2.70545 -5.97457
-2.69763 -5.97639
-2.69048 -5.97985
-2.68321 -5.98304
-2.67606 -5.98651
-2.66831 -5.98849
-2.66119 -5.99202
-2.65382 -5.99495
-2.64627 -5.99744
-2.63912 -6.0009
-2.63206 -6.00458
-2.62457 -6.00722
-2.61692 -6.00946
-2.60978 -6.01295
-2.60209 -6.01508
-2.59487 -6.01839
-2.58772 -6.02184
-2.58019 -6.02437
-2.57262 -6.02682
-2.56567 -6.03076
-2.55866 -6.03459
-2.55065 -6.03593
-2.54394 -6.04047
-2.53648 -6.04317
-2.52924 -6.04643
-2.52163 -6.04875
-2.51438 -6.05197
-2.50671 -6.05416
-2.49962 -6.05778
-2.49216 -6.06048
-2.48503 -6.064
-2.47725 -6.06591
-2.47023 -6.06971
-2.463 -6.07297
-2.45543 -6.07539
-2.44799 -6.07814
-2.44079 -6.08149
-2.43381 -6.08538
-2.42615 -6.0876
-2.41877 -6.09048
-2.41116 -6.09283
-2.40419 -6.09673
-2.39649 -6.09885
