2.37694 -6.10241
2.38415 -6.09912
2.39146 -6.09603
2.3985 -6.09238
2.40588 -6.08943
2.41309 -6.08612
2.42001 -6.08223
2.42727 -6.07903
2.43453 -6.07584
2.44091 -6.07082
2.44869 -6.0687
2.45594 -6.0655
2.46245 -6.06074
2.47002 -6.05818
2.47709 -6.0546
2.48403 -6.05073
2.49167 -6.04833
2.49846 -6.04416
2.50547 -6.04043
2.51328 -6.0384
2.51991 -6.03389
2.52689 -6.03012
2.53445 -6.02755
2.54167 -6.02427
2.54858 -6.02034
2.55576 -6.01698
2.5632 -6.01418
2.57028 -6.0106
2.57726 -6.00683
2.58408 -6.00271
2.59114 -5.9991
2.59882 -5.99678
2.60603 -5.99349
2.61286 -5.9894
2.62017 -5.9863
2.62714 -5.98252
2.6349 -5.98035
2.64201 -5.97685
2.64841 -5.97187
2.65567 -5.96867
2.66278 -5.96516
2.67039 -5.96271
2.67779 -5.9598
2.68461 -5.95568
2.69205 -5.95288
2.69876 -5.94853
2.70598 -5.94526
2.71284 -5.94123
2.71995 -5.93773
2.72739 -5.9349
2.73465 -5.93171
2.74136 -5.92736
2.74884 -5.92463
2.75595 -5.92112
2.76284 -5.91716
2.77035 -5.91449
2.77753 -5.91113
2.78459 -5.90752
2.79211 -5.90488
2.79888 -5.90064
2.80622 -5.89764
2.81349 -5.89445
2.82014 -5.89
2.82756 -5.88713
2.83463 -5.88354
2.84165 -5.87984
2.84906 -5.87695
2.85589 -5.87286
2.86355 -5.87052
2.87064 -5.86697
2.87776 -5.86349
2.88464 -5.8595
2.8917 -5.85589
2.89875 -5.85226
2.90591 -5.84886
2.91367 -5.8467
2.92025 -5.84208
2.92789 -5.8397
2.93521 -5.83663
2.94237 -5.83322
2.94932 -5.82938
2.95661 -5.82626
2.96391 -5.82314
2.97095 -5.81948
2.97769 -5.8152
2.98509 -5.8123
2.99231 -5.80902
2.99964 -5.80598
3.00683 -5.80265
3.01406 -5.79912
3.01895 -5.7953
3.0237 -5.79136
3.0263 -5.78942
3.03241 -5.78428
3.03729 -5.77781
3.04425 -5.77359
3.04934 -5.76735
3.05517 -5.76191
3.06125 -5.75674
3.06678 -5.75098
3.07289 -5.74584
3.07871 -5.74039
3.08504 -5.7355
3.09019 -5.72932
3.0963 -5.72418
3.10302 -5.7197
3.10893 -5.71435
3.11405 -5.70814
3.11992 -5.70274
3.12534 -5.69686
3.13111 -5.69136
3.13707 -5.68605
3.14384 -5.68163
3.14878 -5.67523
3.15557 -5.67083
3.16071 -5.66464
3.16719 -5.65991
3.17214 -5.65351
3.17922 -5.64943
3.18433 -5.64321
3.18972 -5.63729
3.19627 -5.63264
3.2019 -5.62698
3.20778 -5.62159
3.21321 -5.61572
3.21907 -5.61031
3.22562 -5.60564
3.23192 -5.60072
3.2374 -5.5949
3.24354 -5.58979
3.2483 -5.5832
3.25413 -5.57776
3.26015 -5.57252
3.26663 -5.56779
3.27214 -5.562
3.27828 -5.55689
3.28444 -5.55181
3.29044 -5.54656
3.29631 -5.54116
3.30196 -5.53552
3.30767 -5.52996
3.31353 -5.52455
3.31978 -5.51956
3.32562 -5.51414
3.33029 -5.50744
3.33695 -5.50289
3.34325 -5.49796
3.3481 -5.49147
3.35388 -5.48598
3.36078 -5.48169
3.36632 -5.47594
3.37135 -5.46963
3.37781 -5.46488
3.38323 -5.45899
3.39018 -5.45476
3.39511 -5.44834
3.40142 -5.44343
3.40778 -5.43856
3.41271 -5.43215
3.41923 -5.42745
3.42508 -5.42204
3.43046 -5.4161
3.43692 -5.41135
3.44222 -5.40533
3.44854 -5.40042
3.45413 -5.39473
3.46014 -5.38948
3.46548 -5.38351
3.47193 -5.37874
3.477 -5.37248
3.48281 -5.36702
3.48916 -5.36214
3.4953 -5.35703
3.50095 -5.3514
3.50678 -5.34596
3.51268 -5.34059
3.51886 -5.33554
3.52432 -5.32969
3.53034 -5.32447
3.53597 -5.31881
3.54216 -5.31376
3.54768 -5.30798
3.55329 -5.3023
3.55912 -5.29686
3.56464 -5.29108
3.57137 -5.28663
3.57769 -5.28171
3.58264 -5.27532
3.58904 -5.2705
3.59476 -5.26494
3.60031 -5.25919
3.60678 -5.25445
3.6123 -5.24867
3.61791 -5.24299
3.6234 -5.23718
3.62959 -5.23214
3.63604 -5.22737
3.64176 -5.22181
3.6475 -5.21627
3.65322 -5.21071
3.65895 -5.20516
3.66453 -5.19945
3.67043 -5.19409
3.67623 -5.18862
3.68312 -5.18432
3.68855 -5.17845
3.69433 -5.17295
3.70001 -5.16735
3.70539 -5.16142
3.71219 -5.15704
3.71763 -5.15117
3.723 -5.14524
3.72961 -5.14064
3.73497 -5.13469
3.74145 -5.12996
3.7464 -5.12356
3.7524 -5.11831
3.75917 -5.11389
3.76477 -5.1082
3.76985 -5.10195
3.77589 -5.09673
3.78242 -5.09205
3.78843 -5.08681
3.79315 -5.08024
3.79787 -5.07643
3.80239 -5.07241
3.80636 -5.06787
3.81001 -5.06304
3.81471 -5.05812
3.81975 -5.05352
3.82373 -5.04795
3.82966 -5.04416
3.83403 -5.03891
3.83798 -5.03395
3.84111 -5.02829
3.84658 -5.02454
3.84942 -5.01892
3.85197 -5.01359
3.85213 -5.00562
3.85125 -4.99766
3.8525 -4.98967
3.85097 -4.98173
3.85241 -4.97373
3.85224 -4.96577
3.85103 -4.95782
3.85054 -4.94985
3.85042 -4.94189
3.85039 -4.93392
3.85045 -4.92595
3.85059 -4.91797
3.85127 -4.90999
3.85066 -4.90203
3.85086 -4.89406
3.84908 -4.88612
3.85018 -4.87813
3.84909 -4.87018
3.84932 -4.86221
3.84872 -4.85425
3.84856 -4.84628
3.84864 -4.83831
3.84831 -4.83034
3.84891 -4.82236
3.84844 -4.8144
3.84924 -4.80642
3.84899 -4.79845
3.84771 -4.79075
3.84708 -4.78641
3.84527 -4.78261
3.84256 -4.77522
3.83768 -4.77011
3.83398 -4.7641
3.82919 -4.75891
3.82379 -4.75376
3.81906 -4.74804
3.81419 -4.74243
3.80905 -4.73706
3.80523 -4.73051
3.7999 -4.72722
3.79659 -4.72206
3.79271 -4.71734
3.78582 -4.71309
3.78052 -4.70703
3.77479 -4.70144
3.76803 -4.69705
3.76165 -4.69222
3.756 -4.68655
3.74972 -4.6816
3.74375 -4.6763
3.73835 -4.67034
3.73164 -4.66588
3.72668 -4.65942
3.72044 -4.65443
3.71456 -4.64902
3.70773 -4.6447
3.70149 -4.63971
3.69663 -4.63313
3.68998 -4.62861
3.68398 -4.62334
3.67858 -4.61739
3.67237 -4.61235
3.66561 -4.60796
3.65949 -4.60283
3.65414 -4.59682
3.64838 -4.59127
3.64126 -4.58729
3.63594 -4.58124
3.62985 -4.57607
3.62447 -4.57009
3.61752 -4.56591
3.61184 -4.56027
3.60625 -4.55454
3.59958 -4.55004
3.59344 -4.54493
3.5876 -4.53948
3.58196 -4.53379
3.576 -4.52848
3.56946 -4.52383
3.56397 -4.51798
3.55813 -4.51252
3.55126 -4.50825
3.54555 -4.50265
3.5394 -4.49755
3.53328 -4.49242
3.52707 -4.48739
3.52187 -4.4812
3.51521 -4.4767
3.50972 -4.47083
3.50366 -4.46564
3.49753 -4.46052
3.49091 -4.45597
3.48474 -4.45089
3.47946 -4.44479
3.47371 -4.43924
3.46712 -4.43464
3.46099 -4.42953
3.45494 -4.42431
3.44871 -4.41931
3.44267 -4.41408
3.43759 -4.40777
3.43121 -4.40293
3.42559 -4.39723
3.41867 -4.39301
3.41306 -4.38729
3.40651 -4.38266
3.40041 -4.3775
3.39545 -4.37104
3.38852 -4.36683
3.38296 -4.36106
3.37645 -4.35638
3.37121 -4.35024
3.36522 -4.34496
3.35916 -4.33976
3.3535 -4.3341
3.34676 -4.32968
3.34107 -4.32405
3.33506 -4.31879
3.32881 -4.31381
3.32328 -4.30801
3.31641 -4.30374
3.31117 -4.2976
3.30498 -4.29254
3.29912 -4.28711
3.29288 -4.28211
3.2872 -4.27649
3.28004 -4.27255
3.27424 -4.26705
3.2691 -4.26079
3.26279 -4.25588
3.25672 -4.25069
3.2506 -4.24556
3.24424 -4.2407
3.23858 -4.23504
3.23258 -4.22978
3.22679 -4.22426
3.21999 -4.21991
3.21381 -4.21486
3.20887 -4.20837
3.20185 -4.20427
3.19654 -4.19821
3.19051 -4.19298
3.18495 -4.18719
3.17824 -4.18274
3.17202 -4.17772
3.16589 -4.1726
3.15984 -4.16739
3.15452 -4.16135
3.14786 -4.15684
3.14188 -4.15155
3.13559 -4.14661
3.12999 -4.14087
3.12454 -4.13498
3.11845 -4.12981
3.11223 -4.1248
3.10571 -4.12013
3.10051 -4.11393
3.0941 -4.10914
3.08826 -4.10369
3.08257 -4.09806
3.07618 -4.09324
3.07004 -4.08813
3.06374 -4.08321
3.0577 -4.07798
3.0525 -4.0718
3.04551 -4.06766
3.04022 -4.06158
3.03436 -4.05615
3.02714 -4.05228
3.02173 -4.04634
3.01515 -4.04173
3.00923 -4.03637
3.00414 -4.03006
2.99776 -4.02523
2.99159 -4.02016
2.98499 -4.01557
2.98009 -4.00904
2.97307 -4.00494
2.967 -3.99975
2.9617 -3.99368
2.95515 -3.98905
2.94989 -3.98292
2.94291 -3.97878
2.93764 -3.97268
2.93152 -3.96754
2.92598 -3.96174
2.91965 -3.95686
2.91299 -3.95234
2.90726 -3.94676
2.90108 -3.94171
2.8955 -3.93595
2.88935 -3.93085
2.88333 -3.92561
2.87687 -3.92087
2.87087 -3.9156
2.86567 -3.9094
2.85937 -3.90448
2.85296 -3.89969
2.84766 -3.89362
2.84138 -3.88867
2.83469 -3.88418
2.82877 -3.87883
2.82271 -3.87363
2.81695 -3.86809
2.8107 -3.8631
2.80447 -3.8581
2.79953 -3.85162
2.79345 -3.84643
2.78631 -3.84247
2.7815 -3.83583
2.77531 -3.83079
2.76938 -3.82544
2.7635 -3.82004
2.75732 -3.81497
2.75144 -3.80956
2.74543 -3.80431
2.73913 -3.79938
2.7331 -3.79415
2.72673 -3.7893
2.72048 -3.78432
2.71445 -3.77909
2.70835 -3.77393
2.70246 -3.76853
2.69726 -3.76235
2.69028 -3.75821
2.6844 -3.7528
2.6786 -3.7473
2.67294 -3.74163
2.66677 -3.73656
2.66035 -3.73178
2.65433 -3.72654
2.6483 -3.7213
2.64199 -3.71639
2.63692 -3.71005
2.63009 -3.70573
2.62391 -3.70067
2.61871 -3.69449
2.61238 -3.68959
2.6057 -3.6851
2.60007 -3.67941
2.59458 -3.67356
2.58862 -3.66824
2.58203 -3.66365
2.57684 -3.65745
2.57061 -3.65244
2.56362 -3.64832
2.55869 -3.64182
2.55236 -3.63692
2.54561 -3.63252
2.53949 -3.62739
2.5339 -3.62165
2.52818 -3.61605
2.5218 -3.61122
2.51566 -3.60612
2.5105 -3.59989
2.5037 -3.59553
2.49853 -3.58931
2.49186 -3.58481
2.48604 -3.57933
2.47958 -3.57459
2.47428 -3.56852
2.46835 -3.56317
2.46234 -3.55792
2.45635 -3.55263
2.44993 -3.54785
2.44391 -3.5426
2.43816 -3.53704
2.43199 -3.53197
2.42535 -3.52743
2.41946 -3.52204
2.41325 -3.51701
2.40824 -3.51061
2.40095 -3.50681
2.39613 -3.50019
2.38969 -3.49543
2.3832 -3.49072
2.37809 -3.48444
2.37131 -3.48006
2.36611 -3.47387
2.35955 -3.46925
2.35305 -3.46456
2.34726 -3.45904
2.34152 -3.45348
2.33516 -3.44861
2.32888 -3.44368
2.32275 -3.43855
2.3179 -3.43196
2.31066 -3.42812
2.30562 -3.42174
2.29872 -3.41751
2.29352 -3.41132
2.28677 -3.40691
2.28059 -3.40186
2.27577 -3.39523
2.26938 -3.3904
2.26264 -3.38598
2.25715 -3.38013
2.25077 -3.3753
2.24449 -3.37035
2.23944 -3.36399
2.23313 -3.35908
2.22675 -3.35425
2.22098 -3.34871
2.21556 -3.34278
2.20932 -3.33778
2.2032 -3.33266
2.19726 -3.32732
2.19061 -3.3228
2.1843 -3.31788
2.1783 -3.31261
2.17328 -3.30622
2.16739 -3.30083
2.16095 -3.29606
2.15471 -3.29107
2.14905 -3.2854
2.1426 -3.28065
2.13707 -3.27485
2.13083 -3.26986
2.12528 -3.26407
2.11819 -3.26005
2.11278 -3.2541
2.10611 -3.2496
2.10072 -3.24363
2.09473 -3.23835
2.08847 -3.23338
2.08264 -3.22792
2.07621 -3.22315
2.07029 -3.21779
2.06457 -3.21219
2.05838 -3.20715
2.05218 -3.2021
2.04608 -3.19694
2.04058 -3.19111
2.03406 -3.18644
2.02867 -3.18046
2.02202 -3.17595
2.01614 -3.17054
2.01045 -3.16491
2.00441 -3.15969
1.99805 -3.15483
1.99257 -3.14896
1.98664 -3.14362
1.97963 -3.1395
1.9736 -3.13427
1.96827 -3.12823
1.96221 -3.12303
1.9556 -3.11846
1.95005 -3.11268
1.94445 -3.10695
1.93773 -3.10251
1.93142 -3.09759
1.92571 -3.09199
1.91977 -3.08665
1.91445 -3.08061
1.90732 -3.07663
1.90141 -3.07126
1.89524 -3.06618
1.89032 -3.05968
1.88443 -3.05429
1.87802 -3.04949
1.87168 -3.04461
1.86535 -3.03972
1.85982 -3.0339
1.85412 -3.02829
1.84704 -3.02426
1.84135 -3.01864
1.83605 -3.01256
1.83007 -3.00728
1.82318 -3.00303
1.81707 -2.99789
1.81092 -2.99279
1.80538 -2.98699
1.79951 -2.98158
1.79394 -2.97581
1.78702 -2.97159
1.7817 -2.96555
1.77481 -2.9613
1.76962 -2.9551
1.76374 -2.94969
1.75738 -2.94484
1.75155 -2.93937
1.7459 -2.93371
1.73969 -2.92868
1.73385 -2.92322
1.72691 -2.91904
1.72079 -2.9139
1.71581 -2.90747
1.70941 -2.90266
1.70307 -2.89778
1.69758 -2.89191
1.69093 -2.8874
1.68519 -2.88183
1.67864 -2.87719
1.67309 -2.87141
1.66745 -2.86572
1.66099 -2.86098
1.65557 -2.85505
1.64852 -2.85099
1.643 -2.84516
1.63679 -2.84013
1.63044 -2.83527
1.62504 -2.82931
1.61908 -2.824
1.61275 -2.81911
1.607 -2.81355
1.60101 -2.80827
1.59436 -2.80375
1.58834 -2.7985
1.58213 -2.79347
1.57624 -2.78808
1.57033 -2.7827
1.56432 -2.77745
1.55815 -2.77238
1.55282 -2.76633
1.54686 -2.76102
1.54097 -2.75563
1.53493 -2.7504
1.52797 -2.74624
1.523 -2.73979
1.51635 -2.73526
1.51113 -2.7291
1.50414 -2.72496
1.49787 -2.72001
1.49269 -2.7138
1.4868 -2.7084
1.48093 -2.70298
1.47462 -2.69806
1.46858 -2.69285
1.46226 -2.68794
1.45604 -2.68292
1.44981 -2.67792
1.44436 -2.67202
1.43803 -2.66713
1.43272 -2.66107
1.42557 -2.65712
1.42004 -2.65132
1.41419 -2.64588
1.40789 -2.64094
1.40259 -2.63487
1.39633 -2.62991
1.38984 -2.6252
1.38342 -2.62042
1.37851 -2.61389
1.37189 -2.60933
1.36642 -2.60345
1.35997 -2.5987
1.35341 -2.59408
1.34739 -2.58884
1.34173 -2.58317
1.33578 -2.57784
1.32936 -2.57306
1.32408 -2.56696
1.31795 -2.56185
1.3123 -2.55618
1.30548 -2.55184
1.29969 -2.54634
1.29381 -2.54093
1.28738 -2.53615
1.28109 -2.53121
1.27525 -2.52576
1.26943 -2.52028
1.26374 -2.51466
1.25701 -2.51023
1.2513 -2.50463
1.24532 -2.49934
1.23903 -2.4944
1.23373 -2.48832
1.22804 -2.4827
1.22166 -2.47788
1.21548 -2.47281
1.20983 -2.46714
1.20357 -2.46217
1.19794 -2.45647
1.19161 -2.45159
1.18516 -2.44683
1.17876 -2.44202
1.17315 -2.4363
1.16787 -2.43021
1.16191 -2.42489
1.15507 -2.4206
1.1489 -2.41552
1.14359 -2.40945
1.13659 -2.40534
1.13181 -2.39867
1.1254 -2.39387
1.11967 -2.38829
1.11259 -2.38426
1.10764 -2.37778
1.10088 -2.37339
1.09554 -2.36736
1.08958 -2.36204
1.0834 -2.35698
1.0771 -2.35206
1.07104 -2.34686
1.06505 -2.34158
1.05882 -2.33657
1.0534 -2.33064
1.04654 -2.32636
1.0409 -2.32068
1.03446 -2.31591
1.02915 -2.30985
1.02221 -2.30566
1.01634 -2.30024
1.01072 -2.29454
1.00427 -2.28978
0.999173 -2.28348
0.99271 -2.27874
0.987222 -2.27288
0.980748 -2.26816
0.974088 -2.26365
0.968488 -2.25792
0.962329 -2.25283
0.956051 -2.24788
0.95025 -2.24239
0.944586 -2.23673
0.938723 -2.23131
0.932859 -2.22588
0.926316 -2.22123
0.92051 -2.21574
0.913838 -2.21124
0.908295 -2.20545
0.902553 -2.19989
0.896806 -2.1943
0.890353 -2.19103
0.885532 -2.18578
0.880615 -2.18065
0.874355 -2.17715
0.8695 -2.17193
0.862716 -2.16763
0.856455 -2.16266
0.850478 -2.15734
0.843402 -2.15341
0.837717 -2.14772
0.83135 -2.14289
0.825062 -2.13796
0.81867 -2.13317
0.812275 -2.12838
0.806659 -2.1226
0.80034 -2.11771
0.794158 -2.11265
0.78754 -2.10814
0.781753 -2.10257
0.775216 -2.09796
0.769063 -2.09286
0.762015 -2.0889
0.755733 -2.08396
0.749454 -2.07902
0.743084 -2.0742
0.737223 -2.06873
0.731464 -2.06313
0.724237 -2.05939
0.718035 -2.05436
0.712543 -2.04842
0.706019 -2.04379
0.699535 -2.03911
0.693423 -2.03396
0.686577 -2.02974
0.681325 -2.0235
0.67402 -2.01986
0.668341 -2.01416
0.661478 -2.00996
0.655729 -2.00435
0.649103 -1.99985
0.643253 -1.99437
0.636319 -1.99026
0.630138 -1.98519
0.624839 -1.97901
0.618277 -1.97443
0.611427 -1.97022
0.605267 -1.96513
0.599557 -1.95946
0.593338 -1.95445
0.58635 -1.95041
0.58006 -1.94548
0.574119 -1.94012
0.567481 -1.93563
0.561439 -1.93039
0.555544 -1.92497
0.549604 -1.9196
0.54236 -1.91588
0.536808 -1.91002
0.530456 -1.90517
0.524414 -1.89993
0.517454 -1.89586
0.511516 -1.89049
0.505344 -1.88541
0.49871 -1.88092
0.492196 -1.87628
0.48575 -1.87155
0.480347 -1.8655
0.474366 -1.86018
0.467488 -1.85601
0.460742 -1.85166
0.454364 -1.84685
0.449115 -1.8406
0.442886 -1.8356
0.436526 -1.83076
0.429346 -1.82696
0.423095 -1.82199
0.417643 -1.816
0.410512 -1.81214
0.404852 -1.80642
0.398903 -1.80106
0.392236 -1.79661
0.386324 -1.79121
0.379445 -1.78703
0.373456 -1.78172
0.367245 -1.7767
0.360846 -1.77191
0.353962 -1.76774
0.348825 -1.76135
0.342056 -1.75703
0.335796 -1.75207
0.329121 -1.74763
0.323092 -1.74237
0.316856 -1.73738
0.310361 -1.73272
0.304635 -1.72707
0.297997 -1.72259
0.291979 -1.71732
0.285134 -1.7131
0.279512 -1.70733
0.272784 -1.70296
0.266454 -1.69808
0.260474 -1.69276
0.254062 -1.68799
0.247388 -1.68355
0.241438 -1.6782
0.23516 -1.67326
0.228899 -1.66829
0.222978 -1.6629
0.216861 -1.65776
0.209666 -1.65398
0.203444 -1.64897
0.19826 -1.64264
0.191243 -1.63863
0.185484 -1.63304
0.179173 -1.62814
0.172567 -1.62361
0.16633 -1.61901
0.158581 -1.61804
0.150833 -1.61808
0.143084 -1.61947
0.135335 -1.61776
0.127587 -1.61913
0.119838 -1.61961
0.112089 -1.61766
0.104341 -1.61785
0.0965921 -1.61942
0.0888434 -1.6194
0.0810948 -1.61897
0.0733461 -1.61771
0.0655975 -1.61854
0.0578488 -1.61934
0.0501002 -1.61844
0.0420656 -1.61828
0.0366499 -1.62427
0.0296038 -1.62831
0.023635 -1.63364
0.0180704 -1.63946
0.0115126 -1.64408
0.00518439 -1.64898
-0.000493986 -1.65466
-0.00700816 -1.65934
-0.0134888 -1.66406
-0.0190429 -1.66989
-0.0257556 -1.67432
-0.0313808 -1.68007
-0.0380004 -1.68462
-0.0432978 -1.69076
-0.0496932 -1.69558
-0.0563088 -1.70013
-0.0625063 -1.70519
-0.0689862 -1.70991
-0.0741629 -1.71619
-0.0810913 -1.72037
-0.0868971 -1.7259
-0.0923432 -1.73186
-0.0991503 -1.73618
-0.105155 -1.74147
-0.111962 -1.74579
-0.117963 -1.75109
-0.123809 -1.75657
-0.129558 -1.76216
-0.13666 -1.76613
-0.14181 -1.77245
-0.148815 -1.77653
-0.154983 -1.78163
-0.160155 -1.78792
-0.166843 -1.79238
-0.172759 -1.79778
-0.178574 -1.8033
-0.185619 -1.80733
-0.190866 -1.81354
-0.197851 -1.81765
-0.204106 -1.82263
-0.210481 -1.82748
-0.216148 -1.83317
-0.221828 -1.83885
-0.228212 -1.84368
-0.233939 -1.84931
-0.24037 -1.85408
-0.24667 -1.85902
-0.25228 -1.86478
-0.259507 -1.8686
-0.264951 -1.87456
-0.271082 -1.8797
-0.277612 -1.88436
-0.283541 -1.88974
-0.289471 -1.89511
-0.296421 -1.89927
-0.302622 -1.90432
-0.307828 -1.91057
-0.31494 -1.91453
-0.320974 -1.91978
-0.326218 -1.92598
-0.332255 -1.93123
-0.33892 -1.93573
-0.345456 -1.94038
-0.351536 -1.94557
-0.357657 -1.95072
-0.364106 -1.95548
-0.370327 -1.96051
-0.375707 -1.96655
-0.382478 -1.97092
-0.388721 -1.97592
-0.394159 -1.98189
-0.401017 -1.98615
-0.407096 -1.99135
-0.412387 -1.9975
-0.418793 -2.0023
-0.425142 -2.00718
-0.431231 -2.01236
-0.438042 -2.01668
-0.443751 -2.02233
-0.449227 -2.02825
-0.455271 -2.0335
-0.462633 -2.03715
-0.467847 -2.04339
-0.474111 -2.04837
-0.481081 -2.0525
-0.486489 -2.0585
-0.493338 -2.06278
-0.499323 -2.06809
-0.505183 -2.07355
-0.511459 -2.07851
-0.517038 -2.08432
-0.523745 -2.08876
-0.529886 -2.09388
-0.535675 -2.09943
-0.541557 -2.10487
-0.54773 -2.10995
-0.554329 -2.11453
-0.560863 -2.11918
-0.566657 -2.12472
-0.572818 -2.12982
-0.578849 -2.13508
-0.585614 -2.13946
-0.590722 -2.14582
-0.597593 -2.15007
-0.603538 -2.15543
-0.609667 -2.16057
-0.616287 -2.16512
-0.621404 -2.17148
-0.628702 -2.17521
-0.634185 -2.18113
-0.640968 -2.18548
-0.646906 -2.19085
-0.65327 -2.1957
-0.659164 -2.20112
-0.665001 -2.20662
-0.670866 -2.21207
-0.677289 -2.21686
-0.683296 -2.22214
-0.690101 -2.22647
-0.696324 -2.23152
-0.700837 -2.23524
-0.706328 -2.24108
-0.711832 -2.24691
-0.717507 -2.25254
-0.72414 -2.25714
-0.729741 -2.26286
-0.735956 -2.26791
-0.741185 -2.27403
-0.746723 -2.27982
-0.753728 -2.28401
-0.758518 -2.29062
-0.76498 -2.2954
-0.771113 -2.30054
-0.776645 -2.30633
-0.782995 -2.31124
-0.788202 -2.31739
-0.794887 -2.32192
-0.800514 -2.32762
-0.805996 -2.33347
-0.812058 -2.33868
-0.817348 -2.34474
-0.824189 -2.34911
-0.830303 -2.35427
-0.834946 -2.36103
-0.841701 -2.3655
-0.848028 -2.37043
-0.853404 -2.37639
-0.859246 -2.38185
-0.86473 -2.38769
-0.870963 -2.39273
-0.877336 -2.3976
-0.882317 -2.404
-0.888517 -2.40907
-0.89409 -2.41482
-0.900247 -2.41993
-0.906003 -2.42548
-0.912644 -2.43007
-0.91768 -2.4364
-0.924076 -2.44126
-0.929176 -2.44752
-0.935617 -2.45233
-0.940981 -2.4583
-0.947997 -2.46248
-0.952735 -2.46914
-0.958971 -2.47417
-0.965587 -2.47878
-0.970875 -2.48485
-0.976355 -2.4907
-0.983443 -2.4948
-0.988093 -2.50155
-0.994606 -2.50628
-1.00052 -2.51165
-1.00625 -2.51724
-1.01173 -2.52309
-1.01837 -2.52768
-1.02343 -2.53399
-1.02959 -2.53909
-1.03564 -2.54433
-1.042 -2.54922
-1.04776 -2.55476
-1.05366 -2.56016
-1.05967 -2.56543
-1.06534 -2.57107
-1.07102 -2.57671
-1.07664 -2.58241
-1.08254 -2.58781
-1.08865 -2.59296
-1.0952 -2.59765
-1.10082 -2.60336
-1.10689 -2.60856
-1.11175 -2.61509
-1.11869 -2.61935
-1.12383 -2.62557
-1.13032 -2.63032
-1.13608 -2.63587
-1.14119 -2.64213
-1.14716 -2.64744
-1.15344 -2.65242
-1.15903 -2.65815
-1.16518 -2.66328
-1.1716 -2.6681
-1.17715 -2.67388
-1.1827 -2.67966
-1.1888 -2.68483
-1.19518 -2.6897
-1.2001 -2.69617
-1.20699 -2.70048
-1.21208 -2.70675
-1.21823 -2.71187
-1.22426 -2.71712
-1.23077 -2.72186
-1.23544 -2.72859
-1.24242 -2.73281
-1.24746 -2.73914
-1.25414 -2.74369
-1.26005 -2.74906
-1.26575 -2.75468
-1.27107 -2.7607
-1.27753 -2.76549
-1.28315 -2.77119
-1.28847 -2.77721
-1.29476 -2.78218
-1.3011 -2.7871
-1.30629 -2.79326
-1.31301 -2.79776
-1.31889 -2.80318
-1.32371 -2.80975
-1.32978 -2.81496
-1.33616 -2.81983
-1.34219 -2.82508
-1.34803 -2.83054
-1.35316 -2.83678
-1.3598 -2.84136
-1.36589 -2.84655
-1.37211 -2.8516
-1.37741 -2.85764
-1.38363 -2.86268
-1.38856 -2.86914
-1.39464 -2.87434
-1.4003 -2.87999
-1.40636 -2.88521
-1.41235 -2.89051
-1.41925 -2.89481
-1.42431 -2.90111
-1.43023 -2.9065
-1.43652 -2.91146
-1.44273 -2.91652
-1.44829 -2.92228
-1.45451 -2.92733
-1.45965 -2.93355
-1.46547 -2.93903
-1.47215 -2.94357
-1.47706 -2.95004
-1.4831 -2.95529
-1.48863 -2.96108
-1.49571 -2.96519
-1.5011 -2.97114
-1.50661 -2.97697
-1.51323 -2.98157
-1.51921 -2.98688
-1.52499 -2.9924
-1.53004 -2.99872
-1.53571 -3.00436
-1.54277 -3.0085
-1.54832 -3.01427
-1.55349 -3.02046
-1.55957 -3.02566
-1.56633 -3.03012
-1.57202 -3.03574
-1.57713 -3.042
-1.58308 -3.04734
-1.5887 -3.05303
-1.59576 -3.05717
-1.60049 -3.06383
-1.60642 -3.0692
-1.61355 -3.07325
-1.61855 -3.07962
-1.62514 -3.08427
-1.63108 -3.08961
-1.63678 -3.09523
-1.64187 -3.1015
-1.64889 -3.10567
-1.65387 -3.11207
-1.6602 -3.117
-1.66582 -3.12269
-1.67205 -3.12773
-1.67787 -3.13321
-1.68338 -3.13903
-1.68926 -3.14444
-1.69474 -3.1503
-1.70142 -3.15484
-1.70757 -3.15996
-1.71333 -3.16551
-1.71853 -3.17167
-1.72428 -3.17722
-1.7312 -3.1815
-1.73609 -3.188
-1.74207 -3.1933
-1.74851 -3.19811
-1.75385 -3.20412
-1.76071 -3.20846
-1.76556 -3.215
-1.77226 -3.21952
-1.77713 -3.22604
-1.7838 -3.2306
-1.78947 -3.23624
-1.79599 -3.24096
-1.80142 -3.24687
-1.80668 -3.25296
-1.81316 -3.25771
-1.81841 -3.26382
-1.82541 -3.26802
-1.83053 -3.27426
-1.83686 -3.27919
-1.84315 -3.28415
-1.84779 -3.29093
-1.8512 -3.29311
-1.85087 -3.29348
-1.85041 -3.29406
-1.84999 -3.29467
-1.8496 -3.2953
-1.84926 -3.29596
-1.84895 -3.29663
-1.84869 -3.29732
-1.84848 -3.29803
-1.8483 -3.29875
-1.84817 -3.29947
-1.84809 -3.30021
-1.84805 -3.30095
-1.84805 -3.30169
-1.84811 -3.30242
-1.84925 -3.3137
-1.84934 -3.31443
-1.84948 -3.31515
-1.84967 -3.31585
-1.84989 -3.31655
-1.85016 -3.31723
-1.85047 -3.31789
-1.85082 -3.31854
-1.8512 -3.31916
-1.85163 -3.31975
-1.85209 -3.32032
-1.87704 -3.3506
-1.87751 -3.35116
-1.87802 -3.35169
-1.87855 -3.35219
-1.87912 -3.35265
-1.87971 -3.35308
-1.88033 -3.35348
-1.88097 -3.35383
-1.88163 -3.35414
-1.8823 -3.35442
-1.91564 -3.36594
-1.91635 -3.36616
-1.91708 -3.36634
-1.91782 -3.36647
-1.91856 -3.36656
-1.91931 -3.36659
-1.92005 -3.36659
-1.9208 -3.36653
-1.92154 -3.36643
-1.92227 -3.36628
-1.923 -3.36609
-1.92371 -3.36586
-1.9244 -3.36557
-1.92507 -3.36525
-1.92573 -3.36489
-1.92636 -3.36448
-1.92696 -3.36404
-1.92753 -3.36356
-1.92762 -3.36347
-1.93051 -3.36631
-1.93676 -3.37131
-1.94278 -3.37658
-1.94859 -3.38207
-1.9538 -3.38821
-1.95968 -3.39364
-1.96627 -3.39827
-1.97246 -3.40336
-1.97757 -3.40961
-1.98432 -3.41408
-1.98964 -3.42011
-1.99623 -3.42475
-2.00193 -3.43035
-2.00695 -3.43671
-2.01336 -3.44155
-2.01909 -3.44713
-2.02522 -3.45227
-2.03086 -3.45794
-2.03722 -3.46284
-2.04327 -3.46807
-2.04869 -3.47399
-2.0539 -3.48013
-2.06017 -3.48512
-2.06565 -3.49098
-2.07265 -3.49517
-2.07754 -3.50166
-2.08382 -3.50664
-2.0893 -3.5125
-2.09601 -3.51701
-2.10154 -3.5228
-2.10734 -3.52831
-2.11327 -3.53367
-2.11945 -3.53876
-2.12455 -3.54502
-2.13104 -3.54978
-2.1366 -3.55553
-2.1429 -3.56049
-2.14863 -3.56608
-2.15452 -3.57148
-2.15998 -3.57735
-2.16586 -3.58277
-2.17259 -3.58726
-2.17783 -3.59337
-2.18346 -3.59906
-2.18987 -3.6039
-2.19592 -3.60913
-2.20202 -3.61431
-2.20815 -3.61944
-2.21303 -3.62596
-2.21925 -3.631
-2.22528 -3.63626
-2.23103 -3.64181
-2.23679 -3.64736
-2.24289 -3.65253
-2.24939 -3.65727
-2.25415 -3.66391
-2.2608 -3.66849
-2.2664 -3.67421
-2.27288 -3.67897
-2.27792 -3.6853
-2.28429 -3.69018
-2.29005 -3.69573
-2.29595 -3.70112
-2.30242 -3.7059
-2.30723 -3.71248
-2.31365 -3.71731
-2.31899 -3.7233
-2.32503 -3.72854
-2.33159 -3.73322
-2.33685 -3.73931
-2.3427 -3.74476
-2.349 -3.74973
-2.3555 -3.75446
-2.3604 -3.76095
-2.36685 -3.76574
-2.37315 -3.77069
-2.37869 -3.77648
-2.3848 -3.78164
-2.39065 -3.7871
-2.39587 -3.79323
-2.40157 -3.79884
-2.40789 -3.80378
-2.41398 -3.80896
-2.41905 -3.81526
-2.4256 -3.81995
-2.43095 -3.82594
-2.43736 -3.83078
-2.44315 -3.8363
-2.44936 -3.84135
-2.45481 -3.84724
-2.46106 -3.85225
-2.46613 -3.85855
-2.47198 -3.864
-2.47908 -3.86808
-2.48415 -3.87438
-2.49007 -3.87975
-2.49611 -3.885
-2.50257 -3.88978
-2.50824 -3.89543
-2.51378 -3.90121
-2.51913 -3.90721
-2.52499 -3.91263
-2.5316 -3.91726
-2.5373 -3.92287
-2.54336 -3.92809
-2.54922 -3.93353
-2.5547 -3.93938
-2.56093 -3.94442
-2.56679 -3.94986
-2.57283 -3.9551
-2.57816 -3.96111
-2.58423 -3.96632
-2.59043 -3.97138
-2.59562 -3.97755
-2.60257 -3.9818
-2.60854 -3.98712
-2.61349 -3.99355
-2.62022 -3.99804
-2.6259 -4.00367
-2.63107 -4.00986
-2.63746 -4.01472
-2.64326 -4.02023
-2.64972 -4.02501
-2.65478 -4.03132
-2.66083 -4.03655
-2.6674 -4.04121
-2.67233 -4.04766
-2.67838 -4.05289
-2.68507 -4.05743
-2.69103 -4.06275
-2.69659 -4.06851
-2.70232 -4.0741
-2.70806 -4.07966
-2.71363 -4.08542
-2.72041 -4.08985
-2.72584 -4.09576
-2.7312 -4.10174
-2.73743 -4.10677
-2.74367 -4.11181
-2.74904 -4.11777
-2.75499 -4.12311
-2.76168 -4.12764
-2.7666 -4.1341
-2.77297 -4.13899
-2.77869 -4.14458
-2.78444 -4.15013
-2.78997 -4.15593
-2.7965 -4.16064
-2.80264 -4.16577
-2.80854 -4.17117
-2.8136 -4.17747
-2.82039 -4.1819
-2.82634 -4.18724
-2.83206 -4.19283
-2.83823 -4.19793
-2.84393 -4.20354
-2.84965 -4.20913
-2.85521 -4.2149
-2.86072 -4.22072
-2.86724 -4.22543
-2.87293 -4.23105
-2.87941 -4.23581
-2.885 -4.24155
-2.89111 -4.24671
-2.89682 -4.25231
-2.90196 -4.25853
-2.90866 -4.26306
-2.91435 -4.26868
-2.92029 -4.27403
-2.92588 -4.27976
-2.93245 -4.28442
-2.93725 -4.29102
-2.94389 -4.29561
-2.94962 -4.30119
-2.95497 -4.30718
-2.96203 -4.31131
-2.96707 -4.31765
-2.97305 -4.32295
-2.97883 -4.32847
-2.98544 -4.33309
-2.99033 -4.33958
-2.99709 -4.34405
-3.00203 -4.35049
-3.00786 -4.35595
-3.01494 -4.36006
-3.02005 -4.36631
-3.02571 -4.37198
-3.03216 -4.37677
-3.03769 -4.38257
-3.04401 -4.3875
-3.04956 -4.39327
-3.05526 -4.39889
-3.06176 -4.40363
-3.06687 -4.40988
-3.07277 -4.41528
-3.07942 -4.41986
-3.0857 -4.42483
-3.0905 -4.43142
-3.0964 -4.43682
-3.10248 -4.44202
-3.10832 -4.44748
-3.11478 -4.45226
-3.12094 -4.45738
-3.12682 -4.46279
-3.13147 -4.46954
-3.13746 -4.47484
-3.14338 -4.48021
-3.14979 -4.48504
-3.15631 -4.48977
-3.16102 -4.49646
-3.16787 -4.50081
-3.17298 -4.50707
-3.17868 -4.51268
-3.18491 -4.51772
-3.19148 -4.52239
-3.1964 -4.52885
-3.20339 -4.53305
-3.20853 -4.53927
-3.21514 -4.54389
-3.2199 -4.55053
-3.22647 -4.55519
-3.23281 -4.5601
-3.23776 -4.56653
-3.24404 -4.57151
-3.25051 -4.57629
-3.25562 -4.58254
-3.26203 -4.58738
-3.26814 -4.59254
-3.27306 -4.59901
-3.28003 -4.60324
-3.28496 -4.60969
-3.29154 -4.61434
-3.29652 -4.62074
-3.30223 -4.62633
-3.30904 -4.63074
-3.31434 -4.63679
-3.32059 -4.6418
-3.32589 -4.64785
-3.33247 -4.6525
-3.33885 -4.65737
-3.34466 -4.66286
-3.34982 -4.66906
-3.35531 -4.6749
-3.36117 -4.68034
-3.36705 -4.68576
-3.37318 -4.6909
-3.37941 -4.69593
-3.38524 -4.7014
-3.39162 -4.70628
-3.39674 -4.71252
-3.40254 -4.71802
-3.4089 -4.72291
-3.41493 -4.72817
-3.42061 -4.7338
-3.42662 -4.73908
-3.43256 -4.74442
-3.43871 -4.74955
-3.44399 -4.75562
-3.44979 -4.76112
-3.45538 -4.76685
-3.46228 -4.77115
-3.46777 -4.777
-3.47426 -4.78175
-3.47933 -4.78804
-3.48563 -4.79303
-3.49103 -4.79893
-3.49644 -4.80483
-3.5016 -4.81058
-3.50612 -4.81687
-3.50993 -4.82161
-3.51404 -4.82611
-3.51841 -4.83041
-3.52016 -4.8325
-3.52246 -4.83663
-3.52467 -4.84068
-3.52734 -4.84472
-3.52617 -4.85256
-3.52695 -4.8604
-3.52623 -4.86825
-3.5264 -4.87609
-3.52737 -4.88393
-3.5276 -4.89177
-3.52787 -4.89961
-3.52704 -4.90745
-3.52728 -4.91529
-3.52689 -4.92314
-3.52663 -4.93098
-3.52779 -4.93882
-3.52785 -4.94666
-3.52751 -4.9545
-3.52823 -4.96234
-3.5268 -4.97019
-3.52659 -4.97803
-3.52693 -4.98587
-3.52764 -4.99371
-3.52814 -5.00155
-3.52813 -5.00939
-3.52666 -5.01724
-3.52674 -5.02508
-3.52784 -5.03292
-3.52701 -5.04076
-3.52789 -5.0486
-3.52689 -5.05645
-3.52669 -5.06429
-3.52691 -5.07213
-3.52694 -5.07997
-3.52741 -5.08773
-3.52686 -5.09186
-3.52614 -5.09603
-3.52248 -5.10074
-3.52111 -5.10665
-3.51857 -5.1088
-3.5159 -5.11538
-3.51207 -5.12122
-3.50781 -5.12678
-3.50488 -5.13165
-3.50053 -5.1355
-3.49794 -5.14063
-3.49469 -5.14553
-3.49002 -5.14931
-3.48614 -5.15352
-3.48069 -5.15937
-3.47466 -5.1646
-3.46922 -5.17047
-3.46332 -5.17584
-3.45691 -5.18066
-3.45083 -5.18582
-3.44556 -5.19188
-3.44017 -5.1978
-3.43354 -5.20238
-3.42768 -5.20778
-3.42193 -5.21331
-3.41624 -5.21892
-3.41021 -5.22414
-3.40373 -5.22887
-3.39834 -5.2348
-3.39263 -5.24037
-3.38662 -5.24562
-3.38091 -5.25119
-3.37541 -5.25699
-3.36945 -5.26229
-3.36326 -5.26735
-3.35678 -5.27209
-3.35167 -5.27832
-3.34495 -5.28279
-3.3393 -5.28843
-3.33327 -5.29365
-3.32805 -5.29976
-3.32258 -5.3056
-3.31577 -5.30998
-3.31042 -5.31594
-3.30446 -5.32124
-3.29825 -5.32627
-3.29253 -5.33184
-3.28655 -5.33711
-3.28114 -5.34302
-3.27463 -5.34771
-3.26906 -5.35344
-3.26253 -5.35813
-3.25692 -5.36381
-3.25134 -5.36953
-3.24586 -5.37535
-3.23923 -5.37992
-3.23434 -5.38639
-3.22784 -5.3911
-3.22237 -5.39694
-3.21585 -5.40163
-3.21062 -5.40773
-3.20413 -5.41245
-3.19774 -5.41729
-3.19235 -5.42321
-3.18621 -5.42832
-3.18047 -5.43385
-3.1747 -5.43936
-3.16829 -5.44418
-3.16334 -5.45058
-3.15667 -5.4551
-3.15079 -5.4605
-3.14538 -5.46641
-3.13937 -5.47165
-3.13335 -5.47689
-3.13022 -5.4794
-3.1301 -5.47928
-3.12953 -5.47881
-3.12893 -5.47837
-3.1283 -5.47796
-3.12766 -5.4776
-3.12698 -5.47728
-3.1263 -5.477
-3.12559 -5.47676
-3.12487 -5.47657
-3.12414 -5.47642
-3.12341 -5.47632
-3.12266 -5.47626
-3.12192 -5.47625
-3.12118 -5.47629
-3.11202 -5.47702
-3.11132 -5.47709
-3.11064 -5.47721
-3.10996 -5.47736
-3.10929 -5.47756
-3.10863 -5.47779
-3.10799 -5.47806
-3.10736 -5.47837
-3.08486 -5.4902
-3.08422 -5.49054
-3.08361 -5.49092
-3.08302 -5.49133
-3.08245 -5.49178
-3.08192 -5.49227
-3.08141 -5.49278
-3.07024 -5.50557
-3.06975 -5.50612
-3.0693 -5.50671
-3.06889 -5.50733
-3.06029 -5.52032
-3.05992 -5.5209
-3.05958 -5.5215
-3.05927 -5.52211
-3.05238 -5.53708
-3.05209 -5.53776
-3.05184 -5.53847
-3.05164 -5.53919
-3.05148 -5.53992
-3.05137 -5.54066
-3.0513 -5.54141
-3.05128 -5.54215
-3.05131 -5.5429
-3.05138 -5.54365
-3.0515 -5.54438
-3.05167 -5.54511
-3.05188 -5.54583
-3.05213 -5.54653
-3.05243 -5.54722
-3.05277 -5.54789
-3.05315 -5.54853
-3.05358 -5.54915
-3.05403 -5.54974
-3.05437 -5.55012
-3.05437 -5.55012
-3.05139 -5.55273
-3.04561 -5.55822
-3.03974 -5.56363
-3.03363 -5.56876
-3.02714 -5.57349
-3.02226 -5.57997
-3.01627 -5.58524
-3.00973 -5.5899
-3.00472 -5.59625
-2.99757 -5.60025
-2.99168 -5.60562
-2.98677 -5.61208
-2.98109 -5.61769
-2.97513 -5.62298
-2.96867 -5.62773
-2.96355 -5.63396
-2.95736 -5.63901
-2.95136 -5.64427
-2.94543 -5.6496
-2.93999 -5.65547
-2.93382 -5.66054
-2.92722 -5.66515
-2.92178 -5.67102
-2.91545 -5.67592
-2.90962 -5.68136
-2.90455 -5.68764
-2.89795 -5.69223
-2.89178 -5.69731
-2.88667 -5.70354
-2.87985 -5.7079
-2.8745 -5.71387
-2.86929 -5.71999
-2.8624 -5.72427
-2.85734 -5.73056
-2.85167 -5.73618
-2.84493 -5.74063
-2.83932 -5.74631
-2.83388 -5.75219
-2.82741 -5.75693
-2.82215 -5.76299
-2.81566 -5.76772
-2.80935 -5.77264
-2.80453 -5.77918
-2.79822 -5.7841
-2.79231 -5.78946
-2.78621 -5.79461
-2.78031 -5.79998
-2.77414 -5.80505
-2.76867 -5.81088
-2.76311 -5.81662
-2.75654 -5.82126
-2.75104 -5.82708
-2.74902 -5.82847
-2.74571 -5.83043
-2.73871 -5.83439
-2.73072 -5.83598
-2.72344 -5.83928
-2.71642 -5.8432
-2.70908 -5.84633
-2.70167 -5.84932
-2.6943 -5.85241
-2.68705 -5.85577
-2.67957 -5.85857
-2.67166 -5.86036
-2.66457 -5.86412
-2.65721 -5.86721
-2.65003 -5.87075
-2.64223 -5.87279
-2.63512 -5.87649
-2.62798 -5.88012
-2.62013 -5.88204
-2.61266 -5.88489
-2.60574 -5.88905
-2.59859 -5.89264
-2.59104 -5.89529
-2.58339 -5.8977
-2.57616 -5.90112
-2.5689 -5.90444
-2.56131 -5.907
-2.55412 -5.9105
-2.54655 -5.91311
-2.53897 -5.91568
-2.53214 -5.92005
-2.52447 -5.9224
-2.51748 -5.9264
-2.50961 -5.92826
-2.50215 -5.93114
-2.49489 -5.93446
-2.48782 -5.93827
-2.48026 -5.94089
-2.47268 -5.94347
-2.46575 -5.94759
-2.4578 -5.94928
-2.45077 -5.95316
-2.44299 -5.95526
-2.43565 -5.95842
-2.42828 -5.96149
-2.42118 -5.96521
-2.41369 -5.96801
-2.40626 -5.97095
-2.3988 -5.97381
-2.3917 -5.97754
-2.38457 -5.98118
-2.37712 -5.98406
-2.36931 -5.98608
-2.36191 -5.98909
-2.35512 -5.99357
-2.3475 -5.99603
-2.34001 -5.99882
-2.33298 -6.00272
-2.32518 -6.00477
-2.31792 -6.0081
-2.3105 -6.01106
-2.30296 -6.01374
-2.29611 -6.01806
-2.2886 -6.02081
-2.28138 -6.02424
-2.27383 -6.02689
-2.26636 -6.02971
-2.25868 -6.03205
-2.25118 -6.0348
-2.24387 -6.03804
-2.23717 -6.04273
-2.22908 -6.04406
-2.22184 -6.04745
-2.21444 -6.05046
-2.20709 -6.0536
-2.19983 -6.05693
-2.19246 -6.06001
-2.1854 -6.06383
-2.17748 -6.06558
-2.17015 -6.06876
-2.16312 -6.07266
-2.1555 -6.07513
-2.14805 -6.07802
-2.14097 -6.08178
-2.1334 -6.08438
-2.12647 -6.08853
-2.11888 -6.09106
-2.11112 -6.09319
-2.10395 -6.09677
-2.0966 -6.0999
-2.08964 -6.10395
-2.08228 -6.10706
-2.07487 -6.11004
-2.06723 -6.11246
-2.0595 -6.11467
