1.98109 -6.109
1.98883 -6.10691
1.99626 -6.10403
2.0031 -6.09962
2.01088 -6.09764
2.01837 -6.09492
2.02559 -6.09149
2.03305 -6.08868
2.0408 -6.08664
2.04782 -6.08267
2.05578 -6.08115
2.0626 -6.0767
2.07025 -6.0744
2.07808 -6.07254
2.08526 -6.069
2.09247 -6.06556
2.09983 -6.06248
2.10762 -6.06052
2.11479 -6.05698
2.12208 -6.05374
2.12968 -6.0513
2.13696 -6.04803
2.14466 -6.04584
2.15226 -6.0434
2.15948 -6.03995
2.16717 -6.03775
2.17437 -6.03426
2.18198 -6.03184
2.18926 -6.02857
2.19688 -6.02619
2.20428 -6.02322
2.21176 -6.02048
2.21917 -6.01754
2.22615 -6.01348
2.23379 -6.01115
2.24145 -6.00885
2.2488 -6.00577
2.25636 -6.0032
2.26383 -6.00044
2.27136 -5.9978
2.27879 -5.99492
2.28592 -5.99126
2.29357 -5.98894
2.30073 -5.98537
2.3082 -5.98258
2.31597 -5.98059
2.32279 -5.97613
2.33082 -5.97478
2.33787 -5.9709
2.34533 -5.9681
2.3531 -5.9661
2.3603 -5.96264
2.36763 -5.95949
2.37533 -5.95729
2.38221 -5.95299
2.38967 -5.95017
2.39743 -5.94814
2.40486 -5.94526
2.41246 -5.94283
2.41963 -5.93928
2.42738 -5.9372
2.43446 -5.93342
2.4422 -5.93133
2.44912 -5.92714
2.45676 -5.92479
2.46432 -5.92224
2.47209 -5.92024
2.47947 -5.91722
2.48689 -5.91432
2.49378 -5.91003
2.50183 -5.90874
2.50921 -5.90574
2.51629 -5.90195
2.52405 -5.89993
2.53108 -5.89601
2.53856 -5.89324
2.54593 -5.89019
2.55382 -5.8885
2.56126 -5.88564
2.56852 -5.88232
2.57563 -5.87861
2.58306 -5.87573
2.59077 -5.87357
2.59791 -5.86994
2.60584 -5.86834
2.61311 -5.86505
2.62031 -5.86157
2.6278 -5.85884
2.63538 -5.85635
2.6429 -5.85369
2.65035 -5.85086
2.6577 -5.84776
2.66531 -5.84536
2.67255 -5.84197
2.67979 -5.8386
2.68719 -5.83564
2.69513 -5.83406
2.70235 -5.83065
2.71001 -5.82835
2.71741 -5.82539
2.72481 -5.82243
2.73174 -5.81826
2.73929 -5.81567
2.74665 -5.81262
2.7539 -5.80927
2.76147 -5.80676
2.7633 -5.8067
2.76696 -5.80314
2.77359 -5.79855
2.77926 -5.79292
2.78451 -5.78684
2.79044 -5.78149
2.79623 -5.77599
2.80224 -5.77074
2.80794 -5.76513
2.81503 -5.76107
2.81975 -5.7544
2.82647 -5.74992
2.83252 -5.7447
2.8383 -5.73919
2.84371 -5.73328
2.85024 -5.72859
2.85628 -5.72337
2.86183 -5.7176
2.86755 -5.71203
2.8728 -5.70594
2.87948 -5.70141
2.88558 -5.69625
2.89079 -5.69012
2.89668 -5.68473
2.90264 -5.67942
2.909 -5.67454
2.91471 -5.66896
2.92084 -5.66384
2.92575 -5.65737
2.9325 -5.65292
2.93875 -5.64793
2.94345 -5.64123
2.9498 -5.63635
2.95531 -5.63055
2.96233 -5.62639
2.96774 -5.62048
2.97318 -5.6146
2.97885 -5.60897
2.98486 -5.60372
2.99183 -5.59951
2.99748 -5.59385
3.00356 -5.58867
3.00858 -5.58233
3.01485 -5.57736
3.0209 -5.57215
3.0266 -5.56655
3.03293 -5.56165
3.03841 -5.55581
3.04477 -5.55093
3.05025 -5.54509
3.05644 -5.54003
3.0626 -5.53494
3.0682 -5.52924
3.07416 -5.52392
3.07934 -5.51776
3.08616 -5.51338
3.09198 -5.50792
3.09698 -5.50155
3.10301 -5.49632
3.109 -5.49104
3.11507 -5.48585
3.12083 -5.48032
3.12648 -5.47466
3.13255 -5.46947
3.13848 -5.46413
3.14417 -5.45853
3.15058 -5.4537
3.15592 -5.44771
3.16205 -5.44258
3.16783 -5.43708
3.17337 -5.4313
3.17971 -5.4264
3.1853 -5.42069
3.191 -5.41509
3.19801 -5.41093
3.20317 -5.40474
3.20864 -5.3989
3.21485 -5.39386
3.22172 -5.38954
3.22714 -5.38363
3.23223 -5.37737
3.23888 -5.37281
3.24511 -5.36779
3.25038 -5.36172
3.25698 -5.35712
3.26183 -5.35059
3.26867 -5.34624
3.27415 -5.34041
3.27933 -5.33424
3.28614 -5.32986
3.29144 -5.32382
3.29796 -5.31912
3.3029 -5.3127
3.30884 -5.30736
3.31489 -5.30214
3.3212 -5.29722
3.3276 -5.29238
3.33258 -5.28601
3.33835 -5.28048
3.34444 -5.27531
3.35061 -5.27023
3.35715 -5.26555
3.36227 -5.25933
3.36884 -5.25467
3.37469 -5.24925
3.37975 -5.24294
3.38588 -5.23782
3.39263 -5.23337
3.3977 -5.22708
3.40426 -5.22243
3.40898 -5.21576
3.41513 -5.21065
3.42114 -5.2054
3.42741 -5.20043
3.43315 -5.19487
3.43916 -5.18961
3.44475 -5.18389
3.45097 -5.17887
3.45724 -5.17389
3.46325 -5.16864
3.46832 -5.16235
3.47403 -5.15676
3.47985 -5.15131
3.48595 -5.14615
3.49274 -5.14173
3.49852 -5.13623
3.50329 -5.12962
3.51002 -5.12496
3.50935 -5.11817
3.5108 -5.11139
3.51025 -5.10354
3.51086 -5.09567
3.50962 -5.08782
3.50954 -5.07996
3.50887 -5.07211
3.5087 -5.06425
3.51032 -5.05636
3.50869 -5.04852
3.50885 -5.04066
3.50979 -5.03279
3.50982 -5.02492
3.50834 -5.01708
3.5087 -5.00922
3.50773 -5.00137
3.50799 -4.9935
3.50896 -4.98563
3.50874 -4.97777
3.50871 -4.96991
3.50903 -4.96204
3.50728 -4.9542
3.50772 -4.94633
3.50858 -4.93846
3.50744 -4.93061
3.50832 -4.92274
3.50785 -4.91488
3.50834 -4.90702
3.50632 -4.89918
3.50652 -4.89132
3.50755 -4.88344
3.50677 -4.87559
3.50602 -4.86774
3.50685 -4.85987
3.50654 -4.85201
3.50689 -4.84414
3.50564 -4.8363
3.50554 -4.82844
3.50723 -4.82055
3.50641 -4.8127
3.50564 -4.80485
3.50669 -4.79697
3.50627 -4.78912
3.50623 -4.78126
3.50542 -4.7734
3.50568 -4.76554
3.50471 -4.75769
3.50441 -4.74983
3.50422 -4.74202
3.50455 -4.73587
3.50489 -4.72964
3.50309 -4.7223
3.49986 -4.71541
3.50031 -4.71396
3.49404 -4.70899
3.48785 -4.70392
3.48267 -4.6977
3.47664 -4.69246
3.47051 -4.68731
3.46407 -4.68253
3.45829 -4.67701
3.45163 -4.67246
3.4459 -4.66687
3.44016 -4.66129
3.43453 -4.65559
3.42856 -4.65028
3.42197 -4.64566
3.41665 -4.63961
3.4104 -4.63461
3.40406 -4.62971
3.39808 -4.6244
3.39264 -4.61848
3.38687 -4.61294
3.37971 -4.60897
3.37381 -4.60356
3.36866 -4.59732
3.36292 -4.59174
3.35585 -4.58767
3.35 -4.58222
3.34423 -4.57667
3.33886 -4.57067
3.33172 -4.56669
3.32593 -4.56116
3.32053 -4.5552
3.31404 -4.55047
3.30884 -4.54428
3.30254 -4.53933
3.29651 -4.53408
3.28982 -4.52958
3.28369 -4.52445
3.27791 -4.51891
3.27172 -4.51384
3.26572 -4.50855
3.26054 -4.50234
3.25379 -4.49791
3.24885 -4.49143
3.24193 -4.48718
3.23632 -4.48146
3.23011 -4.47641
3.22381 -4.47147
3.21763 -4.46638
3.21248 -4.46014
3.20573 -4.4557
3.20055 -4.44949
3.19374 -4.44512
3.18887 -4.43856
3.18239 -4.43382
3.17687 -4.42799
3.17076 -4.42283
3.16429 -4.41809
3.15792 -4.41321
3.1524 -4.40738
3.14598 -4.40258
3.1407 -4.39648
3.13402 -4.39197
3.12868 -4.38593
3.12271 -4.38062
3.1165 -4.37557
3.11034 -4.37047
3.10398 -4.36559
3.09828 -4.35997
3.09289 -4.35399
3.08638 -4.34929
3.07996 -4.34447
3.07423 -4.33889
3.06763 -4.33429
3.06228 -4.32827
3.05585 -4.32347
3.05026 -4.31772
3.04486 -4.31175
3.0382 -4.30722
3.0325 -4.30159
3.02597 -4.29691
3.02086 -4.29062
3.01485 -4.28534
3.00781 -4.28124
3.00228 -4.27542
2.99619 -4.27024
2.99086 -4.2642
2.98476 -4.25903
2.97765 -4.255
2.97238 -4.24889
2.96606 -4.24396
2.96027 -4.23845
2.95393 -4.23354
2.94837 -4.22777
2.94198 -4.22293
2.93675 -4.21676
2.93074 -4.21149
2.92492 -4.206
2.91819 -4.20155
2.9128 -4.19557
2.90582 -4.1914
2.89982 -4.18612
2.89488 -4.17962
2.88859 -4.17468
2.8828 -4.16915
2.87612 -4.16464
2.87057 -4.15885
2.86441 -4.15374
2.85824 -4.14865
2.8525 -4.14307
2.84675 -4.1375
2.84045 -4.13256
2.83467 -4.12703
2.82864 -4.12177
2.82241 -4.11676
2.81687 -4.11095
2.80985 -4.10682
2.80389 -4.10149
2.79872 -4.09527
2.7928 -4.08989
2.78567 -4.08589
2.78084 -4.07927
2.77436 -4.07454
2.76833 -4.06929
2.76279 -4.06348
2.75626 -4.0588
2.74965 -4.05421
2.74467 -4.04776
2.73889 -4.04223
2.73201 -4.03795
2.7266 -4.03199
2.72044 -4.02689
2.71372 -4.02242
2.70815 -4.01665
2.70236 -4.01113
2.69563 -4.00668
2.69029 -4.00064
2.68402 -3.99567
2.67798 -3.99043
2.67186 -3.98528
2.66673 -3.979
2.66023 -3.97429
2.65478 -3.96838
2.64789 -3.9641
2.64168 -3.95906
2.63631 -3.95306
2.63005 -3.94807
2.62464 -3.94212
2.6177 -3.9379
2.61276 -3.93141
2.60664 -3.92626
2.60028 -3.92139
2.59437 -3.91601
2.58794 -3.9112
2.58222 -3.90561
2.5767 -3.89978
2.57021 -3.89505
2.56453 -3.8894
2.55864 -3.884
2.55231 -3.87909
2.54623 -3.87389
2.5397 -3.86921
2.53479 -3.86269
2.52839 -3.85786
2.52254 -3.8524
2.51565 -3.84813
2.51022 -3.8422
2.50366 -3.83755
2.4979 -3.83199
2.49253 -3.82599
2.48625 -3.82102
2.48044 -3.81553
2.47469 -3.80996
2.46818 -3.80525
2.46229 -3.79985
2.456 -3.79489
2.45003 -3.78957
2.44453 -3.78372
2.43815 -3.77886
2.43264 -3.77302
2.42672 -3.76765
2.4201 -3.76307
2.41403 -3.75787
2.40781 -3.75283
2.40221 -3.7471
2.39578 -3.7423
2.39007 -3.73669
2.3838 -3.73171
2.37817 -3.726
2.37206 -3.72085
2.36632 -3.71527
2.35968 -3.71071
2.35472 -3.70424
2.34778 -3.70002
2.34222 -3.69424
2.33635 -3.68882
2.33082 -3.68299
2.32398 -3.67866
2.31889 -3.67235
2.3121 -3.66796
2.30631 -3.66243
2.30016 -3.65732
2.29425 -3.65194
2.28791 -3.64704
2.28267 -3.64089
2.27611 -3.63624
2.27061 -3.63039
2.26464 -3.62508
2.25792 -3.62061
2.25269 -3.61445
2.24622 -3.6097
2.23972 -3.60498
2.23429 -3.59905
2.22797 -3.59413
2.222 -3.58881
2.21578 -3.58378
2.20988 -3.57838
2.20426 -3.57267
2.19869 -3.5669
2.19284 -3.56144
2.18666 -3.55635
2.18017 -3.55163
2.17372 -3.54685
2.16867 -3.5405
2.16244 -3.53547
2.15584 -3.53086
2.15018 -3.5252
2.1443 -3.51977
2.13789 -3.51496
2.1324 -3.5091
2.12689 -3.50326
2.12033 -3.49861
2.11472 -3.49288
2.10811 -3.48829
2.10248 -3.48258
2.09633 -3.47748
2.08978 -3.47281
2.08397 -3.46731
2.07787 -3.46214
2.07181 -3.45692
2.06579 -3.45166
2.06045 -3.44563
2.05407 -3.44078
2.04794 -3.43564
2.04167 -3.43067
2.03686 -3.42403
2.03082 -3.41879
2.02394 -3.41451
2.01889 -3.40814
2.01255 -3.40325
2.00658 -3.39793
1.99989 -3.39343
1.99383 -3.38822
1.98793 -3.38281
1.98224 -3.37718
1.97676 -3.3713
1.97085 -3.36592
1.96379 -3.36184
1.95764 -3.35672
1.95281 -3.35011
1.94578 -3.346
1.93972 -3.34078
1.93435 -3.33478
1.92858 -3.32923
1.92236 -3.3242
1.91574 -3.31962
1.91001 -3.31403
1.90421 -3.30851
1.89848 -3.30293
1.89174 -3.29849
1.88624 -3.29263
1.88007 -3.28755
1.8739 -3.28245
1.86793 -3.27713
1.86177 -3.27202
1.85618 -3.26628
1.84976 -3.26147
1.84407 -3.25583
1.83851 -3.25005
1.8322 -3.24512
1.82572 -3.24039
1.82006 -3.23471
1.81452 -3.22891
1.80832 -3.22385
1.80248 -3.21838
1.79679 -3.21274
1.79047 -3.20783
1.78425 -3.20279
1.77837 -3.19737
1.77201 -3.1925
1.7658 -3.18745
1.75977 -3.1822
1.75446 -3.17614
1.74875 -3.17052
1.74169 -3.16643
1.73661 -3.16011
1.7299 -3.15563
1.72372 -3.15056
1.718 -3.14495
1.7123 -3.13932
1.70684 -3.13343
1.69982 -3.1293
1.69473 -3.12299
1.6887 -3.11774
1.68242 -3.11277
1.6761 -3.10785
1.67031 -3.10233
1.66474 -3.09656
1.65834 -3.09172
1.65177 -3.08709
1.64608 -3.08145
1.64039 -3.07581
1.6341 -3.07086
1.62769 -3.06604
1.62216 -3.06022
1.61616 -3.05494
1.60967 -3.05022
1.60408 -3.04446
1.59821 -3.03903
1.59268 -3.03321
1.58669 -3.02791
1.58047 -3.02288
1.57397 -3.01817
1.56786 -3.01301
1.56164 -3.00797
1.55597 -3.00232
1.54967 -2.99737
1.54388 -2.99185
1.53793 -2.98651
1.53262 -2.98044
1.52673 -2.97503
1.52032 -2.97021
1.51428 -2.96497
1.50774 -2.9603
1.50167 -2.9551
1.49591 -2.94954
1.49015 -2.94399
1.48473 -2.93805
1.4779 -2.9337
1.47274 -2.92747
1.46663 -2.9223
1.45963 -2.91815
1.45424 -2.91218
1.44842 -2.90669
1.44246 -2.90136
1.43628 -2.89628
1.43013 -2.89116
1.42465 -2.88529
1.41859 -2.88008
1.41227 -2.87516
1.40681 -2.86926
1.40038 -2.86446
1.39368 -2.85998
1.38841 -2.85386
1.38277 -2.84817
1.37649 -2.84321
1.37018 -2.83827
1.36391 -2.83329
1.3587 -2.82711
1.35286 -2.82164
1.34691 -2.8163
1.34035 -2.81166
1.33427 -2.80647
1.32895 -2.80041
1.32239 -2.79576
1.31608 -2.79083
1.30979 -2.78587
1.30489 -2.77934
1.2984 -2.77461
1.29287 -2.76879
1.28672 -2.76368
1.28048 -2.75867
1.27466 -2.75318
1.26832 -2.74828
1.26192 -2.74346
1.25641 -2.73761
1.25066 -2.73205
1.24479 -2.72661
1.2387 -2.72143
1.23233 -2.71656
1.22585 -2.71183
1.21971 -2.7067
1.21453 -2.70049
1.20887 -2.69482
1.20276 -2.68966
1.19564 -2.68564
1.18972 -2.68027
1.18375 -2.67495
1.17886 -2.66841
1.17208 -2.66401
1.16586 -2.65898
1.16094 -2.65247
1.15449 -2.64769
1.14868 -2.64219
1.14187 -2.63783
1.13601 -2.63239
1.13047 -2.62658
1.12364 -2.62224
1.11809 -2.61644
1.11263 -2.61055
1.10575 -2.60626
1.10055 -2.60006
1.09483 -2.59447
1.08829 -2.58979
1.08232 -2.58447
1.07627 -2.57925
1.07076 -2.57341
1.06385 -2.56916
1.05839 -2.56327
1.05214 -2.55826
1.0464 -2.55269
1.03974 -2.54815
1.03376 -2.54284
1.02797 -2.53732
1.02281 -2.53108
1.01676 -2.52585
1.01045 -2.52091
1.00481 -2.51522
0.998867 -2.50988
0.992669 -2.50482
0.986498 -2.49973
0.980337 -2.49463
0.974431 -2.48924
0.968079 -2.48435
0.961801 -2.47938
0.956197 -2.47365
0.95047 -2.46806
0.943879 -2.46344
0.938035 -2.45798
0.932795 -2.45183
0.926277 -2.44714
0.920932 -2.44111
0.913794 -2.43712
0.908838 -2.43065
0.902253 -2.42603
0.895698 -2.42138
0.89056 -2.41511
0.884172 -2.41027
0.878377 -2.40475
0.872358 -2.39949
0.866001 -2.39461
0.86074 -2.38849
0.854808 -2.38313
0.848949 -2.37768
0.842681 -2.3727
0.836388 -2.36775
0.829924 -2.36299
0.824655 -2.35688
0.817874 -2.35248
0.812799 -2.34615
0.805925 -2.34186
0.800323 -2.33612
0.794119 -2.33107
0.787871 -2.32607
0.781841 -2.32082
0.77606 -2.31528
0.770617 -2.30937
0.764595 -2.30411
0.758358 -2.29909
0.752525 -2.29362
0.746119 -2.2888
0.739756 -2.28393
0.73435 -2.27797
0.728387 -2.27264
0.722352 -2.2674
0.715665 -2.26289
0.710131 -2.25708
0.703982 -2.25196
0.697839 -2.24684
0.692736 -2.24054
0.686929 -2.23504
0.680892 -2.22979
0.674022 -2.2255
0.667995 -2.22024
0.661725 -2.21527
0.656031 -2.20964
0.650437 -2.20389
0.644376 -2.19868
0.6384 -2.19336
0.631668 -2.18891
0.625774 -2.18353
0.625768 -2.18256
0.61998 -2.17706
0.612865 -2.17324
0.607044 -2.16779
0.601501 -2.16199
0.595203 -2.15714
0.588084 -2.15332
0.582561 -2.14749
0.576039 -2.14292
0.569909 -2.13786
0.563287 -2.13342
0.557005 -2.12855
0.551118 -2.12318
0.544387 -2.11887
0.539115 -2.11273
0.533081 -2.10755
0.526091 -2.10357
0.52019 -2.09822
0.513378 -2.09401
0.508087 -2.08789
0.501954 -2.08284
0.495152 -2.07862
0.489512 -2.07294
0.482407 -2.0691
0.476808 -2.06337
0.470788 -2.05817
0.463632 -2.0544
0.458151 -2.04852
0.451974 -2.04352
0.445224 -2.03924
0.438764 -2.03459
0.432402 -2.02982
0.426222 -2.02482
0.420821 -2.01884
0.414343 -2.01422
0.408008 -2.00941
0.40136 -2.005
0.396048 -1.99891
0.389429 -1.99446
0.383135 -1.98961
0.376736 -1.98488
0.370811 -1.97956
0.364638 -1.97456
0.358616 -1.96936
0.352496 -1.96428
0.346099 -1.95956
0.339576 -1.95499
0.333254 -1.95017
0.327118 -1.94511
0.32034 -1.94087
0.314317 -1.93567
0.308204 -1.93058
0.302691 -1.92475
0.296361 -1.91994
0.2894 -1.91592
0.283112 -1.91106
0.27778 -1.90499
0.271611 -1.89998
0.264456 -1.8962
0.25827 -1.89121
0.252276 -1.88598
0.245664 -1.88152
0.239755 -1.87618
0.23431 -1.87026
0.227074 -1.86659
0.22141 -1.86094
0.215127 -1.85607
0.208953 -1.85106
0.202961 -1.84583
0.196019 -1.84178
0.190067 -1.8365
0.183516 -1.83197
0.177691 -1.82652
0.17189 -1.82104
0.165979 -1.81571
0.158626 -1.81218
0.15236 -1.80729
0.147234 -1.80097
0.140738 -1.79636
0.134279 -1.79172
0.128646 -1.78603
0.121463 -1.78229
0.116074 -1.7763
0.108838 -1.77262
0.102914 -1.7673
0.0974517 -1.7614
0.0905868 -1.75726
0.084187 -1.75254
0.0787914 -1.74655
0.0722103 -1.74206
0.0660106 -1.73708
0.0598171 -1.7321
0.0539674 -1.72669
0.0465787 -1.72321
0.0405164 -1.71806
0.0351874 -1.71199
0.0290399 -1.70695
0.0225633 -1.70232
0.0162506 -1.69749
0.00969944 -1.69296
0.00335516 -1.68817
-0.00322871 -1.68368
-0.00917866 -1.67839
-0.0149317 -1.67285
-0.0212091 -1.66797
-0.0280138 -1.66376
-0.0337763 -1.65823
-0.039521 -1.65269
-0.0462334 -1.64836
-0.0526959 -1.64371
-0.058021 -1.63764
-0.0652712 -1.63399
-0.0712373 -1.62872
-0.0768997 -1.62307
-0.0835187 -1.61819
-0.0915117 -1.61947
-0.0995046 -1.61873
-0.107498 -1.61847
-0.115491 -1.6187
-0.123483 -1.6193
-0.131476 -1.61875
-0.139469 -1.61928
-0.147462 -1.61858
-0.155455 -1.6178
-0.163448 -1.6178
-0.171441 -1.61858
-0.179434 -1.61888
-0.187427 -1.61836
-0.19542 -1.61833
-0.203413 -1.61783
-0.210801 -1.61937
-0.217722 -1.62351
-0.223323 -1.6293
-0.230009 -1.63373
-0.236494 -1.63842
-0.242833 -1.64329
-0.249095 -1.64825
-0.255007 -1.65364
-0.261537 -1.65828
-0.267943 -1.66306
-0.273633 -1.66873
-0.28028 -1.67322
-0.285814 -1.67908
-0.291796 -1.68439
-0.29808 -1.68932
-0.304755 -1.69377
-0.310594 -1.69926
-0.316556 -1.7046
-0.323797 -1.70834
-0.329218 -1.71435
-0.336348 -1.71824
-0.342583 -1.72323
-0.348567 -1.72854
-0.354951 -1.73335
-0.361049 -1.73851
-0.367301 -1.74349
-0.373497 -1.74853
-0.379795 -1.75345
-0.385799 -1.75873
-0.392002 -1.76377
-0.398361 -1.76861
-0.403698 -1.77472
-0.410724 -1.77874
-0.416193 -1.78468
-0.422551 -1.78952
-0.428898 -1.79438
-0.434894 -1.79967
-0.44138 -1.80436
-0.447871 -1.80903
-0.454131 -1.814
-0.460287 -1.81909
-0.466219 -1.82446
-0.472725 -1.82912
-0.478109 -1.83517
-0.48542 -1.83884
-0.49142 -1.84412
-0.497362 -1.84948
-0.50305 -1.85516
-0.509726 -1.85961
-0.516318 -1.86416
-0.522403 -1.86934
-0.528057 -1.87506
-0.534728 -1.87951
-0.540726 -1.8848
-0.54701 -1.88974
-0.553749 -1.89411
-0.559576 -1.89961
-0.566313 -1.90398
-0.572383 -1.90918
-0.578098 -1.91482
-0.583939 -1.92031
-0.591029 -1.92424
-0.596951 -1.92963
-0.603144 -1.93467
-0.609899 -1.93903
-0.615796 -1.94444
-0.62196 -1.94952
-0.627321 -1.9556
-0.634145 -1.95987
-0.640377 -1.96487
-0.64615 -1.97044
-0.652528 -1.97526
-0.659356 -1.97952
-0.665534 -1.98458
-0.671178 -1.99031
-0.678019 -1.99456
-0.683465 -2.00053
-0.690047 -2.0051
-0.695804 -2.01068
-0.70298 -2.01451
-0.708977 -2.0198
-0.714994 -2.02507
-0.721616 -2.02959
-0.727322 -2.03524
-0.734174 -2.03947
-0.740421 -2.04445
-0.74581 -2.05049
-0.752846 -2.0545
-0.759061 -2.05952
-0.764602 -2.06537
-0.770657 -2.07059
-0.776822 -2.07567
-0.782782 -2.08101
-0.789044 -2.08597
-0.795996 -2.09008
-0.80176 -2.09566
-0.808113 -2.10051
-0.814052 -2.10587
-0.820739 -2.11031
-0.826759 -2.11557
-0.83338 -2.12009
-0.839714 -2.12496
-0.846028 -2.12986
-0.851142 -2.13624
-0.858052 -2.1404
-0.864042 -2.1457
-0.870883 -2.14995
-0.876208 -2.15607
-0.883333 -2.15996
-0.889064 -2.16558
-0.895626 -2.17017
-0.901508 -2.17561
-0.908239 -2.17999
-0.913999 -2.18557
-0.920564 -2.19016
-0.926031 -2.19611
-0.932819 -2.20044
-0.93476 -2.20176
-0.940081 -2.20779
-0.94645 -2.21264
-0.952637 -2.2177
-0.958014 -2.22366
-0.964011 -2.22893
-0.970128 -2.23407
-0.975402 -2.24015
-0.981387 -2.24544
-0.987637 -2.25043
-0.993908 -2.25539
-0.999407 -2.26122
-1.00608 -2.26573
-1.01207 -2.27101
-1.01735 -2.27709
-1.02388 -2.28176
-1.03035 -2.2865
-1.03623 -2.2919
-1.04119 -2.29833
-1.04726 -2.30352
-1.05309 -2.30899
-1.0592 -2.31412
-1.06547 -2.31909
-1.07146 -2.32436
-1.07713 -2.33001
-1.08347 -2.3349
-1.08913 -2.34054
-1.09507 -2.34588
-1.10131 -2.35087
-1.10758 -2.35584
-1.11298 -2.36178
-1.11855 -2.36753
-1.12489 -2.37242
-1.13173 -2.37673
-1.1371 -2.38271
-1.14335 -2.3877
-1.14907 -2.39329
-1.15477 -2.39889
-1.16114 -2.40374
-1.16701 -2.40915
-1.1724 -2.41511
-1.1784 -2.42038
-1.18491 -2.42507
-1.19093 -2.43031
-1.19706 -2.43544
-1.20233 -2.44152
-1.20869 -2.44638
-1.21427 -2.45212
-1.22099 -2.45658
-1.22679 -2.46207
-1.2322 -2.468
-1.23906 -2.4723
-1.24415 -2.4786
-1.25082 -2.48311
-1.25578 -2.48954
-1.26198 -2.49459
-1.26845 -2.49933
-1.27361 -2.50554
-1.28027 -2.51006
-1.28671 -2.51483
-1.2922 -2.52068
-1.29808 -2.52608
-1.30393 -2.53152
-1.31043 -2.53622
-1.3158 -2.5422
-1.32183 -2.54743
-1.32735 -2.55324
-1.33445 -2.55727
-1.33995 -2.56309
-1.34638 -2.56788
-1.3513 -2.57436
-1.35833 -2.57847
-1.36362 -2.58454
-1.36947 -2.58997
-1.37586 -2.5948
-1.38171 -2.60025
-1.38788 -2.60532
-1.39402 -2.61043
-1.39976 -2.61599
-1.40533 -2.62174
-1.41199 -2.62627
-1.41778 -2.63177
-1.42364 -2.63719
-1.42965 -2.64245
-1.4347 -2.64878
-1.44132 -2.65335
-1.44713 -2.65884
-1.453 -2.66425
-1.45961 -2.66883
-1.46501 -2.67477
-1.47118 -2.67985
-1.4772 -2.68509
-1.48346 -2.69007
-1.48867 -2.69622
-1.49451 -2.70166
-1.50018 -2.7073
-1.50674 -2.71194
-1.51281 -2.71713
-1.51871 -2.72251
-1.52406 -2.72852
-1.53124 -2.73245
-1.53686 -2.73815
-1.54293 -2.74333
-1.54793 -2.74973
-1.55504 -2.75375
-1.56031 -2.75984
-1.56597 -2.76549
-1.57264 -2.77
-1.57792 -2.77607
-1.58389 -2.78138
-1.59004 -2.78648
-1.59663 -2.79108
-1.6024 -2.79661
-1.60871 -2.80152
-1.61381 -2.8078
-1.62006 -2.81279
-1.62537 -2.81883
-1.63142 -2.82404
-1.63843 -2.82818
-1.644 -2.83393
-1.64987 -2.83934
-1.65553 -2.84499
-1.66173 -2.85003
-1.66745 -2.85562
-1.67315 -2.86122
-1.67909 -2.86656
-1.68568 -2.87116
-1.69221 -2.87584
-1.69741 -2.882
-1.70312 -2.8876
-1.7094 -2.89254
-1.7155 -2.8977
-1.72158 -2.90288
-1.72751 -2.90822
-1.73272 -2.91438
-1.73964 -2.91861
-1.74547 -2.92407
-1.7513 -2.92953
-1.75674 -2.93543
-1.76373 -2.93958
-1.76886 -2.94582
-1.77501 -2.95092
-1.78055 -2.95671
-1.78698 -2.96149
-1.79361 -2.96605
-1.79833 -2.97276
-1.80501 -2.97726
-1.81041 -2.9832
-1.81686 -2.98796
-1.82333 -2.9927
-1.82825 -2.99918
-1.83473 -3.00391
-1.84055 -3.00938
-1.84671 -3.01446
-1.85283 -3.0196
-1.85797 -3.02583
-1.86478 -3.03019
-1.8709 -3.03532
-1.87687 -3.04063
-1.88233 -3.04649
-1.88893 -3.05109
-1.89394 -3.05747
-1.90067 -3.06192
-1.90628 -3.06763
-1.91201 -3.0732
-1.91777 -3.07874
-1.9242 -3.08352
-1.93057 -3.08837
-1.93619 -3.09406
-1.94224 -3.09927
-1.94771 -3.10514
-1.9535 -3.11064
-1.96023 -3.11509
-1.96547 -3.12121
-1.9717 -3.12622
-1.97798 -3.13117
-1.98316 -3.13736
-1.99043 -3.1412
-1.99514 -3.14792
-2.00116 -3.15316
-2.00824 -3.15721
-2.01399 -3.16276
-2.01907 -3.16907
-2.02559 -3.17375
-2.03196 -3.1786
-2.03692 -3.18503
-2.04346 -3.1897
-2.04878 -3.19573
-2.05485 -3.20092
-2.06085 -3.20619
-2.06758 -3.21063
-2.07361 -3.21586
-2.07954 -3.22121
-2.08481 -3.2273
-2.09064 -3.23276
-2.0976 -3.23695
-2.10041 -3.23985
-2.10011 -3.24013
-2.0996 -3.24067
-2.09912 -3.24124
-2.09868 -3.24184
-2.09828 -3.24246
-2.09791 -3.24311
-2.09759 -3.24378
-2.09731 -3.24446
-2.09707 -3.24517
-2.09687 -3.24589
-2.09672 -3.24661
-2.09662 -3.24735
-2.09656 -3.24809
-2.09655 -3.24883
-2.09658 -3.24958
-2.09666 -3.25032
-2.09679 -3.25105
-2.09873 -3.26063
-2.09889 -3.26132
-2.09909 -3.262
-2.09933 -3.26266
-2.09961 -3.26331
-2.09993 -3.26394
-2.10028 -3.26455
-2.11247 -3.28551
-2.11284 -3.28612
-2.11325 -3.28672
-2.11369 -3.28728
-2.11417 -3.28782
-2.11467 -3.28833
-2.12761 -3.3006
-2.12817 -3.3011
-2.12876 -3.30157
-2.12937 -3.302
-2.13001 -3.30238
-2.13067 -3.30273
-2.13135 -3.30304
-2.13205 -3.3033
-2.13277 -3.30352
-2.14935 -3.30795
-2.16633 -3.3122
-2.16706 -3.31235
-2.1678 -3.31247
-2.16855 -3.31253
-2.16929 -3.31256
-2.17004 -3.31253
-2.17078 -3.31246
-2.17152 -3.31234
-2.17225 -3.31217
-2.17297 -3.31196
-2.17367 -3.31171
-2.17436 -3.31141
-2.17502 -3.31107
-2.17567 -3.31069
-2.17629 -3.31027
-2.17688 -3.30981
-2.1772 -3.30953
-2.18015 -3.31232
-2.18635 -3.31736
-2.19268 -3.32226
-2.19834 -3.32791
-2.20414 -3.3334
-2.21008 -3.33873
-2.21642 -3.34362
-2.22285 -3.3484
-2.22865 -3.3539
-2.23477 -3.35904
-2.24066 -3.36442
-2.24628 -3.37011
-2.25223 -3.37544
-2.25761 -3.38141
-2.26341 -3.38689
-2.26988 -3.39163
-2.27625 -3.39649
-2.28176 -3.40231
-2.28845 -3.4068
-2.2938 -3.41279
-2.3005 -3.41728
-2.30539 -3.42379
-2.31147 -3.42896
-2.31713 -3.43461
-2.32306 -3.43996
-2.33006 -3.4441
-2.335 -3.45057
-2.34151 -3.45526
-2.34764 -3.46038
-2.35352 -3.46578
-2.35919 -3.47143
-2.36531 -3.47655
-2.37115 -3.482
-2.37676 -3.48771
-2.38307 -3.49262
-2.38868 -3.49833
-2.39492 -3.50332
-2.40177 -3.50764
-2.40684 -3.51396
-2.41269 -3.51939
-2.4197 -3.52352
-2.4248 -3.52979
-2.43114 -3.53469
-2.43735 -3.53971
-2.44233 -3.54613
-2.44917 -3.55045
-2.45473 -3.55622
-2.46032 -3.56195
-2.46646 -3.56705
-2.4728 -3.57194
-2.47872 -3.57729
-2.48534 -3.58187
-2.49052 -3.58805
-2.49718 -3.59258
-2.50243 -3.5987
-2.50859 -3.60378
-2.51504 -3.60854
-2.52099 -3.61387
-2.52585 -3.62042
-2.53212 -3.62538
-2.53858 -3.63013
-2.54422 -3.6358
-2.55081 -3.64041
-2.55648 -3.64605
-2.56226 -3.65156
-2.56819 -3.6569
-2.57406 -3.66232
-2.58032 -3.66729
-2.58654 -3.67232
-2.59243 -3.6777
-2.59769 -3.6838
-2.60415 -3.68856
-2.60994 -3.69406
-2.61628 -3.69894
-2.6215 -3.70508
-2.62786 -3.70994
-2.63335 -3.71579
-2.6398 -3.72055
-2.64631 -3.72525
-2.65117 -3.7318
-2.65728 -3.73694
-2.66354 -3.74191
-2.66961 -3.7471
-2.6759 -3.75204
-2.68089 -3.75845
-2.68684 -3.76377
-2.69307 -3.76877
-2.69985 -3.77317
-2.70552 -3.77881
-2.71064 -3.78507
-2.71744 -3.78943
-2.72365 -3.79446
-2.72899 -3.80047
-2.7346 -3.80617
-2.74051 -3.81154
-2.74678 -3.81652
-2.75323 -3.82128
-2.75948 -3.82626
-2.76436 -3.83278
-2.77027 -3.83815
-2.77726 -3.84231
-2.78271 -3.8482
-2.7884 -3.8538
-2.79432 -3.85917
-2.80125 -3.86339
-2.80695 -3.86899
-2.81286 -3.87436
-2.8181 -3.88049
-2.82484 -3.88491
-2.83087 -3.89015
-2.83686 -3.89543
-2.84281 -3.90076
-2.84816 -3.90675
-2.85405 -3.91215
-2.86067 -3.91671
-2.8658 -3.92296
-2.87242 -3.92753
-2.87767 -3.93364
-2.88365 -3.93893
-2.89001 -3.94379
-2.89631 -3.94872
-2.90153 -3.95487
-2.90851 -3.95903
-2.91379 -3.9651
-2.91949 -3.97071
-2.92533 -3.97616
-2.93253 -3.98009
-2.93819 -3.98573
-2.94386 -3.99137
-2.94974 -3.99677
-2.95634 -4.00137
-2.96127 -4.00784
-2.96791 -4.01238
-2.97303 -4.01863
-2.97996 -4.02286
-2.98549 -4.02865
-2.99213 -4.03321
-2.99762 -4.03905
-3.00406 -4.04382
-3.00972 -4.04946
-3.01502 -4.05552
-3.02088 -4.06095
-3.02769 -4.06531
-3.0332 -4.07112
-3.03991 -4.0756
-3.04509 -4.08179
-3.05097 -4.08719
-3.05775 -4.09158
-3.06328 -4.09737
-3.06938 -4.10252
-3.07541 -4.10776
-3.08114 -4.11333
-3.08654 -4.11927
-3.09226 -4.12485
-3.09924 -4.12902
-3.10542 -4.13409
-3.11085 -4.13999
-3.11646 -4.14569
-3.12307 -4.15028
-3.12896 -4.15567
-3.13442 -4.16154
-3.14104 -4.16611
-3.14616 -4.17237
-3.15273 -4.177
-3.15828 -4.18277
-3.16397 -4.18838
-3.17039 -4.19318
-3.17696 -4.19781
-3.18259 -4.2035
-3.18843 -4.20894
-3.19426 -4.21439
-3.20009 -4.21985
-3.20568 -4.22558
-3.21166 -4.23087
-3.21792 -4.23585
-3.22453 -4.24043
-3.23068 -4.24553
-3.23613 -4.25141
-3.24143 -4.25747
-3.24837 -4.26168
-3.2543 -4.26703
-3.25996 -4.27267
-3.26583 -4.27809
-3.27167 -4.28354
-3.27757 -4.28892
-3.28399 -4.29371
-3.28951 -4.29952
-3.29504 -4.30532
-3.30211 -4.30938
-3.30818 -4.31456
-3.3136 -4.32048
-3.31956 -4.3258
-3.32526 -4.3314
-3.33084 -4.33714
-3.33785 -4.34128
-3.34304 -4.34745
-3.34943 -4.35229
-3.35529 -4.35771
-3.36125 -4.36302
-3.36777 -4.36771
-3.37267 -4.3742
-3.37966 -4.37836
-3.38489 -4.38449
-3.39094 -4.3897
-3.39691 -4.39501
-3.40237 -4.40088
-3.4083 -4.40622
-3.41455 -4.41121
-3.42038 -4.41667
-3.42629 -4.42204
-3.43333 -4.42613
-3.43819 -4.43268
-3.44439 -4.43773
-3.45095 -4.44236
-3.45646 -4.44818
-3.46303 -4.45281
-3.468 -4.45923
-3.47447 -4.46398
-3.48018 -4.46957
-3.48598 -4.47506
-3.49238 -4.47988
-3.49802 -4.48555
-3.50397 -4.49088
-3.51071 -4.49531
-3.51568 -4.50174
-3.5227 -4.50586
-3.52837 -4.5115
-3.53395 -4.51724
-3.53969 -4.52279
-3.54649 -4.52716
-3.55148 -4.53356
-3.55788 -4.53839
-3.56373 -4.54382
-3.5695 -4.54934
-3.57649 -4.5535
-3.58137 -4.56003
-3.58748 -4.56517
-3.59328 -4.57066
-3.6 -4.57512
-3.60605 -4.58033
-3.61208 -4.58556
-3.61776 -4.5912
-3.62356 -4.59668
-3.62956 -4.60195
-3.63499 -4.60786
-3.64134 -4.61273
-3.64694 -4.61846
-3.65376 -4.6228
-3.65937 -4.6285
-3.66472 -4.6345
-3.67145 -4.63895
-3.67731 -4.64437
-3.68332 -4.64963
-3.68882 -4.65546
-3.69571 -4.65972
-3.70135 -4.66539
-3.70739 -4.67062
-3.71363 -4.67562
-3.71893 -4.68167
-3.72562 -4.68617
-3.73106 -4.69206
-3.73637 -4.6981
-3.74276 -4.70293
-3.74837 -4.70863
-3.7545 -4.71375
-3.76021 -4.71935
-3.76651 -4.72428
-3.77206 -4.73005
-3.77913 -4.73412
-3.78488 -4.73967
-3.79117 -4.74462
-3.79716 -4.74989
-3.80287 -4.75548
-3.80889 -4.76072
-3.81407 -4.76692
-3.82062 -4.77157
-3.82661 -4.77684
-3.83175 -4.78307
-3.83914 -4.7875
-3.83985 -4.79506
-3.84219 -4.80209
-3.84366 -4.80812
-3.84463 -4.81421
-3.84565 -4.8203
-3.84617 -4.82648
-3.84704 -4.83436
-3.84633 -4.84226
-3.84637 -4.85015
-3.84566 -4.85805
-3.84704 -4.86593
-3.8459 -4.87383
-3.84696 -4.88172
-3.84596 -4.88962
-3.84755 -4.8975
-3.84617 -4.9054
-3.84593 -4.9133
-3.84666 -4.92118
-3.84619 -4.92908
-3.8472 -4.93696
-3.84718 -4.94485
-3.84768 -4.95274
-3.84783 -4.96063
-3.8469 -4.96853
-3.84723 -4.97642
-3.84687 -4.98432
-3.84771 -4.9922
-3.84765 -5.0001
-3.84846 -5.00798
-3.84806 -5.01588
-3.84808 -5.02377
-3.84711 -5.03167
-3.84726 -5.03956
-3.84822 -5.04744
-3.84898 -5.05533
-3.84803 -5.06323
-3.8476 -5.07113
-3.8477 -5.07902
-3.8476 -5.08691
-3.84913 -5.09479
-3.8491 -5.10268
-3.84758 -5.11059
-3.84817 -5.11839
-3.8478 -5.12444
-3.8456 -5.13017
-3.84494 -5.13607
-3.84413 -5.14096
-3.84241 -5.14568
-3.83647 -5.15096
-3.82967 -5.15524
-3.82474 -5.16166
-3.81835 -5.16642
-3.812 -5.17122
-3.80651 -5.177
-3.80101 -5.18278
-3.79485 -5.18779
-3.78836 -5.19243
-3.78267 -5.19799
-3.77675 -5.20328
-3.77119 -5.20898
-3.76514 -5.21412
-3.75886 -5.21901
-3.75282 -5.22415
-3.74613 -5.22857
-3.74138 -5.2352
-3.73493 -5.23988
-3.7292 -5.2454
-3.72265 -5.24996
-3.71672 -5.25524
-3.71137 -5.26118
-3.7044 -5.26528
-3.69853 -5.27064
-3.69321 -5.2766
-3.68737 -5.28199
-3.68058 -5.28629
-3.6753 -5.29231
-3.66866 -5.29678
-3.66334 -5.30276
-3.65654 -5.30704
-3.65097 -5.31273
-3.64491 -5.31787
-3.63958 -5.32383
-3.63367 -5.32913
-3.62673 -5.33326
-3.62177 -5.33965
-3.61583 -5.34492
-3.60952 -5.34976
-3.60398 -5.35549
-3.59794 -5.36065
-3.59196 -5.36587
-3.58601 -5.37112
-3.58022 -5.37656
-3.57395 -5.38145
-3.56756 -5.38621
-3.56157 -5.39142
-3.55524 -5.39625
-3.55003 -5.40234
-3.54331 -5.40672
-3.53829 -5.41305
-3.53215 -5.41808
-3.52529 -5.42231
-3.51983 -5.42813
-3.51688 -5.43065
-3.51681 -5.43055
-3.5163 -5.43001
-3.51577 -5.42949
-3.5152 -5.42901
-3.51461 -5.42857
-3.51399 -5.42816
-3.51334 -5.42779
-3.51268 -5.42747
-3.51199 -5.42718
-3.51129 -5.42694
-3.51057 -5.42674
-3.50985 -5.42659
-3.50911 -5.42648
-3.50837 -5.42642
-3.50763 -5.4264
-3.50689 -5.42643
-3.50615 -5.4265
-3.50542 -5.42662
-3.49573 -5.42852
-3.49503 -5.42867
-3.49434 -5.42887
-3.49366 -5.42912
-3.493 -5.4294
-3.49236 -5.42972
-3.45722 -5.44955
-3.4566 -5.44995
-3.456 -5.45039
-3.45543 -5.45087
-3.45489 -5.45138
-3.45439 -5.45192
-3.45392 -5.45249
-3.45348 -5.45309
-3.45308 -5.45372
-3.45272 -5.45437
-3.45241 -5.45504
-3.44565 -5.46963
-3.43794 -5.48684
-3.43766 -5.48753
-3.43742 -5.48823
-3.43723 -5.48895
-3.43708 -5.48968
-3.43697 -5.49041
-3.43691 -5.49116
-3.4369 -5.4919
-3.43693 -5.49264
-3.43701 -5.49338
-3.43714 -5.49412
-3.43731 -5.49484
-3.43752 -5.49555
-3.43778 -5.49625
-3.43808 -5.49693
-3.43842 -5.49759
-3.4388 -5.49823
-3.43921 -5.49882
-3.43921 -5.49882
-3.43575 -5.50083
-3.43027 -5.50663
-3.42454 -5.51213
-3.4189 -5.51774
-3.41263 -5.52264
-3.40607 -5.5272
-3.39992 -5.53223
-3.39397 -5.53749
-3.38856 -5.54336
-3.38287 -5.54891
-3.37724 -5.55453
-3.37022 -5.55857
-3.36433 -5.56389
-3.35882 -5.56966
-3.35254 -5.57454
-3.34643 -5.57961
-3.34072 -5.58514
-3.33492 -5.59057
-3.32941 -5.59633
-3.32288 -5.60092
-3.3171 -5.60637
-3.3104 -5.61078
-3.30467 -5.61629
-3.29902 -5.62189
-3.29273 -5.62676
-3.28705 -5.63232
-3.28082 -5.63725
-3.27506 -5.64274
-3.26938 -5.64829
-3.26321 -5.6533
-3.25742 -5.65875
-3.25136 -5.66387
-3.24536 -5.66907
-3.23907 -5.67394
-3.23349 -5.67962
-3.22717 -5.68446
-3.22135 -5.68986
-3.21597 -5.69577
-3.20895 -5.69981
-3.20337 -5.70549
-3.19808 -5.7115
-3.19171 -5.71627
-3.18577 -5.72154
-3.17906 -5.72594
-3.17362 -5.73177
-3.16762 -5.73697
-3.16112 -5.74161
-3.15527 -5.74698
-3.15042 -5.75348
-3.14452 -5.7588
-3.13732 -5.76264
-3.13254 -5.76923
-3.12572 -5.77348
-3.12019 -5.77923
-3.11395 -5.78415
-3.10855 -5.79003
-3.10151 -5.79405
-3.09552 -5.79927
-3.09062 -5.80571
-3.08442 -5.81068
-3.07875 -5.81638
-3.07452 -5.81856
-3.0704 -5.82085
-3.06649 -5.82371
-3.05898 -5.82633
-3.05209 -5.83053
-3.04431 -5.83248
-3.03704 -5.8357
-3.0298 -5.83902
-3.02219 -5.84142
-3.01495 -5.84473
-3.00767 -5.84793
-2.9998 -5.84966
-2.99237 -5.85249
-2.98554 -5.85684
-2.97798 -5.85936
-2.97074 -5.86266
-2.96345 -5.86586
-2.95574 -5.86799
-2.94863 -5.87162
-2.94068 -5.87314
-2.93334 -5.87622
-2.92614 -5.87961
-2.91882 -5.88272
-2.91152 -5.8859
-2.90423 -5.88909
-2.89658 -5.89137
-2.88889 -5.89353
-2.88222 -5.89827
-2.87461 -5.90066
-2.86737 -5.90397
-2.85964 -5.90605
-2.85221 -5.9089
-2.84468 -5.91149
-2.83732 -5.9145
-2.83002 -5.91765
-2.82283 -5.92108
-2.81553 -5.92426
-2.80811 -5.92711
-2.80027 -5.9289
-2.79297 -5.93208
-2.78576 -5.93546
-2.77844 -5.93857
-2.77079 -5.94085
-2.76393 -5.94511
-2.75589 -5.94642
-2.74921 -5.95115
-2.74175 -5.9539
-2.73375 -5.9553
-2.7269 -5.95961
-2.71967 -5.96293
-2.71201 -5.96518
-2.70442 -5.96761
-2.6971 -5.97074
-2.6899 -5.97414
-2.68214 -5.97614
-2.67493 -5.97955
-2.66773 -5.98294
-2.6604 -5.98603
-2.65252 -5.98773
-2.64516 -5.99074
-2.63771 -5.99353
-2.63041 -5.9967
-2.62297 -5.99952
-2.61589 -6.00321
-2.60817 -6.00533
-2.60076 -6.00822
-2.59373 -6.01204
-2.58618 -6.01458
-2.57869 -6.01727
-2.57132 -6.02025
-2.56442 -6.02441
-2.55684 -6.02688
-2.5493 -6.02944
-2.54181 -6.03213
-2.53483 -6.03609
-2.52711 -6.03818
-2.51976 -6.04122
-2.51279 -6.04522
-2.50483 -6.04671
-2.49731 -6.04932
-2.49064 -6.05406
-2.4826 -6.05536
-2.47526 -6.05844
-2.46843 -6.06277
-2.46078 -6.06505
-2.45306 -6.06717
-2.44579 -6.07041
-2.43884 -6.07444
-2.4313 -6.07699
-2.42352 -6.07896
-2.41652 -6.08287
-2.40915 -6.08584
-2.40136 -6.08779
-2.3943 -6.09156
-2.38685 -6.09432
-2.37917 -6.09653
-2.37237 -6.10095
-2.3647 -6.10319
-2.35735 -6.10622
-2.34986 -6.1089
-2.34227 -6.11134
