2.09271 -6.1184
2.09601 -6.11643
2.10325 -6.11194
2.10398 -6.11154
2.11196 -6.10667
2.11648 -6.10395
2.12 -6.1019
2.128 -6.09705
2.12977 -6.09606
2.13605 -6.09229
2.14292 -6.08794
2.14396 -6.0873
2.15195 -6.08245
2.15623 -6.08008
2.16001 -6.07771
2.168 -6.07284
2.16943 -6.07205
2.17599 -6.06799
2.18264 -6.06402
2.18395 -6.06309
2.19198 -6.0583
2.19585 -6.056
2.19999 -6.05348
2.20795 -6.04857
2.20911 -6.04806
2.21598 -6.04378
2.22234 -6.04007
2.22401 -6.03898
2.232 -6.03413
2.23549 -6.03195
2.23997 -6.02924
2.24803 -6.02451
2.24871 -6.02395
2.25598 -6.01957
2.26195 -6.01598
2.264 -6.01476
2.27204 -6.00999
2.27517 -6.00797
2.28 -6.00509
2.28797 -6.0002
2.2884 -5.99998
2.296 -5.9954
2.30165 -5.99203
2.30404 -5.99063
2.31197 -5.98568
2.31482 -5.98394
2.32005 -5.98096
2.32797 -5.976
2.32807 -5.97598
2.33604 -5.97127
2.34128 -5.96797
2.34395 -5.96629
2.35195 -5.96145
2.35455 -5.96004
2.35999 -5.95667
2.36772 -5.95196
2.36798 -5.95182
2.37596 -5.94694
2.38092 -5.94392
2.384 -5.94217
2.39202 -5.93736
2.39422 -5.93605
2.40001 -5.93251
2.40745 -5.92805
2.40799 -5.92763
2.41605 -5.92289
2.42064 -5.91999
2.42396 -5.9179
2.43196 -5.91307
2.43385 -5.91198
2.44003 -5.90833
2.44704 -5.90392
2.44799 -5.90343
2.45597 -5.89856
2.46031 -5.89601
2.46401 -5.89378
2.47203 -5.88897
2.47356 -5.88804
2.47995 -5.88401
2.4868 -5.88007
2.48805 -5.87932
2.49595 -5.87432
2.50001 -5.87206
2.50397 -5.86952
2.51199 -5.86471
2.51325 -5.86409
2.51997 -5.85983
2.52643 -5.85601
2.52799 -5.85504
2.53602 -5.85024
2.53963 -5.84798
2.544 -5.84537
2.55199 -5.84051
2.55286 -5.83999
2.56005 -5.83576
2.56609 -5.832
2.56799 -5.83083
2.56854 -5.83062
2.57163 -5.82854
2.57367 -5.82701
2.57599 -5.82532
2.5778 -5.82398
2.58404 -5.81954
2.58879 -5.81603
2.59198 -5.81362
2.59972 -5.808
2.59995 -5.80773
2.60797 -5.80192
2.61063 -5.79993
2.61601 -5.79613
2.62169 -5.79207
2.62395 -5.7902
2.63195 -5.78436
2.63264 -5.78407
2.64002 -5.77861
2.64351 -5.77594
2.64796 -5.7727
2.6545 -5.76799
2.656 -5.7669
2.66402 -5.76109
2.66548 -5.76003
2.67196 -5.75518
2.67637 -5.75193
2.67996 -5.74933
2.68737 -5.74399
2.68796 -5.74349
2.69594 -5.73763
2.69838 -5.73607
2.70405 -5.73193
2.70923 -5.72793
2.71196 -5.72597
2.72 -5.72017
2.72023 -5.71998
2.72799 -5.71433
2.73124 -5.71206
2.73601 -5.70851
2.74215 -5.70399
2.74398 -5.70263
2.75201 -5.69683
2.75312 -5.69602
2.76004 -5.69103
2.7641 -5.68805
2.76799 -5.68512
2.77507 -5.68006
2.77601 -5.67931
2.78395 -5.67337
2.78602 -5.67206
2.79195 -5.66754
2.79692 -5.66397
2.79995 -5.66169
2.80786 -5.65596
2.808 -5.65592
2.81604 -5.65013
2.81888 -5.64804
2.82403 -5.64429
2.82985 -5.64007
2.83197 -5.63835
2.84001 -5.63256
2.84081 -5.63208
2.84801 -5.62672
2.85174 -5.62404
2.85597 -5.62083
2.86272 -5.61607
2.86402 -5.61506
2.87198 -5.60916
2.87359 -5.60795
2.87998 -5.60331
2.88457 -5.59998
2.88804 -5.59756
2.89554 -5.592
2.89599 -5.59166
2.90402 -5.58585
2.90645 -5.58394
2.91197 -5.57994
2.91744 -5.57598
2.92 -5.57413
2.92805 -5.56836
2.92841 -5.56801
2.93601 -5.56246
2.9394 -5.56005
2.94405 -5.55668
2.95027 -5.55193
2.95202 -5.5508
2.96003 -5.54497
2.96126 -5.54398
2.96804 -5.53914
2.97222 -5.53599
2.97602 -5.53328
2.98316 -5.52797
2.98405 -5.52747
2.992 -5.52156
2.9941 -5.51994
3.00003 -5.51577
3.00513 -5.51205
3.00795 -5.50981
3.01594 -5.50396
3.01607 -5.50402
3.02406 -5.49827
3.02697 -5.49594
3.03201 -5.49237
3.03802 -5.48808
3.03998 -5.48649
3.04801 -5.48069
3.04887 -5.47993
3.05598 -5.4748
3.05986 -5.47198
3.06399 -5.46897
3.07089 -5.46408
3.07197 -5.46311
3.08002 -5.45733
3.08174 -5.45593
3.08801 -5.45148
3.09275 -5.44801
3.09595 -5.44555
3.10365 -5.43992
3.10402 -5.43981
3.11201 -5.43396
3.11471 -5.43207
3.12003 -5.42814
3.12561 -5.42399
3.12798 -5.42223
3.13604 -5.41647
3.13657 -5.416
3.14403 -5.41061
3.14758 -5.40808
3.15195 -5.40467
3.15844 -5.39995
3.16004 -5.39894
3.16797 -5.39301
3.16945 -5.39202
3.17604 -5.38726
3.18041 -5.38402
3.18405 -5.38143
3.19131 -5.37594
3.19203 -5.37557
3.20003 -5.36972
3.20226 -5.36794
3.20802 -5.36387
3.21328 -5.36003
3.21602 -5.35802
3.22401 -5.35217
3.22427 -5.35207
3.23204 -5.34637
3.23522 -5.34407
3.24002 -5.34051
3.24617 -5.33605
3.24799 -5.33462
3.256 -5.32879
3.25707 -5.32797
3.26397 -5.32291
3.268 -5.31995
3.27199 -5.31709
3.27898 -5.31198
3.28006 -5.31135
3.28795 -5.30536
3.28999 -5.30405
3.29605 -5.29965
3.30096 -5.29607
3.30405 -5.29381
3.31183 -5.28795
3.31197 -5.28786
3.32005 -5.28213
3.32282 -5.28
3.32795 -5.27615
3.33378 -5.272
3.336 -5.27037
3.34403 -5.26457
3.34473 -5.264
3.35203 -5.25874
3.35569 -5.256
3.35996 -5.2528
3.3666 -5.24794
3.36795 -5.24694
3.37597 -5.24112
3.37766 -5.24008
3.38397 -5.23528
3.3886 -5.23206
3.39196 -5.22942
3.39947 -5.22394
3.39997 -5.2236
3.40794 -5.21772
3.41046 -5.21599
3.416 -5.21196
3.42139 -5.20795
3.42395 -5.20605
3.43195 -5.20021
3.43234 -5.19995
3.43999 -5.19442
3.44339 -5.19208
3.44805 -5.18866
3.45425 -5.18395
3.45602 -5.18278
3.46401 -5.17692
3.46526 -5.17601
3.47205 -5.17113
3.47615 -5.16793
3.47999 -5.16522
3.48721 -5.16007
3.48804 -5.15945
3.49604 -5.1536
3.49808 -5.15195
3.50367 -5.14793
3.50395 -5.14654
3.50455 -5.14399
3.50466 -5.14376
3.50583 -5.136
3.50697 -5.12799
3.50784 -5.12293
3.50774 -5.12
3.50782 -5.112
3.5077 -5.104
3.50762 -5.096
3.50768 -5.088
3.50759 -5.08
3.5075 -5.072
3.5075 -5.064
3.50746 -5.056
3.50734 -5.048
3.50728 -5.04
3.50724 -5.032
3.50729 -5.024
3.50718 -5.016
3.50712 -5.008
3.50706 -5
3.50713 -4.992
3.50706 -4.984
3.50693 -4.976
3.5069 -4.968
3.50677 -4.96
3.50674 -4.952
3.50675 -4.944
3.50669 -4.936
3.50664 -4.928
3.50672 -4.92
3.50667 -4.912
3.50652 -4.904
3.50643 -4.896
3.50655 -4.888
3.50634 -4.88
3.50631 -4.872
3.50626 -4.864
3.50618 -4.856
3.50624 -4.848
3.50619 -4.84
3.50612 -4.832
3.50603 -4.824
3.50597 -4.816
3.5059 -4.808
3.50598 -4.8
3.50592 -4.792
3.50579 -4.78779
3.50526 -4.78401
3.50466 -4.77943
3.50406 -4.77871
3.50089 -4.77597
3.49604 -4.77166
3.49183 -4.76799
3.48801 -4.76461
3.48272 -4.76007
3.48 -4.75755
3.47368 -4.75206
3.47197 -4.7505
3.46468 -4.74401
3.464 -4.74339
3.456 -4.73632
3.45561 -4.73605
3.448 -4.72923
3.44657 -4.72805
3.44005 -4.7221
3.43756 -4.72
3.43201 -4.71507
3.42849 -4.71203
3.42401 -4.70799
3.41944 -4.70404
3.41602 -4.7009
3.41039 -4.69605
3.40794 -4.69391
3.40144 -4.68795
3.39999 -4.68677
3.39234 -4.68001
3.39205 -4.67964
3.38406 -4.67254
3.38327 -4.67204
3.37599 -4.66555
3.37433 -4.66393
3.36795 -4.65851
3.36523 -4.65599
3.36 -4.65137
3.35615 -4.64804
3.35197 -4.64434
3.34712 -4.64003
3.34396 -4.63727
3.33811 -4.63199
3.33594 -4.63021
3.3291 -4.62395
3.32801 -4.62306
3.31998 -4.61604
3.32004 -4.61594
3.31203 -4.60887
3.31103 -4.60794
3.30399 -4.60184
3.30194 -4.59999
3.29605 -4.5947
3.29295 -4.59193
3.28796 -4.58772
3.28388 -4.58396
3.27994 -4.58066
3.27485 -4.57595
3.27202 -4.57349
3.26577 -4.56799
3.26405 -4.56638
3.2567 -4.56002
3.25606 -4.5593
3.24803 -4.55226
3.24771 -4.55196
3.24002 -4.54518
3.23863 -4.54401
3.23196 -4.53817
3.2296 -4.536
3.22405 -4.53099
3.22052 -4.52803
3.21602 -4.52395
3.21149 -4.52002
3.20795 -4.51695
3.20241 -4.51207
3.20004 -4.50977
3.19345 -4.50397
3.19198 -4.50276
3.18433 -4.49606
3.18403 -4.49563
3.17602 -4.48856
3.17538 -4.48796
3.16801 -4.4815
3.16628 -4.48003
3.16007 -4.47435
3.15725 -4.472
3.15197 -4.46738
3.14822 -4.464
3.14398 -4.4603
3.1392 -4.45597
3.13605 -4.45314
3.1301 -4.44803
3.12803 -4.44608
3.1211 -4.43999
3.11994 -4.43911
3.112 -4.43206
3.11205 -4.4319
3.10406 -4.42482
3.10297 -4.42403
3.09602 -4.41779
3.09397 -4.41599
3.08801 -4.41072
3.08498 -4.40794
3.08003 -4.40362
3.07583 -4.40005
3.07204 -4.39653
3.06688 -4.39195
3.06394 -4.38956
3.05784 -4.38395
3.05601 -4.38241
3.04869 -4.37607
3.04794 -4.3754
3.04 -4.36826
3.03976 -4.36794
3.03202 -4.36115
3.03067 -4.35999
3.02403 -4.35407
3.02167 -4.35195
3.01605 -4.34697
3.01258 -4.34401
3.00795 -4.34
3.0036 -4.33593
2.99994 -4.33293
2.99452 -4.32797
2.99195 -4.32584
2.9854 -4.32007
2.98403 -4.31868
2.97639 -4.31203
2.976 -4.31163
2.96802 -4.30454
2.96731 -4.30407
2.95997 -4.29752
2.95838 -4.29594
2.952 -4.2904
2.94925 -4.28805
2.94405 -4.28327
2.94025 -4.28
2.93602 -4.27622
2.93123 -4.27197
2.92799 -4.26918
2.92215 -4.26402
2.92002 -4.26206
2.91315 -4.25597
2.91199 -4.25502
2.90404 -4.24804
2.90406 -4.24786
2.89606 -4.24078
2.89498 -4.24006
2.88801 -4.23376
2.88602 -4.23197
2.87995 -4.22675
2.87701 -4.22394
2.87199 -4.21964
2.86796 -4.21594
2.86398 -4.21257
2.8589 -4.20797
2.85602 -4.20544
2.84983 -4.19999
2.84795 -4.19844
2.84084 -4.19193
2.83996 -4.19136
2.83205 -4.18418
2.83172 -4.18403
2.82397 -4.17719
2.82267 -4.17603
2.81606 -4.17
2.81362 -4.16804
2.80798 -4.16302
2.80462 -4.15999
2.80002 -4.1559
2.79562 -4.15194
2.79202 -4.14882
2.78658 -4.14394
2.78401 -4.14175
2.77751 -4.13597
2.77595 -4.13474
2.76843 -4.12802
2.76804 -4.12756
2.75994 -4.1206
2.75934 -4.12007
2.75205 -4.11339
2.75036 -4.112
2.74395 -4.10643
2.74128 -4.10404
2.73596 -4.09934
2.73222 -4.09606
2.72801 -4.09221
2.72323 -4.088
2.72004 -4.08509
2.71418 -4.08001
2.71201 -4.07805
2.7052 -4.07194
2.70402 -4.07096
2.69606 -4.06405
2.69603 -4.06387
2.68795 -4.05688
2.68713 -4.05593
2.67995 -4.04981
2.67807 -4.04795
2.67197 -4.0427
2.669 -4.03998
2.66402 -4.03557
2.65988 -4.03206
2.65594 -4.02858
2.65089 -4.02401
2.64805 -4.02139
2.64184 -4.01602
2.63999 -4.01437
2.63276 -4.00806
2.63194 -4.00735
2.62404 -4.00016
2.62381 -3.99995
2.61596 -3.99317
2.61472 -3.99201
2.60801 -3.98604
2.60571 -3.98397
2.60002 -3.97894
2.59668 -3.97596
2.59206 -3.97183
2.58759 -3.96801
2.584 -3.96482
2.57862 -3.95993
2.57606 -3.95767
2.56952 -3.95199
2.56798 -3.95068
2.56046 -3.94402
2.56002 -3.94356
2.55195 -3.93656
2.55138 -3.93606
2.54401 -3.92941
2.54235 -3.92805
2.53597 -3.92238
2.53331 -3.92004
2.52801 -3.91526
2.52431 -3.91199
2.51999 -3.9082
2.51529 -3.90397
2.51205 -3.90105
2.50617 -3.89606
2.50405 -3.89397
2.49715 -3.88804
2.49598 -3.88698
2.48814 -3.88
2.48805 -3.87982
2.47996 -3.87285
2.47903 -3.87207
2.47195 -3.86578
2.47012 -3.86393
2.46402 -3.85862
2.46105 -3.85596
2.45605 -3.8515
2.45198 -3.84798
2.44803 -3.84446
2.44287 -3.84007
2.44006 -3.83735
2.43387 -3.83202
2.43194 -3.8304
2.42483 -3.82402
2.42399 -3.82327
2.41596 -3.81622
2.41579 -3.81601
2.40796 -3.80914
2.40675 -3.80801
2.40003 -3.80198
2.39775 -3.79996
2.39203 -3.79491
2.3887 -3.79197
2.38397 -3.78789
2.37959 -3.78405
2.376 -3.78078
2.3706 -3.77599
2.36802 -3.77369
2.36154 -3.76801
2.35998 -3.76665
2.35257 -3.75993
2.35198 -3.75958
2.34399 -3.75249
2.34346 -3.752
2.336 -3.7454
2.3344 -3.74403
2.328 -3.73832
2.32544 -3.73593
2.32004 -3.73119
2.31636 -3.72797
2.312 -3.72416
2.30731 -3.71998
2.30396 -3.71713
2.2983 -3.71194
2.296 -3.71001
2.28916 -3.70406
2.28797 -3.70296
2.28019 -3.69598
2.28 -3.69585
2.27198 -3.6888
2.2711 -3.68803
2.26401 -3.68168
2.26212 -3.67996
2.25603 -3.67458
2.25304 -3.67201
2.248 -3.66754
2.244 -3.664
2.24005 -3.6604
2.23495 -3.65601
2.23197 -3.65342
2.22589 -3.64803
2.22398 -3.64633
2.2169 -3.63997
2.216 -3.63923
2.20805 -3.63209
2.20782 -3.63202
2.20005 -3.62501
2.19885 -3.62393
2.19196 -3.61804
2.18978 -3.61596
2.18395 -3.61097
2.18073 -3.60797
2.17594 -3.6039
2.17162 -3.60005
2.16801 -3.59675
2.16265 -3.59197
2.15999 -3.5897
2.15356 -3.58402
2.15204 -3.58256
2.14453 -3.576
2.14397 -3.57556
2.13594 -3.56851
2.13548 -3.56802
2.12796 -3.56141
2.12652 -3.55993
2.11998 -3.55432
2.11738 -3.55203
2.11206 -3.54714
2.10837 -3.544
2.10394 -3.5402
2.09931 -3.53601
2.09604 -3.53301
2.09032 -3.52796
2.088 -3.52598
2.08124 -3.52
2.08003 -3.51886
2.07218 -3.51202
2.07196 -3.51187
2.06397 -3.50478
2.06321 -3.50394
2.05604 -3.49763
2.05417 -3.49594
2.04796 -3.49064
2.04512 -3.48794
2.04005 -3.48346
2.03607 -3.47995
2.03203 -3.4764
2.02696 -3.47203
2.02393 -3.46943
2.01798 -3.46396
2.01604 -3.46224
2.00895 -3.45595
2.00806 -3.45513
1.99995 -3.44818
1.99989 -3.44797
1.99201 -3.44103
1.99087 -3.43994
1.98403 -3.43394
1.98182 -3.43195
1.976 -3.42689
1.97272 -3.42401
1.96795 -3.41987
1.96375 -3.41593
1.96004 -3.41269
1.95467 -3.40798
1.95194 -3.40572
1.94555 -3.40007
1.94402 -3.39855
1.93652 -3.39205
1.93598 -3.39152
1.92801 -3.38441
1.92758 -3.38394
1.92 -3.37734
1.91844 -3.37605
1.91203 -3.37023
1.90939 -3.36805
1.90396 -3.36323
1.90035 -3.36005
1.89595 -3.35617
1.89136 -3.352
1.88799 -3.34905
1.8823 -3.34402
1.88 -3.34195
1.87331 -3.33596
1.872 -3.33487
1.86417 -3.32807
1.86403 -3.32776
1.85604 -3.32067
1.85513 -3.32006
1.84799 -3.31366
1.84621 -3.31193
1.83994 -3.30663
1.83714 -3.30396
1.83205 -3.29943
1.82812 -3.29594
1.82396 -3.29246
1.81899 -3.28803
1.81594 -3.28539
1.81001 -3.27996
1.808 -3.27825
1.80089 -3.27205
1.8 -3.27117
1.79195 -3.26415
1.79188 -3.26402
1.78398 -3.25704
1.78291 -3.25594
1.77598 -3.24996
1.77383 -3.24797
1.76803 -3.24283
1.76479 -3.23998
1.76004 -3.23574
1.7557 -3.23202
1.75202 -3.22868
1.74675 -3.22393
1.74404 -3.22159
1.73765 -3.21599
1.73604 -3.21451
1.7286 -3.208
1.72804 -3.20743
1.72003 -3.20036
1.71955 -3.20001
1.71197 -3.19335
1.71049 -3.19203
1.70403 -3.1862
1.70142 -3.18406
1.69596 -3.1792
1.69246 -3.17597
1.68803 -3.17204
1.68337 -3.16801
1.67999 -3.16502
1.67438 -3.15997
1.67196 -3.15797
1.66534 -3.15196
1.66398 -3.15087
1.65623 -3.14404
1.65599 -3.14378
1.648 -3.1367
1.64719 -3.13603
1.63995 -3.12967
1.63818 -3.128
1.63204 -3.12249
1.6291 -3.12003
1.62403 -3.11543
1.62008 -3.11202
1.61602 -3.10835
1.6111 -3.10394
1.60796 -3.10135
1.60198 -3.09603
1.59995 -3.09428
1.59294 -3.08803
1.59201 -3.08713
1.58398 -3.08009
1.58397 -3.07994
1.57598 -3.07302
1.57492 -3.07196
1.56794 -3.06598
1.56588 -3.06395
1.55999 -3.05885
1.55676 -3.05604
1.55198 -3.05178
1.54779 -3.04796
1.54394 -3.04475
1.53872 -3.03999
1.53604 -3.03755
1.52966 -3.03202
1.52797 -3.03055
1.52068 -3.02394
1.52006 -3.02338
1.512 -3.01636
1.51155 -3.01604
1.50403 -3.00926
1.50252 -3.00803
1.49602 -3.00218
1.49351 -2.99999
1.48804 -2.99509
1.48451 -2.99194
1.48002 -2.98804
1.47545 -2.98397
1.47194 -2.98105
1.4664 -2.97597
1.46405 -2.97384
1.45739 -2.96794
1.45598 -2.96684
1.44829 -2.96
1.44796 -2.95978
1.44003 -2.95263
1.43924 -2.95201
1.43198 -2.94561
1.43027 -2.94393
1.42402 -2.93848
1.42117 -2.936
1.41605 -2.93137
1.41217 -2.92794
1.408 -2.92436
1.40309 -2.91999
1.39997 -2.91731
1.39405 -2.91199
1.39197 -2.91023
1.38496 -2.90404
1.38397 -2.90315
1.37599 -2.89605
1.376 -2.89595
1.36801 -2.88895
1.36691 -2.888
1.36002 -2.88186
1.35793 -2.87993
1.352 -2.8748
1.34885 -2.87197
1.34401 -2.86772
1.33984 -2.86394
1.33595 -2.86071
1.33076 -2.85598
1.32797 -2.85361
1.32172 -2.84798
1.31999 -2.84651
1.31273 -2.83993
1.31197 -2.83945
1.30395 -2.8324
1.3036 -2.83202
1.29595 -2.82531
1.29463 -2.82394
1.28802 -2.81816
1.28548 -2.81606
1.27996 -2.81115
1.2765 -2.80799
1.27199 -2.80404
1.26741 -2.80004
1.26401 -2.79694
1.25846 -2.79194
1.25594 -2.78994
1.24936 -2.78401
1.24798 -2.78282
1.24031 -2.77601
1.24006 -2.77565
1.23205 -2.76858
1.23122 -2.76807
1.22396 -2.7616
1.22226 -2.75998
1.21594 -2.75455
1.21322 -2.75197
1.20802 -2.74738
1.20415 -2.744
1.20001 -2.74032
1.19506 -2.73606
1.19195 -2.73331
1.18605 -2.72802
1.18399 -2.72618
1.17707 -2.71995
1.17602 -2.71907
1.16801 -2.712
1.16792 -2.71207
1.15995 -2.705
1.15889 -2.70405
1.15197 -2.69789
1.14985 -2.69606
1.14407 -2.69071
1.1408 -2.68807
1.13597 -2.68373
1.13188 -2.67993
1.12796 -2.67667
1.12284 -2.67193
1.12003 -2.66951
1.11376 -2.66397
1.11202 -2.66244
1.10471 -2.65597
1.10405 -2.65533
1.09604 -2.64826
1.09566 -2.64799
1.08806 -2.64117
1.08664 -2.63996
1.08001 -2.63414
1.07758 -2.63198
1.072 -2.62708
1.06846 -2.62407
1.06402 -2.61997
1.05947 -2.61601
1.05596 -2.61297
1.05043 -2.60801
1.04805 -2.60579
1.04133 -2.60007
1.04004 -2.59872
1.03236 -2.59199
1.03202 -2.59166
1.02394 -2.58468
1.02334 -2.58396
1.01603 -2.5775
1.01421 -2.57606
1.00797 -2.57048
1.0052 -2.56803
0.99997 -2.56341
0.996239 -2.55994
0.992041 -2.55625
0.987108 -2.55204
0.983998 -2.54922
0.978155 -2.54394
0.975955 -2.54219
0.969022 -2.53604
0.967979 -2.53509
0.960054 -2.52796
0.960062 -2.52792
0.951985 -2.52093
0.951023 -2.51994
0.943937 -2.5139
0.941891 -2.51205
0.935982 -2.50677
0.932893 -2.504
0.927957 -2.49972
0.923908 -2.49593
0.919992 -2.49261
0.914841 -2.48796
0.91205 -2.48546
0.905785 -2.47997
0.903947 -2.4785
0.896676 -2.47205
0.896026 -2.47133
0.888052 -2.46423
0.887666 -2.46401
0.880013 -2.45719
0.878695 -2.45593
0.871976 -2.45015
0.869637 -2.44795
0.864063 -2.44298
0.86056 -2.43999
0.856025 -2.43594
0.851546 -2.43196
0.847972 -2.42893
0.842478 -2.42399
0.84002 -2.42179
0.833434 -2.41599
0.83197 -2.41477
0.824381 -2.408
0.82404 -2.40762
0.816039 -2.40054
0.815348 -2.39999
0.808003 -2.3935
0.806305 -2.39199
0.799973 -2.38646
0.797219 -2.38404
0.791959 -2.3794
0.788271 -2.37594
0.784057 -2.37221
0.779232 -2.36793
0.776001 -2.36519
0.770109 -2.36002
0.768053 -2.35806
0.761068 -2.35202
0.760028 -2.351
0.752005 -2.34405
0.752044 -2.34391
0.74404 -2.33684
0.743031 -2.33597
0.736045 -2.32975
0.733984 -2.32798
0.72797 -2.32276
0.724932 -2.31999
0.720032 -2.31561
0.715839 -2.31204
0.712049 -2.30851
0.706851 -2.30398
0.704061 -2.30142
0.697784 -2.29601
0.695936 -2.29449
0.688789 -2.28796
0.687937 -2.28741
0.679944 -2.28032
0.679671 -2.28004
0.672029 -2.27315
0.670652 -2.27202
0.663952 -2.26616
0.661644 -2.26398
0.65598 -2.25905
0.652643 -2.25593
0.647993 -2.25195
0.643489 -2.24806
0.640046 -2.24482
0.634541 -2.23995
0.631959 -2.23784
0.629953 -2.23591
0.625635 -2.23211
0.625478 -2.23195
0.624007 -2.23073
0.616383 -2.22394
0.615941 -2.22378
0.608038 -2.21664
0.607185 -2.21605
0.599941 -2.20971
0.598138 -2.20799
0.59197 -2.20265
0.589078 -2.19994
0.58401 -2.19557
0.579871 -2.19206
0.576055 -2.18849
0.570759 -2.18407
0.568023 -2.1815
0.561689 -2.17603
0.559978 -2.17452
0.552625 -2.16799
0.551969 -2.1675
0.543971 -2.16046
0.54356 -2.15994
0.535957 -2.15345
0.534438 -2.15197
0.527992 -2.14638
0.5253 -2.14401
0.520027 -2.13931
0.516208 -2.13599
0.51194 -2.13238
0.507164 -2.12793
0.504004 -2.12527
0.497962 -2.12004
0.495997 -2.11825
0.488847 -2.11205
0.487996 -2.11122
0.479939 -2.10425
0.479749 -2.10405
0.472007 -2.09714
0.470722 -2.09596
0.464005 -2.09011
0.461547 -2.08804
0.456063 -2.08302
0.452491 -2.07999
0.448036 -2.07602
0.443419 -2.07196
0.440055 -2.06897
0.434328 -2.06394
0.432051 -2.06194
0.42524 -2.05593
0.42398 -2.05499
0.416134 -2.04793
0.416019 -2.04791
0.408012 -2.04089
0.40699 -2.03998
0.400007 -2.03386
0.397815 -2.03206
0.391939 -2.02691
0.388737 -2.02403
0.383942 -2.01988
0.379624 -2.01604
0.376032 -2.01274
0.370573 -2.00799
0.367944 -2.00581
0.361459 -2
0.359959 -1.99876
0.352377 -1.99198
0.35195 -1.99174
0.344045 -1.9846
0.343269 -1.98398
0.335938 -1.9777
0.334166 -1.97598
0.327956 -1.97064
0.324984 -1.96807
0.320017 -1.96354
0.31597 -1.95997
0.311968 -1.95657
0.306795 -1.95205
0.303967 -1.94954
0.29768 -1.94407
0.29605 -1.94241
0.288613 -1.93603
0.288038 -1.9354
0.279941 -1.92848
0.279505 -1.92803
0.27203 -1.92134
0.270438 -1.91999
0.263988 -1.91436
0.261285 -1.91205
0.255989 -1.90733
0.252272 -1.90395
0.248026 -1.90026
0.243064 -1.89607
0.240052 -1.89319
0.234062 -1.88795
0.231989 -1.88623
0.224956 -1.87996
0.224019 -1.87917
0.216065 -1.87209
0.215824 -1.87199
0.208034 -1.86509
0.206731 -1.86398
0.200033 -1.85806
0.1976 -1.85601
0.191938 -1.85114
0.188545 -1.84796
0.184017 -1.84402
0.179447 -1.83995
0.176036 -1.83697
0.170272 -1.83204
0.167964 -1.83002
0.161208 -1.82399
0.160008 -1.82293
0.152152 -1.81594
0.151956 -1.81596
0.144036 -1.80884
0.142975 -1.80802
0.136037 -1.80181
0.133869 -1.80003
0.128008 -1.79481
0.124851 -1.79193
0.120008 -1.78778
0.115701 -1.78399
0.112024 -1.78073
0.10663 -1.77595
0.103949 -1.77378
0.097486 -1.768
0.0960402 -1.76665
0.0884072 -1.75997
0.0880372 -1.75962
0.0799502 -1.75269
0.0792732 -1.75201
0.0719826 -1.74562
0.0701107 -1.74407
0.063974 -1.7386
0.061017 -1.73606
0.056017 -1.73152
0.051914 -1.72806
0.0479896 -1.72452
0.0429205 -1.71994
0.0399648 -1.71752
0.0337562 -1.71201
0.0319929 -1.71046
0.0246038 -1.70407
0.0239444 -1.70348
0.0159449 -1.69645
0.0155342 -1.69603
0.00796511 -1.6894
0.00642567 -1.68804
-4.87845e-05 -1.68238
-0.00262121 -1.67997
-0.00805084 -1.67535
-0.0117974 -1.67206
-0.0160053 -1.66827
-0.020814 -1.66396
-0.0239719 -1.6612
-0.0299083 -1.65595
-0.0320021 -1.6542
-0.039032 -1.64797
-0.0399476 -1.64711
-0.0479901 -1.64013
-0.0481584 -1.64
-0.0560471 -1.63316
-0.0572012 -1.63193
-0.0640139 -1.62609
-0.0663042 -1.62393
-0.0719937 -1.61904
-0.0724846 -1.61862
-0.08 -1.61871
-0.088 -1.61858
-0.096 -1.61857
-0.104 -1.61856
-0.112 -1.61859
-0.12 -1.61869
-0.128 -1.61869
-0.136 -1.61871
-0.144 -1.61857
-0.152 -1.61853
-0.16 -1.61863
-0.168 -1.61861
-0.176 -1.6187
-0.184 -1.61855
-0.188554 -1.61857
-0.192015 -1.62151
-0.194917 -1.62405
-0.199975 -1.62824
-0.20458 -1.63195
-0.208055 -1.63482
-0.214189 -1.63992
-0.215989 -1.64158
-0.223647 -1.64807
-0.224044 -1.64819
-0.231968 -1.65496
-0.23328 -1.65602
-0.24002 -1.66157
-0.242821 -1.66407
-0.248005 -1.66827
-0.252519 -1.67193
-0.256055 -1.67489
-0.262024 -1.68003
-0.263963 -1.68168
-0.271628 -1.688
-0.272064 -1.68823
-0.280054 -1.69492
-0.281259 -1.69595
-0.288061 -1.70159
-0.290768 -1.70403
-0.296044 -1.70829
-0.300376 -1.71201
-0.304039 -1.71497
-0.310027 -1.71993
-0.311999 -1.7217
-0.319551 -1.728
-0.31998 -1.7284
-0.32795 -1.73511
-0.329126 -1.73601
-0.33599 -1.74174
-0.338684 -1.74404
-0.34399 -1.74842
-0.348246 -1.75207
-0.351938 -1.75516
-0.357842 -1.76005
-0.359942 -1.76183
-0.367527 -1.76793
-0.368035 -1.7684
-0.376064 -1.77504
-0.377036 -1.77602
-0.384025 -1.78177
-0.386605 -1.78404
-0.392063 -1.7884
-0.396181 -1.79205
-0.400028 -1.79512
-0.405741 -1.80008
-0.407995 -1.80184
-0.41545 -1.80793
-0.415983 -1.80853
-0.424043 -1.81514
-0.425018 -1.81595
-0.431972 -1.8219
-0.434528 -1.82403
-0.440037 -1.8285
-0.44419 -1.83194
-0.447967 -1.83526
-0.453751 -1.83997
-0.455977 -1.84193
-0.463331 -1.84797
-0.463972 -1.84861
-0.472029 -1.85522
-0.472869 -1.85603
-0.480048 -1.86188
-0.482424 -1.86406
-0.487958 -1.86866
-0.492067 -1.87199
-0.495936 -1.87537
-0.50161 -1.88004
-0.504028 -1.88193
-0.511166 -1.88807
-0.512014 -1.88863
-0.519953 -1.89538
-0.520764 -1.89606
-0.52804 -1.90195
-0.530379 -1.90402
-0.536033 -1.90864
-0.539976 -1.91201
-0.543988 -1.91537
-0.549564 -1.92
-0.551947 -1.9221
-0.5592 -1.92794
-0.560051 -1.92865
-0.568017 -1.93537
-0.568689 -1.93605
-0.575984 -1.94209
-0.578363 -1.94394
-0.583972 -1.94878
-0.587899 -1.952
-0.591992 -1.95543
-0.597482 -1.96
-0.599975 -1.96213
-0.607115 -1.96794
-0.607953 -1.96883
-0.615982 -1.97548
-0.616676 -1.97597
-0.624051 -1.98207
-0.626258 -1.98397
-0.631971 -1.98885
-0.635861 -1.99195
-0.640056 -1.99542
-0.645405 -2
-0.64804 -2.00212
-0.654953 -2.00804
-0.655952 -2.0089
-0.664056 -2.01546
-0.66456 -2.01601
-0.672056 -2.02213
-0.674094 -2.02407
-0.680017 -2.02886
-0.683766 -2.03197
-0.687988 -2.03557
-0.693286 -2.04004
-0.696016 -2.04221
-0.702854 -2.04806
-0.704042 -2.04886
-0.71198 -2.05561
-0.712548 -2.05593
-0.719982 -2.06229
-0.722022 -2.06406
-0.727957 -2.069
-0.731666 -2.07199
-0.735962 -2.07567
-0.741222 -2.08003
-0.74396 -2.08235
-0.750806 -2.08803
-0.752008 -2.08897
-0.759966 -2.0957
-0.760438 -2.09597
-0.768025 -2.1023
-0.770027 -2.10396
-0.776057 -2.10894
-0.77955 -2.11203
-0.783957 -2.11574
-0.789131 -2.12004
-0.791966 -2.12241
-0.798692 -2.12807
-0.799978 -2.12907
-0.808061 -2.13565
-0.808325 -2.13601
-0.816005 -2.1424
-0.81787 -2.14405
-0.824052 -2.14902
-0.827438 -2.15207
-0.832058 -2.15569
-0.837038 -2.16005
-0.840054 -2.16237
-0.84662 -2.16806
-0.848015 -2.16909
-0.852005 -2.17242
-0.855956 -2.17586
-0.856291 -2.17592
-0.864005 -2.18252
-0.865768 -2.18399
-0.871957 -2.18929
-0.875341 -2.19193
-0.878618 -2.19485
-0.88006 -2.1959
-0.884689 -2.20007
-0.888047 -2.2027
-0.894175 -2.208
-0.896061 -2.20948
-0.903652 -2.21594
-0.904028 -2.2163
-0.911979 -2.22315
-0.912994 -2.22404
-0.920024 -2.22989
-0.922483 -2.23197
-0.928036 -2.23666
-0.931914 -2.23996
-0.93597 -2.24353
-0.941247 -2.24807
-0.944052 -2.25022
-0.950763 -2.25597
-0.952056 -2.25701
-0.959938 -2.26394
-0.960214 -2.26394
-0.968057 -2.27058
-0.969644 -2.27193
-0.975975 -2.27747
-0.97905 -2.27996
-0.984026 -2.2842
-0.988434 -2.28801
-0.992064 -2.29094
-0.997931 -2.29593
-0.999993 -2.29782
-1.00727 -2.30403
-1.00795 -2.30466
-1.01598 -2.31141
-1.01668 -2.31205
-1.02403 -2.31814
-1.02615 -2.32
-1.03198 -2.32499
-1.03558 -2.32799
-1.03995 -2.33181
-1.045 -2.33601
-1.04801 -2.33853
-1.05444 -2.34399
-1.05599 -2.34535
-1.06389 -2.35196
-1.06395 -2.35218
-1.07196 -2.35896
-1.07326 -2.36002
-1.07998 -2.36572
-1.08268 -2.36803
-1.08804 -2.37244
-1.09216 -2.37597
-1.09604 -2.37923
-1.10156 -2.384
-1.10394 -2.38614
-1.11097 -2.39202
-1.112 -2.39286
-1.11994 -2.39972
-1.12041 -2.4
-1.12801 -2.40642
-1.12987 -2.40797
-1.13599 -2.41323
-1.1393 -2.41597
-1.14402 -2.41999
-1.14871 -2.42398
-1.15197 -2.42684
-1.15811 -2.43202
-1.16005 -2.43353
-1.16751 -2.44004
-1.16795 -2.44044
-1.17602 -2.44715
-1.17693 -2.44806
-1.18394 -2.45404
-1.18636 -2.45604
-1.19197 -2.46078
-1.19587 -2.46395
-1.20002 -2.46752
-1.20529 -2.47195
-1.20796 -2.47438
-1.2147 -2.47998
-1.21595 -2.48118
-1.22404 -2.48786
-1.22415 -2.48796
-1.23205 -2.49464
-1.23357 -2.49596
-1.23997 -2.50152
-1.24295 -2.50401
-1.24806 -2.50821
-1.25243 -2.51195
-1.25596 -2.51512
-1.26177 -2.52005
-1.26404 -2.52181
-1.27128 -2.52796
-1.27201 -2.52864
-1.28006 -2.53537
-1.28073 -2.53592
-1.28794 -2.5423
-1.29013 -2.54396
-1.29605 -2.54895
-1.2995 -2.55202
-1.30396 -2.55585
-1.309 -2.55994
-1.31194 -2.56266
-1.31835 -2.56803
-1.32001 -2.56937
-1.32779 -2.57602
-1.32799 -2.57618
-1.33606 -2.58289
-1.33719 -2.58405
-1.34402 -2.58972
-1.34668 -2.59197
-1.35203 -2.5965
-1.35604 -2.60005
-1.36006 -2.60325
-1.36552 -2.60799
-1.36804 -2.61007
-1.37489 -2.61606
-1.376 -2.61691
-1.38405 -2.62363
-1.38435 -2.62401
-1.39195 -2.63054
-1.39384 -2.63194
-1.40005 -2.63721
-1.40316 -2.64007
-1.40795 -2.64412
-1.41267 -2.64797
-1.416 -2.65085
-1.42209 -2.65598
-1.42394 -2.65771
-1.43144 -2.66407
-1.43195 -2.66448
-1.43994 -2.67129
-1.44093 -2.67199
-1.44801 -2.67799
-1.45031 -2.68005
-1.45603 -2.68476
-1.45972 -2.68806
-1.46402 -2.69156
-1.46915 -2.69606
-1.47206 -2.6983
-1.47866 -2.70396
-1.48 -2.70516
-1.48804 -2.71191
-1.48812 -2.71193
-1.49597 -2.71878
-1.49742 -2.72007
-1.50394 -2.7256
-1.50686 -2.72805
-1.512 -2.73232
-1.51637 -2.73596
-1.52 -2.73911
-1.52581 -2.74395
-1.52802 -2.74588
-1.53516 -2.75203
-1.53594 -2.75276
-1.54404 -2.75943
-1.5446 -2.76002
-1.55205 -2.76621
-1.55404 -2.768
-1.56002 -2.77303
-1.56341 -2.77606
-1.56805 -2.77979
-1.57285 -2.78405
-1.57602 -2.78661
-1.58234 -2.79197
-1.58404 -2.79337
-1.59171 -2.80004
-1.59201 -2.8002
-1.59995 -2.80706
-1.60122 -2.80794
-1.60803 -2.81375
-1.61062 -2.81598
-1.616 -2.82059
-1.62 -2.82404
-1.624 -2.82737
-1.62949 -2.83196
-1.63202 -2.83413
-1.63887 -2.84001
-1.64001 -2.84094
-1.648 -2.84774
-1.64837 -2.84793
-1.656 -2.85453
-1.65772 -2.85602
-1.66394 -2.86139
-1.66711 -2.86406
-1.67194 -2.86817
-1.67658 -2.87201
-1.68006 -2.87483
-1.686 -2.88002
-1.68805 -2.88163
-1.69542 -2.88803
-1.69598 -2.8885
-1.70403 -2.89523
-1.7049 -2.89596
-1.71194 -2.90212
-1.71428 -2.90401
-1.72 -2.90884
-1.72375 -2.91197
-1.72801 -2.91562
-1.73312 -2.92003
-1.73601 -2.92241
-1.74258 -2.92799
-1.74395 -2.92927
-1.75198 -2.93603
-1.75197 -2.93604
-1.76004 -2.94274
-1.76142 -2.944
-1.768 -2.94957
-1.77084 -2.95202
-1.776 -2.95637
-1.78032 -2.95995
-1.78405 -2.96309
-1.7897 -2.96801
-1.79201 -2.96993
-1.79912 -2.97601
-1.79996 -2.97679
-1.80796 -2.98357
-1.80857 -2.98399
-1.81604 -2.99027
-1.818 -2.99199
-1.82401 -2.9971
-1.82739 -3.00003
-1.83194 -3.00396
-1.8368 -3.00804
-1.83995 -3.01074
-1.84629 -3.01598
-1.84796 -3.01752
-1.85566 -3.02403
-1.856 -3.02426
-1.86396 -3.0311
-1.86514 -3.03198
-1.87199 -3.03785
-1.87453 -3.04002
-1.88001 -3.04461
-1.88394 -3.04804
-1.88806 -3.05135
-1.89335 -3.05606
-1.89595 -3.05827
-1.90282 -3.06401
-1.90399 -3.06501
-1.91199 -3.07179
-1.91224 -3.07201
-1.91999 -3.07859
-1.92174 -3.07993
-1.92797 -3.08539
-1.93116 -3.08794
-1.93605 -3.0921
-1.94059 -3.09593
-1.94401 -3.09892
-1.94999 -3.10397
-1.95205 -3.10567
-1.95945 -3.11192
-1.96001 -3.11251
-1.96803 -3.11927
-1.96882 -3.11999
-1.97594 -3.12617
-1.97822 -3.12802
-1.98395 -3.13295
-1.98771 -3.13594
-1.99201 -3.13966
-1.99709 -3.144
-1.99998 -3.14649
-2.00658 -3.15194
-2.00805 -3.1532
-2.016 -3.15993
-2.01605 -3.15999
-2.02398 -3.16686
-2.02536 -3.16801
-2.03202 -3.1736
-2.03482 -3.17598
-2.03995 -3.18047
-2.04423 -3.18399
-2.04794 -3.18727
-2.05362 -3.19204
-2.05598 -3.19402
-2.06307 -3.20002
-2.06396 -3.20082
-2.07199 -3.20758
-2.0725 -3.20801
-2.08001 -3.21434
-2.08199 -3.21593
-2.08804 -3.2211
-2.09136 -3.224
-2.096 -3.22794
-2.10083 -3.23194
-2.10401 -3.23472
-2.11025 -3.23995
-2.112 -3.24151
-2.11967 -3.24797
-2.12 -3.2483
-2.12796 -3.25515
-2.12911 -3.25595
-2.13598 -3.26191
-2.13851 -3.26398
-2.14399 -3.26868
-2.1479 -3.27202
-2.15206 -3.2754
-2.15728 -3.28007
-2.16006 -3.28218
-2.16681 -3.28795
-2.16795 -3.28911
-2.17602 -3.2958
-2.17624 -3.29595
-2.18405 -3.30256
-2.18557 -3.30407
-2.19202 -3.30938
-2.19509 -3.31196
-2.20002 -3.31618
-2.20451 -3.31997
-2.20804 -3.32294
-2.21385 -3.32806
-2.21595 -3.32983
-2.22329 -3.33605
-2.22404 -3.33652
-2.23204 -3.34331
-2.23279 -3.34397
-2.24003 -3.35011
-2.24219 -3.35199
-2.24801 -3.35692
-2.25156 -3.36006
-2.25598 -3.36374
-2.26099 -3.36806
-2.26401 -3.3705
-2.2705 -3.37596
-2.27199 -3.37731
-2.27986 -3.38404
-2.27998 -3.38411
-2.28799 -3.39089
-2.28928 -3.39205
-2.29597 -3.39771
-2.29875 -3.39999
-2.30394 -3.40452
-2.30817 -3.40801
-2.31203 -3.41122
-2.31757 -3.41604
-2.32006 -3.41797
-2.32698 -3.42406
-2.32801 -3.42482
-2.33598 -3.43164
-2.33646 -3.43199
-2.344 -3.4384
-2.34591 -3.43997
-2.35201 -3.44519
-2.35525 -3.44807
-2.35997 -3.45202
-2.36471 -3.45602
-2.36797 -3.4588
-2.3742 -3.46395
-2.37603 -3.46552
-2.38357 -3.47202
-2.38406 -3.47228
-2.39206 -3.47907
-2.39305 -3.47996
-2.39999 -3.48595
-2.40246 -3.48797
-2.40801 -3.4927
-2.41185 -3.49602
-2.416 -3.49951
-2.42135 -3.50393
-2.42399 -3.50631
-2.43073 -3.51199
-2.43199 -3.51309
-2.44005 -3.51982
-2.44013 -3.52002
-2.44801 -3.52665
-2.44963 -3.52793
-2.45598 -3.53347
-2.45903 -3.53597
-2.46395 -3.5403
-2.46841 -3.54402
-2.47194 -3.54711
-2.47785 -3.552
-2.47998 -3.55385
-2.48734 -3.55993
-2.48797 -3.56064
-2.49595 -3.56746
-2.49671 -3.568
-2.50396 -3.57424
-2.50616 -3.57597
-2.51203 -3.58095
-2.51559 -3.58396
-2.52 -3.58777
-2.52495 -3.59204
-2.52801 -3.59455
-2.53442 -3.6
-2.53606 -3.60127
-2.54389 -3.60794
-2.54402 -3.60812
-2.55202 -3.6149
-2.55322 -3.61606
-2.56004 -3.62167
-2.56274 -3.62394
-2.56805 -3.62845
-2.57206 -3.63207
-2.57605 -3.63524
-2.58155 -3.64
-2.58399 -3.64209
-2.59093 -3.64806
-2.59194 -3.64894
-2.60001 -3.65565
-2.60041 -3.65598
-2.60799 -3.66246
-2.60982 -3.66401
-2.61605 -3.66918
-2.61925 -3.67201
-2.62405 -3.67597
-2.62865 -3.68003
-2.63201 -3.6828
-2.63806 -3.68806
-2.63997 -3.68965
-2.64751 -3.69603
-2.64799 -3.6964
-2.656 -3.70319
-2.65692 -3.70404
-2.66405 -3.70992
-2.66641 -3.71198
-2.67205 -3.7167
-2.67581 -3.72001
-2.67998 -3.72357
-2.68518 -3.72807
-2.68796 -3.73039
-2.69464 -3.73604
-2.696 -3.73713
-2.70398 -3.74395
-2.70411 -3.74398
-2.71206 -3.75064
-2.71357 -3.75194
-2.71998 -3.75752
-2.72297 -3.75998
-2.72797 -3.76433
-2.7324 -3.76797
-2.73598 -3.77111
-2.74176 -3.77605
-2.74401 -3.77785
-2.75118 -3.78405
-2.75196 -3.78471
-2.75996 -3.7915
-2.76065 -3.79201
-2.76795 -3.79829
-2.77007 -3.80001
-2.77597 -3.80505
-2.77949 -3.80802
-2.78398 -3.81184
-2.7889 -3.81604
-2.79202 -3.81858
-2.79836 -3.824
-2.80005 -3.82534
-2.80781 -3.83197
-2.80803 -3.83214
-2.81597 -3.839
-2.81721 -3.84001
-2.82397 -3.84579
-2.8266 -3.84804
-2.83201 -3.85254
-2.83605 -3.85601
-2.84003 -3.85931
-2.84552 -3.86396
-2.84795 -3.86619
-2.85493 -3.87199
-2.85595 -3.87298
-2.86395 -3.87977
-2.86438 -3.87996
-2.87199 -3.88651
-2.87371 -3.88807
-2.87998 -3.89331
-2.88318 -3.89602
-2.88801 -3.90006
-2.89261 -3.90402
-2.89603 -3.90683
-2.902 -3.91206
-2.90404 -3.9136
-2.9115 -3.91997
-2.91196 -3.92049
-2.92002 -3.92721
-2.92085 -3.92807
-2.92797 -3.93406
-2.93035 -3.93598
-2.93602 -3.94079
-2.93979 -3.94397
-2.94405 -3.94754
-2.94915 -3.95205
-2.95198 -3.95442
-2.95863 -3.95997
-2.96001 -3.96117
-2.96794 -3.96804
-2.96808 -3.96796
-2.97601 -3.97475
-2.97749 -3.97597
-2.98402 -3.98152
-2.98686 -3.98404
-2.99206 -3.98826
-2.9963 -3.99203
-3.00004 -3.99508
-3.00576 -3.99998
-3.00796 -4.00196
-3.01514 -4.00804
-3.01606 -4.00863
-3.02399 -4.0155
-3.02456 -4.01604
-3.03194 -4.02235
-3.03408 -4.02393
-3.04004 -4.02902
-3.04345 -4.032
-3.04801 -4.03585
-3.05293 -4.03994
-3.05598 -4.04267
-3.06233 -4.04797
-3.06405 -4.04938
-3.07178 -4.05594
-3.07197 -4.05627
-3.07994 -4.06309
-3.08115 -4.06402
-3.08803 -4.06977
-3.09064 -4.07194
-3.09595 -4.07666
-3.09995 -4.08007
-3.10402 -4.08336
-3.10938 -4.08807
-3.11202 -4.09015
-3.11881 -4.09606
-3.12 -4.09696
-3.12801 -4.10374
-3.12833 -4.10396
-3.13599 -4.11055
-3.13768 -4.11204
-3.14396 -4.11738
-3.14719 -4.11995
-3.15204 -4.12408
-3.15654 -4.12804
-3.16001 -4.13089
-3.16594 -4.13607
-3.16803 -4.13766
-3.17544 -4.14398
-3.17601 -4.14447
-3.18403 -4.15125
-3.18483 -4.15203
-3.19197 -4.15811
-3.19427 -4.16001
-3.19996 -4.1649
-3.20365 -4.16806
-3.20805 -4.17159
-3.21314 -4.17599
-3.21602 -4.17841
-3.22262 -4.18393
-3.22402 -4.1852
-3.23196 -4.19203
-3.23199 -4.19202
-3.24006 -4.19873
-3.24145 -4.19995
-3.24799 -4.2056
-3.25086 -4.20798
-3.25594 -4.21245
-3.26026 -4.216
-3.26396 -4.21922
-3.26975 -4.22394
-3.27194 -4.22603
-3.27918 -4.23193
-3.27998 -4.23277
-3.28803 -4.2395
-3.28848 -4.24008
-3.29601 -4.24632
-3.29798 -4.24799
-3.30402 -4.25309
-3.30745 -4.25594
-3.31203 -4.25987
-3.31677 -4.26407
-3.31996 -4.26674
-3.3262 -4.27206
-3.32803 -4.27345
-3.33568 -4.28
-3.33601 -4.28026
-3.34397 -4.2871
-3.34517 -4.28793
-3.35196 -4.2939
-3.35448 -4.29607
-3.35996 -4.30069
-3.36395 -4.30402
-3.368 -4.30742
-3.37344 -4.31194
-3.37601 -4.3142
-3.38282 -4.31999
-3.38406 -4.32093
-3.39199 -4.32781
-3.39228 -4.32795
-3.39998 -4.33461
-3.40161 -4.33607
-3.40799 -4.34138
-3.41103 -4.34407
-3.416 -4.34817
-3.42054 -4.35197
-3.42404 -4.3549
-3.42997 -4.35997
-3.43205 -4.36169
-3.43933 -4.36805
-3.44002 -4.3685
-3.44797 -4.37536
-3.44875 -4.37605
-3.45605 -4.38206
-3.45819 -4.38405
-3.46396 -4.38895
-3.46767 -4.39198
-3.47199 -4.3957
-3.47702 -4.40006
-3.47998 -4.40251
-3.48645 -4.40806
-3.48798 -4.40929
-3.49598 -4.41595
-3.49594 -4.41613
-3.50403 -4.42281
-3.50539 -4.42396
-3.51198 -4.42966
-3.51483 -4.43195
-3.52 -4.43643
-3.52417 -4.44005
-3.52803 -4.44318
-3.53365 -4.44798
-3.53594 -4.45007
-3.54312 -4.45593
-3.54403 -4.45676
-3.55202 -4.46356
-3.55245 -4.46406
-3.55994 -4.47044
-3.56187 -4.47206
-3.56803 -4.47712
-3.57133 -4.48001
-3.57599 -4.48396
-3.58071 -4.48807
-3.58395 -4.4908
-3.59016 -4.49604
-3.59196 -4.49757
-3.59968 -4.50393
-3.59998 -4.50434
-3.60802 -4.51109
-3.60911 -4.51194
-3.61596 -4.51794
-3.61849 -4.51999
-3.624 -4.52469
-3.62795 -4.52795
-3.63198 -4.5315
-3.63738 -4.53595
-3.63997 -4.5383
-3.6467 -4.54407
-3.64806 -4.54498
-3.65595 -4.55191
-3.65618 -4.552
-3.66395 -4.55869
-3.66561 -4.56001
-3.67202 -4.56539
-3.67502 -4.56802
-3.67999 -4.57222
-3.6845 -4.57596
-3.68794 -4.57907
-3.69395 -4.58394
-3.696 -4.58579
-3.70338 -4.59193
-3.70401 -4.59256
-3.71194 -4.59944
-3.71268 -4.60007
-3.72005 -4.6061
-3.72222 -4.60795
-3.72804 -4.6129
-3.7316 -4.616
-3.73597 -4.61977
-3.74101 -4.62401
-3.74401 -4.62652
-3.75041 -4.63205
-3.75201 -4.6333
-3.7599 -4.63998
-3.75997 -4.64013
-3.76799 -4.6469
-3.76935 -4.64794
-3.77598 -4.6537
-3.77879 -4.65593
-3.78406 -4.6604
-3.78811 -4.66405
-3.79205 -4.66721
-3.79762 -4.67196
-3.80005 -4.67399
-3.80699 -4.68003
-3.80795 -4.6809
-3.81595 -4.68769
-3.81646 -4.68797
-3.82397 -4.69446
-3.82585 -4.69602
-3.83201 -4.7012
-3.83534 -4.70394
-3.83999 -4.70801
-3.84472 -4.712
-3.84795 -4.71484
-3.85412 -4.72003
-3.856 -4.72157
-3.86352 -4.72806
-3.86395 -4.72842
-3.872 -4.73515
-3.87303 -4.73597
-3.87607 -4.73859
-3.87648 -4.74129
-3.87661 -4.744
-3.87656 -4.752
-3.87685 -4.76
-3.87697 -4.768
-3.8771 -4.776
-3.87712 -4.784
-3.87733 -4.792
-3.87734 -4.8
-3.87747 -4.808
-3.87765 -4.816
-3.87764 -4.824
-3.87785 -4.832
-3.87792 -4.84
-3.87798 -4.848
-3.87827 -4.856
-3.87827 -4.864
-3.87843 -4.872
-3.87862 -4.88
-3.8787 -4.888
-3.87884 -4.896
-3.87888 -4.904
-3.87898 -4.912
-3.87905 -4.92
-3.87923 -4.928
-3.87931 -4.936
-3.8794 -4.944
-3.8795 -4.952
-3.87965 -4.96
-3.87972 -4.968
-3.87988 -4.976
-3.87996 -4.98156
-3.88007 -4.984
-3.88024 -4.992
-3.88028 -5
-3.88042 -5.008
-3.8805 -5.016
-3.88056 -5.024
-3.88079 -5.032
-3.88076 -5.04
-3.88099 -5.048
-3.88104 -5.056
-3.88114 -5.064
-3.8814 -5.072
-3.88133 -5.07834
-3.88128 -5.08001
-3.88055 -5.08594
-3.87996 -5.08636
-3.87961 -5.08686
-3.87797 -5.08799
-3.87197 -5.0923
-3.86695 -5.09599
-3.86398 -5.09811
-3.85596 -5.10389
-3.85592 -5.10399
-3.84796 -5.10969
-3.84487 -5.11195
-3.83999 -5.11555
-3.83384 -5.11995
-3.83198 -5.12133
-3.82404 -5.12722
-3.82285 -5.12799
-3.81601 -5.13298
-3.81188 -5.13608
-3.80799 -5.13876
-3.80083 -5.14404
-3.80006 -5.14466
-3.79196 -5.15033
-3.78983 -5.15208
-3.78401 -5.15621
-3.7787 -5.15994
-3.77594 -5.16192
-3.76801 -5.16782
-3.76771 -5.16798
-3.76001 -5.17361
-3.75667 -5.17596
-3.75194 -5.17933
-3.74571 -5.18406
-3.74396 -5.18515
-3.73603 -5.19105
-3.73462 -5.19197
-3.72794 -5.19674
-3.72362 -5.2
-3.71997 -5.20259
-3.71258 -5.20798
-3.71204 -5.20848
-3.70395 -5.21417
-3.70155 -5.21598
-3.69601 -5.22005
-3.6905 -5.22393
-3.68798 -5.22582
-3.68 -5.23165
-3.67949 -5.23196
-3.67194 -5.23738
-3.66848 -5.23999
-3.66402 -5.24328
-3.65751 -5.24806
-3.65599 -5.24906
-3.64806 -5.25495
-3.64643 -5.25598
-3.63996 -5.26062
-3.63541 -5.26398
-3.63199 -5.26647
-3.62445 -5.27207
-3.62405 -5.27236
-3.616 -5.27809
-3.61337 -5.28001
-3.60803 -5.28393
-3.60234 -5.288
-3.59995 -5.28963
-3.59195 -5.29543
-3.59128 -5.29595
-3.584 -5.30131
-3.58026 -5.30396
-3.57604 -5.30717
-3.56931 -5.31206
-3.568 -5.31292
-3.56005 -5.3188
-3.5582 -5.31994
-3.55199 -5.32452
-3.54723 -5.32803
-3.54398 -5.3303
-3.53615 -5.33595
-3.53594 -5.33606
-3.528 -5.34193
-3.52521 -5.34407
-3.51997 -5.3477
-3.51413 -5.35199
-3.512 -5.35355
-3.50405 -5.35942
-3.50306 -5.35993
-3.49604 -5.36522
-3.49212 -5.36805
-3.48795 -5.37089
-3.48108 -5.37603
-3.48002 -5.37679
-3.47201 -5.38259
-3.47008 -5.38406
-3.46394 -5.3883
-3.45901 -5.392
-3.45603 -5.39422
-3.44802 -5.40002
-3.44798 -5.4
-3.44004 -5.40585
-3.43697 -5.40802
-3.43195 -5.41153
-3.42589 -5.41594
-3.42397 -5.41736
-3.41601 -5.42322
-3.41494 -5.42405
-3.40799 -5.429
-3.40389 -5.43201
-3.39998 -5.43479
-3.3929 -5.44006
-3.39194 -5.44054
-3.38397 -5.44638
-3.38184 -5.44801
-3.376 -5.45223
-3.37079 -5.45599
-3.36804 -5.45809
-3.35996 -5.46378
-3.35983 -5.46406
-3.35198 -5.46962
-3.34881 -5.47208
-3.34395 -5.47539
-3.33776 -5.48005
-3.33596 -5.4812
-3.32805 -5.48712
-3.32675 -5.48806
-3.32002 -5.49289
-3.31569 -5.49602
-3.312 -5.49867
-3.30462 -5.50396
-3.30398 -5.50445
-3.29604 -5.51033
-3.29368 -5.51208
-3.28795 -5.51601
-3.28265 -5.52006
-3.27996 -5.52183
-3.27199 -5.52768
-3.27159 -5.52802
-3.26401 -5.53351
-3.26049 -5.53592
-3.25597 -5.53926
-3.24947 -5.54393
-3.24796 -5.54506
-3.23995 -5.55084
-3.23846 -5.55194
-3.23198 -5.55668
-3.22751 -5.56006
-3.22405 -5.56259
-3.21646 -5.56802
-3.21604 -5.56838
-3.20797 -5.57409
-3.20541 -5.57598
-3.20005 -5.58
-3.19442 -5.58403
-3.19201 -5.58575
-3.18403 -5.59159
-3.18338 -5.59201
-3.17596 -5.5973
-3.17232 -5.59997
-3.16797 -5.60312
-3.16138 -5.60808
-3.15997 -5.60891
-3.15197 -5.61473
-3.15031 -5.61603
-3.14405 -5.62063
-3.13928 -5.62401
-3.13596 -5.62631
-3.12819 -5.63193
-3.12803 -5.63222
-3.11999 -5.63797
-3.11723 -5.64002
-3.11196 -5.64373
-3.10615 -5.64794
-3.10404 -5.64964
-3.09596 -5.65533
-3.09517 -5.65601
-3.08801 -5.66122
-3.08419 -5.66407
-3.08002 -5.66703
-3.07311 -5.67199
-3.07206 -5.67289
-3.06404 -5.67868
-3.06207 -5.67997
-3.05594 -5.68434
-3.0511 -5.68805
-3.04797 -5.69019
-3.04 -5.69595
-3.03999 -5.69602
-3.03205 -5.7019
-3.02907 -5.70408
-3.02403 -5.70768
-3.01795 -5.71195
-3.01605 -5.71351
-3.00803 -5.71929
-3.00692 -5.71994
-3.00004 -5.72511
-2.99595 -5.72801
-2.99194 -5.73078
-2.98485 -5.73592
-2.98406 -5.73674
-2.97605 -5.74254
-2.97391 -5.74403
-2.96805 -5.74833
-2.96285 -5.75198
-2.96005 -5.75415
-2.95195 -5.75981
-2.95179 -5.75994
-2.94398 -5.76565
-2.94084 -5.76804
-2.93596 -5.77144
-2.92973 -5.77593
-2.928 -5.7773
-2.92005 -5.78294
-2.92004 -5.78316
-2.91869 -5.78392
-2.91393 -5.78755
-2.91235 -5.78854
-2.91201 -5.78885
-2.90747 -5.79202
-2.90399 -5.7944
-2.89598 -5.79996
-2.89596 -5.79995
-2.888 -5.80557
-2.88456 -5.80805
-2.87998 -5.81112
-2.87311 -5.81607
-2.87198 -5.81671
-2.86396 -5.82227
-2.86163 -5.82406
-2.85596 -5.82785
-2.85016 -5.83205
-2.84797 -5.83344
-2.83999 -5.83906
-2.83869 -5.84004
-2.83202 -5.84467
-2.82719 -5.84798
-2.82404 -5.85029
-2.81604 -5.85587
-2.81571 -5.85596
-2.80797 -5.86135
-2.80432 -5.86408
-2.79999 -5.86696
-2.79284 -5.87205
-2.792 -5.87256
-2.78397 -5.8781
-2.7813 -5.87994
-2.77596 -5.88367
-2.76985 -5.88796
-2.76797 -5.88927
-2.75997 -5.89485
-2.75835 -5.89592
-2.75204 -5.90053
-2.74697 -5.90404
-2.74404 -5.90612
-2.73603 -5.91168
-2.73547 -5.912
-2.728 -5.91722
-2.72398 -5.91995
-2.71998 -5.92277
-2.71252 -5.92797
-2.71203 -5.92843
-2.70403 -5.93401
-2.70105 -5.93596
-2.69597 -5.9395
-2.68965 -5.94405
-2.68798 -5.9451
-2.67999 -5.9507
-2.67817 -5.95203
-2.67202 -5.95632
-2.66672 -5.96005
-2.66398 -5.96184
-2.65597 -5.96742
-2.6552 -5.96797
-2.64794 -5.97296
-2.64377 -5.97603
-2.64003 -5.97866
-2.6323 -5.98402
-2.63205 -5.98428
-2.62405 -5.98986
-2.62082 -5.992
-2.61601 -5.99537
-2.60938 -6.00003
-2.60802 -6.00097
-2.60004 -6.00658
-2.59788 -6.00798
-2.59197 -6.01206
-2.58643 -6.016
-2.58399 -6.01768
-2.57604 -6.02333
-2.57494 -6.02397
-2.56798 -6.02882
-2.56348 -6.03197
-2.56005 -6.03451
-2.55199 -6.03993
-2.55201 -6.04004
-2.54397 -6.04556
-2.54054 -6.04797
-2.53597 -6.05115
-2.52909 -6.05599
-2.52798 -6.05673
-2.52 -6.06235
-2.51768 -6.06405
-2.512 -6.06794
-2.50614 -6.07196
-2.50403 -6.07355
-2.49604 -6.07915
-2.49473 -6.08004
-2.48799 -6.08467
-2.48325 -6.088
-2.48 -6.09026
-2.47194 -6.09576
-2.47183 -6.09608
-2.46403 -6.10147
-2.46259 -6.10241
