2.25223 -6.10421
2.2594 -6.10073
2.26658 -6.09728
2.27337 -6.093
2.28104 -6.09054
2.28847 -6.08761
2.2949 -6.08261
2.30257 -6.08016
2.30938 -6.07592
2.31706 -6.0735
2.32398 -6.0695
2.33078 -6.06525
2.33844 -6.06278
2.34534 -6.05875
2.35232 -6.05488
2.35963 -6.05168
2.36676 -6.04812
2.37445 -6.04571
2.38105 -6.04106
2.38831 -6.03775
2.39567 -6.03466
2.40313 -6.03178
2.40963 -6.02692
2.41693 -6.0237
2.42452 -6.02109
2.43146 -6.01713
2.43883 -6.01407
2.44561 -6.00979
2.45282 -6.00638
2.46057 -6.0041
2.46745 -6.00002
2.47437 -5.99602
2.48154 -5.99253
2.48883 -5.98931
2.49627 -5.98638
2.50351 -5.98303
2.51006 -5.97829
2.51757 -5.97549
2.52426 -5.97102
2.53168 -5.96806
2.53863 -5.96412
2.5463 -5.96168
2.55351 -5.95828
2.56036 -5.95415
2.56744 -5.95048
2.57514 -5.94808
2.58179 -5.94353
2.5891 -5.94035
2.5968 -5.93796
2.60385 -5.93423
2.61032 -5.92929
2.61807 -5.927
2.62528 -5.92361
2.63224 -5.9197
2.63932 -5.91604
2.64686 -5.91331
2.654 -5.90976
2.66056 -5.90503
2.66793 -5.90196
2.67558 -5.89946
2.68252 -5.89551
2.68983 -5.89231
2.6967 -5.88822
2.70388 -5.88476
2.71124 -5.88167
2.71799 -5.87732
2.72524 -5.874
2.73275 -5.87123
2.73997 -5.86785
2.74677 -5.8636
2.75375 -5.85974
2.76092 -5.85625
2.76884 -5.85431
2.77557 -5.84993
2.78297 -5.84691
2.79006 -5.84328
2.79719 -5.8397
2.80443 -5.83638
2.81146 -5.8326
2.81857 -5.82899
2.82599 -5.82603
2.83269 -5.82159
2.8404 -5.8192
2.84744 -5.81545
2.85425 -5.81124
2.86141 -5.80773
2.86856 -5.80447
2.87452 -5.79919
2.88063 -5.79408
2.88601 -5.78817
2.89291 -5.78392
2.89873 -5.77849
2.90363 -5.77206
2.90953 -5.76673
2.91599 -5.76199
2.92091 -5.75558
2.9276 -5.7511
2.93375 -5.74603
2.93925 -5.74026
2.94526 -5.73503
2.95093 -5.72945
2.9565 -5.72374
2.96279 -5.71883
2.96814 -5.71289
2.97489 -5.70848
2.98033 -5.70263
2.98533 -5.69631
2.99213 -5.69195
2.99813 -5.68673
3.00385 -5.68118
3.00977 -5.67586
3.0153 -5.67012
3.02169 -5.66531
3.0268 -5.65912
3.03218 -5.65321
3.03917 -5.64906
3.04415 -5.64271
3.05085 -5.63824
3.05589 -5.63197
3.06213 -5.62699
3.06841 -5.62207
3.07422 -5.61663
3.07922 -5.61031
3.08566 -5.60556
3.09099 -5.5996
3.09721 -5.5946
3.10359 -5.58979
3.10907 -5.58399
3.11498 -5.57866
3.12098 -5.57342
3.12696 -5.56817
3.13278 -5.56275
3.13802 -5.55669
3.14448 -5.55196
3.14942 -5.54557
3.15612 -5.54109
3.16148 -5.53517
3.16779 -5.53028
3.17324 -5.52444
3.17981 -5.51983
3.18552 -5.51428
3.19105 -5.50854
3.19742 -5.50372
3.20266 -5.49765
3.20808 -5.49179
3.21506 -5.48762
3.21974 -5.48095
3.22626 -5.47629
3.23157 -5.47031
3.23823 -5.46579
3.24403 -5.46034
3.24912 -5.45412
3.25567 -5.44949
3.26135 -5.44391
3.26743 -5.43877
3.27354 -5.43365
3.27952 -5.4284
3.28529 -5.42291
3.2912 -5.41759
3.29704 -5.41218
3.30264 -5.40651
3.30804 -5.40063
3.31421 -5.39559
3.32047 -5.39063
3.32541 -5.38424
3.3319 -5.37955
3.33686 -5.37319
3.34337 -5.3685
3.34917 -5.36306
3.35524 -5.3579
3.36038 -5.35174
3.36691 -5.34708
3.37307 -5.34202
3.37816 -5.3358
3.38477 -5.33123
3.38989 -5.32505
3.39664 -5.32062
3.40254 -5.31528
3.40717 -5.30856
3.41413 -5.30437
3.4193 -5.29824
3.42586 -5.29362
3.4315 -5.288
3.43676 -5.28196
3.44347 -5.2775
3.44913 -5.27189
3.45527 -5.26682
3.45986 -5.26005
3.46667 -5.2557
3.47282 -5.25063
3.4786 -5.24516
3.48452 -5.23984
3.48946 -5.23345
3.49501 -5.22773
3.50201 -5.22359
3.50774 -5.21807
3.51262 -5.21162
3.51875 -5.20652
3.52504 -5.20161
3.53061 -5.19591
3.53708 -5.19118
3.54243 -5.18525
3.54773 -5.17926
3.55492 -5.17532
3.56029 -5.1694
3.56659 -5.16449
3.57195 -5.15857
3.57807 -5.15347
3.58314 -5.14722
3.58961 -5.1425
3.59569 -5.13736
3.60108 -5.13146
3.60704 -5.12618
3.61224 -5.12008
3.6181 -5.1147
3.62439 -5.10978
3.6309 -5.1051
3.63573 -5.0986
3.6417 -5.09334
3.64767 -5.08808
3.65324 -5.08262
3.65882 -5.07762
3.66364 -5.07188
3.66966 -5.06729
3.67412 -5.06183
3.67965 -5.05736
3.68382 -5.05161
3.68785 -5.04688
3.6922 -5.04242
3.69689 -5.03822
3.7008 -5.03312
3.70206 -5.03052
3.70177 -5.02255
3.69995 -5.01461
3.70045 -5.00662
3.7005 -4.99864
3.69953 -4.99068
3.70036 -4.98268
3.69982 -4.97471
3.69927 -4.96675
3.70069 -4.95874
3.70015 -4.95077
3.69922 -4.94281
3.6998 -4.93482
3.69952 -4.92684
3.69924 -4.91887
3.69951 -4.91088
3.69916 -4.90291
3.69851 -4.89495
3.69776 -4.88698
3.699 -4.87898
3.69826 -4.87101
3.69718 -4.86306
3.69675 -4.85509
3.69663 -4.84711
3.69718 -4.83912
3.69781 -4.83112
3.69757 -4.82315
3.69594 -4.8152
3.69616 -4.80722
3.69591 -4.79925
3.69583 -4.79127
3.69695 -4.78327
3.6952 -4.77532
3.69575 -4.76733
3.69562 -4.75935
3.69449 -4.75176
3.69419 -4.74877
3.69004 -4.74287
3.68535 -4.73907
3.68228 -4.73373
3.67709 -4.73042
3.67316 -4.72469
3.66783 -4.72035
3.66309 -4.71543
3.65914 -4.71123
3.65419 -4.70805
3.65083 -4.70321
3.64438 -4.69845
3.63905 -4.69241
3.63316 -4.68701
3.6269 -4.68204
3.62051 -4.6772
3.61483 -4.67157
3.60783 -4.66744
3.60278 -4.66108
3.59599 -4.65671
3.58989 -4.65155
3.58438 -4.64572
3.57826 -4.64058
3.57221 -4.63536
3.56617 -4.63014
3.56056 -4.62442
3.55386 -4.61995
3.54812 -4.61438
3.54218 -4.60903
3.53585 -4.60415
3.53023 -4.59843
3.52412 -4.59329
3.51822 -4.5879
3.51135 -4.58362
3.50551 -4.57817
3.50024 -4.57205
3.49358 -4.56754
3.4876 -4.56225
3.48154 -4.55704
3.47555 -4.55176
3.46972 -4.54629
3.46375 -4.54098
3.45805 -4.53536
3.45119 -4.53108
3.44613 -4.52472
3.44025 -4.51932
3.4341 -4.51422
3.42751 -4.50962
3.42129 -4.50459
3.41598 -4.49853
3.41011 -4.49311
3.40352 -4.48851
3.3981 -4.48257
3.39092 -4.47866
3.38532 -4.47293
3.37951 -4.46743
3.37388 -4.46173
3.36679 -4.45772
3.36098 -4.45222
3.35488 -4.44707
3.34949 -4.44109
3.34339 -4.43593
3.33771 -4.43029
3.331 -4.42584
3.32472 -4.42088
3.31931 -4.41492
3.313 -4.41001
3.30729 -4.4044
3.30158 -4.3988
3.29466 -4.39459
3.28854 -4.38945
3.28286 -4.38381
3.27755 -4.37774
3.27126 -4.3728
3.26547 -4.36729
3.25852 -4.3631
3.25236 -4.35802
3.24751 -4.35142
3.24081 -4.34695
3.23504 -4.34142
3.22844 -4.33683
3.22241 -4.33159
3.21643 -4.32629
3.2102 -4.32129
3.20468 -4.31547
3.19874 -4.31012
3.19261 -4.305
3.18658 -4.29976
3.18121 -4.29376
3.1743 -4.28953
3.16797 -4.28464
3.16301 -4.27818
3.1563 -4.27371
3.15018 -4.26858
3.14485 -4.26254
3.1378 -4.25848
3.13192 -4.25306
3.12584 -4.24788
3.12053 -4.24181
3.11457 -4.23649
3.10858 -4.2312
3.10209 -4.2265
3.0962 -4.22109
3.08963 -4.21648
3.0842 -4.21056
3.07854 -4.20488
3.0718 -4.20047
3.06618 -4.19475
3.05993 -4.18977
3.05416 -4.18424
3.04836 -4.17873
3.04255 -4.17324
3.03601 -4.16858
3.02951 -4.16389
3.02329 -4.15887
3.01733 -4.15355
3.01132 -4.14828
3.00539 -4.14293
3.00037 -4.13653
2.99409 -4.13159
2.9881 -4.1263
2.98219 -4.12092
2.97506 -4.11695
2.9694 -4.11128
2.96327 -4.10616
2.95812 -4.09991
2.95146 -4.09539
2.94604 -4.08945
2.93925 -4.08509
2.93374 -4.07925
2.92703 -4.0748
2.92129 -4.06923
2.91558 -4.06362
2.9097 -4.0582
2.9038 -4.05281
2.89761 -4.04777
2.89159 -4.04251
2.88486 -4.03808
2.8793 -4.03229
2.87363 -4.02665
2.86786 -4.02111
2.86068 -4.01719
2.8555 -4.01098
2.84947 -4.00574
2.8432 -4.00078
2.83759 -3.99505
2.83076 -3.99074
2.82512 -3.98505
2.81954 -3.97929
2.81326 -3.97434
2.80698 -3.96939
2.80066 -3.96449
2.79464 -3.95923
2.78867 -3.95393
2.78246 -3.9489
2.77646 -3.94362
2.77047 -3.93834
2.76448 -3.93305
2.75932 -3.92681
2.75224 -3.92278
2.74633 -3.9174
2.74052 -3.91192
2.73485 -3.90626
2.7283 -3.90162
2.72324 -3.89527
2.7169 -3.89039
2.71038 -3.88571
2.70519 -3.8795
2.69846 -3.87507
2.69227 -3.87002
2.68583 -3.86524
2.6799 -3.85989
2.67395 -3.85457
2.66856 -3.84859
2.66252 -3.84336
2.65628 -3.83837
2.65091 -3.83237
2.64456 -3.8275
2.63834 -3.82248
2.63186 -3.81775
2.62579 -3.81257
2.62006 -3.80698
2.61397 -3.80181
2.6077 -3.79684
2.6015 -3.79181
2.59551 -3.78651
2.59052 -3.78008
2.58369 -3.77576
2.57764 -3.77055
2.57172 -3.76519
2.56657 -3.75893
2.56003 -3.75428
2.5535 -3.74962
2.54795 -3.74382
2.54158 -3.73897
2.53593 -3.7333
2.52974 -3.72825
2.52348 -3.72327
2.51807 -3.71732
2.51125 -3.71299
2.50594 -3.70693
2.50024 -3.70131
2.49355 -3.69683
2.48762 -3.69147
2.48112 -3.68677
2.47505 -3.68158
2.47005 -3.67516
2.46338 -3.67066
2.45697 -3.66585
2.45143 -3.66006
2.44592 -3.65422
2.43997 -3.64889
2.43276 -3.645
2.42737 -3.63903
2.42116 -3.634
2.41526 -3.62861
2.40873 -3.62395
2.40293 -3.61844
2.39681 -3.61331
2.39148 -3.60727
2.38515 -3.60237
2.37875 -3.59756
2.37288 -3.59214
2.36671 -3.58706
2.3613 -3.5811
2.3551 -3.57607
2.34932 -3.57054
2.34271 -3.56596
2.33695 -3.56041
2.33124 -3.55481
2.32525 -3.54953
2.31901 -3.54452
2.31312 -3.53912
2.30665 -3.5344
2.30032 -3.5295
2.29458 -3.52393
2.28876 -3.51845
2.28301 -3.51288
2.27716 -3.50745
2.27074 -3.50265
2.26477 -3.49734
2.25814 -3.4928
2.25209 -3.48758
2.24611 -3.48228
2.24045 -3.47663
2.23516 -3.47053
2.22797 -3.46663
2.22271 -3.4605
2.21703 -3.45486
2.21045 -3.45025
2.20465 -3.44475
2.19852 -3.43963
2.19179 -3.4352
2.18656 -3.42904
2.18038 -3.42396
2.17486 -3.41814
2.16869 -3.41307
2.16181 -3.4088
2.15616 -3.40313
2.15019 -3.39782
2.14469 -3.39197
2.13831 -3.38714
2.13273 -3.38138
2.12568 -3.37731
2.12004 -3.37163
2.11403 -3.36636
2.1077 -3.36148
2.10222 -3.3556
2.09616 -3.3504
2.08964 -3.34572
2.0838 -3.34027
2.07735 -3.33551
2.07239 -3.32904
2.06605 -3.32416
2.05969 -3.3193
2.05353 -3.31421
2.04777 -3.30867
2.04181 -3.30334
2.03507 -3.29892
2.02976 -3.29285
2.02311 -3.28833
2.0173 -3.28284
2.01196 -3.2768
2.00565 -3.27188
1.99984 -3.2664
1.9938 -3.26117
1.9876 -3.25613
1.9809 -3.25165
1.97578 -3.24537
1.9693 -3.24065
1.96327 -3.23541
1.95772 -3.22962
1.95112 -3.22504
1.94473 -3.22021
1.93904 -3.21458
1.93383 -3.2084
1.9269 -3.2042
1.92094 -3.19888
1.91514 -3.19338
1.90896 -3.18831
1.90283 -3.18318
1.8965 -3.17829
1.89068 -3.17281
1.8852 -3.16694
1.8794 -3.16144
1.87328 -3.1563
1.86722 -3.1511
1.86051 -3.14665
1.85432 -3.14159
1.84823 -3.13642
1.84258 -3.13074
1.83723 -3.12472
1.83092 -3.1198
1.82491 -3.11454
1.81857 -3.10966
1.81338 -3.10345
1.80644 -3.09926
1.80007 -3.09442
1.795 -3.08807
1.78903 -3.08276
1.78239 -3.07823
1.77612 -3.07327
1.77112 -3.06685
1.76504 -3.06167
1.75855 -3.05695
1.75288 -3.0513
1.74594 -3.04711
1.74087 -3.04077
1.73404 -3.03644
1.7283 -3.03087
1.7227 -3.02514
1.71577 -3.02094
1.70988 -3.01554
1.7038 -3.01036
1.69831 -3.0045
1.69221 -2.99934
1.68577 -2.99457
1.68017 -2.98884
1.67384 -2.98394
1.66777 -2.97875
1.66228 -2.97289
1.65567 -2.96832
1.65051 -2.96208
1.64413 -2.95724
1.63788 -2.95226
1.63211 -2.94673
1.62644 -2.94106
1.62036 -2.93589
1.61361 -2.93147
1.60774 -2.92605
1.60141 -2.92116
1.59551 -2.91577
1.58991 -2.91003
1.58439 -2.90421
1.57744 -2.90004
1.57159 -2.89459
1.56517 -2.8898
1.55975 -2.88386
1.55398 -2.87832
1.54712 -2.87404
1.54218 -2.86754
1.5357 -2.86282
1.53015 -2.85704
1.52395 -2.85199
1.51722 -2.84755
1.51132 -2.84217
1.50577 -2.83638
1.4995 -2.83141
1.49345 -2.8262
1.48693 -2.82153
1.48167 -2.8154
1.47586 -2.80991
1.46909 -2.80552
1.46339 -2.7999
1.45771 -2.79426
1.45122 -2.78955
1.44534 -2.78414
1.43858 -2.77974
1.43251 -2.77455
1.42712 -2.76857
1.42115 -2.76326
1.41504 -2.75812
1.40875 -2.75318
1.4025 -2.74819
1.39644 -2.74299
1.39036 -2.73781
1.38532 -2.73143
1.37934 -2.72613
1.37232 -2.72203
1.36718 -2.71578
1.36141 -2.71023
1.35522 -2.70518
1.34877 -2.70042
1.34228 -2.69572
1.33674 -2.68991
1.33063 -2.68477
1.32448 -2.67967
1.31809 -2.67484
1.31267 -2.6689
1.30604 -2.66435
1.30077 -2.65824
1.29419 -2.65363
1.28854 -2.64796
1.28285 -2.64233
1.27658 -2.63736
1.2705 -2.63219
1.26392 -2.62758
1.25849 -2.62164
1.25257 -2.61629
1.24571 -2.612
1.23975 -2.60667
1.2343 -2.60077
1.22834 -2.59546
1.22241 -2.5901
1.21613 -2.58515
1.20962 -2.58046
1.20463 -2.57403
1.19752 -2.57003
1.19234 -2.56381
1.18664 -2.5582
1.18017 -2.55347
1.17368 -2.54875
1.16778 -2.54337
1.16181 -2.53806
1.15638 -2.53213
1.14975 -2.52758
1.14369 -2.52237
1.13743 -2.5174
1.13193 -2.51156
1.12619 -2.50598
1.11958 -2.50141
1.11355 -2.49618
1.10731 -2.49118
1.10142 -2.48577
1.09592 -2.47992
1.08945 -2.4752
1.08384 -2.46947
1.0776 -2.46448
1.07171 -2.45908
1.06507 -2.45454
1.05931 -2.44899
1.05325 -2.44379
1.04684 -2.43898
1.04172 -2.4327
1.03476 -2.42853
1.02964 -2.42225
1.02316 -2.41752
1.01777 -2.41155
1.01114 -2.40699
1.00498 -2.40192
0.998812 -2.39683
0.993489 -2.39078
0.986897 -2.38619
0.981656 -2.38004
0.975428 -2.37503
0.969675 -2.36947
0.963746 -2.36412
0.957528 -2.3591
0.951053 -2.35437
0.945317 -2.34879
0.939401 -2.34342
0.933334 -2.33823
0.927192 -2.33312
0.921543 -2.32744
0.914435 -2.32344
0.909064 -2.31744
0.902293 -2.31306
0.897235 -2.3067
0.890935 -2.30177
0.884592 -2.29689
0.878472 -2.29176
0.872689 -2.28624
0.866936 -2.28068
0.861229 -2.27507
0.854787 -2.2703
0.849056 -2.26472
0.842797 -2.25975
0.836996 -2.25424
0.829997 -2.25012
0.824355 -2.24443
0.818361 -2.23916
0.812839 -2.23333
0.806448 -2.22851
0.801036 -2.22256
0.794903 -2.21744
0.788459 -2.21268
0.782124 -2.20779
0.776295 -2.20232
0.769681 -2.19775
0.764285 -2.19178
0.758223 -2.18658
0.752337 -2.18118
0.746218 -2.17604
0.739889 -2.17115
0.733822 -2.16595
0.727513 -2.16109
0.722214 -2.15495
0.715867 -2.15012
0.708843 -2.14614
0.703706 -2.1398
0.69648 -2.13607
0.691035 -2.13011
0.684517 -2.1255
0.678252 -2.12057
0.671851 -2.11581
0.66609 -2.11025
0.659307 -2.10597
0.653705 -2.10021
0.646707 -2.09619
0.641327 -2.09015
0.634396 -2.08606
0.628222 -2.08101
0.622374 -2.07556
0.616169 -2.07055
0.609782 -2.06578
0.603866 -2.06041
0.597432 -2.05569
0.590974 -2.051
0.58435 -2.04652
0.579051 -2.04038
0.571669 -2.03685
0.56574 -2.0315
0.559374 -2.02669
0.552957 -2.02195
0.547537 -2.01596
0.540928 -2.01146
0.534888 -2.00625
0.528574 -2.00138
0.521804 -1.99708
0.516686 -1.99072
0.510084 -1.98621
0.503603 -1.98155
0.49745 -1.97648
0.49071 -1.97214
0.484374 -1.9673
0.478328 -1.96209
0.472232 -1.95695
0.466082 -1.95188
0.459905 -1.94684
0.4543 -1.94108
0.448001 -1.93619
0.441754 -1.93124
0.435511 -1.92628
0.428855 -1.92184
0.422548 -1.91696
0.4162 -1.91213
0.409845 -1.90732
0.404471 -1.90127
0.397459 -1.89728
0.392076 -1.89124
0.385632 -1.88653
0.379268 -1.88173
0.372936 -1.87688
0.367016 -1.87152
0.360012 -1.86751
0.354016 -1.86224
0.347458 -1.85768
0.34188 -1.85189
0.33486 -1.84791
0.329748 -1.84153
0.322893 -1.83734
0.316167 -1.83299
0.310246 -1.82762
0.304512 -1.82203
0.297614 -1.81789
0.291289 -1.81304
0.285029 -1.8081
0.279267 -1.80254
0.273401 -1.79711
0.26643 -1.79306
0.260416 -1.78782
0.253784 -1.78335
0.248608 -1.77705
0.241778 -1.77283
0.235744 -1.76761
0.229209 -1.76301
0.223583 -1.75728
0.216978 -1.75278
0.210944 -1.74756
0.20484 -1.74243
0.197745 -1.73854
0.192394 -1.73246
0.186007 -1.72768
0.179777 -1.72271
0.173445 -1.71786
0.166617 -1.71364
0.161323 -1.70749
0.155021 -1.7026
0.148809 -1.69761
0.14207 -1.69327
0.135297 -1.68898
0.129409 -1.68357
0.122962 -1.67887
0.117055 -1.67349
0.11036 -1.6691
0.104534 -1.66362
0.0987349 -1.6581
0.0926095 -1.653
0.0864862 -1.64789
0.0793922 -1.644
0.0738268 -1.63819
0.0678076 -1.63295
0.0608735 -1.62886
0.0548778 -1.62359
0.0486471 -1.61877
0.0408238 -1.61923
0.0330005 -1.61764
0.0251771 -1.61779
0.0173538 -1.61769
0.00953048 -1.61937
0.00170715 -1.61848
-0.00611617 -1.6179
-0.0139395 -1.61846
-0.0217628 -1.61814
-0.0295861 -1.61911
-0.0374095 -1.61918
-0.0452328 -1.61948
-0.0530561 -1.61921
-0.0608794 -1.61846
-0.0687028 -1.61814
-0.0761477 -1.61907
-0.0829863 -1.62334
-0.08923 -1.62832
-0.0947353 -1.63418
-0.101006 -1.63913
-0.107419 -1.64391
-0.11317 -1.64947
-0.119801 -1.65399
-0.124998 -1.66021
-0.131133 -1.66532
-0.138 -1.66956
-0.143663 -1.67523
-0.149473 -1.68073
-0.155687 -1.68574
-0.161937 -1.69071
-0.168012 -1.69589
-0.174405 -1.7007
-0.180667 -1.70565
-0.186004 -1.71171
-0.192063 -1.71691
-0.198083 -1.72216
-0.2046 -1.72681
-0.211348 -1.73119
-0.216806 -1.73711
-0.22299 -1.74216
-0.229361 -1.74698
-0.235847 -1.75168
-0.241545 -1.75731
-0.247104 -1.7631
-0.253856 -1.76747
-0.260292 -1.77223
-0.265607 -1.77831
-0.272147 -1.78294
-0.278006 -1.78837
-0.283865 -1.79381
-0.290008 -1.79891
-0.296473 -1.80363
-0.302933 -1.80835
-0.308273 -1.8144
-0.31491 -1.81891
-0.321371 -1.82364
-0.326887 -1.82948
-0.332784 -1.83487
-0.338733 -1.8402
-0.345252 -1.84485
-0.351022 -1.8504
-0.358042 -1.85445
-0.36359 -1.86026
-0.369771 -1.86532
-0.375387 -1.87104
-0.381427 -1.87626
-0.388393 -1.88039
-0.394129 -1.88597
-0.400344 -1.89098
-0.405999 -1.89666
-0.412851 -1.90092
-0.418218 -1.90694
-0.424353 -1.91205
-0.431118 -1.91641
-0.437128 -1.92167
-0.442832 -1.92729
-0.449622 -1.93162
-0.454568 -1.93814
-0.461092 -1.94279
-0.466817 -1.94838
-0.473261 -1.95312
-0.47959 -1.958
-0.485676 -1.96317
-0.49238 -1.9676
-0.497712 -1.97366
-0.503583 -1.97909
-0.509625 -1.98431
-0.515688 -1.9895
-0.522469 -1.99384
-0.528425 -1.99916
-0.534254 -2.00464
-0.540678 -2.0094
-0.546244 -2.01519
-0.552791 -2.01981
-0.559201 -2.02459
-0.565443 -2.02957
-0.571273 -2.03504
-0.576674 -2.04102
-0.584001 -2.04472
-0.589389 -2.05071
-0.596204 -2.05501
-0.60223 -2.06025
-0.607482 -2.06641
-0.613908 -2.07117
-0.619893 -2.07646
-0.626325 -2.08122
-0.632599 -2.08616
-0.638037 -2.0921
-0.644696 -2.09658
-0.650209 -2.10243
-0.656658 -2.10717
-0.662484 -2.11264
-0.669122 -2.11715
-0.674538 -2.12312
-0.681611 -2.12711
-0.686826 -2.13331
-0.692927 -2.13846
-0.699001 -2.14364
-0.705814 -2.14795
-0.711288 -2.15384
-0.717556 -2.15879
-0.724053 -2.16347
-0.73019 -2.16858
-0.736196 -2.17384
-0.74195 -2.1794
-0.747986 -2.18463
-0.754432 -2.18937
-0.760119 -2.19501
-0.766804 -2.19947
-0.768375 -2.19995
-0.77374 -2.20591
-0.778788 -2.21221
-0.785685 -2.21651
-0.791517 -2.22197
-0.797336 -2.22743
-0.80273 -2.23336
-0.809111 -2.23822
-0.81479 -2.24384
-0.821086 -2.24879
-0.826112 -2.25512
-0.831872 -2.26065
-0.837687 -2.26612
-0.843486 -2.27161
-0.849686 -2.27666
-0.855528 -2.28211
-0.862202 -2.28665
-0.867664 -2.2925
-0.873605 -2.29784
-0.879521 -2.3032
-0.885307 -2.3087
-0.890932 -2.31438
-0.896138 -2.32051
-0.902347 -2.32556
-0.907826 -2.33139
-0.913814 -2.33667
-0.91997 -2.34178
-0.926401 -2.34658
-0.931742 -2.35257
-0.937566 -2.35803
-0.944239 -2.36257
-0.949775 -2.36834
-0.955185 -2.37426
-0.961143 -2.37957
-0.966489 -2.38555
-0.973561 -2.38966
-0.979238 -2.39528
-0.984928 -2.40089
-0.991279 -2.40578
-0.996225 -2.41219
-1.00185 -2.41787
-1.00831 -2.42265
-1.01433 -2.4279
-1.02051 -2.43297
-1.02619 -2.43858
-1.03235 -2.44369
-1.03774 -2.44962
-1.04406 -2.45454
-1.04871 -2.46128
-1.05525 -2.46596
-1.06157 -2.47088
-1.06721 -2.47655
-1.07258 -2.4825
-1.07814 -2.48826
-1.08481 -2.4928
-1.08978 -2.49919
-1.09593 -2.50429
-1.10216 -2.50932
-1.10811 -2.51464
-1.11445 -2.51954
-1.11998 -2.52533
-1.1254 -2.53122
-1.13123 -2.53668
-1.13664 -2.54259
-1.14323 -2.54722
-1.14853 -2.55325
-1.15465 -2.55839
-1.16058 -2.56374
-1.16623 -2.56939
-1.17281 -2.57404
-1.17885 -2.57926
-1.18439 -2.58503
-1.19072 -2.58994
-1.19543 -2.59661
-1.20209 -2.60117
-1.20783 -2.60672
-1.21388 -2.61194
-1.21878 -2.6184
-1.22493 -2.62352
-1.23137 -2.62831
-1.23643 -2.63459
-1.24278 -2.63949
-1.24827 -2.64531
-1.25442 -2.65042
-1.26114 -2.65491
-1.26658 -2.66079
-1.27185 -2.66685
-1.27805 -2.67191
-1.28399 -2.67724
-1.29008 -2.68241
-1.29528 -2.68855
-1.30099 -2.69414
-1.30674 -2.69968
-1.31312 -2.70454
-1.31853 -2.71045
-1.32475 -2.71548
-1.33069 -2.72082
-1.33645 -2.72635
-1.34255 -2.73152
-1.34844 -2.73691
-1.35434 -2.74229
-1.36079 -2.74707
-1.36667 -2.75246
-1.37211 -2.75834
-1.37771 -2.76405
-1.38396 -2.76906
-1.3899 -2.77438
-1.39592 -2.77963
-1.40145 -2.78542
-1.40764 -2.79049
-1.4136 -2.79579
-1.41937 -2.80132
-1.42507 -2.80691
-1.43062 -2.81267
-1.43668 -2.81788
-1.44201 -2.82388
-1.44862 -2.82849
-1.45358 -2.83489
-1.45993 -2.83978
-1.46549 -2.84552
-1.4719 -2.85036
-1.47769 -2.85585
-1.48307 -2.8618
-1.48905 -2.86708
-1.49514 -2.87226
-1.50059 -2.87813
-1.50676 -2.88322
-1.5124 -2.88888
-1.5189 -2.8936
-1.52488 -2.8989
-1.53063 -2.90444
-1.53649 -2.90987
-1.5426 -2.91502
-1.54805 -2.92088
-1.55433 -2.92585
-1.55917 -2.93238
-1.56597 -2.93678
-1.57185 -2.94218
-1.57734 -2.948
-1.58342 -2.95319
-1.58943 -2.95846
-1.59531 -2.96386
-1.60013 -2.9704
-1.60663 -2.97513
-1.61197 -2.98113
-1.61823 -2.98611
-1.62474 -2.99083
-1.62951 -2.99743
-1.63634 -3.0018
-1.64189 -3.00756
-1.64775 -3.01299
-1.65303 -3.01904
-1.65976 -3.02352
-1.66549 -3.02908
-1.67059 -3.03533
-1.67754 -3.03957
-1.68345 -3.04494
-1.68913 -3.05056
-1.69475 -3.05624
-1.69994 -3.06238
-1.70648 -3.06708
-1.71244 -3.07239
-1.7185 -3.0776
-1.72336 -3.0841
-1.72925 -3.08949
-1.73563 -3.09435
-1.74182 -3.09941
-1.74742 -3.10512
-1.75362 -3.11018
-1.75858 -3.11658
-1.76552 -3.12082
-1.77083 -3.12684
-1.77613 -3.13287
-1.78209 -3.13819
-1.78872 -3.14278
-1.79397 -3.14886
-1.80037 -3.15371
-1.80577 -3.15962
-1.81168 -3.16499
-1.81746 -3.1705
-1.8234 -3.17583
-1.82971 -3.18077
-1.83539 -3.18639
-1.84137 -3.19168
-1.84669 -3.1977
-1.85301 -3.20261
-1.85875 -3.20817
-1.86519 -3.21296
-1.87084 -3.21861
-1.87623 -3.22454
-1.88241 -3.22962
-1.88761 -3.23576
-1.89393 -3.24068
-1.8997 -3.24621
-1.90558 -3.25161
-1.91203 -3.25639
-1.91788 -3.26182
-1.92372 -3.26727
-1.9297 -3.27257
-1.93481 -3.27879
-1.94029 -3.28463
-1.94626 -3.28993
-1.95306 -3.29434
-1.95806 -3.30069
-1.9639 -3.30614
-1.97014 -3.31116
-1.97589 -3.31669
-1.98157 -3.32231
-1.98766 -3.32748
-1.99082 -3.32995
-1.99054 -3.3303
-1.9901 -3.33091
-1.98971 -3.33155
-1.98936 -3.33221
-1.98904 -3.33289
-1.98877 -3.33359
-1.98855 -3.33431
-1.98837 -3.33503
-1.98824 -3.33577
-1.98815 -3.33651
-1.98811 -3.33726
-1.98811 -3.33801
-1.98817 -3.33876
-1.9891 -3.34793
-1.9892 -3.34867
-1.98934 -3.3494
-1.98953 -3.35012
-1.98976 -3.35082
-1.99004 -3.35151
-1.99036 -3.35218
-1.99071 -3.35283
-1.99634 -3.36233
-1.99674 -3.36296
-1.99717 -3.36356
-1.99764 -3.36413
-2.01614 -3.38651
-2.01664 -3.38707
-2.01717 -3.38759
-2.01773 -3.38808
-2.01832 -3.38854
-2.01894 -3.38895
-2.01958 -3.38933
-2.02024 -3.38966
-2.02093 -3.38996
-2.05281 -3.40366
-2.0535 -3.40395
-2.05421 -3.4042
-2.05493 -3.4044
-2.05566 -3.40456
-2.0564 -3.40467
-2.05714 -3.40473
-2.05789 -3.40475
-2.05864 -3.40472
-2.05939 -3.40465
-2.06012 -3.40452
-2.06085 -3.40436
-2.06157 -3.40414
-2.06227 -3.40389
-2.06296 -3.40359
-2.06363 -3.40324
-2.06427 -3.40286
-2.06489 -3.40244
-2.06548 -3.40198
-2.06604 -3.40148
-2.06656 -3.40095
-2.06706 -3.40039
-2.06752 -3.3998
-2.06754 -3.39976
-2.07066 -3.40236
-2.07629 -3.40804
-2.08171 -3.41394
-2.08787 -3.41903
-2.09365 -3.42455
-2.09886 -3.43068
-2.10519 -3.43558
-2.11126 -3.44078
-2.11639 -3.44699
-2.12339 -3.45118
-2.12849 -3.45743
-2.13406 -3.46317
-2.14015 -3.46834
-2.14614 -3.47362
-2.15205 -3.47899
-2.15752 -3.48484
-2.16388 -3.48971
-2.16983 -3.49504
-2.17565 -3.50051
-2.18137 -3.50609
-2.18689 -3.51188
-2.19272 -3.51733
-2.19862 -3.52271
-2.20546 -3.52707
-2.21116 -3.53267
-2.21714 -3.53796
-2.22268 -3.54373
-2.22846 -3.54924
-2.23485 -3.55409
-2.23975 -3.56055
-2.24558 -3.56601
-2.25129 -3.57159
-2.25759 -3.57654
-2.26422 -3.58113
-2.269 -3.58772
-2.27487 -3.59313
-2.28057 -3.59873
-2.28643 -3.60415
-2.2933 -3.60848
-2.29899 -3.61408
-2.30477 -3.61959
-2.31039 -3.62527
-2.31646 -3.63047
-2.32268 -3.63551
-2.3275 -3.64205
-2.33344 -3.64739
-2.33931 -3.6528
-2.34573 -3.65762
-2.35133 -3.66333
-2.35697 -3.66899
-2.36396 -3.67318
-2.36983 -3.6786
-2.37484 -3.68494
-2.38061 -3.69046
-2.38662 -3.69573
-2.39245 -3.70118
-2.39814 -3.70679
-2.40494 -3.71119
-2.41031 -3.71714
-2.41553 -3.72327
-2.4219 -3.72813
-2.42752 -3.73381
-2.43355 -3.73905
-2.43916 -3.74475
-2.44514 -3.75004
-2.45167 -3.75474
-2.45757 -3.76011
-2.46356 -3.76539
-2.46905 -3.77122
-2.47514 -3.7764
-2.48064 -3.78221
-2.48586 -3.78833
-2.49208 -3.79336
-2.49852 -3.79815
-2.50406 -3.80392
-2.51025 -3.80898
-2.51547 -3.8151
-2.52227 -3.81951
-2.52779 -3.8253
-2.53338 -3.83102
-2.53954 -3.83611
-2.54517 -3.84178
-2.55127 -3.84695
-2.55669 -3.85285
-2.56252 -3.85831
-2.5682 -3.86392
-2.5749 -3.86844
-2.57997 -3.87472
-2.58658 -3.87933
-2.59225 -3.88495
-2.59739 -3.89116
-2.60351 -3.8963
-2.60939 -3.9017
-2.61572 -3.90661
-2.62117 -3.91248
-2.62682 -3.91813
-2.6329 -3.92331
-2.63897 -3.92851
-2.64547 -3.93324
-2.65092 -3.93911
-2.6563 -3.94504
-2.66256 -3.95003
-2.66821 -3.95569
-2.67382 -3.96138
-2.67962 -3.96687
-2.68562 -3.97214
-2.69125 -3.97781
-2.698 -3.98227
-2.70354 -3.98805
-2.7093 -3.99358
-2.71569 -3.99842
-2.72149 -4.00391
-2.72699 -4.00973
-2.73243 -4.0156
-2.73896 -4.0203
-2.74407 -4.02654
-2.75007 -4.0318
-2.75686 -4.03622
-2.76247 -4.04192
-2.76804 -4.04765
-2.77454 -4.05238
-2.78005 -4.05819
-2.78547 -4.06408
-2.79183 -4.06896
-2.79725 -4.07486
-2.80264 -4.0808
-2.80929 -4.08536
-2.81506 -4.09089
-2.82115 -4.09605
-2.82661 -4.10191
-2.8331 -4.10666
-2.83884 -4.1122
-2.84486 -4.11746
-2.8503 -4.12333
-2.85662 -4.12826
-2.86233 -4.13385
-2.86746 -4.14006
-2.87378 -4.14499
-2.87904 -4.15106
-2.88503 -4.15634
-2.89068 -4.16199
-2.89705 -4.16685
-2.90253 -4.17269
-2.90881 -4.17766
-2.91502 -4.18271
-2.92096 -4.18804
-2.92675 -4.19354
-2.93178 -4.19986
-2.93765 -4.20527
-2.94388 -4.21029
-2.95001 -4.21542
-2.95646 -4.22021
-2.96219 -4.22578
-2.96818 -4.23106
-2.97384 -4.2367
-2.97874 -4.24316
-2.98554 -4.24756
-2.99071 -4.25374
-2.99654 -4.25919
-3.00279 -4.26418
-3.00819 -4.27011
-3.01457 -4.27497
-3.02042 -4.2804
-3.0263 -4.28581
-3.0324 -4.29097
-3.03823 -4.29642
-3.04378 -4.30218
-3.0502 -4.307
-3.05519 -4.31336
-3.0616 -4.31819
-3.06685 -4.32427
-3.07318 -4.32919
-3.07838 -4.33533
-3.08532 -4.33958
-3.09013 -4.34614
-3.09606 -4.35149
-3.10274 -4.35602
-3.10843 -4.36163
-3.11478 -4.36652
-3.1197 -4.37296
-3.12601 -4.3779
-3.13219 -4.38297
-3.13791 -4.38855
-3.14308 -4.39472
-3.14917 -4.39989
-3.15519 -4.40515
-3.16076 -4.41088
-3.16734 -4.41553
-3.17339 -4.42074
-3.17874 -4.42672
-3.18472 -4.432
-3.19078 -4.43722
-3.19675 -4.44251
-3.20274 -4.44779
-3.2076 -4.45431
-3.21384 -4.45932
-3.22028 -4.46411
-3.22593 -4.46977
-3.23117 -4.47586
-3.23691 -4.48141
-3.24363 -4.4859
-3.24855 -4.49234
-3.25488 -4.49725
-3.26055 -4.50288
-3.26639 -4.50833
-3.27297 -4.51297
-3.27791 -4.51939
-3.28445 -4.52408
-3.28985 -4.53
-3.29657 -4.53449
-3.3024 -4.53995
-3.30809 -4.54556
-3.31317 -4.55182
-3.31968 -4.55653
-3.32497 -4.56258
-3.33136 -4.56743
-3.33771 -4.57232
-3.3432 -4.57815
-3.34814 -4.58456
-3.35424 -4.58973
-3.36054 -4.59468
-3.36664 -4.59984
-3.37206 -4.60574
-3.37777 -4.61132
-3.38345 -4.61694
-3.38929 -4.62238
-3.39525 -4.62769
-3.40216 -4.63199
-3.40709 -4.63841
-3.41316 -4.64361
-3.41901 -4.64904
-3.42497 -4.65435
-3.43102 -4.65958
-3.4368 -4.66508
-3.44312 -4.67001
-3.4481 -4.67638
-3.45455 -4.68117
-3.45981 -4.68724
-3.4661 -4.6922
-3.47172 -4.69788
-3.47776 -4.70311
-3.48361 -4.70854
-3.49 -4.7134
-3.49573 -4.71895
-3.50095 -4.72508
-3.50652 -4.73081
-3.51367 -4.73484
-3.51859 -4.74128
-3.52507 -4.74603
-3.53073 -4.75167
-3.53714 -4.75649
-3.5419 -4.76311
-3.54782 -4.76846
-3.55395 -4.77359
-3.5598 -4.77903
-3.56542 -4.78471
-3.57183 -4.78954
-3.57827 -4.79434
-3.58359 -4.80035
-3.58896 -4.80629
-3.59454 -4.81197
-3.59578 -4.81312
-3.601 -4.81584
-3.60437 -4.82038
-3.60801 -4.82465
-3.61189 -4.82957
-3.61731 -4.83299
-3.62073 -4.83835
-3.62604 -4.8419
-3.63052 -4.8482
-3.63579 -4.85378
-3.64171 -4.85878
-3.64576 -4.86401
-3.64932 -4.86967
-3.65433 -4.87406
-3.65634 -4.87757
-3.65966 -4.8813
-3.65955 -4.88919
-3.65966 -4.89709
-3.65864 -4.90498
-3.65882 -4.91287
-3.66024 -4.92076
-3.66031 -4.92866
-3.65875 -4.93655
-3.65875 -4.94445
-3.65925 -4.95234
-3.66036 -4.96023
-3.6593 -4.96813
-3.66037 -4.97601
-3.65976 -4.98391
-3.6606 -4.9918
-3.66029 -4.99969
-3.6602 -5.00759
-3.66024 -5.01548
-3.66003 -5.02338
-3.65989 -5.03127
-3.65898 -5.03917
-3.65929 -5.04706
-3.65903 -5.05495
-3.65967 -5.06284
-3.65946 -5.07074
-3.66091 -5.07862
-3.65974 -5.08652
-3.66036 -5.09441
-3.65935 -5.10231
-3.66044 -5.11042
-3.6582 -5.11413
-3.65478 -5.11636
-3.65032 -5.12085
-3.64644 -5.12589
-3.64153 -5.12996
-3.63702 -5.1358
-3.63127 -5.14045
-3.62738 -5.1469
-3.62184 -5.14997
-3.61879 -5.15553
-3.61435 -5.15969
-3.61003 -5.16399
-3.60371 -5.16885
-3.59884 -5.17518
-3.59683 -5.17673
-3.59038 -5.1815
-3.58504 -5.18748
-3.57899 -5.1927
-3.57302 -5.19799
-3.56754 -5.20383
-3.56098 -5.20847
-3.55469 -5.21341
-3.54878 -5.21877
-3.54321 -5.22451
-3.53748 -5.23007
-3.53159 -5.23545
-3.52533 -5.24043
-3.51993 -5.24635
-3.51413 -5.25183
-3.50811 -5.25707
-3.50275 -5.26304
-3.49649 -5.26801
-3.48994 -5.27267
-3.48417 -5.27819
-3.47788 -5.28313
-3.4721 -5.28864
-3.46727 -5.29519
-3.46078 -5.29991
-3.4553 -5.30575
-3.44959 -5.31132
-3.44323 -5.31619
-3.43688 -5.32106
-3.43187 -5.32742
-3.42495 -5.33167
-3.41968 -5.33774
-3.4141 -5.34346
-3.40738 -5.34793
-3.40213 -5.35401
-3.39602 -5.35916
-3.39034 -5.36477
-3.38457 -5.37029
-3.37786 -5.37476
-3.37268 -5.38094
-3.36677 -5.3863
-3.36061 -5.39138
-3.35443 -5.39644
-3.34903 -5.40236
-3.34286 -5.40745
-3.33625 -5.41204
-3.33074 -5.41784
-3.32449 -5.42282
-3.31952 -5.42922
-3.31367 -5.43465
-3.30676 -5.43891
-3.3015 -5.44499
-3.29592 -5.45071
-3.28933 -5.45533
-3.28304 -5.46026
-3.27733 -5.46585
-3.27243 -5.47231
-3.26653 -5.4777
-3.26026 -5.48265
-3.25434 -5.48801
-3.24875 -5.49372
-3.2417 -5.49783
-3.23889 -5.50064
-3.23862 -5.50036
-3.23807 -5.49985
-3.23748 -5.49938
-3.23687 -5.49894
-3.23623 -5.49854
-3.23557 -5.49819
-3.23488 -5.49787
-3.23418 -5.4976
-3.23346 -5.49738
-3.23273 -5.4972
-3.23199 -5.49706
-3.23124 -5.49698
-3.23049 -5.49694
-3.22974 -5.49694
-3.22899 -5.497
-3.21907 -5.49803
-3.21838 -5.49812
-3.2177 -5.49826
-3.21703 -5.49843
-3.21636 -5.49864
-3.21572 -5.49888
-3.21508 -5.49917
-3.19303 -5.5098
-3.19236 -5.51012
-3.19172 -5.51048
-3.19111 -5.51088
-3.19051 -5.51131
-3.18995 -5.51179
-3.17856 -5.52157
-3.17801 -5.52207
-3.1775 -5.5226
-3.17701 -5.52317
-3.17657 -5.52376
-3.17616 -5.52438
-3.17579 -5.52503
-3.17546 -5.5257
-3.16018 -5.55733
-3.15988 -5.55802
-3.15962 -5.55873
-3.15942 -5.55944
-3.15925 -5.56017
-3.15913 -5.56091
-3.15906 -5.56166
-3.15903 -5.56241
-3.15906 -5.56316
-3.15912 -5.5639
-3.15924 -5.56464
-3.1594 -5.56537
-3.1596 -5.56609
-3.15985 -5.5668
-3.16015 -5.56749
-3.16048 -5.56816
-3.16086 -5.5688
-3.16127 -5.56943
-3.16173 -5.57002
-3.16222 -5.57059
-3.16274 -5.57112
-3.16286 -5.57122
-3.16286 -5.57122
-3.15991 -5.57393
-3.1542 -5.57952
-3.14774 -5.58427
-3.14209 -5.58992
-3.13649 -5.59562
-3.13073 -5.60115
-3.12397 -5.60557
-3.1185 -5.61142
-3.11199 -5.61612
-3.10603 -5.62142
-3.10063 -5.62735
-3.09499 -5.63301
-3.08872 -5.63798
-3.08231 -5.64278
-3.07647 -5.64823
-3.07066 -5.65369
-3.06556 -5.65995
-3.05969 -5.66535
-3.05372 -5.67064
-3.04716 -5.6753
-3.04175 -5.6812
-3.03635 -5.68713
-3.03039 -5.69244
-3.0245 -5.69781
-3.01787 -5.70239
-3.01257 -5.70841
-3.00624 -5.71332
-3.00067 -5.71905
-2.99468 -5.72432
-2.98894 -5.72987
-2.98228 -5.73441
-2.97649 -5.73991
-2.97065 -5.74534
-2.96479 -5.75076
-2.959 -5.75626
-2.95374 -5.76233
-2.94715 -5.76694
-2.9413 -5.77236
-2.93567 -5.77803
-2.92936 -5.78295
-2.92321 -5.78806
-2.91708 -5.79318
-2.91219 -5.79965
-2.90641 -5.80516
-2.89985 -5.80981
-2.89395 -5.81519
-2.88837 -5.8209
-2.88191 -5.82566
-2.87666 -5.83175
-2.86986 -5.83614
-2.86458 -5.84218
-2.8587 -5.84758
-2.85265 -5.85279
-2.84689 -5.85834
-2.84612 -5.85871
-2.83919 -5.86278
-2.83176 -5.86568
-2.8239 -5.86761
-2.81666 -5.87096
-2.80966 -5.87487
-2.80182 -5.87685
-2.79479 -5.88068
-2.78791 -5.88487
-2.7803 -5.88735
-2.77289 -5.89033
-2.76576 -5.89392
-2.75842 -5.89706
-2.75129 -5.90067
-2.74356 -5.90288
-2.73608 -5.90567
-2.7288 -5.90894
-2.72172 -5.91266
-2.71453 -5.91613
-2.70708 -5.91899
-2.69956 -5.92171
-2.69223 -5.92486
-2.68519 -5.92868
-2.67817 -5.93253
-2.67034 -5.93452
-2.66284 -5.93727
-2.6556 -5.94062
-2.64889 -5.9452
-2.64113 -5.94735
-2.63404 -5.95107
-2.62682 -5.95445
-2.61955 -5.95773
-2.6115 -5.95922
-2.60419 -5.96241
-2.59751 -5.96707
-2.58984 -5.96943
-2.58246 -5.97247
-2.57544 -5.97632
-2.56785 -5.97886
-2.5608 -5.98265
-2.55345 -5.98574
-2.54569 -5.98789
-2.53845 -5.99125
-2.53132 -5.99487
-2.5244 -5.99895
-2.5166 -6.00101
-2.50909 -6.00374
-2.50219 -6.00789
-2.4949 -6.01112
-2.48749 -6.0141
-2.4802 -6.01731
-2.47244 -6.01946
-2.46515 -6.02271
-2.45811 -6.02652
-2.45125 -6.03075
-2.44353 -6.03299
-2.43614 -6.03601
-2.42922 -6.0401
-2.42153 -6.04241
-2.41452 -6.04631
-2.40726 -6.04961
-2.39943 -6.05161
-2.39232 -6.05526
-2.38529 -6.05908
-2.37799 -6.0623
-2.3701 -6.06416
-2.36316 -6.06821
-2.35606 -6.07188
-2.34855 -6.0746
-2.34114 -6.07758
-2.33379 -6.08068
-2.32665 -6.08426
-2.31903 -6.08673
-2.31163 -6.08972
-2.30445 -6.0932
-2.29738 -6.09696
-2.28988 -6.0997
-2.28234 -6.10236
-2.27545 -6.10652
-2.26768 -6.10865
-2.26093 -6.11314
-2.25334 -6.11568
