2.07563 -6.11437
2.08254 -6.11042
2.08844 -6.10499
2.0953 -6.10097
2.10194 -6.09662
2.10866 -6.09239
2.11532 -6.08808
2.12126 -6.08271
2.12858 -6.07936
2.13474 -6.07431
2.1411 -6.06954
2.14749 -6.06483
2.15479 -6.06146
2.16138 -6.05704
2.16756 -6.05201
2.17373 -6.04698
2.18123 -6.0439
2.18775 -6.03939
2.19438 -6.03503
2.20087 -6.03046
2.20691 -6.02523
2.21411 -6.02171
2.22008 -6.01637
2.22724 -6.01279
2.23283 -6.00689
2.23951 -6.00261
2.24598 -5.99801
2.25249 -5.99348
2.26009 -5.99056
2.26623 -5.98546
2.27299 -5.9813
2.27948 -5.97673
2.28636 -5.97274
2.29201 -5.96693
2.29944 -5.96376
2.3055 -5.95855
2.31238 -5.95457
2.31886 -5.94998
2.32483 -5.94465
2.33206 -5.94118
2.33846 -5.93648
2.3448 -5.9317
2.35197 -5.92812
2.35861 -5.92378
2.36411 -5.91776
2.37081 -5.9135
2.37733 -5.90897
2.38408 -5.90479
2.39051 -5.90014
2.39799 -5.89703
2.40358 -5.89114
2.41005 -5.88654
2.41727 -5.88305
2.42352 -5.87814
2.43038 -5.87411
2.43664 -5.8692
2.44302 -5.86448
2.44998 -5.8606
2.45628 -5.85575
2.46282 -5.85126
2.46916 -5.84648
2.47655 -5.84324
2.48309 -5.83874
2.48964 -5.83427
2.49573 -5.8291
2.50257 -5.82505
2.5073 -5.82161
2.51232 -5.81857
2.51693 -5.81494
2.52398 -5.81115
2.5297 -5.80549
2.53676 -5.8017
2.54245 -5.79599
2.54983 -5.79266
2.5558 -5.78735
2.56208 -5.78247
2.56874 -5.77813
2.5749 -5.77307
2.58233 -5.76981
2.58824 -5.76441
2.59521 -5.76052
2.60094 -5.75484
2.60749 -5.75035
2.6143 -5.74622
2.62074 -5.74156
2.62698 -5.73663
2.63364 -5.73229
2.64058 -5.72834
2.64715 -5.72387
2.65283 -5.71814
2.65951 -5.71382
2.66643 -5.70985
2.67312 -5.70555
2.67899 -5.70009
2.68591 -5.69611
2.69249 -5.69166
2.69808 -5.6858
2.70529 -5.68224
2.71152 -5.67728
2.71812 -5.67285
2.72489 -5.66866
2.73047 -5.6628
2.73745 -5.65891
2.744 -5.65441
2.75054 -5.64989
2.75658 -5.64467
2.76323 -5.64031
2.7698 -5.63585
2.7768 -5.63198
2.78295 -5.62692
2.78979 -5.62282
2.79583 -5.61761
2.8023 -5.613
2.80903 -5.60876
2.81529 -5.60384
2.82134 -5.59865
2.82834 -5.59478
2.83524 -5.59078
2.84101 -5.58517
2.8478 -5.58102
2.85438 -5.57656
2.86099 -5.57214
2.86786 -5.5681
2.87411 -5.56317
2.8798 -5.55746
2.88673 -5.5535
2.89333 -5.54907
2.89999 -5.54472
2.90603 -5.53951
2.9127 -5.53517
2.91953 -5.53108
2.92544 -5.52567
2.93163 -5.52066
2.93854 -5.51667
2.94492 -5.51193
2.95122 -5.50709
2.95851 -5.50362
2.96465 -5.49856
2.97061 -5.49322
2.97755 -5.48927
2.98434 -5.48512
2.99022 -5.47966
2.99758 -5.47631
3.00347 -5.47089
3.01033 -5.46682
3.01692 -5.46238
3.02286 -5.45701
3.0298 -5.45306
3.03599 -5.44806
3.04279 -5.44391
3.04839 -5.43807
3.05544 -5.43428
3.06162 -5.42926
3.06815 -5.42474
3.07456 -5.42004
3.08088 -5.41522
3.08766 -5.41104
3.09445 -5.40688
3.10034 -5.40144
3.1077 -5.3981
3.11379 -5.39294
3.12032 -5.38842
3.12669 -5.38367
3.13289 -5.37866
3.13995 -5.37489
3.14642 -5.37029
3.15312 -5.36599
3.15916 -5.36078
3.16583 -5.35644
3.17211 -5.35156
3.17831 -5.34657
3.18498 -5.34224
3.19209 -5.33854
3.19808 -5.33325
3.20421 -5.32815
3.21138 -5.32452
3.21758 -5.31954
3.22455 -5.31564
3.23041 -5.31016
3.23699 -5.3057
3.24386 -5.30166
3.25012 -5.29675
3.25701 -5.29273
3.26305 -5.2875
3.26938 -5.2827
3.27657 -5.2791
3.28235 -5.27351
3.28938 -5.26969
3.29559 -5.26472
3.30243 -5.26064
3.30849 -5.25543
3.31496 -5.25082
3.32102 -5.24564
3.32771 -5.24133
3.33442 -5.23706
3.3406 -5.23204
3.34702 -5.22735
3.35367 -5.223
3.36096 -5.21955
3.36686 -5.21413
3.37391 -5.21034
3.38032 -5.20563
3.38584 -5.19969
3.39282 -5.1958
3.39926 -5.19114
3.40557 -5.1863
3.41205 -5.18171
3.41892 -5.17765
3.4256 -5.17334
3.43206 -5.16872
3.43786 -5.16315
3.44472 -5.1591
3.45078 -5.15391
3.4582 -5.15063
3.46458 -5.14578
3.46817 -5.14044
3.47283 -5.13628
3.47748 -5.13211
3.48314 -5.12848
3.48274 -5.12409
3.48232 -5.11971
3.4827 -5.11176
3.48322 -5.1038
3.48276 -5.09585
3.48166 -5.08791
3.48175 -5.07995
3.48187 -5.072
3.48273 -5.06404
3.48184 -5.05609
3.4828 -5.04813
3.48235 -5.04018
3.481 -5.03224
3.48287 -5.02427
3.48189 -5.01632
3.48264 -5.00836
3.48238 -5.00041
3.48088 -4.99247
3.48057 -4.98452
3.48225 -4.97655
3.48164 -4.9686
3.48213 -4.96065
3.48161 -4.9527
3.48112 -4.94475
3.48086 -4.9368
3.48013 -4.92885
3.48106 -4.92089
3.47991 -4.91295
3.48148 -4.90498
3.48125 -4.89703
3.48155 -4.88907
3.47969 -4.88113
3.48146 -4.87316
3.47961 -4.86523
3.47976 -4.85727
3.48098 -4.84931
3.48105 -4.84135
3.47931 -4.83342
3.47944 -4.82546
3.47926 -4.81751
3.47958 -4.80955
3.47973 -4.8016
3.48 -4.79364
3.47899 -4.7857
3.47934 -4.77774
3.47854 -4.76979
3.47972 -4.76183
3.47927 -4.7539
3.47811 -4.74981
3.4772 -4.74577
3.47128 -4.7404
3.46539 -4.735
3.4589 -4.73028
3.45264 -4.7253
3.44668 -4.71997
3.44091 -4.71444
3.43558 -4.7084
3.42977 -4.70291
3.42373 -4.69768
3.41764 -4.6925
3.41054 -4.68849
3.40547 -4.68214
3.3989 -4.67753
3.39342 -4.67165
3.38708 -4.66676
3.38127 -4.66127
3.37508 -4.65621
3.36948 -4.65048
3.36266 -4.64614
3.35645 -4.6411
3.35061 -4.63564
3.34533 -4.62955
3.33895 -4.62471
3.33323 -4.6191
3.32657 -4.61459
3.32037 -4.60953
3.31446 -4.60416
3.30896 -4.59831
3.30256 -4.5935
3.29679 -4.58795
3.29117 -4.58225
3.28559 -4.57648
3.27912 -4.57175
3.27343 -4.56611
3.26629 -4.56214
3.26032 -4.55683
3.25434 -4.55153
3.24914 -4.54535
3.24242 -4.54089
3.23739 -4.53451
3.23038 -4.53039
3.22535 -4.524
3.2186 -4.51958
3.21252 -4.5144
3.20618 -4.50951
3.20059 -4.50376
3.19423 -4.49891
3.18893 -4.49283
3.18214 -4.48845
3.17668 -4.48256
3.17117 -4.47672
3.16501 -4.47163
3.1584 -4.46705
3.1528 -4.46132
3.14702 -4.45579
3.14059 -4.45101
3.13419 -4.44619
3.12856 -4.44048
3.12275 -4.43499
3.11716 -4.42925
3.11101 -4.42415
3.10436 -4.41961
3.0989 -4.41372
3.093 -4.40833
3.08617 -4.404
3.08039 -4.39847
3.07501 -4.39249
3.06814 -4.38821
3.06251 -4.38251
3.05713 -4.37652
3.05054 -4.37192
3.04402 -4.36724
3.03894 -4.36092
3.03258 -4.35605
3.0263 -4.35109
3.02061 -4.34546
3.01485 -4.33991
3.00801 -4.33559
3.00186 -4.33049
2.99613 -4.32491
2.99027 -4.31947
2.98376 -4.31478
2.97885 -4.30826
2.97227 -4.30365
2.967 -4.29753
2.96048 -4.29285
2.9537 -4.28847
2.9489 -4.28182
2.94296 -4.27648
2.93681 -4.27137
2.93051 -4.26644
2.92446 -4.26122
2.91861 -4.25577
2.91194 -4.25126
2.90593 -4.24599
2.90033 -4.24026
2.89363 -4.23578
2.8885 -4.22951
2.88268 -4.22403
2.87611 -4.21941
2.86972 -4.21458
2.86415 -4.20881
2.8578 -4.20394
2.8521 -4.19831
2.8464 -4.19269
2.84024 -4.1876
2.8344 -4.18214
2.82747 -4.17793
2.82243 -4.17156
2.8165 -4.1662
2.80998 -4.16152
2.80381 -4.15644
2.7983 -4.15061
2.79234 -4.14528
2.78618 -4.14019
2.78032 -4.13475
2.77423 -4.12958
2.76853 -4.12397
2.76259 -4.11862
2.75656 -4.11337
2.74972 -4.10906
2.7436 -4.10391
2.73806 -4.09812
2.73227 -4.0926
2.72641 -4.08717
2.71951 -4.08292
2.7137 -4.07743
2.70741 -4.07248
2.70162 -4.06696
2.6963 -4.06091
2.68954 -4.0565
2.68439 -4.05025
2.67813 -4.04527
2.67172 -4.04047
2.66628 -4.03456
2.65939 -4.0303
2.65349 -4.0249
2.64787 -4.0192
2.64206 -4.0137
2.63613 -4.00835
2.62908 -4.00427
2.62322 -3.99884
2.61796 -3.99271
2.61182 -3.9876
2.60602 -3.98209
2.59938 -3.97755
2.59347 -3.97216
2.58709 -3.96732
2.58224 -3.96073
2.57553 -3.95628
2.57018 -3.95025
2.56403 -3.94514
2.55807 -3.93982
2.55182 -3.93483
2.54549 -3.92994
2.5402 -3.92385
2.53392 -3.91889
2.5271 -3.91456
2.52185 -3.90842
2.51528 -3.90379
2.50903 -3.8988
2.50397 -3.89245
2.49715 -3.88812
2.49114 -3.88285
2.48525 -3.87745
2.47955 -3.87183
2.47353 -3.86658
2.46767 -3.86114
2.46096 -3.85668
2.45549 -3.85079
2.44997 -3.84498
2.44328 -3.84048
2.43785 -3.83456
2.43109 -3.83015
2.42524 -3.8247
2.4194 -3.81924
2.41281 -3.81464
2.40707 -3.80906
2.40132 -3.80351
2.39493 -3.79868
2.38908 -3.79323
2.38267 -3.78842
2.37706 -3.7827
2.37105 -3.77744
2.36535 -3.77182
2.35961 -3.76625
2.3533 -3.76132
2.3473 -3.75605
2.34098 -3.75113
2.33532 -3.74547
2.32857 -3.74105
2.32262 -3.73571
2.31763 -3.72929
2.31145 -3.72422
2.30468 -3.71982
2.29909 -3.71408
2.29285 -3.70908
2.28704 -3.70358
2.2813 -3.69801
2.27515 -3.6929
2.2686 -3.68825
2.26298 -3.68255
2.25731 -3.6769
2.25053 -3.67251
2.24564 -3.66596
2.23878 -3.66168
2.23362 -3.65544
2.22704 -3.65082
2.22095 -3.64565
2.21449 -3.6409
2.20832 -3.63582
2.20265 -3.63017
2.1969 -3.6246
2.19097 -3.61925
2.18522 -3.61368
2.17929 -3.60832
2.17266 -3.60377
2.16634 -3.59886
2.16109 -3.59273
2.15472 -3.58787
2.14909 -3.58217
2.14305 -3.57695
2.13649 -3.57231
2.13027 -3.56728
2.12462 -3.56161
2.1185 -3.55647
2.11269 -3.55097
2.10646 -3.54596
2.10052 -3.54062
2.09436 -3.53552
2.08824 -3.53038
2.08275 -3.52452
2.07708 -3.51888
2.07094 -3.51376
2.06488 -3.50855
2.05864 -3.50355
2.05256 -3.49837
2.04669 -3.49294
2.04086 -3.48747
2.03451 -3.48259
2.02866 -3.47715
2.02298 -3.4715
2.01671 -3.46654
2.01105 -3.46087
2.00488 -3.45579
1.99819 -3.4513
1.99245 -3.44573
1.98678 -3.44008
1.98021 -3.43545
1.97389 -3.43054
1.96822 -3.42488
1.96181 -3.42008
1.95665 -3.41385
1.95012 -3.40918
1.9439 -3.40415
1.93879 -3.39786
1.93284 -3.39252
1.92579 -3.38845
1.9208 -3.38201
1.91439 -3.37721
1.90894 -3.3713
1.90183 -3.3673
1.89649 -3.36127
1.88967 -3.35693
1.88435 -3.35087
1.87826 -3.34571
1.87175 -3.34101
1.86605 -3.33539
1.86037 -3.32975
1.85432 -3.32453
1.84861 -3.31893
1.84172 -3.31466
1.83607 -3.30899
1.83012 -3.30365
1.8244 -3.29806
1.81834 -3.29285
1.81253 -3.28736
1.8061 -3.28257
1.79994 -3.27748
1.79473 -3.2713
1.78809 -3.26675
1.78177 -3.26185
1.77588 -3.25644
1.76975 -3.25132
1.76422 -3.24551
1.7576 -3.24093
1.7525 -3.23463
1.74583 -3.23012
1.74029 -3.22432
1.73453 -3.21877
1.72813 -3.21395
1.72159 -3.2093
1.71543 -3.2042
1.70956 -3.19877
1.70406 -3.19293
1.69836 -3.18731
1.69159 -3.18291
1.68617 -3.17698
1.68 -3.17189
1.67347 -3.16722
1.66806 -3.16128
1.66183 -3.15626
1.65561 -3.15123
1.64945 -3.14614
1.64339 -3.14093
1.63782 -3.13517
1.6314 -3.13036
1.62644 -3.12391
1.61923 -3.12001
1.6137 -3.1142
1.60784 -3.10876
1.60222 -3.10305
1.59543 -3.09868
1.59016 -3.09256
1.58312 -3.08848
1.57768 -3.08256
1.57133 -3.07768
1.56508 -3.07269
1.56034 -3.06598
1.55388 -3.06123
1.54799 -3.05583
1.54129 -3.05136
1.53522 -3.04616
1.52906 -3.04107
1.5238 -3.03494
1.51745 -3.03007
1.51115 -3.02514
1.50571 -3.01922
1.49908 -3.01466
1.49307 -3.00939
1.48807 -3.00298
1.48174 -2.99809
1.47563 -2.99293
1.46938 -2.98794
1.46331 -2.98274
1.4575 -2.97725
1.45164 -2.97182
1.44592 -2.96621
1.43966 -2.96124
1.43335 -2.95632
1.42713 -2.95129
1.4213 -2.94583
1.41594 -2.93981
1.40913 -2.93547
1.40305 -2.93028
1.39759 -2.92439
1.39083 -2.91998
1.3856 -2.91382
1.37927 -2.90892
1.37294 -2.90402
1.36785 -2.89771
1.36104 -2.89336
1.35486 -2.88828
1.34905 -2.8828
1.3433 -2.87724
1.33782 -2.87136
1.33093 -2.86711
1.32507 -2.86167
1.3186 -2.85693
1.31347 -2.85066
1.3075 -2.84535
1.30064 -2.84106
1.29543 -2.83487
1.28963 -2.82937
1.28378 -2.82393
1.27737 -2.81912
1.2717 -2.81347
1.26505 -2.80893
1.25964 -2.80298
1.25343 -2.79795
1.24678 -2.79341
1.24171 -2.78707
1.23567 -2.78185
1.22861 -2.77778
1.22271 -2.77239
1.21726 -2.76648
1.21093 -2.76159
1.20512 -2.75609
1.19917 -2.75076
1.19353 -2.74507
1.18636 -2.74113
1.18143 -2.73464
1.17518 -2.72965
1.16876 -2.72485
1.16282 -2.7195
1.15679 -2.71426
1.15074 -2.70904
1.1443 -2.70427
1.13919 -2.69797
1.13329 -2.69258
1.12646 -2.68826
1.12086 -2.68253
1.11489 -2.67722
1.10828 -2.67263
1.10314 -2.66638
1.09686 -2.66142
1.09097 -2.65602
1.0849 -2.65083
1.07906 -2.64537
1.07216 -2.64112
1.06711 -2.63476
1.06131 -2.62925
1.05533 -2.62395
1.04931 -2.6187
1.0429 -2.61389
1.03621 -2.6094
1.03023 -2.6041
1.02459 -2.59842
1.01886 -2.59283
1.01318 -2.5872
1.00688 -2.58226
1.00058 -2.57732
0.995236 -2.5713
0.988519 -2.56684
0.982801 -2.56124
0.976077 -2.55679
0.971167 -2.55027
0.965159 -2.54501
0.958187 -2.54084
0.952045 -2.53573
0.946031 -2.53047
0.940438 -2.52473
0.934517 -2.51936
0.928809 -2.51375
0.9227 -2.5086
0.916268 -2.50382
0.910148 -2.49868
0.904273 -2.49326
0.898783 -2.4874
0.892431 -2.48253
0.886637 -2.47701
0.880197 -2.47224
0.874521 -2.46659
0.86901 -2.46076
0.861906 -2.45674
0.856515 -2.45077
0.850779 -2.4452
0.844242 -2.44053
0.838489 -2.43498
0.832456 -2.42974
0.825845 -2.42516
0.820429 -2.41922
0.814222 -2.41418
0.808825 -2.40821
0.802157 -2.4037
0.79644 -2.3981
0.790656 -2.39258
0.784539 -2.38743
0.778418 -2.3823
0.77242 -2.37702
0.765586 -2.37269
0.759957 -2.36699
0.754546 -2.36105
0.748544 -2.35577
0.742067 -2.35104
0.736007 -2.34583
0.730702 -2.33976
0.724658 -2.33454
0.718442 -2.32951
0.712643 -2.324
0.705734 -2.31976
0.700077 -2.3141
0.694555 -2.30828
0.687863 -2.30379
0.682607 -2.29766
0.676501 -2.29251
0.670356 -2.2874
0.664103 -2.28241
0.658073 -2.27717
0.652225 -2.27172
0.646056 -2.26664
0.639559 -2.26193
0.633905 -2.25626
0.628117 -2.25074
0.62229 -2.24527
0.615654 -2.24072
0.609829 -2.23524
0.603581 -2.23025
0.597849 -2.22467
0.592258 -2.21892
0.58638 -2.21351
0.579762 -2.20894
0.574177 -2.20319
0.567931 -2.19819
0.561633 -2.19326
0.555265 -2.1884
0.549483 -2.18288
0.543326 -2.17782
0.538204 -2.17155
0.531312 -2.16735
0.525036 -2.16243
0.51919 -2.157
0.5129 -2.1521
0.507947 -2.14563
0.501886 -2.14045
0.495529 -2.13563
0.489062 -2.13093
0.4832 -2.12552
0.477412 -2.12003
0.470704 -2.11561
0.464481 -2.11063
0.458937 -2.10485
0.452756 -2.09982
0.446325 -2.09508
0.441346 -2.08864
0.434443 -2.08445
0.428996 -2.07856
0.422714 -2.07364
0.416961 -2.06811
0.410347 -2.06358
0.404329 -2.05836
0.398498 -2.05292
0.39223 -2.04799
0.385727 -2.04333
0.380131 -2.03761
0.374152 -2.03234
0.368302 -2.02692
0.362464 -2.02149
0.3563 -2.01644
0.350153 -2.01136
0.344177 -2.00609
0.337691 -2.00142
0.331758 -1.99609
0.325344 -1.99133
0.319512 -1.98589
0.313679 -1.98045
0.306794 -1.97624
0.300854 -1.97093
0.295857 -1.96451
0.289054 -1.9602
0.28255 -1.95555
0.277627 -1.94904
0.27095 -1.94459
0.264985 -1.9393
0.258246 -1.93493
0.253147 -1.92862
0.247278 -1.92323
0.240519 -1.91887
0.23419 -1.91401
0.228207 -1.90875
0.222667 -1.90296
0.216013 -1.89848
0.20991 -1.89336
0.204848 -1.88702
0.198235 -1.88249
0.192441 -1.877
0.186259 -1.87197
0.180693 -1.86622
0.174311 -1.86142
0.168095 -1.85643
0.161682 -1.85167
0.155817 -1.84627
0.149833 -1.841
0.144057 -1.8355
0.137537 -1.83086
0.131771 -1.82534
0.125537 -1.82037
0.118999 -1.81575
0.113337 -1.81011
0.106863 -1.80542
0.101072 -1.79993
0.0949583 -1.79482
0.0890767 -1.78944
0.082692 -1.78465
0.0765672 -1.77955
0.0714233 -1.7733
0.0652539 -1.76825
0.058776 -1.76357
0.0521708 -1.75903
0.0470707 -1.75273
0.0403884 -1.74829
0.0347949 -1.74257
0.0288082 -1.73731
0.0220353 -1.73297
0.0163318 -1.72737
0.0105957 -1.72182
0.00408077 -1.71718
-0.00147138 -1.71141
-0.00718849 -1.70583
-0.0136223 -1.7011
-0.0198092 -1.69607
-0.0261637 -1.69124
-0.0317794 -1.68555
-0.0380196 -1.68058
-0.0447444 -1.67619
-0.0499045 -1.66996
-0.0558958 -1.6647
-0.0617984 -1.65934
-0.0690593 -1.65558
-0.0741351 -1.64925
-0.0802246 -1.64411
-0.086558 -1.63925
-0.0926545 -1.63412
-0.0985297 -1.62873
-0.104444 -1.62339
-0.110852 -1.61845
-0.118397 -1.61919
-0.125942 -1.61809
-0.133486 -1.61844
-0.141031 -1.61862
-0.148576 -1.61771
-0.15612 -1.61866
-0.163665 -1.61874
-0.17121 -1.61958
-0.178755 -1.61925
-0.1863 -1.61852
-0.193844 -1.61817
-0.201389 -1.61948
-0.208934 -1.6182
-0.216478 -1.61784
-0.224023 -1.61775
-0.23207 -1.61803
-0.238024 -1.62336
-0.243991 -1.62868
-0.250325 -1.63357
-0.255862 -1.63938
-0.26169 -1.64486
-0.268529 -1.64916
-0.273686 -1.65542
-0.280149 -1.66016
-0.286206 -1.66537
-0.292592 -1.67019
-0.298414 -1.67568
-0.30408 -1.68134
-0.31107 -1.68546
-0.316016 -1.69197
-0.323069 -1.69602
-0.328205 -1.70231
-0.334282 -1.70749
-0.340808 -1.71215
-0.346738 -1.71751
-0.353562 -1.72183
-0.359105 -1.72764
-0.365689 -1.73223
-0.371089 -1.73821
-0.377142 -1.74343
-0.383705 -1.74805
-0.389824 -1.75318
-0.395542 -1.75879
-0.401273 -1.76438
-0.407188 -1.76976
-0.413869 -1.77424
-0.419947 -1.77942
-0.42537 -1.78537
-0.431715 -1.79025
-0.438023 -1.79517
-0.443773 -1.80073
-0.449736 -1.80605
-0.456266 -1.81071
-0.462188 -1.81608
-0.467683 -1.82195
-0.474054 -1.82679
-0.480979 -1.83099
-0.486628 -1.83667
-0.492181 -1.84247
-0.498917 -1.84689
-0.504726 -1.85239
-0.511169 -1.85715
-0.516348 -1.86338
-0.52245 -1.86854
-0.529129 -1.87303
-0.535237 -1.87818
-0.54135 -1.88332
-0.547411 -1.88853
-0.552623 -1.89472
-0.558625 -1.9
-0.565145 -1.90467
-0.571882 -1.90908
-0.576908 -1.9155
-0.583618 -1.91995
-0.58938 -1.9255
-0.595351 -1.93081
-0.601078 -1.93641
-0.607932 -1.94069
-0.613492 -1.94648
-0.620047 -1.95111
-0.625639 -1.95686
-0.632141 -1.96155
-0.637556 -1.96751
-0.644411 -1.97179
-0.650196 -1.97732
-0.655861 -1.98298
-0.662683 -1.9873
-0.668521 -1.99277
-0.673901 -1.99877
-0.680184 -2.00371
-0.686947 -2.0081
-0.693229 -2.01305
-0.699016 -2.01857
-0.704766 -2.02414
-0.711306 -2.02879
-0.716361 -2.03517
-0.723135 -2.03954
-0.729609 -2.04426
-0.735224 -2.04999
-0.740827 -2.05573
-0.746834 -2.061
-0.753829 -2.06512
-0.759009 -2.07135
-0.765655 -2.07587
-0.771697 -2.0811
-0.778184 -2.08581
-0.783866 -2.09146
-0.789197 -2.09751
-0.796363 -2.10143
-0.802458 -2.10659
-0.808267 -2.11209
-0.814692 -2.11688
-0.819876 -2.12311
-0.825711 -2.12857
-0.832736 -2.13265
-0.838209 -2.13855
-0.844206 -2.14383
-0.85011 -2.14922
-0.85641 -2.15414
-0.862474 -2.15934
-0.868351 -2.16476
-0.874632 -2.16971
-0.880596 -2.17503
-0.887028 -2.17981
-0.892926 -2.1852
-0.898758 -2.19067
-0.904674 -2.19605
-0.910651 -2.20135
-0.91331 -2.20184
-0.918587 -2.20795
-0.924918 -2.21285
-0.931279 -2.2177
-0.937306 -2.22295
-0.942769 -2.22884
-0.949265 -2.23354
-0.955876 -2.23811
-0.96144 -2.24389
-0.966923 -2.24976
-0.973028 -2.25491
-0.978828 -2.26042
-0.985892 -2.26446
-0.99101 -2.27075
-0.99777 -2.27515
-1.00404 -2.28011
-1.00985 -2.2856
-1.01586 -2.29086
-1.02187 -2.29612
-1.02845 -2.30073
-1.03368 -2.30689
-1.03974 -2.3121
-1.04595 -2.31713
-1.05198 -2.32237
-1.05807 -2.32754
-1.06345 -2.33353
-1.06977 -2.33844
-1.07653 -2.34283
-1.08278 -2.34782
-1.08833 -2.35361
-1.09415 -2.3591
-1.10022 -2.36428
-1.10676 -2.36894
-1.11211 -2.37497
-1.11874 -2.3795
-1.12432 -2.38527
-1.13051 -2.39032
-1.1361 -2.39607
-1.14278 -2.40055
-1.1491 -2.40546
-1.15542 -2.41037
-1.16044 -2.41678
-1.1672 -2.42117
-1.17328 -2.42634
-1.17922 -2.43169
-1.18512 -2.43708
-1.19147 -2.44195
-1.19655 -2.44829
-1.20267 -2.45342
-1.20928 -2.45799
-1.21458 -2.46407
-1.2219 -2.46783
-1.22767 -2.47336
-1.23292 -2.4795
-1.23932 -2.48432
-1.246 -2.4888
-1.25086 -2.49539
-1.25709 -2.5004
-1.26313 -2.50563
-1.26961 -2.51035
-1.27591 -2.51527
-1.28129 -2.52127
-1.28746 -2.52634
-1.29384 -2.53119
-1.29941 -2.53695
-1.30567 -2.54192
-1.31158 -2.5473
-1.31748 -2.5527
-1.32361 -2.55782
-1.32969 -2.56299
-1.33658 -2.56724
-1.34243 -2.57269
-1.34776 -2.57874
-1.35414 -2.58357
-1.36091 -2.58795
-1.36674 -2.59343
-1.37267 -2.59878
-1.379 -2.60367
-1.38418 -2.6099
-1.39074 -2.61452
-1.39649 -2.62008
-1.40328 -2.62445
-1.40913 -2.62989
-1.41516 -2.63514
-1.42036 -2.64133
-1.4273 -2.64551
-1.43325 -2.65086
-1.43953 -2.65581
-1.44442 -2.66236
-1.45131 -2.6666
-1.45766 -2.67147
-1.46308 -2.67742
-1.46906 -2.68272
-1.47581 -2.68712
-1.48089 -2.69347
-1.4873 -2.69826
-1.49284 -2.70407
-1.4995 -2.70858
-1.50583 -2.71347
-1.51176 -2.71882
-1.51801 -2.72381
-1.52312 -2.73012
-1.52909 -2.73542
-1.53559 -2.74011
-1.5423 -2.74457
-1.54751 -2.75076
-1.55343 -2.75612
-1.56006 -2.76067
-1.56626 -2.76571
-1.572 -2.77129
-1.57856 -2.77591
-1.5839 -2.78195
-1.58973 -2.78742
-1.59551 -2.79295
-1.60276 -2.79677
-1.60878 -2.80202
-1.61391 -2.8083
-1.62073 -2.81263
-1.62581 -2.81898
-1.632 -2.82403
-1.63881 -2.82836
-1.64441 -2.8341
-1.65082 -2.8389
-1.65676 -2.84424
-1.6623 -2.85005
-1.66831 -2.85532
-1.67531 -2.85943
-1.68061 -2.86551
-1.68633 -2.87111
-1.69232 -2.8764
-1.6994 -2.88042
-1.70471 -2.88649
-1.71127 -2.89111
-1.71721 -2.89646
-1.72363 -2.90125
-1.72868 -2.90762
-1.7345 -2.91311
-1.74066 -2.9182
-1.74702 -2.92305
-1.75331 -2.92799
-1.75967 -2.93285
-1.7655 -2.93832
-1.77149 -2.94361
-1.77773 -2.94861
-1.78318 -2.95451
-1.78891 -2.9601
-1.79596 -2.96416
-1.80107 -2.97047
-1.80724 -2.97554
-1.81314 -2.98093
-1.82 -2.9852
-1.82636 -2.99006
-1.83179 -2.996
-1.83843 -3.00053
-1.8439 -3.00642
-1.84992 -3.01167
-1.85606 -3.01678
-1.86155 -3.02265
-1.86751 -3.02797
-1.87418 -3.03247
-1.88059 -3.03726
-1.88676 -3.04235
-1.89199 -3.04851
-1.8982 -3.05353
-1.90379 -3.05928
-1.90983 -3.06452
-1.91624 -3.06931
-1.9221 -3.07475
-1.92883 -3.07918
-1.93526 -3.08395
-1.94071 -3.08987
-1.94622 -3.0957
-1.9526 -3.10054
-1.95841 -3.10604
-1.96498 -3.11065
-1.97151 -3.11531
-1.97734 -3.12078
-1.98323 -3.12618
-1.98929 -3.13138
-1.99518 -3.13679
-2.00158 -3.14159
-2.00732 -3.14718
-2.01331 -3.15246
-2.01956 -3.15744
-2.02519 -3.16314
-2.03147 -3.16809
-2.03791 -3.17286
-2.04297 -3.17923
-2.04948 -3.18391
-2.05582 -3.18879
-2.06117 -3.19481
-2.06735 -3.19988
-2.07362 -3.20484
-2.07959 -3.21015
-2.08563 -3.21537
-2.09154 -3.22076
-2.09784 -3.22568
-2.10384 -3.23096
-2.11022 -3.2358
-2.11535 -3.24207
-2.1217 -3.24694
-2.12765 -3.25228
-2.13461 -3.25644
-2.14069 -3.26162
-2.14633 -3.26731
-2.15246 -3.27243
-2.15878 -3.27734
-2.165 -3.28236
-2.16988 -3.28893
-2.176 -3.29406
-2.18275 -3.29847
-2.1886 -3.30392
-2.19484 -3.30891
-2.20127 -3.31369
-2.20646 -3.3199
-2.21307 -3.32447
-2.21869 -3.33018
-2.22208 -3.3324
-2.22158 -3.33292
-2.2211 -3.33349
-2.22066 -3.33408
-2.22025 -3.3347
-2.21988 -3.33535
-2.21956 -3.33601
-2.21927 -3.3367
-2.21903 -3.3374
-2.21883 -3.33812
-2.21868 -3.33885
-2.21857 -3.33958
-2.2185 -3.34032
-2.21849 -3.34106
-2.21852 -3.3418
-2.21859 -3.34254
-2.21996 -3.3528
-2.22008 -3.35353
-2.22024 -3.35426
-2.22045 -3.35497
-2.22071 -3.35567
-2.22101 -3.35635
-2.22135 -3.35702
-2.22173 -3.35766
-2.23703 -3.38016
-2.23746 -3.38076
-2.23793 -3.38134
-2.23843 -3.38188
-2.24917 -3.39266
-2.24971 -3.39319
-2.25027 -3.39368
-2.25087 -3.39413
-2.25149 -3.39455
-2.25213 -3.39492
-2.2528 -3.39526
-2.25349 -3.39555
-2.2542 -3.3958
-2.25491 -3.39601
-2.28815 -3.40477
-2.28888 -3.40492
-2.28962 -3.40503
-2.29036 -3.40509
-2.29111 -3.40511
-2.29185 -3.40508
-2.29259 -3.405
-2.29333 -3.40488
-2.29405 -3.40471
-2.29477 -3.4045
-2.29547 -3.40425
-2.29615 -3.40395
-2.29681 -3.40361
-2.29745 -3.40323
-2.29807 -3.40281
-2.29866 -3.40235
-2.29922 -3.40186
-2.29974 -3.40133
-2.29991 -3.40114
-2.30278 -3.40391
-2.30905 -3.40888
-2.31539 -3.41375
-2.32175 -3.41861
-2.32789 -3.42372
-2.3337 -3.42922
-2.3399 -3.43426
-2.3455 -3.43999
-2.35157 -3.44519
-2.35725 -3.45083
-2.36364 -3.45565
-2.37009 -3.46042
-2.37625 -3.4655
-2.38262 -3.47035
-2.38778 -3.47659
-2.39457 -3.48096
-2.39975 -3.48717
-2.40661 -3.49145
-2.41228 -3.4971
-2.41806 -3.50263
-2.42387 -3.50813
-2.43042 -3.51276
-2.43702 -3.51735
-2.44244 -3.5233
-2.44853 -3.52847
-2.45513 -3.53305
-2.46022 -3.53937
-2.46614 -3.54474
-2.47251 -3.54959
-2.4782 -3.55521
-2.48436 -3.56031
-2.49059 -3.56531
-2.49676 -3.57039
-2.50252 -3.57594
-2.50898 -3.58068
-2.51512 -3.58579
-2.52055 -3.59173
-2.5265 -3.59706
-2.53335 -3.60135
-2.53911 -3.60691
-2.54532 -3.61193
-2.55121 -3.61733
-2.55746 -3.62232
-2.56274 -3.62842
-2.56931 -3.63305
-2.57537 -3.63825
-2.58131 -3.64359
-2.58719 -3.649
-2.59332 -3.65412
-2.60023 -3.65835
-2.60607 -3.6638
-2.61216 -3.66897
-2.61827 -3.67412
-2.62338 -3.68043
-2.63005 -3.68492
-2.63631 -3.6899
-2.64204 -3.69548
-2.64776 -3.70108
-2.65439 -3.70563
-2.66044 -3.71084
-2.66618 -3.71642
-2.67248 -3.72134
-2.67852 -3.72658
-2.68466 -3.73169
-2.69036 -3.7373
-2.69652 -3.7424
-2.70239 -3.74782
-2.70905 -3.75233
-2.71423 -3.75855
-2.72045 -3.76357
-2.72633 -3.76899
-2.73307 -3.77341
-2.73814 -3.77975
-2.74432 -3.78482
-2.75101 -3.78929
-2.75708 -3.79449
-2.76233 -3.80063
-2.76887 -3.80528
-2.77528 -3.81008
-2.78064 -3.81609
-2.78766 -3.82019
-2.79284 -3.82641
-2.79935 -3.8311
-2.80544 -3.83627
-2.81081 -3.84226
-2.81682 -3.84752
-2.82379 -3.85168
-2.82966 -3.8571
-2.83593 -3.86207
-2.84168 -3.86763
-2.84715 -3.87352
-2.85344 -3.87846
-2.85979 -3.88333
-2.86572 -3.88869
-2.87124 -3.89451
-2.87794 -3.89897
-2.88347 -3.90479
-2.88983 -3.90965
-2.89586 -3.91489
-2.90149 -3.92059
-2.90824 -3.925
-2.91356 -3.93105
-2.92023 -3.93555
-2.92639 -3.94065
-2.93166 -3.94677
-2.93858 -3.95097
-2.94464 -3.95617
-2.95072 -3.96136
-2.95642 -3.96698
-2.9628 -3.97182
-2.96804 -3.97797
-2.97451 -3.9827
-2.98023 -3.9883
-2.98661 -3.99313
-2.99273 -3.99827
-2.99894 -4.0033
-3.00455 -4.00902
-3.01117 -4.01358
-3.01716 -4.01887
-3.02238 -4.02505
-3.02874 -4.0299
-3.0344 -4.03557
-3.04154 -4.03952
-3.04645 -4.04606
-3.05264 -4.05111
-3.05871 -4.05631
-3.06499 -4.06125
-3.07121 -4.06627
-3.07683 -4.07199
-3.0836 -4.07637
-3.0899 -4.08129
-3.0959 -4.08657
-3.10093 -4.09297
-3.10747 -4.09761
-3.11349 -4.10287
-3.11922 -4.10845
-3.12528 -4.11365
-3.13201 -4.11809
-3.13711 -4.12441
-3.14364 -4.12906
-3.14927 -4.13477
-3.1558 -4.13942
-3.16175 -4.14476
-3.16745 -4.15038
-3.17331 -4.15581
-3.18016 -4.1601
-3.18646 -4.16504
-3.19192 -4.17093
-3.19764 -4.17653
-3.20455 -4.18075
-3.20991 -4.18676
-3.21586 -4.1921
-3.22238 -4.19677
-3.22865 -4.20173
-3.23488 -4.20674
-3.23993 -4.21311
-3.24655 -4.21767
-3.25268 -4.22279
-3.25859 -4.22817
-3.26415 -4.23395
-3.27128 -4.23792
-3.27706 -4.24344
-3.28242 -4.24947
-3.28876 -4.25435
-3.29458 -4.25983
-3.30067 -4.26499
-3.30634 -4.27065
-3.31272 -4.27549
-3.31883 -4.28063
-3.32496 -4.28575
-3.33153 -4.29037
-3.33666 -4.29665
-3.34324 -4.30126
-3.34973 -4.30596
-3.35588 -4.31106
-3.36165 -4.31661
-3.36795 -4.32153
-3.37396 -4.32679
-3.37987 -4.33217
-3.38581 -4.33752
-3.39183 -4.34276
-3.39734 -4.3486
-3.40395 -4.35317
-3.40961 -4.35885
-3.41613 -4.36351
-3.42194 -4.36901
-3.42805 -4.37415
-3.43399 -4.3795
-3.4404 -4.3843
-3.44647 -4.38949
-3.45237 -4.39488
-3.45814 -4.40042
-3.46417 -4.40566
-3.46987 -4.41129
-3.47618 -4.41619
-3.48192 -4.42177
-3.48781 -4.42717
-3.49371 -4.43256
-3.49985 -4.43768
-3.50658 -4.4421
-3.51195 -4.44811
-3.51834 -4.45293
-3.52513 -4.45729
-3.53012 -4.46374
-3.53629 -4.46881
-3.54262 -4.4737
-3.54853 -4.47908
-3.55423 -4.4847
-3.56027 -4.48993
-3.56751 -4.49377
-3.5727 -4.49998
-3.57863 -4.50534
-3.58445 -4.51081
-3.59141 -4.51497
-3.59712 -4.52058
-3.6029 -4.52612
-3.60885 -4.53145
-3.61461 -4.537
-3.62124 -4.54154
-3.62727 -4.54679
-3.63279 -4.55262
-3.6398 -4.55672
-3.64509 -4.56281
-3.65088 -4.56833
-3.65738 -4.57303
-3.66396 -4.57763
-3.66954 -4.5834
-3.67619 -4.58791
-3.68123 -4.5943
-3.68727 -4.59953
-3.6937 -4.6043
-3.70048 -4.60868
-3.70628 -4.61418
-3.71236 -4.61936
-3.71774 -4.62536
-3.72408 -4.63024
-3.73009 -4.6355
-3.73657 -4.64022
-3.74278 -4.64524
-3.7481 -4.6513
-3.75397 -4.65673
-3.75972 -4.6623
-3.76661 -4.66653
-3.77242 -4.67203
-3.7789 -4.67675
-3.78483 -4.6821
-3.79081 -4.6874
-3.79678 -4.69271
-3.80261 -4.69818
-3.80872 -4.70333
-3.81502 -4.70825
-3.8207 -4.7139
-3.82724 -4.71855
-3.83255 -4.72462
-3.83956 -4.72873
-3.84525 -4.73435
-3.85126 -4.73962
-3.85653 -4.74574
-3.86282 -4.75068
-3.86889 -4.75587
-3.87496 -4.76106
-3.8817 -4.76548
-3.88666 -4.77132
-3.8885 -4.77686
-3.88979 -4.78258
-3.88969 -4.79056
-3.88933 -4.79854
-3.88972 -4.80651
-3.88983 -4.81448
-3.89017 -4.82246
-3.88932 -4.83044
-3.88872 -4.83842
-3.89058 -4.84638
-3.88993 -4.85436
-3.8893 -4.86235
-3.89039 -4.87031
-3.89001 -4.87829
-3.89043 -4.88626
-3.88936 -4.89425
-3.89118 -4.9022
-3.89024 -4.91019
-3.89001 -4.91817
-3.8902 -4.92614
-3.88979 -4.93412
-3.89086 -4.94209
-3.89024 -4.95007
-3.89042 -4.95804
-3.89154 -4.96601
-3.89105 -4.97399
-3.89128 -4.98196
-3.89045 -4.98995
-3.89069 -4.99792
-3.8916 -5.00588
-3.89172 -5.01386
-3.8912 -5.02184
-3.89211 -5.02981
-3.89188 -5.03778
-3.89116 -5.04577
-3.89159 -5.05374
-3.8919 -5.06171
-3.89244 -5.06968
-3.89172 -5.07767
-3.89224 -5.08564
-3.89321 -5.0936
-3.89146 -5.1016
-3.89338 -5.1097
-3.89263 -5.11364
-3.89075 -5.11684
-3.88463 -5.12199
-3.87889 -5.12763
-3.87156 -5.13112
-3.86568 -5.13658
-3.85888 -5.14079
-3.85278 -5.14595
-3.84576 -5.14987
-3.83965 -5.15501
-3.83331 -5.15985
-3.8269 -5.16459
-3.82021 -5.16895
-3.81429 -5.17436
-3.8081 -5.17939
-3.80186 -5.18436
-3.79458 -5.18792
-3.78788 -5.19226
-3.78188 -5.19756
-3.77616 -5.20324
-3.76896 -5.20691
-3.76303 -5.2123
-3.7561 -5.21633
-3.75034 -5.22196
-3.74387 -5.22661
-3.737 -5.23072
-3.73082 -5.23578
-3.72401 -5.23997
-3.71753 -5.24462
-3.71135 -5.24967
-3.70516 -5.25471
-3.69809 -5.25855
-3.69166 -5.26326
-3.68629 -5.26941
-3.67975 -5.27398
-3.67283 -5.27803
-3.66593 -5.2821
-3.66017 -5.28772
-3.65401 -5.2928
-3.64659 -5.29616
-3.64125 -5.30236
-3.63402 -5.30599
-3.62836 -5.31175
-3.62103 -5.31524
-3.61545 -5.3211
-3.60839 -5.32496
-3.60275 -5.33075
-3.59528 -5.33405
-3.58969 -5.3399
-3.58268 -5.34383
-3.57643 -5.34878
-3.57039 -5.35403
-3.56323 -5.35775
-3.55765 -5.36361
-3.55111 -5.36817
-3.54475 -5.37298
-3.53855 -5.37801
-3.53163 -5.38205
-3.52519 -5.38676
-3.51902 -5.39182
-3.51285 -5.39688
-3.50621 -5.40131
-3.49895 -5.4049
-3.49274 -5.40991
-3.48651 -5.41489
-3.47991 -5.41938
-3.47417 -5.42502
-3.46739 -5.42926
-3.46076 -5.43371
-3.45422 -5.43826
-3.44838 -5.44378
-3.44119 -5.44746
-3.43544 -5.45309
-3.4287 -5.45739
-3.42279 -5.46281
-3.41939 -5.46487
-3.41924 -5.46465
-3.4188 -5.46405
-3.41832 -5.46348
-3.41781 -5.46295
-3.41727 -5.46244
-3.4167 -5.46197
-3.41609 -5.46154
-3.41547 -5.46114
-3.41481 -5.46079
-3.41414 -5.46047
-3.41345 -5.4602
-3.41275 -5.45997
-3.41203 -5.45978
-3.4113 -5.45964
-3.41057 -5.45954
-3.40983 -5.45949
-3.40908 -5.45949
-3.39808 -5.45976
-3.39736 -5.4598
-3.39664 -5.45988
-3.39592 -5.46001
-3.39522 -5.46018
-3.39453 -5.46039
-3.37134 -5.46849
-3.37069 -5.46875
-3.37005 -5.46906
-3.36943 -5.4694
-3.36884 -5.46978
-3.36827 -5.47019
-3.36197 -5.47501
-3.36142 -5.47546
-3.3609 -5.47593
-3.36041 -5.47644
-3.34471 -5.49453
-3.34424 -5.49509
-3.3438 -5.49568
-3.34339 -5.49629
-3.34302 -5.49692
-3.33445 -5.51282
-3.33411 -5.5135
-3.33382 -5.51419
-3.33357 -5.5149
-3.33337 -5.51562
-3.33321 -5.51636
-3.3331 -5.5171
-3.33303 -5.51785
-3.33301 -5.5186
-3.33304 -5.51936
-3.33312 -5.5201
-3.33324 -5.52085
-3.33341 -5.52158
-3.33363 -5.5223
-3.33388 -5.52301
-3.33419 -5.5237
-3.33453 -5.52436
-3.33492 -5.52501
-3.33535 -5.52563
-3.3356 -5.52596
-3.3356 -5.52596
-3.33288 -5.52893
-3.32658 -5.53382
-3.31991 -5.53821
-3.31284 -5.54205
-3.30718 -5.54781
-3.30011 -5.55166
-3.29368 -5.55636
-3.2872 -5.56101
-3.28156 -5.56679
-3.27463 -5.57082
-3.26818 -5.57552
-3.26211 -5.58072
-3.2556 -5.58531
-3.24926 -5.59015
-3.24236 -5.59422
-3.2364 -5.59958
-3.22979 -5.60405
-3.2232 -5.60854
-3.21631 -5.61263
-3.21037 -5.61801
-3.20432 -5.62323
-3.1979 -5.62796
-3.19108 -5.63215
-3.185 -5.63733
-3.17878 -5.64233
-3.17137 -5.64572
-3.16606 -5.65195
-3.15937 -5.6563
-3.15323 -5.66141
-3.14653 -5.66576
-3.1394 -5.66951
-3.133 -5.67427
-3.12708 -5.67968
-3.12098 -5.68484
-3.11474 -5.68981
-3.10796 -5.69405
-3.10093 -5.69795
-3.09498 -5.70331
-3.08851 -5.70797
-3.0815 -5.71189
-3.07545 -5.71712
-3.06959 -5.7226
-3.06258 -5.72654
-3.05666 -5.73194
-3.05043 -5.73692
-3.04391 -5.74152
-3.0371 -5.74571
-3.03012 -5.74967
-3.02375 -5.75447
-3.01744 -5.75934
-3.01126 -5.7644
-3.00484 -5.76912
-2.99893 -5.77454
-2.99196 -5.77851
-2.98613 -5.78405
-2.97897 -5.78776
-2.97256 -5.79251
-2.96611 -5.79719
-2.95975 -5.802
-2.95378 -5.80734
-2.94749 -5.81223
-2.94095 -5.8168
-2.93395 -5.82071
-2.93008 -5.82319
-2.92434 -5.82896
-2.91679 -5.83187
-2.91073 -5.83716
-2.90329 -5.84024
-2.89742 -5.84582
-2.89023 -5.84929
-2.88403 -5.85435
-2.87709 -5.85823
-2.86961 -5.86125
-2.86326 -5.86606
-2.85717 -5.87129
-2.85025 -5.8752
-2.84296 -5.87853
-2.83637 -5.88296
-2.8298 -5.88743
-2.82333 -5.89204
-2.81643 -5.89598
-2.80996 -5.90061
-2.80241 -5.90353
-2.79626 -5.90865
-2.78973 -5.91318
-2.7832 -5.91771
-2.77622 -5.92152
-2.76914 -5.92519
-2.76253 -5.92959
-2.75641 -5.93477
-2.74927 -5.93833
-2.74214 -5.9419
-2.73615 -5.94729
-2.72944 -5.95154
-2.72187 -5.95441
-2.71616 -5.96025
-2.70945 -5.96449
-2.70188 -5.96737
-2.69552 -5.97216
-2.68826 -5.97554
-2.68226 -5.98091
-2.67517 -5.98454
-2.66842 -5.98872
-2.66185 -5.99318
-2.65552 -5.99803
-2.64799 -6.00098
-2.64197 -6.00632
-2.63465 -6.00959
-2.62839 -6.01455
-2.62169 -6.01881
-2.61519 -6.02339
-2.60776 -6.02649
-2.60179 -6.03191
-2.59472 -6.03557
-2.58804 -6.03987
-2.58132 -6.0441
-2.57432 -6.04787
-2.5679 -6.05258
-2.5616 -6.05747
-2.55444 -6.061
-2.54793 -6.06556
-2.54092 -6.06933
-2.5342 -6.07356
-2.5274 -6.07766
-2.52061 -6.08178
-2.51429 -6.08664
-2.50737 -6.09054
-2.50078 -6.09499
-2.49421 -6.09945
-2.48732 -6.1034
