2.34159 -6.10421
2.34198 -6.10402
2.34404 -6.10296
2.35201 -6.0985
2.35654 -6.09607
2.36002 -6.09411
2.36801 -6.08969
2.37101 -6.08794
2.37603 -6.08532
2.38401 -6.08088
2.38552 -6.07992
2.39201 -6.07648
2.40002 -6.07209
2.40007 -6.07194
2.40804 -6.06772
2.41465 -6.06404
2.41602 -6.06328
2.42396 -6.05877
2.42917 -6.05601
2.43203 -6.0545
2.44004 -6.05011
2.44369 -6.04799
2.44801 -6.04565
2.45596 -6.04116
2.45819 -6.03993
2.46396 -6.03675
2.47198 -6.03238
2.47278 -6.03203
2.47999 -6.02801
2.48727 -6.02395
2.48801 -6.02364
2.49601 -6.01923
2.50183 -6.016
2.50403 -6.01486
2.51203 -6.01045
2.51634 -6.00797
2.52003 -6.00605
2.52798 -6.00156
2.53089 -6
2.53602 -5.99722
2.54398 -5.99274
2.54541 -5.99197
2.55196 -5.98831
2.55992 -5.98394
2.56002 -5.98402
2.56798 -5.97953
2.57448 -5.97597
2.57597 -5.97512
2.58401 -5.97079
2.58905 -5.96806
2.59198 -5.96632
2.60002 -5.96198
2.60352 -5.95994
2.608 -5.95755
2.61596 -5.95307
2.61808 -5.95198
2.62401 -5.94877
2.632 -5.94435
2.63265 -5.94406
2.64003 -5.93999
2.64714 -5.93598
2.64799 -5.93552
2.65601 -5.93115
2.6617 -5.92803
2.664 -5.92672
2.67195 -5.92224
2.67618 -5.91994
2.68001 -5.91794
2.68802 -5.91354
2.69077 -5.91203
2.69603 -5.90916
2.70399 -5.90468
2.70533 -5.90408
2.71198 -5.90027
2.71982 -5.89601
2.71996 -5.89583
2.72802 -5.89152
2.7343 -5.88792
2.73603 -5.88715
2.74397 -5.88264
2.74887 -5.87998
2.75197 -5.87822
2.76001 -5.8739
2.76341 -5.87199
2.768 -5.86947
2.77596 -5.865
2.77796 -5.86403
2.78401 -5.86069
2.79199 -5.85625
2.79244 -5.85593
2.79996 -5.85179
2.80702 -5.84801
2.80804 -5.84752
2.81603 -5.8431
2.8215 -5.83992
2.82401 -5.83866
2.83199 -5.83423
2.83612 -5.83208
2.83999 -5.82982
2.84797 -5.82538
2.85062 -5.82402
2.856 -5.82103
2.86398 -5.81659
2.86518 -5.81608
2.87196 -5.81216
2.8797 -5.80806
2.87998 -5.80779
2.88804 -5.80348
2.89418 -5.79995
2.89598 -5.79897
2.89697 -5.79837
2.90405 -5.7937
2.9064 -5.79206
2.90702 -5.79144
2.91009 -5.78941
2.91206 -5.78774
2.91629 -5.78396
2.92 -5.78088
2.92576 -5.77602
2.92798 -5.77406
2.93514 -5.76798
2.93606 -5.76735
2.94394 -5.76042
2.94455 -5.75997
2.95201 -5.75371
2.95402 -5.75203
2.95995 -5.74684
2.96344 -5.74403
2.96806 -5.74017
2.97278 -5.73594
2.97602 -5.73334
2.98227 -5.72802
2.98394 -5.72644
2.99172 -5.72006
2.99196 -5.71967
2.99997 -5.71289
3.00109 -5.712
3.00801 -5.70614
3.01055 -5.70405
3.01605 -5.69939
3.01988 -5.69595
3.02404 -5.69258
3.02929 -5.68793
3.03199 -5.68574
3.03877 -5.68001
3.04004 -5.679
3.04794 -5.67209
3.04818 -5.67199
3.05601 -5.66538
3.05754 -5.66393
3.06396 -5.65852
3.067 -5.65598
3.07197 -5.65174
3.07649 -5.64806
3.08002 -5.645
3.0858 -5.63993
3.08796 -5.63813
3.09523 -5.63194
3.09603 -5.63142
3.10405 -5.62465
3.10465 -5.62395
3.11197 -5.61776
3.1141 -5.61599
3.12002 -5.61102
3.12347 -5.60792
3.12794 -5.60413
3.13294 -5.59998
3.13595 -5.59735
3.14233 -5.59195
3.14397 -5.59059
3.15178 -5.58399
3.15203 -5.58386
3.16 -5.57703
3.16124 -5.57604
3.16798 -5.57021
3.17059 -5.56796
3.176 -5.56344
3.17999 -5.55993
3.18406 -5.55671
3.18945 -5.55198
3.19205 -5.54991
3.19891 -5.54403
3.2 -5.54306
3.20797 -5.53622
3.20825 -5.53593
3.21599 -5.52946
3.21778 -5.52806
3.22399 -5.52265
3.22711 -5.51996
3.23197 -5.51584
3.23654 -5.51198
3.24004 -5.50913
3.24603 -5.50406
3.24803 -5.50232
3.25535 -5.49594
3.25601 -5.4955
3.26404 -5.48874
3.26482 -5.488
3.27201 -5.48191
3.27425 -5.48002
3.27998 -5.47508
3.28362 -5.47196
3.28795 -5.46825
3.29308 -5.464
3.29603 -5.46155
3.30251 -5.45601
3.30399 -5.45471
3.31198 -5.44807
3.31198 -5.44791
3.32006 -5.4412
3.32128 -5.43994
3.32798 -5.43431
3.33072 -5.43196
3.336 -5.42754
3.34023 -5.42407
3.34402 -5.42077
3.3496 -5.41602
3.35199 -5.41394
3.35907 -5.40807
3.36002 -5.40718
3.36805 -5.40042
3.36843 -5.4
3.37602 -5.39359
3.37779 -5.39193
3.38406 -5.38684
3.38726 -5.38399
3.39198 -5.37996
3.39666 -5.37597
3.40004 -5.37323
3.40616 -5.36807
3.40805 -5.36645
3.41552 -5.36
3.41601 -5.3596
3.424 -5.3528
3.42492 -5.35198
3.43196 -5.34596
3.43435 -5.34399
3.44 -5.33921
3.44374 -5.33595
3.44797 -5.33237
3.45318 -5.32797
3.45601 -5.32563
3.46262 -5.32
3.46398 -5.31881
3.47197 -5.312
3.47203 -5.31199
3.48006 -5.30531
3.48143 -5.30397
3.48794 -5.29837
3.49081 -5.29593
3.49595 -5.29159
3.50035 -5.28807
3.50396 -5.28481
3.5097 -5.27998
3.51206 -5.27813
3.51909 -5.27195
3.51999 -5.27125
3.52803 -5.2645
3.52853 -5.26398
3.53599 -5.25766
3.53797 -5.256
3.54394 -5.2508
3.54742 -5.24803
3.55203 -5.24411
3.55677 -5.23996
3.55994 -5.23722
3.56627 -5.23205
3.56805 -5.23056
3.57569 -5.22405
3.57595 -5.22364
3.58397 -5.21686
3.58504 -5.21597
3.59194 -5.21004
3.59452 -5.20805
3.59998 -5.20329
3.60389 -5.19999
3.60804 -5.19656
3.61331 -5.19199
3.61601 -5.18974
3.62269 -5.18394
3.62399 -5.18291
3.63197 -5.1761
3.63215 -5.17599
3.63997 -5.1693
3.64155 -5.16797
3.64805 -5.16261
3.65099 -5.15999
3.65606 -5.15582
3.66036 -5.15193
3.66395 -5.1489
3.66979 -5.14394
3.67198 -5.14214
3.67928 -5.13604
3.67999 -5.13535
3.688 -5.12857
3.68868 -5.12802
3.69597 -5.12174
3.69803 -5.11992
3.70401 -5.11499
3.70747 -5.11196
3.71194 -5.10812
3.7169 -5.10396
3.71996 -5.10134
3.72639 -5.09605
3.72806 -5.09466
3.73522 -5.08839
3.73579 -5.08807
3.73599 -5.08775
3.74109 -5.08306
3.7436 -5.07999
3.74396 -5.07949
3.75004 -5.07196
3.75197 -5.06961
3.75366 -5.06763
3.75626 -5.06402
3.75995 -5.05874
3.76192 -5.05595
3.76439 -5.0528
3.76757 -5.04801
3.76794 -5.04729
3.77295 -5.04
3.77317 -5.03952
3.77598 -5.03454
3.77687 -5.03277
3.77719 -5.032
3.7788 -5.02663
3.77912 -5.024
3.7794 -5.02154
3.77924 -5.016
3.77912 -5.008
3.77889 -5
3.77884 -4.992
3.77869 -4.984
3.77849 -4.976
3.77836 -4.968
3.77824 -4.96
3.77813 -4.952
3.77794 -4.944
3.77791 -4.936
3.77762 -4.928
3.7776 -4.92
3.77752 -4.912
3.77739 -4.904
3.77725 -4.896
3.77706 -4.888
3.77693 -4.88
3.77673 -4.872
3.77662 -4.864
3.77638 -4.856
3.77636 -4.848
3.77611 -4.84
3.77613 -4.832
3.77597 -4.82866
3.77584 -4.824
3.77585 -4.816
3.77565 -4.808
3.77551 -4.8
3.77546 -4.792
3.77526 -4.784
3.77505 -4.776
3.77513 -4.77254
3.77448 -4.76801
3.77434 -4.7653
3.77266 -4.76
3.77204 -4.7578
3.76892 -4.75198
3.76804 -4.75032
3.76797 -4.75034
3.76379 -4.74399
3.76003 -4.73833
3.75858 -4.73618
3.75842 -4.736
3.75264 -4.72805
3.75197 -4.72702
3.74745 -4.72046
3.74691 -4.72003
3.744 -4.71637
3.74046 -4.71199
3.73607 -4.70647
3.73401 -4.70395
3.73369 -4.70359
3.72801 -4.69876
3.72479 -4.69598
3.71995 -4.69195
3.71554 -4.68793
3.71205 -4.68496
3.70615 -4.68003
3.70404 -4.67809
3.6969 -4.67197
3.69595 -4.67131
3.68806 -4.6643
3.68755 -4.66402
3.68003 -4.65746
3.67825 -4.65601
3.67202 -4.65059
3.66899 -4.64796
3.66401 -4.64372
3.65961 -4.64006
3.65604 -4.63681
3.6503 -4.63207
3.64799 -4.62999
3.64111 -4.62393
3.64005 -4.62304
3.63204 -4.61617
3.63171 -4.61605
3.62397 -4.60937
3.62244 -4.60801
3.61596 -4.6025
3.61309 -4.60006
3.60799 -4.59558
3.6039 -4.59193
3.60001 -4.58868
3.59454 -4.584
3.59206 -4.58175
3.58525 -4.57598
3.58395 -4.575
3.57597 -4.56809
3.57587 -4.56807
3.56803 -4.56115
3.56668 -4.55995
3.55997 -4.55434
3.55728 -4.55205
3.55205 -4.54736
3.54808 -4.54394
3.54398 -4.54056
3.53877 -4.53595
3.53597 -4.53369
3.52938 -4.52805
3.52794 -4.52685
3.52008 -4.52005
3.52003 -4.51987
3.51203 -4.51298
3.51081 -4.512
3.50405 -4.50608
3.50151 -4.504
3.496 -4.49927
3.4922 -4.49601
3.48804 -4.49233
3.48293 -4.48797
3.47993 -4.48558
3.47367 -4.47993
3.47194 -4.4787
3.46429 -4.47201
3.46405 -4.47168
3.45595 -4.46492
3.45503 -4.46396
3.44804 -4.45793
3.44569 -4.45601
3.43999 -4.45111
3.43637 -4.44802
3.43205 -4.44416
3.42713 -4.43995
3.42398 -4.43737
3.41779 -4.432
3.41594 -4.43053
3.40848 -4.42401
3.40797 -4.42361
3.40002 -4.41668
3.39921 -4.41597
3.39197 -4.40986
3.3899 -4.40798
3.38405 -4.40288
3.38055 -4.40003
3.37596 -4.39611
3.37127 -4.39201
3.36795 -4.38925
3.36191 -4.38408
3.36002 -4.38229
3.35272 -4.37594
3.35205 -4.37537
3.34396 -4.3686
3.34334 -4.36802
3.33604 -4.36162
3.33411 -4.35995
3.32797 -4.35482
3.3247 -4.35206
3.31997 -4.34795
3.31551 -4.34394
3.31205 -4.34097
3.30619 -4.33596
3.30406 -4.33407
3.29689 -4.32796
3.29601 -4.32725
3.28797 -4.32043
3.28753 -4.32002
3.27994 -4.31358
3.27831 -4.31193
3.27199 -4.30664
3.2689 -4.30405
3.26395 -4.2998
3.25958 -4.29607
3.25595 -4.29293
3.25029 -4.28806
3.24799 -4.286
3.241 -4.28005
3.24 -4.27911
3.23206 -4.27216
3.23175 -4.27197
3.22399 -4.26536
3.22246 -4.26397
3.21603 -4.25844
3.21311 -4.25602
3.20794 -4.25166
3.20383 -4.24799
3.20004 -4.24467
3.19453 -4.23999
3.19197 -4.23787
3.18522 -4.232
3.18397 -4.23098
3.17604 -4.22402
3.17591 -4.224
3.16799 -4.2172
3.16665 -4.21596
3.16005 -4.21025
3.15736 -4.20794
3.15198 -4.20346
3.14804 -4.19996
3.14406 -4.19649
3.13873 -4.19196
3.13598 -4.1897
3.12934 -4.18407
3.12796 -4.18284
3.12012 -4.17598
3.11994 -4.17599
3.11203 -4.169
3.11074 -4.16806
3.10404 -4.1621
3.10152 -4.15997
3.09596 -4.15533
3.09223 -4.15195
3.08795 -4.14846
3.08291 -4.14397
3.08005 -4.14145
3.07363 -4.13595
3.07195 -4.13469
3.06422 -4.12807
3.06405 -4.1277
3.05599 -4.12089
3.05497 -4.12001
3.04794 -4.11407
3.04564 -4.11204
3.03994 -4.10719
3.03632 -4.10407
3.03195 -4.10029
3.02707 -4.09601
3.024 -4.09335
3.01772 -4.08805
3.01605 -4.08642
3.00845 -4.08002
3.00802 -4.07958
2.99997 -4.07276
2.99921 -4.07195
2.99196 -4.06589
2.98981 -4.06406
2.98395 -4.05902
2.98057 -4.05599
2.97595 -4.05214
2.97131 -4.04794
2.96797 -4.04524
2.9619 -4.04006
2.96002 -4.0383
2.9526 -4.03205
2.95201 -4.03143
2.94399 -4.02457
2.94336 -4.02398
2.93601 -4.01767
2.93403 -4.01602
2.92801 -4.01079
2.92471 -4.00804
2.91994 -4.00399
2.91546 -3.99998
2.912 -3.99705
2.90614 -3.99199
2.90399 -3.99017
2.89677 -3.98407
2.89599 -3.98329
2.88803 -3.97637
2.88758 -3.97595
2.88004 -3.96948
2.87817 -3.96807
2.87206 -3.96258
2.86899 -3.95993
2.86405 -3.95571
2.85958 -3.95205
2.85598 -3.94891
2.85028 -3.94404
2.84802 -3.94198
2.84099 -3.93603
2.84002 -3.9351
2.83194 -3.92832
2.83168 -3.92804
2.82405 -3.92131
2.8224 -3.92002
2.81595 -3.91454
2.81316 -3.91194
2.80803 -3.90757
2.80383 -3.90398
2.79995 -3.90079
2.79453 -3.89597
2.79197 -3.89388
2.78523 -3.88796
2.78398 -3.88699
2.77599 -3.8801
2.77595 -3.87994
2.768 -3.87321
2.76661 -3.87198
2.75999 -3.86634
2.7573 -3.86399
2.75196 -3.8595
2.74797 -3.85602
2.74402 -3.85254
2.73865 -3.84805
2.73602 -3.84567
2.72933 -3.84006
2.72805 -3.83875
2.72005 -3.83203
2.72001 -3.83192
2.71194 -3.82513
2.71082 -3.82395
2.70397 -3.8182
2.70148 -3.816
2.69596 -3.81133
2.69218 -3.80799
2.68802 -3.80439
2.6829 -3.79997
2.67996 -3.79758
2.67353 -3.79204
2.67197 -3.79068
2.66424 -3.78403
2.66395 -3.78383
2.65603 -3.77685
2.655 -3.77596
2.64803 -3.76998
2.64563 -3.76803
2.64 -3.76313
2.63631 -3.76006
2.63205 -3.7562
2.62701 -3.75205
2.62402 -3.74935
2.61772 -3.74404
2.61606 -3.74243
2.60841 -3.73605
2.60794 -3.73569
2.6 -3.72873
2.59914 -3.72801
2.59203 -3.72182
2.58978 -3.72007
2.58405 -3.71492
2.58055 -3.71199
2.576 -3.7081
2.57124 -3.70399
2.56795 -3.70128
2.56192 -3.69602
2.55999 -3.69435
2.55265 -3.68798
2.55194 -3.68753
2.54395 -3.68063
2.54336 -3.67996
2.53601 -3.67369
2.534 -3.67203
2.52806 -3.66674
2.52476 -3.66396
2.52006 -3.65987
2.5154 -3.65602
2.512 -3.65306
2.50612 -3.648
2.50401 -3.64617
2.49677 -3.64005
2.49605 -3.63924
2.48797 -3.63246
2.48747 -3.63205
2.47996 -3.62559
2.47825 -3.62395
2.47199 -3.61867
2.46887 -3.61604
2.46403 -3.61175
2.45962 -3.60799
2.45601 -3.60489
2.45029 -3.60001
2.44803 -3.59798
2.44094 -3.59207
2.44005 -3.59108
2.43201 -3.58425
2.43169 -3.584
2.42394 -3.57746
2.42239 -3.576
2.41594 -3.57057
2.41308 -3.56801
2.40803 -3.56359
2.40384 -3.55994
2.39995 -3.55681
2.39449 -3.55199
2.39195 -3.54992
2.38516 -3.54403
2.38397 -3.54302
2.37596 -3.53615
2.37592 -3.53595
2.36805 -3.52916
2.36653 -3.52806
2.35997 -3.52238
2.35723 -3.52005
2.35204 -3.51542
2.34802 -3.51195
2.34402 -3.50856
2.33865 -3.50402
2.33599 -3.50171
2.32943 -3.49593
2.32798 -3.49485
2.32002 -3.48805
2.32005 -3.48789
2.31196 -3.48112
2.31081 -3.47995
2.30401 -3.47418
2.30147 -3.47199
2.29602 -3.46728
2.29217 -3.46399
2.28797 -3.46046
2.28281 -3.45605
2.27997 -3.45358
2.27351 -3.44805
2.27202 -3.44664
2.26428 -3.43996
2.26403 -3.43975
2.25602 -3.43289
2.25489 -3.43206
2.24798 -3.42605
2.24565 -3.42399
2.24004 -3.41911
2.23639 -3.41594
2.23204 -3.41222
2.22698 -3.40806
2.22397 -3.40543
2.21774 -3.39999
2.21594 -3.39858
2.20847 -3.39196
2.20798 -3.39166
2.20001 -3.38474
2.19919 -3.38392
2.19198 -3.37789
2.18983 -3.376
2.18404 -3.37095
2.18057 -3.36794
2.17603 -3.36408
2.17116 -3.36007
2.16799 -3.35725
2.1619 -3.35202
2.15995 -3.35041
2.15268 -3.34392
2.15202 -3.34345
2.14403 -3.33655
2.14329 -3.33602
2.13602 -3.32969
2.13402 -3.32798
2.12798 -3.32286
2.12476 -3.31994
2.11994 -3.31603
2.11544 -3.31196
2.11204 -3.30903
2.10615 -3.30394
2.10404 -3.30215
2.09676 -3.29605
2.09602 -3.29529
2.08806 -3.28836
2.08747 -3.28802
2.07996 -3.2816
2.07815 -3.28005
2.07199 -3.27469
2.06895 -3.27192
2.06394 -3.26787
2.05954 -3.26405
2.05603 -3.26088
2.05028 -3.256
2.04805 -3.25398
2.04094 -3.24805
2.03996 -3.2472
2.03197 -3.24031
2.03174 -3.23993
2.02405 -3.23334
2.02231 -3.23207
2.01596 -3.22656
2.01314 -3.22393
2.00798 -3.21966
2.00373 -3.21605
2.00001 -3.21275
1.99449 -3.20797
1.99205 -3.20582
1.9852 -3.19995
1.98397 -3.19904
1.97606 -3.19205
1.97592 -3.19193
1.96796 -3.18529
1.96658 -3.18397
1.96001 -3.17835
1.95729 -3.17596
1.95195 -3.17154
1.94801 -3.16793
1.944 -3.1646
1.93871 -3.15993
1.93604 -3.15768
1.92937 -3.15198
1.92805 -3.15078
1.92002 -3.14402
1.92006 -3.14389
1.91194 -3.13715
1.91078 -3.13596
1.90402 -3.13018
1.9014 -3.12805
1.89603 -3.12329
1.89214 -3.11999
1.88797 -3.11648
1.88281 -3.11202
1.87996 -3.10961
1.87349 -3.10405
1.87201 -3.10267
1.86425 -3.09597
1.86405 -3.09575
1.856 -3.08893
1.85495 -3.08797
1.84805 -3.08198
1.84567 -3.07994
1.84001 -3.07516
1.83636 -3.07195
1.83196 -3.06833
1.82704 -3.06397
1.82397 -3.06144
1.81776 -3.05595
1.81604 -3.05449
1.80837 -3.04805
1.80798 -3.04767
1.79998 -3.04079
1.79911 -3.04
1.79199 -3.0339
1.78976 -3.03205
1.78395 -3.02706
1.78049 -3.02401
1.77603 -3.02009
1.7712 -3.016
1.76802 -3.01322
1.76185 -3.00806
1.76006 -3.0063
1.75254 -3.00007
1.75203 -2.99945
1.74398 -2.99264
1.74327 -2.99202
1.73606 -2.98566
1.73398 -2.98402
1.72804 -2.9788
1.72465 -2.97604
1.71996 -2.97202
1.71538 -2.96801
1.71204 -2.96504
1.70609 -2.95999
1.70397 -2.95824
1.69672 -2.95207
1.69601 -2.95131
1.68798 -2.94448
1.68753 -2.94393
1.68006 -2.93751
1.67821 -2.93595
1.67199 -2.9307
1.66881 -2.92807
1.664 -2.92382
1.65955 -2.92002
1.656 -2.91693
1.65026 -2.912
1.64794 -2.91013
1.64092 -2.90404
1.64003 -2.90313
1.63196 -2.89634
1.63165 -2.896
1.62405 -2.88936
1.62233 -2.88803
1.61596 -2.88258
1.61308 -2.87997
1.60803 -2.87562
1.60381 -2.87193
1.60006 -2.86871
1.59447 -2.86398
1.59206 -2.86183
1.58516 -2.85598
1.58398 -2.85504
1.57603 -2.8481
1.5758 -2.84805
1.56803 -2.84122
1.56658 -2.83995
1.56003 -2.83434
1.55728 -2.83195
1.55195 -2.82755
1.54796 -2.82397
1.54402 -2.8206
1.53859 -2.81604
1.53594 -2.81381
1.52933 -2.808
1.52794 -2.80692
1.52005 -2.79997
1.51999 -2.79998
1.51203 -2.79307
1.51076 -2.79195
1.50402 -2.78619
1.5014 -2.78402
1.49599 -2.77935
1.49206 -2.77606
1.48805 -2.7724
1.48285 -2.76796
1.47996 -2.76563
1.47349 -2.76003
1.47207 -2.75862
1.46419 -2.75203
1.46396 -2.75187
1.45598 -2.74496
1.45493 -2.74398
1.44794 -2.73813
1.44558 -2.73603
1.43994 -2.73125
1.43632 -2.72798
1.43197 -2.72434
1.42697 -2.72004
1.42398 -2.71745
1.41771 -2.71198
1.41605 -2.71048
1.40841 -2.70397
1.40798 -2.70369
1.40003 -2.69675
1.39909 -2.696
1.39197 -2.68994
1.38981 -2.68798
1.38397 -2.68306
1.38052 -2.67996
1.37595 -2.67621
1.37114 -2.67205
1.36797 -2.6693
1.36187 -2.66401
1.35999 -2.66239
1.35259 -2.65599
1.35202 -2.65548
1.34405 -2.64856
1.34323 -2.64805
1.33596 -2.64179
1.33395 -2.64003
1.32798 -2.63489
1.32463 -2.63204
1.32005 -2.62793
1.31534 -2.62403
1.31195 -2.62116
1.3061 -2.61596
1.30402 -2.6142
1.29681 -2.60794
1.29596 -2.6074
1.28795 -2.60052
1.28752 -2.59993
1.28005 -2.59353
1.27818 -2.59197
1.27196 -2.58675
1.26885 -2.584
1.26402 -2.5798
1.2596 -2.57594
1.25594 -2.57302
1.25028 -2.56796
1.24794 -2.56614
1.24093 -2.56002
1.23997 -2.55922
1.23195 -2.55237
1.23169 -2.55194
1.22404 -2.54538
1.22231 -2.54403
1.21597 -2.53858
1.21308 -2.53595
1.20804 -2.53162
1.20376 -2.52797
1.19999 -2.5248
1.19448 -2.51994
1.19203 -2.51787
1.18518 -2.51193
1.184 -2.51104
1.176 -2.50416
1.17587 -2.50394
1.16799 -2.49729
1.1665 -2.49602
1.16004 -2.49035
1.1572 -2.48802
1.15203 -2.48347
1.14794 -2.47998
1.14403 -2.4766
1.13861 -2.472
1.13602 -2.46973
1.12933 -2.46398
1.12795 -2.46293
1.12004 -2.45596
1.11994 -2.45606
1.11195 -2.44917
1.11073 -2.44797
1.10405 -2.44218
1.10141 -2.43999
1.096 -2.43535
1.09205 -2.43205
1.08796 -2.42852
1.0828 -2.424
1.08001 -2.42159
1.07353 -2.41595
1.07199 -2.41473
1.0642 -2.40798
1.064 -2.40783
1.056 -2.40096
1.05495 -2.39993
1.04799 -2.39409
1.04556 -2.39203
1.03997 -2.38723
1.03633 -2.38394
1.03203 -2.38028
1.02694 -2.37604
1.02399 -2.37345
1.01774 -2.36793
1.01602 -2.36654
1.00841 -2.35995
1.00802 -2.35966
1.00002 -2.35277
0.999134 -2.35193
0.992009 -2.34591
0.989719 -2.34406
0.983944 -2.3391
0.980439 -2.33603
0.975988 -2.33217
0.971176 -2.32798
0.967968 -2.32532
0.961855 -2.32001
0.960037 -2.31836
0.952619 -2.31193
0.95203 -2.31149
0.94396 -2.30469
0.943274 -2.30398
0.936011 -2.29775
0.933926 -2.29603
0.928011 -2.29087
0.924696 -2.28795
0.919936 -2.28408
0.915373 -2.27997
0.911962 -2.27717
0.906082 -2.27196
0.903943 -2.27031
0.896779 -2.26396
0.896019 -2.26334
0.888033 -2.25644
0.887469 -2.25596
0.880045 -2.24955
0.878172 -2.24796
0.872058 -2.24266
0.868869 -2.23996
0.864052 -2.23578
0.859514 -2.23202
0.855963 -2.22901
0.850209 -2.22402
0.847965 -2.22213
0.84098 -2.21594
0.839999 -2.21521
0.831955 -2.20838
0.83157 -2.20806
0.824043 -2.2014
0.822293 -2.20003
0.816022 -2.19454
0.813038 -2.19197
0.80805 -2.18763
0.803673 -2.18405
0.799957 -2.18086
0.794357 -2.17606
0.79205 -2.17387
0.79033 -2.17237
0.78476 -2.16799
0.784029 -2.16736
0.776048 -2.16091
0.774782 -2.16002
0.768014 -2.15452
0.764875 -2.15197
0.760021 -2.14808
0.754894 -2.14401
0.75196 -2.14172
0.744921 -2.13603
0.743956 -2.13529
0.735961 -2.12885
0.735045 -2.12794
0.728038 -2.12233
0.72507 -2.11997
0.720005 -2.11594
0.71508 -2.11202
0.711947 -2.10958
0.705136 -2.10401
0.703943 -2.10315
0.695952 -2.0967
0.695141 -2.09607
0.688025 -2.09018
0.685237 -2.08801
0.680023 -2.08375
0.675287 -2.08001
0.671986 -2.07737
0.66534 -2.07201
0.66404 -2.07087
0.656039 -2.06444
0.65545 -2.06393
0.648054 -2.05799
0.645488 -2.05595
0.640027 -2.05159
0.635553 -2.04793
0.631987 -2.04521
0.625568 -2.03997
0.624053 -2.03869
0.615996 -2.03233
0.615559 -2.03205
0.608052 -2.02583
0.605656 -2.02399
0.600011 -2.01945
0.595649 -2.01606
0.591941 -2.0131
0.58569 -2.00807
0.58394 -2.00667
0.575942 -2.00024
0.57583 -1.99995
0.568038 -1.99369
0.565836 -1.99201
0.560001 -1.9873
0.555834 -1.98407
0.552056 -1.9808
0.545999 -1.97593
0.544013 -1.97442
0.536032 -1.96797
0.53595 -1.96805
0.528037 -1.96153
0.526054 -1.95999
0.519958 -1.95519
0.516112 -1.95198
0.512056 -1.94864
0.506185 -1.94395
0.504056 -1.94221
0.496213 -1.93597
0.496007 -1.93584
0.487979 -1.92944
0.486224 -1.92802
0.479952 -1.92304
0.47632 -1.91997
0.471991 -1.91656
0.466283 -1.91207
0.463939 -1.91019
0.456406 -1.90398
0.455988 -1.9037
0.448027 -1.89722
0.446411 -1.89604
0.439975 -1.89085
0.436485 -1.88801
0.431959 -1.88444
0.426585 -1.87995
0.423952 -1.87802
0.416587 -1.872
0.415951 -1.87159
0.407973 -1.86513
0.406649 -1.86399
0.399999 -1.85866
0.396751 -1.85592
0.391945 -1.8523
0.386766 -1.84797
0.384032 -1.84576
0.376839 -1.83994
0.375986 -1.83938
0.36797 -1.83297
0.366791 -1.83206
0.360041 -1.82645
0.356918 -1.82397
0.351995 -1.82008
0.346945 -1.81599
0.344002 -1.81363
0.336996 -1.80799
0.336062 -1.80713
0.327988 -1.80079
0.326999 -1.80005
0.319973 -1.79437
0.317091 -1.792
0.311954 -1.78797
0.307163 -1.78397
0.304055 -1.78141
0.297207 -1.77598
0.296 -1.77504
0.288038 -1.76857
0.287272 -1.76796
0.280019 -1.76216
0.277274 -1.76002
0.272057 -1.75568
0.267398 -1.75193
0.264033 -1.74928
0.257355 -1.74404
0.25599 -1.7429
0.247969 -1.73649
0.247454 -1.73598
0.23994 -1.73009
0.237443 -1.72805
0.231962 -1.72364
0.227584 -1.71994
0.223974 -1.71719
0.217544 -1.71205
0.216041 -1.71067
0.207962 -1.70434
0.207679 -1.70395
0.199977 -1.69789
0.19774 -1.69593
0.191976 -1.69146
0.187677 -1.68807
0.184 -1.685
0.177821 -1.67996
0.175953 -1.67862
0.167978 -1.67216
0.167784 -1.67206
0.160044 -1.66564
0.157824 -1.66408
0.151961 -1.65932
0.147935 -1.656
0.144005 -1.65283
0.137992 -1.64799
0.135944 -1.64647
0.128022 -1.64002
0.127951 -1.64003
0.119995 -1.63355
0.118035 -1.63206
0.11195 -1.62717
0.10808 -1.62407
0.103964 -1.62072
0.101443 -1.61858
0.096 -1.61863
0.088 -1.61853
0.08 -1.61855
0.072 -1.6187
0.064 -1.61853
0.056 -1.61868
0.048 -1.6187
0.04 -1.61872
0.032 -1.61859
0.024 -1.61869
0.016 -1.61865
0.008 -1.61862
0 -1.61868
-0.008 -1.61854
-0.016 -1.61862
-0.0221299 -1.61855
-0.0240407 -1.62021
-0.0283441 -1.62406
-0.031996 -1.62707
-0.0378211 -1.63197
-0.0399929 -1.63388
-0.0472258 -1.63997
-0.0479459 -1.64075
-0.0560032 -1.64748
-0.0566607 -1.64793
-0.0640086 -1.65429
-0.0660623 -1.65593
-0.0719504 -1.66116
-0.0754143 -1.66399
-0.0799893 -1.66792
-0.0848107 -1.672
-0.0880489 -1.67466
-0.0942101 -1.68
-0.0960369 -1.68148
-0.103579 -1.68804
-0.104054 -1.68826
-0.111942 -1.6952
-0.113045 -1.69597
-0.120033 -1.7019
-0.122461 -1.70395
-0.128025 -1.70872
-0.131762 -1.71207
-0.13602 -1.71553
-0.141209 -1.72002
-0.143957 -1.72241
-0.150686 -1.72793
-0.151988 -1.72918
-0.159994 -1.73598
-0.160059 -1.73597
-0.168022 -1.74276
-0.169399 -1.74404
-0.176018 -1.74957
-0.178876 -1.75195
-0.184034 -1.75635
-0.188216 -1.76003
-0.192052 -1.76314
-0.197682 -1.76795
-0.200048 -1.76995
-0.206997 -1.77605
-0.208003 -1.77681
-0.215984 -1.78364
-0.216482 -1.78396
-0.224064 -1.79035
-0.225869 -1.79198
-0.231943 -1.7973
-0.235295 -1.79995
-0.240019 -1.80402
-0.24469 -1.80796
-0.247984 -1.81087
-0.254066 -1.81599
-0.25595 -1.81771
-0.263428 -1.82404
-0.263972 -1.82449
-0.272033 -1.83123
-0.272887 -1.83197
-0.280009 -1.83806
-0.282327 -1.83993
-0.288052 -1.84482
-0.291657 -1.84801
-0.295938 -1.85176
-0.301087 -1.85598
-0.303972 -1.85853
-0.310479 -1.86399
-0.311965 -1.86534
-0.319926 -1.87194
-0.319953 -1.87216
-0.327996 -1.87892
-0.329314 -1.87996
-0.336054 -1.88566
-0.338709 -1.88797
-0.343967 -1.89256
-0.348103 -1.89598
-0.351966 -1.89937
-0.35754 -1.90394
-0.359958 -1.90619
-0.366839 -1.91206
-0.368008 -1.91294
-0.375971 -1.91979
-0.376251 -1.92005
-0.384032 -1.92652
-0.385677 -1.92802
-0.391966 -1.93341
-0.395107 -1.93599
-0.399968 -1.94021
-0.404451 -1.94406
-0.40798 -1.947
-0.413907 -1.95199
-0.416059 -1.95372
-0.423254 -1.96006
-0.424034 -1.96055
-0.431959 -1.96745
-0.43276 -1.96794
-0.439973 -1.97424
-0.442059 -1.97606
-0.447939 -1.98108
-0.451496 -1.98402
-0.456017 -1.9878
-0.460914 -1.992
-0.464015 -1.99461
-0.470265 -2.00006
-0.47196 -2.00148
-0.479689 -2.00804
-0.47996 -2.00829
-0.48801 -2.01503
-0.489068 -2.01606
-0.495967 -2.02189
-0.498465 -2.02407
-0.503991 -2.02867
-0.507932 -2.032
-0.511969 -2.0355
-0.517335 -2.03999
-0.519968 -2.04231
-0.526762 -2.04797
-0.527966 -2.04912
-0.535965 -2.05593
-0.536079 -2.05607
-0.544047 -2.06264
-0.545571 -2.06396
-0.551945 -2.06956
-0.554961 -2.07198
-0.559965 -2.07635
-0.56431 -2.08004
-0.568011 -2.0831
-0.5738 -2.08794
-0.576001 -2.08992
-0.583113 -2.09604
-0.583985 -2.09674
-0.591981 -2.10355
-0.592579 -2.10397
-0.599982 -2.11036
-0.601999 -2.11195
-0.607982 -2.11717
-0.611373 -2.11998
-0.615958 -2.124
-0.620769 -2.12799
-0.624016 -2.13074
-0.630132 -2.13604
-0.632006 -2.13756
-0.639569 -2.14399
-0.639979 -2.1444
-0.647965 -2.15122
-0.649027 -2.15193
-0.656011 -2.15797
-0.658338 -2.16004
-0.664043 -2.16474
-0.667831 -2.16793
-0.672044 -2.17155
-0.677197 -2.17597
-0.679942 -2.17847
-0.686611 -2.18396
-0.687958 -2.18526
-0.696011 -2.19196
-0.696058 -2.19195
-0.704028 -2.19879
-0.705419 -2.19996
-0.71196 -2.20568
-0.714789 -2.208
-0.719942 -2.2125
-0.724239 -2.21594
-0.727995 -2.21925
-0.733631 -2.22395
-0.735954 -2.2261
-0.74303 -2.23196
-0.743211 -2.23211
-0.743984 -2.23293
-0.751788 -2.23998
-0.752039 -2.24017
-0.76001 -2.2475
-0.760485 -2.24805
-0.768066 -2.25474
-0.769293 -2.25601
-0.776017 -2.2621
-0.77805 -2.26401
-0.784067 -2.26935
-0.786839 -2.27199
-0.791941 -2.27679
-0.795606 -2.27998
-0.800021 -2.284
-0.804312 -2.28805
-0.808023 -2.2913
-0.813088 -2.29603
-0.815955 -2.29868
-0.821867 -2.30401
-0.824049 -2.30588
-0.830622 -2.31202
-0.831991 -2.31325
-0.839384 -2.32003
-0.839946 -2.3206
-0.848048 -2.32779
-0.848196 -2.32797
-0.856024 -2.33512
-0.856871 -2.33607
-0.864057 -2.34239
-0.865676 -2.34403
-0.871947 -2.34981
-0.874484 -2.35198
-0.879968 -2.35709
-0.883293 -2.35993
-0.887975 -2.36438
-0.891975 -2.36802
-0.895967 -2.37169
-0.900766 -2.37599
-0.903973 -2.37899
-0.909528 -2.38399
-0.912017 -2.38625
-0.91828 -2.392
-0.919962 -2.39361
-0.927068 -2.39998
-0.927992 -2.40088
-0.935783 -2.40803
-0.936016 -2.40816
-0.944045 -2.41543
-0.944589 -2.41598
-0.951963 -2.42282
-0.953392 -2.42394
-0.960053 -2.43002
-0.962142 -2.43196
-0.967968 -2.43742
-0.970889 -2.43997
-0.97594 -2.44475
-0.979583 -2.44805
-0.983954 -2.45204
-0.988393 -2.456
-0.991981 -2.45931
-0.99721 -2.46394
-0.999996 -2.4666
-1.00598 -2.47194
-1.00803 -2.47386
-1.01471 -2.47997
-1.01605 -2.48115
-1.02343 -2.48802
-1.02397 -2.48853
-1.03195 -2.49586
-1.03225 -2.49596
-1.03998 -2.50313
-1.04095 -2.50403
-1.04794 -2.51047
-1.04969 -2.51206
-1.05605 -2.51766
-1.05848 -2.52003
-1.064 -2.52502
-1.06733 -2.52794
-1.072 -2.53231
-1.07605 -2.53598
-1.08007 -2.53955
-1.08476 -2.54403
-1.08805 -2.54687
-1.09354 -2.55202
-1.09595 -2.55428
-1.10231 -2.56001
-1.10401 -2.56152
-1.11115 -2.56793
-1.11197 -2.56886
-1.11988 -2.57597
-1.11994 -2.5762
-1.12805 -2.58338
-1.12868 -2.58393
-1.13603 -2.59071
-1.13743 -2.59195
-1.14396 -2.59809
-1.14616 -2.59998
-1.15203 -2.60532
-1.15485 -2.60807
-1.15994 -2.61272
-1.16364 -2.61603
-1.16796 -2.61999
-1.17244 -2.624
-1.17599 -2.62726
-1.18122 -2.63197
-1.18395 -2.63461
-1.19 -2.63996
-1.19204 -2.64182
-1.19868 -2.64805
-1.19998 -2.64919
-1.20743 -2.65607
-1.20805 -2.65641
-1.21605 -2.66371
-1.21631 -2.66394
-1.224 -2.67107
-1.22501 -2.67201
-1.23198 -2.6784
-1.23377 -2.68002
-1.24003 -2.68564
-1.24251 -2.68804
-1.24804 -2.69293
-1.25124 -2.69607
-1.25602 -2.70026
-1.26009 -2.70399
-1.26402 -2.70756
-1.2689 -2.71193
-1.27199 -2.7149
-1.27766 -2.71993
-1.28001 -2.72218
-1.28637 -2.728
-1.28802 -2.72947
-1.2951 -2.73603
-1.29594 -2.73686
-1.30396 -2.74393
-1.30394 -2.74417
-1.31199 -2.75141
-1.31259 -2.75207
-1.32004 -2.75866
-1.32144 -2.75998
-1.32796 -2.76605
-1.33014 -2.76805
-1.33595 -2.77336
-1.339 -2.77595
-1.34397 -2.78065
-1.34772 -2.78399
-1.35194 -2.78798
-1.35653 -2.79194
-1.35994 -2.79528
-1.36528 -2.79995
-1.36803 -2.80249
-1.37397 -2.80804
-1.37606 -2.80975
-1.38273 -2.81604
-1.384 -2.81713
-1.39155 -2.82398
-1.39201 -2.82442
-1.40001 -2.83172
-1.40033 -2.83196
-1.40801 -2.83902
-1.409 -2.84006
-1.41601 -2.84633
-1.41788 -2.84794
-1.42399 -2.85365
-1.42662 -2.85597
-1.43202 -2.86092
-1.43541 -2.86393
-1.43997 -2.86827
-1.44406 -2.87206
-1.44806 -2.87548
-1.4529 -2.87998
-1.45594 -2.88292
-1.46167 -2.88797
-1.46405 -2.89009
-1.47039 -2.89601
-1.47201 -2.89745
-1.47913 -2.90405
-1.48 -2.90475
-1.48793 -2.91201
-1.48794 -2.91212
-1.49604 -2.91932
-1.49676 -2.91993
-1.50398 -2.92668
-1.50542 -2.92805
-1.512 -2.93397
-1.51429 -2.93593
-1.52005 -2.94122
-1.52303 -2.94395
-1.52806 -2.94851
-1.53174 -2.95202
-1.53598 -2.9559
-1.54058 -2.95993
-1.54402 -2.96316
-1.54928 -2.968
-1.55203 -2.97045
-1.55808 -2.97596
-1.56006 -2.97772
-1.56684 -2.98397
-1.56806 -2.98502
-1.57555 -2.99202
-1.57607 -2.99232
-1.58396 -2.99974
-1.58428 -3.00006
-1.59197 -3.00703
-1.59309 -3.00801
-1.59995 -3.01435
-1.60193 -3.01593
-1.60806 -3.02154
-1.61063 -3.02399
-1.61606 -3.02884
-1.61938 -3.03202
-1.62394 -3.03627
-1.6282 -3.03995
-1.632 -3.04351
-1.63688 -3.04804
-1.64001 -3.0508
-1.64569 -3.05599
-1.64798 -3.05814
-1.65442 -3.06403
-1.65598 -3.06544
-1.66324 -3.07197
-1.66398 -3.07274
-1.67196 -3.08002
-1.67195 -3.08008
-1.67998 -3.08734
-1.68073 -3.08801
-1.68794 -3.0947
-1.68956 -3.09594
-1.69602 -3.10191
-1.69829 -3.10397
-1.704 -3.10923
-1.70698 -3.11205
-1.71205 -3.11648
-1.71583 -3.11996
-1.71999 -3.12385
-1.72456 -3.128
-1.72806 -3.13108
-1.73335 -3.13597
-1.73594 -3.13851
-1.74202 -3.14407
-1.74404 -3.1457
-1.75081 -3.15204
-1.75197 -3.15308
-1.75958 -3.16004
-1.76002 -3.16033
-1.76798 -3.16768
-1.76833 -3.16805
-1.77603 -3.17493
-1.77712 -3.17602
-1.78399 -3.18228
-1.78584 -3.18407
-1.79194 -3.18963
-1.79463 -3.19205
-1.8 -3.19686
-1.80342 -3.20001
-1.80803 -3.20414
-1.8122 -3.208
-1.81607 -3.2114
-1.82101 -3.21594
-1.82399 -3.21878
-1.8297 -3.22403
-1.83203 -3.22605
-1.83844 -3.23206
-1.84 -3.23338
-1.8472 -3.24006
-1.84803 -3.24065
-1.85598 -3.24801
-1.85604 -3.24798
-1.86396 -3.25534
-1.86478 -3.256
-1.87198 -3.26261
-1.87357 -3.26398
-1.88006 -3.26983
-1.8823 -3.27201
-1.88803 -3.27717
-1.89109 -3.27998
-1.89595 -3.28455
-1.89989 -3.28794
-1.90397 -3.29183
-1.90854 -3.29606
-1.91207 -3.29903
-1.9173 -3.30407
-1.91996 -3.30645
-1.92608 -3.31205
-1.92802 -3.31369
-1.93485 -3.32005
-1.93594 -3.32107
-1.94364 -3.32802
-1.94404 -3.32827
-1.952 -3.33562
-1.95238 -3.33605
-1.95999 -3.34293
-1.96113 -3.34406
-1.96804 -3.35018
-1.96994 -3.35201
-1.97601 -3.35751
-1.97874 -3.35997
-1.98397 -3.36487
-1.98746 -3.36802
-1.992 -3.37213
-1.99627 -3.37597
-2.00006 -3.37937
-2.00503 -3.38397
-2.00799 -3.38675
-2.01382 -3.39194
-2.01594 -3.39411
-2.02253 -3.4
-2.02394 -3.4014
-2.03123 -3.40807
-2.03201 -3.40863
-2.03998 -3.41597
-2.04004 -3.41602
-2.04801 -3.42324
-2.0488 -3.42403
-2.05595 -3.43061
-2.05759 -3.432
-2.06402 -3.43784
-2.06636 -3.43999
-2.07207 -3.44509
-2.07507 -3.44805
-2.07999 -3.45247
-2.08386 -3.45602
-2.08801 -3.45976
-2.09261 -3.46403
-2.09605 -3.46701
-2.10145 -3.47195
-2.10399 -3.47438
-2.11014 -3.48004
-2.11204 -3.48163
-2.11896 -3.48797
-2.11999 -3.48898
-2.12776 -3.49593
-2.12796 -3.49632
-2.13594 -3.50365
-2.13644 -3.50402
-2.14407 -3.51081
-2.14525 -3.51198
-2.15201 -3.51817
-2.15397 -3.52002
-2.15998 -3.52551
-2.16282 -3.52793
-2.168 -3.53279
-2.17151 -3.536
-2.17606 -3.54003
-2.18026 -3.54402
-2.18398 -3.54742
-2.18898 -3.55207
-2.19197 -3.55473
-2.1978 -3.56001
-2.19995 -3.56206
-2.20659 -3.56798
-2.20797 -3.56933
-2.21531 -3.57603
-2.21605 -3.57656
-2.22396 -3.58395
-2.22406 -3.58405
-2.23194 -3.59128
-2.23287 -3.59199
-2.24001 -3.59851
-2.24159 -3.60004
-2.24803 -3.60579
-2.25046 -3.60793
-2.25596 -3.61316
-2.25918 -3.61597
-2.26402 -3.6204
-2.2679 -3.62402
-2.272 -3.62773
-2.27664 -3.63205
-2.28003 -3.63499
-2.28549 -3.63995
-2.28796 -3.64238
-2.29426 -3.64795
-2.29602 -3.64962
-2.30297 -3.65601
-2.30404 -3.65689
-2.31176 -3.66397
-2.31194 -3.6643
-2.32002 -3.67152
-2.32048 -3.67203
-2.32804 -3.67881
-2.32932 -3.67994
-2.33595 -3.6862
-2.33799 -3.68805
-2.34394 -3.69351
-2.34675 -3.69605
-2.35206 -3.70069
-2.35549 -3.70407
-2.35996 -3.7081
-2.3643 -3.71202
-2.36803 -3.71532
-2.37311 -3.71998
-2.37605 -3.72261
-2.38182 -3.72804
-2.38406 -3.7299
-2.39056 -3.73606
-2.39204 -3.73723
-2.39932 -3.74406
-2.39996 -3.74461
-2.408 -3.75187
-2.40811 -3.75203
-2.41604 -3.75913
-2.41692 -3.75999
-2.42404 -3.76644
-2.42564 -3.76804
-2.43203 -3.77375
-2.4344 -3.77603
-2.43998 -3.7811
-2.44319 -3.78401
-2.44798 -3.7884
-2.45201 -3.79195
-2.45594 -3.79576
-2.46076 -3.79996
-2.46397 -3.80303
-2.46951 -3.80798
-2.47206 -3.81023
-2.47823 -3.81602
-2.48004 -3.81755
-2.48704 -3.82398
-2.48807 -3.82483
-2.49581 -3.83197
-2.49599 -3.83221
-2.50394 -3.83958
-2.50458 -3.83996
-2.51194 -3.84687
-2.51335 -3.84795
-2.52003 -3.85407
-2.52208 -3.85599
-2.52806 -3.86134
-2.53088 -3.86395
-2.53604 -3.86867
-2.53963 -3.87196
-2.54407 -3.87595
-2.54832 -3.88004
-2.55205 -3.88326
-2.55715 -3.88798
-2.56 -3.89062
-2.56591 -3.89598
-2.56804 -3.89788
-2.57466 -3.904
-2.57603 -3.90519
-2.58343 -3.91198
-2.58394 -3.9126
-2.59201 -3.91982
-2.59218 -3.92001
-2.60001 -3.92712
-2.60095 -3.928
-2.60803 -3.93441
-2.60965 -3.93607
-2.61606 -3.94167
-2.6185 -3.94397
-2.62393 -3.94912
-2.62721 -3.95203
-2.63205 -3.9563
-2.636 -3.96
-2.63995 -3.96371
-2.64473 -3.96804
-2.64796 -3.971
-2.65359 -3.97593
-2.65602 -3.97823
-2.66235 -3.98394
-2.66405 -3.9855
-2.671 -3.99206
-2.67197 -3.99289
-2.67983 -3.99999
-2.68005 -4.00011
-2.68802 -4.00744
-2.68862 -4.00796
-2.696 -4.01477
-2.6973 -4.01605
-2.70401 -4.02206
-2.70616 -4.02395
-2.71196 -4.02941
-2.71487 -4.032
-2.71996 -4.03672
-2.72369 -4.03994
-2.72803 -4.04395
-2.7324 -4.048
-2.73605 -4.05123
-2.74122 -4.05594
-2.744 -4.05859
-2.74999 -4.06393
-2.75195 -4.06594
-2.7587 -4.07199
-2.76005 -4.07313
-2.76748 -4.07998
-2.76799 -4.08051
-2.77605 -4.08774
-2.77622 -4.08801
-2.78405 -4.09504
-2.78497 -4.09602
-2.79197 -4.10244
-2.79382 -4.10393
-2.79994 -4.10977
-2.80247 -4.11205
-2.80794 -4.11707
-2.81128 -4.12
-2.81604 -4.12427
-2.82009 -4.12795
-2.82398 -4.13164
-2.82886 -4.13594
-2.83195 -4.13897
-2.8376 -4.14396
-2.83996 -4.14627
-2.84635 -4.15198
-2.84804 -4.15347
-2.85509 -4.16001
-2.85597 -4.16085
-2.86385 -4.16801
-2.864 -4.16813
-2.87205 -4.17537
-2.87257 -4.17606
-2.87997 -4.18277
-2.88142 -4.18397
-2.88801 -4.19003
-2.89011 -4.19205
-2.89594 -4.1974
-2.89891 -4.20001
-2.904 -4.20464
-2.90768 -4.208
-2.91198 -4.21197
-2.91645 -4.216
-2.92 -4.21925
-2.92519 -4.22402
-2.92797 -4.22658
-2.93401 -4.23196
-2.93598 -4.23387
-2.94276 -4.23998
-2.94395 -4.24121
-2.95155 -4.24795
-2.952 -4.24845
-2.96005 -4.25571
-2.9602 -4.25607
-2.96805 -4.26301
-2.96902 -4.26401
-2.97595 -4.27042
-2.97778 -4.27202
-2.98395 -4.27773
-2.98656 -4.28
-2.99196 -4.28501
-2.99537 -4.28795
-3.00001 -4.29227
-3.00412 -4.29597
-3.00799 -4.29959
-3.01278 -4.30407
-3.01603 -4.30685
-3.02162 -4.31199
-3.02396 -4.31422
-3.03044 -4.31993
-3.03201 -4.32148
-3.03915 -4.32799
-3.03997 -4.32882
-3.04793 -4.33597
-3.04794 -4.33616
-3.056 -4.34339
-3.0567 -4.34396
-3.06401 -4.35068
-3.06542 -4.35201
-3.07196 -4.35804
-3.07416 -4.36004
-3.08002 -4.36527
-3.08294 -4.36803
-3.08801 -4.3726
-3.09178 -4.37594
-3.09606 -4.37983
-3.10047 -4.38402
-3.10406 -4.38714
-3.10921 -4.39205
-3.11198 -4.39453
-3.11806 -4.39995
-3.11994 -4.40188
-3.12672 -4.40806
-3.12802 -4.4091
-3.13555 -4.41599
-3.13602 -4.41639
-3.14399 -4.42373
-3.14434 -4.42396
-3.152 -4.43102
-3.15308 -4.43199
-3.15997 -4.43836
-3.16186 -4.43997
-3.16803 -4.4456
-3.17064 -4.44796
-3.17598 -4.45295
-3.17936 -4.456
-3.18402 -4.46021
-3.1881 -4.46403
-3.19206 -4.46747
-3.19691 -4.47198
-3.20002 -4.47481
-3.20564 -4.48002
-3.20797 -4.48218
-3.21436 -4.48806
-3.21596 -4.48949
-3.22311 -4.49607
-3.22394 -4.49681
-3.23199 -4.50395
-3.23206 -4.50399
-3.24 -4.51135
-3.24065 -4.51207
-3.24803 -4.51863
-3.24953 -4.51994
-3.25596 -4.526
-3.25821 -4.52802
-3.26403 -4.53323
-3.26696 -4.53604
-3.27198 -4.54058
-3.27575 -4.54401
-3.28001 -4.54785
-3.28459 -4.55194
-3.28804 -4.55513
-3.29332 -4.55996
-3.29605 -4.56242
-3.3021 -4.56795
-3.30404 -4.56973
-3.31084 -4.57597
-3.31201 -4.57706
-3.31962 -4.58396
-3.31998 -4.58441
-3.32794 -4.59174
-3.32835 -4.592
-3.33606 -4.59892
-3.33709 -4.60002
-3.34399 -4.6063
-3.34581 -4.60807
-3.352 -4.61359
-3.35459 -4.61605
-3.35994 -4.62096
-3.36343 -4.62397
-3.36807 -4.62812
-3.37217 -4.632
-3.37597 -4.63553
-3.38088 -4.64005
-3.38394 -4.64287
-3.38974 -4.64795
-3.392 -4.65011
-3.39842 -4.65605
-3.40005 -4.65736
-3.40717 -4.66406
-3.40802 -4.66468
-3.41597 -4.67201
-3.41599 -4.67203
-3.42399 -4.67933
-3.42469 -4.68006
-3.43203 -4.68659
-3.43357 -4.68793
-3.44 -4.69393
-3.44227 -4.696
-3.44799 -4.70123
-3.45099 -4.70406
-3.45599 -4.70854
-3.45977 -4.71203
-3.46406 -4.71577
-3.46855 -4.72002
-3.47206 -4.72307
-3.47728 -4.72806
-3.47994 -4.7305
-3.48609 -4.73601
-3.48796 -4.73779
-3.49483 -4.74403
-3.49606 -4.74497
-3.50362 -4.75201
-3.50405 -4.75229
-3.51199 -4.75965
-3.51236 -4.76003
-3.51995 -4.76701
-3.5212 -4.76795
-3.52801 -4.77424
-3.52986 -4.77606
-3.536 -4.78155
-3.53873 -4.78395
-3.54402 -4.78884
-3.54742 -4.79202
-3.55199 -4.79617
-3.55621 -4.79999
-3.55997 -4.8035
-3.56496 -4.80801
-3.56806 -4.8107
-3.56813 -4.81095
-3.57196 -4.81596
-3.57606 -4.82151
-3.57787 -4.82395
-3.58368 -4.83198
-3.58374 -4.83197
-3.58402 -4.83251
-3.58848 -4.84
-3.59086 -4.84403
-3.59194 -4.84618
-3.59296 -4.84801
-3.59571 -4.85312
-3.59587 -4.85601
-3.59633 -4.85886
-3.59634 -4.864
-3.59638 -4.872
-3.59643 -4.88
-3.59654 -4.888
-3.59651 -4.896
-3.59651 -4.904
-3.59659 -4.912
-3.59666 -4.92
-3.59676 -4.928
-3.59687 -4.936
-3.5969 -4.944
-3.59691 -4.952
-3.597 -4.96
-3.59695 -4.968
-3.59697 -4.976
-3.59714 -4.984
-3.59708 -4.992
-3.59715 -5
-3.59718 -5.008
-3.59722 -5.016
-3.59732 -5.024
-3.59744 -5.032
-3.59751 -5.04
-3.59743 -5.048
-3.59761 -5.056
-3.59766 -5.064
-3.59771 -5.072
-3.59773 -5.08
-3.59774 -5.088
-3.59777 -5.096
-3.59787 -5.104
-3.59797 -5.112
-3.59799 -5.11769
-3.59779 -5.12
-3.59752 -5.12588
-3.59673 -5.12804
-3.59323 -5.13596
-3.59298 -5.13679
-3.59203 -5.13884
-3.58951 -5.14401
-3.58585 -5.15167
-3.58559 -5.15204
-3.58406 -5.15445
-3.58048 -5.16003
-3.57596 -5.16693
-3.57537 -5.16802
-3.57024 -5.17601
-3.57008 -5.17638
-3.56801 -5.17793
-3.56024 -5.18396
-3.56003 -5.18425
-3.55206 -5.19058
-3.5501 -5.192
-3.54405 -5.19686
-3.53996 -5.20005
-3.53606 -5.20316
-3.52974 -5.20798
-3.52802 -5.2094
-3.52002 -5.2157
-3.51963 -5.21606
-3.51197 -5.22193
-3.50942 -5.22401
-3.50395 -5.22819
-3.49921 -5.23196
-3.496 -5.23456
-3.48913 -5.24007
-3.48796 -5.24079
-3.48006 -5.24721
-3.47893 -5.24804
-3.47195 -5.25337
-3.46879 -5.25607
-3.46402 -5.25974
-3.45856 -5.26399
-3.456 -5.26602
-3.44843 -5.27205
-3.44803 -5.27234
-3.44002 -5.27863
-3.43824 -5.28003
-3.432 -5.28489
-3.42806 -5.28801
-3.42406 -5.29126
-3.41788 -5.296
-3.41602 -5.2975
-3.40802 -5.30379
-3.40765 -5.30393
-3.39995 -5.31
-3.39752 -5.31197
-3.392 -5.31636
-3.38737 -5.32001
-3.38395 -5.32259
-3.37725 -5.32807
-3.37597 -5.3289
-3.36805 -5.3353
-3.36708 -5.33606
-3.36 -5.34152
-3.35692 -5.34407
-3.35194 -5.34775
-3.34665 -5.35196
-3.34403 -5.35415
-3.33649 -5.35996
-3.336 -5.36041
-3.32796 -5.36666
-3.32634 -5.36799
-3.32006 -5.37307
-3.31622 -5.37606
-3.31203 -5.37933
-3.306 -5.38399
-3.30406 -5.38566
-3.29602 -5.39189
-3.29589 -5.39207
-3.28803 -5.3982
-3.28562 -5.39994
-3.27994 -5.40438
-3.27552 -5.40804
-3.27196 -5.4107
-3.26532 -5.41599
-3.26398 -5.41702
-3.25596 -5.42328
-3.25511 -5.42394
-3.24805 -5.42969
-3.24498 -5.432
-3.23997 -5.43588
-3.23479 -5.43997
-3.23206 -5.44229
-3.22465 -5.44802
-3.22405 -5.44856
-3.21601 -5.45482
-3.21445 -5.45597
-3.20795 -5.46103
-3.20425 -5.46393
-3.20002 -5.46741
-3.19417 -5.47205
-3.19206 -5.47375
-3.18402 -5.47999
-3.18391 -5.47993
-3.17599 -5.48625
-3.17376 -5.48796
-3.16802 -5.49257
-3.16366 -5.49605
-3.16001 -5.49887
-3.15344 -5.50399
-3.15199 -5.50513
-3.14395 -5.51137
-3.14324 -5.51194
-3.13602 -5.51775
-3.13308 -5.51996
-3.12794 -5.52395
-3.12292 -5.52798
-3.12005 -5.53037
-3.11279 -5.53602
-3.11195 -5.53654
-3.10395 -5.54283
-3.10262 -5.54403
-3.09598 -5.54917
-3.09237 -5.55192
-3.08799 -5.55547
-3.08224 -5.55998
-3.07999 -5.56176
-3.07205 -5.56795
-3.07198 -5.56805
-3.06396 -5.57431
-3.06197 -5.57607
-3.05601 -5.58067
-3.05175 -5.584
-3.048 -5.58694
-3.04153 -5.59194
-3.04004 -5.59329
-3.03201 -5.59954
-3.03135 -5.59994
-3.02399 -5.60581
-3.02121 -5.60797
-3.01599 -5.61211
-3.01107 -5.61601
-3.00797 -5.61837
-3.0009 -5.62401
-2.99997 -5.62466
-2.99201 -5.63101
-2.99074 -5.63202
-2.98402 -5.63731
-2.9806 -5.64006
-2.97606 -5.64365
-2.97043 -5.64806
-2.96806 -5.64995
-2.96021 -5.656
-2.96004 -5.65621
-2.95194 -5.66238
-2.95004 -5.664
-2.94396 -5.66871
-2.93993 -5.67207
-2.93596 -5.67499
-2.92973 -5.68004
-2.92805 -5.68139
-2.92002 -5.68766
-2.91947 -5.68792
-2.91203 -5.69397
-2.90942 -5.69608
-2.90403 -5.70026
-2.89923 -5.70406
-2.89599 -5.70649
-2.88902 -5.712
-2.88806 -5.71288
-2.87995 -5.71903
-2.8789 -5.72006
-2.872 -5.72539
-2.86868 -5.728
-2.86396 -5.73163
-2.85856 -5.73607
-2.856 -5.73797
-2.84837 -5.74404
-2.84799 -5.74425
-2.83996 -5.75051
-2.83817 -5.75201
-2.83202 -5.75688
-2.82798 -5.75998
-2.82406 -5.76322
-2.81777 -5.76793
-2.81595 -5.76937
-2.80799 -5.77572
-2.80766 -5.776
-2.80004 -5.78207
-2.79748 -5.78399
-2.79196 -5.78827
-2.78729 -5.79197
-2.784 -5.79461
-2.7771 -5.79994
-2.77605 -5.80097
-2.76794 -5.80712
-2.76699 -5.80802
-2.75995 -5.81342
-2.75686 -5.81608
-2.75205 -5.81984
-2.74664 -5.82401
-2.74402 -5.8261
-2.74098 -5.82852
-2.73781 -5.8306
-2.73599 -5.83146
-2.73505 -5.83206
-2.728 -5.83568
-2.71998 -5.83984
-2.71978 -5.84005
-2.71201 -5.84409
-2.70448 -5.84796
-2.70398 -5.84823
-2.69601 -5.85248
-2.68921 -5.85593
-2.68804 -5.85672
-2.67997 -5.8608
-2.67395 -5.86393
-2.672 -5.86504
-2.66399 -5.86922
-2.65875 -5.87203
-2.656 -5.87344
-2.64798 -5.87759
-2.64345 -5.87995
-2.63999 -5.8818
-2.63198 -5.88598
-2.6282 -5.88796
-2.62401 -5.89023
-2.61597 -5.89434
-2.61299 -5.89607
-2.608 -5.89861
-2.6 -5.9028
-2.59767 -5.90394
-2.59204 -5.90706
-2.58397 -5.91112
-2.5824 -5.91192
-2.57604 -5.91546
-2.56799 -5.91956
-2.56715 -5.91992
-2.56004 -5.92385
-2.55198 -5.92794
-2.55193 -5.928
-2.54396 -5.93208
-2.53672 -5.93609
-2.53596 -5.93628
-2.52799 -5.94052
-2.52141 -5.94399
-2.51997 -5.94469
-2.51198 -5.94889
-2.50612 -5.95193
-2.504 -5.95314
-2.49604 -5.95741
-2.4909 -5.95999
-2.48804 -5.9616
-2.48003 -5.96577
-2.47569 -5.96808
-2.472 -5.96991
-2.464 -5.97411
-2.46038 -5.97597
-2.456 -5.9783
-2.44802 -5.98254
-2.4451 -5.98393
-2.44 -5.9867
-2.432 -5.99089
-2.42989 -5.99202
-2.42399 -5.99506
-2.41602 -5.99932
-2.41458 -5.99992
-2.40802 -6.00351
-2.4 -6.00766
-2.39932 -6.00792
-2.39203 -6.01191
-2.38408 -6.01595
-2.38398 -6.01603
-2.37598 -6.0202
-2.36882 -6.02394
-2.36797 -6.02438
-2.35998 -6.0286
-2.3536 -6.032
-2.35198 -6.03281
-2.34396 -6.03695
-2.33834 -6.04
-2.33601 -6.04125
-2.32798 -6.04538
-2.32307 -6.04798
-2.32001 -6.04964
-2.31199 -6.05379
-2.30781 -6.05597
-2.30397 -6.05796
-2.296 -6.0622
-2.29257 -6.06401
-2.28798 -6.06635
-2.28 -6.07059
-2.2773 -6.07198
-2.27201 -6.07481
-2.26401 -6.079
-2.26201 -6.07992
-2.25598 -6.08315
-2.24797 -6.08732
-2.24676 -6.08792
-2.24 -6.09156
-2.232 -6.09576
-2.23154 -6.09601
-2.22403 -6.10001
-2.21629 -6.10402
-2.21602 -6.10418
-2.20804 -6.10842
-2.20102 -6.11199
-2.20003 -6.11259
-2.19197 -6.11668
-2.18842 -6.11861
