2.18859 -6.109
2.19543 -6.10501
2.2017 -6.10011
2.20912 -6.09705
2.21531 -6.09201
2.2223 -6.08827
2.2294 -6.0847
2.23564 -6.07974
2.24229 -6.07545
2.24877 -6.07088
2.25588 -6.06732
2.26228 -6.06262
2.26898 -6.05841
2.27575 -6.0543
2.28224 -6.04976
2.28971 -6.04678
2.29668 -6.04301
2.30323 -6.03854
2.31001 -6.03447
2.31603 -6.02915
2.3235 -6.02618
2.32949 -6.02082
2.33622 -6.01666
2.343 -6.01257
2.35034 -6.00939
2.35614 -6.00373
2.36377 -6.001
2.37056 -5.99695
2.37733 -5.99284
2.38344 -5.98767
2.38996 -5.98317
2.39747 -5.98026
2.40404 -5.97584
2.41008 -5.97056
2.41739 -5.96732
2.42439 -5.96359
2.43087 -5.95902
2.43783 -5.95523
2.4443 -5.95064
2.45129 -5.9469
2.45795 -5.94262
2.46458 -5.93829
2.47045 -5.93273
2.47769 -5.92939
2.48437 -5.92515
2.4909 -5.92066
2.49763 -5.9165
2.50411 -5.91192
2.51097 -5.90797
2.51792 -5.90416
2.52513 -5.90077
2.53123 -5.89558
2.53813 -5.8917
2.54534 -5.8883
2.55198 -5.88399
2.55849 -5.87947
2.56537 -5.87555
2.57187 -5.871
2.57871 -5.86701
2.58491 -5.86199
2.59226 -5.85883
2.59867 -5.85416
2.6052 -5.84967
2.61264 -5.84664
2.61914 -5.8421
2.62521 -5.83688
2.63265 -5.83385
2.63861 -5.82845
2.64543 -5.82442
2.65283 -5.82133
2.65897 -5.81622
2.66604 -5.81261
2.67308 -5.80894
2.67938 -5.80408
2.68537 -5.80089
2.69052 -5.7965
2.69603 -5.79057
2.70349 -5.78718
2.70877 -5.78095
2.71565 -5.7768
2.72178 -5.77167
2.72811 -5.76682
2.73467 -5.76225
2.74141 -5.75792
2.74703 -5.75213
2.75307 -5.74689
2.76013 -5.74298
2.76586 -5.73734
2.7725 -5.73288
2.77932 -5.72866
2.78499 -5.72294
2.79215 -5.71915
2.7982 -5.71393
2.80383 -5.70815
2.8108 -5.70412
2.81732 -5.69951
2.82313 -5.69397
2.82904 -5.68856
2.83549 -5.68385
2.84178 -5.67894
2.84798 -5.6739
2.85461 -5.66943
2.86061 -5.66413
2.86791 -5.66053
2.87392 -5.65526
2.88024 -5.65038
2.88659 -5.64554
2.8927 -5.6404
2.89968 -5.63638
2.90593 -5.63141
2.91243 -5.62677
2.91857 -5.62167
2.92423 -5.61593
2.93081 -5.61139
2.93734 -5.60679
2.94352 -5.60172
2.94951 -5.59642
2.95664 -5.5926
2.96241 -5.587
2.96873 -5.58214
2.97531 -5.5776
2.98154 -5.57261
2.98797 -5.56787
2.99365 -5.56216
2.99991 -5.55721
3.00637 -5.55251
3.01357 -5.54878
3.01897 -5.54271
3.02547 -5.53807
3.03266 -5.53433
3.03836 -5.52864
3.04483 -5.52396
3.05146 -5.51949
3.05737 -5.51409
3.06415 -5.5098
3.07036 -5.50478
3.07678 -5.50004
3.0824 -5.49425
3.08846 -5.48904
3.09556 -5.48518
3.10176 -5.48015
3.10747 -5.47448
3.11488 -5.47102
3.12026 -5.46492
3.12707 -5.46068
3.13328 -5.45566
3.13954 -5.45071
3.14543 -5.44528
3.15197 -5.44069
3.15854 -5.43613
3.16471 -5.43106
3.17104 -5.4262
3.17825 -5.42248
3.18444 -5.41744
3.1903 -5.41197
3.19694 -5.4075
3.20286 -5.4021
3.20943 -5.39755
3.21552 -5.39239
3.2225 -5.38836
3.22776 -5.38211
3.23435 -5.37759
3.24131 -5.37354
3.24695 -5.36778
3.25352 -5.36323
3.25996 -5.35851
3.26684 -5.35436
3.27243 -5.34854
3.27899 -5.34398
3.28515 -5.33889
3.29216 -5.33491
3.29795 -5.32935
3.30485 -5.32522
3.31054 -5.31953
3.31746 -5.31543
3.32293 -5.30946
3.3291 -5.30439
3.33647 -5.30088
3.34232 -5.29539
3.34796 -5.28963
3.35436 -5.28485
3.36101 -5.2804
3.3671 -5.27523
3.37369 -5.27072
3.38029 -5.2662
3.38624 -5.26084
3.39304 -5.25659
3.39968 -5.25213
3.40509 -5.24606
3.4115 -5.24132
3.41865 -5.23751
3.42505 -5.23274
3.43138 -5.22788
3.43694 -5.22202
3.44349 -5.21744
3.44928 -5.21187
3.45664 -5.20836
3.46261 -5.20302
3.46866 -5.1978
3.47518 -5.19318
3.48102 -5.18768
3.48757 -5.1831
3.49376 -5.17806
3.50006 -5.17315
3.5066 -5.16856
3.51312 -5.16395
3.51956 -5.15923
3.5264 -5.15503
3.53173 -5.14886
3.53822 -5.14421
3.54454 -5.13934
3.55159 -5.13541
3.55795 -5.13059
3.56396 -5.1253
3.5695 -5.11993
3.57133 -5.11556
3.57387 -5.10805
3.57812 -5.10113
3.58092 -5.09359
3.58126 -5.0857
3.584 -5.07815
3.58325 -5.07022
3.58267 -5.06229
3.58194 -5.05437
3.58316 -5.04641
3.58211 -5.03849
3.58143 -5.03056
3.58205 -5.02261
3.58283 -5.01466
3.58162 -5.00674
3.58196 -4.99879
3.58175 -4.99086
3.58105 -4.98293
3.58159 -4.97498
3.58155 -4.96705
3.58203 -4.9591
3.58045 -4.95119
3.58095 -4.94324
3.581 -4.9353
3.58122 -4.92736
3.58024 -4.91944
3.58047 -4.91149
3.5805 -4.90355
3.57954 -4.89563
3.57917 -4.8877
3.58068 -4.87973
3.57993 -4.87181
3.58014 -4.86387
3.57898 -4.85595
3.57996 -4.84799
3.57969 -4.84006
3.57902 -4.83213
3.57821 -4.82421
3.57845 -4.81626
3.57924 -4.80831
3.57813 -4.80039
3.57757 -4.79246
3.57768 -4.78452
3.57776 -4.77658
3.57809 -4.76864
3.57743 -4.76071
3.57842 -4.75275
3.57645 -4.74485
3.57705 -4.7369
3.57744 -4.72885
3.57512 -4.72188
3.57297 -4.71487
3.5701 -4.70877
3.56661 -4.70294
3.5645 -4.69652
3.56124 -4.69094
3.55521 -4.6857
3.54924 -4.68038
3.54372 -4.67455
3.53771 -4.66928
3.53115 -4.66465
3.52578 -4.65864
3.51859 -4.65475
3.51319 -4.64877
3.50639 -4.64443
3.50089 -4.63856
3.4944 -4.63385
3.48941 -4.6274
3.48304 -4.62255
3.47677 -4.61759
3.47022 -4.61295
3.46395 -4.60798
3.4581 -4.60253
3.45287 -4.59636
3.44602 -4.59207
3.43986 -4.58697
3.43437 -4.5811
3.42786 -4.57641
3.42257 -4.57032
3.41593 -4.56577
3.41015 -4.56024
3.40432 -4.55477
3.39793 -4.54995
3.39232 -4.54421
3.3859 -4.53942
3.37928 -4.53487
3.37395 -4.52881
3.36758 -4.52396
3.36223 -4.51792
3.35499 -4.51408
3.34963 -4.50806
3.34394 -4.50243
3.33726 -4.49794
3.33167 -4.49218
3.32573 -4.48683
3.31874 -4.4827
3.31297 -4.47716
3.30653 -4.47239
3.30135 -4.46617
3.29452 -4.46185
3.28869 -4.45637
3.28262 -4.45118
3.27651 -4.44602
3.27056 -4.44069
3.26502 -4.43488
3.2587 -4.42997
3.25243 -4.425
3.24709 -4.41896
3.24095 -4.41384
3.2343 -4.40932
3.22781 -4.40461
3.22221 -4.39887
3.21681 -4.3929
3.2107 -4.38775
3.2036 -4.38374
3.19795 -4.37806
3.19209 -4.37262
3.18649 -4.36688
3.18042 -4.36167
3.17442 -4.3564
3.16796 -4.35166
3.16159 -4.34681
3.15534 -4.34182
3.14984 -4.33596
3.14396 -4.33053
3.13703 -4.32634
3.13152 -4.32049
3.1256 -4.31512
3.11921 -4.31029
3.11334 -4.30487
3.10695 -4.30004
3.10067 -4.29509
3.09471 -4.28976
3.08907 -4.28407
3.08312 -4.27873
3.07729 -4.27325
3.07103 -4.26827
3.06529 -4.2627
3.05922 -4.25751
3.05303 -4.25244
3.04709 -4.2471
3.04007 -4.243
3.03394 -4.23787
3.02845 -4.23201
3.02236 -4.22683
3.01691 -4.22092
3.01052 -4.21608
3.00434 -4.21102
2.99805 -4.20608
2.99153 -4.2014
2.98561 -4.19603
2.97996 -4.19035
2.97438 -4.18458
2.96821 -4.1795
2.96237 -4.17403
2.95576 -4.16947
2.95023 -4.16364
2.94394 -4.1587
2.93788 -4.1535
2.93134 -4.14883
2.92499 -4.14396
2.91947 -4.13813
2.91362 -4.13268
2.90775 -4.12725
2.90124 -4.12256
2.89575 -4.11669
2.88959 -4.1116
2.88315 -4.10684
2.87647 -4.10235
2.87132 -4.09608
2.86445 -4.09181
2.85895 -4.08596
2.85227 -4.08147
2.84648 -4.07594
2.84051 -4.07063
2.83448 -4.06539
2.82877 -4.05977
2.82292 -4.05431
2.81593 -4.05019
2.81029 -4.04449
2.80498 -4.03841
2.79837 -4.03384
2.79234 -4.0286
2.78679 -4.02279
2.77958 -4.01893
2.77452 -4.01255
2.76805 -4.00782
2.76246 -4.00207
2.75565 -3.99773
2.74961 -3.99249
2.74433 -3.98639
2.7373 -3.9823
2.73154 -3.97675
2.72618 -3.97072
2.71918 -3.9666
2.71398 -3.9604
2.70694 -3.95632
2.70128 -3.95066
2.69514 -3.94553
2.68898 -3.94044
2.68277 -3.93541
2.67673 -3.93018
2.67072 -3.92491
2.66576 -3.91843
2.65941 -3.91355
2.65239 -3.90946
2.64751 -3.90288
2.64025 -3.89906
2.63471 -3.89326
2.62936 -3.88722
2.62214 -3.88335
2.61687 -3.87724
2.61008 -3.87286
2.60493 -3.86661
2.59793 -3.86249
2.59256 -3.85648
2.5864 -3.85138
2.58053 -3.84596
2.5748 -3.84036
2.56854 -3.83539
2.56214 -3.83057
2.55572 -3.82578
2.55007 -3.8201
2.5445 -3.81432
2.53795 -3.80969
2.53202 -3.80432
2.52544 -3.79971
2.51927 -3.79463
2.51377 -3.78878
2.507 -3.78439
2.50125 -3.77882
2.49584 -3.77286
2.48992 -3.76749
2.48364 -3.76253
2.47684 -3.75819
2.47109 -3.75261
2.46554 -3.74681
2.45918 -3.74196
2.45298 -3.7369
2.44662 -3.73205
2.44076 -3.72661
2.43466 -3.72145
2.42944 -3.71526
2.42285 -3.71067
2.41662 -3.70566
2.41026 -3.7008
2.40446 -3.69529
2.39843 -3.69004
2.3925 -3.68469
2.38695 -3.67889
2.37983 -3.6749
2.37447 -3.66888
2.3677 -3.6645
2.36189 -3.659
2.3566 -3.6529
2.3506 -3.64762
2.34371 -3.64338
2.33806 -3.63769
2.33232 -3.6321
2.32595 -3.62726
2.32014 -3.62176
2.31362 -3.61708
2.30791 -3.61147
2.30132 -3.60688
2.29529 -3.60163
2.29004 -3.59548
2.28385 -3.59043
2.27808 -3.58488
2.27207 -3.57961
2.26545 -3.57506
2.25956 -3.56965
2.25368 -3.56424
2.24677 -3.56001
2.2415 -3.55389
2.23458 -3.54967
2.22845 -3.54454
2.22241 -3.53931
2.21658 -3.53384
2.21124 -3.5278
2.20471 -3.52313
2.19942 -3.51703
2.19294 -3.51231
2.1869 -3.50708
2.18059 -3.50216
2.17486 -3.49657
2.16889 -3.49126
2.16281 -3.48606
2.15669 -3.48093
2.15055 -3.47581
2.14386 -3.47133
2.13885 -3.46491
2.13261 -3.45991
2.12602 -3.45532
2.11941 -3.45074
2.11361 -3.44524
2.10853 -3.43889
2.10241 -3.43374
2.09566 -3.42934
2.08914 -3.42467
2.08334 -3.41916
2.07702 -3.41425
2.07203 -3.4078
2.06494 -3.40379
2.0589 -3.39856
2.05369 -3.39236
2.0468 -3.38812
2.04158 -3.38193
2.0356 -3.37663
2.02868 -3.37242
2.02344 -3.36626
2.01646 -3.36211
2.01146 -3.35568
2.00455 -3.35145
1.99881 -3.34588
1.9929 -3.34049
1.98657 -3.33559
1.98013 -3.33083
1.97513 -3.32439
1.96898 -3.31929
1.96297 -3.31402
1.95636 -3.30945
1.95033 -3.30421
1.94499 -3.29816
1.93795 -3.29409
1.93171 -3.28909
1.92579 -3.28372
1.91953 -3.27874
1.91346 -3.27354
1.90775 -3.26793
1.90231 -3.26199
1.89645 -3.25656
1.88926 -3.25267
1.8832 -3.24746
1.87833 -3.24086
1.8716 -3.23643
1.86609 -3.23058
1.85985 -3.22558
1.85329 -3.22096
1.84778 -3.21511
1.84174 -3.20988
1.83518 -3.20525
1.82975 -3.19931
1.82345 -3.19438
1.8167 -3.18997
1.81167 -3.18357
1.80466 -3.17946
1.79944 -3.17328
1.7932 -3.16828
1.78635 -3.16399
1.78144 -3.15744
1.77498 -3.1527
1.76859 -3.14788
1.76296 -3.14216
1.75663 -3.13727
1.75121 -3.13132
1.74483 -3.12649
1.73818 -3.12196
1.73203 -3.11685
1.72575 -3.1119
1.7199 -3.10644
1.71364 -3.10147
1.70814 -3.09562
1.7022 -3.09026
1.69596 -3.08527
1.68985 -3.08011
1.68334 -3.07543
1.67819 -3.06917
1.67176 -3.06438
1.66635 -3.05841
1.65954 -3.05409
1.65377 -3.04853
1.64796 -3.04304
1.6419 -3.03783
1.63513 -3.03344
1.63001 -3.02715
1.623 -3.02303
1.6172 -3.01753
1.61114 -3.01231
1.60492 -3.0073
1.599 -3.00192
1.59313 -2.9965
1.58738 -2.99093
1.58096 -2.98613
1.57559 -2.98012
1.56923 -2.97527
1.56299 -2.97026
1.55686 -2.96514
1.55067 -2.96008
1.54479 -2.95467
1.53846 -2.94977
1.53307 -2.94378
1.52615 -2.93957
1.52031 -2.93411
1.5146 -2.92849
1.50773 -2.92423
1.50286 -2.91764
1.49557 -2.91385
1.48982 -2.90828
1.48369 -2.90315
1.47782 -2.89773
1.47234 -2.89185
1.46549 -2.88755
1.45967 -2.88207
1.45375 -2.8767
1.44778 -2.87138
1.44216 -2.86567
1.43513 -2.86159
1.42969 -2.85565
1.42296 -2.85122
1.41725 -2.8456
1.41113 -2.84047
1.40586 -2.83434
1.39975 -2.82919
1.39357 -2.82412
1.38721 -2.81926
1.38059 -2.8147
1.37555 -2.80831
1.36968 -2.80288
1.3636 -2.79769
1.35735 -2.79271
1.35097 -2.78786
1.34503 -2.78252
1.33928 -2.77696
1.33233 -2.77277
1.32599 -2.76789
1.32097 -2.76147
1.31433 -2.75694
1.30858 -2.75138
1.30306 -2.74554
1.29663 -2.74075
1.29044 -2.73571
1.28478 -2.73003
1.27764 -2.72607
1.27182 -2.72058
1.26599 -2.71511
1.26051 -2.70923
1.25444 -2.70403
1.24809 -2.69916
1.24128 -2.69482
1.23537 -2.68943
1.22915 -2.68442
1.22343 -2.67881
1.21744 -2.67353
1.21105 -2.66869
1.20582 -2.66252
1.19979 -2.65728
1.19356 -2.65227
1.18699 -2.64766
1.18112 -2.64222
1.17516 -2.6369
1.16869 -2.63216
1.16281 -2.62674
1.157 -2.62124
1.15151 -2.61537
1.14552 -2.61009
1.13832 -2.60621
1.13279 -2.60038
1.1272 -2.59462
1.12053 -2.59013
1.11516 -2.58411
1.10819 -2.57997
1.1024 -2.57444
1.09648 -2.56907
1.0906 -2.56365
1.08464 -2.55833
1.07848 -2.55323
1.07255 -2.54787
1.06636 -2.54282
1.06034 -2.53756
1.05464 -2.53193
1.04814 -2.52724
1.042 -2.52212
1.03531 -2.51765
1.02991 -2.51167
1.02381 -2.50651
1.01768 -2.50138
1.01228 -2.4954
1.00522 -2.49135
0.999925 -2.48526
0.994001 -2.47989
0.988067 -2.47454
0.981202 -2.47026
0.975561 -2.46457
0.969816 -2.45899
0.963658 -2.4539
0.957546 -2.44875
0.951124 -2.44396
0.945087 -2.43873
0.939326 -2.43317
0.932399 -2.42897
0.926577 -2.42348
0.92124 -2.41744
0.914194 -2.41337
0.909295 -2.40681
0.902355 -2.40263
0.896818 -2.39681
0.890856 -2.39149
0.884662 -2.38644
0.877835 -2.38212
0.872468 -2.37611
0.865894 -2.37149
0.860426 -2.3656
0.853735 -2.36112
0.848695 -2.35473
0.841805 -2.35048
0.835977 -2.34501
0.829459 -2.34033
0.823353 -2.33517
0.817416 -2.32982
0.812066 -2.32379
0.805686 -2.31895
0.799393 -2.31401
0.794165 -2.30784
0.787039 -2.30387
0.781457 -2.2981
0.774982 -2.29338
0.769239 -2.2878
0.763642 -2.28205
0.757245 -2.27724
0.750827 -2.27244
0.745503 -2.26638
0.738702 -2.26203
0.733374 -2.25597
0.727222 -2.25087
0.721108 -2.24572
0.715383 -2.24013
0.708333 -2.23607
0.70292 -2.23011
0.697411 -2.22426
0.690384 -2.22017
0.684438 -2.21483
0.678007 -2.21006
0.672066 -2.20471
0.666612 -2.1988
0.660183 -2.19401
0.654681 -2.18816
0.647699 -2.18402
0.641791 -2.17864
0.636457 -2.17258
0.629735 -2.16814
0.624414 -2.16206
0.621726 -2.16019
0.616037 -2.15456
0.609313 -2.15018
0.603661 -2.14451
0.597543 -2.1394
0.591005 -2.1348
0.584998 -2.12956
0.577974 -2.12555
0.571726 -2.1206
0.566084 -2.11491
0.560644 -2.10897
0.554093 -2.10439
0.547276 -2.10013
0.541885 -2.09414
0.534998 -2.08996
0.529134 -2.08455
0.523697 -2.07861
0.517479 -2.07362
0.511376 -2.06849
0.504942 -2.06377
0.498786 -2.05871
0.492104 -2.05428
0.48552 -2.04974
0.479922 -2.044
0.473588 -2.03915
0.467609 -2.03387
0.461108 -2.02923
0.455864 -2.02306
0.448918 -2.01895
0.443506 -2.01299
0.436472 -2.00899
0.431237 -2.00281
0.425103 -1.99772
0.418395 -1.99333
0.411959 -1.9886
0.405764 -1.98359
0.400178 -1.97783
0.393883 -1.97294
0.387621 -1.968
0.38152 -1.96287
0.375654 -1.95746
0.368775 -1.95327
0.362925 -1.94784
0.357454 -1.94194
0.350471 -1.93789
0.344232 -1.93292
0.3378 -1.92819
0.331868 -1.92286
0.325918 -1.91755
0.320035 -1.91215
0.313414 -1.90765
0.308083 -1.90159
0.301141 -1.89748
0.295143 -1.89222
0.288979 -1.88717
0.283035 -1.88185
0.276435 -1.87733
0.27037 -1.87215
0.264783 -1.8664
0.257861 -1.86227
0.251754 -1.85714
0.246298 -1.85123
0.240049 -1.84628
0.23435 -1.84066
0.227923 -1.83593
0.221073 -1.83171
0.214686 -1.82692
0.209295 -1.82093
0.203204 -1.81579
0.196451 -1.81145
0.191254 -1.80522
0.184763 -1.80057
0.178862 -1.79519
0.171886 -1.79113
0.166542 -1.78508
0.160232 -1.7802
0.154159 -1.77504
0.147839 -1.77017
0.141646 -1.76516
0.135129 -1.76053
0.128578 -1.75595
0.123216 -1.74992
0.116205 -1.7459
0.11015 -1.74071
0.105082 -1.73432
0.0978489 -1.73057
0.0925386 -1.72448
0.0858059 -1.72012
0.0793895 -1.71537
0.0731605 -1.7104
0.0679011 -1.70424
0.0608726 -1.70024
0.0552096 -1.69458
0.0487123 -1.68993
0.0433957 -1.68385
0.0369196 -1.67917
0.0309623 -1.67387
0.0243009 -1.66942
0.0180319 -1.66449
0.0125983 -1.65855
0.00659818 -1.6533
-0.00044633 -1.64932
-0.00573213 -1.6432
-0.011942 -1.6382
-0.0184725 -1.63359
-0.0246746 -1.62858
-0.0306069 -1.62325
-0.0371208 -1.61944
-0.0446973 -1.61798
-0.0522737 -1.61891
-0.0598502 -1.61766
-0.0674266 -1.61786
-0.0750031 -1.61903
-0.0825795 -1.61857
-0.090156 -1.61784
-0.0977324 -1.61781
-0.105309 -1.61889
-0.112885 -1.61903
-0.120462 -1.61859
-0.128038 -1.61856
-0.135615 -1.61815
-0.143191 -1.61784
-0.150768 -1.6196
-0.158601 -1.61832
-0.16398 -1.62427
-0.170247 -1.62919
-0.176154 -1.63453
-0.182949 -1.63884
-0.188038 -1.64513
-0.193978 -1.65043
-0.200889 -1.6546
-0.206068 -1.66079
-0.212758 -1.66522
-0.218821 -1.67037
-0.224394 -1.6761
-0.230897 -1.68075
-0.236321 -1.68665
-0.243226 -1.69083
-0.248952 -1.69637
-0.255565 -1.70089
-0.261384 -1.70633
-0.26688 -1.71215
-0.272807 -1.71747
-0.279647 -1.72172
-0.284524 -1.72826
-0.291522 -1.73233
-0.297113 -1.73803
-0.303286 -1.74306
-0.309378 -1.74819
-0.315489 -1.75329
-0.321061 -1.75902
-0.326925 -1.76441
-0.332849 -1.76972
-0.33926 -1.77448
-0.345181 -1.7798
-0.352 -1.78408
-0.357898 -1.78943
-0.364006 -1.79453
-0.368987 -1.80095
-0.37536 -1.80575
-0.381737 -1.81054
-0.388111 -1.81533
-0.393934 -1.82077
-0.400261 -1.82562
-0.405211 -1.83207
-0.412006 -1.83638
-0.417443 -1.84227
-0.423385 -1.84756
-0.430174 -1.85188
-0.435867 -1.85746
-0.441899 -1.86266
-0.447751 -1.86806
-0.454627 -1.87227
-0.46064 -1.87749
-0.465997 -1.88347
-0.472585 -1.88801
-0.478562 -1.89327
-0.484652 -1.8984
-0.489919 -1.90448
-0.49682 -1.90866
-0.501827 -1.91505
-0.508018 -1.92006
-0.513926 -1.9254
-0.520871 -1.92953
-0.526491 -1.9352
-0.533257 -1.93954
-0.539243 -1.94479
-0.54448 -1.95091
-0.550387 -1.95624
-0.557134 -1.96061
-0.562314 -1.96679
-0.568364 -1.97196
-0.574986 -1.97647
-0.580881 -1.98182
-0.586838 -1.9871
-0.592969 -1.99218
-0.598781 -1.99763
-0.604613 -2.00306
-0.610974 -2.00787
-0.616965 -2.01311
-0.623192 -2.01808
-0.629016 -2.02351
-0.634579 -2.02925
-0.640894 -2.03412
-0.647708 -2.0384
-0.653934 -2.04337
-0.659518 -2.04908
-0.664989 -2.05493
-0.672046 -2.05893
-0.677483 -2.06482
-0.683724 -2.06977
-0.689306 -2.07548
-0.696099 -2.07979
-0.702118 -2.085
-0.70815 -2.09019
-0.713116 -2.09663
-0.719917 -2.10093
-0.726329 -2.10568
-0.731785 -2.11154
-0.737973 -2.11655
-0.744064 -2.12168
-0.750081 -2.12689
-0.756334 -2.13183
-0.761697 -2.1378
-0.767783 -2.14293
-0.774139 -2.14775
-0.780076 -2.15305
-0.786393 -2.15791
-0.791958 -2.16365
-0.798305 -2.16848
-0.804094 -2.17395
-0.810289 -2.17896
-0.816492 -2.18395
-0.822581 -2.18908
-0.827883 -2.19512
-0.835089 -2.19898
-0.840878 -2.2045
-0.845983 -2.21079
-0.852667 -2.21532
-0.858187 -2.22114
-0.863906 -2.22675
-0.870008 -2.23192
-0.876074 -2.23714
-0.881607 -2.24295
-0.88778 -2.24805
-0.894043 -2.25304
-0.900361 -2.25797
-0.905497 -2.26423
-0.912375 -2.26854
-0.918457 -2.27373
-0.924439 -2.27904
-0.930361 -2.28442
-0.9363 -2.28978
-0.942384 -2.29497
-0.947972 -2.30072
-0.953794 -2.30621
-0.960048 -2.31122
-0.965415 -2.31721
-0.971863 -2.322
-0.977578 -2.32761
-0.984304 -2.33209
-0.98902 -2.33881
-0.995393 -2.34369
-1.00151 -2.34885
-1.007 -2.35471
-1.0137 -2.35921
-1.0191 -2.36517
-1.02592 -2.36954
-1.03086 -2.37602
-1.03696 -2.38119
-1.04307 -2.38636
-1.04931 -2.39138
-1.05592 -2.39599
-1.06081 -2.40252
-1.06707 -2.40752
-1.07315 -2.41271
-1.079 -2.41817
-1.08453 -2.42399
-1.09077 -2.42901
-1.09707 -2.43396
-1.10301 -2.43932
-1.10889 -2.44474
-1.11512 -2.44977
-1.12136 -2.4548
-1.12694 -2.46055
-1.13324 -2.46551
-1.13906 -2.471
-1.14524 -2.47608
-1.15032 -2.48241
-1.15637 -2.48764
-1.1626 -2.49267
-1.16814 -2.49847
-1.17467 -2.50317
-1.18091 -2.50819
-1.18699 -2.51339
-1.19296 -2.51871
-1.19879 -2.5242
-1.20519 -2.52904
-1.2103 -2.53532
-1.2166 -2.54028
-1.22242 -2.54577
-1.22809 -2.55143
-1.23424 -2.55655
-1.23996 -2.56215
-1.24663 -2.56669
-1.25219 -2.57247
-1.25881 -2.57706
-1.26489 -2.58227
-1.26967 -2.58892
-1.2768 -2.59294
-1.28248 -2.5986
-1.2885 -2.60386
-1.29374 -2.61
-1.29999 -2.61501
-1.30655 -2.61966
-1.31153 -2.6261
-1.3183 -2.63053
-1.324 -2.63616
-1.33002 -2.64141
-1.33642 -2.64626
-1.34162 -2.65244
-1.34808 -2.65722
-1.35441 -2.66214
-1.35992 -2.66798
-1.36594 -2.67325
-1.37203 -2.67843
-1.37761 -2.68419
-1.38342 -2.68969
-1.38978 -2.69458
-1.3954 -2.7003
-1.40148 -2.7055
-1.40804 -2.71016
-1.41314 -2.71645
-1.41955 -2.72128
-1.42593 -2.72615
-1.43098 -2.7325
-1.43692 -2.73786
-1.44285 -2.74322
-1.44911 -2.74823
-1.45505 -2.75358
-1.4608 -2.75915
-1.46787 -2.76324
-1.47277 -2.76976
-1.47921 -2.77456
-1.48473 -2.78038
-1.49083 -2.78556
-1.49741 -2.7902
-1.50378 -2.79507
-1.50961 -2.80056
-1.51446 -2.80713
-1.52115 -2.81165
-1.52666 -2.81749
-1.5325 -2.82295
-1.53878 -2.82794
-1.54432 -2.83373
-1.55093 -2.83834
-1.55689 -2.84367
-1.56332 -2.84848
-1.56929 -2.8538
-1.57474 -2.85971
-1.58078 -2.86495
-1.58703 -2.86997
-1.59232 -2.87605
-1.59808 -2.88161
-1.6045 -2.88642
-1.61019 -2.89206
-1.61655 -2.89695
-1.62219 -2.90264
-1.62826 -2.90785
-1.63434 -2.91305
-1.64104 -2.91756
-1.64604 -2.92397
-1.65225 -2.92902
-1.65835 -2.9342
-1.66501 -2.93875
-1.6704 -2.94472
-1.67569 -2.95081
-1.68187 -2.95589
-1.68814 -2.96088
-1.6943 -2.96599
-1.70057 -2.97097
-1.70578 -2.97715
-1.71274 -2.98136
-1.71776 -2.98775
-1.72395 -2.99283
-1.72946 -2.99866
-1.73603 -3.00331
-1.74206 -3.00857
-1.74735 -3.01466
-1.75364 -3.01962
-1.76011 -3.02438
-1.76641 -3.02934
-1.77132 -3.03585
-1.77714 -3.04133
-1.78349 -3.04623
-1.78998 -3.05098
-1.79614 -3.05608
-1.80101 -3.06264
-1.80781 -3.06703
-1.81306 -3.07316
-1.81994 -3.07746
-1.82589 -3.08281
-1.83169 -3.08833
-1.83695 -3.09445
-1.84339 -3.09924
-1.84981 -3.10405
-1.85547 -3.10972
-1.86096 -3.11558
-1.86718 -3.12063
-1.87266 -3.1265
-1.87977 -3.13055
-1.88469 -3.13705
-1.89182 -3.14106
-1.89734 -3.14689
-1.90309 -3.15247
-1.90885 -3.15802
-1.91508 -3.16306
-1.92057 -3.16891
-1.92671 -3.17405
-1.93355 -3.1784
-1.93833 -3.18505
-1.945 -3.18959
-1.95131 -3.19453
-1.95685 -3.20034
-1.96265 -3.20586
-1.96847 -3.21135
-1.97441 -3.2167
-1.98029 -3.22212
-1.98698 -3.22663
-1.99329 -3.23158
-1.99843 -3.23784
-2.00514 -3.24233
-2.01107 -3.2477
-2.01649 -3.25363
-2.02305 -3.25829
-2.02805 -3.2647
-2.03415 -3.26988
-2.041 -3.27422
-2.04695 -3.27956
-2.05256 -3.28529
-2.05896 -3.29013
-2.06438 -3.29607
-2.07058 -3.30113
-2.07617 -3.30688
-2.08279 -3.31147
-2.08872 -3.31685
-2.09432 -3.32258
-2.09981 -3.32845
-2.10676 -3.33267
-2.11165 -3.33921
-2.11773 -3.3444
-2.12424 -3.34912
-2.13042 -3.35421
-2.13565 -3.36036
-2.13914 -3.36249
-2.13909 -3.36255
-2.13865 -3.36315
-2.13826 -3.36377
-2.1379 -3.36441
-2.13759 -3.36508
-2.13731 -3.36576
-2.13708 -3.36646
-2.13689 -3.36717
-2.13674 -3.36789
-2.13664 -3.36862
-2.13659 -3.36935
-2.13658 -3.37009
-2.13661 -3.37082
-2.13669 -3.37156
-2.13681 -3.37228
-2.13873 -3.38174
-2.13888 -3.38238
-2.13906 -3.38302
-2.13928 -3.38364
-2.13953 -3.38426
-2.15105 -3.41014
-2.15135 -3.41081
-2.15169 -3.41146
-2.15207 -3.41209
-2.15248 -3.41269
-2.15294 -3.41326
-2.15342 -3.41381
-2.15394 -3.41433
-2.15449 -3.41481
-2.15507 -3.41526
-2.15567 -3.41568
-2.1563 -3.41605
-2.15695 -3.41639
-2.15762 -3.41669
-2.20277 -3.43511
-2.20347 -3.43538
-2.20418 -3.43561
-2.2049 -3.43579
-2.20563 -3.43592
-2.20638 -3.43601
-2.20712 -3.43606
-2.20787 -3.43605
-2.20861 -3.436
-2.20935 -3.43591
-2.21008 -3.43577
-2.2108 -3.43558
-2.21151 -3.43535
-2.21221 -3.43507
-2.21288 -3.43476
-2.21354 -3.4344
-2.21417 -3.434
-2.21477 -3.43356
-2.21535 -3.43309
-2.21589 -3.43258
-2.21641 -3.43204
-2.21687 -3.43148
-2.2199 -3.43413
-2.22554 -3.43982
-2.23201 -3.44458
-2.23712 -3.45087
-2.24327 -3.45599
-2.24947 -3.46106
-2.25566 -3.46613
-2.26091 -3.47226
-2.2674 -3.477
-2.2736 -3.48207
-2.27899 -3.48804
-2.28472 -3.49364
-2.29086 -3.49876
-2.29776 -3.50304
-2.30257 -3.50967
-2.30929 -3.51415
-2.31581 -3.51886
-2.32097 -3.52509
-2.32773 -3.52953
-2.33342 -3.53516
-2.33942 -3.54045
-2.34497 -3.54624
-2.35109 -3.5514
-2.3571 -3.55667
-2.363 -3.56207
-2.3694 -3.56692
-2.37471 -3.57298
-2.38118 -3.57775
-2.38661 -3.58367
-2.39306 -3.58846
-2.39837 -3.59452
-2.40415 -3.60005
-2.41022 -3.60527
-2.41688 -3.60981
-2.42299 -3.61498
-2.42842 -3.62091
-2.43472 -3.62587
-2.44028 -3.63165
-2.44628 -3.63693
-2.45239 -3.6421
-2.45787 -3.64797
-2.46494 -3.65206
-2.46972 -3.65872
-2.4763 -3.66336
-2.48202 -3.66896
-2.48883 -3.67334
-2.49368 -3.67991
-2.50027 -3.68455
-2.50587 -3.69028
-2.51202 -3.69541
-2.51845 -3.70021
-2.52443 -3.70553
-2.52969 -3.71165
-2.53657 -3.71594
-2.54177 -3.72213
-2.5476 -3.72761
-2.55409 -3.73235
-2.55991 -3.73784
-2.56619 -3.74282
-2.57243 -3.74784
-2.57771 -3.75393
-2.58367 -3.75927
-2.59004 -3.76414
-2.59556 -3.76996
-2.60224 -3.77449
-2.60743 -3.7807
-2.61308 -3.78638
-2.6197 -3.79097
-2.62624 -3.79565
-2.6318 -3.80143
-2.63701 -3.80761
-2.64336 -3.81251
-2.64987 -3.81723
-2.65508 -3.8234
-2.66199 -3.82767
-2.66802 -3.83293
-2.6736 -3.83869
-2.67888 -3.84478
-2.68518 -3.84974
-2.69149 -3.85468
-2.69719 -3.8603
-2.70327 -3.86551
-2.70866 -3.87147
-2.71464 -3.87679
-2.7213 -3.88133
-2.72737 -3.88654
-2.73334 -3.89187
-2.73906 -3.89747
-2.74494 -3.90289
-2.75048 -3.9087
-2.75635 -3.91414
-2.76258 -3.91917
-2.76829 -3.92478
-2.77421 -3.93016
-2.78082 -3.93476
-2.78636 -3.94057
-2.79253 -3.94567
-2.79846 -3.95103
-2.80492 -3.95581
-2.81113 -3.96086
-2.81705 -3.96624
-2.82289 -3.97171
-2.82866 -3.97725
-2.83482 -3.98237
-2.84022 -3.98833
-2.84672 -3.99306
-2.85271 -3.99836
-2.85844 -4.00395
-2.86418 -4.00953
-2.87101 -4.01389
-2.87667 -4.01956
-2.88301 -4.02447
-2.88886 -4.02993
-2.8949 -4.03517
-2.89978 -4.04171
-2.90557 -4.04724
-2.91236 -4.05164
-2.91837 -4.05691
-2.92401 -4.06261
-2.93066 -4.06717
-2.93559 -4.07366
-2.94262 -4.07779
-2.94827 -4.08348
-2.95339 -4.08975
-2.95968 -4.09472
-2.96652 -4.09907
-2.972 -4.10494
-2.9777 -4.11057
-2.98384 -4.11569
-2.9897 -4.12114
-2.99534 -4.12684
-3.00161 -4.13182
-3.00835 -4.13629
-3.01407 -4.14189
-3.01978 -4.1475
-3.02566 -4.15292
-3.03166 -4.15821
-3.03756 -4.16361
-3.04351 -4.16895
-3.04954 -4.17421
-3.05544 -4.17962
-3.0617 -4.18461
-3.06756 -4.19006
-3.07395 -4.1949
-3.07982 -4.20034
-3.0855 -4.206
-3.09072 -4.21216
-3.0974 -4.21669
-3.10286 -4.22257
-3.10942 -4.22724
-3.11584 -4.23205
-3.12106 -4.23823
-3.12694 -4.24364
-3.13269 -4.24922
-3.13851 -4.2547
-3.1446 -4.2599
-3.15075 -4.26502
-3.15761 -4.26934
-3.16325 -4.27503
-3.16832 -4.28136
-3.17459 -4.28635
-3.18062 -4.29161
-3.18685 -4.29664
-3.1933 -4.30142
-3.19909 -4.30695
-3.20444 -4.31296
-3.21063 -4.31804
-3.21659 -4.32338
-3.22234 -4.32894
-3.22811 -4.33449
-3.23495 -4.33884
-3.24034 -4.34482
-3.24717 -4.34917
-3.25232 -4.35542
-3.25816 -4.36088
-3.26449 -4.36581
-3.27014 -4.37148
-3.27672 -4.37612
-3.28261 -4.38153
-3.289 -4.38638
-3.29367 -4.39317
-3.30042 -4.39762
-3.30621 -4.40314
-3.31218 -4.40846
-3.31877 -4.41309
-3.32416 -4.41906
-3.32955 -4.42503
-3.33616 -4.42964
-3.34229 -4.43479
-3.34872 -4.43959
-3.35424 -4.44542
-3.35944 -4.4516
-3.36556 -4.45676
-3.37241 -4.46109
-3.3773 -4.46763
-3.3842 -4.47191
-3.3902 -4.4772
-3.39573 -4.48301
-3.40162 -4.48843
-3.40774 -4.49357
-3.41151 -4.49983
-3.4176 -4.50455
-3.42212 -4.51081
-3.42748 -4.51625
-3.43339 -4.52115
-3.43913 -4.52621
-3.44413 -4.532
-3.44912 -4.53779
-3.45426 -4.54344
-3.45942 -4.54907
-3.46577 -4.55355
-3.47075 -4.55935
-3.47525 -4.56562
-3.48096 -4.57072
-3.48644 -4.57604
-3.49103 -4.58222
-3.49648 -4.58757
-3.50293 -4.59194
-3.50815 -4.59747
-3.51338 -4.60319
-3.51896 -4.60852
-3.52467 -4.61372
-3.53009 -4.61923
-3.53643 -4.62377
-3.54207 -4.62904
-3.54732 -4.63473
-3.5532 -4.63975
-3.559 -4.64485
-3.56337 -4.65148
-3.56927 -4.65648
-3.57575 -4.66086
-3.58086 -4.66671
-3.58689 -4.67147
-3.5929 -4.67629
-3.59809 -4.68217
-3.60527 -4.68549
-3.6106 -4.6912
-3.61674 -4.69584
-3.62307 -4.70025
-3.6289 -4.70531
-3.63532 -4.7096
-3.64166 -4.71401
-3.64772 -4.71877
-3.6535 -4.72389
-3.65953 -4.72868
-3.66516 -4.73401
-3.67144 -4.73847
-3.67735 -4.74342
-3.68441 -4.7469
-3.68949 -4.75293
-3.69604 -4.75704
-3.70183 -4.76216
-3.70789 -4.76691
-3.71472 -4.77069
-3.72081 -4.77514
-3.72466 -4.77822
-3.72892 -4.78028
-3.73436 -4.78596
-3.74097 -4.79034
-3.74654 -4.79588
-3.75318 -4.80022
-3.7592 -4.80584
-3.76153 -4.81333
-3.76332 -4.82102
-3.7669 -4.82809
-3.76786 -4.8348
-3.76898 -4.84148
-3.76866 -4.84827
-3.7686 -4.85617
-3.76871 -4.86407
-3.77048 -4.87197
-3.76891 -4.87987
-3.76965 -4.88777
-3.76972 -4.89567
-3.76969 -4.90357
-3.76965 -4.91147
-3.76909 -4.91938
-3.77017 -4.92727
-3.76909 -4.93518
-3.76982 -4.94307
-3.77024 -4.95097
-3.76937 -4.95888
-3.77022 -4.96677
-3.77086 -4.97467
-3.76973 -4.98258
-3.76997 -4.99048
-3.7693 -4.99838
-3.77051 -5.00627
-3.77035 -5.01418
-3.77121 -5.02207
-3.77032 -5.02998
-3.77105 -5.03787
-3.77116 -5.04577
-3.77004 -5.05368
-3.76967 -5.06158
-3.77036 -5.06948
-3.76995 -5.07738
-3.77083 -5.08528
-3.77077 -5.09318
-3.77101 -5.10108
-3.77075 -5.10898
-3.77169 -5.11701
-3.76949 -5.12445
-3.76873 -5.13217
-3.76586 -5.13947
-3.76217 -5.14641
-3.75899 -5.15357
-3.75702 -5.15888
-3.75358 -5.16337
-3.75013 -5.1678
-3.74921 -5.17056
-3.74432 -5.17632
-3.73879 -5.18147
-3.73155 -5.18521
-3.72541 -5.19034
-3.72014 -5.19655
-3.71372 -5.20132
-3.70677 -5.20544
-3.70101 -5.21104
-3.69466 -5.2159
-3.68788 -5.22022
-3.68223 -5.22595
-3.6759 -5.23084
-3.66907 -5.2351
-3.66385 -5.24138
-3.6576 -5.24636
-3.65022 -5.24994
-3.64428 -5.25531
-3.63802 -5.26029
-3.63193 -5.26547
-3.62547 -5.2702
-3.62004 -5.27621
-3.61313 -5.28037
-3.60751 -5.28614
-3.60051 -5.2902
-3.5942 -5.29511
-3.58881 -5.30117
-3.58195 -5.3054
-3.5756 -5.31025
-3.56913 -5.31496
-3.56319 -5.32034
-3.55723 -5.32568
-3.55072 -5.33035
-3.54417 -5.33496
-3.53804 -5.3401
-3.53236 -5.3458
-3.52589 -5.35051
-3.51931 -5.35509
-3.51391 -5.36113
-3.50698 -5.36527
-3.50101 -5.3706
-3.49502 -5.37591
-3.48901 -5.38121
-3.48155 -5.38468
-3.47571 -5.39017
-3.4696 -5.39534
-3.46339 -5.40038
-3.45679 -5.40492
-3.4509 -5.41036
-3.44436 -5.41499
-3.43806 -5.41991
-3.43277 -5.42609
-3.42561 -5.42995
-3.41954 -5.43516
-3.41385 -5.44085
-3.40733 -5.44549
-3.40096 -5.45033
-3.39473 -5.45534
-3.38795 -5.45966
-3.38215 -5.46522
-3.37645 -5.47089
-3.36964 -5.47517
-3.36383 -5.48072
-3.35748 -5.48557
-3.35123 -5.49056
-3.34434 -5.49475
-3.33883 -5.50066
-3.33197 -5.50489
-3.32566 -5.50979
-3.3198 -5.51526
-3.31326 -5.51989
-3.31003 -5.52228
-3.30967 -5.52187
-3.30914 -5.52136
-3.30858 -5.52088
-3.30799 -5.52043
-3.30738 -5.52003
-3.30674 -5.51966
-3.30608 -5.51933
-3.30541 -5.51904
-3.30471 -5.51879
-3.304 -5.51859
-3.30328 -5.51843
-3.30256 -5.51831
-3.30182 -5.51824
-3.28919 -5.51741
-3.28845 -5.51739
-3.28772 -5.51741
-3.28698 -5.51747
-3.28626 -5.51758
-3.28554 -5.51773
-3.28483 -5.51793
-3.28413 -5.51817
-3.28345 -5.51846
-3.25636 -5.53089
-3.2557 -5.5312
-3.25506 -5.53156
-3.25444 -5.53195
-3.24491 -5.53839
-3.24433 -5.53881
-3.24378 -5.53926
-3.24325 -5.53975
-3.24275 -5.54026
-3.24229 -5.5408
-3.24186 -5.54137
-3.24146 -5.54197
-3.2411 -5.54259
-3.24077 -5.54322
-3.24049 -5.54388
-3.22786 -5.57578
-3.22759 -5.57647
-3.22736 -5.57718
-3.22717 -5.5779
-3.22704 -5.57862
-3.22694 -5.57936
-3.22689 -5.5801
-3.22689 -5.58084
-3.22693 -5.58158
-3.22702 -5.58232
-3.22716 -5.58305
-3.22733 -5.58377
-3.22756 -5.58447
-3.22782 -5.58516
-3.22813 -5.58584
-3.22848 -5.58649
-3.22887 -5.58712
-3.22908 -5.58742
-3.22908 -5.58742
-3.22611 -5.59015
-3.21961 -5.59481
-3.21383 -5.60039
-3.20693 -5.60457
-3.20085 -5.60977
-3.19485 -5.61507
-3.18814 -5.61947
-3.18226 -5.62492
-3.17633 -5.6303
-3.17027 -5.63554
-3.16412 -5.64065
-3.15795 -5.64573
-3.15064 -5.64939
-3.14469 -5.65476
-3.13902 -5.66046
-3.13268 -5.66534
-3.1255 -5.66917
-3.11994 -5.67501
-3.11322 -5.67941
-3.10753 -5.6851
-3.10063 -5.68928
-3.09443 -5.69432
-3.08841 -5.69959
-3.08295 -5.70557
-3.07576 -5.70939
-3.06996 -5.71493
-3.06343 -5.71956
-3.05706 -5.7244
-3.05165 -5.73044
-3.04515 -5.73512
-3.03842 -5.7395
-3.03244 -5.74483
-3.02664 -5.75038
-3.01939 -5.75411
-3.0139 -5.76005
-3.00679 -5.76396
-3.00124 -5.76983
-2.99465 -5.77438
-2.98899 -5.7801
-2.98208 -5.78426
-2.97656 -5.79017
-2.97018 -5.79499
-2.96389 -5.79993
-2.9578 -5.80511
-2.95079 -5.80915
-2.94435 -5.81391
-2.93808 -5.81886
-2.93305 -5.82537
-2.92681 -5.83038
-2.91993 -5.83458
-2.91366 -5.83953
-2.90778 -5.84499
-2.90181 -5.85032
-2.89548 -5.8553
-2.88955 -5.85811
-2.8885 -5.85785
-2.88156 -5.86181
-2.87466 -5.86585
-2.86737 -5.86914
-2.86065 -5.87354
-2.85373 -5.87755
-2.84603 -5.88002
-2.83886 -5.88354
-2.83154 -5.88675
-2.82486 -5.89122
-2.81784 -5.89503
-2.81051 -5.89824
-2.80355 -5.90217
-2.79594 -5.90482
-2.78949 -5.90975
-2.78171 -5.91205
-2.775 -5.91648
-2.76804 -5.92041
-2.76036 -5.92292
-2.75407 -5.92817
-2.74651 -5.93092
-2.73923 -5.93421
-2.73267 -5.93893
-2.72499 -5.94143
-2.71813 -5.94556
-2.71122 -5.94958
-2.70388 -5.95276
-2.69668 -5.95623
-2.68942 -5.95956
-2.68255 -5.96366
-2.67561 -5.96763
-2.66822 -5.9707
-2.66135 -5.97483
-2.65409 -5.97815
-2.647 -5.98183
-2.63992 -5.98551
-2.63241 -5.98836
-2.62517 -5.99174
-2.61819 -5.99563
-2.61092 -5.99893
-2.60365 -6.00226
-2.59727 -6.00733
-2.58996 -6.01058
-2.58279 -6.01409
-2.57548 -6.01732
-2.56817 -6.02056
-2.56105 -6.02418
-2.5538 -6.02753
-2.54738 -6.03251
-2.54037 -6.03636
-2.53248 -6.03845
-2.52584 -6.043
-2.51842 -6.04603
-2.51127 -6.04958
-2.50442 -6.05373
-2.49704 -6.05683
-2.49041 -6.06141
-2.48307 -6.06459
-2.47611 -6.06851
-2.46849 -6.07115
-2.46154 -6.0751
-2.45477 -6.07939
-2.44772 -6.08315
-2.44017 -6.0859
-2.43338 -6.09018
-2.42568 -6.09265
-2.41912 -6.09737
-2.41166 -6.1003
-2.4045 -6.10384
-2.39767 -6.10801
-2.39018 -6.1109
