2.0524 -6.1184
2.05598 -6.11685
2.06399 -6.11356
2.06779 -6.11195
2.07196 -6.11018
2.07999 -6.10692
2.08711 -6.10407
2.088 -6.10361
2.09602 -6.10035
2.10401 -6.09701
2.10637 -6.09603
2.11203 -6.09374
2.12001 -6.09036
2.12563 -6.08801
2.12798 -6.08697
2.13601 -6.08372
2.14399 -6.08035
2.14493 -6.08008
2.15197 -6.07697
2.16001 -6.07376
2.16419 -6.07205
2.16799 -6.07038
2.17599 -6.06706
2.18347 -6.06409
2.18401 -6.06379
2.19201 -6.06046
2.20002 -6.05717
2.20272 -6.05603
2.20803 -6.05388
2.21603 -6.05056
2.22194 -6.04792
2.22399 -6.04714
2.23201 -6.04386
2.24002 -6.04057
2.24127 -6.04006
2.24803 -6.03726
2.25599 -6.03385
2.26052 -6.03202
2.26404 -6.03064
2.27201 -6.02726
2.2798 -6.02403
2.28003 -6.02399
2.28803 -6.02067
2.29603 -6.01735
2.29906 -6.01601
2.30398 -6.01389
2.31198 -6.01059
2.31836 -6.00809
2.32002 -6.00734
2.32803 -6.00406
2.33601 -6.00068
2.33761 -6.00003
2.34399 -5.99731
2.35204 -5.99411
2.35686 -5.99199
2.36 -5.99069
2.36801 -5.98741
2.37601 -5.98408
2.37612 -5.98396
2.38402 -5.9808
2.39198 -5.97736
2.39537 -5.97592
2.40003 -5.97416
2.408 -5.97077
2.41464 -5.96792
2.41599 -5.96744
2.42402 -5.96417
2.43201 -5.96082
2.43394 -5.95999
2.43998 -5.95745
2.44797 -5.95409
2.45321 -5.95199
2.45602 -5.9509
2.46398 -5.94747
2.47199 -5.94419
2.47251 -5.94407
2.47999 -5.94085
2.48802 -5.9376
2.49172 -5.93591
2.49599 -5.93421
2.50397 -5.93085
2.51102 -5.92799
2.51199 -5.92757
2.52003 -5.92436
2.52801 -5.92097
2.53031 -5.92003
2.53601 -5.91766
2.54402 -5.91436
2.54955 -5.91197
2.55203 -5.91105
2.55997 -5.9076
2.56796 -5.90426
2.56887 -5.90409
2.57598 -5.90097
2.58396 -5.89761
2.5881 -5.89598
2.59204 -5.89447
2.60003 -5.89114
2.60738 -5.888
2.60797 -5.88767
2.61601 -5.88443
2.62403 -5.88118
2.62665 -5.88
2.63202 -5.87781
2.63997 -5.87438
2.64591 -5.87198
2.64803 -5.87122
2.656 -5.86782
2.66398 -5.86444
2.66516 -5.86392
2.67204 -5.86126
2.67999 -5.85782
2.68444 -5.85596
2.68803 -5.85461
2.69598 -5.85117
2.70374 -5.84803
2.70401 -5.84792
2.71199 -5.84454
2.72 -5.84125
2.72296 -5.83992
2.72797 -5.83785
2.736 -5.8346
2.74228 -5.83203
2.74397 -5.83121
2.74576 -5.83056
2.74901 -5.82846
2.75103 -5.82705
2.75201 -5.82611
2.75425 -5.82394
2.75999 -5.81878
2.763 -5.81594
2.76801 -5.81148
2.77183 -5.80803
2.776 -5.80416
2.7806 -5.80006
2.78398 -5.79683
2.78933 -5.79203
2.79203 -5.78956
2.79799 -5.78394
2.80004 -5.78226
2.8068 -5.77601
2.80795 -5.77485
2.81558 -5.76804
2.816 -5.76758
2.82402 -5.76029
2.82427 -5.75998
2.83199 -5.75294
2.83299 -5.75194
2.83998 -5.74561
2.84182 -5.74404
2.84794 -5.73826
2.85055 -5.73601
2.85598 -5.73099
2.85922 -5.72793
2.86395 -5.72364
2.86798 -5.71994
2.87205 -5.71643
2.8768 -5.71202
2.88001 -5.70907
2.88549 -5.70395
2.88798 -5.70173
2.89434 -5.69606
2.89604 -5.69448
2.90302 -5.68798
2.90398 -5.68709
2.91178 -5.68
2.91198 -5.67978
2.92006 -5.67256
2.92051 -5.67198
2.92794 -5.66511
2.92929 -5.66401
2.93604 -5.6579
2.93797 -5.65593
2.94404 -5.65059
2.94681 -5.64804
2.95195 -5.64317
2.95546 -5.63993
2.95994 -5.63584
2.96425 -5.63197
2.96804 -5.62863
2.97306 -5.62404
2.97605 -5.62133
2.98172 -5.61594
2.98406 -5.61403
2.99059 -5.60807
2.99205 -5.6067
2.99923 -5.59995
2.99996 -5.59929
3.00795 -5.59196
3.00808 -5.59207
3.01595 -5.58464
3.01682 -5.58405
3.02401 -5.5774
3.02553 -5.57601
3.03203 -5.5701
3.03422 -5.56795
3.03995 -5.5627
3.04307 -5.56005
3.04806 -5.55551
3.05182 -5.55206
3.05602 -5.54815
3.06047 -5.54396
3.06398 -5.54079
3.06924 -5.53597
3.07196 -5.53345
3.078 -5.52799
3.08002 -5.5262
3.0867 -5.51994
3.08803 -5.5189
3.09554 -5.51203
3.09598 -5.51153
3.10399 -5.50422
3.10424 -5.50398
3.11197 -5.49689
3.11298 -5.49597
3.12001 -5.48962
3.12175 -5.48799
3.12801 -5.4823
3.13057 -5.48007
3.13605 -5.47503
3.13928 -5.47203
3.14402 -5.46768
3.14794 -5.46393
3.15201 -5.46035
3.15675 -5.456
3.16005 -5.45308
3.16549 -5.44799
3.16802 -5.44573
3.17421 -5.43996
3.17605 -5.43845
3.18301 -5.43201
3.18405 -5.43114
3.19179 -5.42404
3.19193 -5.4237
3.19994 -5.41639
3.20046 -5.41596
3.20806 -5.4092
3.20923 -5.40798
3.21601 -5.40184
3.21805 -5.40006
3.22406 -5.39458
3.22668 -5.39193
3.23202 -5.38722
3.23544 -5.38394
3.24 -5.37987
3.24421 -5.37597
3.248 -5.37256
3.25302 -5.36804
3.25601 -5.36526
3.26174 -5.36
3.264 -5.35793
3.27055 -5.35207
3.272 -5.35061
3.27925 -5.34402
3.27998 -5.34327
3.28803 -5.33606
3.28803 -5.33602
3.29599 -5.32866
3.29672 -5.32799
3.30406 -5.32142
3.30542 -5.31993
3.31201 -5.31405
3.31421 -5.31197
3.31994 -5.30666
3.32304 -5.30407
3.32801 -5.29942
3.33176 -5.29604
3.33594 -5.29202
3.34046 -5.28798
3.34395 -5.28472
3.34925 -5.28003
3.35201 -5.27747
3.35802 -5.27205
3.36003 -5.27019
3.36678 -5.26407
3.36795 -5.26278
3.37546 -5.25598
3.37601 -5.25553
3.384 -5.24821
3.38422 -5.248
3.39196 -5.24084
3.39302 -5.24005
3.40004 -5.23362
3.40169 -5.23197
3.40797 -5.22622
3.41049 -5.22402
3.41601 -5.21895
3.41922 -5.216
3.42402 -5.21165
3.42803 -5.20807
3.43202 -5.20433
3.43671 -5.2
3.43999 -5.19699
3.44545 -5.19199
3.44798 -5.18966
3.4542 -5.18399
3.45593 -5.18229
3.46298 -5.17602
3.46406 -5.17511
3.47172 -5.16801
3.47205 -5.16779
3.48001 -5.16044
3.48044 -5.15998
3.48676 -5.1542
3.48794 -5.15265
3.48854 -5.15198
3.49491 -5.14394
3.49597 -5.14271
3.49777 -5.1405
3.50108 -5.13602
3.50395 -5.13189
3.50691 -5.12805
3.50783 -5.12679
3.51192 -5.12002
3.51209 -5.12003
3.51721 -5.11204
3.51896 -5.10905
3.51994 -5.10731
3.52049 -5.1063
3.52182 -5.10404
3.52572 -5.09598
3.5258 -5.09587
3.52766 -5.08799
3.52767 -5.08781
3.5277 -5.08
3.52764 -5.072
3.52773 -5.064
3.52769 -5.056
3.5277 -5.048
3.52767 -5.04
3.52765 -5.032
3.52758 -5.024
3.52757 -5.016
3.52751 -5.008
3.52742 -5
3.5274 -4.992
3.52738 -4.984
3.52733 -4.976
3.52742 -4.968
3.52726 -4.96
3.52727 -4.952
3.52717 -4.944
3.52714 -4.936
3.52716 -4.928
3.52718 -4.92
3.52711 -4.912
3.52709 -4.904
3.52705 -4.896
3.5271 -4.888
3.52704 -4.88
3.52707 -4.872
3.52693 -4.864
3.52692 -4.856
3.52685 -4.848
3.52687 -4.84474
3.5251 -4.84052
3.5248 -4.84003
3.51995 -4.83314
3.51975 -4.8328
3.51912 -4.83204
3.51819 -4.83057
3.51269 -4.82401
3.51205 -4.82311
3.50651 -4.81655
3.50613 -4.816
3.50395 -4.81362
3.49909 -4.808
3.49634 -4.80492
3.49598 -4.80454
3.49172 -4.80007
3.488 -4.79593
3.48546 -4.79319
3.4842 -4.79193
3.47995 -4.78825
3.4755 -4.78393
3.472 -4.78085
3.46667 -4.77605
3.46405 -4.77346
3.45804 -4.76796
3.45597 -4.7662
3.44929 -4.75999
3.44794 -4.75888
3.44061 -4.75197
3.43999 -4.75148
3.43204 -4.74408
3.43189 -4.74397
3.42398 -4.7368
3.42309 -4.73607
3.41595 -4.72949
3.41443 -4.72801
3.40794 -4.72215
3.40575 -4.71998
3.40004 -4.7147
3.39699 -4.71202
3.39204 -4.70736
3.38833 -4.70396
3.38399 -4.70007
3.3796 -4.69598
3.37595 -4.69277
3.37093 -4.68794
3.36799 -4.68538
3.36211 -4.68005
3.35998 -4.67804
3.35341 -4.67203
3.35196 -4.67071
3.34473 -4.664
3.34396 -4.66338
3.33601 -4.656
3.33603 -4.65595
3.32796 -4.64868
3.32724 -4.64807
3.31996 -4.64134
3.31862 -4.63997
3.31203 -4.63391
3.30991 -4.63197
3.30405 -4.62655
3.30122 -4.62394
3.29603 -4.61923
3.29244 -4.61601
3.28794 -4.61198
3.28376 -4.60798
3.27996 -4.60461
3.27496 -4.60007
3.27206 -4.59716
3.26628 -4.59203
3.26396 -4.58992
3.2576 -4.584
3.25597 -4.58257
3.24889 -4.57599
3.24801 -4.57518
3.24023 -4.56793
3.24004 -4.5678
3.23195 -4.56056
3.23146 -4.55999
3.22405 -4.5531
3.22269 -4.55206
3.216 -4.54581
3.21399 -4.54405
3.20804 -4.53842
3.20535 -4.53597
3.19999 -4.53113
3.19661 -4.52799
3.19206 -4.5237
3.18789 -4.52
3.18393 -4.5165
3.17915 -4.51203
3.17597 -4.50911
3.17045 -4.50401
3.16799 -4.50175
3.1617 -4.49605
3.16005 -4.49434
3.15307 -4.48796
3.15205 -4.48699
3.14435 -4.47997
3.14394 -4.47977
3.13605 -4.4723
3.13562 -4.47199
3.12797 -4.46504
3.12689 -4.46401
3.12006 -4.4576
3.11818 -4.45601
3.11198 -4.45034
3.10953 -4.44793
3.10401 -4.44297
3.1007 -4.44006
3.09598 -4.43565
3.09201 -4.43203
3.08803 -4.42825
3.08338 -4.42394
3.07994 -4.42101
3.07467 -4.41594
3.07207 -4.41353
3.06591 -4.40799
3.06396 -4.4063
3.05715 -4.40004
3.05595 -4.39896
3.04852 -4.39195
3.04804 -4.39152
3.03998 -4.38424
3.0398 -4.38396
3.03204 -4.37682
3.03103 -4.37603
3.02405 -4.36947
3.02234 -4.368
3.01602 -4.36216
3.01369 -4.35993
3.00799 -4.35484
3.00487 -4.35205
3.00004 -4.34744
2.99621 -4.34398
2.99196 -4.34019
2.98752 -4.33596
2.98404 -4.33276
2.9788 -4.32797
2.97595 -4.32551
2.97005 -4.32001
2.96798 -4.31813
2.96138 -4.31196
2.96 -4.31077
2.95265 -4.30398
2.95196 -4.30347
2.94395 -4.29613
2.94397 -4.29594
2.93602 -4.2887
2.93518 -4.28803
2.92806 -4.28132
2.92654 -4.27995
2.92004 -4.27399
2.91785 -4.27193
2.912 -4.2667
2.90908 -4.26398
2.90405 -4.2593
2.9003 -4.25606
2.89601 -4.25199
2.89168 -4.24796
2.88805 -4.2446
2.88293 -4.23999
2.87998 -4.23734
2.87423 -4.23198
2.87194 -4.23004
2.86544 -4.22407
2.86407 -4.22255
2.85683 -4.21596
2.85604 -4.21524
2.84807 -4.208
2.84794 -4.208
2.84006 -4.20052
2.83938 -4.19998
2.83197 -4.19327
2.83063 -4.19202
2.82405 -4.18585
2.82193 -4.184
2.81599 -4.17856
2.81328 -4.17594
2.808 -4.17121
2.80455 -4.16795
2.80006 -4.1638
2.79582 -4.15997
2.79203 -4.15648
2.78704 -4.15204
2.78405 -4.14912
2.77834 -4.14403
2.77601 -4.14182
2.76968 -4.13597
2.76797 -4.13452
2.76094 -4.128
2.75994 -4.12721
2.75221 -4.12002
2.75197 -4.11983
2.74404 -4.1124
2.74357 -4.11194
2.736 -4.1051
2.73481 -4.10399
2.72795 -4.09781
2.72604 -4.09604
2.72006 -4.09035
2.71732 -4.08805
2.71194 -4.08314
2.70865 -4.08001
2.70395 -4.07577
2.69994 -4.072
2.69599 -4.06839
2.69125 -4.06399
2.68794 -4.06109
2.68247 -4.05605
2.67996 -4.05373
2.67376 -4.04805
2.67195 -4.0464
2.66514 -4.03995
2.66405 -4.03894
2.65632 -4.03206
2.65603 -4.03162
2.64806 -4.02425
2.64763 -4.02404
2.64 -4.01696
2.63889 -4.01607
2.63206 -4.00956
2.6302 -4.00805
2.62398 -4.00229
2.62149 -4.00003
2.61601 -3.99492
2.61282 -3.99199
2.60794 -3.98765
2.60414 -3.98396
2.60001 -3.98022
2.59534 -3.97605
2.59206 -3.97283
2.58672 -3.96794
2.58394 -3.96561
2.57796 -3.96
2.57605 -3.95815
2.56925 -3.952
2.56796 -3.95089
2.56053 -3.944
2.56001 -3.9435
2.55205 -3.93611
2.55178 -3.93604
2.544 -3.92882
2.54317 -3.92793
2.53594 -3.92154
2.53446 -3.91993
2.52804 -3.91409
2.52573 -3.91194
2.52001 -3.90677
2.51703 -3.90393
2.51199 -3.89945
2.50821 -3.89605
2.50397 -3.89213
2.49953 -3.888
2.49598 -3.88477
2.49085 -3.87997
2.48806 -3.87735
2.48213 -3.87198
2.48005 -3.87
2.47345 -3.86394
2.47195 -3.86277
2.46466 -3.85603
2.46397 -3.8554
2.45601 -3.84802
2.45602 -3.84795
2.44805 -3.84063
2.44726 -3.84
2.44003 -3.83331
2.43853 -3.83202
2.43207 -3.82592
2.42984 -3.82399
2.42405 -3.81859
2.42116 -3.81596
2.41597 -3.81134
2.41238 -3.80803
2.40803 -3.80393
2.40369 -3.8
2.40004 -3.79657
2.395 -3.79198
2.39202 -3.78925
2.38625 -3.78401
2.38403 -3.78189
2.37749 -3.77607
2.37598 -3.77459
2.36879 -3.76805
2.36802 -3.76721
2.36013 -3.75999
2.36002 -3.75986
2.35202 -3.75252
2.35145 -3.75196
2.34398 -3.74522
2.34273 -3.74396
2.33601 -3.73784
2.33397 -3.73601
2.32797 -3.73053
2.32532 -3.72795
2.32 -3.72316
2.31661 -3.71995
2.31207 -3.71574
2.30788 -3.71197
2.30396 -3.70852
2.29916 -3.70397
2.29606 -3.70106
2.2904 -3.69602
2.28796 -3.69382
2.28171 -3.688
2.27994 -3.6865
2.273 -3.67999
2.27204 -3.67905
2.26421 -3.67207
2.26394 -3.67181
2.25595 -3.66445
2.25551 -3.66406
2.24796 -3.6571
2.24685 -3.656
2.23995 -3.64977
2.2382 -3.64794
2.23205 -3.64231
2.22947 -3.63995
2.224 -3.63502
2.22069 -3.63203
2.21595 -3.62773
2.21196 -3.62404
2.20799 -3.62034
2.2033 -3.61599
2.2 -3.61298
2.19455 -3.60803
2.19194 -3.6057
2.1859 -3.59996
2.18405 -3.59824
2.17708 -3.59207
2.17603 -3.59092
2.16845 -3.58398
2.16803 -3.58357
2.15995 -3.57631
2.15973 -3.57599
2.15194 -3.56897
2.15105 -3.56795
2.14404 -3.56153
2.14226 -3.56004
2.13602 -3.5542
2.13363 -3.55195
2.12796 -3.54692
2.12481 -3.54407
2.12002 -3.53951
2.11616 -3.53599
2.11196 -3.53223
2.10745 -3.52799
2.10394 -3.52491
2.09867 -3.52006
2.09604 -3.51745
2.09003 -3.51198
2.08797 -3.51018
2.08126 -3.50405
2.07996 -3.50285
2.07252 -3.49607
2.07195 -3.49551
2.06397 -3.48814
2.06385 -3.48803
2.05597 -3.4808
2.05516 -3.48
2.04796 -3.47347
2.04646 -3.47198
2.03997 -3.46612
2.0377 -3.46403
2.03196 -3.45878
2.02902 -3.45601
2.02404 -3.45135
2.02027 -3.44804
2.01593 -3.44412
2.01165 -3.43994
2.00793 -3.43677
2.00288 -3.432
2.00005 -3.4293
1.99414 -3.42403
1.99194 -3.42208
1.98551 -3.41593
1.98402 -3.41464
1.97673 -3.40801
1.97606 -3.40726
1.96796 -3.40007
1.96806 -3.39991
1.96006 -3.39257
1.95929 -3.39203
1.95203 -3.38525
1.9506 -3.384
1.94397 -3.37798
1.94192 -3.37597
1.93605 -3.37054
1.93322 -3.36795
1.92797 -3.36328
1.92451 -3.35995
1.92 -3.3559
1.91571 -3.35204
1.91201 -3.34854
1.90701 -3.34403
1.90405 -3.34116
1.89833 -3.33599
1.89605 -3.33382
1.88956 -3.32805
1.88797 -3.32656
1.88094 -3.31995
1.87999 -3.31919
1.87217 -3.31202
1.872 -3.31183
1.86398 -3.30452
1.86347 -3.304
1.85599 -3.29716
1.85474 -3.29601
1.84797 -3.28984
1.84602 -3.28803
1.84002 -3.28243
1.83737 -3.27995
1.83198 -3.27513
1.82862 -3.27199
1.82406 -3.2677
1.81986 -3.26405
1.81602 -3.2604
1.8112 -3.25599
1.80804 -3.25303
1.80247 -3.248
1.79997 -3.24576
1.79371 -3.24006
1.79198 -3.2384
1.7851 -3.23195
1.78397 -3.23107
1.77635 -3.22398
1.77607 -3.22362
1.76802 -3.21632
1.76764 -3.21597
1.75996 -3.20905
1.75893 -3.20797
1.75197 -3.20169
1.75016 -3.20004
1.74396 -3.19435
1.74154 -3.19194
1.73604 -3.18692
1.73273 -3.18405
1.72797 -3.17966
1.72408 -3.17597
1.71997 -3.17231
1.71538 -3.16796
1.71195 -3.16499
1.70664 -3.15998
1.70399 -3.1576
1.69787 -3.15205
1.69597 -3.15028
1.68914 -3.14406
1.68795 -3.14295
1.68055 -3.13594
1.68001 -3.13554
1.67203 -3.12817
1.67179 -3.12798
1.66395 -3.12092
1.663 -3.12006
1.65596 -3.11356
1.6544 -3.11194
1.64801 -3.10616
1.64558 -3.10406
1.64003 -3.09879
1.63689 -3.09603
1.63204 -3.09144
1.62827 -3.08794
1.62407 -3.08406
1.61956 -3.07993
1.61602 -3.07677
1.61072 -3.07207
1.608 -3.06944
1.60205 -3.06402
1.60005 -3.06204
1.59333 -3.05603
1.59206 -3.05469
1.58463 -3.04801
1.58405 -3.04735
1.57597 -3.0401
1.57588 -3.04005
1.56793 -3.03279
1.56715 -3.03207
1.55998 -3.0254
1.55854 -3.02395
1.55195 -3.01809
1.54974 -3.01605
1.54398 -3.01071
1.54104 -3.00804
1.53599 -3.00335
1.53241 -2.99995
1.52799 -2.99601
1.52369 -2.99195
1.52006 -2.98858
1.51496 -2.98397
1.512 -2.9813
1.50619 -2.97604
1.50398 -2.97399
1.49745 -2.96806
1.49603 -2.96659
1.48874 -2.96006
1.48795 -2.95932
1.48012 -2.95196
1.48007 -2.95185
1.47199 -2.94459
1.47142 -2.94394
1.46403 -2.9372
1.46265 -2.936
1.45598 -2.92991
1.45389 -2.92806
1.44799 -2.92256
1.44519 -2.92004
1.44001 -2.91518
1.43645 -2.91207
1.43204 -2.90781
1.42786 -2.90394
1.42395 -2.90057
1.4191 -2.89599
1.41597 -2.89319
1.41036 -2.88801
1.408 -2.88582
1.40167 -2.87999
1.40002 -2.87845
1.39292 -2.87203
1.39197 -2.87116
1.38424 -2.86399
1.38398 -2.8638
1.37604 -2.85639
1.37546 -2.85607
1.36798 -2.84912
1.36678 -2.84804
1.36006 -2.84168
1.3581 -2.83999
1.35205 -2.83435
1.3494 -2.83198
1.34402 -2.82704
1.34072 -2.82394
1.33603 -2.81968
1.33191 -2.81605
1.32805 -2.81232
1.32327 -2.80797
1.32003 -2.80499
1.31452 -2.80001
1.31201 -2.79767
1.30581 -2.792
1.304 -2.79034
1.29716 -2.78394
1.29601 -2.78297
1.28841 -2.77598
1.28795 -2.7757
1.28005 -2.76824
1.27967 -2.76801
1.272 -2.76095
1.27091 -2.76006
1.26399 -2.75362
1.26227 -2.75198
1.25606 -2.7462
1.25359 -2.74394
1.248 -2.73892
1.24489 -2.73593
1.23998 -2.7316
1.23617 -2.72793
1.23195 -2.72428
1.22733 -2.72007
1.22401 -2.71687
1.2187 -2.71198
1.21605 -2.70948
1.21002 -2.70395
1.20795 -2.70224
1.20124 -2.69602
1.19994 -2.69491
1.19249 -2.68806
1.19203 -2.68747
1.18404 -2.68011
1.18384 -2.67999
1.17595 -2.67286
1.17517 -2.67194
1.16803 -2.66544
1.16643 -2.66397
1.16003 -2.65808
1.15768 -2.65601
1.15199 -2.65079
1.14898 -2.648
1.14406 -2.64337
1.14024 -2.64002
1.13595 -2.63615
1.13152 -2.63203
1.12796 -2.62879
1.12282 -2.62402
1.12001 -2.62139
1.11408 -2.61605
1.112 -2.61405
1.10537 -2.60805
1.10395 -2.60676
1.09667 -2.60003
1.09602 -2.59934
1.08803 -2.59198
1.08805 -2.59193
1.07997 -2.5847
1.07931 -2.58395
1.07198 -2.57735
1.0705 -2.57606
1.06398 -2.57
1.0619 -2.56794
1.05601 -2.56262
1.05316 -2.55996
1.04795 -2.55535
1.04445 -2.55197
1.04005 -2.54789
1.03571 -2.54399
1.03207 -2.54053
1.02701 -2.53598
1.02397 -2.53329
1.01834 -2.52794
1.01599 -2.52592
1.00956 -2.52001
1.00795 -2.51862
1.00082 -2.51203
1.00003 -2.51118
0.99218 -2.50395
0.991984 -2.50389
0.983966 -2.49657
0.983417 -2.49601
0.976048 -2.48913
0.974765 -2.48794
0.968024 -2.48181
0.965968 -2.48003
0.960045 -2.47445
0.957268 -2.47202
0.952003 -2.46715
0.948568 -2.464
0.944027 -2.45978
0.939873 -2.45598
0.936019 -2.45244
0.931147 -2.448
0.927992 -2.44512
0.922368 -2.44007
0.920019 -2.43775
0.913661 -2.43206
0.911939 -2.43049
0.905007 -2.424
0.903981 -2.4231
0.896231 -2.41606
0.896047 -2.41568
0.888061 -2.40832
0.887514 -2.40807
0.880004 -2.40104
0.878872 -2.39999
0.871992 -2.39371
0.870156 -2.39199
0.86401 -2.38634
0.861451 -2.38398
0.855968 -2.37904
0.852699 -2.37603
0.848045 -2.37161
0.843961 -2.36805
0.839982 -2.36434
0.835315 -2.35998
0.832057 -2.35691
0.826611 -2.35197
0.82399 -2.34964
0.817806 -2.34407
0.815999 -2.34228
0.80913 -2.33603
0.808002 -2.33494
0.800434 -2.32801
0.80004 -2.32755
0.791951 -2.3203
0.791692 -2.32004
0.784018 -2.31288
0.782985 -2.31203
0.775985 -2.30557
0.774301 -2.304
0.768026 -2.29818
0.765543 -2.29605
0.760055 -2.29081
0.756875 -2.288
0.751996 -2.28353
0.748173 -2.27999
0.744058 -2.27611
0.739454 -2.272
0.736053 -2.26877
0.730752 -2.26398
0.728013 -2.26147
0.721985 -2.25604
0.720018 -2.25412
0.713249 -2.24807
0.711958 -2.24684
0.704584 -2.24001
0.704024 -2.23943
0.700238 -2.23589
0.695948 -2.2324
0.695722 -2.23222
0.695556 -2.23205
0.687971 -2.22572
0.685977 -2.224
0.68005 -2.21897
0.676297 -2.21607
0.67196 -2.21243
0.666765 -2.20795
0.664011 -2.20572
0.65711 -2.19999
0.656059 -2.19901
0.647945 -2.1925
0.647449 -2.19203
0.640048 -2.18573
0.637903 -2.18394
0.631973 -2.17917
0.628194 -2.17604
0.624036 -2.17244
0.618627 -2.16797
0.616049 -2.16578
0.608925 -2.16006
0.607941 -2.15926
0.600004 -2.15253
0.599397 -2.15195
0.591996 -2.14589
0.589702 -2.14403
0.584004 -2.13923
0.580098 -2.13601
0.57605 -2.13253
0.570495 -2.12798
0.567983 -2.12596
0.560873 -2.11998
0.559975 -2.11932
0.552024 -2.11261
0.55128 -2.11194
0.543954 -2.10605
0.541558 -2.10406
0.536015 -2.09932
0.532016 -2.09596
0.527955 -2.09275
0.522317 -2.08805
0.520038 -2.086
0.512701 -2.08004
0.511952 -2.07945
0.504053 -2.07268
0.503074 -2.07204
0.495976 -2.06612
0.493497 -2.06398
0.487952 -2.0595
0.48382 -2.05604
0.47996 -2.05284
0.474224 -2.04801
0.47201 -2.04613
0.464618 -2.03999
0.464 -2.0395
0.456047 -2.03279
0.454995 -2.03198
0.448049 -2.02614
0.445405 -2.02394
0.440059 -2.01948
0.435784 -2.01594
0.432056 -2.01283
0.426131 -2.00797
0.424062 -2.00617
0.416538 -1.99993
0.415937 -1.99967
0.408001 -1.99295
0.406858 -1.992
0.399976 -1.98633
0.397252 -1.98398
0.392056 -1.97958
0.38756 -1.97606
0.384037 -1.97296
0.378034 -1.96794
0.376056 -1.96628
0.368382 -1.95997
0.367958 -1.95975
0.360047 -1.953
0.358722 -1.95202
0.352026 -1.94637
0.349092 -1.94402
0.344037 -1.93971
0.339503 -1.93598
0.335947 -1.93317
0.329847 -1.92802
0.327962 -1.9265
0.320264 -1.91997
0.319965 -1.91985
0.311983 -1.91317
0.310666 -1.91193
0.303945 -1.90657
0.300951 -1.90404
0.296009 -1.89984
0.291338 -1.89603
0.287998 -1.89321
0.281797 -1.88793
0.280051 -1.88649
0.272144 -1.87996
0.271989 -1.87992
0.264032 -1.87322
0.262549 -1.87193
0.256055 -1.86654
0.252856 -1.86401
0.248049 -1.8599
0.243278 -1.85595
0.239953 -1.85336
0.233585 -1.84803
0.23203 -1.84662
0.224017 -1.83999
0.223989 -1.84
0.216028 -1.83333
0.214375 -1.83199
0.208008 -1.8267
0.204749 -1.82399
0.200044 -1.82001
0.195108 -1.81601
0.191988 -1.81343
0.185436 -1.80806
0.183962 -1.80681
0.175938 -1.80019
0.175898 -1.79996
0.167967 -1.7935
0.166179 -1.79207
0.159991 -1.78682
0.156608 -1.78401
0.152013 -1.78015
0.147027 -1.77596
0.144043 -1.77346
0.137391 -1.76797
0.136049 -1.76681
0.128055 -1.76015
0.127784 -1.75995
0.120026 -1.75353
0.118113 -1.752
0.112017 -1.7469
0.108491 -1.744
0.104014 -1.74025
0.0989249 -1.73593
0.0959703 -1.73365
0.0891909 -1.72806
0.0880247 -1.72694
0.0799602 -1.72037
0.0796113 -1.72001
0.071995 -1.71367
0.0700146 -1.71197
0.0639608 -1.70707
0.0603881 -1.70398
0.0560571 -1.7003
0.0506957 -1.69606
0.0480356 -1.69368
0.0410844 -1.68804
0.0399556 -1.68712
0.0319461 -1.68049
0.0315296 -1.67996
0.0240252 -1.67374
0.0218319 -1.67205
0.0159427 -1.66719
0.0122451 -1.664
0.00793891 -1.66055
0.00256818 -1.65606
-7.03811e-06 -1.65383
-0.00694141 -1.64792
-0.0079949 -1.64717
-0.0160389 -1.64057
-0.0165673 -1.63993
-0.0240375 -1.63392
-0.026288 -1.63204
-0.0320035 -1.62723
-0.03594 -1.62407
-0.0400402 -1.62062
-0.0423515 -1.61866
-0.048 -1.61867
-0.056 -1.61853
-0.064 -1.61869
-0.072 -1.61859
-0.08 -1.61857
-0.088 -1.61857
-0.096 -1.61871
-0.104 -1.61867
-0.112 -1.61858
-0.12 -1.61868
-0.128 -1.61859
-0.136 -1.61868
-0.144 -1.61868
-0.152 -1.61871
-0.16 -1.61854
-0.16637 -1.61857
-0.167963 -1.61998
-0.173138 -1.62402
-0.17606 -1.62616
-0.183308 -1.632
-0.184046 -1.63249
-0.192045 -1.63879
-0.193418 -1.64005
-0.2 -1.64515
-0.203583 -1.64804
-0.207995 -1.65147
-0.213707 -1.65607
-0.215953 -1.65782
-0.22391 -1.66401
-0.224037 -1.66402
-0.232004 -1.67037
-0.234102 -1.67195
-0.240027 -1.67664
-0.24427 -1.67993
-0.248045 -1.68292
-0.254329 -1.68805
-0.25602 -1.68926
-0.264061 -1.69551
-0.264501 -1.69603
-0.271998 -1.7019
-0.274681 -1.70399
-0.279955 -1.70826
-0.284789 -1.71204
-0.288041 -1.71445
-0.294947 -1.72004
-0.295965 -1.72085
-0.303985 -1.72713
-0.305182 -1.72793
-0.31201 -1.7334
-0.315242 -1.73605
-0.319983 -1.73974
-0.325422 -1.74401
-0.328004 -1.74602
-0.335551 -1.75204
-0.336041 -1.75228
-0.343956 -1.75869
-0.345717 -1.76002
-0.352014 -1.76492
-0.355823 -1.76808
-0.360009 -1.77123
-0.365999 -1.77605
-0.368026 -1.77751
-0.375977 -1.78388
-0.376176 -1.78401
-0.384028 -1.79012
-0.386371 -1.79196
-0.391969 -1.7965
-0.396494 -1.79999
-0.399964 -1.80281
-0.406685 -1.80795
-0.408033 -1.80903
-0.415974 -1.81541
-0.41682 -1.81597
-0.424041 -1.82163
-0.426927 -1.82402
-0.431993 -1.82799
-0.437072 -1.83203
-0.43997 -1.83433
-0.447299 -1.83994
-0.448035 -1.84055
-0.45604 -1.84685
-0.45739 -1.84801
-0.463977 -1.85323
-0.467494 -1.85607
-0.471941 -1.85958
-0.477646 -1.86407
-0.479984 -1.86583
-0.48789 -1.87195
-0.488045 -1.87206
-0.495965 -1.87846
-0.497998 -1.88001
-0.504036 -1.88468
-0.508183 -1.88797
-0.512042 -1.89098
-0.518319 -1.89599
-0.519947 -1.8974
-0.528044 -1.90358
-0.528456 -1.904
-0.535952 -1.91
-0.538671 -1.91192
-0.543943 -1.91632
-0.548809 -1.91994
-0.552008 -1.92254
-0.55888 -1.92804
-0.560032 -1.92882
-0.568027 -1.93513
-0.569082 -1.93598
-0.576056 -1.94139
-0.579252 -1.94396
-0.584011 -1.94776
-0.589317 -1.95207
-0.591997 -1.95408
-0.599474 -1.96006
-0.599961 -1.96043
-0.607948 -1.96675
-0.609629 -1.96805
-0.615953 -1.97305
-0.61984 -1.97598
-0.62397 -1.97933
-0.629974 -1.984
-0.632037 -1.98555
-0.63994 -1.99198
-0.64012 -1.99201
-0.64802 -1.99818
-0.650339 -1.99992
-0.656028 -2.00447
-0.660485 -2.00793
-0.663973 -2.01085
-0.670575 -2.01601
-0.672033 -2.01708
-0.679983 -2.02344
-0.680718 -2.02402
-0.688019 -2.0297
-0.69086 -2.03203
-0.695954 -2.03609
-0.701044 -2.03999
-0.704059 -2.04226
-0.711145 -2.04805
-0.712028 -2.04861
-0.719976 -2.05498
-0.721359 -2.05597
-0.727969 -2.06129
-0.731498 -2.06399
-0.736006 -2.06755
-0.741698 -2.07193
-0.743964 -2.0739
-0.751776 -2.08002
-0.751968 -2.0802
-0.76 -2.08647
-0.761925 -2.08802
-0.76797 -2.09281
-0.772106 -2.09599
-0.776052 -2.09901
-0.782238 -2.10401
-0.783982 -2.1054
-0.791961 -2.11173
-0.79234 -2.11207
-0.799993 -2.118
-0.802572 -2.11997
-0.808015 -2.12427
-0.812655 -2.12806
-0.816002 -2.1306
-0.822814 -2.13605
-0.823998 -2.13691
-0.832005 -2.1432
-0.833004 -2.144
-0.840031 -2.14947
-0.843128 -2.15204
-0.847964 -2.15586
-0.853336 -2.15996
-0.855983 -2.16214
-0.863438 -2.16803
-0.864012 -2.16841
-0.869138 -2.17239
-0.871962 -2.17487
-0.873485 -2.17594
-0.879986 -2.1814
-0.883177 -2.18401
-0.887964 -2.18799
-0.892975 -2.19196
-0.895982 -2.19453
-0.896368 -2.19483
-0.902327 -2.19999
-0.904061 -2.20139
-0.91153 -2.20797
-0.912061 -2.20836
-0.919942 -2.21547
-0.92074 -2.21594
-0.928048 -2.22231
-0.929838 -2.22404
-0.936052 -2.22928
-0.939102 -2.23195
-0.944039 -2.23626
-0.948279 -2.23995
-0.951937 -2.24335
-0.957427 -2.24799
-0.959935 -2.25032
-0.966607 -2.256
-0.967965 -2.25725
-0.975829 -2.26395
-0.976033 -2.26415
-0.984045 -2.2711
-0.98499 -2.27198
-0.992 -2.27812
-0.994113 -2.28005
-1.00001 -2.28508
-1.00333 -2.28801
-1.008 -2.29206
-1.01258 -2.29593
-1.01605 -2.29898
-1.02175 -2.30394
-1.02396 -2.30605
-1.03086 -2.31204
-1.03198 -2.31299
-1.04005 -2.31988
-1.04012 -2.31995
-1.04798 -2.32693
-1.04928 -2.32798
-1.05601 -2.33387
-1.05849 -2.33594
-1.06405 -2.34079
-1.06762 -2.34401
-1.07201 -2.3478
-1.07687 -2.35193
-1.07995 -2.35484
-1.08602 -2.35996
-1.08806 -2.36168
-1.09513 -2.36804
-1.09603 -2.36869
-1.10401 -2.37568
-1.10435 -2.376
-1.11205 -2.3826
-1.11358 -2.38395
-1.12001 -2.38962
-1.12275 -2.39197
-1.12798 -2.39663
-1.13188 -2.40002
-1.13606 -2.4035
-1.14113 -2.40795
-1.144 -2.41053
-1.15021 -2.41607
-1.15204 -2.41746
-1.15941 -2.42406
-1.15999 -2.42449
-1.16795 -2.4315
-1.16869 -2.43194
-1.17606 -2.43835
-1.17784 -2.43998
-1.18399 -2.4454
-1.18697 -2.44804
-1.192 -2.45236
-1.19615 -2.45605
-1.20003 -2.45928
-1.20535 -2.46402
-1.20802 -2.46627
-1.21459 -2.47196
-1.21606 -2.47319
-1.2238 -2.47993
-1.22396 -2.48028
-1.23196 -2.48724
-1.2329 -2.48802
-1.24 -2.49416
-1.2421 -2.496
-1.24794 -2.5012
-1.25133 -2.50396
-1.25598 -2.50813
-1.26053 -2.51193
-1.26395 -2.51513
-1.26967 -2.51998
-1.27197 -2.52208
-1.27878 -2.52807
-1.27996 -2.52905
-1.28798 -2.536
-1.28806 -2.53595
-1.29604 -2.54291
-1.29719 -2.54402
-1.30395 -2.54997
-1.30642 -2.55196
-1.31205 -2.55683
-1.31555 -2.56003
-1.32006 -2.56379
-1.3248 -2.56794
-1.32803 -2.5708
-1.33392 -2.57602
-1.33606 -2.57773
-1.34307 -2.58406
-1.34406 -2.58469
-1.35206 -2.59167
-1.35226 -2.59205
-1.36 -2.59871
-1.36147 -2.60002
-1.36801 -2.60566
-1.37062 -2.60806
-1.376 -2.61264
-1.37983 -2.61603
-1.384 -2.61962
-1.38899 -2.62406
-1.39202 -2.62655
-1.39819 -2.63204
-1.39996 -2.6336
-1.40742 -2.63999
-1.40804 -2.64047
-1.41596 -2.64753
-1.41653 -2.64806
-1.42403 -2.65442
-1.42576 -2.65601
-1.43196 -2.66147
-1.43501 -2.66393
-1.44004 -2.66835
-1.4441 -2.67205
-1.44797 -2.6754
-1.45329 -2.68004
-1.45594 -2.6824
-1.46248 -2.68803
-1.46399 -2.68932
-1.47174 -2.69594
-1.47204 -2.69622
-1.48 -2.70324
-1.48093 -2.70393
-1.48804 -2.71016
-1.49001 -2.71205
-1.49602 -2.71716
-1.49921 -2.72003
-1.504 -2.72415
-1.50836 -2.72807
-1.51197 -2.73116
-1.51759 -2.73602
-1.52 -2.73808
-1.52685 -2.74393
-1.52794 -2.74513
-1.53594 -2.75204
-1.53606 -2.75195
-1.54395 -2.75905
-1.54511 -2.76005
-1.55195 -2.76602
-1.55439 -2.76794
-1.55994 -2.77301
-1.56356 -2.77595
-1.56798 -2.77993
-1.57265 -2.78407
-1.57595 -2.78693
-1.58188 -2.792
-1.58395 -2.7939
-1.59102 -2.80006
-1.59195 -2.80087
-1.59999 -2.80779
-1.6003 -2.80795
-1.60801 -2.81474
-1.6095 -2.81593
-1.61601 -2.82171
-1.61867 -2.82395
-1.62401 -2.82867
-1.62783 -2.83197
-1.63197 -2.83569
-1.63704 -2.83994
-1.64003 -2.84259
-1.64618 -2.84799
-1.64799 -2.8496
-1.65533 -2.85602
-1.65605 -2.85651
-1.66403 -2.8635
-1.66459 -2.86394
-1.67197 -2.87053
-1.67377 -2.87194
-1.67997 -2.87751
-1.68295 -2.87994
-1.68797 -2.88447
-1.69214 -2.88794
-1.69594 -2.89147
-1.70129 -2.89597
-1.704 -2.89838
-1.71047 -2.90398
-1.71195 -2.90541
-1.71969 -2.91194
-1.71994 -2.91239
-1.72795 -2.91934
-1.72876 -2.92007
-1.73599 -2.92626
-1.73796 -2.92805
-1.74397 -2.93326
-1.74716 -2.93603
-1.75196 -2.94023
-1.75641 -2.94396
-1.76002 -2.94714
-1.76556 -2.95199
-1.76799 -2.95414
-1.77471 -2.96003
-1.77603 -2.96107
-1.78393 -2.96799
-1.78401 -2.96806
-1.79194 -2.97511
-1.79307 -2.97604
-1.79994 -2.98208
-1.80232 -2.98396
-1.80802 -2.98895
-1.81141 -2.99207
-1.81594 -2.99602
-1.82071 -2.99993
-1.82404 -3.00287
-1.82983 -3.00801
-1.83195 -3.00994
-1.83907 -3.01594
-1.83998 -3.01688
-1.84806 -3.02376
-1.84824 -3.02396
-1.85597 -3.03082
-1.85739 -3.03199
-1.86394 -3.03783
-1.86654 -3.04003
-1.87203 -3.0447
-1.87577 -3.04798
-1.88005 -3.05164
-1.88492 -3.05601
-1.88802 -3.05865
-1.89411 -3.06401
-1.89605 -3.06558
-1.90335 -3.07195
-1.90405 -3.07255
-1.91195 -3.07963
-1.91248 -3.08001
-1.92004 -3.0865
-1.92161 -3.08807
-1.92794 -3.09359
-1.93082 -3.09604
-1.93599 -3.10049
-1.94002 -3.10401
-1.94397 -3.10749
-1.94919 -3.11203
-1.95197 -3.11446
-1.95843 -3.11997
-1.96006 -3.12133
-1.96754 -3.12806
-1.96794 -3.12843
-1.976 -3.13533
-1.97671 -3.13607
-1.98399 -3.14231
-1.986 -3.14395
-1.992 -3.14927
-1.99517 -3.15196
-2.00001 -3.15623
-2.00426 -3.16007
-2.00806 -3.16314
-2.01348 -3.16803
-2.01602 -3.17016
-2.02269 -3.176
-2.02404 -3.1771
-2.03182 -3.18406
-2.03206 -3.18405
-2.04004 -3.19104
-2.04109 -3.19196
-2.04802 -3.19803
-2.05029 -3.19994
-2.05605 -3.20497
-2.05939 -3.20803
-2.06394 -3.21206
-2.06858 -3.21603
-2.07194 -3.21903
-2.07777 -3.22401
-2.08 -3.22592
-2.08701 -3.23195
-2.08804 -3.23285
-2.09595 -3.23992
-2.09615 -3.24
-2.10397 -3.24688
-2.10527 -3.24807
-2.11198 -3.25383
-2.11456 -3.25595
-2.11998 -3.2608
-2.12377 -3.26393
-2.12804 -3.2677
-2.13285 -3.27204
-2.13601 -3.27471
-2.14209 -3.27998
-2.14395 -3.28174
-2.15129 -3.28796
-2.15194 -3.28872
-2.16002 -3.2956
-2.16042 -3.29602
-2.16796 -3.30263
-2.16959 -3.30403
-2.17596 -3.3096
-2.17874 -3.31207
-2.18399 -3.31654
-2.18796 -3.32003
-2.19206 -3.32343
-2.19722 -3.32794
-2.20006 -3.3304
-2.2064 -3.33594
-2.20799 -3.33745
-2.21549 -3.34405
-2.21605 -3.34435
-2.22394 -3.35144
-2.22474 -3.35197
-2.23199 -3.35835
-2.23385 -3.36005
-2.24005 -3.36526
-2.24311 -3.36797
-2.24804 -3.37223
-2.25227 -3.37599
-2.25598 -3.37927
-2.2615 -3.38394
-2.26405 -3.38616
-2.27067 -3.39196
-2.27199 -3.3932
-2.27979 -3.40004
-2.28006 -3.40009
-2.28799 -3.40714
-2.28902 -3.40797
-2.29594 -3.41417
-2.29822 -3.41596
-2.30405 -3.42101
-2.30733 -3.42404
-2.31197 -3.42807
-2.3165 -3.43206
-2.32003 -3.43497
-2.32576 -3.43997
-2.328 -3.44198
-2.33497 -3.44794
-2.33604 -3.4489
-2.34399 -3.45592
-2.34416 -3.45594
-2.35204 -3.46284
-2.35322 -3.46407
-2.36006 -3.46978
-2.36246 -3.47201
-2.36797 -3.47686
-2.37171 -3.47994
-2.37604 -3.48374
-2.38079 -3.48805
-2.38398 -3.49078
-2.39008 -3.49593
-2.392 -3.49773
-2.39917 -3.50403
-2.40005 -3.50464
-2.40797 -3.5117
-2.40832 -3.51207
-2.41606 -3.51857
-2.4175 -3.52007
-2.42398 -3.52563
-2.4268 -3.52794
-2.43194 -3.53264
-2.43599 -3.53594
-2.43997 -3.53958
-2.44516 -3.54395
-2.44794 -3.54659
-2.45425 -3.55206
-2.45595 -3.55354
-2.46353 -3.55995
-2.46397 -3.56048
-2.47199 -3.56743
-2.47273 -3.56793
-2.47995 -3.57445
-2.48186 -3.57599
-2.48806 -3.58128
-2.49101 -3.58402
-2.49601 -3.58832
-2.50021 -3.59201
-2.50397 -3.59533
-2.50937 -3.60004
-2.51201 -3.60225
-2.51862 -3.60796
-2.52004 -3.60918
-2.52773 -3.61604
-2.52794 -3.61628
-2.53595 -3.62323
-2.53694 -3.62401
-2.54406 -3.63007
-2.54608 -3.63206
-2.55201 -3.6371
-2.55527 -3.64006
-2.56003 -3.64405
-2.56447 -3.64804
-2.56795 -3.65111
-2.57363 -3.65606
-2.57596 -3.65806
-2.58281 -3.66407
-2.58397 -3.66503
-2.592 -3.67196
-2.59207 -3.67197
-2.60002 -3.6789
-2.60122 -3.68002
-2.60795 -3.68595
-2.61041 -3.68801
-2.61597 -3.6929
-2.61966 -3.69594
-2.62404 -3.69978
-2.62874 -3.70405
-2.63195 -3.70686
-2.6379 -3.71207
-2.63994 -3.71384
-2.64721 -3.71993
-2.64804 -3.72069
-2.656 -3.72771
-2.65634 -3.72799
-2.66393 -3.73475
-2.66555 -3.73596
-2.67197 -3.74168
-2.67465 -3.74405
-2.68002 -3.7486
-2.68387 -3.75202
-2.68806 -3.75552
-2.69304 -3.76003
-2.69605 -3.7625
-2.7022 -3.76806
-2.70405 -3.76947
-2.71139 -3.77605
-2.71195 -3.77655
-2.71996 -3.78351
-2.72056 -3.78406
-2.72802 -3.79041
-2.72977 -3.79203
-2.73604 -3.79736
-2.73893 -3.80006
-2.74397 -3.80441
-2.74813 -3.80804
-2.75203 -3.81131
-2.75741 -3.81593
-2.75997 -3.81835
-2.7665 -3.82404
-2.76797 -3.82531
-2.77576 -3.83195
-2.77597 -3.83228
-2.78396 -3.83927
-2.7849 -3.84
-2.79195 -3.84625
-2.79409 -3.84799
-2.79997 -3.8532
-2.80331 -3.85595
-2.80797 -3.86016
-2.81246 -3.86399
-2.81597 -3.86713
-2.82161 -3.87203
-2.82398 -3.87409
-2.83076 -3.88007
-2.83198 -3.88106
-2.84 -3.888
-2.84 -3.888
-2.84797 -3.89501
-2.84914 -3.89605
-2.85599 -3.90195
-2.85834 -3.90403
-2.86403 -3.90888
-2.8676 -3.91194
-2.87199 -3.91589
-2.87668 -3.92006
-2.87995 -3.9229
-2.8859 -3.92802
-2.88799 -3.92983
-2.89504 -3.93607
-2.89596 -3.93683
-2.90405 -3.9437
-2.90433 -3.94394
-2.91197 -3.95076
-2.91349 -3.95197
-2.92003 -3.95766
-2.92259 -3.96006
-2.92799 -3.96467
-2.93182 -3.96801
-2.936 -3.97163
-2.94098 -3.97604
-2.94397 -3.97864
-2.95021 -3.98398
-2.95199 -3.98559
-2.95935 -3.99203
-2.96002 -3.99252
-2.96795 -3.99957
-2.96853 -4.00004
-2.97606 -4.00641
-2.9778 -4.00794
-2.98406 -4.01338
-2.98697 -4.01596
-2.99204 -4.02037
-2.99616 -4.02395
-2.99999 -4.0274
-3.00526 -4.03205
-3.00804 -4.03431
-3.01448 -4.04
-3.01594 -4.04139
-3.02361 -4.04806
-3.024 -4.0483
-3.03203 -4.05523
-3.0328 -4.05605
-3.04003 -4.06219
-3.04204 -4.06398
-3.04806 -4.06914
-3.05128 -4.07193
-3.05594 -4.07624
-3.06042 -4.07997
-3.06402 -4.08312
-3.06961 -4.08797
-3.07201 -4.0901
-3.07877 -4.09599
-3.07993 -4.09715
-3.08797 -4.10397
-3.08803 -4.10401
-3.09599 -4.11103
-3.09709 -4.11204
-3.10404 -4.11793
-3.10634 -4.11997
-3.11197 -4.12498
-3.11548 -4.12802
-3.12002 -4.1319
-3.12465 -4.13604
-3.12794 -4.13896
-3.13389 -4.14397
-3.13603 -4.14583
-3.14299 -4.15207
-3.14395 -4.15288
-3.15198 -4.15983
-3.15222 -4.16001
-3.16002 -4.16675
-3.16143 -4.16798
-3.16796 -4.17378
-3.17063 -4.17596
-3.17598 -4.18073
-3.17975 -4.18404
-3.184 -4.18768
-3.18894 -4.19203
-3.19196 -4.19469
-3.19816 -4.19999
-3.19998 -4.20163
-3.20727 -4.20807
-3.20804 -4.20853
-3.21598 -4.21558
-3.21652 -4.216
-3.22404 -4.22247
-3.22564 -4.22406
-3.23195 -4.22955
-3.23491 -4.23197
-3.24003 -4.23642
-3.24401 -4.24007
-3.24801 -4.24342
-3.25328 -4.24796
-3.256 -4.25039
-3.26243 -4.256
-3.26404 -4.25732
-3.2716 -4.26402
-3.27194 -4.26441
-3.28002 -4.27128
-3.28076 -4.27204
-3.28805 -4.27822
-3.28997 -4.28002
-3.29605 -4.28518
-3.29915 -4.28802
-3.304 -4.29221
-3.3083 -4.29606
-3.31204 -4.29914
-3.31757 -4.30395
-3.31999 -4.30616
-3.32666 -4.31206
-3.32801 -4.31311
-3.33588 -4.32002
-3.33599 -4.32011
-3.34399 -4.32707
-3.34506 -4.32803
-3.35202 -4.33401
-3.35421 -4.33606
-3.36004 -4.34096
-3.36347 -4.34398
-3.368 -4.34797
-3.37263 -4.35199
-3.37596 -4.35498
-3.38176 -4.36006
-3.38405 -4.36185
-3.39098 -4.36802
-3.392 -4.36887
-3.39997 -4.37587
-3.4002 -4.37597
-3.40794 -4.38289
-3.40937 -4.384
-3.41606 -4.38971
-3.41851 -4.39204
-3.42405 -4.39669
-3.42768 -4.40006
-3.43204 -4.40367
-3.43697 -4.40793
-3.43999 -4.4107
-3.44616 -4.41593
-3.44795 -4.41771
-3.45528 -4.424
-3.456 -4.42463
-3.46401 -4.43159
-3.46441 -4.43206
-3.472 -4.43856
-3.47364 -4.44001
-3.47995 -4.4456
-3.48287 -4.44795
-3.48799 -4.45252
-3.49195 -4.45607
-3.49602 -4.45945
-3.50117 -4.46403
-3.50394 -4.46651
-3.51041 -4.47196
-3.51205 -4.47335
-3.51951 -4.48006
-3.51999 -4.48039
-3.52806 -4.48728
-3.5288 -4.48794
-3.53601 -4.4943
-3.53793 -4.496
-3.544 -4.50129
-3.54706 -4.50406
-3.55194 -4.50833
-3.55623 -4.51207
-3.55995 -4.51529
-3.56544 -4.52004
-3.56797 -4.52223
-3.57472 -4.52793
-3.57597 -4.5292
-3.58384 -4.53601
-3.58397 -4.53617
-3.59199 -4.54311
-3.59309 -4.54393
-3.60004 -4.55002
-3.60215 -4.55207
-3.60804 -4.557
-3.61142 -4.55998
-3.61603 -4.56397
-3.62061 -4.56797
-3.62404 -4.57094
-3.62974 -4.57603
-3.63197 -4.57798
-3.63898 -4.58397
-3.64001 -4.58491
-3.64802 -4.59186
-3.64818 -4.59195
-3.65597 -4.5989
-3.65728 -4.60003
-3.66404 -4.60578
-3.6665 -4.608
-3.67203 -4.61276
-3.67569 -4.61599
-3.67998 -4.61978
-3.68483 -4.62404
-3.688 -4.62673
-3.69409 -4.63195
-3.69602 -4.63368
-3.70316 -4.64008
-3.70403 -4.64064
-3.71204 -4.64759
-3.71241 -4.64801
-3.71995 -4.65466
-3.72163 -4.65596
-3.728 -4.66158
-3.73075 -4.66403
-3.73593 -4.66862
-3.73998 -4.67198
-3.74396 -4.67557
-3.74912 -4.68003
-3.75198 -4.68251
-3.75833 -4.688
-3.75998 -4.68947
-3.76753 -4.69598
-3.76798 -4.69645
-3.77598 -4.70342
-3.77665 -4.70405
-3.78405 -4.71031
-3.78594 -4.71193
-3.79198 -4.71736
-3.79239 -4.71771
-3.79456 -4.71999
-3.79998 -4.72589
-3.80203 -4.72796
-3.80475 -4.73096
-3.808 -4.73473
-3.80916 -4.73595
-3.81598 -4.74397
-3.81597 -4.74406
-3.82293 -4.75204
-3.82406 -4.75314
-3.82913 -4.75897
-3.82974 -4.76005
-3.83204 -4.76287
-3.83586 -4.768
-3.84006 -4.77342
-3.8418 -4.77579
-3.84182 -4.77605
-3.84583 -4.78227
-3.84643 -4.78398
-3.84794 -4.78896
-3.84856 -4.79049
-3.84844 -4.792
-3.84867 -4.8
-3.84882 -4.808
-3.84885 -4.816
-3.84906 -4.824
-3.8491 -4.832
-3.84938 -4.84
-3.84933 -4.848
-3.84963 -4.856
-3.8496 -4.864
-3.84977 -4.872
-3.8499 -4.88
-3.85005 -4.888
-3.8501 -4.896
-3.85039 -4.904
-3.85051 -4.912
-3.85065 -4.92
-3.85066 -4.928
-3.85074 -4.936
-3.8509 -4.944
-3.85104 -4.952
-3.85115 -4.96
-3.85129 -4.968
-3.85149 -4.976
-3.85158 -4.984
-3.85165 -4.992
-3.85187 -5
-3.85202 -5.008
-3.85213 -5.01363
-3.85087 -5.01596
-3.84962 -5.01901
-3.84803 -5.02118
-3.84592 -5.02402
-3.84593 -5.02407
-3.83994 -5.03091
-3.83914 -5.03202
-3.83363 -5.03858
-3.83218 -5.03996
-3.83194 -5.04019
-3.82477 -5.04793
-3.82393 -5.04885
-3.81743 -5.05597
-3.81599 -5.05758
-3.81057 -5.06356
-3.81 -5.06393
-3.80805 -5.0662
-3.80234 -5.07196
-3.79993 -5.07441
-3.7947 -5.08001
-3.79387 -5.08095
-3.79202 -5.08261
-3.78612 -5.08798
-3.78398 -5.08995
-3.77745 -5.09598
-3.77605 -5.09741
-3.76883 -5.10403
-3.76805 -5.10479
-3.76013 -5.112
-3.76003 -5.11216
-3.75205 -5.11956
-3.75152 -5.12006
-3.74397 -5.12686
-3.74283 -5.12804
-3.73601 -5.13429
-3.73414 -5.13601
-3.72797 -5.14163
-3.72544 -5.14398
-3.72006 -5.14911
-3.71678 -5.15199
-3.71202 -5.15645
-3.70806 -5.15993
-3.70402 -5.16383
-3.69945 -5.168
-3.69601 -5.1712
-3.69077 -5.17598
-3.68794 -5.17851
-3.68209 -5.18397
-3.67999 -5.18595
-3.67352 -5.19207
-3.67202 -5.19336
-3.66479 -5.2
-3.66405 -5.20078
-3.65612 -5.208
-3.65602 -5.20813
-3.64796 -5.21545
-3.64749 -5.21605
-3.64 -5.22288
-3.63877 -5.22398
-3.63204 -5.2303
-3.63011 -5.232
-3.62395 -5.23758
-3.62144 -5.24
-3.61601 -5.24503
-3.61274 -5.24796
-3.60799 -5.2524
-3.60417 -5.25607
-3.59999 -5.25978
-3.59548 -5.26405
-3.59198 -5.26715
-3.58671 -5.27194
-3.58395 -5.27451
-3.57807 -5.27996
-3.57602 -5.28196
-3.5694 -5.28796
-3.56806 -5.28939
-3.56078 -5.29602
-3.55997 -5.29667
-3.5521 -5.304
-3.55207 -5.30416
-3.54398 -5.31145
-3.54348 -5.31206
-3.53603 -5.31889
-3.53475 -5.31999
-3.52796 -5.3262
-3.52611 -5.32802
-3.52003 -5.33366
-3.51745 -5.33603
-3.51199 -5.34099
-3.50879 -5.34404
-3.50401 -5.3484
-3.50009 -5.352
-3.49602 -5.35579
-3.4914 -5.35998
-3.48794 -5.3631
-3.48278 -5.36802
-3.48006 -5.3706
-3.47403 -5.37594
-3.47204 -5.37797
-3.46542 -5.384
-3.46403 -5.38534
-3.45673 -5.39198
-3.45594 -5.39262
-3.44809 -5.40001
-3.44799 -5.40006
-3.43999 -5.40745
-3.43946 -5.40804
-3.43203 -5.41488
-3.43074 -5.41599
-3.42401 -5.42224
-3.42206 -5.42398
-3.41602 -5.42963
-3.41342 -5.43201
-3.40796 -5.43695
-3.40477 -5.44003
-3.4 -5.44438
-3.39608 -5.448
-3.39204 -5.4518
-3.38742 -5.45602
-3.38394 -5.45908
-3.37875 -5.46401
-3.37603 -5.46656
-3.37007 -5.472
-3.36793 -5.47384
-3.36145 -5.48005
-3.36005 -5.48135
-3.35269 -5.48795
-3.35204 -5.48872
-3.34413 -5.49606
-3.34403 -5.49609
-3.33594 -5.50337
-3.33546 -5.50407
-3.32805 -5.51088
-3.32678 -5.51205
-3.32001 -5.51822
-3.31812 -5.52006
-3.312 -5.52559
-3.30939 -5.528
-3.30398 -5.53296
-3.30077 -5.53605
-3.29603 -5.5404
-3.29205 -5.54399
-3.28805 -5.5478
-3.28333 -5.55194
-3.28004 -5.55518
-3.27466 -5.55994
-3.27198 -5.56249
-3.26605 -5.568
-3.26406 -5.56997
-3.25741 -5.57603
-3.25602 -5.5773
-3.24871 -5.58399
-3.24796 -5.58462
-3.24012 -5.59207
-3.23999 -5.59203
-3.23201 -5.59944
-3.23142 -5.60004
-3.22395 -5.60676
-3.22275 -5.60804
-3.21601 -5.61421
-3.21411 -5.61607
-3.20807 -5.62165
-3.20535 -5.62397
-3.20001 -5.62898
-3.19673 -5.63202
-3.19202 -5.63637
-3.18803 -5.63998
-3.18396 -5.64369
-3.17942 -5.64805
-3.17595 -5.65106
-3.17075 -5.65605
-3.16807 -5.65857
-3.16203 -5.66399
-3.16002 -5.66591
-3.15335 -5.67198
-3.15199 -5.67325
-3.14476 -5.68006
-3.14398 -5.68062
-3.13598 -5.68794
-3.13596 -5.68799
-3.12795 -5.69536
-3.12741 -5.69605
-3.12006 -5.70286
-3.11872 -5.70402
-3.11204 -5.71022
-3.10999 -5.71196
-3.10406 -5.71763
-3.10129 -5.71993
-3.09605 -5.725
-3.09265 -5.72795
-3.08798 -5.73231
-3.08397 -5.73594
-3.07994 -5.73965
-3.07531 -5.74395
-3.07199 -5.74709
-3.06665 -5.75196
-3.06398 -5.75446
-3.05803 -5.76001
-3.05604 -5.76191
-3.04935 -5.76799
-3.04802 -5.76927
-3.04064 -5.77596
-3.04007 -5.7767
-3.03202 -5.784
-3.03194 -5.78395
-3.02628 -5.78939
-3.02397 -5.79133
-3.02385 -5.79153
-3.02315 -5.79204
-3.01595 -5.79675
-3.0136 -5.79844
-3.01039 -5.80005
-3.00797 -5.80107
-2.99998 -5.80491
-2.99364 -5.80808
-2.99204 -5.80886
-2.98397 -5.81252
-2.97686 -5.81601
-2.97597 -5.81635
-2.96801 -5.82024
-2.96012 -5.82405
-2.95999 -5.82403
-2.95199 -5.82785
-2.94402 -5.83174
-2.9433 -5.83193
-2.93601 -5.83552
-2.92799 -5.83929
-2.92661 -5.84007
-2.92003 -5.8432
-2.91201 -5.84698
-2.90986 -5.84808
-2.90402 -5.85083
-2.89602 -5.85464
-2.89303 -5.85592
-2.88799 -5.85839
-2.87997 -5.86217
-2.87629 -5.86396
-2.87197 -5.86599
-2.86396 -5.86979
-2.85956 -5.87201
-2.856 -5.8737
-2.84799 -5.87749
-2.84284 -5.88008
-2.84 -5.88133
-2.83201 -5.88517
-2.82601 -5.88793
-2.82401 -5.88898
-2.81596 -5.89271
-2.80927 -5.89597
-2.80797 -5.89656
-2.80003 -5.90048
-2.79251 -5.90396
-2.792 -5.90426
-2.78396 -5.90798
-2.77599 -5.91187
-2.77581 -5.91209
-2.76804 -5.91579
-2.75997 -5.91946
-2.75902 -5.92001
-2.75198 -5.92331
-2.74399 -5.92714
-2.74226 -5.92801
-2.73597 -5.93092
-2.72801 -5.93483
-2.7255 -5.93601
-2.72002 -5.93867
-2.712 -5.94244
-2.70876 -5.94403
-2.70398 -5.94622
-2.69602 -5.95012
-2.69203 -5.95209
-2.68799 -5.95389
-2.68004 -5.95781
-2.67521 -5.95996
-2.67201 -5.96157
-2.66403 -5.96542
-2.65849 -5.96803
-2.65596 -5.9691
-2.64797 -5.97293
-2.6417 -5.97598
-2.64001 -5.97683
-2.63198 -5.98059
-2.62495 -5.98398
-2.62404 -5.98454
-2.61601 -5.9883
-2.60825 -5.99209
-2.60798 -5.99205
-2.60002 -5.99597
-2.59201 -5.99976
-2.59146 -6.00004
-2.58404 -6.00364
-2.57602 -6.00741
-2.57465 -6.00792
-2.568 -6.01119
-2.56002 -6.01506
-2.55791 -6.01595
-2.552 -6.01883
-2.54403 -6.02272
-2.5412 -6.02406
-2.53602 -6.02652
-2.52803 -6.03036
-2.52441 -6.03199
-2.51997 -6.03404
-2.512 -6.03793
-2.50765 -6.03998
-2.50397 -6.04169
-2.49599 -6.04555
-2.49089 -6.04796
-2.48804 -6.04946
-2.48003 -6.05326
-2.47413 -6.05595
-2.472 -6.05703
-2.46396 -6.06076
-2.45741 -6.06404
-2.456 -6.06466
-2.44796 -6.0684
-2.44067 -6.07206
-2.44001 -6.07233
-2.43203 -6.0762
-2.42399 -6.07992
-2.42385 -6.07994
-2.41596 -6.08367
-2.40804 -6.08766
-2.40712 -6.088
-2.40002 -6.09144
-2.39202 -6.09525
-2.3904 -6.09607
-2.38403 -6.09911
-2.37694 -6.10241
