2.37694 -6.10241
2.38409 -6.09899
2.39125 -6.09558
2.3984 -6.09216
2.40555 -6.08875
2.41271 -6.08533
2.41986 -6.08192
2.42702 -6.0785
2.43417 -6.07509
2.44132 -6.07167
2.44848 -6.06826
2.45563 -6.06484
2.46278 -6.06143
2.46994 -6.05801
2.47709 -6.0546
2.48424 -6.05118
2.4914 -6.04777
2.49855 -6.04435
2.5057 -6.04093
2.51286 -6.03752
2.52001 -6.0341
2.52717 -6.03069
2.53432 -6.02727
2.54147 -6.02386
2.54863 -6.02044
2.55578 -6.01703
2.56293 -6.01361
2.57009 -6.0102
2.57724 -6.00678
2.58439 -6.00337
2.59155 -5.99995
2.5987 -5.99654
2.60586 -5.99312
2.61301 -5.98971
2.62016 -5.98629
2.62732 -5.98288
2.63447 -5.97946
2.64162 -5.97604
2.64878 -5.97263
2.65593 -5.96921
2.66308 -5.9658
2.67024 -5.96238
2.67739 -5.95897
2.68454 -5.95555
2.6917 -5.95214
2.69885 -5.94872
2.70601 -5.94531
2.71316 -5.94189
2.72031 -5.93848
2.72747 -5.93506
2.73462 -5.93165
2.74177 -5.92823
2.74893 -5.92482
2.75608 -5.9214
2.76323 -5.91798
2.77039 -5.91457
2.77754 -5.91115
2.78469 -5.90774
2.79185 -5.90432
2.799 -5.90091
2.80616 -5.89749
2.81331 -5.89408
2.82046 -5.89066
2.82762 -5.88725
2.83477 -5.88383
2.84192 -5.88042
2.84908 -5.877
2.85623 -5.87359
2.86338 -5.87017
2.87054 -5.86676
2.87769 -5.86334
2.88485 -5.85993
2.892 -5.85651
2.89915 -5.85309
2.90631 -5.84968
2.91346 -5.84626
2.92061 -5.84285
2.92777 -5.83943
2.93492 -5.83602
2.94207 -5.8326
2.94923 -5.82919
2.95638 -5.82577
2.96353 -5.82236
2.97069 -5.81894
2.97784 -5.81553
2.985 -5.81211
2.99215 -5.8087
2.9993 -5.80528
3.00646 -5.80187
3.01361 -5.79845
3.01872 -5.79498
3.02384 -5.79151
3.02623 -5.78934
3.03209 -5.78393
3.03795 -5.77852
3.04381 -5.77312
3.04967 -5.76771
3.05553 -5.7623
3.06139 -5.75689
3.06725 -5.75148
3.07311 -5.74608
3.07897 -5.74067
3.08483 -5.73526
3.09068 -5.72985
3.09654 -5.72444
3.1024 -5.71904
3.10826 -5.71363
3.11412 -5.70822
3.11998 -5.70281
3.12584 -5.69741
3.1317 -5.692
3.13756 -5.68659
3.14342 -5.68118
3.14928 -5.67577
3.15514 -5.67037
3.161 -5.66496
3.16686 -5.65955
3.17272 -5.65414
3.17858 -5.64873
3.18444 -5.64333
3.1903 -5.63792
3.19616 -5.63251
3.20202 -5.6271
3.20788 -5.62169
3.21374 -5.61629
3.21959 -5.61088
3.22545 -5.60547
3.23131 -5.60006
3.23717 -5.59465
3.24303 -5.58925
3.24889 -5.58384
3.25475 -5.57843
3.26061 -5.57302
3.26647 -5.56761
3.27233 -5.56221
3.27819 -5.5568
3.28405 -5.55139
3.28991 -5.54598
3.29577 -5.54057
3.30163 -5.53517
3.30749 -5.52976
3.31335 -5.52435
3.31921 -5.51894
3.32507 -5.51354
3.33093 -5.50813
3.33679 -5.50272
3.34265 -5.49731
3.3485 -5.4919
3.35436 -5.4865
3.36022 -5.48109
3.36608 -5.47568
3.37194 -5.47027
3.3778 -5.46486
3.38366 -5.45946
3.38952 -5.45405
3.39538 -5.44864
3.40124 -5.44323
3.4071 -5.43782
3.41296 -5.43242
3.41882 -5.42701
3.42468 -5.4216
3.43054 -5.41619
3.4364 -5.41078
3.44226 -5.40538
3.44812 -5.39997
3.45398 -5.39456
3.45984 -5.38915
3.4657 -5.38374
3.47156 -5.37834
3.47741 -5.37293
3.48327 -5.36752
3.48913 -5.36211
3.49499 -5.3567
3.50085 -5.3513
3.50671 -5.34589
3.51257 -5.34048
3.51843 -5.33507
3.52429 -5.32967
3.53015 -5.32426
3.53601 -5.31885
3.54187 -5.31344
3.54773 -5.30803
3.55359 -5.30263
3.55945 -5.29722
3.56531 -5.29181
3.57117 -5.2864
3.57703 -5.28099
3.58289 -5.27559
3.58875 -5.27018
3.59461 -5.26477
3.60047 -5.25936
3.60632 -5.25395
3.61218 -5.24855
3.61804 -5.24314
3.6239 -5.23773
3.62976 -5.23232
3.63562 -5.22691
3.64148 -5.22151
3.64734 -5.2161
3.6532 -5.21069
3.65906 -5.20528
3.66492 -5.19987
3.67078 -5.19447
3.67664 -5.18906
3.6825 -5.18365
3.68836 -5.17824
3.69422 -5.17283
3.70008 -5.16743
3.70594 -5.16202
3.7118 -5.15661
3.71766 -5.1512
3.72352 -5.1458
3.72938 -5.14039
3.73523 -5.13498
3.74109 -5.12957
3.74695 -5.12416
3.75281 -5.11876
3.75867 -5.11335
3.76453 -5.10794
3.77039 -5.10253
3.77625 -5.09712
3.78211 -5.09172
3.78797 -5.08631
3.79383 -5.0809
3.798 -5.07655
3.80218 -5.07221
3.80635 -5.06786
3.81053 -5.06352
3.81514 -5.05852
3.81975 -5.05352
3.82436 -5.04853
3.82897 -5.04353
3.83358 -5.03853
3.83768 -5.03369
3.84178 -5.02886
3.84588 -5.02402
3.8496 -5.019
3.85204 -5.01359
3.85191 -5.00562
3.85179 -4.99765
3.85166 -4.98969
3.85154 -4.98172
3.85141 -4.97375
3.85128 -4.96578
3.85116 -4.95782
3.85103 -4.94985
3.85091 -4.94188
3.85078 -4.93391
3.85065 -4.92594
3.85053 -4.91798
3.8504 -4.91001
3.85027 -4.90204
3.85015 -4.89407
3.85002 -4.8861
3.8499 -4.87814
3.84977 -4.87017
3.84964 -4.8622
3.84952 -4.85423
3.84939 -4.84626
3.84927 -4.8383
3.84914 -4.83033
3.84901 -4.82236
3.84889 -4.81439
3.84876 -4.80643
3.84864 -4.79846
3.84851 -4.79049
3.84715 -4.78639
3.8458 -4.78228
3.84178 -4.77581
3.83754 -4.77021
3.8333 -4.76462
3.82906 -4.75902
3.8242 -4.75341
3.81933 -4.7478
3.81447 -4.74219
3.8096 -4.73658
3.80474 -4.73097
3.80063 -4.72654
3.79652 -4.72212
3.79241 -4.71769
3.78639 -4.71244
3.78037 -4.7072
3.77435 -4.70195
3.76833 -4.69671
3.76231 -4.69146
3.75628 -4.68622
3.75026 -4.68097
3.74424 -4.67573
3.73822 -4.67048
3.7322 -4.66524
3.72618 -4.65999
3.72016 -4.65475
3.71414 -4.6495
3.70812 -4.64426
3.7021 -4.63901
3.69608 -4.63377
3.69006 -4.62852
3.68403 -4.62328
3.67801 -4.61803
3.67199 -4.61279
3.66597 -4.60754
3.65995 -4.6023
3.65393 -4.59705
3.64791 -4.59181
3.64189 -4.58656
3.63587 -4.58132
3.62985 -4.57607
3.62383 -4.57083
3.61781 -4.56558
3.61178 -4.56034
3.60576 -4.55509
3.59974 -4.54985
3.59372 -4.5446
3.5877 -4.53936
3.58168 -4.53411
3.57566 -4.52887
3.56964 -4.52362
3.56362 -4.51838
3.5576 -4.51313
3.55158 -4.50789
3.54555 -4.50264
3.53953 -4.4974
3.53351 -4.49215
3.52749 -4.48691
3.52147 -4.48166
3.51545 -4.47642
3.50943 -4.47117
3.50341 -4.46593
3.49739 -4.46068
3.49137 -4.45544
3.48535 -4.45019
3.47933 -4.44495
3.4733 -4.4397
3.46728 -4.43446
3.46126 -4.42921
3.45524 -4.42397
3.44922 -4.41872
3.4432 -4.41348
3.43718 -4.40823
3.43116 -4.40299
3.42514 -4.39774
3.41912 -4.3925
3.4131 -4.38725
3.40707 -4.38201
3.40105 -4.37676
3.39503 -4.37152
3.38901 -4.36627
3.38299 -4.36103
3.37697 -4.35578
3.37095 -4.35054
3.36493 -4.34529
3.35891 -4.34005
3.35289 -4.3348
3.34687 -4.32956
3.34085 -4.32431
3.33482 -4.31907
3.3288 -4.31382
3.32278 -4.30858
3.31676 -4.30333
3.31074 -4.29809
3.30472 -4.29284
3.2987 -4.2876
3.29268 -4.28235
3.28666 -4.27711
3.28064 -4.27186
3.27462 -4.26662
3.2686 -4.26137
3.26257 -4.25613
3.25655 -4.25088
3.25053 -4.24564
3.24451 -4.24039
3.23849 -4.23515
3.23247 -4.2299
3.22645 -4.22466
3.22043 -4.21941
3.21441 -4.21417
3.20839 -4.20892
3.20237 -4.20367
3.19634 -4.19843
3.19032 -4.19318
3.1843 -4.18794
3.17828 -4.18269
3.17226 -4.17745
3.16624 -4.1722
3.16022 -4.16696
3.1542 -4.16171
3.14818 -4.15647
3.14216 -4.15122
3.13614 -4.14598
3.13012 -4.14073
3.12409 -4.13549
3.11807 -4.13024
3.11205 -4.125
3.10603 -4.11975
3.10001 -4.11451
3.09399 -4.10926
3.08797 -4.10402
3.08195 -4.09877
3.07593 -4.09353
3.06991 -4.08828
3.06389 -4.08304
3.05786 -4.07779
3.05184 -4.07255
3.04582 -4.0673
3.0398 -4.06206
3.03378 -4.05681
3.02776 -4.05157
3.02174 -4.04632
3.01572 -4.04108
3.0097 -4.03583
3.00368 -4.03059
2.99766 -4.02534
2.99164 -4.0201
2.98561 -4.01485
2.97959 -4.00961
2.97357 -4.00436
2.96755 -3.99912
2.96153 -3.99387
2.95551 -3.98863
2.94949 -3.98338
2.94347 -3.97814
2.93745 -3.97289
2.93143 -3.96765
2.92541 -3.9624
2.91939 -3.95716
2.91336 -3.95191
2.90734 -3.94667
2.90132 -3.94142
2.8953 -3.93618
2.88928 -3.93093
2.88326 -3.92569
2.87724 -3.92044
2.87122 -3.9152
2.8652 -3.90995
2.85918 -3.90471
2.85316 -3.89946
2.84713 -3.89422
2.84111 -3.88897
2.83509 -3.88373
2.82907 -3.87848
2.82305 -3.87324
2.81703 -3.86799
2.81101 -3.86275
2.80499 -3.8575
2.79897 -3.85226
2.79295 -3.84701
2.78693 -3.84177
2.78091 -3.83652
2.77488 -3.83128
2.76886 -3.82603
2.76284 -3.82079
2.75682 -3.81554
2.7508 -3.8103
2.74478 -3.80505
2.73876 -3.79981
2.73274 -3.79456
2.72672 -3.78932
2.7207 -3.78407
2.71468 -3.77883
2.70866 -3.77358
2.70263 -3.76834
2.69661 -3.76309
2.69059 -3.75785
2.68457 -3.7526
2.67855 -3.74736
2.67253 -3.74211
2.66651 -3.73687
2.66049 -3.73162
2.65447 -3.72638
2.64845 -3.72113
2.64243 -3.71589
2.6364 -3.71064
2.63038 -3.70539
2.62436 -3.70015
2.61834 -3.6949
2.61232 -3.68966
2.6063 -3.68441
2.60028 -3.67917
2.59426 -3.67392
2.58824 -3.66868
2.58222 -3.66343
2.5762 -3.65819
2.57018 -3.65294
2.56415 -3.6477
2.55813 -3.64245
2.55211 -3.63721
2.54609 -3.63196
2.54007 -3.62672
2.53405 -3.62147
2.52803 -3.61623
2.52201 -3.61098
2.51599 -3.60574
2.50997 -3.60049
2.50395 -3.59525
2.49792 -3.59
2.4919 -3.58476
2.48588 -3.57951
2.47986 -3.57427
2.47384 -3.56902
2.46782 -3.56378
2.4618 -3.55853
2.45578 -3.55329
2.44976 -3.54804
2.44374 -3.5428
2.43772 -3.53755
2.4317 -3.53231
2.42567 -3.52706
2.41965 -3.52182
2.41363 -3.51657
2.40761 -3.51133
2.40159 -3.50608
2.39557 -3.50084
2.38955 -3.49559
2.38353 -3.49035
2.37751 -3.4851
2.37149 -3.47986
2.36547 -3.47461
2.35945 -3.46937
2.35342 -3.46412
2.3474 -3.45888
2.34138 -3.45363
2.33536 -3.44839
2.32934 -3.44314
2.32332 -3.4379
2.3173 -3.43265
2.31128 -3.42741
2.30526 -3.42216
2.29924 -3.41692
2.29322 -3.41167
2.28719 -3.40643
2.28117 -3.40118
2.27515 -3.39594
2.26913 -3.39069
2.26311 -3.38545
2.25709 -3.3802
2.25107 -3.37496
2.24505 -3.36971
2.23903 -3.36447
2.23301 -3.35922
2.22699 -3.35398
2.22097 -3.34873
2.21494 -3.34349
2.20892 -3.33824
2.2029 -3.333
2.19688 -3.32775
2.19086 -3.32251
2.18484 -3.31726
2.17882 -3.31202
2.1728 -3.30677
2.16678 -3.30153
2.16076 -3.29628
2.15474 -3.29104
2.14872 -3.28579
2.14269 -3.28055
2.13667 -3.2753
2.13065 -3.27006
2.12463 -3.26481
2.11861 -3.25957
2.11259 -3.25432
2.10657 -3.24908
2.10055 -3.24383
2.09453 -3.23859
2.08851 -3.23334
2.08249 -3.2281
2.07646 -3.22285
2.07044 -3.21761
2.06442 -3.21236
2.0584 -3.20712
2.05238 -3.20187
2.04636 -3.19662
2.04034 -3.19138
2.03432 -3.18613
2.0283 -3.18089
2.02228 -3.17564
2.01626 -3.1704
2.01024 -3.16515
2.00421 -3.15991
1.99819 -3.15466
1.99217 -3.14942
1.98615 -3.14417
1.98013 -3.13893
1.97411 -3.13368
1.96809 -3.12844
1.96207 -3.12319
1.95605 -3.11795
1.95003 -3.1127
1.94401 -3.10746
1.93798 -3.10221
1.93196 -3.09697
1.92594 -3.09172
1.91992 -3.08648
1.9139 -3.08123
1.90788 -3.07599
1.90186 -3.07074
1.89584 -3.0655
1.88982 -3.06025
1.8838 -3.05501
1.87778 -3.04976
1.87176 -3.04452
1.86573 -3.03927
1.85971 -3.03403
1.85369 -3.02878
1.84767 -3.02354
1.84165 -3.01829
1.83563 -3.01305
1.82961 -3.0078
1.82359 -3.00256
1.81757 -2.99731
1.81155 -2.99207
1.80553 -2.98682
1.79951 -2.98158
1.79348 -2.97633
1.78746 -2.97109
1.78144 -2.96584
1.77542 -2.9606
1.7694 -2.95535
1.76338 -2.95011
1.75736 -2.94486
1.75134 -2.93962
1.74532 -2.93437
1.7393 -2.92913
1.73328 -2.92388
1.72725 -2.91864
1.72123 -2.91339
1.71521 -2.90815
1.70919 -2.9029
1.70317 -2.89766
1.69715 -2.89241
1.69113 -2.88717
1.68511 -2.88192
1.67909 -2.87668
1.67307 -2.87143
1.66705 -2.86619
1.66103 -2.86094
1.655 -2.8557
1.64898 -2.85045
1.64296 -2.84521
1.63694 -2.83996
1.63092 -2.83472
1.6249 -2.82947
1.61888 -2.82423
1.61286 -2.81898
1.60684 -2.81374
1.60082 -2.80849
1.5948 -2.80325
1.58877 -2.798
1.58275 -2.79276
1.57673 -2.78751
1.57071 -2.78227
1.56469 -2.77702
1.55867 -2.77178
1.55265 -2.76653
1.54663 -2.76129
1.54061 -2.75604
1.53459 -2.7508
1.52857 -2.74555
1.52255 -2.74031
1.51652 -2.73506
1.5105 -2.72982
1.50448 -2.72457
1.49846 -2.71933
1.49244 -2.71408
1.48642 -2.70884
1.4804 -2.70359
1.47438 -2.69834
1.46836 -2.6931
1.46234 -2.68785
1.45632 -2.68261
1.4503 -2.67736
1.44427 -2.67212
1.43825 -2.66687
1.43223 -2.66163
1.42621 -2.65638
1.42019 -2.65114
1.41417 -2.64589
1.40815 -2.64065
1.40213 -2.6354
1.39611 -2.63016
1.39009 -2.62491
1.38407 -2.61967
1.37804 -2.61442
1.37202 -2.60918
1.366 -2.60393
1.35998 -2.59869
1.35396 -2.59344
1.34794 -2.5882
1.34192 -2.58295
1.3359 -2.57771
1.32988 -2.57246
1.32386 -2.56722
1.31784 -2.56197
1.31182 -2.55673
1.30579 -2.55148
1.29977 -2.54624
1.29375 -2.54099
1.28773 -2.53575
1.28171 -2.5305
1.27569 -2.52526
1.26967 -2.52001
1.26365 -2.51477
1.25763 -2.50952
1.25161 -2.50428
1.24559 -2.49903
1.23957 -2.49379
1.23354 -2.48854
1.22752 -2.4833
1.2215 -2.47805
1.21548 -2.47281
1.20946 -2.46756
1.20344 -2.46232
1.19742 -2.45707
1.1914 -2.45183
1.18538 -2.44658
1.17936 -2.44134
1.17334 -2.43609
1.16731 -2.43085
1.16129 -2.4256
1.15527 -2.42036
1.14925 -2.41511
1.14323 -2.40987
1.13721 -2.40462
1.13119 -2.39938
1.12517 -2.39413
1.11915 -2.38889
1.11313 -2.38364
1.10711 -2.3784
1.10109 -2.37315
1.09506 -2.36791
1.08904 -2.36266
1.08302 -2.35742
1.077 -2.35217
1.07098 -2.34693
1.06496 -2.34168
1.05894 -2.33644
1.05292 -2.33119
1.0469 -2.32595
1.04088 -2.3207
1.03486 -2.31546
1.02883 -2.31021
1.02281 -2.30497
1.01679 -2.29972
1.01077 -2.29448
1.00475 -2.28923
0.998731 -2.28399
0.99271 -2.27874
0.986689 -2.2735
0.980668 -2.26825
0.974647 -2.26301
0.968626 -2.25776
0.962605 -2.25252
0.956585 -2.24727
0.950564 -2.24203
0.944543 -2.23678
0.938522 -2.23154
0.932501 -2.22629
0.92648 -2.22105
0.920459 -2.2158
0.914439 -2.21056
0.908418 -2.20531
0.902397 -2.20007
0.896376 -2.19482
0.89092 -2.19034
0.885463 -2.18587
0.880007 -2.18139
0.87455 -2.17692
0.869094 -2.17244
0.862819 -2.1675
0.856545 -2.16255
0.85027 -2.15761
0.843995 -2.15266
0.837721 -2.14772
0.831446 -2.14277
0.825171 -2.13783
0.818897 -2.13288
0.812622 -2.12794
0.806347 -2.12299
0.800073 -2.11805
0.793798 -2.1131
0.787523 -2.10816
0.781249 -2.10321
0.774974 -2.09827
0.768699 -2.09332
0.762424 -2.08838
0.75615 -2.08343
0.749875 -2.07849
0.7436 -2.07354
0.737326 -2.0686
0.731051 -2.06365
0.724776 -2.05871
0.718502 -2.05376
0.712227 -2.04882
0.705952 -2.04387
0.699678 -2.03893
0.693403 -2.03398
0.687128 -2.02904
0.680854 -2.0241
0.674579 -2.01915
0.668304 -2.01421
0.66203 -2.00926
0.655755 -2.00432
0.64948 -1.99937
0.643206 -1.99443
0.636931 -1.98948
0.630656 -1.98454
0.624382 -1.97959
0.618107 -1.97465
0.611832 -1.9697
0.605557 -1.96476
0.599283 -1.95981
0.593008 -1.95487
0.586733 -1.94992
0.580459 -1.94498
0.574184 -1.94003
0.567909 -1.93509
0.561635 -1.93014
0.55536 -1.9252
0.549085 -1.92025
0.542811 -1.91531
0.536536 -1.91036
0.530261 -1.90542
0.523987 -1.90047
0.517712 -1.89553
0.511437 -1.89059
0.505163 -1.88564
0.498888 -1.8807
0.492613 -1.87575
0.486339 -1.87081
0.480064 -1.86586
0.473789 -1.86092
0.467515 -1.85597
0.46124 -1.85103
0.454965 -1.84608
0.448691 -1.84114
0.442416 -1.83619
0.436141 -1.83125
0.429867 -1.8263
0.423592 -1.82136
0.417317 -1.81641
0.411042 -1.81147
0.404768 -1.80652
0.398493 -1.80158
0.392218 -1.79663
0.385944 -1.79169
0.379669 -1.78674
0.373394 -1.7818
0.36712 -1.77685
0.360845 -1.77191
0.35457 -1.76696
0.348296 -1.76202
0.342021 -1.75707
0.335746 -1.75213
0.329472 -1.74719
0.323197 -1.74224
0.316922 -1.7373
0.310648 -1.73235
0.304373 -1.72741
0.298098 -1.72246
0.291824 -1.71752
0.285549 -1.71257
0.279274 -1.70763
0.273 -1.70268
0.266725 -1.69774
0.26045 -1.69279
0.254175 -1.68785
0.247901 -1.6829
0.241626 -1.67796
0.235351 -1.67301
0.229077 -1.66807
0.222802 -1.66312
0.216527 -1.65818
0.210253 -1.65323
0.203978 -1.64829
0.197703 -1.64334
0.191429 -1.6384
0.185154 -1.63345
0.178879 -1.62851
0.172605 -1.62356
0.16633 -1.61862
0.158581 -1.61862
0.150833 -1.61862
0.143084 -1.61862
0.135335 -1.61862
0.127587 -1.61862
0.119838 -1.61862
0.112089 -1.61862
0.104341 -1.61862
0.0965921 -1.61862
0.0888434 -1.61862
0.0810948 -1.61862
0.0733461 -1.61862
0.0655975 -1.61862
0.0578488 -1.61862
0.0501002 -1.61862
0.0423515 -1.61862
0.0362004 -1.62373
0.0300493 -1.62885
0.0238982 -1.63396
0.0177471 -1.63907
0.011596 -1.64418
0.00544488 -1.6493
-0.000706229 -1.65441
-0.00685733 -1.65952
-0.0130084 -1.66463
-0.0191595 -1.66975
-0.0253106 -1.67486
-0.0314617 -1.67997
-0.0376129 -1.68509
-0.043764 -1.6902
-0.0499151 -1.69531
-0.0560662 -1.70042
-0.0622173 -1.70554
-0.0683684 -1.71065
-0.0745195 -1.71576
-0.0806706 -1.72087
-0.0868217 -1.72599
-0.0929728 -1.7311
-0.0991239 -1.73621
-0.105275 -1.74133
-0.111426 -1.74644
-0.117577 -1.75155
-0.123728 -1.75666
-0.129879 -1.76178
-0.136031 -1.76689
-0.142182 -1.772
-0.148333 -1.77712
-0.154484 -1.78223
-0.160635 -1.78734
-0.166786 -1.79245
-0.172937 -1.79757
-0.179088 -1.80268
-0.185239 -1.80779
-0.19139 -1.8129
-0.197542 -1.81802
-0.203693 -1.82313
-0.209844 -1.82824
-0.215995 -1.83336
-0.222146 -1.83847
-0.228297 -1.84358
-0.234448 -1.84869
-0.240599 -1.85381
-0.24675 -1.85892
-0.252902 -1.86403
-0.259053 -1.86914
-0.265204 -1.87426
-0.271355 -1.87937
-0.277506 -1.88448
-0.283657 -1.8896
-0.289808 -1.89471
-0.295959 -1.89982
-0.30211 -1.90493
-0.308261 -1.91005
-0.314413 -1.91516
-0.320564 -1.92027
-0.326715 -1.92538
-0.332866 -1.9305
-0.339017 -1.93561
-0.345168 -1.94072
-0.351319 -1.94584
-0.35747 -1.95095
-0.363621 -1.95606
-0.369772 -1.96117
-0.375924 -1.96629
-0.382075 -1.9714
-0.388226 -1.97651
-0.394377 -1.98163
-0.400528 -1.98674
-0.406679 -1.99185
-0.41283 -1.99696
-0.418981 -2.00208
-0.425132 -2.00719
-0.431284 -2.0123
-0.437435 -2.01741
-0.443586 -2.02253
-0.449737 -2.02764
-0.455888 -2.03275
-0.462039 -2.03787
-0.46819 -2.04298
-0.474341 -2.04809
-0.480492 -2.0532
-0.486643 -2.05832
-0.492795 -2.06343
-0.498946 -2.06854
-0.505097 -2.07365
-0.511248 -2.07877
-0.517399 -2.08388
-0.52355 -2.08899
-0.529701 -2.09411
-0.535852 -2.09922
-0.542003 -2.10433
-0.548154 -2.10944
-0.554306 -2.11456
-0.560457 -2.11967
-0.566608 -2.12478
-0.572759 -2.12989
-0.57891 -2.13501
-0.585061 -2.14012
-0.591212 -2.14523
-0.597363 -2.15035
-0.603514 -2.15546
-0.609666 -2.16057
-0.615817 -2.16568
-0.621968 -2.1708
-0.628119 -2.17591
-0.63427 -2.18102
-0.640421 -2.18614
-0.646572 -2.19125
-0.652723 -2.19636
-0.658874 -2.20147
-0.665025 -2.20659
-0.671177 -2.2117
-0.677328 -2.21681
-0.683479 -2.22192
-0.68963 -2.22704
-0.695781 -2.23215
-0.700186 -2.23595
-0.706075 -2.24136
-0.711963 -2.24676
-0.717852 -2.25217
-0.72374 -2.25758
-0.729629 -2.26298
-0.735517 -2.26839
-0.741406 -2.2738
-0.747294 -2.2792
-0.753183 -2.28461
-0.759071 -2.29001
-0.76496 -2.29542
-0.770848 -2.30083
-0.776737 -2.30623
-0.782625 -2.31164
-0.788514 -2.31705
-0.794402 -2.32245
-0.800291 -2.32786
-0.806179 -2.33327
-0.812068 -2.33867
-0.817956 -2.34408
-0.823845 -2.34949
-0.829733 -2.35489
-0.835622 -2.3603
-0.84151 -2.3657
-0.847399 -2.37111
-0.853287 -2.37652
-0.859176 -2.38192
-0.865064 -2.38733
-0.870953 -2.39274
-0.876841 -2.39814
-0.88273 -2.40355
-0.888618 -2.40896
-0.894507 -2.41436
-0.900395 -2.41977
-0.906284 -2.42518
-0.912172 -2.43058
-0.918061 -2.43599
-0.923949 -2.4414
-0.929838 -2.4468
-0.935726 -2.45221
-0.941615 -2.45761
-0.947503 -2.46302
-0.953392 -2.46843
-0.95928 -2.47383
-0.965169 -2.47924
-0.971057 -2.48465
-0.976946 -2.49005
-0.982834 -2.49546
-0.988723 -2.50087
-0.994611 -2.50627
-1.0005 -2.51168
-1.00639 -2.51709
-1.01228 -2.52249
-1.01817 -2.5279
-1.02405 -2.5333
-1.02994 -2.53871
-1.03583 -2.54412
-1.04172 -2.54952
-1.04761 -2.55493
-1.0535 -2.56034
-1.05938 -2.56574
-1.06527 -2.57115
-1.07116 -2.57656
-1.07705 -2.58196
-1.08294 -2.58737
-1.08883 -2.59278
-1.09472 -2.59818
-1.1006 -2.60359
-1.10649 -2.60899
-1.11238 -2.6144
-1.11827 -2.61981
-1.12416 -2.62521
-1.13005 -2.63062
-1.13594 -2.63603
-1.14182 -2.64143
-1.14771 -2.64684
-1.1536 -2.65225
-1.15949 -2.65765
-1.16538 -2.66306
-1.17127 -2.66847
-1.17716 -2.67387
-1.18304 -2.67928
-1.18893 -2.68469
-1.19482 -2.69009
-1.20071 -2.6955
-1.2066 -2.7009
-1.21249 -2.70631
-1.21837 -2.71172
-1.22426 -2.71712
-1.23015 -2.72253
-1.23604 -2.72794
-1.24193 -2.73334
-1.24782 -2.73875
-1.25371 -2.74416
-1.25959 -2.74956
-1.26548 -2.75497
-1.27137 -2.76038
-1.27726 -2.76578
-1.28315 -2.77119
-1.28904 -2.77659
-1.29493 -2.782
-1.30081 -2.78741
-1.3067 -2.79281
-1.31259 -2.79822
-1.31848 -2.80363
-1.32437 -2.80903
-1.33026 -2.81444
-1.33614 -2.81985
-1.34203 -2.82525
-1.34792 -2.83066
-1.35381 -2.83607
-1.3597 -2.84147
-1.36559 -2.84688
-1.37148 -2.85229
-1.37736 -2.85769
-1.38325 -2.8631
-1.38914 -2.8685
-1.39503 -2.87391
-1.40092 -2.87932
-1.40681 -2.88472
-1.4127 -2.89013
-1.41858 -2.89554
-1.42447 -2.90094
-1.43036 -2.90635
-1.43625 -2.91176
-1.44214 -2.91716
-1.44803 -2.92257
-1.45391 -2.92798
-1.4598 -2.93338
-1.46569 -2.93879
-1.47158 -2.94419
-1.47747 -2.9496
-1.48336 -2.95501
-1.48925 -2.96041
-1.49513 -2.96582
-1.50102 -2.97123
-1.50691 -2.97663
-1.5128 -2.98204
-1.51869 -2.98745
-1.52458 -2.99285
-1.53047 -2.99826
-1.53635 -3.00367
-1.54224 -3.00907
-1.54813 -3.01448
-1.55402 -3.01988
-1.55991 -3.02529
-1.5658 -3.0307
-1.57169 -3.0361
-1.57757 -3.04151
-1.58346 -3.04692
-1.58935 -3.05232
-1.59524 -3.05773
-1.60113 -3.06314
-1.60702 -3.06854
-1.6129 -3.07395
-1.61879 -3.07936
-1.62468 -3.08476
-1.63057 -3.09017
-1.63646 -3.09558
-1.64235 -3.10098
-1.64824 -3.10639
-1.65412 -3.11179
-1.66001 -3.1172
-1.6659 -3.12261
-1.67179 -3.12801
-1.67768 -3.13342
-1.68357 -3.13883
-1.68946 -3.14423
-1.69534 -3.14964
-1.70123 -3.15505
-1.70712 -3.16045
-1.71301 -3.16586
-1.7189 -3.17127
-1.72479 -3.17667
-1.73067 -3.18208
-1.73656 -3.18748
-1.74245 -3.19289
-1.74834 -3.1983
-1.75423 -3.2037
-1.76012 -3.20911
-1.76601 -3.21452
-1.77189 -3.21992
-1.77778 -3.22533
-1.78367 -3.23074
-1.78956 -3.23614
-1.79545 -3.24155
-1.80134 -3.24696
-1.80723 -3.25236
-1.81311 -3.25777
-1.819 -3.26318
-1.82489 -3.26858
-1.83078 -3.27399
-1.83667 -3.27939
-1.84256 -3.2848
-1.84844 -3.29021
-1.85433 -3.29561
-1.86022 -3.30102
-1.86611 -3.30643
-1.872 -3.31183
-1.87789 -3.31724
-1.88378 -3.32265
-1.88966 -3.32805
-1.89555 -3.33346
-1.90144 -3.33887
-1.90733 -3.34427
-1.91322 -3.34968
-1.91911 -3.35508
-1.925 -3.36049
-1.93088 -3.3659
-1.93677 -3.3713
-1.94266 -3.37671
-1.94855 -3.38212
-1.95444 -3.38752
-1.96033 -3.39293
-1.96622 -3.39834
-1.9721 -3.40374
-1.97799 -3.40915
-1.98388 -3.41456
-1.98977 -3.41996
-1.99566 -3.42537
-2.00155 -3.43078
-2.00743 -3.43618
-2.01332 -3.44159
-2.01921 -3.44699
-2.0251 -3.4524
-2.03099 -3.45781
-2.03688 -3.46321
-2.04277 -3.46862
-2.04865 -3.47403
-2.05454 -3.47943
-2.06043 -3.48484
-2.06632 -3.49025
-2.07221 -3.49565
-2.0781 -3.50106
-2.08399 -3.50647
-2.08987 -3.51187
-2.09576 -3.51728
-2.10165 -3.52268
-2.10754 -3.52809
-2.11343 -3.5335
-2.11932 -3.5389
-2.1252 -3.54431
-2.13109 -3.54972
-2.13698 -3.55512
-2.14287 -3.56053
-2.14876 -3.56594
-2.15465 -3.57134
-2.16054 -3.57675
-2.16642 -3.58216
-2.17231 -3.58756
-2.1782 -3.59297
-2.18409 -3.59837
-2.18998 -3.60378
-2.19587 -3.60919
-2.20176 -3.61459
-2.20764 -3.62
-2.21353 -3.62541
-2.21942 -3.63081
-2.22531 -3.63622
-2.2312 -3.64163
-2.23709 -3.64703
-2.24297 -3.65244
-2.24886 -3.65785
-2.25475 -3.66325
-2.26064 -3.66866
-2.26653 -3.67407
-2.27242 -3.67947
-2.27831 -3.68488
-2.28419 -3.69028
-2.29008 -3.69569
-2.29597 -3.7011
-2.30186 -3.7065
-2.30775 -3.71191
-2.31364 -3.71732
-2.31953 -3.72272
-2.32541 -3.72813
-2.3313 -3.73354
-2.33719 -3.73894
-2.34308 -3.74435
-2.34897 -3.74976
-2.35486 -3.75516
-2.36075 -3.76057
-2.36663 -3.76597
-2.37252 -3.77138
-2.37841 -3.77679
-2.3843 -3.78219
-2.39019 -3.7876
-2.39608 -3.79301
-2.40196 -3.79841
-2.40785 -3.80382
-2.41374 -3.80923
-2.41963 -3.81463
-2.42552 -3.82004
-2.43141 -3.82545
-2.4373 -3.83085
-2.44318 -3.83626
-2.44907 -3.84167
-2.45496 -3.84707
-2.46085 -3.85248
-2.46674 -3.85788
-2.47263 -3.86329
-2.47852 -3.8687
-2.4844 -3.8741
-2.49029 -3.87951
-2.49618 -3.88492
-2.50207 -3.89032
-2.50796 -3.89573
-2.51385 -3.90114
-2.51973 -3.90654
-2.52562 -3.91195
-2.53151 -3.91736
-2.5374 -3.92276
-2.54329 -3.92817
-2.54918 -3.93357
-2.55507 -3.93898
-2.56095 -3.94439
-2.56684 -3.94979
-2.57273 -3.9552
-2.57862 -3.96061
-2.58451 -3.96601
-2.5904 -3.97142
-2.59629 -3.97683
-2.60217 -3.98223
-2.60806 -3.98764
-2.61395 -3.99305
-2.61984 -3.99845
-2.62573 -4.00386
-2.63162 -4.00927
-2.6375 -4.01467
-2.64339 -4.02008
-2.64928 -4.02548
-2.65517 -4.03089
-2.66106 -4.0363
-2.66695 -4.0417
-2.67284 -4.04711
-2.67872 -4.05252
-2.68461 -4.05792
-2.6905 -4.06333
-2.69639 -4.06874
-2.70228 -4.07414
-2.70817 -4.07955
-2.71406 -4.08496
-2.71994 -4.09036
-2.72583 -4.09577
-2.73172 -4.10117
-2.73761 -4.10658
-2.7435 -4.11199
-2.74939 -4.11739
-2.75528 -4.1228
-2.76116 -4.12821
-2.76705 -4.13361
-2.77294 -4.13902
-2.77883 -4.14443
-2.78472 -4.14983
-2.79061 -4.15524
-2.79649 -4.16065
-2.80238 -4.16605
-2.80827 -4.17146
-2.81416 -4.17686
-2.82005 -4.18227
-2.82594 -4.18768
-2.83183 -4.19308
-2.83771 -4.19849
-2.8436 -4.2039
-2.84949 -4.2093
-2.85538 -4.21471
-2.86127 -4.22012
-2.86716 -4.22552
-2.87305 -4.23093
-2.87893 -4.23634
-2.88482 -4.24174
-2.89071 -4.24715
-2.8966 -4.25256
-2.90249 -4.25796
-2.90838 -4.26337
-2.91426 -4.26877
-2.92015 -4.27418
-2.92604 -4.27959
-2.93193 -4.28499
-2.93782 -4.2904
-2.94371 -4.29581
-2.9496 -4.30121
-2.95548 -4.30662
-2.96137 -4.31203
-2.96726 -4.31743
-2.97315 -4.32284
-2.97904 -4.32825
-2.98493 -4.33365
-2.99082 -4.33906
-2.9967 -4.34446
-3.00259 -4.34987
-3.00848 -4.35528
-3.01437 -4.36068
-3.02026 -4.36609
-3.02615 -4.3715
-3.03203 -4.3769
-3.03792 -4.38231
-3.04381 -4.38772
-3.0497 -4.39312
-3.05559 -4.39853
-3.06148 -4.40394
-3.06737 -4.40934
-3.07325 -4.41475
-3.07914 -4.42016
-3.08503 -4.42556
-3.09092 -4.43097
-3.09681 -4.43637
-3.1027 -4.44178
-3.10859 -4.44719
-3.11447 -4.45259
-3.12036 -4.458
-3.12625 -4.46341
-3.13214 -4.46881
-3.13803 -4.47422
-3.14392 -4.47963
-3.14981 -4.48503
-3.15569 -4.49044
-3.16158 -4.49585
-3.16747 -4.50125
-3.17336 -4.50666
-3.17925 -4.51206
-3.18514 -4.51747
-3.19102 -4.52288
-3.19691 -4.52828
-3.2028 -4.53369
-3.20869 -4.5391
-3.21458 -4.5445
-3.22047 -4.54991
-3.22636 -4.55532
-3.23224 -4.56072
-3.23813 -4.56613
-3.24402 -4.57154
-3.24991 -4.57694
-3.2558 -4.58235
-3.26169 -4.58775
-3.26758 -4.59316
-3.27346 -4.59857
-3.27935 -4.60397
-3.28524 -4.60938
-3.29113 -4.61479
-3.29702 -4.62019
-3.30291 -4.6256
-3.30879 -4.63101
-3.31468 -4.63641
-3.32057 -4.64182
-3.32646 -4.64723
-3.33235 -4.65263
-3.33824 -4.65804
-3.34413 -4.66345
-3.35001 -4.66885
-3.3559 -4.67426
-3.36179 -4.67966
-3.36768 -4.68507
-3.37357 -4.69048
-3.37946 -4.69588
-3.38535 -4.70129
-3.39123 -4.7067
-3.39712 -4.7121
-3.40301 -4.71751
-3.4089 -4.72292
-3.41479 -4.72832
-3.42068 -4.73373
-3.42656 -4.73914
-3.43245 -4.74454
-3.43834 -4.74995
-3.44423 -4.75535
-3.45012 -4.76076
-3.45601 -4.76617
-3.4619 -4.77157
-3.46778 -4.77698
-3.47367 -4.78239
-3.47956 -4.78779
-3.48545 -4.7932
-3.49091 -4.79905
-3.49636 -4.8049
-3.50147 -4.8107
-3.50657 -4.8165
-3.51042 -4.82121
-3.51427 -4.82592
-3.51812 -4.83063
-3.51977 -4.83278
-3.52247 -4.83662
-3.52517 -4.84047
-3.52692 -4.84472
-3.52695 -4.85256
-3.52697 -4.8604
-3.527 -4.86824
-3.52703 -4.87609
-3.52705 -4.88393
-3.52708 -4.89177
-3.52711 -4.89961
-3.52713 -4.90745
-3.52716 -4.91529
-3.52719 -4.92314
-3.52721 -4.93098
-3.52724 -4.93882
-3.52727 -4.94666
-3.52729 -4.9545
-3.52732 -4.96234
-3.52735 -4.97019
-3.52738 -4.97803
-3.5274 -4.98587
-3.52743 -4.99371
-3.52746 -5.00155
-3.52748 -5.00939
-3.52751 -5.01724
-3.52754 -5.02508
-3.52756 -5.03292
-3.52759 -5.04076
-3.52762 -5.0486
-3.52764 -5.05644
-3.52767 -5.06429
-3.5277 -5.07213
-3.52772 -5.07997
-3.52775 -5.08781
-3.52679 -5.09184
-3.52582 -5.09587
-3.5232 -5.10111
-3.52058 -5.10634
-3.519 -5.10908
-3.51525 -5.11497
-3.5115 -5.12085
-3.50775 -5.12674
-3.50443 -5.13133
-3.50111 -5.13592
-3.49779 -5.14051
-3.49412 -5.14508
-3.49045 -5.14965
-3.48678 -5.15422
-3.48089 -5.1596
-3.47501 -5.16498
-3.46912 -5.17037
-3.46324 -5.17575
-3.45735 -5.18113
-3.45146 -5.18651
-3.44558 -5.1919
-3.43969 -5.19728
-3.4338 -5.20266
-3.42792 -5.20804
-3.42203 -5.21343
-3.41615 -5.21881
-3.41026 -5.22419
-3.40437 -5.22957
-3.39849 -5.23496
-3.3926 -5.24034
-3.38671 -5.24572
-3.38083 -5.2511
-3.37494 -5.25649
-3.36906 -5.26187
-3.36317 -5.26725
-3.35728 -5.27263
-3.3514 -5.27802
-3.34551 -5.2834
-3.33962 -5.28878
-3.33374 -5.29416
-3.32785 -5.29954
-3.32197 -5.30493
-3.31608 -5.31031
-3.31019 -5.31569
-3.30431 -5.32107
-3.29842 -5.32646
-3.29253 -5.33184
-3.28665 -5.33722
-3.28076 -5.3426
-3.27488 -5.34799
-3.26899 -5.35337
-3.2631 -5.35875
-3.25722 -5.36413
-3.25133 -5.36952
-3.24544 -5.3749
-3.23956 -5.38028
-3.23367 -5.38566
-3.22779 -5.39105
-3.2219 -5.39643
-3.21601 -5.40181
-3.21013 -5.40719
-3.20424 -5.41258
-3.19835 -5.41796
-3.19247 -5.42334
-3.18658 -5.42872
-3.1807 -5.4341
-3.17481 -5.43949
-3.16892 -5.44487
-3.16304 -5.45025
-3.15715 -5.45563
-3.15126 -5.46102
-3.14538 -5.4664
-3.13949 -5.47178
-3.13361 -5.47716
-3.12772 -5.48255
-3.12183 -5.48793
-3.11595 -5.49331
-3.11006 -5.49869
-3.10417 -5.50408
-3.09829 -5.50946
-3.0924 -5.51484
-3.08652 -5.52022
-3.08063 -5.52561
-3.07474 -5.53099
-3.06886 -5.53637
-3.06297 -5.54175
-3.05708 -5.54714
-3.0512 -5.55252
-3.04531 -5.5579
-3.03943 -5.56328
-3.03354 -5.56866
-3.02765 -5.57405
-3.02177 -5.57943
-3.01588 -5.58481
-3.00999 -5.59019
-3.00411 -5.59558
-2.99822 -5.60096
-2.99234 -5.60634
-2.98645 -5.61172
-2.98056 -5.61711
-2.97468 -5.62249
-2.96879 -5.62787
-2.9629 -5.63325
-2.95702 -5.63864
-2.95113 -5.64402
-2.94525 -5.6494
-2.93936 -5.65478
-2.93347 -5.66017
-2.92759 -5.66555
-2.9217 -5.67093
-2.91581 -5.67631
-2.90993 -5.6817
-2.90404 -5.68708
-2.89816 -5.69246
-2.89227 -5.69784
-2.88638 -5.70322
-2.8805 -5.70861
-2.87461 -5.71399
-2.86872 -5.71937
-2.86284 -5.72475
-2.85695 -5.73014
-2.85107 -5.73552
-2.84518 -5.7409
-2.83929 -5.74628
-2.83341 -5.75167
-2.82752 -5.75705
-2.82163 -5.76243
-2.81575 -5.76781
-2.80986 -5.7732
-2.80398 -5.77858
-2.79809 -5.78396
-2.7922 -5.78934
-2.78632 -5.79473
-2.78043 -5.80011
-2.77454 -5.80549
-2.76866 -5.81087
-2.76277 -5.81626
-2.75689 -5.82164
-2.751 -5.82702
-2.74902 -5.82847
-2.74576 -5.83055
-2.73838 -5.83361
-2.73101 -5.83667
-2.72363 -5.83974
-2.71626 -5.8428
-2.70888 -5.84586
-2.7015 -5.84892
-2.69413 -5.85199
-2.68675 -5.85505
-2.67937 -5.85811
-2.672 -5.86117
-2.66462 -5.86423
-2.65725 -5.8673
-2.64987 -5.87036
-2.64249 -5.87342
-2.63512 -5.87648
-2.62774 -5.87955
-2.62037 -5.88261
-2.61299 -5.88567
-2.60561 -5.88873
-2.59824 -5.89179
-2.59086 -5.89486
-2.58348 -5.89792
-2.57611 -5.90098
-2.56873 -5.90404
-2.56136 -5.90711
-2.55398 -5.91017
-2.5466 -5.91323
-2.53923 -5.91629
-2.53185 -5.91935
-2.52447 -5.92242
-2.5171 -5.92548
-2.50972 -5.92854
-2.50235 -5.9316
-2.49497 -5.93467
-2.48759 -5.93773
-2.48022 -5.94079
-2.47284 -5.94385
-2.46547 -5.94691
-2.45809 -5.94998
-2.45071 -5.95304
-2.44334 -5.9561
-2.43596 -5.95916
-2.42858 -5.96223
-2.42121 -5.96529
-2.41383 -5.96835
-2.40646 -5.97141
-2.39908 -5.97447
-2.3917 -5.97754
-2.38433 -5.9806
-2.37695 -5.98366
-2.36958 -5.98672
-2.3622 -5.98979
-2.35482 -5.99285
-2.34745 -5.99591
-2.34007 -5.99897
-2.33269 -6.00204
-2.32532 -6.0051
-2.31794 -6.00816
-2.31057 -6.01122
-2.30319 -6.01428
-2.29581 -6.01735
-2.28844 -6.02041
-2.28106 -6.02347
-2.27369 -6.02653
-2.26631 -6.0296
-2.25893 -6.03266
-2.25156 -6.03572
-2.24418 -6.03878
-2.2368 -6.04184
-2.22943 -6.04491
-2.22205 -6.04797
-2.21468 -6.05103
-2.2073 -6.05409
-2.19992 -6.05716
-2.19255 -6.06022
-2.18517 -6.06328
-2.17779 -6.06634
-2.17042 -6.0694
-2.16304 -6.07247
-2.15567 -6.07553
-2.14829 -6.07859
-2.14091 -6.08165
-2.13354 -6.08472
-2.12616 -6.08778
-2.11879 -6.09084
-2.11141 -6.0939
-2.10403 -6.09696
-2.09666 -6.10003
-2.08928 -6.10309
-2.0819 -6.10615
-2.07453 -6.10921
-2.06715 -6.11228
-2.05978 -6.11534
-2.0524 -6.1184
