2.01678 -6.11437
2.02409 -6.11112
2.03128 -6.10762
2.03885 -6.10497
2.0459 -6.10114
2.05314 -6.09775
2.06098 -6.09571
2.06802 -6.09186
2.07488 -6.0876
2.08223 -6.08446
2.09019 -6.08266
2.09693 -6.07814
2.10436 -6.07517
2.11149 -6.07154
2.11865 -6.06796
2.12609 -6.06501
2.13355 -6.06211
2.14075 -6.05863
2.14794 -6.05511
2.15536 -6.05212
2.16305 -6.04973
2.17013 -6.04599
2.17779 -6.04352
2.18466 -6.03931
2.19204 -6.03623
2.19978 -6.03395
2.20686 -6.03018
2.21384 -6.02621
2.22103 -6.0227
2.22902 -6.02098
2.23612 -6.01727
2.24289 -6.01283
2.25046 -6.01018
2.25788 -6.00717
2.2654 -6.00442
2.27244 -6.00057
2.2796 -5.99699
2.28683 -5.99357
2.29426 -5.9906
2.30142 -5.98702
2.30902 -5.98443
2.31662 -5.98184
2.32346 -5.97754
2.33128 -5.97545
2.33785 -5.97055
2.34541 -5.96788
2.35264 -5.96446
2.35994 -5.96119
2.36775 -5.95908
2.37455 -5.95471
2.38216 -5.95213
2.3892 -5.94828
2.39645 -5.94491
2.40432 -5.94293
2.41094 -5.93813
2.41824 -5.93487
2.42554 -5.93162
2.43307 -5.92886
2.44044 -5.92576
2.44807 -5.92324
2.45526 -5.91975
2.46277 -5.91696
2.46993 -5.91337
2.47678 -5.9091
2.4845 -5.90678
2.49153 -5.90291
2.49917 -5.9004
2.50627 -5.8967
2.51314 -5.89247
2.52057 -5.88951
2.52792 -5.88636
2.53534 -5.88336
2.54262 -5.88005
2.55015 -5.87732
2.55703 -5.8731
2.56498 -5.8713
2.57169 -5.86671
2.57918 -5.86388
2.58672 -5.86116
2.59413 -5.85814
2.60085 -5.85357
2.60838 -5.85084
2.616 -5.8483
2.62338 -5.84521
2.63023 -5.84093
2.63736 -5.83729
2.64472 -5.83417
2.65232 -5.83158
2.65929 -5.82757
2.66746 -5.82577
2.67116 -5.8213
2.67614 -5.81855
2.68087 -5.81537
2.68607 -5.80924
2.69214 -5.80405
2.6974 -5.798
2.70391 -5.79328
2.70904 -5.78708
2.71515 -5.78193
2.72197 -5.77754
2.72669 -5.77091
2.73264 -5.76559
2.7391 -5.76082
2.74488 -5.75532
2.75004 -5.74915
2.75624 -5.7441
2.76168 -5.73823
2.76751 -5.73279
2.77358 -5.7276
2.77962 -5.72237
2.78592 -5.71743
2.79172 -5.71195
2.79772 -5.70669
2.80263 -5.70025
2.8093 -5.69571
2.81414 -5.6892
2.82064 -5.68447
2.82641 -5.67896
2.83268 -5.67398
2.83837 -5.66839
2.8436 -5.66229
2.84994 -5.6574
2.85526 -5.6514
2.86132 -5.6462
2.86729 -5.6409
2.87295 -5.63528
2.87951 -5.63061
2.88476 -5.62454
2.89129 -5.61984
2.89681 -5.61406
2.90245 -5.60841
2.90847 -5.60317
2.91372 -5.5971
2.91964 -5.59175
2.92556 -5.5864
2.93092 -5.58044
2.93726 -5.57554
2.94334 -5.57037
2.94908 -5.56482
2.95486 -5.55933
2.96123 -5.55445
2.96655 -5.54846
2.97246 -5.5431
2.97851 -5.53788
2.98366 -5.5317
2.98986 -5.52666
2.99575 -5.52127
3.00195 -5.51623
3.00815 -5.51117
3.01348 -5.5052
3.01883 -5.49922
3.02559 -5.49478
3.0302 -5.48802
3.03602 -5.48257
3.04185 -5.47712
3.04871 -5.47277
3.05481 -5.46762
3.06054 -5.46207
3.06644 -5.45669
3.07225 -5.45122
3.07784 -5.44552
3.08335 -5.43973
3.08912 -5.43421
3.09468 -5.42848
3.10135 -5.42394
3.10632 -5.41756
3.11253 -5.41252
3.11853 -5.40725
3.1238 -5.40121
3.13046 -5.39665
3.13622 -5.39113
3.14129 -5.38487
3.14717 -5.37948
3.15344 -5.3745
3.15908 -5.36885
3.16472 -5.36319
3.17101 -5.35824
3.17732 -5.35331
3.18206 -5.34669
3.18909 -5.34253
3.19473 -5.33688
3.19975 -5.33057
3.20618 -5.32576
3.21125 -5.31949
3.21786 -5.31489
3.22372 -5.30948
3.22923 -5.30369
3.23578 -5.29901
3.24079 -5.29268
3.24668 -5.2873
3.25256 -5.2819
3.2583 -5.27636
3.26472 -5.27155
3.27056 -5.26611
3.27629 -5.26056
3.28142 -5.25435
3.2875 -5.24917
3.29322 -5.24361
3.29985 -5.23902
3.30533 -5.2332
3.31152 -5.22814
3.31736 -5.2227
3.32213 -5.21612
3.3284 -5.21115
3.3346 -5.2061
3.34014 -5.20034
3.34581 -5.19471
3.35263 -5.19033
3.3576 -5.18396
3.36384 -5.17895
3.36979 -5.17363
3.37558 -5.16814
3.38064 -5.16187
3.38734 -5.15735
3.39286 -5.15158
3.39813 -5.14552
3.4047 -5.14087
3.40984 -5.13469
3.41654 -5.13015
3.42154 -5.12533
3.42639 -5.12038
3.43076 -5.11494
3.43534 -5.10972
3.44113 -5.10567
3.4464 -5.09999
3.45138 -5.09402
3.45521 -5.0899
3.45939 -5.0861
3.4633 -5.08203
3.46583 -5.07717
3.46939 -5.07331
3.4732 -5.06808
3.47607 -5.06553
3.47623 -5.05766
3.4754 -5.0498
3.47529 -5.04193
3.47531 -5.03406
3.4761 -5.02618
3.47635 -5.01831
3.47501 -5.01045
3.47554 -5.00258
3.47465 -4.99472
3.47492 -4.98685
3.47466 -4.97898
3.4751 -4.97111
3.47555 -4.96323
3.47478 -4.95537
3.47503 -4.9475
3.47453 -4.93963
3.474 -4.93177
3.47443 -4.92389
3.47454 -4.91602
3.4755 -4.90815
3.47518 -4.90028
3.47526 -4.89241
3.47345 -4.88456
3.47362 -4.87669
3.47364 -4.86882
3.47489 -4.86094
3.47504 -4.85307
3.47311 -4.84521
3.47315 -4.83734
3.47335 -4.82947
3.47445 -4.82159
3.47403 -4.81357
3.47117 -4.80946
3.46877 -4.80527
3.46593 -4.79876
3.46033 -4.79437
3.45629 -4.78882
3.45295 -4.78293
3.44741 -4.77895
3.44425 -4.7729
3.43914 -4.76854
3.43456 -4.76374
3.4302 -4.75696
3.42402 -4.75186
3.41844 -4.74627
3.41227 -4.7412
3.40684 -4.73529
3.40045 -4.73046
3.39471 -4.7249
3.389 -4.7193
3.38268 -4.71439
3.37755 -4.70816
3.37102 -4.70348
3.36561 -4.69755
3.35994 -4.69191
3.35332 -4.68734
3.34805 -4.68125
3.34209 -4.67594
3.33561 -4.6712
3.33041 -4.66504
3.32329 -4.66102
3.3176 -4.6554
3.3121 -4.64958
3.30595 -4.64447
3.30072 -4.63835
3.29464 -4.63317
3.28847 -4.6281
3.2819 -4.62345
3.27664 -4.61737
3.2709 -4.6118
3.26503 -4.60639
3.25799 -4.60227
3.25258 -4.59635
3.24604 -4.59169
3.2404 -4.58602
3.23501 -4.58007
3.22924 -4.57454
3.22303 -4.56951
3.21721 -4.56404
3.21078 -4.55925
3.20493 -4.55381
3.19908 -4.54837
3.19359 -4.54254
3.18674 -4.53822
3.18151 -4.53209
3.17566 -4.52665
3.1698 -4.52123
3.16303 -4.51681
3.15759 -4.51092
3.15187 -4.50534
3.14548 -4.5005
3.13993 -4.49473
3.13321 -4.49027
3.12861 -4.48344
3.12226 -4.47856
3.11566 -4.47396
3.1098 -4.46854
3.10475 -4.46221
3.09869 -4.45701
3.09284 -4.45157
3.08652 -4.44665
3.08088 -4.44098
3.07517 -4.4354
3.0687 -4.43065
3.0627 -4.42538
3.05719 -4.41956
3.05027 -4.41532
3.04474 -4.40953
3.03825 -4.4048
3.03312 -4.39856
3.02653 -4.39396
3.02071 -4.38848
3.01527 -4.38259
3.00944 -4.37713
3.00311 -4.37223
2.9976 -4.36641
2.99166 -4.36108
2.98554 -4.35594
2.97955 -4.35066
2.97425 -4.34461
2.96831 -4.33928
2.96218 -4.33415
2.95562 -4.32951
2.94955 -4.32431
2.94435 -4.31816
2.93773 -4.31357
2.93209 -4.30791
2.92574 -4.30303
2.91967 -4.29783
2.91366 -4.29257
2.9078 -4.28715
2.90181 -4.28187
2.89638 -4.27596
2.8902 -4.2709
2.88497 -4.26477
2.87817 -4.2604
2.87305 -4.25414
2.86619 -4.24983
2.86056 -4.24415
2.85446 -4.23899
2.84916 -4.23294
2.84288 -4.22799
2.8364 -4.22325
2.83165 -4.2166
2.82522 -4.2118
2.81962 -4.20609
2.81288 -4.20164
2.80757 -4.19561
2.80196 -4.1899
2.79529 -4.18538
2.78902 -4.1804
2.78404 -4.17401
2.77757 -4.16926
2.77146 -4.16411
2.76547 -4.15883
2.75995 -4.15303
2.75373 -4.148
2.74847 -4.14191
2.74187 -4.13731
2.73649 -4.13135
2.73013 -4.12648
2.72395 -4.12141
2.71868 -4.11533
2.71172 -4.11113
2.70624 -4.10528
2.70065 -4.09956
2.69435 -4.09462
2.68837 -4.08933
2.68242 -4.08401
2.67626 -4.07892
2.6707 -4.07315
2.66518 -4.06735
2.65955 -4.06167
2.65323 -4.05675
2.64696 -4.05179
2.64143 -4.04599
2.63482 -4.0414
2.62952 -4.03535
2.62333 -4.0303
2.61726 -4.02511
2.61158 -4.01948
2.60557 -4.01422
2.60021 -4.00825
2.59376 -4.00348
2.58724 -3.99878
2.58129 -3.99346
2.57547 -3.98799
2.56938 -3.98282
2.56373 -3.97717
2.55789 -3.97171
2.55178 -3.96657
2.54651 -3.96048
2.54045 -3.95529
2.53378 -3.95075
2.52817 -3.94505
2.5227 -3.93919
2.51663 -3.934
2.51095 -3.92837
2.50462 -3.92348
2.49839 -3.91847
2.49237 -3.91322
2.48718 -3.90705
2.48083 -3.90216
2.47423 -3.89756
2.46948 -3.89091
2.46366 -3.88543
2.45761 -3.88022
2.45135 -3.87524
2.44467 -3.87073
2.43928 -3.86478
2.43368 -3.85907
2.42801 -3.85344
2.42092 -3.84938
2.41561 -3.84334
2.40993 -3.83772
2.40362 -3.83278
2.39757 -3.82758
2.39229 -3.8215
2.38526 -3.81738
2.37946 -3.81189
2.37453 -3.80543
2.36823 -3.80049
2.36145 -3.7961
2.35683 -3.78929
2.35037 -3.78453
2.34411 -3.77954
2.33845 -3.7739
2.33196 -3.76918
2.3267 -3.76308
2.3212 -3.75726
2.31473 -3.75252
2.30812 -3.74793
2.30327 -3.74137
2.29664 -3.73681
2.29142 -3.73067
2.28548 -3.72533
2.27924 -3.72033
2.27319 -3.71512
2.26709 -3.70996
2.2606 -3.70523
2.25545 -3.69902
2.24946 -3.69373
2.24393 -3.68795
2.23711 -3.68359
2.23146 -3.67793
2.22599 -3.67207
2.22003 -3.66676
2.21412 -3.66139
2.20788 -3.65639
2.202 -3.65099
2.19575 -3.64599
2.18984 -3.64063
2.18374 -3.63546
2.17814 -3.62975
2.17196 -3.62468
2.16624 -3.6191
2.1609 -3.6131
2.15374 -3.60911
2.1481 -3.60344
2.14244 -3.5978
2.13648 -3.59249
2.13 -3.58775
2.12498 -3.58139
2.1185 -3.57665
2.11231 -3.5716
2.10647 -3.56615
2.1014 -3.55984
2.09516 -3.55485
2.08929 -3.54943
2.08364 -3.54378
2.07666 -3.53959
2.07094 -3.53401
2.06572 -3.52788
2.05931 -3.52306
2.05283 -3.51832
2.04805 -3.5117
2.04183 -3.50667
2.03624 -3.50095
2.03001 -3.49594
2.0234 -3.49134
2.01779 -3.48564
2.01119 -3.48104
2.00533 -3.47561
1.99969 -3.46995
1.9936 -3.46478
1.98864 -3.45835
1.98203 -3.45376
1.9768 -3.44764
1.97077 -3.4424
1.96434 -3.43761
1.95895 -3.43166
1.95225 -3.42717
1.94655 -3.42157
1.94037 -3.41649
1.93401 -3.41162
1.92806 -3.4063
1.92219 -3.40089
1.91634 -3.39546
1.91047 -3.39004
1.90479 -3.38441
1.89842 -3.37955
1.89347 -3.37312
1.88699 -3.36838
1.88109 -3.36301
1.87509 -3.35773
1.86884 -3.35275
1.86282 -3.34749
1.85811 -3.34079
1.85117 -3.33656
1.84497 -3.33152
1.83951 -3.32565
1.83427 -3.31954
1.82807 -3.31449
1.82208 -3.30921
1.81552 -3.30456
1.80975 -3.29904
1.80359 -3.29394
1.79747 -3.2888
1.79236 -3.28255
1.78594 -3.27775
1.78032 -3.27206
1.77442 -3.26667
1.76852 -3.26129
1.76247 -3.25608
1.75689 -3.25035
1.75067 -3.24532
1.74454 -3.24019
1.73899 -3.23443
1.73289 -3.22926
1.72673 -3.22418
1.7207 -3.21894
1.71494 -3.2134
1.7096 -3.2074
1.70319 -3.20259
1.69722 -3.19729
1.69147 -3.19174
1.68483 -3.18718
1.67915 -3.18156
1.67284 -3.17663
1.66684 -3.17136
1.66222 -3.16455
1.65627 -3.15923
1.64975 -3.15454
1.64326 -3.14981
1.63789 -3.14385
1.63237 -3.13804
1.62576 -3.13346
1.62065 -3.12719
1.61438 -3.12222
1.60777 -3.11763
1.60188 -3.11225
1.59645 -3.10634
1.58986 -3.10172
1.58419 -3.09608
1.57821 -3.09079
1.57242 -3.0853
1.56632 -3.08013
1.56013 -3.07507
1.55525 -3.06856
1.5487 -3.06391
1.54275 -3.05859
1.53677 -3.05329
1.53108 -3.04768
1.52545 -3.04199
1.51867 -3.03759
1.51316 -3.03177
1.50679 -3.02692
1.50126 -3.02112
1.49598 -3.01506
1.4892 -3.01065
1.48393 -3.00457
1.47704 -3.00029
1.47097 -2.9951
1.46527 -2.9895
1.45941 -2.98407
1.4534 -2.97882
1.44772 -2.97319
1.44169 -2.96796
1.4362 -2.96212
1.42993 -2.95715
1.42387 -2.95195
1.41858 -2.94589
1.4116 -2.94171
1.40692 -2.93497
1.40036 -2.93032
1.39493 -2.92442
1.38893 -2.91915
1.38219 -2.9147
1.37596 -2.90969
1.37113 -2.90312
1.36457 -2.89847
1.35869 -2.89307
1.35293 -2.88754
1.34744 -2.8817
1.34126 -2.87664
1.33471 -2.87198
1.32846 -2.86698
1.3235 -2.86055
1.3172 -2.85563
1.311 -2.85058
1.30469 -2.84565
1.29891 -2.84014
1.29368 -2.83401
1.28793 -2.82847
1.28156 -2.82361
1.27515 -2.81879
1.26929 -2.81337
1.26441 -2.80685
1.25804 -2.80199
1.2514 -2.79744
1.24584 -2.79167
1.24064 -2.78552
1.23377 -2.78121
1.22861 -2.77502
1.22226 -2.77014
1.21608 -2.76507
1.21077 -2.75903
1.20386 -2.75477
1.19844 -2.74886
1.19313 -2.74282
1.18727 -2.73739
1.18004 -2.73349
1.17502 -2.72713
1.16919 -2.72167
1.16237 -2.71731
1.15743 -2.71087
1.1514 -2.70563
1.14523 -2.70055
1.13947 -2.69501
1.13252 -2.6908
1.12786 -2.68404
1.12147 -2.67921
1.11532 -2.6741
1.10902 -2.66917
1.10309 -2.66383
1.09736 -2.65826
1.09159 -2.65273
1.08521 -2.64789
1.08013 -2.64159
1.07371 -2.63679
1.06826 -2.6309
1.06242 -2.62546
1.05565 -2.62105
1.04996 -2.61543
1.04454 -2.60952
1.03816 -2.60467
1.03201 -2.59957
1.02696 -2.59325
1.0207 -2.58826
1.01449 -2.58323
1.00902 -2.57737
1.00302 -2.5721
0.996264 -2.56767
0.991026 -2.56155
0.985062 -2.55624
0.979263 -2.55075
0.973475 -2.54525
0.96737 -2.54009
0.960567 -2.53572
0.954906 -2.53007
0.949348 -2.52431
0.943178 -2.51923
0.937041 -2.51411
0.930951 -2.50894
0.925343 -2.50324
0.919488 -2.49781
0.913866 -2.49212
0.90801 -2.48669
0.901425 -2.48207
0.896379 -2.47574
0.889429 -2.47153
0.883965 -2.46566
0.878465 -2.45984
0.871784 -2.45532
0.86601 -2.4498
0.860701 -2.44377
0.854259 -2.43899
0.848565 -2.43338
0.842305 -2.4284
0.836299 -2.42314
0.830134 -2.41805
0.824654 -2.4122
0.818137 -2.40751
0.811947 -2.40245
0.806612 -2.39644
0.801132 -2.39059
0.794285 -2.38627
0.789206 -2.37997
0.783285 -2.37462
0.777058 -2.3696
0.770446 -2.36501
0.765301 -2.35879
0.75906 -2.35379
0.753735 -2.34777
0.746797 -2.34354
0.741987 -2.33695
0.735636 -2.33207
0.729265 -2.32721
0.722966 -2.32228
0.717003 -2.31697
0.711845 -2.31076
0.706167 -2.30513
0.699422 -2.30069
0.694365 -2.29437
0.687942 -2.28958
0.681961 -2.28429
0.676618 -2.27828
0.669465 -2.2743
0.664479 -2.2679
0.658865 -2.2622
0.6528 -2.25701
0.645929 -2.2527
0.640504 -2.2468
0.634849 -2.24114
0.628735 -2.236
0.6227 -2.23077
0.616955 -2.22522
0.611158 -2.21972
0.604161 -2.21556
0.598956 -2.20941
0.592587 -2.20455
0.587148 -2.19866
0.581579 -2.19291
0.575598 -2.18762
0.569213 -2.18277
0.563352 -2.17817
0.558282 -2.17263
0.551641 -2.16816
0.54532 -2.16331
0.540028 -2.15721
0.533004 -2.15321
0.527281 -2.14763
0.521197 -2.14249
0.515345 -2.13708
0.508987 -2.13227
0.503256 -2.1267
0.49706 -2.1217
0.490967 -2.11657
0.484458 -2.11195
0.478721 -2.10639
0.472049 -2.10196
0.466177 -2.09656
0.46014 -2.09137
0.454072 -2.08621
0.44695 -2.08232
0.441095 -2.07691
0.435886 -2.07071
0.429696 -2.0657
0.423596 -2.06058
0.417014 -2.05604
0.410566 -2.05134
0.404738 -2.0459
0.398541 -2.04089
0.392193 -2.03607
0.386741 -2.03017
0.379833 -2.02603
0.373686 -2.02096
0.368438 -2.01482
0.362247 -2.00981
0.355441 -2.00554
0.349365 -2.00039
0.343748 -1.99469
0.337363 -1.98991
0.330996 -1.98511
0.325651 -1.97908
0.319413 -1.97413
0.312536 -1.96995
0.306478 -1.96478
0.301176 -1.9587
0.293911 -1.95498
0.288903 -1.94855
0.282415 -1.94389
0.276046 -1.9391
0.269535 -1.93447
0.264332 -1.92827
0.258242 -1.92314
0.251884 -1.91833
0.246003 -1.91295
0.23878 -1.90918
0.233596 -1.90296
0.227292 -1.89809
0.220824 -1.89341
0.215258 -1.88765
0.208916 -1.88282
0.203136 -1.87731
0.196951 -1.8723
0.19011 -1.86807
0.183599 -1.86344
0.177378 -1.85847
0.171479 -1.85311
0.166195 -1.84701
0.160017 -1.84198
0.153536 -1.83732
0.147701 -1.83188
0.14092 -1.82758
0.134745 -1.82255
0.129442 -1.81647
0.123237 -1.81148
0.11611 -1.8076
0.111183 -1.80107
0.104108 -1.79712
0.0981854 -1.79179
0.0918169 -1.78699
0.0864491 -1.78099
0.0796072 -1.77676
0.0733108 -1.77188
0.0670982 -1.7669
0.0613526 -1.76135
0.0560994 -1.75521
0.0498434 -1.75028
0.0437375 -1.74517
0.0373695 -1.74037
0.0310382 -1.73553
0.0248742 -1.73048
0.0182838 -1.72596
0.0123905 -1.72059
0.00600996 -1.71581
0.000222908 -1.71031
-0.00585873 -1.70517
-0.0123805 -1.70056
-0.0183214 -1.69524
-0.0247879 -1.69057
-0.0306764 -1.68519
-0.0359704 -1.6791
-0.0431684 -1.6753
-0.0490887 -1.66997
-0.0543583 -1.66385
-0.0615542 -1.66005
-0.0670297 -1.65418
-0.0734288 -1.64942
-0.0787292 -1.64334
-0.0848477 -1.63824
-0.0915036 -1.63379
-0.0977429 -1.62884
-0.10329 -1.62305
-0.109962 -1.61863
-0.117766 -1.61803
-0.125569 -1.61766
-0.133373 -1.61961
-0.141176 -1.61904
-0.148979 -1.6182
-0.156783 -1.61796
-0.164586 -1.61853
-0.17239 -1.61951
-0.180194 -1.61899
-0.187997 -1.61887
-0.1958 -1.61815
-0.203604 -1.61952
-0.211407 -1.61771
-0.219211 -1.61864
-0.227015 -1.61846
-0.235202 -1.61814
-0.240941 -1.62373
-0.246672 -1.62932
-0.253122 -1.63402
-0.260117 -1.63805
-0.265547 -1.64402
-0.272275 -1.64838
-0.278269 -1.65364
-0.284888 -1.65814
-0.290545 -1.66382
-0.296324 -1.66936
-0.303361 -1.67333
-0.308658 -1.67946
-0.315853 -1.68324
-0.322002 -1.68832
-0.327787 -1.69385
-0.334226 -1.69856
-0.340097 -1.70398
-0.3461 -1.70924
-0.352901 -1.71351
-0.358578 -1.71917
-0.365235 -1.72361
-0.37094 -1.72924
-0.377702 -1.73356
-0.383904 -1.73857
-0.389642 -1.74415
-0.396561 -1.74827
-0.402643 -1.75343
-0.408423 -1.75896
-0.41434 -1.76433
-0.421194 -1.76853
-0.427221 -1.77376
-0.433198 -1.77905
-0.439945 -1.78338
-0.445212 -1.78955
-0.452282 -1.79348
-0.457548 -1.79965
-0.464211 -1.80409
-0.470504 -1.80899
-0.476754 -1.81394
-0.482811 -1.81913
-0.489329 -1.82375
-0.494692 -1.8298
-0.50162 -1.83391
-0.508185 -1.83847
-0.514003 -1.84395
-0.519535 -1.84979
-0.525672 -1.85488
-0.532443 -1.85919
-0.538494 -1.86439
-0.54481 -1.86926
-0.551503 -1.87366
-0.557297 -1.87917
-0.563991 -1.88357
-0.569988 -1.88884
-0.575869 -1.89425
-0.58193 -1.89943
-0.587848 -1.90479
-0.594626 -1.90909
-0.60002 -1.9151
-0.606438 -1.91984
-0.612587 -1.92492
-0.619703 -1.9288
-0.624969 -1.93496
-0.631614 -1.93943
-0.638089 -1.9441
-0.643452 -1.95015
-0.650076 -1.95463
-0.656557 -1.9593
-0.662319 -1.96485
-0.669365 -1.96882
-0.675496 -1.97392
-0.680883 -1.97994
-0.687272 -1.98471
-0.693876 -1.98923
-0.69979 -1.99459
-0.706354 -1.99916
-0.712054 -2.00479
-0.718836 -2.00908
-0.724484 -2.01478
-0.731324 -2.019
-0.736602 -2.02515
-0.743769 -2.02896
-0.749664 -2.03435
-0.755587 -2.03971
-0.762135 -2.04429
-0.767746 -2.05003
-0.774584 -2.05426
-0.780385 -2.05976
-0.786929 -2.06435
-0.792782 -2.06979
-0.799386 -2.0743
-0.804689 -2.08043
-0.811929 -2.08415
-0.817303 -2.09019
-0.823575 -2.09511
-0.830279 -2.0995
-0.835651 -2.10554
-0.842011 -2.11035
-0.848354 -2.11519
-0.854589 -2.12015
-0.861044 -2.12485
-0.867513 -2.12953
-0.873763 -2.13448
-0.880043 -2.1394
-0.886256 -2.14439
-0.891474 -2.15062
-0.898729 -2.15433
-0.904851 -2.15944
-0.910152 -2.16556
-0.916692 -2.17015
-0.922996 -2.17504
-0.92946 -2.17972
-0.935511 -2.18492
-0.942251 -2.18926
-0.947993 -2.19484
-0.954245 -2.1998
-0.960249 -2.20479
-0.965974 -2.21011
-0.972339 -2.21498
-0.978095 -2.22053
-0.983473 -2.2265
-0.990513 -2.23061
-0.996368 -2.23605
-1.00215 -2.24157
-1.00808 -2.24693
-1.01371 -2.25262
-1.01975 -2.25785
-1.02633 -2.26248
-1.03137 -2.26883
-1.03782 -2.2736
-1.04325 -2.27952
-1.04969 -2.2843
-1.05617 -2.28904
-1.06106 -2.29556
-1.06704 -2.30086
-1.07376 -2.30533
-1.07954 -2.31085
-1.08538 -2.3163
-1.09172 -2.3212
-1.09714 -2.32712
-1.10331 -2.33221
-1.10928 -2.33752
-1.11527 -2.34281
-1.12128 -2.34807
-1.1278 -2.35277
-1.13295 -2.359
-1.13946 -2.3637
-1.14481 -2.3697
-1.15042 -2.37542
-1.15727 -2.37974
-1.1624 -2.38599
-1.16861 -2.39103
-1.17439 -2.39656
-1.18021 -2.40204
-1.18713 -2.40628
-1.19287 -2.41185
-1.1992 -2.41675
-1.20485 -2.42242
-1.2111 -2.42742
-1.21718 -2.43261
-1.22314 -2.43793
-1.22897 -2.44339
-1.23449 -2.4492
-1.23988 -2.45517
-1.2464 -2.45987
-1.25234 -2.4652
-1.25869 -2.47009
-1.26412 -2.47601
-1.27041 -2.48096
-1.27632 -2.48633
-1.28181 -2.49218
-1.28834 -2.49686
-1.29427 -2.50222
-1.30075 -2.50695
-1.30594 -2.51314
-1.31208 -2.51825
-1.31778 -2.52387
-1.3238 -2.52912
-1.32979 -2.53441
-1.33647 -2.53893
-1.34263 -2.54402
-1.34795 -2.55006
-1.35438 -2.55486
-1.3599 -2.56067
-1.36632 -2.56547
-1.37245 -2.57061
-1.3784 -2.57594
-1.38379 -2.5819
-1.38995 -2.58699
-1.39623 -2.59195
-1.40137 -2.59819
-1.40707 -2.60382
-1.41413 -2.6079
-1.41936 -2.61404
-1.42507 -2.61964
-1.43194 -2.62394
-1.43767 -2.62952
-1.44341 -2.63509
-1.4496 -2.64014
-1.45489 -2.64622
-1.46128 -2.65106
-1.4667 -2.65699
-1.47379 -2.66104
-1.47946 -2.66669
-1.48554 -2.67187
-1.4918 -2.67686
-1.49655 -2.68354
-1.50364 -2.68759
-1.50861 -2.69402
-1.51542 -2.69839
-1.52146 -2.70362
-1.52729 -2.70908
-1.53233 -2.71544
-1.53836 -2.72068
-1.54437 -2.72595
-1.55083 -2.73071
-1.55617 -2.73673
-1.56341 -2.74061
-1.56862 -2.74678
-1.57457 -2.75211
-1.58003 -2.75798
-1.58666 -2.76256
-1.59285 -2.76762
-1.59909 -2.77263
-1.60412 -2.77899
-1.61077 -2.78353
-1.61704 -2.78851
-1.62287 -2.79398
-1.62831 -2.79988
-1.63482 -2.80458
-1.64093 -2.80974
-1.64565 -2.81645
-1.65274 -2.8205
-1.65776 -2.82688
-1.66414 -2.83173
-1.66983 -2.83735
-1.67551 -2.84299
-1.68148 -2.8483
-1.68764 -2.85339
-1.69439 -2.85782
-1.70014 -2.86339
-1.70535 -2.86955
-1.71175 -2.87438
-1.71744 -2.88
-1.72366 -2.88503
-1.72951 -2.89047
-1.73628 -2.89489
-1.74185 -2.90064
-1.74815 -2.90559
-1.7543 -2.91069
-1.7598 -2.91653
-1.76575 -2.92187
-1.77224 -2.92659
-1.77811 -2.93201
-1.78385 -2.93758
-1.79015 -2.94252
-1.79513 -2.94894
-1.80084 -2.95454
-1.80696 -2.95968
-1.81336 -2.96451
-1.81981 -2.96928
-1.8251 -2.97535
-1.83085 -2.98091
-1.83733 -2.98565
-1.84298 -2.99132
-1.84941 -2.99611
-1.85457 -3.00233
-1.86084 -3.00731
-1.86648 -3.01298
-1.8734 -3.01723
-1.87877 -3.02321
-1.88445 -3.02884
-1.89061 -3.03395
-1.89719 -3.03857
-1.90317 -3.04386
-1.90836 -3.05005
-1.91493 -3.05469
-1.9203 -3.06067
-1.92645 -3.06577
-1.93292 -3.07053
-1.93879 -3.07595
-1.94516 -3.08081
-1.95018 -3.08718
-1.95676 -3.09181
-1.96203 -3.0979
-1.96902 -3.10207
-1.97502 -3.10735
-1.97986 -3.11393
-1.98649 -3.1185
-1.99294 -3.12326
-1.99826 -3.1293
-2.00426 -3.13458
-2.01081 -3.13925
-2.01594 -3.14549
-2.02185 -3.15087
-2.0278 -3.1562
-2.03432 -3.16089
-2.03976 -3.1668
-2.04583 -3.17199
-2.05216 -3.1769
-2.05805 -3.1823
-2.0636 -3.18809
-2.0698 -3.19313
-2.07568 -3.19854
-2.08187 -3.20361
-2.08778 -3.20898
-2.09364 -3.21442
-2.09933 -3.22005
-2.10515 -3.22552
-2.11191 -3.22995
-2.11719 -3.23603
-2.12369 -3.24074
-2.13026 -3.24538
-2.13543 -3.25159
-2.14165 -3.25662
-2.14737 -3.26221
-2.15378 -3.26703
-2.15961 -3.27249
-2.16579 -3.27756
-2.17083 -3.28392
-2.1775 -3.28845
-2.18292 -3.29437
-2.18939 -3.29912
-2.19505 -3.30478
-2.2014 -3.30966
-2.20449 -3.31218
-2.20411 -3.31261
-2.20366 -3.31319
-2.20324 -3.3138
-2.20286 -3.31444
-2.20252 -3.3151
-2.20222 -3.31578
-2.20196 -3.31647
-2.20175 -3.31718
-2.20158 -3.31791
-2.20146 -3.31864
-2.20138 -3.31938
-2.20135 -3.32012
-2.20136 -3.32086
-2.20142 -3.3216
-2.20153 -3.32233
-2.20168 -3.32306
-2.20407 -3.33311
-2.20426 -3.3338
-2.20449 -3.33448
-2.20476 -3.33514
-2.20507 -3.33579
-2.20541 -3.33642
-2.2058 -3.33703
-2.22308 -3.36305
-2.22347 -3.36364
-2.2239 -3.3642
-2.22437 -3.36474
-2.22486 -3.36525
-2.22538 -3.36573
-2.22593 -3.36618
-2.22651 -3.36659
-2.22711 -3.36697
-2.22773 -3.36731
-2.22837 -3.36762
-2.25186 -3.37824
-2.25248 -3.37849
-2.26869 -3.38468
-2.26939 -3.38492
-2.2701 -3.38512
-2.27083 -3.38527
-2.27156 -3.38538
-2.2723 -3.38545
-2.27304 -3.38546
-2.27378 -3.38544
-2.27451 -3.38536
-2.27525 -3.38524
-2.27597 -3.38508
-2.27668 -3.38487
-2.27738 -3.38462
-2.27805 -3.38433
-2.27872 -3.384
-2.27935 -3.38362
-2.27997 -3.38321
-2.28056 -3.38276
-2.28111 -3.38227
-2.28164 -3.38175
-2.28195 -3.38141
-2.28442 -3.38463
-2.29045 -3.38987
-2.2966 -3.39497
-2.30292 -3.3999
-2.30873 -3.40539
-2.31517 -3.41016
-2.32034 -3.41637
-2.32611 -3.42191
-2.33317 -3.42599
-2.33817 -3.43239
-2.34426 -3.43757
-2.3504 -3.44269
-2.35616 -3.44824
-2.36182 -3.45389
-2.36839 -3.45853
-2.37465 -3.46351
-2.38013 -3.46937
-2.38655 -3.47418
-2.39179 -3.4803
-2.39755 -3.48586
-2.40436 -3.49022
-2.41067 -3.49515
-2.4166 -3.5005
-2.42199 -3.50647
-2.42802 -3.5117
-2.4337 -3.51734
-2.43994 -3.52235
-2.44542 -3.52821
-2.45207 -3.53275
-2.45834 -3.53772
-2.46358 -3.54386
-2.46927 -3.54948
-2.4753 -3.55473
-2.48195 -3.55926
-2.4874 -3.56516
-2.49388 -3.56989
-2.49908 -3.57607
-2.50555 -3.58083
-2.51135 -3.58632
-2.51746 -3.59148
-2.5238 -3.59638
-2.52932 -3.60219
-2.53562 -3.60712
-2.54181 -3.61219
-2.54689 -3.61849
-2.55376 -3.62279
-2.55884 -3.6291
-2.56543 -3.63371
-2.57132 -3.63912
-2.577 -3.64475
-2.58314 -3.64987
-2.58875 -3.65559
-2.59548 -3.66005
-2.60153 -3.66526
-2.60735 -3.67074
-2.61331 -3.67607
-2.61925 -3.68141
-2.62459 -3.68743
-2.63148 -3.6917
-2.63744 -3.69702
-2.6423 -3.70358
-2.64897 -3.7081
-2.65515 -3.71317
-2.66082 -3.71882
-2.66611 -3.72489
-2.67331 -3.72882
-2.67809 -3.73547
-2.68461 -3.74017
-2.69082 -3.74521
-2.69704 -3.75023
-2.70194 -3.75675
-2.7079 -3.76207
-2.71502 -3.76609
-2.72036 -3.7721
-2.7262 -3.77755
-2.73294 -3.782
-2.73858 -3.78768
-2.74365 -3.79401
-2.75015 -3.79872
-2.75683 -3.80323
-2.76203 -3.8094
-2.76839 -3.81427
-2.77453 -3.8194
-2.78034 -3.82488
-2.7867 -3.82976
-2.79156 -3.83631
-2.79736 -3.84182
-2.80406 -3.8463
-2.80931 -3.85242
-2.81569 -3.85728
-2.82162 -3.86262
-2.82815 -3.8673
-2.83387 -3.87289
-2.84005 -3.87797
-2.84531 -3.88408
-2.85106 -3.88964
-2.85775 -3.89413
-2.86355 -3.89963
-2.86936 -3.90513
-2.87543 -3.91033
-2.88109 -3.91598
-2.88781 -3.92045
-2.8938 -3.92574
-2.90006 -3.93072
-2.90533 -3.93682
-2.91185 -3.94151
-2.91708 -3.94765
-2.92343 -3.95254
-2.92907 -3.95821
-2.93573 -3.96275
-2.94115 -3.96868
-2.94685 -3.97429
-2.9532 -3.97918
-2.95867 -3.98505
-2.96545 -3.98944
-2.97152 -3.99464
-2.97727 -4.00019
-2.98288 -4.00591
-2.98918 -4.01085
-2.99445 -4.01695
-3.0004 -4.02228
-3.00622 -4.02775
-3.0132 -4.03193
-3.01929 -4.03711
-3.0253 -4.04238
-3.03119 -4.04778
-3.03654 -4.05378
-3.04262 -4.05896
-3.04918 -4.06362
-3.05424 -4.06995
-3.05998 -4.07552
-3.06704 -4.0796
-3.07251 -4.08547
-3.07798 -4.09134
-3.08474 -4.09577
-3.09076 -4.10102
-3.09591 -4.10725
-3.10229 -4.1121
-3.10785 -4.11787
-3.11485 -4.12202
-3.1208 -4.12735
-3.12621 -4.13329
-3.13161 -4.13924
-3.13808 -4.144
-3.1437 -4.14969
-3.14968 -4.15499
-3.15603 -4.15988
-3.16146 -4.16579
-3.16833 -4.17009
-3.17371 -4.17606
-3.17961 -4.18145
-3.18542 -4.18695
-3.19138 -4.19226
-3.19797 -4.19687
-3.20371 -4.20245
-3.20964 -4.2078
-3.21587 -4.21281
-3.22176 -4.21821
-3.22739 -4.22391
-3.23403 -4.22847
-3.24019 -4.23356
-3.24575 -4.23933
-3.25196 -4.24438
-3.25788 -4.24974
-3.26377 -4.25514
-3.26878 -4.26153
-3.27601 -4.26542
-3.28078 -4.27208
-3.28703 -4.27708
-3.29307 -4.2823
-3.29911 -4.28753
-3.30571 -4.29214
-3.31147 -4.29768
-3.31765 -4.30276
-3.32303 -4.30873
-3.32962 -4.31334
-3.33559 -4.31865
-3.34106 -4.32453
-3.34735 -4.32947
-3.3526 -4.3356
-3.35857 -4.34091
-3.36522 -4.34545
-3.37048 -4.35156
-3.37711 -4.35613
-3.38284 -4.36171
-3.38891 -4.36691
-3.39535 -4.37169
-3.40047 -4.37795
-3.4066 -4.38308
-3.41261 -4.38835
-3.41861 -4.39362
-3.42501 -4.39845
-3.43015 -4.40469
-3.43651 -4.40957
-3.44308 -4.4142
-3.44782 -4.42089
-3.45481 -4.42506
-3.46015 -4.43107
-3.46643 -4.43604
-3.47227 -4.44149
-3.47812 -4.44694
-3.48432 -4.45199
-3.49004 -4.45758
-3.49659 -4.46223
-3.50171 -4.4685
-3.50866 -4.47271
-3.51394 -4.47879
-3.52029 -4.48368
-3.52545 -4.48989
-3.53261 -4.49387
-3.5377 -4.50017
-3.54335 -4.50583
-3.55033 -4.51001
-3.55556 -4.51615
-3.56224 -4.52067
-3.56835 -4.52582
-3.5738 -4.53171
-3.57949 -4.53733
-3.58514 -4.54301
-3.59222 -4.54707
-3.59818 -4.55239
-3.60376 -4.55814
-3.60978 -4.56339
-3.61501 -4.56953
-3.62111 -4.5747
-3.62692 -4.58018
-3.63378 -4.58449
-3.63953 -4.59005
-3.64554 -4.59531
-3.65162 -4.6005
-3.6566 -4.60692
-3.66374 -4.61092
-3.669 -4.61703
-3.67451 -4.62285
-3.68142 -4.6271
-3.68716 -4.63268
-3.69359 -4.63748
-3.69947 -4.64288
-3.70517 -4.6485
-3.71141 -4.6535
-3.71677 -4.65949
-3.72279 -4.66475
-3.72829 -4.67059
-3.73488 -4.6752
-3.74104 -4.6803
-3.74671 -4.68595
-3.75329 -4.69057
-3.75837 -4.69687
-3.76425 -4.70229
-3.77084 -4.7069
-3.77656 -4.71249
-3.78248 -4.71786
-3.7879 -4.72378
-3.79478 -4.72807
-3.80073 -4.73341
-3.80592 -4.73959
-3.81294 -4.74372
-3.81847 -4.74952
-3.82371 -4.75566
-3.83083 -4.75968
-3.83597 -4.76591
-3.84198 -4.77117
-3.84617 -4.77352
-3.84885 -4.77751
-3.85371 -4.78255
-3.85972 -4.78635
-3.86463 -4.79231
-3.8702 -4.79754
-3.87667 -4.80186
-3.88074 -4.80777
-3.88653 -4.8119
-3.89156 -4.81687
-3.89593 -4.82212
-3.89549 -4.83003
-3.89563 -4.83793
-3.89557 -4.84583
-3.89495 -4.85375
-3.89531 -4.86165
-3.89679 -4.86954
-3.89592 -4.87745
-3.89665 -4.88535
-3.89631 -4.89325
-3.89665 -4.90116
-3.89588 -4.90907
-3.8971 -4.91696
-3.89605 -4.92488
-3.89632 -4.93278
-3.89606 -4.94069
-3.89693 -4.94858
-3.89688 -4.95649
-3.89737 -4.96439
-3.89648 -4.9723
-3.89722 -4.9802
-3.89789 -4.9881
-3.89786 -4.996
-3.89733 -5.00391
-3.89758 -5.01181
-3.89684 -5.01973
-3.8983 -5.02761
-3.89883 -5.03551
-3.89885 -5.04342
-3.89863 -5.05133
-3.89769 -5.05924
-3.89883 -5.06779
-3.89417 -5.07014
-3.88867 -5.0753
-3.88322 -5.0805
-3.87863 -5.08614
-3.87236 -5.08996
-3.86714 -5.09535
-3.86215 -5.10099
-3.85708 -5.10434
-3.85266 -5.10842
-3.84818 -5.11241
-3.84356 -5.11784
-3.83799 -5.12221
-3.83306 -5.12731
-3.82835 -5.13263
-3.82275 -5.1354
-3.81896 -5.14016
-3.81501 -5.14474
-3.8107 -5.14893
-3.8042 -5.15362
-3.79786 -5.15848
-3.79209 -5.16398
-3.78665 -5.16985
-3.78106 -5.17555
-3.77514 -5.18088
-3.7692 -5.18619
-3.76227 -5.1904
-3.7568 -5.19624
-3.75121 -5.20193
-3.74442 -5.2063
-3.73876 -5.21192
-3.73266 -5.21705
-3.72756 -5.22329
-3.72125 -5.22819
-3.7147 -5.23282
-3.70908 -5.23849
-3.7037 -5.24443
-3.69799 -5.24999
-3.69205 -5.2553
-3.68534 -5.25975
-3.67933 -5.26499
-3.67441 -5.27143
-3.66773 -5.27592
-3.66248 -5.28199
-3.65677 -5.28756
-3.64989 -5.29182
-3.64379 -5.29695
-3.63842 -5.30289
-3.63226 -5.30796
-3.62646 -5.31343
-3.6207 -5.31894
-3.61457 -5.32404
-3.60898 -5.32974
-3.60236 -5.3343
-3.59659 -5.33979
-3.59093 -5.34542
-3.58552 -5.35131
-3.57934 -5.35635
-3.573 -5.36122
-3.56792 -5.36748
-3.56195 -5.37276
-3.55623 -5.37832
-3.54997 -5.38327
-3.54346 -5.38795
-3.53774 -5.39351
-3.53216 -5.39921
-3.52615 -5.40444
-3.52043 -5.41
-3.51453 -5.41535
-3.50875 -5.42084
-3.50257 -5.42589
-3.49604 -5.43054
-3.49034 -5.43612
-3.485 -5.44209
-3.4783 -5.44656
-3.47313 -5.45272
-3.46693 -5.45774
-3.46136 -5.46346
-3.45815 -5.46582
-3.45769 -5.46527
-3.45716 -5.46472
-3.45661 -5.46421
-3.45602 -5.46374
-3.45541 -5.46331
-3.45477 -5.46291
-3.4541 -5.46256
-3.45342 -5.46224
-3.45271 -5.46197
-3.45199 -5.46175
-3.45126 -5.46157
-3.45052 -5.46144
-3.44977 -5.46135
-3.44902 -5.46132
-3.44826 -5.46132
-3.43818 -5.46176
-3.43746 -5.46182
-3.43674 -5.46191
-3.43603 -5.46205
-3.43533 -5.46223
-3.43464 -5.46246
-3.43397 -5.46273
-3.43331 -5.46303
-3.40953 -5.47419
-3.40887 -5.47451
-3.40823 -5.47487
-3.40762 -5.47527
-3.40703 -5.47571
-3.40648 -5.47618
-3.40595 -5.47669
-3.40545 -5.47722
-3.40498 -5.47779
-3.40456 -5.47838
-3.38712 -5.50496
-3.38679 -5.50551
-3.3865 -5.50607
-3.37895 -5.52155
-3.37865 -5.52223
-3.37838 -5.52294
-3.37816 -5.52366
-3.37799 -5.52439
-3.37786 -5.52513
-3.37777 -5.52588
-3.37774 -5.52663
-3.37775 -5.52738
-3.37781 -5.52813
-3.37792 -5.52888
-3.37807 -5.52962
-3.37827 -5.53034
-3.37852 -5.53105
-3.3788 -5.53175
-3.37914 -5.53243
-3.37951 -5.53308
-3.37992 -5.53371
-3.38037 -5.53431
-3.38086 -5.53488
-3.38094 -5.53496
-3.38094 -5.53496
-3.37818 -5.53778
-3.37271 -5.54361
-3.36621 -5.54831
-3.36026 -5.5536
-3.35425 -5.55883
-3.34826 -5.56409
-3.34267 -5.56978
-3.33722 -5.57564
-3.33006 -5.57959
-3.32497 -5.58585
-3.31897 -5.5911
-3.31262 -5.59595
-3.30705 -5.60167
-3.30066 -5.60648
-3.29553 -5.61269
-3.28906 -5.61741
-3.28336 -5.62299
-3.27734 -5.62821
-3.27155 -5.63369
-3.26587 -5.63928
-3.25934 -5.64393
-3.25398 -5.6499
-3.24792 -5.65507
-3.24208 -5.66049
-3.23644 -5.66614
-3.22978 -5.67064
-3.22422 -5.67638
-3.21879 -5.68225
-3.21251 -5.68718
-3.20671 -5.69266
-3.20081 -5.69801
-3.1951 -5.70357
-3.1892 -5.70892
-3.18284 -5.71377
-3.17697 -5.71916
-3.17046 -5.72383
-3.16466 -5.7293
-3.15859 -5.73447
-3.15276 -5.7399
-3.14749 -5.74595
-3.14163 -5.75135
-3.13528 -5.7562
-3.12984 -5.76207
-3.12418 -5.76769
-3.11699 -5.77161
-3.11168 -5.77762
-3.10626 -5.78351
-3.10092 -5.78758
-3.09925 -5.7886
-3.09217 -5.79213
-3.08504 -5.79557
-3.07769 -5.79858
-3.07053 -5.80198
-3.06381 -5.80624
-3.05675 -5.80982
-3.04988 -5.81378
-3.04259 -5.81691
-3.03584 -5.8211
-3.02849 -5.82412
-3.02172 -5.82828
-3.0146 -5.83175
-3.00742 -5.83508
-3.00055 -5.83905
-2.99299 -5.84163
-2.98556 -5.84447
-2.97894 -5.84895
-2.97154 -5.85184
-2.9646 -5.85566
-2.95797 -5.86011
-2.95018 -5.86224
-2.94351 -5.86661
-2.93674 -5.87076
-2.9293 -5.87359
-2.92184 -5.87637
-2.91506 -5.88052
-2.90803 -5.88416
-2.90116 -5.88813
-2.89387 -5.89125
-2.88647 -5.89415
-2.87976 -5.89844
-2.8724 -5.90143
-2.86553 -5.90539
-2.85811 -5.90826
-2.85121 -5.91215
-2.84446 -5.91637
-2.83691 -5.91897
-2.82993 -5.92271
-2.82352 -5.9276
-2.8165 -5.93127
-2.80942 -5.9348
-2.80205 -5.93777
-2.79476 -5.9409
-2.78763 -5.94433
-2.78041 -5.94761
-2.77314 -5.95076
-2.76611 -5.95441
-2.75928 -5.95846
-2.75262 -5.96283
-2.74513 -5.96556
-2.73818 -5.96937
-2.73112 -5.97296
-2.72437 -5.97715
-2.71677 -5.97967
-2.70966 -5.98315
-2.7026 -5.98673
-2.696 -5.99123
-2.6882 -5.99334
-2.68181 -5.99826
-2.67469 -6.00173
-2.66748 -6.005
-2.66067 -6.00909
-2.6531 -6.01165
-2.64622 -6.0156
-2.63871 -6.01829
-2.63231 -6.02319
-2.62497 -6.02621
-2.61759 -6.02916
-2.61063 -6.03293
-2.60359 -6.03657
-2.59664 -6.04037
-2.58956 -6.0439
-2.58238 -6.04726
-2.57503 -6.05027
-2.56848 -6.05486
-2.56111 -6.05784
-2.55394 -6.0612
-2.54698 -6.06497
-2.54024 -6.0692
-2.53245 -6.07134
-2.52606 -6.07624
-2.51829 -6.07841
-2.51167 -6.08287
-2.50464 -6.08653
-2.49752 -6.08999
-2.49069 -6.09403
-2.48369 -6.09774
-2.47618 -6.10041
-2.46882 -6.10341
