2.08397 -6.1184
2.09088 -6.11436
2.0985 -6.11177
2.10561 -6.10814
2.11244 -6.10394
2.11943 -6.10007
2.12715 -6.09769
2.1339 -6.09333
2.14156 -6.09081
2.14832 -6.08648
2.15549 -6.08296
2.16273 -6.07961
2.17041 -6.07713
2.17752 -6.07351
2.18465 -6.06992
2.19177 -6.06631
2.1984 -6.0617
2.20589 -6.05886
2.21261 -6.05443
2.22027 -6.05191
2.22733 -6.04819
2.2344 -6.04448
2.24171 -6.04126
2.24856 -6.0371
2.25637 -6.03489
2.26293 -6.03015
2.27078 -6.02802
2.27743 -6.02346
2.28428 -6.0193
2.29149 -6.01586
2.29927 -6.0136
2.30613 -6.00947
2.31363 -6.00664
2.32067 -6.00287
2.32744 -5.99854
2.33467 -5.99515
2.34242 -5.99284
2.34944 -5.98903
2.35614 -5.98455
2.36332 -5.98108
2.37103 -5.97866
2.37803 -5.97482
2.38514 -5.97118
2.39191 -5.96686
2.39957 -5.96436
2.40625 -5.95985
2.4133 -5.9561
2.42091 -5.95349
2.42781 -5.94942
2.43519 -5.94636
2.44205 -5.94221
2.44985 -5.93998
2.45642 -5.93526
2.4639 -5.93239
2.4707 -5.92812
2.47841 -5.92571
2.48568 -5.92241
2.49297 -5.91915
2.49979 -5.91494
2.50646 -5.91041
2.51367 -5.90699
2.52123 -5.90426
2.52824 -5.90043
2.53585 -5.89784
2.54249 -5.89324
2.54983 -5.89009
2.55715 -5.88689
2.56426 -5.88324
2.57142 -5.87972
2.57841 -5.87585
2.5859 -5.87301
2.59274 -5.86882
2.6 -5.8655
2.60685 -5.86133
2.61442 -5.85865
2.62195 -5.85587
2.62918 -5.85249
2.63619 -5.84865
2.64349 -5.84542
2.65048 -5.84154
2.65772 -5.83817
2.66485 -5.83458
2.67201 -5.83093
2.67505 -5.82861
2.67709 -5.82713
2.68346 -5.82235
2.68852 -5.81603
2.69453 -5.81084
2.70184 -5.80716
2.70754 -5.8016
2.71323 -5.79602
2.71989 -5.79159
2.72497 -5.78529
2.73164 -5.78087
2.73707 -5.77498
2.7434 -5.77017
2.74996 -5.76561
2.75577 -5.76018
2.76224 -5.75552
2.76815 -5.7502
2.77345 -5.74416
2.77995 -5.73954
2.78622 -5.73465
2.79257 -5.72985
2.79814 -5.72413
2.80401 -5.71877
2.81027 -5.71386
2.81579 -5.70808
2.8227 -5.70395
2.82818 -5.69812
2.83483 -5.69368
2.84041 -5.68797
2.84653 -5.6829
2.85261 -5.67778
2.85859 -5.67254
2.86458 -5.66732
2.87117 -5.66281
2.87751 -5.65799
2.88315 -5.65236
2.88901 -5.64698
2.89505 -5.64181
2.90171 -5.63738
2.90684 -5.63114
2.91303 -5.62615
2.91978 -5.62183
2.92508 -5.61579
2.93148 -5.61105
2.93688 -5.60513
2.94381 -5.60102
2.94963 -5.59559
2.9556 -5.59034
2.96116 -5.58462
2.96748 -5.57978
2.97435 -5.5756
2.97979 -5.56973
2.986 -5.56476
2.99148 -5.55894
2.99812 -5.55447
3.0042 -5.54936
3.01048 -5.54447
3.01675 -5.53959
3.02227 -5.53381
3.02793 -5.52819
3.03378 -5.52281
3.03989 -5.51773
3.04618 -5.51286
3.05282 -5.5084
3.05902 -5.50342
3.06487 -5.49804
3.0701 -5.49192
3.07666 -5.48736
3.08269 -5.48218
3.08932 -5.47771
3.09514 -5.4723
3.1009 -5.4668
3.10662 -5.46125
3.11261 -5.45604
3.11891 -5.45117
3.12511 -5.44621
3.13145 -5.44139
3.13781 -5.4366
3.14298 -5.43041
3.14935 -5.42564
3.15596 -5.42114
3.16157 -5.41548
3.1672 -5.40983
3.1733 -5.40473
3.17925 -5.39947
3.18587 -5.39498
3.19156 -5.38941
3.19742 -5.38403
3.20453 -5.38012
3.21047 -5.37484
3.21644 -5.36959
3.22222 -5.36412
3.22757 -5.35814
3.2344 -5.3539
3.24023 -5.3485
3.24605 -5.34308
3.253 -5.33899
3.25796 -5.33254
3.26488 -5.32842
3.27028 -5.3225
3.27727 -5.31846
3.2828 -5.31269
3.2882 -5.30676
3.29427 -5.30164
3.30131 -5.29766
3.30667 -5.29168
3.31358 -5.28755
3.31898 -5.28163
3.32571 -5.27728
3.33089 -5.2711
3.33687 -5.26587
3.34307 -5.2609
3.34973 -5.25646
3.35519 -5.25061
3.36097 -5.24514
3.36741 -5.24044
3.37388 -5.23578
3.3793 -5.22989
3.38583 -5.2253
3.39208 -5.22039
3.39816 -5.21527
3.40438 -5.21032
3.40939 -5.20394
3.41601 -5.19946
3.42225 -5.19453
3.42788 -5.18889
3.43423 -5.18408
3.44006 -5.17867
3.44602 -5.17341
3.45222 -5.16843
3.45885 -5.16396
3.4648 -5.15869
3.47109 -5.15383
3.47595 -5.14748
3.48019 -5.14401
3.48459 -5.13906
3.48815 -5.13346
3.49247 -5.12845
3.49534 -5.12235
3.5008 -5.11795
3.50444 -5.11224
3.50773 -5.10633
3.51096 -5.10068
3.51479 -5.09537
3.51784 -5.08941
3.51834 -5.08183
3.51801 -5.07407
3.51843 -5.0663
3.51716 -5.05854
3.51888 -5.05077
3.51779 -5.04301
3.51734 -5.03524
3.5169 -5.02748
3.51787 -5.01971
3.51818 -5.01194
3.51782 -5.00418
3.5176 -4.99642
3.51791 -4.98865
3.51711 -4.98089
3.51834 -4.97312
3.51731 -4.96536
3.51827 -4.95759
3.51643 -4.94983
3.51769 -4.94206
3.51821 -4.93429
3.51747 -4.92653
3.51748 -4.91877
3.51641 -4.91101
3.51638 -4.90324
3.51731 -4.89547
3.51751 -4.88771
3.51596 -4.87995
3.51596 -4.87218
3.51723 -4.86441
3.517 -4.85665
3.51606 -4.84889
3.51595 -4.84117
3.51617 -4.83532
3.51563 -4.8296
3.51336 -4.82401
3.51106 -4.81843
3.50855 -4.81294
3.50627 -4.80734
3.50263 -4.80059
3.49774 -4.79461
3.49369 -4.78815
3.49061 -4.7841
3.48838 -4.77953
3.48317 -4.77337
3.47685 -4.76845
3.47039 -4.76367
3.46494 -4.75777
3.4583 -4.75321
3.45347 -4.74662
3.44689 -4.74198
3.44146 -4.73607
3.43557 -4.73065
3.42937 -4.7256
3.42292 -4.72081
3.41675 -4.71572
3.41093 -4.71023
3.4052 -4.70465
3.39988 -4.69861
3.39365 -4.69358
3.38724 -4.68875
3.3821 -4.68251
3.37607 -4.67726
3.36921 -4.67293
3.36433 -4.66641
3.35804 -4.66144
3.35231 -4.65586
3.34654 -4.65032
3.34016 -4.64546
3.3346 -4.63968
3.32756 -4.63556
3.3222 -4.62956
3.31643 -4.62403
3.31054 -4.61862
3.30427 -4.61363
3.29853 -4.60806
3.29309 -4.60215
3.28644 -4.59759
3.28074 -4.59198
3.2743 -4.58718
3.26863 -4.58152
3.26244 -4.57645
3.25751 -4.56998
3.25045 -4.56588
3.24515 -4.55981
3.23909 -4.5546
3.23276 -4.54968
3.22704 -4.54408
3.222 -4.53774
3.21567 -4.53282
3.21011 -4.52704
3.20343 -4.52251
3.19765 -4.51698
3.19206 -4.51124
3.18559 -4.50648
3.17999 -4.50076
3.17379 -4.4957
3.16827 -4.48988
3.16191 -4.48499
3.1563 -4.47928
3.1498 -4.47455
3.14473 -4.46823
3.13774 -4.46404
3.13275 -4.45764
3.12607 -4.45311
3.12077 -4.44705
3.11406 -4.44255
3.10791 -4.43744
3.10205 -4.432
3.09719 -4.42545
3.09015 -4.42132
3.0845 -4.41565
3.07895 -4.40986
3.07354 -4.40393
3.06746 -4.39874
3.06155 -4.39334
3.05509 -4.38857
3.04931 -4.38304
3.04393 -4.37707
3.03745 -4.37232
3.03106 -4.36747
3.02518 -4.36206
3.01995 -4.35592
3.01343 -4.35121
3.00804 -4.34525
3.00216 -4.33983
2.99588 -4.33485
2.99003 -4.32941
2.98416 -4.32397
2.97749 -4.31944
2.97187 -4.31373
2.96669 -4.30754
2.95951 -4.30356
2.95487 -4.29677
2.94775 -4.29273
2.9417 -4.28749
2.93622 -4.28164
2.9308 -4.27571
2.92498 -4.27023
2.91829 -4.26571
2.91224 -4.26048
2.90708 -4.25426
2.90028 -4.24987
2.89432 -4.24454
2.88898 -4.23853
2.88255 -4.23372
2.87728 -4.22762
2.8714 -4.2222
2.8649 -4.21747
2.85977 -4.21122
2.85293 -4.20687
2.84747 -4.20099
2.84112 -4.19609
2.83603 -4.1898
2.82958 -4.18502
2.82299 -4.18038
2.81752 -4.17451
2.81162 -4.16911
2.80617 -4.16322
2.80045 -4.15763
2.79453 -4.15226
2.78741 -4.14822
2.78211 -4.14216
2.77608 -4.1369
2.77009 -4.13161
2.7641 -4.12631
2.75834 -4.12076
2.75275 -4.11502
2.74588 -4.11071
2.74066 -4.10455
2.73487 -4.09903
2.72817 -4.09454
2.72259 -4.08878
2.71639 -4.08372
2.7114 -4.07732
2.70547 -4.07196
2.69889 -4.06731
2.69345 -4.0614
2.68776 -4.05578
2.681 -4.05134
2.6757 -4.04528
2.66906 -4.0407
2.66322 -4.03524
2.65729 -4.02989
2.65213 -4.02367
2.64506 -4.01956
2.63953 -4.01376
2.63311 -4.00895
2.62739 -4.00335
2.62167 -3.99776
2.61605 -3.99205
2.60927 -3.98763
2.60414 -3.98139
2.59796 -3.97629
2.59236 -3.97057
2.58646 -3.96517
2.57966 -3.96078
2.57427 -3.95482
2.56782 -3.95003
2.56227 -3.94425
2.55712 -3.93802
2.54994 -3.93405
2.54523 -3.92733
2.53882 -3.9225
2.53258 -3.91748
2.52635 -3.91245
2.5204 -3.90712
2.51453 -3.90169
2.50888 -3.89601
2.50326 -3.89031
2.49686 -3.88547
2.49056 -3.88052
2.48557 -3.87411
2.47953 -3.86887
2.47277 -3.86443
2.46738 -3.85848
2.46087 -3.85375
2.45595 -3.84727
2.45024 -3.84167
2.44429 -3.83633
2.43818 -3.83116
2.43154 -3.82659
2.42645 -3.8203
2.41946 -3.81611
2.41449 -3.80969
2.40822 -3.8047
2.40281 -3.79876
2.39584 -3.79455
2.39066 -3.78836
2.38446 -3.7833
2.37797 -3.77856
2.37313 -3.77198
2.36719 -3.76664
2.36 -3.76267
2.35494 -3.75634
2.34816 -3.75193
2.34262 -3.74613
2.33692 -3.74051
2.33131 -3.73479
2.32559 -3.72921
2.31895 -3.72463
2.31295 -3.71934
2.30677 -3.71426
2.30169 -3.70796
2.29488 -3.70357
2.28984 -3.69722
2.28375 -3.69204
2.27727 -3.68729
2.27174 -3.68148
2.26524 -3.67675
2.25984 -3.6708
2.25367 -3.66571
2.24725 -3.66088
2.24206 -3.6547
2.2356 -3.64993
2.2296 -3.64465
2.22392 -3.63901
2.2176 -3.63408
2.21282 -3.62745
2.20649 -3.62252
2.19992 -3.61787
2.19502 -3.61136
2.18841 -3.60676
2.18257 -3.60129
2.17614 -3.5965
2.17011 -3.59124
2.16486 -3.58513
2.15895 -3.57974
2.15319 -3.5742
2.14746 -3.5686
2.14066 -3.56421
2.13435 -3.55926
2.12907 -3.55318
2.12378 -3.54712
2.11778 -3.54183
2.11079 -3.53764
2.10546 -3.53162
2.09985 -3.5259
2.0933 -3.52123
2.08739 -3.51585
2.08144 -3.5105
2.07522 -3.50547
2.07001 -3.4993
2.06321 -3.49491
2.0574 -3.48941
2.05232 -3.48311
2.04613 -3.47803
2.04058 -3.47225
2.03411 -3.46748
2.02819 -3.46211
2.02285 -3.4561
2.01582 -3.45196
2.00998 -3.4465
2.00484 -3.44025
1.99852 -3.43533
1.99257 -3.43
1.98627 -3.42504
1.98105 -3.41888
1.97425 -3.41449
1.9688 -3.4086
1.96308 -3.40301
1.95661 -3.39824
1.95111 -3.3924
1.94464 -3.38764
1.93845 -3.38256
1.93327 -3.37637
1.92746 -3.37088
1.9208 -3.36633
1.91563 -3.36012
1.9091 -3.35542
1.90402 -3.34912
1.89774 -3.34415
1.89186 -3.33873
1.88633 -3.33292
1.88018 -3.3278
1.87368 -3.32308
1.86817 -3.31725
1.86177 -3.31241
1.85659 -3.30621
1.84979 -3.30182
1.84467 -3.29556
1.8387 -3.29024
1.83214 -3.28558
1.82677 -3.27959
1.82041 -3.27471
1.81486 -3.26892
1.8083 -3.26427
1.80203 -3.25928
1.79711 -3.2528
1.79057 -3.24811
1.78495 -3.24241
1.77841 -3.23772
1.7723 -3.23256
1.76656 -3.22699
1.76067 -3.22158
1.75484 -3.21611
1.74975 -3.20981
1.7434 -3.20492
1.73684 -3.20026
1.73134 -3.19442
1.72578 -3.18864
1.71888 -3.18436
1.71356 -3.17832
1.70734 -3.17328
1.70101 -3.16836
1.69632 -3.16162
1.68941 -3.15735
1.68372 -3.15172
1.67855 -3.14552
1.67197 -3.14088
1.66586 -3.13572
1.65969 -3.13062
1.65479 -3.12412
1.64793 -3.11979
1.64249 -3.11388
1.6358 -3.10937
1.63087 -3.10289
1.6243 -3.09823
1.61851 -3.09273
1.61309 -3.0868
1.60658 -3.08208
1.6002 -3.07722
1.59462 -3.07147
1.58951 -3.06519
1.58227 -3.06128
1.57711 -3.05507
1.57149 -3.04937
1.56489 -3.04475
1.5586 -3.03978
1.55306 -3.03399
1.54698 -3.02879
1.54114 -3.02333
1.53581 -3.0173
1.52948 -3.01239
1.5231 -3.00752
1.51724 -3.00209
1.51144 -2.99658
1.50525 -2.9915
1.49925 -2.98622
1.49416 -2.97993
1.48803 -2.97478
1.48233 -2.96918
1.47568 -2.96461
1.46968 -2.95932
1.46356 -2.95417
1.45812 -2.94826
1.45213 -2.94298
1.44633 -2.93747
1.44027 -2.93225
1.4347 -2.92649
1.42869 -2.92121
1.42273 -2.91589
1.41681 -2.91051
1.411 -2.90501
1.40537 -2.89932
1.39838 -2.89513
1.39301 -2.88915
1.38656 -2.88437
1.38171 -2.87781
1.37563 -2.87261
1.36932 -2.86767
1.36357 -2.86211
1.35799 -2.85637
1.35082 -2.85238
1.345 -2.8469
1.33969 -2.84084
1.33423 -2.83496
1.32821 -2.82971
1.32232 -2.82429
1.31635 -2.81897
1.31023 -2.81383
1.30333 -2.80954
1.29781 -2.80372
1.29253 -2.79764
1.28669 -2.79218
1.28037 -2.78725
1.27481 -2.78148
1.26856 -2.77647
1.26251 -2.77124
1.25585 -2.76669
1.25043 -2.76077
1.24401 -2.75594
1.23897 -2.74959
1.23224 -2.74513
1.22683 -2.73919
1.22022 -2.73457
1.21543 -2.72795
1.20877 -2.72339
1.20294 -2.71792
1.19727 -2.71227
1.19179 -2.70642
1.18562 -2.70132
1.17931 -2.69638
1.17373 -2.69063
1.16741 -2.6857
1.16171 -2.68008
1.15541 -2.67512
1.14994 -2.66926
1.14375 -2.66419
1.1382 -2.65841
1.13222 -2.6531
1.12605 -2.648
1.1201 -2.64266
1.1134 -2.63815
1.10784 -2.63238
1.10186 -2.62707
1.09648 -2.62111
1.08969 -2.6167
1.08364 -2.61147
1.07767 -2.60615
1.07263 -2.5998
1.06616 -2.59503
1.06016 -2.58976
1.05441 -2.58419
1.04819 -2.57915
1.04321 -2.57273
1.0363 -2.56846
1.03029 -2.56319
1.02433 -2.55786
1.01945 -2.55133
1.01294 -2.54661
1.00772 -2.54046
1.00081 -2.53619
0.995384 -2.53027
0.989486 -2.52487
0.983674 -2.51938
0.977429 -2.51437
0.971548 -2.50895
0.9661 -2.50306
0.960037 -2.49784
0.954092 -2.4925
0.947824 -2.48751
0.942005 -2.48203
0.935934 -2.47682
0.929875 -2.4716
0.924456 -2.46567
0.918334 -2.46052
0.912537 -2.45501
0.906127 -2.45019
0.900187 -2.44483
0.894547 -2.43915
0.888312 -2.43413
0.88275 -2.42836
0.876287 -2.42359
0.870851 -2.41768
0.864634 -2.41263
0.85878 -2.40719
0.852428 -2.4023
0.846792 -2.39661
0.840281 -2.39189
0.835052 -2.38575
0.829352 -2.38013
0.822687 -2.37559
0.817743 -2.36913
0.810751 -2.36495
0.805482 -2.35885
0.798761 -2.35437
0.793572 -2.34819
0.787032 -2.3435
0.782066 -2.33707
0.775692 -2.3322
0.769534 -2.32709
0.763577 -2.32176
0.757604 -2.31645
0.751402 -2.31139
0.746106 -2.30532
0.740346 -2.29977
0.734246 -2.2946
0.728029 -2.28955
0.722788 -2.28343
0.716795 -2.27814
0.710096 -2.27363
0.703877 -2.26859
0.698754 -2.26233
0.692785 -2.25701
0.685957 -2.25265
0.680983 -2.24622
0.674305 -2.24169
0.668525 -2.23617
0.664793 -2.23161
0.658307 -2.22694
0.652488 -2.2215
0.646504 -2.21624
0.639882 -2.21174
0.634529 -2.20574
0.627378 -2.20186
0.62178 -2.19615
0.615302 -2.19148
0.61026 -2.18512
0.603094 -2.18125
0.597889 -2.17508
0.591546 -2.17025
0.585531 -2.16503
0.57984 -2.15943
0.573916 -2.15411
0.567254 -2.14965
0.560954 -2.14477
0.555373 -2.13904
0.548635 -2.13467
0.542879 -2.12915
0.537395 -2.12331
0.531463 -2.11799
0.524556 -2.11382
0.518377 -2.1088
0.512066 -2.10393
0.506845 -2.09778
0.501095 -2.09225
0.49416 -2.08811
0.488572 -2.08239
0.481864 -2.07799
0.476033 -2.07256
0.470769 -2.06645
0.464302 -2.06177
0.457822 -2.0571
0.452604 -2.05094
0.446456 -2.04588
0.439679 -2.04156
0.433411 -2.03664
0.427376 -2.03144
0.421481 -2.02609
0.415104 -2.02129
0.409069 -2.0161
0.403997 -2.00977
0.39761 -2.00499
0.390716 -2.00081
0.385004 -1.99523
0.378538 -1.99055
0.373662 -1.98399
0.366669 -1.97992
0.360324 -1.97509
0.355056 -1.969
0.348939 -1.9639
0.342447 -1.95924
0.336088 -1.95443
0.330867 -1.94828
0.323959 -1.94411
0.318484 -1.93826
0.312065 -1.93351
0.306105 -1.92823
0.300316 -1.92275
0.294606 -1.91717
0.288396 -1.91218
0.282519 -1.9068
0.27622 -1.90192
0.269381 -1.89767
0.264098 -1.89159
0.257689 -1.88684
0.251995 -1.88124
0.245958 -1.87605
0.24007 -1.87068
0.233636 -1.86596
0.226963 -1.86151
0.220996 -1.85624
0.214829 -1.8512
0.209587 -1.84507
0.203186 -1.84031
0.19683 -1.83549
0.190538 -1.8306
0.18472 -1.82515
0.179235 -1.81931
0.173009 -1.81434
0.166625 -1.80956
0.160346 -1.80465
0.154219 -1.79956
0.148605 -1.79387
0.143044 -1.78812
0.136351 -1.7837
0.129811 -1.7791
0.124641 -1.77289
0.118192 -1.76818
0.111736 -1.76348
0.106115 -1.7578
0.100639 -1.75195
0.0940209 -1.74744
0.0879889 -1.74224
0.0819882 -1.73701
0.0758621 -1.73192
0.069111 -1.72757
0.0629782 -1.72249
0.0575345 -1.7166
0.0519798 -1.71084
0.0459542 -1.70564
0.0398195 -1.70056
0.033306 -1.69593
0.0272288 -1.69078
0.021455 -1.68528
0.0144973 -1.68117
0.00909511 -1.67523
0.00321438 -1.66986
-0.0033885 -1.66533
-0.00919898 -1.65987
-0.0150979 -1.65452
-0.0215955 -1.64987
-0.0279602 -1.64506
-0.033071 -1.63878
-0.0396952 -1.63428
-0.0458153 -1.62919
-0.0521239 -1.62431
-0.0577343 -1.61766
-0.0652758 -1.61798
-0.0728173 -1.61872
-0.0803587 -1.61823
-0.0879002 -1.61844
-0.0954417 -1.61895
-0.102983 -1.61809
-0.110525 -1.61827
-0.118066 -1.61849
-0.125608 -1.61825
-0.133149 -1.61883
-0.140691 -1.61796
-0.148232 -1.61943
-0.155774 -1.61888
-0.163315 -1.61779
-0.170857 -1.61771
-0.178759 -1.61817
-0.183968 -1.62438
-0.191356 -1.62788
-0.196959 -1.63359
-0.202682 -1.63916
-0.209159 -1.64379
-0.215531 -1.64855
-0.221105 -1.6543
-0.227282 -1.6593
-0.233963 -1.66368
-0.240218 -1.66859
-0.245849 -1.67427
-0.252332 -1.67889
-0.258959 -1.68334
-0.264919 -1.68861
-0.271426 -1.6932
-0.277532 -1.6983
-0.2834 -1.70368
-0.290258 -1.70784
-0.296308 -1.713
-0.301734 -1.71894
-0.308174 -1.72361
-0.314776 -1.72809
-0.320526 -1.73362
-0.326327 -1.73909
-0.333594 -1.74274
-0.339808 -1.7477
-0.345858 -1.75286
-0.351908 -1.75802
-0.357722 -1.76348
-0.364382 -1.76788
-0.370037 -1.77353
-0.376487 -1.77819
-0.382526 -1.78337
-0.389079 -1.78791
-0.39456 -1.79377
-0.40095 -1.79851
-0.406746 -1.80399
-0.413036 -1.80885
-0.419595 -1.81338
-0.425813 -1.81833
-0.431652 -1.82375
-0.438771 -1.82759
-0.444645 -1.83297
-0.450721 -1.8381
-0.456433 -1.84368
-0.463338 -1.84778
-0.468749 -1.85373
-0.475333 -1.85823
-0.481032 -1.86382
-0.488045 -1.86779
-0.493433 -1.87377
-0.500282 -1.87794
-0.506555 -1.88283
-0.512592 -1.888
-0.518754 -1.89302
-0.525428 -1.89741
-0.531346 -1.90273
-0.536687 -1.90878
-0.544099 -1.91225
-0.549192 -1.91859
-0.556418 -1.9223
-0.56166 -1.92846
-0.567755 -1.93356
-0.57486 -1.93742
-0.580655 -1.94289
-0.587226 -1.94741
-0.592611 -1.95339
-0.598684 -1.95852
-0.605649 -1.96255
-0.61155 -1.9679
-0.618381 -1.97209
-0.623384 -1.97855
-0.630612 -1.98225
-0.636714 -1.98734
-0.642529 -1.9928
-0.649082 -1.99733
-0.654811 -2.00289
-0.660732 -2.00821
-0.667094 -2.01299
-0.673383 -2.01785
-0.680067 -2.02222
-0.685846 -2.02772
-0.691439 -2.03345
-0.697689 -2.03836
-0.704751 -2.04227
-0.710691 -2.04756
-0.716602 -2.0529
-0.722676 -2.05803
-0.728983 -2.06287
-0.734857 -2.06825
-0.74161 -2.07254
-0.747638 -2.07773
-0.754478 -2.08191
-0.760668 -2.08689
-0.766301 -2.09257
-0.772768 -2.09721
-0.778596 -2.10265
-0.784892 -2.10751
-0.790631 -2.11305
-0.797494 -2.11721
-0.803336 -2.12262
-0.809237 -2.12797
-0.815769 -2.13253
-0.82134 -2.13829
-0.828362 -2.14224
-0.833897 -2.14804
-0.840637 -2.15235
-0.846504 -2.15773
-0.85268 -2.16274
-0.858878 -2.16772
-0.864685 -2.17316
-0.870583 -2.17706
-0.876455 -2.181
-0.880961 -2.18658
-0.886671 -2.19071
-0.892387 -2.19483
-0.898179 -2.20035
-0.905142 -2.20452
-0.91111 -2.20983
-0.916718 -2.21557
-0.92266 -2.22091
-0.928847 -2.22597
-0.934195 -2.23201
-0.940453 -2.23699
-0.946527 -2.24218
-0.952514 -2.24748
-0.959344 -2.25179
-0.964877 -2.25761
-0.971348 -2.26235
-0.976732 -2.26834
-0.9836 -2.27261
-0.98878 -2.27884
-0.99534 -2.28347
-1.00177 -2.28825
-1.00734 -2.29403
-1.01288 -2.29984
-1.01924 -2.30471
-1.02568 -2.30947
-1.03203 -2.31434
-1.03732 -2.32045
-1.04411 -2.32481
-1.04917 -2.33118
-1.0554 -2.33619
-1.06138 -2.34149
-1.06775 -2.34634
-1.07343 -2.35199
-1.08009 -2.3565
-1.08565 -2.3623
-1.09171 -2.36751
-1.09866 -2.37168
-1.10414 -2.37756
-1.10948 -2.3836
-1.11668 -2.3875
-1.1221 -2.39344
-1.12872 -2.39801
-1.13377 -2.40439
-1.13991 -2.40951
-1.14594 -2.41475
-1.15215 -2.41978
-1.15911 -2.42396
-1.16414 -2.43035
-1.1704 -2.43534
-1.17652 -2.44047
-1.1828 -2.44542
-1.18822 -2.45138
-1.19428 -2.45659
-1.20118 -2.46082
-1.20685 -2.46648
-1.2125 -2.47217
-1.21914 -2.4767
-1.22479 -2.48239
-1.23077 -2.48769
-1.23672 -2.49302
-1.24346 -2.49745
-1.24905 -2.5032
-1.25548 -2.50798
-1.26154 -2.51319
-1.26788 -2.51808
-1.273 -2.52438
-1.28012 -2.52836
-1.28539 -2.53448
-1.29109 -2.54011
-1.29729 -2.54516
-1.30306 -2.55071
-1.30933 -2.55567
-1.31609 -2.56006
-1.32154 -2.56599
-1.32823 -2.57046
-1.33332 -2.57679
-1.33939 -2.58199
-1.34571 -2.58691
-1.35198 -2.59187
-1.35827 -2.59681
-1.36361 -2.60286
-1.37042 -2.60719
-1.37611 -2.61284
-1.38265 -2.61748
-1.38829 -2.62318
-1.39405 -2.62874
-1.40079 -2.63316
-1.40626 -2.63905
-1.41221 -2.64439
-1.41805 -2.64985
-1.42495 -2.65409
-1.43053 -2.65986
-1.43639 -2.6653
-1.44217 -2.67083
-1.44897 -2.67519
-1.45499 -2.68044
-1.46094 -2.68577
-1.46706 -2.69092
-1.47307 -2.69618
-1.47869 -2.70191
-1.48545 -2.7063
-1.49103 -2.71206
-1.49678 -2.71763
-1.50278 -2.72291
-1.50939 -2.72748
-1.51536 -2.73279
-1.52204 -2.73729
-1.52764 -2.74303
-1.53356 -2.74841
-1.53893 -2.75441
-1.54567 -2.75883
-1.55198 -2.76376
-1.55778 -2.76927
-1.56354 -2.77483
-1.56967 -2.77995
-1.5757 -2.78519
-1.58222 -2.78988
-1.58847 -2.79486
-1.59404 -2.80064
-1.59946 -2.80659
-1.60661 -2.81054
-1.61179 -2.81676
-1.61826 -2.8215
-1.62479 -2.82616
-1.63032 -2.83198
-1.63631 -2.83728
-1.64176 -2.8432
-1.64821 -2.84795
-1.65401 -2.85346
-1.65997 -2.85878
-1.66645 -2.86351
-1.6729 -2.86827
-1.67805 -2.87453
-1.68507 -2.87862
-1.69024 -2.88487
-1.69705 -2.8892
-1.703 -2.89455
-1.70849 -2.90042
-1.71496 -2.90514
-1.72061 -2.91083
-1.72717 -2.91546
-1.73326 -2.92064
-1.73938 -2.92578
-1.74473 -2.93181
-1.75178 -2.93587
-1.75761 -2.94135
-1.76387 -2.94633
-1.76904 -2.95257
-1.77522 -2.95764
-1.78192 -2.96211
-1.78808 -2.96719
-1.7941 -2.97246
-1.8002 -2.97761
-1.80607 -2.98304
-1.81209 -2.9883
-1.81782 -2.99389
-1.82421 -2.99872
-1.82927 -3.00509
-1.83653 -3.00891
-1.84155 -3.01532
-1.84797 -3.02011
-1.85402 -3.02533
-1.86017 -3.03045
-1.86677 -3.03502
-1.87279 -3.04028
-1.87816 -3.04629
-1.88472 -3.05092
-1.89052 -3.05643
-1.89624 -3.06203
-1.90247 -3.06705
-1.90783 -3.07306
-1.91412 -3.07801
-1.92037 -3.083
-1.92681 -3.08777
-1.93303 -3.09279
-1.93842 -3.09878
-1.9448 -3.10361
-1.95074 -3.10896
-1.95655 -3.11446
-1.96274 -3.11952
-1.9691 -3.12439
-1.97435 -3.13053
-1.98148 -3.1345
-1.987 -3.14034
-1.99296 -3.14567
-1.99951 -3.1503
-2.00463 -3.1566
-2.01121 -3.16121
-2.01788 -3.16571
-2.02342 -3.17153
-2.02918 -3.17708
-2.0355 -3.18199
-2.04197 -3.18673
-2.0479 -3.19208
-2.05337 -3.19798
-2.05935 -3.20327
-2.06544 -3.20845
-2.07214 -3.21292
-2.07826 -3.21806
-2.08423 -3.22338
-2.08958 -3.22941
-2.09568 -3.23457
-2.10212 -3.23934
-2.10822 -3.2445
-2.11403 -3.25
-2.11959 -3.25579
-2.12643 -3.2601
-2.13198 -3.2659
-2.13801 -3.27114
-2.14491 -3.27537
-2.15007 -3.28163
-2.15625 -3.2867
-2.16216 -3.29208
-2.16861 -3.29684
-2.17482 -3.30187
-2.17768 -3.30467
-2.17725 -3.30525
-2.17684 -3.30587
-2.17647 -3.30651
-2.17614 -3.30718
-2.17585 -3.30786
-2.17561 -3.30856
-2.17541 -3.30928
-2.17525 -3.31
-2.17514 -3.31073
-2.17507 -3.31147
-2.17505 -3.31222
-2.17508 -3.31296
-2.17515 -3.3137
-2.17527 -3.31443
-2.17543 -3.31515
-2.17776 -3.32418
-2.17795 -3.32485
-2.17819 -3.32552
-2.17846 -3.32616
-2.17877 -3.3268
-2.19075 -3.35035
-2.19109 -3.35101
-2.19148 -3.35165
-2.19191 -3.35226
-2.19237 -3.35284
-2.19287 -3.35339
-2.1934 -3.35391
-2.19396 -3.3544
-2.19456 -3.35485
-2.19518 -3.35527
-2.19582 -3.35564
-2.20314 -3.3596
-2.20371 -3.35989
-2.22596 -3.37027
-2.22652 -3.37053
-2.2271 -3.37075
-2.22768 -3.37094
-2.24401 -3.37591
-2.24472 -3.37611
-2.24545 -3.37626
-2.24619 -3.37636
-2.24693 -3.37642
-2.24767 -3.37643
-2.24841 -3.3764
-2.24915 -3.37632
-2.24988 -3.37619
-2.25061 -3.37602
-2.25132 -3.37581
-2.25201 -3.37555
-2.25269 -3.37525
-2.25335 -3.37491
-2.25399 -3.37453
-2.2546 -3.3741
-2.25519 -3.37365
-2.25574 -3.37315
-2.25621 -3.37268
-2.25987 -3.37456
-2.26534 -3.38045
-2.27117 -3.38593
-2.27675 -3.3917
-2.2831 -3.39656
-2.2896 -3.40127
-2.29513 -3.40709
-2.30215 -3.41119
-2.30725 -3.41751
-2.31403 -3.42188
-2.32023 -3.42694
-2.32532 -3.43327
-2.33236 -3.43734
-2.33802 -3.44302
-2.34453 -3.4477
-2.3503 -3.45325
-2.35593 -3.45895
-2.36266 -3.46339
-2.36787 -3.46958
-2.37452 -3.47411
-2.37999 -3.48
-2.38662 -3.48454
-2.39269 -3.48975
-2.39799 -3.49584
-2.40497 -3.49999
-2.41004 -3.50634
-2.41597 -3.5117
-2.42264 -3.5162
-2.42867 -3.52144
-2.43491 -3.52644
-2.4402 -3.53254
-2.44724 -3.53662
-2.45218 -3.54313
-2.45842 -3.54812
-2.46498 -3.55276
-2.47074 -3.55831
-2.47667 -3.56368
-2.48352 -3.56796
-2.48941 -3.57338
-2.495 -3.57913
-2.50068 -3.58478
-2.50657 -3.59018
-2.51387 -3.59396
-2.51893 -3.60033
-2.52508 -3.60543
-2.53098 -3.61082
-2.53734 -3.61568
-2.54366 -3.62059
-2.54921 -3.62639
-2.5554 -3.63146
-2.56182 -3.63624
-2.56819 -3.6411
-2.57325 -3.64747
-2.57991 -3.65198
-2.5862 -3.65692
-2.5921 -3.66232
-2.59827 -3.6674
-2.60386 -3.67315
-2.61042 -3.67779
-2.61658 -3.68288
-2.62149 -3.68942
-2.62839 -3.69366
-2.63461 -3.69868
-2.64023 -3.7044
-2.64622 -3.70969
-2.6518 -3.71546
-2.65834 -3.7201
-2.66396 -3.72582
-2.67063 -3.73033
-2.67642 -3.73585
-2.68267 -3.74084
-2.68914 -3.74558
-2.6947 -3.75137
-2.7001 -3.75734
-2.70646 -3.7622
-2.71315 -3.76668
-2.71823 -3.77303
-2.72552 -3.77681
-2.73084 -3.78287
-2.73718 -3.78776
-2.74368 -3.79246
-2.74895 -3.79858
-2.75498 -3.80383
-2.76096 -3.80913
-2.76736 -3.81395
-2.7732 -3.8194
-2.77943 -3.82442
-2.78521 -3.82996
-2.79182 -3.83452
-2.79691 -3.84086
-2.80407 -3.84479
-2.80997 -3.85019
-2.81577 -3.8557
-2.82228 -3.86039
-2.82782 -3.8662
-2.83427 -3.87096
-2.84026 -3.87625
-2.84626 -3.88153
-2.85182 -3.88731
-2.85861 -3.89168
-2.86381 -3.89789
-2.87064 -3.9022
-2.8761 -3.90811
-2.8823 -3.91316
-2.88831 -3.91843
-2.89492 -3.923
-2.90004 -3.92929
-2.9065 -3.93404
-2.91234 -3.93951
-2.91896 -3.94407
-2.92422 -3.9502
-2.93039 -3.95528
-2.9365 -3.96044
-2.94312 -3.965
-2.94872 -3.97073
-2.95468 -3.97607
-2.96079 -3.98122
-2.96691 -3.98635
-2.97263 -3.99196
-2.97939 -3.99635
-2.98471 -4.00242
-2.99086 -4.00753
-2.99643 -4.0133
-3.00379 -4.01701
-3.00972 -4.02237
-3.01553 -4.02787
-3.02095 -4.03382
-3.02696 -4.03908
-3.0337 -4.0435
-3.03924 -4.04931
-3.04595 -4.05377
-3.05185 -4.05917
-3.05763 -4.0647
-3.06334 -4.07032
-3.0698 -4.07507
-3.07607 -4.08003
-3.08145 -4.08603
-3.08827 -4.09036
-3.09348 -4.09655
-3.09991 -4.10133
-3.10628 -4.10618
-3.11188 -4.11192
-3.11864 -4.11633
-3.12425 -4.12205
-3.12975 -4.12791
-3.13667 -4.13213
-3.14179 -4.13842
-3.14804 -4.14341
-3.1537 -4.14909
-3.1607 -4.1532
-3.16621 -4.15905
-3.1724 -4.16411
-3.17867 -4.16907
-3.18518 -4.17377
-3.19041 -4.17993
-3.197 -4.18453
-3.20332 -4.18944
-3.20861 -4.19554
-3.21509 -4.20027
-3.2205 -4.20622
-3.22684 -4.21111
-3.23353 -4.21559
-3.2387 -4.22183
-3.24491 -4.22687
-3.25162 -4.23132
-3.25654 -4.23785
-3.26302 -4.24258
-3.26889 -4.248
-3.27477 -4.25342
-3.28134 -4.25804
-3.28731 -4.26335
-3.29382 -4.26805
-3.29972 -4.27343
-3.3049 -4.27967
-3.31168 -4.28405
-3.31748 -4.28956
-3.32377 -4.2945
-3.33034 -4.29912
-3.33596 -4.30484
-3.34246 -4.30953
-3.34775 -4.31563
-3.35385 -4.32079
-3.35931 -4.3267
-3.3659 -4.33129
-3.37266 -4.33569
-3.37851 -4.34115
-3.3843 -4.34667
-3.38968 -4.35266
-3.39667 -4.3568
-3.40257 -4.3622
-3.40797 -4.36817
-3.41425 -4.37312
-3.42088 -4.37767
-3.42639 -4.38351
-3.43224 -4.38897
-3.4391 -4.39325
-3.44434 -4.39941
-3.45066 -4.40431
-3.45692 -4.4093
-3.46259 -4.41496
-3.46916 -4.41958
-3.47502 -4.42502
-3.4814 -4.42986
-3.48702 -4.43558
-3.49299 -4.44089
-3.4993 -4.44581
-3.50572 -4.4506
-3.51151 -4.45613
-3.51777 -4.46111
-3.52338 -4.46684
-3.52926 -4.47225
-3.53564 -4.47708
-3.54153 -4.48249
-3.54788 -4.48737
-3.55405 -4.49246
-3.55965 -4.49819
-3.56591 -4.50317
-3.57156 -4.50886
-3.57777 -4.5139
-3.58424 -4.51862
-3.59038 -4.52374
-3.59637 -4.52903
-3.60137 -4.53547
-3.60819 -4.5398
-3.61418 -4.54509
-3.61976 -4.55085
-3.62565 -4.55626
-3.63226 -4.56084
-3.63781 -4.56664
-3.64484 -4.57072
-3.65065 -4.57622
-3.65628 -4.58193
-3.66181 -4.58775
-3.66894 -4.59172
-3.67395 -4.59815
-3.68051 -4.60278
-3.68701 -4.60747
-3.693 -4.61277
-3.69923 -4.61777
-3.70463 -4.62375
-3.71032 -4.62939
-3.71647 -4.63449
-3.72269 -4.63952
-3.72949 -4.64387
-3.73484 -4.64991
-3.74051 -4.65557
-3.74722 -4.66002
-3.7529 -4.66568
-3.75975 -4.66997
-3.76514 -4.67595
-3.77089 -4.68152
-3.77702 -4.68665
-3.78366 -4.69118
-3.78979 -4.69631
-3.79573 -4.70166
-3.80117 -4.70759
-3.80799 -4.71192
-3.81338 -4.71791
-3.81943 -4.72312
-3.82558 -4.72823
-3.83212 -4.73288
-3.83738 -4.73887
-3.84013 -4.74109
-3.84386 -4.74629
-3.84669 -4.75207
-3.8506 -4.75718
-3.85245 -4.76358
-3.85656 -4.76881
-3.85979 -4.77453
-3.86243 -4.77984
-3.86282 -4.78621
-3.86319 -4.79413
-3.86172 -4.80207
-3.86263 -4.80998
-3.86209 -4.81791
-3.86206 -4.82583
-3.86256 -4.83375
-3.86279 -4.84167
-3.86214 -4.8496
-3.86361 -4.8575
-3.86424 -4.86542
-3.86401 -4.87334
-3.86346 -4.88127
-3.86333 -4.8892
-3.8646 -4.8971
-3.86401 -4.90503
-3.86419 -4.91295
-3.86432 -4.92087
-3.86487 -4.92879
-3.86486 -4.93671
-3.86425 -4.94464
-3.8637 -4.95257
-3.86477 -4.96048
-3.86468 -4.9684
-3.86477 -4.97632
-3.86417 -4.98425
-3.86418 -4.99218
-3.86414 -5.0001
-3.86451 -5.00802
-3.86612 -5.01592
-3.86448 -5.0238
-3.86432 -5.02814
-3.86505 -5.03254
-3.86322 -5.03958
-3.85957 -5.04627
-3.85681 -5.05331
-3.85422 -5.06043
-3.85072 -5.06624
-3.8475 -5.0722
-3.84403 -5.07795
-3.84234 -5.08223
-3.8398 -5.08602
-3.83303 -5.09038
-3.82779 -5.09661
-3.82152 -5.10158
-3.81423 -5.10529
-3.80816 -5.11051
-3.80246 -5.11618
-3.79642 -5.12143
-3.78948 -5.12557
-3.78372 -5.13116
-3.77754 -5.13624
-3.77187 -5.14196
-3.765 -5.14618
-3.75853 -5.1509
-3.75324 -5.15708
-3.74712 -5.16224
-3.74065 -5.16696
-3.73435 -5.17189
-3.72797 -5.17672
-3.72124 -5.18112
-3.71544 -5.18667
-3.70977 -5.19237
-3.70329 -5.19709
-3.69702 -5.20206
-3.69001 -5.20611
-3.68419 -5.21163
-3.67868 -5.21754
-3.67189 -5.22186
-3.66564 -5.22686
-3.65917 -5.23158
-3.65347 -5.23725
-3.64676 -5.24167
-3.64083 -5.24706
-3.63422 -5.25161
-3.62798 -5.25662
-3.62178 -5.26166
-3.61639 -5.26772
-3.60972 -5.2722
-3.60321 -5.27687
-3.59717 -5.28211
-3.59128 -5.28756
-3.5849 -5.29239
-3.57939 -5.29829
-3.57212 -5.30203
-3.5659 -5.30706
-3.5599 -5.31236
-3.55374 -5.31746
-3.54744 -5.32239
-3.54113 -5.32731
-3.53477 -5.33217
-3.52963 -5.33853
-3.52288 -5.3429
-3.5167 -5.34798
-3.51058 -5.35313
-3.50427 -5.35805
-3.49804 -5.36307
-3.49124 -5.36739
-3.48516 -5.37259
-3.47968 -5.37853
-3.47372 -5.38388
-3.46642 -5.38758
-3.46037 -5.39282
-3.45449 -5.39827
-3.44822 -5.40323
-3.44271 -5.40913
-3.43635 -5.414
-3.43005 -5.41892
-3.42409 -5.42427
-3.4171 -5.42836
-3.41059 -5.43303
-3.40802 -5.43623
-3.40799 -5.43619
-3.40747 -5.43564
-3.40692 -5.43513
-3.40635 -5.43466
-3.40574 -5.43422
-3.4051 -5.43382
-3.40445 -5.43346
-3.40377 -5.43314
-3.40307 -5.43287
-3.40236 -5.43264
-3.40163 -5.43245
-3.40089 -5.43231
-3.40015 -5.43222
-3.38936 -5.4312
-3.38861 -5.43115
-3.38787 -5.43115
-3.38712 -5.4312
-3.38638 -5.43129
-3.38565 -5.43143
-3.38493 -5.43161
-3.38422 -5.43184
-3.38352 -5.43211
-3.38284 -5.43242
-3.35326 -5.44797
-3.35262 -5.44833
-3.352 -5.44874
-3.3514 -5.44918
-3.35084 -5.44966
-3.3503 -5.45017
-3.3498 -5.45071
-3.34933 -5.45129
-3.3489 -5.45189
-3.32645 -5.4875
-3.32606 -5.48814
-3.32571 -5.48881
-3.3254 -5.48949
-3.32513 -5.4902
-3.32491 -5.49092
-3.32474 -5.49165
-3.32461 -5.49239
-3.32453 -5.49314
-3.3245 -5.49389
-3.32451 -5.49464
-3.32457 -5.49539
-3.32468 -5.49614
-3.32483 -5.49687
-3.32503 -5.4976
-3.32528 -5.49831
-3.32556 -5.49901
-3.3259 -5.49968
-3.32627 -5.50034
-3.32668 -5.50096
-3.32714 -5.50157
-3.32762 -5.50214
-3.32772 -5.50224
-3.32772 -5.50224
-3.32457 -5.50475
-3.31736 -5.50856
-3.31227 -5.51498
-3.30611 -5.52009
-3.29958 -5.52473
-3.29336 -5.52976
-3.28649 -5.53399
-3.2811 -5.54004
-3.27408 -5.54409
-3.26872 -5.55018
-3.26251 -5.55522
-3.25619 -5.56013
-3.24979 -5.56493
-3.24351 -5.56989
-3.23697 -5.57452
-3.2313 -5.58023
-3.2249 -5.58504
-3.2183 -5.5896
-3.21247 -5.59511
-3.20571 -5.59947
-3.19968 -5.60473
-3.19323 -5.60949
-3.18763 -5.61528
-3.18139 -5.62028
-3.17484 -5.62491
-3.16945 -5.63095
-3.16235 -5.6349
-3.15695 -5.64095
-3.14983 -5.64486
-3.14401 -5.65039
-3.1379 -5.65555
-3.13217 -5.66119
-3.1254 -5.66553
-3.11977 -5.6713
-3.11289 -5.67551
-3.10704 -5.681
-3.10048 -5.6856
-3.09443 -5.69085
-3.08753 -5.69503
-3.08128 -5.70002
-3.07552 -5.70563
-3.06988 -5.71137
-3.06313 -5.71575
-3.05745 -5.72144
-3.05107 -5.72627
-3.04414 -5.73043
-3.0385 -5.73617
-3.03189 -5.74072
-3.02654 -5.74683
-3.0196 -5.75097
-3.01372 -5.75642
-3.00718 -5.76105
-3.00099 -5.76611
-2.99551 -5.77205
-2.98875 -5.77642
-2.98286 -5.78186
-2.97581 -5.78586
-2.97028 -5.79179
-2.96468 -5.79437
-2.96053 -5.79918
-2.95338 -5.80259
-2.94606 -5.80572
-2.93968 -5.81047
-2.933 -5.8147
-2.92625 -5.81881
-2.91859 -5.82135
-2.91257 -5.82672
-2.90535 -5.83002
-2.89899 -5.83481
-2.89119 -5.83709
-2.88475 -5.84175
-2.87797 -5.8458
-2.87081 -5.8492
-2.8641 -5.85339
-2.85721 -5.85725
-2.85044 -5.86133
-2.84392 -5.86584
-2.83723 -5.87005
-2.83026 -5.87379
-2.82322 -5.87739
-2.8162 -5.88104
-2.80944 -5.88514
-2.80269 -5.88924
-2.79563 -5.89281
-2.78931 -5.89767
-2.78219 -5.90114
-2.77513 -5.90472
-2.76829 -5.90867
-2.76141 -5.91255
-2.75513 -5.91748
-2.74811 -5.92112
-2.74113 -5.92484
-2.73407 -5.9284
-2.72763 -5.93305
-2.72054 -5.93658
-2.71394 -5.94096
-2.70678 -5.94434
-2.69964 -5.94779
-2.69302 -5.95211
-2.68634 -5.95635
-2.6795 -5.96031
-2.67282 -5.96455
-2.66616 -5.96881
-2.65898 -5.97218
-2.65174 -5.97544
-2.64575 -5.98086
-2.63811 -5.98344
-2.63162 -5.98799
-2.62454 -5.99153
-2.61743 -5.99503
-2.61145 -6.00047
-2.60403 -6.00341
-2.59771 -6.00828
-2.59022 -6.01109
-2.58375 -6.01569
-2.57669 -6.01926
-2.57018 -6.02379
-2.5628 -6.02681
-2.55629 -6.03135
-2.5499 -6.03607
-2.5427 -6.0394
-2.53614 -6.04385
-2.52869 -6.04675
-2.52208 -6.0511
-2.51522 -6.05501
-2.50816 -6.05859
-2.50129 -6.06249
-2.49476 -6.067
-2.48753 -6.07027
-2.48109 -6.07491
-2.47444 -6.0792
-2.46683 -6.08182
-2.46016 -6.08608
-2.45341 -6.09018
-2.44647 -6.09397
-2.43962 -6.09789
