2.05748 -6.11437
2.06195 -6.11206
2.06399 -6.11086
2.07196 -6.10654
2.07685 -6.10394
2.07998 -6.10231
2.088 -6.09807
2.09187 -6.09602
2.09603 -6.09385
2.10397 -6.08946
2.10682 -6.08797
2.11205 -6.08533
2.12005 -6.08105
2.12178 -6.07996
2.12804 -6.07676
2.13596 -6.07235
2.13679 -6.07204
2.14402 -6.06817
2.15177 -6.06405
2.15203 -6.06392
2.16001 -6.05962
2.1667 -6.05596
2.16799 -6.05529
2.17599 -6.05102
2.18168 -6.04799
2.18402 -6.04681
2.19204 -6.04257
2.19671 -6.04009
2.20003 -6.03828
2.20803 -6.034
2.21163 -6.03199
2.21604 -6.02974
2.22397 -6.02533
2.22661 -6.024
2.23201 -6.02114
2.23996 -6.01676
2.24161 -6.01607
2.24798 -6.01253
2.25597 -6.00823
2.25651 -6.00794
2.264 -6.00402
2.27152 -6
2.272 -5.99975
2.27997 -5.99541
2.28651 -5.99204
2.28801 -5.99121
2.29597 -5.98686
2.30143 -5.98393
2.30398 -5.98261
2.31202 -5.97841
2.3164 -5.97593
2.32004 -5.97416
2.32799 -5.9698
2.3314 -5.96799
2.336 -5.96554
2.34399 -5.96126
2.34642 -5.96008
2.35204 -5.95706
2.36001 -5.95273
2.36136 -5.95202
2.36801 -5.94846
2.37596 -5.94409
2.37635 -5.94405
2.38395 -5.93981
2.39132 -5.93605
2.39198 -5.93559
2.39997 -5.9313
2.40622 -5.92791
2.40804 -5.92715
2.41604 -5.92287
2.42122 -5.91996
2.42404 -5.9186
2.43199 -5.91423
2.43622 -5.91201
2.43998 -5.90994
2.44796 -5.90562
2.45117 -5.90397
2.45604 -5.9015
2.46397 -5.89709
2.46615 -5.89599
2.47202 -5.89292
2.48003 -5.88866
2.48111 -5.88797
2.48798 -5.88428
2.49599 -5.88004
2.49606 -5.87993
2.50396 -5.8757
2.51103 -5.87193
2.51202 -5.87153
2.52001 -5.86725
2.52607 -5.86406
2.52804 -5.86302
2.53602 -5.85871
2.541 -5.85598
2.54396 -5.85433
2.552 -5.85012
2.55596 -5.84796
2.56002 -5.84589
2.56797 -5.84153
2.57095 -5.83999
2.57601 -5.83732
2.58402 -5.83308
2.58593 -5.83202
2.59197 -5.82869
2.59902 -5.8251
2.59996 -5.82423
2.60037 -5.82395
2.60801 -5.81857
2.61157 -5.81599
2.61306 -5.81499
2.61606 -5.81263
2.62161 -5.80797
2.62402 -5.80612
2.63156 -5.80004
2.632 -5.79962
2.63996 -5.7931
2.64137 -5.79194
2.64804 -5.78674
2.65133 -5.78401
2.65603 -5.78025
2.6612 -5.77598
2.66404 -5.7738
2.67109 -5.76797
2.67202 -5.76731
2.68004 -5.76086
2.68097 -5.75996
2.68806 -5.75441
2.69094 -5.75205
2.69598 -5.74784
2.70085 -5.74407
2.70397 -5.74137
2.71072 -5.73604
2.71201 -5.73495
2.72004 -5.72852
2.72064 -5.72807
2.72798 -5.72198
2.73053 -5.72007
2.73603 -5.71557
2.74033 -5.71196
2.74397 -5.70903
2.75023 -5.70396
2.75199 -5.70258
2.76005 -5.69618
2.76018 -5.69602
2.76796 -5.68961
2.77007 -5.68802
2.77598 -5.68316
2.77997 -5.68002
2.78399 -5.67671
2.7899 -5.67207
2.792 -5.67025
2.79969 -5.66394
2.8 -5.66378
2.808 -5.65731
2.80969 -5.65607
2.81602 -5.65087
2.81947 -5.64793
2.824 -5.64438
2.82944 -5.64002
2.83197 -5.63787
2.83929 -5.63197
2.84006 -5.63152
2.84803 -5.62501
2.84926 -5.62407
2.85596 -5.61846
2.85907 -5.61596
2.86398 -5.61201
2.86905 -5.60807
2.872 -5.60558
2.87883 -5.59993
2.87999 -5.59909
2.88796 -5.59259
2.8888 -5.59201
2.89603 -5.58621
2.89864 -5.58395
2.90404 -5.57975
2.90857 -5.57599
2.91203 -5.57326
2.91849 -5.56802
2.92005 -5.56682
2.92802 -5.56032
2.92842 -5.56007
2.93598 -5.55381
2.93825 -5.55199
2.94396 -5.54731
2.94816 -5.54401
2.952 -5.54089
2.95799 -5.53593
2.96001 -5.53443
2.96798 -5.52805
2.96797 -5.52792
2.97596 -5.52144
2.97782 -5.51998
2.98403 -5.51505
2.98775 -5.51202
2.99202 -5.50857
2.99765 -5.50403
2.99995 -5.50202
3.00752 -5.496
3.00798 -5.49558
3.01605 -5.48921
3.01747 -5.48807
3.02395 -5.48262
3.02735 -5.48005
3.03199 -5.4762
3.03718 -5.47197
3.03995 -5.46968
3.04711 -5.46402
3.04794 -5.4632
3.05605 -5.45686
3.05697 -5.45598
3.064 -5.45033
3.06684 -5.44794
3.07194 -5.44379
3.07683 -5.44007
3.07995 -5.43734
3.08673 -5.43207
3.08803 -5.43097
3.09602 -5.42448
3.09655 -5.42398
3.10397 -5.41795
3.10651 -5.41606
3.11198 -5.4115
3.1163 -5.40792
3.11998 -5.40503
3.12619 -5.39993
3.12796 -5.39853
3.13602 -5.39214
3.13616 -5.39202
3.14403 -5.38569
3.14608 -5.38404
3.15203 -5.37922
3.15588 -5.37593
3.16004 -5.37276
3.16582 -5.36798
3.16805 -5.36631
3.1757 -5.35996
3.17597 -5.35974
3.18405 -5.35337
3.18557 -5.35194
3.19201 -5.34685
3.19556 -5.34406
3.19996 -5.34032
3.20542 -5.33602
3.20795 -5.33384
3.21524 -5.32793
3.21602 -5.32745
3.22403 -5.32101
3.22521 -5.32002
3.23198 -5.31448
3.23504 -5.31193
3.24004 -5.30808
3.24499 -5.30401
3.24796 -5.30151
3.25486 -5.29598
3.25601 -5.2951
3.26396 -5.28857
3.26472 -5.28793
3.27196 -5.28211
3.27471 -5.28006
3.28004 -5.27573
3.28462 -5.27208
3.28806 -5.26929
3.29443 -5.26397
3.29599 -5.26274
3.30398 -5.25626
3.30437 -5.25602
3.31203 -5.24986
3.31427 -5.24804
3.31999 -5.24334
3.32419 -5.24007
3.32796 -5.23683
3.33398 -5.23193
3.33604 -5.23046
3.34387 -5.22393
3.34406 -5.22401
3.35206 -5.21755
3.35389 -5.21608
3.36002 -5.21103
3.36377 -5.20807
3.36796 -5.20449
3.37365 -5.20005
3.37601 -5.19808
3.3835 -5.19199
3.38401 -5.19161
3.39195 -5.18507
3.39337 -5.18396
3.40001 -5.17868
3.40328 -5.17598
3.40805 -5.17226
3.41318 -5.16799
3.41602 -5.16575
3.42312 -5.16005
3.42404 -5.1593
3.43206 -5.15286
3.43303 -5.15206
3.44003 -5.14636
3.44124 -5.14542
3.4426 -5.14393
3.44794 -5.13902
3.45135 -5.136
3.45606 -5.13178
3.45946 -5.12844
3.45982 -5.12802
3.46406 -5.12084
3.46447 -5.12
3.4647 -5.11974
3.46799 -5.112
3.47144 -5.10399
3.47195 -5.10271
3.47496 -5.09602
3.47556 -5.09464
3.47647 -5.088
3.4777 -5.08
3.47816 -5.07691
3.47815 -5.072
3.47811 -5.064
3.478 -5.056
3.47794 -5.048
3.4779 -5.04
3.47768 -5.032
3.47772 -5.024
3.47758 -5.016
3.47751 -5.008
3.47747 -5
3.47741 -4.992
3.4773 -4.984
3.47719 -4.976
3.47723 -4.968
3.47722 -4.96
3.477 -4.952
3.47696 -4.944
3.47686 -4.936
3.47686 -4.928
3.47672 -4.92
3.47672 -4.912
3.47665 -4.904
3.47651 -4.896
3.47648 -4.888
3.47635 -4.88
3.47642 -4.872
3.47624 -4.864
3.47618 -4.856
3.47614 -4.848
3.47601 -4.84
3.47602 -4.832
3.47602 -4.824
3.47584 -4.816
3.47576 -4.808
3.47582 -4.8
3.47562 -4.792
3.47569 -4.7884
3.47511 -4.784
3.47404 -4.77601
3.47313 -4.768
3.4726 -4.76332
3.47198 -4.7617
3.47144 -4.75999
3.46852 -4.75202
3.46645 -4.74576
3.46425 -4.74406
3.46396 -4.74378
3.45601 -4.7367
3.45514 -4.73606
3.44806 -4.7296
3.44603 -4.72807
3.43996 -4.72269
3.43702 -4.71995
3.43196 -4.71567
3.42787 -4.71201
3.424 -4.7086
3.41874 -4.70403
3.41599 -4.70159
3.40963 -4.69603
3.40803 -4.69451
3.40054 -4.68801
3.4 -4.68752
3.39202 -4.68047
3.39148 -4.67996
3.38398 -4.67348
3.38229 -4.67204
3.37593 -4.66651
3.37328 -4.66394
3.36795 -4.65947
3.36409 -4.65603
3.36001 -4.65237
3.35505 -4.64795
3.35205 -4.6453
3.34591 -4.63999
3.34405 -4.63827
3.33676 -4.63203
3.33594 -4.63137
3.32797 -4.62431
3.32774 -4.62394
3.31999 -4.61726
3.31854 -4.61604
3.31197 -4.61026
3.30945 -4.60801
3.30399 -4.60321
3.30035 -4.60001
3.29594 -4.59624
3.29122 -4.59204
3.28805 -4.58909
3.28212 -4.58402
3.28002 -4.5821
3.27303 -4.57601
3.27202 -4.57507
3.26397 -4.5681
3.26388 -4.56805
3.25594 -4.56111
3.25479 -4.56003
3.24801 -4.554
3.24571 -4.55199
3.24003 -4.54695
3.23655 -4.54405
3.23195 -4.54001
3.22754 -4.53594
3.22398 -4.53295
3.21841 -4.52797
3.21601 -4.52589
3.20922 -4.52007
3.208 -4.51888
3.20018 -4.51199
3.20002 -4.51184
3.19204 -4.50478
3.19104 -4.50402
3.18393 -4.49787
3.18195 -4.496
3.17598 -4.49079
3.17283 -4.48801
3.16795 -4.48381
3.1638 -4.47993
3.16006 -4.47665
3.15466 -4.47196
3.15199 -4.4697
3.14557 -4.46394
3.14403 -4.46264
3.13645 -4.45595
3.13598 -4.45566
3.12802 -4.44859
3.12728 -4.44803
3.12005 -4.44153
3.11816 -4.44003
3.11201 -4.43455
3.10915 -4.43193
3.10396 -4.42758
3.1 -4.42397
3.09598 -4.42053
3.09087 -4.41599
3.08805 -4.41342
3.08182 -4.40793
3.07998 -4.40648
3.07265 -4.40001
3.072 -4.39942
3.06396 -4.39245
3.06351 -4.39204
3.05597 -4.38541
3.05439 -4.38405
3.04795 -4.37841
3.04529 -4.37604
3.03999 -4.37133
3.03625 -4.36797
3.03199 -4.3643
3.02712 -4.35999
3.02404 -4.35722
3.018 -4.352
3.01605 -4.35018
3.0089 -4.344
3.00803 -4.34318
3.00004 -4.33615
2.99975 -4.33604
2.99203 -4.32913
2.99062 -4.32806
2.98398 -4.32216
2.98156 -4.32001
2.976 -4.31511
2.9724 -4.31207
2.96794 -4.30815
2.96337 -4.30398
2.95994 -4.30113
2.95421 -4.29604
2.952 -4.29403
2.94513 -4.288
2.944 -4.287
2.93605 -4.27997
2.93594 -4.28005
2.92802 -4.27292
2.92694 -4.27197
2.91995 -4.26598
2.91787 -4.26394
2.91205 -4.25884
2.90876 -4.25594
2.90401 -4.25186
2.89958 -4.24801
2.89603 -4.24481
2.89055 -4.23992
2.88794 -4.23789
2.88133 -4.23205
2.87994 -4.23086
2.87221 -4.22407
2.872 -4.22377
2.86395 -4.21679
2.86315 -4.21601
2.856 -4.20971
2.85404 -4.20802
2.84804 -4.20264
2.84491 -4.20004
2.84 -4.19565
2.8358 -4.19204
2.83194 -4.18869
2.82674 -4.18398
2.82406 -4.18154
2.81766 -4.17596
2.81594 -4.17465
2.80848 -4.16804
2.808 -4.16755
2.80001 -4.16051
2.79941 -4.15999
2.79195 -4.15355
2.79036 -4.15193
2.78402 -4.14644
2.78122 -4.14396
2.77606 -4.13937
2.7721 -4.13597
2.76799 -4.13243
2.76302 -4.12795
2.75996 -4.12544
2.75382 -4.12004
2.75205 -4.11831
2.74473 -4.11203
2.74397 -4.11137
2.73597 -4.10435
2.73562 -4.10403
2.72796 -4.09733
2.72649 -4.09605
2.71999 -4.09026
2.71738 -4.08806
2.71202 -4.0832
2.70835 -4.07996
2.70402 -4.07618
2.69922 -4.07199
2.696 -4.06918
2.69007 -4.06404
2.68804 -4.06211
2.68093 -4.05607
2.67995 -4.05518
2.67203 -4.04806
2.67191 -4.04798
2.66398 -4.04109
2.66275 -4.04004
2.65599 -4.03406
2.65365 -4.03202
2.64801 -4.027
2.64453 -4.02403
2.63994 -4.02006
2.63548 -4.01598
2.63197 -4.013
2.6263 -4.00806
2.62405 -4.00588
2.61717 -4.00007
2.61599 -3.99892
2.60814 -3.99199
2.60797 -3.99192
2.59999 -3.98487
2.59905 -3.98397
2.59205 -3.97777
2.58989 -3.97603
2.58403 -3.97077
2.58083 -3.96797
2.57596 -3.96382
2.57165 -3.96005
2.568 -3.95675
2.56263 -3.95195
2.55996 -3.94977
2.55343 -3.94406
2.55201 -3.94269
2.5444 -3.93597
2.54397 -3.9357
2.53596 -3.92869
2.53526 -3.92801
2.52796 -3.92166
2.52611 -3.92005
2.52001 -3.91458
2.51707 -3.91197
2.51201 -3.90756
2.50794 -3.904
2.50405 -3.90048
2.49881 -3.89602
2.49602 -3.89349
2.48971 -3.88801
2.48797 -3.88652
2.48057 -3.88005
2.48003 -3.87942
2.47194 -3.8725
2.47151 -3.87199
2.46404 -3.86536
2.46234 -3.86407
2.45598 -3.85841
2.45327 -3.85603
2.44799 -3.85136
2.44424 -3.84793
2.44 -3.84433
2.43509 -3.83998
2.43203 -3.83726
2.42601 -3.83194
2.42403 -3.83024
2.41692 -3.82393
2.41594 -3.82332
2.40805 -3.81617
2.40776 -3.81599
2.39999 -3.8092
2.39862 -3.80803
2.39203 -3.80213
2.3896 -3.79993
2.38394 -3.79521
2.38042 -3.79201
2.37597 -3.78815
2.37125 -3.78407
2.36794 -3.78116
2.36218 -3.77603
2.35998 -3.77408
2.35311 -3.76799
2.35202 -3.76701
2.34399 -3.76002
2.34394 -3.76006
2.33594 -3.75306
2.33495 -3.75193
2.32805 -3.7459
2.32576 -3.74402
2.32002 -3.73891
2.31671 -3.73595
2.31194 -3.73197
2.3075 -3.72806
2.30402 -3.72485
2.29846 -3.71999
2.29599 -3.71786
2.28936 -3.71198
2.28801 -3.71081
2.28021 -3.70403
2.27997 -3.70383
2.27203 -3.69673
2.27117 -3.69595
2.26405 -3.68968
2.26199 -3.68803
2.256 -3.68272
2.25297 -3.67993
2.24804 -3.67564
2.24378 -3.67202
2.24 -3.66866
2.23475 -3.66394
2.23204 -3.66159
2.22564 -3.65594
2.22406 -3.65454
2.21651 -3.64796
2.21594 -3.64766
2.20794 -3.64063
2.20737 -3.63999
2.19998 -3.63355
2.1982 -3.63206
2.19194 -3.62657
2.1891 -3.62405
2.18404 -3.61943
2.18005 -3.61599
2.17596 -3.6125
2.17088 -3.60806
2.16806 -3.60536
2.16188 -3.59994
2.16006 -3.59833
2.15267 -3.59205
2.15202 -3.59135
2.14405 -3.58429
2.14361 -3.584
2.13606 -3.57725
2.13455 -3.57594
2.12796 -3.57034
2.12533 -3.56807
2.12004 -3.56322
2.11626 -3.56003
2.11202 -3.55622
2.10723 -3.55193
2.10394 -3.54928
2.09805 -3.54402
2.096 -3.54219
2.08891 -3.53606
2.08796 -3.53521
2.07998 -3.52815
2.07985 -3.528
2.07206 -3.52104
2.07068 -3.52007
2.06403 -3.51405
2.06162 -3.51201
2.05604 -3.507
2.05257 -3.50395
2.04798 -3.50004
2.0434 -3.49602
2.04006 -3.49293
2.03429 -3.48802
2.03199 -3.48598
2.02514 -3.48007
2.02394 -3.47902
2.01604 -3.47206
2.01602 -3.4719
2.00798 -3.46492
2.00703 -3.46395
2.00002 -3.45784
1.99788 -3.45599
1.99198 -3.45086
1.98882 -3.44794
1.98403 -3.44377
1.97973 -3.43993
1.97595 -3.43685
1.97051 -3.43205
1.968 -3.42976
1.96144 -3.424
1.95994 -3.4228
1.95238 -3.41595
1.95195 -3.41577
1.94401 -3.40866
1.94318 -3.40806
1.93602 -3.40163
1.9341 -3.40002
1.928 -3.39462
1.92507 -3.39194
1.92005 -3.38754
1.91594 -3.38395
1.91206 -3.38051
1.90682 -3.37597
1.90397 -3.37358
1.89765 -3.36804
1.89602 -3.36649
1.88853 -3.36006
1.88799 -3.3595
1.88001 -3.35246
1.87948 -3.35199
1.87202 -3.34541
1.87041 -3.34395
1.86394 -3.33849
1.86119 -3.33607
1.85603 -3.33135
1.85219 -3.32794
1.84803 -3.32432
1.84308 -3.31995
1.84005 -3.31728
1.83394 -3.31199
1.83201 -3.3103
1.82477 -3.30406
1.82396 -3.30333
1.816 -3.29625
1.81577 -3.29594
1.80804 -3.28919
1.80665 -3.28795
1.79994 -3.28227
1.79753 -3.27996
1.792 -3.27518
1.78843 -3.27195
1.78404 -3.2681
1.77934 -3.26393
1.77603 -3.26109
1.7702 -3.25596
1.76796 -3.25414
1.76103 -3.24804
1.76002 -3.24705
1.752 -3.24004
1.75189 -3.24007
1.74405 -3.23296
1.74281 -3.23204
1.73595 -3.22604
1.73376 -3.22397
1.72801 -3.21895
1.72457 -3.21607
1.72005 -3.21187
1.71553 -3.20799
1.71198 -3.20493
1.70636 -3.20006
1.70403 -3.19784
1.69731 -3.192
1.69593 -3.19093
1.68815 -3.18405
1.68797 -3.18386
1.67994 -3.17687
1.6791 -3.17599
1.67193 -3.16985
1.66994 -3.16804
1.66401 -3.16273
1.66086 -3.16001
1.65604 -3.15568
1.65174 -3.15203
1.64801 -3.14868
1.64264 -3.14402
1.63998 -3.14169
1.63351 -3.13605
1.63203 -3.1346
1.62449 -3.12794
1.624 -3.12761
1.61605 -3.12053
1.6153 -3.12003
1.608 -3.11356
1.60626 -3.11196
1.60001 -3.10653
1.59714 -3.10398
1.59207 -3.09943
1.58804 -3.09596
1.58401 -3.09247
1.57892 -3.08797
1.57605 -3.0854
1.56981 -3.07998
1.56796 -3.07847
1.56066 -3.07203
1.55995 -3.07146
1.55194 -3.06444
1.55153 -3.06405
1.54403 -3.05731
1.54248 -3.05598
1.53599 -3.05033
1.53337 -3.04798
1.52794 -3.04336
1.52424 -3.04001
1.52004 -3.03623
1.51513 -3.03201
1.51196 -3.02929
1.50597 -3.02407
1.50404 -3.02217
1.49689 -3.01603
1.496 -3.01519
1.48802 -3.00814
1.48776 -3.00806
1.48 -3.00114
1.47867 -3.00004
1.47194 -2.99418
1.4696 -2.992
1.46404 -2.98704
1.46046 -2.98403
1.45597 -2.98009
1.45143 -2.97594
1.44804 -2.97298
1.44229 -2.96798
1.43994 -2.96608
1.4331 -2.96007
1.43205 -2.95892
1.42402 -2.95204
1.424 -2.95195
1.41604 -2.94487
1.41499 -2.94396
1.40802 -2.93787
1.40587 -2.93597
1.40002 -2.93085
1.39667 -2.92807
1.39197 -2.92388
1.38766 -2.91996
1.38404 -2.91677
1.37857 -2.91194
1.37599 -2.9098
1.36935 -2.90406
1.36802 -2.90275
1.36035 -2.89594
1.36002 -2.89572
1.35205 -2.88865
1.35115 -2.88805
1.34401 -2.88167
1.34203 -2.88006
1.33595 -2.87471
1.33294 -2.87204
1.32806 -2.86756
1.32386 -2.86401
1.32005 -2.86055
1.31474 -2.85602
1.31202 -2.85356
1.30566 -2.84798
1.30396 -2.8466
1.29649 -2.84005
1.29603 -2.83949
1.28794 -2.83257
1.28745 -2.83198
1.27994 -2.82553
1.2783 -2.82403
1.27195 -2.8185
1.26923 -2.81598
1.26404 -2.81137
1.26014 -2.80796
1.25603 -2.80436
1.25096 -2.80005
1.24801 -2.79735
1.2419 -2.79199
1.23995 -2.7904
1.23279 -2.78399
1.23197 -2.78334
1.22398 -2.77631
1.22368 -2.77599
1.21596 -2.7693
1.21461 -2.76796
1.20806 -2.76217
1.20549 -2.75996
1.19995 -2.75527
1.19641 -2.75193
1.19199 -2.74819
1.18721 -2.74403
1.18406 -2.74109
1.17815 -2.73598
1.17602 -2.73411
1.169 -2.72803
1.16797 -2.72714
1.16 -2.72007
1.15986 -2.72007
1.15199 -2.71306
1.15083 -2.71198
1.14393 -2.70609
1.14165 -2.70406
1.13594 -2.69906
1.13263 -2.69596
1.12797 -2.692
1.12342 -2.68807
1.12001 -2.68493
1.11431 -2.68007
1.11205 -2.67785
1.10532 -2.67194
1.10395 -2.67094
1.09611 -2.66405
1.09596 -2.66391
1.08802 -2.65681
1.08706 -2.65599
1.08001 -2.6498
1.07797 -2.64797
1.07203 -2.64275
1.06885 -2.63998
1.06405 -2.63569
1.05975 -2.63197
1.05599 -2.62874
1.05065 -2.62396
1.04794 -2.62177
1.04145 -2.61606
1.04002 -2.61465
1.03234 -2.60807
1.03195 -2.6077
1.02406 -2.60055
1.02324 -2.60006
1.01596 -2.59364
1.01422 -2.59196
1.00802 -2.58654
1.00509 -2.58398
1.00006 -2.57948
0.995981 -2.57599
0.991982 -2.57253
0.986824 -2.56804
0.984063 -2.56542
0.97774 -2.56001
0.976013 -2.55845
0.968706 -2.55193
0.968066 -2.55136
0.960051 -2.54435
0.95954 -2.54399
0.952065 -2.53731
0.950409 -2.53602
0.94405 -2.5303
0.941327 -2.52799
0.936037 -2.52329
0.932212 -2.52
0.928026 -2.51627
0.923053 -2.51206
0.919976 -2.5093
0.913977 -2.50402
0.911955 -2.5023
0.904899 -2.49598
0.904027 -2.49519
0.896026 -2.48817
0.895765 -2.48801
0.88799 -2.48118
0.886639 -2.48003
0.880001 -2.47414
0.87759 -2.47197
0.872015 -2.4671
0.868506 -2.46394
0.864041 -2.46004
0.859395 -2.45594
0.856053 -2.453
0.850219 -2.44802
0.847965 -2.44608
0.841152 -2.43997
0.839976 -2.43904
0.832055 -2.43196
0.832065 -2.43191
0.823966 -2.42499
0.822903 -2.42401
0.815951 -2.41799
0.813809 -2.41599
0.808049 -2.41085
0.804717 -2.40797
0.799961 -2.40392
0.795645 -2.39993
0.792002 -2.39685
0.786516 -2.39196
0.784012 -2.38981
0.777377 -2.38399
0.776057 -2.38273
0.768271 -2.37599
0.768063 -2.3757
0.759979 -2.36877
0.759129 -2.36803
0.752025 -2.36169
0.750053 -2.35999
0.744034 -2.35465
0.740994 -2.35193
0.736022 -2.34764
0.73178 -2.34406
0.727996 -2.34064
0.722705 -2.33602
0.72006 -2.33354
0.713561 -2.32806
0.711957 -2.32663
0.704464 -2.32005
0.703996 -2.31956
0.695972 -2.31256
0.69539 -2.31201
0.687997 -2.30551
0.686312 -2.30397
0.679991 -2.29849
0.677139 -2.29605
0.672054 -2.29139
0.668071 -2.288
0.663978 -2.28445
0.658909 -2.28006
0.655974 -2.27743
0.649906 -2.27194
0.648057 -2.27031
0.640733 -2.26401
0.640007 -2.26334
0.632052 -2.25626
0.631578 -2.25607
0.623986 -2.24931
0.622583 -2.24794
0.61602 -2.24224
0.613404 -2.24002
0.608024 -2.23521
0.604287 -2.23203
0.600048 -2.22816
0.595157 -2.22405
0.591988 -2.2212
0.586139 -2.21595
0.584024 -2.21413
0.576957 -2.20804
0.576033 -2.20709
0.568023 -2.20008
0.567891 -2.19999
0.560015 -2.19306
0.558781 -2.19199
0.551987 -2.18607
0.549703 -2.18396
0.548272 -2.18281
0.544015 -2.17908
0.54047 -2.17593
0.537132 -2.17306
0.535993 -2.17222
0.531106 -2.16796
0.527981 -2.1654
0.521741 -2.15995
0.52001 -2.15854
0.512333 -2.152
0.511984 -2.15173
0.504015 -2.14486
0.502955 -2.14401
0.496034 -2.13801
0.493642 -2.13595
0.488014 -2.1312
0.484204 -2.12804
0.480043 -2.12433
0.47482 -2.12006
0.472037 -2.11751
0.465554 -2.11194
0.463979 -2.11074
0.456104 -2.10404
0.455992 -2.1039
0.447937 -2.09713
0.446784 -2.09598
0.440035 -2.09018
0.43737 -2.08804
0.431948 -2.08345
0.42808 -2.07995
0.423975 -2.07658
0.418718 -2.07194
0.415983 -2.06974
0.409319 -2.06398
0.407978 -2.06291
0.400049 -2.056
0.39998 -2.05595
0.39203 -2.04919
0.390565 -2.048
0.384001 -2.04239
0.381167 -2.04004
0.376034 -2.03552
0.371882 -2.03194
0.367977 -2.02875
0.36252 -2.02394
0.360019 -2.02187
0.353093 -2.01601
0.351937 -2.01513
0.344018 -2.00821
0.34379 -2.00793
0.336012 -2.00138
0.33433 -2.00004
0.327976 -1.99459
0.325008 -1.99199
0.320063 -1.98766
0.315646 -1.98398
0.312058 -1.98083
0.306292 -1.97597
0.303978 -1.97409
0.29687 -1.96803
0.29603 -1.9672
0.287942 -1.96047
0.287539 -1.95999
0.279976 -1.95359
0.278215 -1.95194
0.272 -1.94673
0.268851 -1.94394
0.263939 -1.93997
0.259424 -1.93601
0.256057 -1.933
0.250123 -1.92793
0.248026 -1.92621
0.240754 -1.91994
0.23999 -1.91942
0.231937 -1.91264
0.231283 -1.91206
0.224017 -1.90572
0.221998 -1.90396
0.215935 -1.89898
0.212645 -1.89595
0.207974 -1.8921
0.203253 -1.88797
0.200031 -1.8852
0.193863 -1.88
0.192053 -1.87835
0.184513 -1.87198
0.183951 -1.87163
0.175943 -1.86481
0.175146 -1.86398
0.168016 -1.85789
0.165797 -1.85596
0.16002 -1.85105
0.156374 -1.84803
0.151939 -1.84432
0.147052 -1.83997
0.144016 -1.83739
0.1376 -1.83207
0.13595 -1.83064
0.128252 -1.82405
0.128036 -1.8237
0.120044 -1.81686
0.118911 -1.81602
0.112027 -1.81005
0.109559 -1.808
0.103955 -1.8033
0.100228 -1.79996
0.0960191 -1.79639
0.0907795 -1.79206
0.0879357 -1.78966
0.0814093 -1.78406
0.0800334 -1.78271
0.0721186 -1.77597
0.0720367 -1.77587
0.0639834 -1.7691
0.0627166 -1.76801
0.0559994 -1.76225
0.0533941 -1.75996
0.047954 -1.75547
0.0440093 -1.75198
0.0400141 -1.74857
0.0346272 -1.744
0.0319671 -1.74179
0.0252881 -1.73597
0.0240484 -1.73487
0.0160033 -1.72809
0.0159104 -1.72798
0.00806038 -1.72119
0.00654058 -1.71999
2.59008e-05 -1.71439
-0.0028036 -1.71196
-0.00805507 -1.70766
-0.0122527 -1.70406
-0.015953 -1.7007
-0.0216014 -1.69603
-0.0240012 -1.69393
-0.0309098 -1.68797
-0.0319377 -1.68702
-0.0399378 -1.68019
-0.0402593 -1.67995
-0.0479453 -1.67336
-0.0496341 -1.67196
-0.0560427 -1.66665
-0.0590026 -1.66396
-0.0640605 -1.65983
-0.0683693 -1.65596
-0.0719467 -1.65287
-0.077716 -1.64793
-0.0800276 -1.64613
-0.0871122 -1.63997
-0.0879566 -1.63921
-0.0959835 -1.63241
-0.0964716 -1.63196
-0.104008 -1.62561
-0.105929 -1.62407
-0.112046 -1.61882
-0.112172 -1.61858
-0.12 -1.61853
-0.128 -1.6186
-0.136 -1.61864
-0.144 -1.61861
-0.152 -1.61858
-0.16 -1.6186
-0.168 -1.61853
-0.176 -1.6186
-0.184 -1.61867
-0.192 -1.61858
-0.2 -1.6187
-0.208 -1.6186
-0.216 -1.61861
-0.224 -1.61856
-0.232 -1.61862
-0.234063 -1.61868
-0.239987 -1.62354
-0.240574 -1.624
-0.248057 -1.63011
-0.250189 -1.63199
-0.255988 -1.63686
-0.259799 -1.63999
-0.264045 -1.64345
-0.269455 -1.64793
-0.271966 -1.65021
-0.279042 -1.65595
-0.280045 -1.65678
-0.287978 -1.66352
-0.28859 -1.66402
-0.296025 -1.67012
-0.298184 -1.67204
-0.304027 -1.67678
-0.307777 -1.68006
-0.311976 -1.68351
-0.317413 -1.68802
-0.319973 -1.69017
-0.327078 -1.69595
-0.32803 -1.69677
-0.335942 -1.70353
-0.336696 -1.70394
-0.344039 -1.71008
-0.346257 -1.71199
-0.351961 -1.71683
-0.355871 -1.71999
-0.360021 -1.72342
-0.365417 -1.72806
-0.367965 -1.73015
-0.375129 -1.73593
-0.376006 -1.73676
-0.383995 -1.74344
-0.384666 -1.74402
-0.392002 -1.75009
-0.394242 -1.75205
-0.399962 -1.7568
-0.403944 -1.75994
-0.407966 -1.76346
-0.41345 -1.76806
-0.416013 -1.77007
-0.423156 -1.77594
-0.423997 -1.77675
-0.431993 -1.78341
-0.43274 -1.78397
-0.439971 -1.7901
-0.44232 -1.792
-0.448006 -1.79672
-0.451873 -1.80007
-0.456014 -1.80337
-0.461537 -1.808
-0.463962 -1.8101
-0.471084 -1.81607
-0.471984 -1.81673
-0.480022 -1.82335
-0.480784 -1.82396
-0.488016 -1.83002
-0.490412 -1.83193
-0.496005 -1.83669
-0.499953 -1.84001
-0.503992 -1.84337
-0.509601 -1.84796
-0.511998 -1.85003
-0.519169 -1.85601
-0.520057 -1.85662
-0.527951 -1.86341
-0.528834 -1.86394
-0.536063 -1.86993
-0.538331 -1.87207
-0.543978 -1.8767
-0.548018 -1.87998
-0.551936 -1.88341
-0.55764 -1.88796
-0.560053 -1.88993
-0.567246 -1.89596
-0.568007 -1.89665
-0.576004 -1.90331
-0.576875 -1.90393
-0.58395 -1.91004
-0.586482 -1.91193
-0.591971 -1.91668
-0.596045 -1.91999
-0.600036 -1.92326
-0.605627 -1.92802
-0.60804 -1.92992
-0.615295 -1.93594
-0.615972 -1.93666
-0.623959 -1.94334
-0.624911 -1.94393
-0.632058 -1.94988
-0.634437 -1.95203
-0.640005 -1.95661
-0.644091 -1.95997
-0.647986 -1.96329
-0.653663 -1.96801
-0.655951 -1.97
-0.663328 -1.97594
-0.66404 -1.97655
-0.67202 -1.98324
-0.672927 -1.98395
-0.679961 -1.98997
-0.682476 -1.99202
-0.687981 -1.99661
-0.692149 -1.99994
-0.695999 -2.00325
-0.701656 -2.00806
-0.704018 -2.00988
-0.71134 -2.01597
-0.711959 -2.01662
-0.720032 -2.02319
-0.720929 -2.02399
-0.728003 -2.02989
-0.730488 -2.03205
-0.736041 -2.03651
-0.74015 -2.03999
-0.743967 -2.04326
-0.749745 -2.048
-0.752048 -2.04982
-0.759385 -2.05596
-0.760008 -2.05653
-0.767942 -2.06327
-0.768996 -2.06396
-0.775956 -2.06992
-0.778594 -2.07197
-0.783986 -2.07654
-0.788225 -2.07994
-0.79199 -2.0832
-0.79778 -2.088
-0.800026 -2.08982
-0.807344 -2.09605
-0.807944 -2.09658
-0.815977 -2.1032
-0.817042 -2.10394
-0.823983 -2.10985
-0.82663 -2.11196
-0.832026 -2.11646
-0.836241 -2.11996
-0.839989 -2.12317
-0.845757 -2.12807
-0.848041 -2.12977
-0.855369 -2.13606
-0.856054 -2.13642
-0.864041 -2.14309
-0.865025 -2.144
-0.872052 -2.14974
-0.874599 -2.15204
-0.879948 -2.15653
-0.884237 -2.16001
-0.888024 -2.1631
-0.893912 -2.16792
-0.896039 -2.16974
-0.903435 -2.17603
-0.904026 -2.17642
-0.912063 -2.18304
-0.913087 -2.18397
-0.919961 -2.18982
-0.922653 -2.19202
-0.928063 -2.19636
-0.932303 -2.19997
-0.932268 -2.20006
-0.935961 -2.20319
-0.941785 -2.20795
-0.943953 -2.20997
-0.944118 -2.21005
-0.950977 -2.21602
-0.951955 -2.21692
-0.959999 -2.22384
-0.96017 -2.22402
-0.968002 -2.2308
-0.969406 -2.23196
-0.975956 -2.23782
-0.978591 -2.23997
-0.984034 -2.24469
-0.987781 -2.24797
-0.992013 -2.25168
-0.996949 -2.25599
-1.00002 -2.25864
-1.00606 -2.26407
-1.00794 -2.26569
-1.01527 -2.27205
-1.01606 -2.27252
-1.02406 -2.27949
-1.02455 -2.27996
-1.03196 -2.28657
-1.0337 -2.288
-1.04005 -2.29344
-1.04294 -2.29594
-1.04805 -2.3004
-1.05207 -2.304
-1.05599 -2.30743
-1.0612 -2.31207
-1.06396 -2.31443
-1.07048 -2.31997
-1.07197 -2.32138
-1.07969 -2.32794
-1.08001 -2.32831
-1.088 -2.33528
-1.08885 -2.33598
-1.09605 -2.34218
-1.09797 -2.34406
-1.10395 -2.34927
-1.10716 -2.35205
-1.11198 -2.3562
-1.11645 -2.35994
-1.11999 -2.36315
-1.12565 -2.36793
-1.12802 -2.37008
-1.13475 -2.37602
-1.13604 -2.37702
-1.14401 -2.38394
-1.14398 -2.38406
-1.15195 -2.39106
-1.15321 -2.39193
-1.16003 -2.39793
-1.16237 -2.39996
-1.16797 -2.40496
-1.17153 -2.408
-1.17606 -2.41182
-1.18069 -2.41603
-1.18405 -2.4188
-1.1899 -2.424
-1.19199 -2.42584
-1.19908 -2.43202
-1.19999 -2.43281
-1.20801 -2.43975
-1.20827 -2.44001
-1.21605 -2.44666
-1.21751 -2.44795
-1.22398 -2.4537
-1.22672 -2.45593
-1.23196 -2.46069
-1.23586 -2.46398
-1.23995 -2.46767
-1.245 -2.47205
-1.24798 -2.4746
-1.25424 -2.47998
-1.25599 -2.48155
-1.26345 -2.48796
-1.264 -2.48851
-1.27194 -2.49555
-1.27254 -2.49607
-1.27998 -2.50246
-1.28177 -2.50402
-1.288 -2.50941
-1.291 -2.51197
-1.29604 -2.51633
-1.30016 -2.52001
-1.30394 -2.5234
-1.3093 -2.52806
-1.31202 -2.53028
-1.31852 -2.53604
-1.32002 -2.53724
-1.32772 -2.54401
-1.32799 -2.54425
-1.33605 -2.55113
-1.3369 -2.55202
-1.34395 -2.55822
-1.34616 -2.55995
-1.35202 -2.5651
-1.35533 -2.56797
-1.36001 -2.57208
-1.36446 -2.57604
-1.36806 -2.57899
-1.37373 -2.58395
-1.37593 -2.58609
-1.38293 -2.59193
-1.384 -2.59299
-1.39205 -2.5999
-1.39209 -2.59996
-1.40005 -2.60686
-1.40121 -2.60804
-1.40794 -2.61395
-1.4105 -2.61593
-1.41604 -2.6208
-1.4196 -2.62402
-1.42402 -2.62779
-1.42877 -2.63205
-1.43194 -2.63484
-1.43806 -2.63993
-1.44005 -2.64168
-1.44718 -2.64801
-1.44805 -2.64865
-1.45605 -2.65562
-1.45638 -2.656
-1.46403 -2.6626
-1.46551 -2.66407
-1.47204 -2.66955
-1.47471 -2.67205
-1.47999 -2.67658
-1.48394 -2.68001
-1.48802 -2.6835
-1.49312 -2.68801
-1.49599 -2.69051
-1.50231 -2.69602
-1.50397 -2.6975
-1.5115 -2.70401
-1.512 -2.70443
-1.52002 -2.71136
-1.52069 -2.71201
-1.52803 -2.71832
-1.52988 -2.72001
-1.53599 -2.72533
-1.53906 -2.72802
-1.54403 -2.73225
-1.54826 -2.73601
-1.552 -2.73925
-1.55742 -2.74404
-1.55995 -2.74628
-1.5666 -2.75206
-1.56795 -2.75324
-1.57584 -2.75999
-1.57599 -2.76016
-1.584 -2.76711
-1.585 -2.76803
-1.59206 -2.77401
-1.5942 -2.77601
-1.59994 -2.78111
-1.60337 -2.78403
-1.60802 -2.78798
-1.61254 -2.79206
-1.61603 -2.79494
-1.62176 -2.80002
-1.62403 -2.8019
-1.63091 -2.80806
-1.63196 -2.80894
-1.63995 -2.81593
-1.6401 -2.81606
-1.64799 -2.82285
-1.64939 -2.82394
-1.65603 -2.82976
-1.65852 -2.83201
-1.66396 -2.8368
-1.66767 -2.84006
-1.67203 -2.84369
-1.67685 -2.84807
-1.68003 -2.85066
-1.68604 -2.85607
-1.68803 -2.85762
-1.69535 -2.86393
-1.69602 -2.8646
-1.70398 -2.87161
-1.70444 -2.87204
-1.71203 -2.87851
-1.71368 -2.87999
-1.72 -2.88551
-1.72279 -2.88807
-1.72799 -2.89249
-1.73208 -2.89595
-1.73594 -2.89951
-1.74124 -2.90399
-1.74397 -2.90645
-1.75042 -2.912
-1.75194 -2.91344
-1.7596 -2.92001
-1.76004 -2.9203
-1.76804 -2.92726
-1.76877 -2.92804
-1.77599 -2.93428
-1.77795 -2.93605
-1.784 -2.94123
-1.78721 -2.94395
-1.79194 -2.94827
-1.79633 -2.95204
-1.79994 -2.95524
-1.80553 -2.96002
-1.80805 -2.96208
-1.81469 -2.96806
-1.81598 -2.96912
-1.82396 -2.97597
-1.82406 -2.976
-1.83198 -2.98305
-1.83308 -2.98404
-1.83997 -2.99003
-1.84231 -2.99199
-1.84805 -2.9969
-1.85149 -3
-1.85596 -3.00396
-1.86072 -3.00796
-1.86405 -3.01083
-1.86988 -3.01599
-1.87198 -3.01788
-1.8791 -3.02395
-1.87997 -3.02486
-1.88806 -3.03172
-1.88831 -3.03193
-1.89598 -3.03877
-1.89739 -3.04006
-1.90397 -3.04575
-1.90657 -3.04807
-1.91199 -3.05268
-1.91578 -3.05604
-1.91999 -3.05966
-1.92507 -3.06393
-1.92805 -3.06654
-1.93414 -3.07207
-1.93597 -3.0736
-1.94344 -3.07993
-1.94395 -3.0806
-1.95196 -3.08755
-1.95263 -3.08793
-1.96006 -3.0944
-1.96172 -3.09604
-1.968 -3.10143
-1.97098 -3.10397
-1.97596 -3.10844
-1.98016 -3.11198
-1.98398 -3.11539
-1.98936 -3.11996
-1.99199 -3.12234
-1.99858 -3.12793
-2.00002 -3.12927
-2.00766 -3.13606
-2.008 -3.13626
-2.01601 -3.14321
-2.0169 -3.144
-2.02402 -3.15016
-2.02614 -3.15193
-2.03203 -3.15712
-2.03528 -3.15999
-2.04004 -3.16407
-2.04449 -3.16796
-2.04797 -3.17112
-2.05368 -3.17596
-2.05599 -3.17806
-2.06284 -3.184
-2.06401 -3.18501
-2.07199 -3.19199
-2.07197 -3.19206
-2.07998 -3.19897
-2.08118 -3.20004
-2.08799 -3.20592
-2.09046 -3.20794
-2.09606 -3.2128
-2.09956 -3.21604
-2.10406 -3.21977
-2.10875 -3.22403
-2.11201 -3.22679
-2.11791 -3.23206
-2.11998 -3.23379
-2.12722 -3.23993
-2.12797 -3.24077
-2.13598 -3.24772
-2.13632 -3.24803
-2.14396 -3.25471
-2.14557 -3.25596
-2.15197 -3.26166
-2.15466 -3.26407
-2.16003 -3.26856
-2.16388 -3.27204
-2.16795 -3.27562
-2.17305 -3.28005
-2.17597 -3.28256
-2.18228 -3.28801
-2.18406 -3.28941
-2.1915 -3.29598
-2.19206 -3.29639
-2.20003 -3.30339
-2.20066 -3.30401
-2.20798 -3.31041
-2.20984 -3.31202
-2.21605 -3.31729
-2.21902 -3.32003
-2.22401 -3.3243
-2.22826 -3.32797
-2.23194 -3.33135
-2.23745 -3.33597
-2.24003 -3.33821
-2.24656 -3.34406
-2.24795 -3.34527
-2.25579 -3.35202
-2.25596 -3.35222
-2.26396 -3.35919
-2.26502 -3.35997
-2.27194 -3.36618
-2.2742 -3.36798
-2.28001 -3.37305
-2.28342 -3.37594
-2.28795 -3.38009
-2.29258 -3.38398
-2.29595 -3.38706
-2.30169 -3.39207
-2.30399 -3.39398
-2.311 -3.39992
-2.31203 -3.4009
-2.32006 -3.40783
-2.32018 -3.40794
-2.32796 -3.41491
-2.32929 -3.41602
-2.33606 -3.42175
-2.33853 -3.42396
-2.34399 -3.4288
-2.34766 -3.43203
-2.35197 -3.43579
-2.35685 -3.44003
-2.36005 -3.44266
-2.366 -3.44807
-2.36797 -3.44972
-2.37531 -3.45594
-2.37601 -3.45664
-2.38405 -3.46356
-2.38443 -3.46402
-2.39202 -3.47056
-2.39362 -3.47201
-2.40001 -3.47753
-2.40286 -3.47996
-2.40796 -3.48455
-2.412 -3.48802
-2.41595 -3.49153
-2.42123 -3.49596
-2.42405 -3.49838
-2.43038 -3.50401
-2.43205 -3.50535
-2.43961 -3.51196
-2.44005 -3.51231
-2.44795 -3.51939
-2.44874 -3.52003
-2.45601 -3.52629
-2.45794 -3.52802
-2.46404 -3.53322
-2.46719 -3.53594
-2.47201 -3.54022
-2.47635 -3.54398
-2.47994 -3.54726
-2.48554 -3.55198
-2.48795 -3.55422
-2.49477 -3.55993
-2.49602 -3.5611
-2.50387 -3.56803
-2.50404 -3.56805
-2.51197 -3.57509
-2.5131 -3.57598
-2.51997 -3.58205
-2.52229 -3.58399
-2.52797 -3.58902
-2.53146 -3.59201
-2.53602 -3.59593
-2.54067 -3.59997
-2.544 -3.60292
-2.5499 -3.60794
-2.55202 -3.60985
-2.55899 -3.61605
-2.56005 -3.61679
-2.56804 -3.62377
-2.56821 -3.62401
-2.57604 -3.63073
-2.57737 -3.63204
-2.58393 -3.63781
-2.58655 -3.64005
-2.59202 -3.64468
-2.5958 -3.64798
-2.6 -3.65167
-2.60501 -3.65595
-2.60805 -3.65858
-2.61414 -3.66402
-2.616 -3.6656
-2.62338 -3.67196
-2.624 -3.67256
-2.63203 -3.6795
-2.63256 -3.67998
-2.63995 -3.68656
-2.64169 -3.68805
-2.64798 -3.69348
-2.65089 -3.69603
-2.65598 -3.70045
-2.66007 -3.70404
-2.66404 -3.70734
-2.66929 -3.71201
-2.67198 -3.71438
-2.67848 -3.72
-2.68002 -3.7213
-2.68762 -3.72806
-2.68804 -3.72824
-2.69601 -3.73524
-2.69684 -3.73603
-2.70404 -3.74217
-2.70601 -3.74404
-2.71197 -3.74921
-2.7152 -3.75205
-2.72002 -3.75612
-2.72444 -3.75999
-2.72805 -3.76305
-2.73364 -3.76797
-2.73603 -3.77005
-2.74278 -3.77603
-2.74398 -3.77707
-2.75203 -3.78396
-2.75204 -3.78395
-2.76002 -3.79095
-2.76117 -3.79201
-2.76801 -3.79793
-2.77037 -3.8
-2.77603 -3.80486
-2.77956 -3.808
-2.78398 -3.81189
-2.78875 -3.816
-2.79204 -3.81878
-2.79792 -3.82402
-2.80003 -3.82576
-2.80714 -3.83198
-2.80804 -3.83271
-2.81601 -3.83971
-2.81638 -3.83993
-2.82405 -3.84663
-2.8255 -3.848
-2.83194 -3.85373
-2.8347 -3.85599
-2.83994 -3.86068
-2.84393 -3.86394
-2.84801 -3.86758
-2.85302 -3.87205
-2.85606 -3.87449
-2.86225 -3.88001
-2.86397 -3.88155
-2.87151 -3.88793
-2.87204 -3.88843
-2.87998 -3.89547
-2.88068 -3.89595
-2.888 -3.90241
-2.88979 -3.90404
-2.89596 -3.90942
-2.89897 -3.91205
-2.904 -3.91634
-2.90816 -3.92005
-2.91202 -3.92329
-2.91739 -3.928
-2.92002 -3.93024
-2.92656 -3.93602
-2.92799 -3.93725
-2.93571 -3.94407
-2.93604 -3.94416
-2.94406 -3.95109
-2.94494 -3.95202
-2.95206 -3.95807
-2.95409 -3.96006
-2.96002 -3.96507
-2.96335 -3.96798
-2.96798 -3.97209
-2.97251 -3.97602
-2.97602 -3.979
-2.98173 -3.98398
-2.98403 -3.98596
-2.99087 -3.99204
-2.99203 -3.99293
-2.99997 -3.99996
-3.00005 -4.00004
-3.00798 -4.00691
-3.00922 -4.00807
-3.01601 -4.01384
-3.01844 -4.01603
-3.02395 -4.02088
-3.02759 -4.02407
-3.03206 -4.02771
-3.03691 -4.03193
-3.04002 -4.03473
-3.04606 -4.03997
-3.04801 -4.0417
-3.05521 -4.04801
-3.05598 -4.0487
-3.06402 -4.05561
-3.0644 -4.05601
-3.07206 -4.06254
-3.07356 -4.06405
-3.07995 -4.06963
-3.08275 -4.07205
-3.08804 -4.07649
-3.09201 -4.07997
-3.09603 -4.08346
-3.10116 -4.088
-3.10393 -4.09054
-3.11032 -4.09604
-3.11194 -4.0975
-3.1196 -4.10394
-3.12 -4.10439
-3.12795 -4.11142
-3.12875 -4.11197
-3.13604 -4.11828
-3.13792 -4.12
-3.14396 -4.12533
-3.14713 -4.12798
-3.15205 -4.1322
-3.15633 -4.13596
-3.16006 -4.13915
-3.16544 -4.14405
-3.16797 -4.14622
-3.17465 -4.15203
-3.176 -4.15315
-3.1839 -4.15996
-3.18396 -4.16016
-3.19198 -4.1671
-3.19309 -4.16796
-3.19996 -4.1741
-3.20225 -4.17599
-3.20795 -4.18107
-3.21143 -4.184
-3.21597 -4.18802
-3.22066 -4.19196
-3.22394 -4.19502
-3.22985 -4.19996
-3.23203 -4.20187
-3.23898 -4.20802
-3.24006 -4.2088
-3.24798 -4.21586
-3.24825 -4.21593
-3.256 -4.2228
-3.25743 -4.22394
-3.26399 -4.22978
-3.26663 -4.23193
-3.27204 -4.23669
-3.27577 -4.23998
-3.28005 -4.24364
-3.2849 -4.24804
-3.28801 -4.25065
-3.29409 -4.25604
-3.29605 -4.25757
-3.30336 -4.26396
-3.30395 -4.26465
-3.31205 -4.27151
-3.31247 -4.27204
-3.31994 -4.2786
-3.32164 -4.28007
-3.32801 -4.28548
-3.33082 -4.28807
-3.33605 -4.2924
-3.34007 -4.296
-3.34405 -4.29936
-3.34929 -4.30397
-3.35198 -4.30641
-3.35849 -4.31196
-3.36001 -4.31334
-3.36767 -4.31997
-3.36798 -4.32033
-3.37603 -4.32724
-3.37686 -4.32796
-3.384 -4.33425
-3.38601 -4.33601
-3.392 -4.3412
-3.39526 -4.34394
-3.39998 -4.3482
-3.40443 -4.35195
-3.40797 -4.35517
-3.41363 -4.35995
-3.41594 -4.36218
-3.4228 -4.36797
-3.42394 -4.36913
-3.43198 -4.37598
-3.43196 -4.37607
-3.43999 -4.38301
-3.44111 -4.38405
-3.44804 -4.38992
-3.45028 -4.39207
-3.45604 -4.39689
-3.45956 -4.39996
-3.46407 -4.40382
-3.46872 -4.40799
-3.47199 -4.41087
-3.47793 -4.41597
-3.48003 -4.41779
-3.48705 -4.42405
-3.48796 -4.42483
-3.49606 -4.43168
-3.49632 -4.43196
-3.50405 -4.43866
-3.50549 -4.43997
-3.51195 -4.44574
-3.51462 -4.44804
-3.51995 -4.45271
-3.52384 -4.456
-3.52803 -4.45958
-3.53298 -4.46407
-3.53606 -4.4665
-3.5422 -4.47203
-3.54394 -4.47362
-3.55146 -4.47995
-3.55194 -4.48058
-3.56004 -4.48743
-3.56063 -4.48796
-3.56793 -4.49451
-3.56979 -4.496
-3.57597 -4.50144
-3.57893 -4.50406
-3.58402 -4.50835
-3.5882 -4.51196
-3.59204 -4.51529
-3.59739 -4.51997
-3.59995 -4.52235
-3.6066 -4.52794
-3.60797 -4.52929
-3.61576 -4.53597
-3.61596 -4.53627
-3.62401 -4.54318
-3.62488 -4.54405
-3.63201 -4.55014
-3.63411 -4.55201
-3.64002 -4.5571
-3.64324 -4.56007
-3.64796 -4.56413
-3.65253 -4.56796
-3.65594 -4.57112
-3.66166 -4.57602
-3.66404 -4.57798
-3.67082 -4.58406
-3.67196 -4.58503
-3.68006 -4.59188
-3.68012 -4.59193
-3.68802 -4.5989
-3.68931 -4.59993
-3.69601 -4.60587
-3.6985 -4.60793
-3.70401 -4.61284
-3.70767 -4.61595
-3.71206 -4.61974
-3.71683 -4.62398
-3.72 -4.62678
-3.72602 -4.63198
-3.72804 -4.6337
-3.73513 -4.64007
-3.73599 -4.64071
-3.74399 -4.64768
-3.74438 -4.648
-3.75201 -4.65463
-3.75361 -4.65595
-3.76001 -4.66158
-3.76272 -4.66404
-3.768 -4.66856
-3.77193 -4.67202
-3.77604 -4.67549
-3.78116 -4.67997
-3.78403 -4.68246
-3.79027 -4.68806
-3.79205 -4.6894
-3.7995 -4.69601
-3.8 -4.69642
-3.80806 -4.70332
-3.80869 -4.70401
-3.816 -4.71036
-3.81787 -4.71203
-3.82402 -4.7173
-3.82707 -4.72
-3.83201 -4.72427
-3.83626 -4.728
-3.84002 -4.73123
-3.84545 -4.73601
-3.84794 -4.73829
-3.85468 -4.74396
-3.85594 -4.74525
-3.86388 -4.75195
-3.86397 -4.75218
-3.87195 -4.75917
-3.87301 -4.76002
-3.88001 -4.76607
-3.88217 -4.76805
-3.88545 -4.77093
-3.88793 -4.776
-3.88805 -4.77611
-3.88858 -4.77722
-3.8909 -4.78398
-3.89179 -4.78677
-3.8925 -4.79201
-3.89382 -4.79999
-3.89412 -4.80251
-3.89423 -4.808
-3.89429 -4.816
-3.89433 -4.824
-3.89435 -4.832
-3.89456 -4.84
-3.89469 -4.848
-3.89466 -4.856
-3.89475 -4.864
-3.89482 -4.872
-3.89504 -4.88
-3.89507 -4.888
-3.89517 -4.896
-3.89516 -4.904
-3.89529 -4.912
-3.8954 -4.92
-3.89553 -4.928
-3.89564 -4.936
-3.89571 -4.944
-3.8957 -4.952
-3.89589 -4.96
-3.89602 -4.968
-3.89603 -4.97302
-3.89606 -4.976
-3.89619 -4.984
-3.89611 -4.992
-3.89639 -5
-3.89633 -5.008
-3.89649 -5.016
-3.89647 -5.024
-3.8966 -5.032
-3.89672 -5.04
-3.89676 -5.048
-3.89698 -5.056
-3.89707 -5.064
-3.89714 -5.072
-3.89709 -5.08
-3.89713 -5.08366
-3.8966 -5.088
-3.89604 -5.09252
-3.89548 -5.096
-3.89526 -5.09818
-3.89327 -5.10402
-3.89225 -5.10698
-3.88983 -5.11201
-3.88794 -5.11575
-3.88734 -5.11736
-3.88376 -5.12002
-3.87995 -5.1228
-3.87325 -5.12794
-3.87205 -5.12906
-3.86406 -5.13519
-3.86282 -5.13597
-3.85599 -5.14122
-3.85238 -5.14398
-3.84799 -5.14735
-3.84191 -5.15196
-3.83995 -5.15341
-3.83204 -5.15966
-3.8315 -5.16001
-3.82401 -5.16575
-3.82109 -5.16807
-3.81599 -5.17184
-3.81062 -5.17604
-3.80801 -5.178
-3.80009 -5.18394
-3.79995 -5.18404
-3.79197 -5.1902
-3.78967 -5.19198
-3.78396 -5.1963
-3.77921 -5.19997
-3.77603 -5.20252
-3.76879 -5.20801
-3.76805 -5.20867
-3.76003 -5.21477
-3.75837 -5.21604
-3.75196 -5.2208
-3.74794 -5.22407
-3.744 -5.22698
-3.73741 -5.23197
-3.736 -5.2331
-3.72801 -5.23924
-3.72698 -5.23999
-3.72005 -5.24542
-3.71659 -5.24807
-3.71203 -5.25152
-3.70609 -5.25601
-3.70403 -5.25763
-3.69597 -5.26368
-3.69568 -5.26406
-3.68803 -5.26989
-3.68521 -5.27203
-3.67998 -5.27595
-3.67478 -5.28006
-3.67199 -5.28209
-3.66424 -5.28794
-3.66399 -5.2882
-3.65595 -5.29428
-3.65387 -5.29604
-3.648 -5.30046
-3.64332 -5.30392
-3.64 -5.3066
-3.63296 -5.31203
-3.632 -5.31272
-3.62396 -5.31879
-3.62247 -5.31998
-3.61601 -5.32498
-3.612 -5.32796
-3.60801 -5.3311
-3.60153 -5.33593
-3.60006 -5.33729
-3.59202 -5.34336
-3.59113 -5.344
-3.58403 -5.34951
-3.58072 -5.35205
-3.57603 -5.35562
-3.57029 -5.36008
-3.56798 -5.36169
-3.56001 -5.36784
-3.55976 -5.36797
-3.55204 -5.37401
-3.54935 -5.37602
-3.54398 -5.38006
-3.53888 -5.38399
-3.53605 -5.38627
-3.52846 -5.39204
-3.52795 -5.39226
-3.52005 -5.39852
-3.518 -5.40003
-3.51199 -5.40457
-3.50752 -5.40799
-3.50398 -5.41067
-3.49705 -5.41597
-3.49603 -5.41686
-3.48797 -5.42291
-3.48659 -5.42395
-3.48 -5.42907
-3.47621 -5.43204
-3.47198 -5.43518
-3.46569 -5.43995
-3.46397 -5.44128
-3.456 -5.44744
-3.45533 -5.44806
-3.44801 -5.45358
-3.44486 -5.45604
-3.43995 -5.45963
-3.43434 -5.46395
-3.432 -5.46582
-3.42402 -5.47197
-3.4239 -5.47196
-3.41597 -5.47803
-3.41344 -5.47995
-3.40801 -5.4842
-3.40307 -5.48806
-3.40003 -5.49035
-3.39256 -5.49597
-3.39199 -5.49643
-3.38394 -5.50249
-3.38213 -5.504
-3.37597 -5.50865
-3.37171 -5.51205
-3.36795 -5.51475
-3.36117 -5.51992
-3.35996 -5.52089
-3.35204 -5.52711
-3.35077 -5.52799
-3.34398 -5.53316
-3.34032 -5.53599
-3.33605 -5.53938
-3.32988 -5.544
-3.32802 -5.54546
-3.32005 -5.55162
-3.31938 -5.55194
-3.31204 -5.55774
-3.30897 -5.55999
-3.30406 -5.56388
-3.29848 -5.56794
-3.29602 -5.56996
-3.28807 -5.576
-3.28794 -5.57599
-3.28003 -5.58222
-3.27761 -5.58397
-3.27202 -5.58833
-3.26718 -5.592
-3.26401 -5.59444
-3.25672 -5.59999
-3.25596 -5.6005
-3.24799 -5.60666
-3.24629 -5.60801
-3.23999 -5.61279
-3.23578 -5.61594
-3.232 -5.61893
-3.22541 -5.62404
-3.22399 -5.62504
-3.21601 -5.6312
-3.21493 -5.632
-3.20796 -5.63725
-3.20444 -5.63995
-3.19996 -5.64337
-3.19401 -5.64798
-3.192 -5.64955
-3.184 -5.65567
-3.18362 -5.65606
-3.17599 -5.66179
-3.17311 -5.66398
-3.16802 -5.66795
-3.16262 -5.67193
-3.15997 -5.674
-3.15219 -5.67996
-3.15197 -5.68013
-3.14404 -5.68635
-3.14176 -5.68798
-3.13594 -5.69235
-3.13128 -5.69595
-3.12796 -5.69849
-3.12092 -5.70406
-3.12003 -5.7047
-3.11198 -5.71076
-3.11046 -5.71205
-3.10395 -5.71685
-3.09995 -5.71998
-3.09602 -5.72307
-3.08954 -5.72802
-3.08798 -5.72914
-3.08003 -5.73533
-3.07913 -5.73608
-3.07199 -5.7414
-3.06865 -5.74404
-3.06405 -5.7476
-3.05818 -5.75201
-3.056 -5.75366
-3.04804 -5.75984
-3.04769 -5.75996
-3.04006 -5.76598
-3.0373 -5.76803
-3.03195 -5.77196
-3.02682 -5.77599
-3.02397 -5.77812
-3.01632 -5.78394
-3.01603 -5.78432
-3.01183 -5.78751
-3.01027 -5.78862
-3.00802 -5.78997
-3.00462 -5.79204
-2.99999 -5.79478
-2.99202 -5.79968
-2.99147 -5.80008
-2.98403 -5.80456
-2.9783 -5.80807
-2.97598 -5.80933
-2.96803 -5.81428
-2.96511 -5.81605
-2.95995 -5.81901
-2.95204 -5.82401
-2.9519 -5.82398
-2.94402 -5.82884
-2.93875 -5.83203
-2.93598 -5.83364
-2.92795 -5.83844
-2.92561 -5.84007
-2.91996 -5.84331
-2.91242 -5.84804
-2.91199 -5.84822
-2.90404 -5.85317
-2.89927 -5.85607
-2.89602 -5.85798
-2.88797 -5.86278
-2.88603 -5.86396
-2.88004 -5.86774
-2.87291 -5.87205
-2.87205 -5.87262
-2.86398 -5.87736
-2.85967 -5.87992
-2.85605 -5.88234
-2.84804 -5.88717
-2.84657 -5.88805
-2.83997 -5.89192
-2.83338 -5.89602
-2.83198 -5.8968
-2.82395 -5.90161
-2.82016 -5.90393
-2.81597 -5.9065
-2.80795 -5.91132
-2.80698 -5.91192
-2.79997 -5.91622
-2.79383 -5.91996
-2.79199 -5.92111
-2.78397 -5.92594
-2.78068 -5.92799
-2.77596 -5.93077
-2.76798 -5.93568
-2.76753 -5.93603
-2.75995 -5.94049
-2.75435 -5.94401
-2.75198 -5.94539
-2.74401 -5.95029
-2.74121 -5.95206
-2.73604 -5.95522
-2.72796 -5.95993
-2.72796 -5.95993
-2.72003 -5.96491
-2.71478 -5.96792
-2.71196 -5.96966
-2.70396 -5.97451
-2.7017 -5.97607
-2.69605 -5.97951
-2.68851 -5.98404
-2.68801 -5.98431
-2.67997 -5.98911
-2.67529 -5.99195
-2.67196 -5.99396
-2.66403 -5.99893
-2.66213 -5.99998
-2.65595 -6.00366
-2.64896 -6.00796
-2.64805 -6.00868
-2.64004 -6.01351
-2.63586 -6.01608
-2.63201 -6.01833
-2.62402 -6.02321
-2.6226 -6.02394
-2.61599 -6.02801
-2.60943 -6.03195
-2.60801 -6.03291
-2.59999 -6.03774
-2.59632 -6.04005
-2.59201 -6.04262
-2.58399 -6.04746
-2.58313 -6.04802
-2.57599 -6.05231
-2.56992 -6.05594
-2.56795 -6.0571
-2.55998 -6.06201
-2.55678 -6.064
-2.55196 -6.06684
-2.54399 -6.07175
-2.54357 -6.07194
-2.53596 -6.07655
-2.5304 -6.07994
-2.52796 -6.08142
-2.51996 -6.08627
-2.51725 -6.08796
-2.51201 -6.09121
-2.5041 -6.09601
-2.504 -6.09606
-2.496 -6.10092
-2.49092 -6.10398
-2.48805 -6.10585
-2.48495 -6.10763
