2.3074 -6.10421
2.30779 -6.10405
2.31197 -6.10143
2.31995 -6.09667
2.32124 -6.09596
2.32802 -6.09205
2.33474 -6.08794
2.33599 -6.08725
2.34399 -6.08252
2.34832 -6.08006
2.35198 -6.07776
2.36 -6.07307
2.36185 -6.07208
2.36798 -6.0683
2.37534 -6.06406
2.37597 -6.06354
2.38396 -6.05878
2.38882 -6.056
2.39203 -6.05417
2.40005 -6.04946
2.40232 -6.04799
2.408 -6.04464
2.41588 -6.04007
2.41605 -6.03999
2.42399 -6.03515
2.4293 -6.03192
2.432 -6.03044
2.44002 -6.02573
2.4429 -6.02407
2.44796 -6.02089
2.45596 -6.01616
2.45639 -6.01603
2.464 -6.01148
2.46985 -6.00795
2.47203 -6.0068
2.47997 -6.00195
2.48341 -6.00003
2.48804 -5.99733
2.496 -5.99253
2.49692 -5.99203
2.504 -5.9878
2.51038 -5.98395
2.512 -5.98305
2.52001 -5.97834
2.52397 -5.97607
2.52801 -5.9736
2.53601 -5.96886
2.53746 -5.96804
2.54401 -5.96413
2.55091 -5.95995
2.55199 -5.95936
2.56005 -5.95472
2.56441 -5.95192
2.56798 -5.94986
2.57601 -5.94518
2.57793 -5.94394
2.58397 -5.94038
2.59146 -5.93597
2.59197 -5.93564
2.59998 -5.93092
2.60498 -5.92799
2.60803 -5.92626
2.616 -5.92147
2.61845 -5.91992
2.62403 -5.91679
2.63203 -5.91205
2.632 -5.91198
2.63995 -5.90719
2.64556 -5.90408
2.64799 -5.90251
2.65597 -5.89775
2.65904 -5.89602
2.66404 -5.89312
2.67204 -5.88838
2.6725 -5.88793
2.67996 -5.88352
2.68609 -5.88007
2.68805 -5.87892
2.69602 -5.87415
2.69954 -5.87197
2.70401 -5.86939
2.71202 -5.86467
2.71311 -5.86407
2.71999 -5.85988
2.72653 -5.85592
2.72796 -5.85509
2.73595 -5.85034
2.74013 -5.84808
2.74398 -5.84566
2.75202 -5.84098
2.75359 -5.83999
2.76001 -5.83623
2.76712 -5.83201
2.76799 -5.83146
2.77601 -5.82675
2.78061 -5.82399
2.78396 -5.82193
2.79196 -5.81719
2.79415 -5.81603
2.80004 -5.8126
2.80768 -5.80806
2.80801 -5.80781
2.81317 -5.8048
2.81601 -5.80249
2.81916 -5.80004
2.82401 -5.79616
2.82924 -5.792
2.832 -5.78981
2.8393 -5.78394
2.84003 -5.78351
2.84806 -5.77722
2.84951 -5.77608
2.85595 -5.77074
2.85953 -5.76797
2.86403 -5.76452
2.86963 -5.75997
2.87197 -5.7581
2.87971 -5.75194
2.88003 -5.75185
2.88798 -5.74545
2.88985 -5.74398
2.89595 -5.73908
2.89999 -5.73602
2.90404 -5.73286
2.91008 -5.72801
2.91195 -5.72641
2.91997 -5.7201
2.9202 -5.72002
2.92796 -5.71376
2.93033 -5.71205
2.93594 -5.7074
2.94037 -5.70397
2.94403 -5.70118
2.95051 -5.69602
2.95198 -5.69478
2.95995 -5.68841
2.96055 -5.68793
2.96805 -5.6822
2.97065 -5.67993
2.97596 -5.67575
2.98084 -5.67204
2.98404 -5.66953
2.99089 -5.66397
2.992 -5.66314
2.99997 -5.65677
3.00103 -5.65601
3.00801 -5.65049
3.01116 -5.64805
3.01602 -5.64417
3.02125 -5.64003
3.02403 -5.63784
3.03139 -5.63207
3.03199 -5.63146
3.04004 -5.6252
3.04147 -5.62404
3.04797 -5.61876
3.05159 -5.61606
3.05598 -5.61245
3.06162 -5.60797
3.06398 -5.60611
3.07172 -5.59995
3.07201 -5.59982
3.07997 -5.59344
3.08192 -5.59208
3.08802 -5.58716
3.09197 -5.584
3.09596 -5.58075
3.10212 -5.57606
3.10396 -5.57442
3.11198 -5.56812
3.11223 -5.56807
3.12004 -5.56186
3.12229 -5.56001
3.12798 -5.55545
3.13235 -5.55196
3.13594 -5.54907
3.14253 -5.54405
3.14405 -5.54287
3.15205 -5.53654
3.15258 -5.53598
3.16005 -5.5302
3.16264 -5.52792
3.16805 -5.52387
3.17275 -5.51993
3.17598 -5.51744
3.18294 -5.51204
3.18405 -5.5112
3.19203 -5.50484
3.19299 -5.50396
3.2 -5.49846
3.20313 -5.49601
3.20795 -5.49207
3.21323 -5.48801
3.21606 -5.48588
3.22331 -5.47998
3.22402 -5.4795
3.23194 -5.47307
3.23341 -5.47197
3.24004 -5.46686
3.24354 -5.464
3.248 -5.46047
3.2536 -5.45594
3.25601 -5.45415
3.26378 -5.44804
3.26403 -5.44783
3.27196 -5.44142
3.27389 -5.44005
3.27999 -5.43512
3.28396 -5.432
3.28796 -5.42875
3.29401 -5.42393
3.29596 -5.42242
3.30401 -5.41615
3.30421 -5.41605
3.31197 -5.40977
3.3143 -5.40803
3.31997 -5.40343
3.32434 -5.39995
3.328 -5.39714
3.33448 -5.39199
3.33603 -5.39084
3.34401 -5.38447
3.34456 -5.38396
3.352 -5.37813
3.35473 -5.37604
3.35994 -5.37173
3.3648 -5.368
3.36804 -5.36551
3.37496 -5.36007
3.37601 -5.35914
3.38394 -5.35272
3.385 -5.35199
3.39195 -5.3464
3.39517 -5.34406
3.40002 -5.34016
3.40521 -5.33599
3.40804 -5.33385
3.41537 -5.32806
3.41605 -5.32753
3.424 -5.32113
3.42541 -5.31998
3.432 -5.3148
3.4355 -5.31196
3.44 -5.30846
3.44568 -5.30405
3.448 -5.30213
3.45571 -5.29595
3.45601 -5.29581
3.46401 -5.28948
3.46584 -5.28799
3.47202 -5.28316
3.4759 -5.27993
3.48 -5.2768
3.48608 -5.27202
3.48799 -5.27045
3.49606 -5.2642
3.49611 -5.26393
3.50398 -5.25777
3.50632 -5.25607
3.51201 -5.25148
3.51634 -5.24796
3.52005 -5.24519
3.52649 -5.24001
3.52805 -5.23886
3.53595 -5.2324
3.5366 -5.23203
3.54405 -5.22619
3.54675 -5.22408
3.552 -5.21979
3.55674 -5.21593
3.55997 -5.21342
3.56687 -5.20796
3.56797 -5.20709
3.57594 -5.20072
3.57696 -5.19995
3.58401 -5.19448
3.58715 -5.19206
3.59196 -5.18808
3.59718 -5.18396
3.59997 -5.18176
3.6073 -5.17598
3.60795 -5.1754
3.61598 -5.1691
3.61737 -5.16793
3.62405 -5.16286
3.6275 -5.15997
3.63205 -5.15653
3.63761 -5.15197
3.63998 -5.1501
3.64777 -5.14404
3.64801 -5.14381
3.65597 -5.13742
3.65783 -5.13598
3.66404 -5.13118
3.66795 -5.128
3.67203 -5.12483
3.67809 -5.12004
3.67995 -5.1184
3.688 -5.11212
3.6882 -5.11206
3.69601 -5.10581
3.69825 -5.10398
3.70402 -5.09948
3.70836 -5.09599
3.71196 -5.09307
3.71788 -5.08837
3.71835 -5.08794
3.72001 -5.08654
3.7237 -5.08306
3.72489 -5.08002
3.72766 -5.07199
3.72805 -5.07114
3.72936 -5.06701
3.72969 -5.06399
3.73056 -5.05599
3.73109 -5.05166
3.73107 -5.048
3.73087 -5.04
3.73073 -5.032
3.73061 -5.024
3.73044 -5.016
3.73035 -5.008
3.73009 -5
3.73 -4.992
3.72985 -4.984
3.7297 -4.976
3.72951 -4.968
3.72945 -4.96
3.72935 -4.952
3.72908 -4.944
3.72897 -4.936
3.72888 -4.928
3.72874 -4.92
3.72855 -4.912
3.72844 -4.904
3.72819 -4.896
3.72811 -4.888
3.72797 -4.88302
3.72789 -4.88
3.72784 -4.872
3.72769 -4.864
3.7275 -4.856
3.72737 -4.848
3.72711 -4.84
3.72709 -4.832
3.72685 -4.824
3.72683 -4.816
3.72657 -4.808
3.72647 -4.8
3.72626 -4.792
3.72611 -4.784
3.72598 -4.776
3.72592 -4.768
3.72569 -4.76
3.7256 -4.752
3.72541 -4.744
3.7253 -4.736
3.72514 -4.73006
3.72479 -4.72801
3.72375 -4.71999
3.72299 -4.71553
3.72158 -4.71203
3.71996 -4.70789
3.71853 -4.70397
3.71825 -4.70346
3.71204 -4.69811
3.70944 -4.69601
3.70405 -4.69131
3.70008 -4.68795
3.69602 -4.68455
3.69067 -4.67994
3.68795 -4.67783
3.68116 -4.67206
3.68004 -4.67092
3.67203 -4.66413
3.67183 -4.66397
3.66404 -4.65732
3.66243 -4.65595
3.65602 -4.65055
3.65299 -4.64798
3.64805 -4.64372
3.6436 -4.63995
3.63994 -4.63705
3.6342 -4.63193
3.63197 -4.63021
3.62469 -4.62405
3.62404 -4.62333
3.61603 -4.61654
3.61534 -4.61598
3.60797 -4.60982
3.60595 -4.60795
3.59999 -4.60299
3.59644 -4.60006
3.59199 -4.59619
3.58706 -4.59202
3.58394 -4.58946
3.57767 -4.58399
3.57599 -4.58259
3.56822 -4.57604
3.56794 -4.57586
3.55994 -4.56905
3.55879 -4.56806
3.55201 -4.56217
3.54949 -4.55993
3.544 -4.55539
3.53998 -4.55204
3.53603 -4.54856
3.53066 -4.54393
3.52796 -4.54183
3.52115 -4.53604
3.51999 -4.535
3.51195 -4.52825
3.51179 -4.52799
3.50398 -4.52142
3.50237 -4.51999
3.49601 -4.51458
3.49301 -4.51194
3.48794 -4.50786
3.4835 -4.50405
3.47998 -4.50102
3.47414 -4.49599
3.47202 -4.49417
3.46472 -4.48799
3.46399 -4.4874
3.45595 -4.48065
3.45524 -4.48007
3.44804 -4.47375
3.44583 -4.47207
3.43999 -4.46701
3.43644 -4.46404
3.43198 -4.46022
3.42712 -4.45593
3.42402 -4.45337
3.41762 -4.44803
3.41598 -4.44663
3.4083 -4.43993
3.40803 -4.43977
3.39995 -4.43306
3.39888 -4.43193
3.392 -4.4262
3.38938 -4.42404
3.38397 -4.41943
3.37999 -4.416
3.37594 -4.41267
3.37053 -4.40806
3.36806 -4.40573
3.36122 -4.39994
3.35999 -4.39901
3.35205 -4.39215
3.3518 -4.39195
3.344 -4.38541
3.3424 -4.38393
3.33603 -4.37857
3.33297 -4.37596
3.32798 -4.37183
3.3235 -4.36802
3.32001 -4.365
3.31411 -4.36
3.312 -4.35821
3.30472 -4.35196
3.30399 -4.35143
3.29605 -4.34455
3.29526 -4.34402
3.28795 -4.33787
3.28585 -4.33602
3.27996 -4.33106
3.27644 -4.32802
3.27198 -4.32424
3.26705 -4.31999
3.26401 -4.3174
3.25767 -4.31195
3.25604 -4.31057
3.24827 -4.30393
3.24801 -4.3038
3.23997 -4.29705
3.23884 -4.29596
3.23198 -4.29024
3.22938 -4.28801
3.22403 -4.28338
3.22003 -4.27993
3.21597 -4.27665
3.21062 -4.27194
3.20805 -4.26976
3.2011 -4.26406
3.20005 -4.26296
3.19202 -4.2562
3.1918 -4.25593
3.18402 -4.2494
3.18233 -4.24799
3.17599 -4.24264
3.17294 -4.23996
3.16806 -4.23576
3.1635 -4.232
3.15997 -4.22906
3.15405 -4.22405
3.15198 -4.22225
3.14471 -4.21595
3.14396 -4.21548
3.13601 -4.20862
3.13521 -4.20806
3.12799 -4.20184
3.1259 -4.19994
3.12003 -4.195
3.11648 -4.19194
3.11206 -4.18816
3.10708 -4.18393
3.10399 -4.18145
3.09759 -4.17602
3.09596 -4.17468
3.08822 -4.16797
3.08799 -4.16785
3.08006 -4.16096
3.07883 -4.15994
3.07205 -4.15418
3.06939 -4.15198
3.06394 -4.14751
3.05996 -4.14399
3.05594 -4.14071
3.05054 -4.136
3.04794 -4.13391
3.04114 -4.12799
3.04003 -4.12701
3.03202 -4.12022
3.03171 -4.12001
3.02401 -4.11343
3.02234 -4.11196
3.01601 -4.10662
3.01287 -4.10403
3.00801 -4.09983
3.00349 -4.09599
2.99998 -4.09307
2.99406 -4.08801
2.99202 -4.08622
2.98469 -4.07996
2.98398 -4.07947
2.97599 -4.07266
2.97523 -4.07201
2.96796 -4.0659
2.96587 -4.06395
2.96006 -4.05898
2.95642 -4.056
2.95202 -4.05223
2.94704 -4.04795
2.94402 -4.04542
2.93753 -4.04006
2.93603 -4.03862
2.9282 -4.03198
2.92798 -4.03188
2.92006 -4.02498
2.91878 -4.02398
2.91198 -4.01828
2.90932 -4.01604
2.90403 -4.01141
2.89992 -4.00802
2.896 -4.00466
2.89052 -4
2.88797 -3.99789
2.88117 -3.99192
2.88002 -3.99104
2.87199 -3.98426
2.87169 -3.98401
2.86406 -3.97739
2.86228 -3.97601
2.85596 -3.97071
2.85288 -3.96799
2.84795 -3.96392
2.84347 -3.95999
2.83997 -3.95709
2.83406 -3.95198
2.83206 -3.95019
2.82467 -3.94396
2.82404 -3.94342
2.81597 -3.9367
2.81525 -3.93597
2.80794 -3.92993
2.80581 -3.928
2.79998 -3.92309
2.79644 -3.91994
2.79203 -3.91623
2.78694 -3.91204
2.78396 -3.90952
2.77757 -3.904
2.77606 -3.9026
2.7682 -3.89594
2.76797 -3.8959
2.75996 -3.88912
2.75878 -3.88795
2.75199 -3.88228
2.74937 -3.87995
2.74404 -3.87542
2.73995 -3.87196
2.73596 -3.86872
2.73053 -3.86397
2.72799 -3.86189
2.72111 -3.85598
2.72004 -3.85503
2.712 -3.84828
2.71167 -3.84801
2.70402 -3.84145
2.70228 -3.83997
2.69601 -3.83467
2.69286 -3.83199
2.68803 -3.82784
2.68341 -3.82404
2.67996 -3.82113
2.67397 -3.81607
2.67206 -3.81421
2.66463 -3.80797
2.66397 -3.80752
2.65603 -3.80065
2.6552 -3.8
2.64801 -3.79387
2.64577 -3.79202
2.64 -3.78709
2.63641 -3.78396
2.63198 -3.78031
2.62691 -3.77605
2.62395 -3.77355
2.61756 -3.76799
2.61596 -3.76674
2.60816 -3.75997
2.60795 -3.75995
2.60001 -3.75308
2.59877 -3.75195
2.59205 -3.74623
2.58933 -3.74398
2.58398 -3.73951
2.57994 -3.73595
2.57603 -3.73265
2.57048 -3.728
2.56798 -3.72591
2.56102 -3.72006
2.56001 -3.71908
2.55204 -3.71225
2.55168 -3.71197
2.544 -3.70549
2.54225 -3.704
2.53601 -3.69868
2.53279 -3.69604
2.52799 -3.6919
2.52336 -3.68806
2.52004 -3.68505
2.51395 -3.68006
2.51194 -3.67837
2.50459 -3.672
2.504 -3.67149
2.49601 -3.66469
2.49521 -3.66396
2.48799 -3.65791
2.48573 -3.65604
2.47999 -3.65111
2.47634 -3.64801
2.47198 -3.64433
2.46698 -3.63996
2.46405 -3.63745
2.45749 -3.63205
2.45599 -3.63071
2.44807 -3.62405
2.44799 -3.62392
2.44005 -3.61705
2.43869 -3.61601
2.43194 -3.61038
2.42935 -3.60793
2.42402 -3.60349
2.41982 -3.60006
2.41599 -3.59672
2.4105 -3.59196
2.40795 -3.58997
2.40106 -3.58399
2.40005 -3.58305
2.39205 -3.57626
2.39164 -3.576
2.38394 -3.56958
2.38222 -3.56801
2.37594 -3.56279
2.37284 -3.55996
2.36798 -3.55594
2.36345 -3.55194
2.35997 -3.54915
2.35394 -3.54405
2.35195 -3.54238
2.34456 -3.53601
2.34397 -3.53555
2.33594 -3.52879
2.3351 -3.52807
2.32799 -3.52193
2.32576 -3.51998
2.31996 -3.51517
2.31632 -3.51201
2.31202 -3.50829
2.30692 -3.504
2.30402 -3.50149
2.29748 -3.49603
2.29598 -3.49475
2.28812 -3.48796
2.288 -3.48792
2.27999 -3.48113
2.27872 -3.47995
2.27195 -3.47438
2.26926 -3.47201
2.26394 -3.46759
2.25984 -3.46401
2.25604 -3.46068
2.25039 -3.45606
2.24794 -3.45399
2.241 -3.44804
2.23996 -3.44717
2.23198 -3.44035
2.23162 -3.44
2.22396 -3.43357
2.22215 -3.43206
2.21606 -3.42665
2.21278 -3.42401
2.208 -3.41993
2.20334 -3.41604
2.20006 -3.41306
2.19396 -3.40801
2.19204 -3.40629
2.18457 -3.39997
2.18395 -3.39959
2.176 -3.39273
2.17519 -3.39193
2.16802 -3.38591
2.16576 -3.38396
2.15998 -3.37916
2.15634 -3.37597
2.15204 -3.37229
2.14691 -3.36798
2.14396 -3.36558
2.13754 -3.35994
2.13595 -3.3588
2.12814 -3.35193
2.12796 -3.35198
2.12 -3.34514
2.11871 -3.34394
2.11195 -3.3384
2.10928 -3.33597
2.10399 -3.33156
2.09988 -3.32795
2.09599 -3.32475
2.09048 -3.31992
2.08799 -3.31796
2.08101 -3.312
2.07995 -3.3112
2.07202 -3.30432
2.07159 -3.30401
2.06403 -3.29751
2.06221 -3.29597
2.05594 -3.29082
2.05272 -3.28805
2.04805 -3.28389
2.04339 -3.27996
2.04 -3.27715
2.03397 -3.27197
2.03201 -3.27034
2.02447 -3.26407
2.02401 -3.26354
2.01597 -3.25678
2.01509 -3.25603
2.00794 -3.25003
2.00576 -3.24793
2.00006 -3.24308
1.99623 -3.24007
1.99199 -3.23636
1.98684 -3.23204
1.98399 -3.22956
1.97752 -3.22393
1.97606 -3.22268
1.96809 -3.21596
1.96806 -3.21589
1.96005 -3.2091
1.95859 -3.20805
1.95204 -3.20231
1.94918 -3.20005
1.94397 -3.19559
1.93986 -3.19194
1.93606 -3.18869
1.93042 -3.18398
1.92806 -3.1819
1.92103 -3.17595
1.91995 -3.17522
1.91201 -3.16835
1.91155 -3.16803
1.90395 -3.16162
1.90213 -3.16004
1.89606 -3.1547
1.89275 -3.15199
1.88794 -3.14803
1.88336 -3.14397
1.88005 -3.14111
1.87387 -3.13607
1.87195 -3.13442
1.86447 -3.12804
1.86405 -3.12751
1.85598 -3.12079
1.85515 -3.11994
1.84797 -3.11401
1.84564 -3.11205
1.83997 -3.1072
1.83631 -3.10396
1.83203 -3.10033
1.82686 -3.096
1.82397 -3.09361
1.81748 -3.08796
1.81601 -3.08676
1.80806 -3.07997
1.80805 -3.07991
1.79994 -3.07324
1.79856 -3.07207
1.79204 -3.06633
1.7892 -3.064
1.78403 -3.05954
1.77976 -3.05604
1.77598 -3.0528
1.77042 -3.04796
1.76804 -3.04593
1.76103 -3.03993
1.75997 -3.03922
1.75199 -3.03239
1.75157 -3.03198
1.74401 -3.02557
1.74214 -3.02399
1.73604 -3.01874
1.73267 -3.01606
1.72797 -3.01202
1.72328 -3.00804
1.71998 -3.00521
1.71389 -3.00002
1.71201 -2.99837
1.70446 -2.99203
1.70396 -2.99164
1.69601 -2.98477
1.69503 -2.98406
1.68802 -2.97797
1.68562 -2.97605
1.67995 -2.97125
1.67625 -2.968
1.67205 -2.96433
1.66681 -2.96003
1.66395 -2.95765
1.65739 -2.95204
1.65604 -2.95075
1.64797 -2.94405
1.64797 -2.94402
1.63995 -2.93725
1.6386 -2.936
1.63204 -2.93035
1.62918 -2.92801
1.62402 -2.92356
1.61979 -2.91998
1.61606 -2.91672
1.61032 -2.91204
1.608 -2.90999
1.60091 -2.90404
1.60005 -2.90313
1.59198 -2.89642
1.59154 -2.89599
1.584 -2.88959
1.58214 -2.88797
1.57605 -2.88274
1.57271 -2.87999
1.56794 -2.87607
1.56323 -2.87207
1.56006 -2.86913
1.55384 -2.86404
1.55199 -2.86241
1.54441 -2.85607
1.54397 -2.85564
1.536 -2.8488
1.53512 -2.84792
1.52802 -2.84198
1.52566 -2.83998
1.51995 -2.83526
1.51628 -2.83194
1.51194 -2.82847
1.50683 -2.82398
1.50395 -2.82166
1.49745 -2.81594
1.49598 -2.81483
1.488 -2.80801
1.48799 -2.808
1.48 -2.80121
1.47864 -2.79993
1.47197 -2.79444
1.46912 -2.79205
1.46395 -2.78767
1.45971 -2.78405
1.45603 -2.78078
1.45038 -2.77595
1.448 -2.77401
1.44087 -2.76806
1.44005 -2.76715
1.43199 -2.76042
1.43157 -2.75993
1.42405 -2.75356
1.42216 -2.75193
1.41598 -2.74684
1.41272 -2.74396
1.40802 -2.73999
1.40333 -2.73594
1.39996 -2.73326
1.39382 -2.72805
1.39201 -2.7264
1.38444 -2.72
1.38396 -2.71966
1.37595 -2.71288
1.375 -2.71204
1.36794 -2.70609
1.36562 -2.704
1.35999 -2.69924
1.35625 -2.69595
1.35204 -2.69238
1.34685 -2.68794
1.34401 -2.68561
1.33737 -2.68002
1.33595 -2.67888
1.32806 -2.67195
1.32803 -2.67193
1.31998 -2.66525
1.31853 -2.66403
1.31196 -2.65848
1.30919 -2.65595
1.304 -2.65163
1.29978 -2.64794
1.29605 -2.64477
1.29028 -2.64004
1.28803 -2.63799
1.28086 -2.63205
1.27995 -2.63129
1.27197 -2.62447
1.27147 -2.62402
1.26394 -2.61771
1.26208 -2.616
1.256 -2.61084
1.25272 -2.60794
1.24797 -2.60407
1.24325 -2.6
1.23998 -2.59726
1.23384 -2.592
1.23197 -2.59047
1.22442 -2.58401
1.22404 -2.58359
1.21594 -2.57691
1.21503 -2.57598
1.20803 -2.57001
1.20566 -2.56793
1.20001 -2.56323
1.19619 -2.55999
1.192 -2.55644
1.18675 -2.55203
1.18404 -2.5496
1.17733 -2.54403
1.17605 -2.54278
1.16796 -2.53609
1.1679 -2.53606
1.16001 -2.52924
1.15848 -2.52807
1.15197 -2.52248
1.14909 -2.52004
1.14406 -2.51557
1.13967 -2.51205
1.136 -2.50884
1.13028 -2.50402
1.12795 -2.5021
1.12092 -2.49596
1.12004 -2.4952
1.112 -2.48845
1.11149 -2.48797
1.10402 -2.48162
1.10208 -2.47997
1.09601 -2.47484
1.09263 -2.47201
1.08801 -2.46804
1.08322 -2.46401
1.07994 -2.46132
1.0738 -2.45602
1.07203 -2.45441
1.06438 -2.44803
1.06405 -2.44759
1.05601 -2.44085
1.05499 -2.44001
1.04806 -2.43399
1.04552 -2.43207
1.03995 -2.42732
1.0362 -2.42396
1.03202 -2.42044
1.02675 -2.41601
1.02404 -2.41361
1.01732 -2.40803
1.01596 -2.4069
1.00796 -2.40011
1.00791 -2.40002
1.00001 -2.39325
0.998478 -2.39204
0.992026 -2.38643
0.989132 -2.38397
0.983994 -2.37967
0.979673 -2.37602
0.97601 -2.37285
0.970216 -2.36807
0.967982 -2.36609
0.960863 -2.36
0.959997 -2.35927
0.95195 -2.35253
0.951439 -2.35201
0.943963 -2.34571
0.941997 -2.34405
0.935988 -2.33888
0.932634 -2.33599
0.928059 -2.332
0.92318 -2.32804
0.920044 -2.32522
0.913736 -2.32007
0.911941 -2.31854
0.904423 -2.31196
0.903968 -2.31171
0.896 -2.30487
0.895025 -2.30394
0.887951 -2.29813
0.885573 -2.29599
0.880024 -2.29125
0.876087 -2.28807
0.872045 -2.28442
0.866678 -2.28007
0.86397 -2.27771
0.857328 -2.27199
0.855945 -2.27094
0.847965 -2.26412
0.847873 -2.26404
0.839998 -2.25728
0.838537 -2.25595
0.831968 -2.25052
0.829113 -2.24796
0.82406 -2.24361
0.819677 -2.23999
0.815957 -2.23693
0.810265 -2.23199
0.807982 -2.2301
0.800848 -2.22399
0.800034 -2.22324
0.791952 -2.21654
0.791445 -2.21598
0.784003 -2.20968
0.782029 -2.20799
0.775974 -2.20292
0.772591 -2.20002
0.768026 -2.19606
0.763148 -2.19205
0.759997 -2.18929
0.753832 -2.18394
0.751989 -2.1825
0.744374 -2.17599
0.743951 -2.17575
0.736054 -2.16883
0.734922 -2.16804
0.72802 -2.16207
0.725983 -2.16036
0.725517 -2.16001
0.720059 -2.1554
0.715798 -2.15196
0.711978 -2.14894
0.705983 -2.14402
0.704052 -2.1423
0.69619 -2.13606
0.696025 -2.13577
0.687973 -2.12928
0.686465 -2.12802
0.679983 -2.12271
0.676778 -2.11993
0.67199 -2.11615
0.666915 -2.11205
0.663985 -2.1096
0.657241 -2.10394
0.656003 -2.10302
0.647943 -2.09653
0.647443 -2.09599
0.640012 -2.08989
0.63767 -2.088
0.63204 -2.0833
0.62795 -2.07995
0.623988 -2.07681
0.618209 -2.07193
0.616054 -2.07017
0.608348 -2.06405
0.608047 -2.06362
0.599944 -2.05719
0.598613 -2.05602
0.592016 -2.05055
0.588891 -2.04797
0.584045 -2.04396
0.579108 -2.03999
0.576041 -2.03741
0.569368 -2.03197
0.567949 -2.03096
0.56002 -2.02432
0.559617 -2.02396
0.55206 -2.01771
0.549873 -2.01593
0.54402 -2.01121
0.5401 -2.00795
0.536 -2.00467
0.53035 -1.99993
0.52806 -1.99804
0.520512 -1.99203
0.519995 -1.99157
0.512062 -1.98493
0.510824 -1.98394
0.503999 -1.97845
0.500981 -1.97604
0.496041 -1.97184
0.491256 -1.96799
0.488033 -1.96529
0.481487 -1.96
0.47997 -1.95882
0.471978 -1.95225
0.471714 -1.95202
0.463951 -1.94573
0.46203 -1.94392
0.456036 -1.93907
0.452262 -1.93593
0.448009 -1.93254
0.442468 -1.92797
0.439946 -1.92606
0.432626 -1.92007
0.431942 -1.91951
0.423953 -1.91294
0.422863 -1.91207
0.416062 -1.90625
0.413161 -1.904
0.408045 -1.89972
0.403432 -1.89596
0.400059 -1.89314
0.393587 -1.88806
0.392021 -1.88663
0.38398 -1.88013
0.383932 -1.87993
0.376044 -1.87349
0.374156 -1.87195
0.368007 -1.86698
0.364371 -1.86398
0.360055 -1.86036
0.35458 -1.85602
0.352011 -1.85386
0.344879 -1.84794
0.344001 -1.84732
0.336003 -1.84076
0.335064 -1.84001
0.327976 -1.83424
0.325337 -1.83196
0.319974 -1.82768
0.315487 -1.82407
0.311962 -1.82114
0.305845 -1.81593
0.303978 -1.81456
0.296078 -1.80793
0.295952 -1.80804
0.287958 -1.80147
0.2862 -1.80008
0.280057 -1.7948
0.276462 -1.79205
0.272047 -1.78825
0.266724 -1.78402
0.264054 -1.78169
0.256917 -1.77608
0.256034 -1.77516
0.248012 -1.76863
0.24722 -1.768
0.240018 -1.76206
0.237493 -1.75995
0.232038 -1.75548
0.227729 -1.75196
0.224055 -1.7489
0.217939 -1.74399
0.216013 -1.7424
0.208173 -1.736
0.207966 -1.7359
0.19999 -1.72931
0.198473 -1.72792
0.192043 -1.72269
0.188668 -1.71998
0.184052 -1.71613
0.178922 -1.71196
0.176029 -1.7096
0.169128 -1.704
0.16804 -1.70303
0.160049 -1.69646
0.159386 -1.69597
0.152015 -1.68995
0.14956 -1.68805
0.144006 -1.6834
0.139865 -1.67997
0.135966 -1.67689
0.130044 -1.67205
0.128048 -1.67024
0.120282 -1.66405
0.120006 -1.66373
0.112033 -1.65714
0.11051 -1.65606
0.10397 -1.65066
0.100748 -1.64806
0.0960086 -1.64406
0.0910101 -1.64003
0.0879954 -1.63752
0.0812883 -1.63198
0.0799647 -1.631
0.0720608 -1.62432
0.0714501 -1.62408
0.0649485 -1.61868
0.064 -1.61863
0.056 -1.61869
0.048 -1.61872
0.04 -1.61859
0.032 -1.61871
0.024 -1.61872
0.016 -1.61865
0.008 -1.61861
0 -1.61867
-0.008 -1.61854
-0.016 -1.61865
-0.024 -1.61861
-0.032 -1.61859
-0.04 -1.61865
-0.048 -1.61855
-0.056 -1.61858
-0.0568767 -1.6186
-0.0630052 -1.62406
-0.0640222 -1.62479
-0.0720034 -1.63175
-0.0722314 -1.63206
-0.0800105 -1.63868
-0.081474 -1.64004
-0.0880549 -1.64557
-0.0906887 -1.64805
-0.0960021 -1.65257
-0.0999916 -1.65595
-0.103961 -1.65956
-0.109194 -1.66398
-0.112033 -1.66641
-0.118447 -1.67194
-0.119981 -1.67341
-0.127678 -1.67993
-0.128005 -1.68032
-0.135973 -1.6873
-0.136845 -1.68799
-0.144044 -1.69416
-0.146036 -1.69603
-0.152059 -1.70108
-0.155222 -1.70407
-0.159951 -1.70815
-0.164548 -1.71195
-0.168031 -1.71499
-0.173741 -1.71999
-0.175966 -1.72201
-0.182898 -1.72806
-0.183948 -1.72897
-0.192058 -1.73578
-0.1922 -1.73597
-0.200011 -1.74277
-0.201398 -1.744
-0.207952 -1.74978
-0.210575 -1.75205
-0.216035 -1.75663
-0.219818 -1.76003
-0.224055 -1.76354
-0.229036 -1.76803
-0.232045 -1.77049
-0.23827 -1.77602
-0.23997 -1.77752
-0.247522 -1.78399
-0.248005 -1.78442
-0.256028 -1.79133
-0.256729 -1.792
-0.263966 -1.79834
-0.265974 -1.79998
-0.271978 -1.80527
-0.275188 -1.80799
-0.280018 -1.81216
-0.284369 -1.81604
-0.288064 -1.81905
-0.29357 -1.82406
-0.296055 -1.826
-0.302905 -1.83193
-0.303945 -1.83306
-0.311966 -1.83998
-0.312133 -1.83993
-0.320003 -1.84688
-0.321351 -1.84793
-0.328007 -1.85381
-0.330533 -1.85598
-0.335995 -1.86076
-0.339676 -1.86407
-0.344044 -1.86765
-0.348941 -1.87202
-0.351976 -1.87467
-0.358147 -1.88004
-0.359958 -1.88163
-0.367357 -1.88805
-0.367977 -1.88854
-0.375994 -1.89546
-0.376571 -1.89606
-0.384022 -1.90237
-0.38591 -1.90393
-0.391978 -1.90936
-0.395025 -1.91205
-0.399956 -1.91633
-0.404269 -1.92003
-0.408062 -1.92314
-0.413578 -1.92793
-0.415984 -1.93017
-0.422712 -1.93603
-0.424023 -1.93707
-0.432022 -1.94393
-0.431998 -1.94404
-0.439964 -1.95102
-0.441181 -1.952
-0.448047 -1.95786
-0.45044 -1.95996
-0.456053 -1.96479
-0.459609 -1.96802
-0.464031 -1.97176
-0.468874 -1.97597
-0.471962 -1.97878
-0.478025 -1.98406
-0.48001 -1.98566
-0.487273 -1.99203
-0.487984 -1.99263
-0.495948 -1.99961
-0.49652 -2
-0.504049 -2.00643
-0.505708 -2.00804
-0.511975 -2.01346
-0.515004 -2.01595
-0.520036 -2.02033
-0.524185 -2.024
-0.52799 -2.02732
-0.533442 -2.03196
-0.535982 -2.03427
-0.542629 -2.04
-0.544041 -2.04114
-0.55187 -2.04798
-0.552017 -2.04811
-0.559999 -2.05507
-0.561019 -2.05607
-0.567942 -2.06207
-0.570256 -2.06405
-0.576006 -2.06894
-0.579477 -2.07205
-0.584006 -2.07588
-0.588793 -2.07994
-0.591992 -2.08283
-0.598005 -2.08795
-0.600045 -2.08971
-0.60714 -2.09605
-0.608003 -2.0967
-0.616014 -2.10363
-0.616407 -2.104
-0.624037 -2.11054
-0.625576 -2.11207
-0.632004 -2.11752
-0.634851 -2.12001
-0.639978 -2.12449
-0.644084 -2.12799
-0.647969 -2.13144
-0.653294 -2.13601
-0.656062 -2.13827
-0.66247 -2.14406
-0.664038 -2.14524
-0.671691 -2.15206
-0.672058 -2.15215
-0.680044 -2.15911
-0.680965 -2.16
-0.68799 -2.16611
-0.690152 -2.16804
-0.696033 -2.173
-0.699468 -2.17594
-0.704065 -2.1799
-0.708645 -2.18399
-0.711966 -2.18696
-0.717912 -2.19194
-0.71997 -2.19389
-0.726742 -2.19971
-0.727061 -2.20002
-0.727848 -2.20067
-0.727959 -2.20085
-0.736031 -2.20794
-0.736067 -2.20794
-0.743956 -2.21528
-0.744841 -2.21602
-0.751967 -2.22247
-0.7538 -2.22393
-0.759936 -2.22971
-0.762592 -2.23203
-0.768019 -2.23683
-0.771505 -2.23999
-0.775981 -2.24408
-0.780397 -2.24797
-0.783946 -2.25133
-0.789243 -2.25601
-0.79202 -2.25846
-0.798145 -2.26398
-0.800004 -2.26568
-0.807036 -2.27196
-0.80801 -2.27289
-0.815887 -2.27999
-0.816 -2.28011
-0.824004 -2.28731
-0.824765 -2.28799
-0.831999 -2.29453
-0.833685 -2.29595
-0.840055 -2.30167
-0.842509 -2.30401
-0.848026 -2.30891
-0.851331 -2.31207
-0.85602 -2.31613
-0.860262 -2.32001
-0.864031 -2.32333
-0.869166 -2.32798
-0.871977 -2.3306
-0.87797 -2.33606
-0.880063 -2.33771
-0.886921 -2.34398
-0.887941 -2.34505
-0.895824 -2.35195
-0.895952 -2.35225
-0.904034 -2.35937
-0.904636 -2.36003
-0.911959 -2.36666
-0.913556 -2.36798
-0.919945 -2.37388
-0.922464 -2.37595
-0.928013 -2.38102
-0.931331 -2.38396
-0.93596 -2.38829
-0.940106 -2.39207
-0.944057 -2.39539
-0.948982 -2.40007
-0.95204 -2.40261
-0.957895 -2.40804
-0.960043 -2.40982
-0.966771 -2.41604
-0.968 -2.41708
-0.975666 -2.42402
-0.975959 -2.42433
-0.984042 -2.43145
-0.98453 -2.43203
-0.992044 -2.43866
-0.99345 -2.43999
-0.999982 -2.44593
-1.00231 -2.448
-1.00793 -2.45319
-1.01115 -2.45605
-1.01604 -2.46029
-1.02005 -2.46402
-1.02403 -2.46751
-1.02897 -2.47197
-1.03205 -2.47469
-1.03789 -2.47993
-1.03995 -2.48202
-1.04674 -2.48796
-1.048 -2.48917
-1.05562 -2.49596
-1.056 -2.49637
-1.06395 -2.50364
-1.0645 -2.50396
-1.07198 -2.51081
-1.07337 -2.51197
-1.07999 -2.51801
-1.08222 -2.52
-1.08796 -2.52526
-1.09113 -2.52796
-1.09605 -2.53237
-1.09999 -2.53598
-1.10398 -2.53965
-1.1089 -2.54394
-1.11203 -2.54681
-1.11776 -2.55196
-1.12003 -2.55401
-1.12664 -2.55996
-1.12799 -2.56127
-1.13546 -2.56803
-1.13606 -2.5684
-1.14395 -2.57573
-1.14434 -2.57603
-1.15201 -2.58287
-1.1532 -2.58405
-1.16004 -2.59005
-1.16216 -2.59196
-1.16807 -2.59723
-1.17096 -2.60004
-1.176 -2.60451
-1.17981 -2.60807
-1.18393 -2.61179
-1.18871 -2.61605
-1.19194 -2.61899
-1.19757 -2.62406
-1.19997 -2.62617
-1.20652 -2.63198
-1.20806 -2.63328
-1.21538 -2.64001
-1.21601 -2.64054
-1.22405 -2.6477
-1.22426 -2.648
-1.232 -2.65497
-1.2332 -2.65593
-1.23996 -2.66222
-1.24206 -2.66395
-1.24799 -2.6694
-1.25088 -2.67202
-1.25598 -2.67662
-1.2598 -2.67997
-1.26401 -2.68379
-1.2686 -2.68806
-1.27204 -2.69097
-1.27748 -2.69605
-1.28007 -2.69815
-1.28639 -2.70402
-1.28797 -2.70547
-1.29525 -2.71204
-1.296 -2.71265
-1.30394 -2.71992
-1.30413 -2.72004
-1.31198 -2.72709
-1.31305 -2.72799
-1.31998 -2.7343
-1.32185 -2.73607
-1.32802 -2.74146
-1.33081 -2.74398
-1.33603 -2.74866
-1.33964 -2.75204
-1.34405 -2.75585
-1.34853 -2.76002
-1.35203 -2.76307
-1.35739 -2.76804
-1.36005 -2.77026
-1.36627 -2.77604
-1.36799 -2.77754
-1.37516 -2.78402
-1.37605 -2.78468
-1.38401 -2.79193
-1.38401 -2.79206
-1.39196 -2.7992
-1.39295 -2.79999
-1.40006 -2.8063
-1.40187 -2.80794
-1.40801 -2.81356
-1.4107 -2.81599
-1.41603 -2.82074
-1.41952 -2.82406
-1.42395 -2.82805
-1.4284 -2.83206
-1.43199 -2.83521
-1.43739 -2.83994
-1.43997 -2.84244
-1.44621 -2.84799
-1.448 -2.84961
-1.45511 -2.85597
-1.45593 -2.8569
-1.46397 -2.86399
-1.46406 -2.86397
-1.47203 -2.8712
-1.47288 -2.87196
-1.47999 -2.87846
-1.4817 -2.88002
-1.48802 -2.88563
-1.49057 -2.88803
-1.49605 -2.89281
-1.49953 -2.89594
-1.50406 -2.90001
-1.5084 -2.90395
-1.512 -2.90729
-1.51728 -2.91194
-1.52006 -2.91443
-1.52606 -2.92005
-1.52797 -2.92174
-1.53494 -2.92806
-1.53595 -2.92897
-1.54384 -2.93603
-1.54397 -2.93616
-1.55204 -2.94329
-1.55274 -2.944
-1.55999 -2.95055
-1.5616 -2.95203
-1.56796 -2.95779
-1.57046 -2.96004
-1.57605 -2.9649
-1.57943 -2.96794
-1.58406 -2.9721
-1.58829 -2.97595
-1.59202 -2.97936
-1.59709 -2.98404
-1.59996 -2.98663
-1.60604 -2.99197
-1.60798 -2.99382
-1.61494 -2.99995
-1.61602 -3.00098
-1.62373 -3.00804
-1.62407 -3.00814
-1.63193 -3.0155
-1.63268 -3.01596
-1.63998 -3.02265
-1.64157 -3.02394
-1.64797 -3.02988
-1.65046 -3.03193
-1.65598 -3.03707
-1.65923 -3.04005
-1.66403 -3.04423
-1.6681 -3.04806
-1.67206 -3.0514
-1.67699 -3.05604
-1.67994 -3.05874
-1.68596 -3.06395
-1.68794 -3.06595
-1.69481 -3.07197
-1.69596 -3.07314
-1.70369 -3.07997
-1.70399 -3.08032
-1.71197 -3.08754
-1.71251 -3.08804
-1.72003 -3.09469
-1.72136 -3.09607
-1.72796 -3.10197
-1.73027 -3.10403
-1.73595 -3.1092
-1.7392 -3.11198
-1.744 -3.11634
-1.74809 -3.11996
-1.75204 -3.12351
-1.7569 -3.12803
-1.75994 -3.13083
-1.76578 -3.13603
-1.76802 -3.13795
-1.77466 -3.14403
-1.77601 -3.14517
-1.78358 -3.15198
-1.78397 -3.15243
-1.79205 -3.15954
-1.7925 -3.15994
-1.79996 -3.16686
-1.80127 -3.16806
-1.808 -3.17402
-1.81026 -3.17593
-1.81605 -3.18117
-1.81902 -3.18406
-1.82405 -3.18838
-1.82792 -3.19204
-1.83196 -3.19568
-1.83681 -3.20002
-1.83995 -3.20291
-1.84574 -3.20796
-1.84797 -3.2101
-1.85455 -3.21604
-1.85598 -3.2173
-1.86349 -3.22397
-1.86403 -3.22445
-1.87205 -3.23164
-1.87237 -3.23197
-1.88007 -3.23883
-1.88126 -3.23995
-1.88806 -3.24604
-1.8901 -3.248
-1.89604 -3.25327
-1.89902 -3.25595
-1.90404 -3.26048
-1.90782 -3.26404
-1.91204 -3.26769
-1.91672 -3.27201
-1.91999 -3.27496
-1.92566 -3.27995
-1.92794 -3.28222
-1.93453 -3.28795
-1.93598 -3.28938
-1.94331 -3.29606
-1.944 -3.29657
-1.95201 -3.30377
-1.95221 -3.30403
-1.96001 -3.31098
-1.96114 -3.31197
-1.96805 -3.31814
-1.97005 -3.31995
-1.97594 -3.32547
-1.97883 -3.32805
-1.98406 -3.33255
-1.98776 -3.33599
-1.99204 -3.33978
-1.99669 -3.34394
-2.00004 -3.34699
-2.0055 -3.35201
-2.00794 -3.35431
-2.01434 -3.36005
-2.01605 -3.36139
-2.02329 -3.36798
-2.02404 -3.36862
-2.03197 -3.3759
-2.0322 -3.37594
-2.04001 -3.38307
-2.04108 -3.38394
-2.04805 -3.39023
-2.0499 -3.392
-2.05605 -3.39745
-2.05876 -3.40002
-2.06403 -3.40467
-2.06763 -3.40802
-2.07207 -3.41184
-2.07654 -3.41599
-2.07996 -3.41916
-2.08535 -3.42407
-2.08802 -3.42631
-2.09429 -3.432
-2.09595 -3.43359
-2.10317 -3.44
-2.10402 -3.44073
-2.11194 -3.44803
-2.112 -3.44805
-2.11994 -3.45524
-2.12088 -3.45605
-2.12805 -3.46233
-2.12984 -3.46395
-2.13595 -3.46964
-2.13868 -3.472
-2.14404 -3.47676
-2.14757 -3.47998
-2.152 -3.48401
-2.15645 -3.48799
-2.15997 -3.49125
-2.16525 -3.49607
-2.16794 -3.49849
-2.17424 -3.50394
-2.176 -3.50563
-2.18306 -3.512
-2.18402 -3.51282
-2.19194 -3.52
-2.19205 -3.52
-2.19999 -3.52727
-2.20081 -3.52801
-2.20794 -3.53453
-2.20967 -3.53604
-2.21595 -3.54173
-2.21862 -3.54395
-2.22399 -3.5489
-2.22743 -3.55203
-2.23199 -3.55611
-2.23627 -3.56007
-2.24003 -3.56327
-2.24523 -3.56798
-2.24797 -3.57054
-2.25414 -3.57595
-2.25594 -3.57778
-2.26292 -3.58406
-2.26402 -3.58491
-2.27187 -3.59198
-2.27203 -3.59211
-2.28005 -3.59929
-2.28077 -3.59995
-2.28801 -3.60655
-2.28959 -3.60802
-2.29604 -3.61372
-2.29849 -3.61598
-2.30399 -3.62098
-2.30732 -3.62404
-2.312 -3.62819
-2.31626 -3.63197
-2.31996 -3.63543
-2.32505 -3.64007
-2.32801 -3.64259
-2.33404 -3.64794
-2.33596 -3.64986
-2.34293 -3.65593
-2.34401 -3.65701
-2.35178 -3.66396
-2.35201 -3.66422
-2.36004 -3.67139
-2.36063 -3.67199
-2.36796 -3.67869
-2.36947 -3.68003
-2.37599 -3.68587
-2.37835 -3.68803
-2.38394 -3.69313
-2.38732 -3.69593
-2.39204 -3.70023
-2.39613 -3.70401
-2.40002 -3.70746
-2.40506 -3.71195
-2.40799 -3.7147
-2.41386 -3.72003
-2.41606 -3.72183
-2.42277 -3.728
-2.42403 -3.72907
-2.43168 -3.73596
-2.43197 -3.73635
-2.44002 -3.74351
-2.44051 -3.74401
-2.44805 -3.75068
-2.44945 -3.75194
-2.45602 -3.75792
-2.45825 -3.76004
-2.46405 -3.76509
-2.4672 -3.76796
-2.47205 -3.77231
-2.47607 -3.77596
-2.48005 -3.77952
-2.48488 -3.78404
-2.48802 -3.78676
-2.49383 -3.79196
-2.49598 -3.79401
-2.50265 -3.80002
-2.50404 -3.80115
-2.5115 -3.80805
-2.512 -3.8084
-2.52002 -3.81559
-2.52048 -3.81594
-2.52795 -3.82288
-2.52933 -3.82397
-2.536 -3.83003
-2.53817 -3.83201
-2.54395 -3.8373
-2.54703 -3.84003
-2.55199 -3.84447
-2.55598 -3.84795
-2.56 -3.85166
-2.56487 -3.85594
-2.56806 -3.8588
-2.57366 -3.86403
-2.57596 -3.86612
-2.58252 -3.87206
-2.58393 -3.87336
-2.59146 -3.87998
-2.59203 -3.88047
-2.60005 -3.88765
-2.60028 -3.88806
-2.608 -3.89492
-2.60923 -3.89597
-2.61598 -3.90215
-2.61808 -3.90401
-2.62397 -3.90937
-2.62698 -3.91197
-2.63194 -3.91661
-2.63586 -3.91997
-2.64004 -3.92371
-2.64474 -3.92797
-2.64799 -3.93097
-2.65358 -3.93602
-2.65602 -3.93815
-2.66243 -3.94404
-2.664 -3.94538
-2.67136 -3.95199
-2.67197 -3.95262
-2.68002 -3.95978
-2.68023 -3.96
-2.68796 -3.96705
-2.68916 -3.96794
-2.69606 -3.97414
-2.69793 -3.97605
-2.70404 -3.98138
-2.70681 -3.98406
-2.71206 -3.98857
-2.71569 -3.99206
-2.72006 -3.99577
-2.72463 -3.99999
-2.72795 -4.00311
-2.73345 -4.00805
-2.73596 -4.01031
-2.74242 -4.01594
-2.74404 -4.01742
-2.75122 -4.02403
-2.75202 -4.02466
-2.75994 -4.03195
-2.76009 -4.03204
-2.76806 -4.03902
-2.76901 -4.03999
-2.77603 -4.04627
-2.77786 -4.04803
-2.78401 -4.0535
-2.78672 -4.05604
-2.79195 -4.06078
-2.79557 -4.06407
-2.79995 -4.06798
-2.80447 -4.07205
-2.80802 -4.07512
-2.81342 -4.07997
-2.81606 -4.08228
-2.82233 -4.08793
-2.824 -4.08955
-2.83121 -4.09593
-2.83204 -4.09672
-2.83997 -4.10401
-2.84003 -4.104
-2.84796 -4.11123
-2.84895 -4.11195
-2.85596 -4.11844
-2.85778 -4.12
-2.86402 -4.12558
-2.86672 -4.12793
-2.87201 -4.1328
-2.87552 -4.13602
-2.88005 -4.13996
-2.88439 -4.14403
-2.888 -4.14723
-2.89335 -4.15194
-2.89605 -4.15439
-2.90213 -4.16005
-2.90405 -4.16159
-2.91105 -4.168
-2.91206 -4.16879
-2.91995 -4.17598
-2.92006 -4.176
-2.92795 -4.18333
-2.92875 -4.18406
-2.93604 -4.19044
-2.93773 -4.19195
-2.94396 -4.19774
-2.94653 -4.20004
-2.95202 -4.20488
-2.95547 -4.20797
-2.96004 -4.21207
-2.96426 -4.21606
-2.96805 -4.21926
-2.97318 -4.22402
-2.97599 -4.22654
-2.98201 -4.23206
-2.98396 -4.23378
-2.99102 -4.23993
-2.99195 -4.241
-2.99982 -4.24801
-3.00001 -4.24815
-3.00795 -4.25542
-3.00868 -4.25603
-3.01597 -4.26261
-3.01758 -4.26401
-3.02399 -4.26979
-3.02641 -4.27205
-3.03202 -4.27697
-3.03538 -4.27995
-3.03996 -4.28424
-3.04425 -4.28796
-3.04795 -4.29146
-3.05307 -4.29602
-3.05597 -4.29865
-3.06192 -4.30406
-3.06395 -4.30588
-3.07078 -4.31207
-3.07196 -4.31307
-3.07973 -4.32
-3.07997 -4.32028
-3.08806 -4.32739
-3.08865 -4.32795
-3.09596 -4.33471
-3.09746 -4.33602
-3.10394 -4.34194
-3.10637 -4.34399
-3.11195 -4.34914
-3.11524 -4.352
-3.12006 -4.35622
-3.12415 -4.35997
-3.12807 -4.36343
-3.13306 -4.36793
-3.13601 -4.3707
-3.1419 -4.37597
-3.14398 -4.37793
-3.15076 -4.38399
-3.15193 -4.3852
-3.15966 -4.39196
-3.16005 -4.39228
-3.16804 -4.3995
-3.16846 -4.40005
-3.17594 -4.40682
-3.17743 -4.40795
-3.18405 -4.4139
-3.18627 -4.41599
-3.19197 -4.4212
-3.1951 -4.42405
-3.20001 -4.42837
-3.20404 -4.43197
-3.20795 -4.43564
-3.21287 -4.44003
-3.21602 -4.44278
-3.22175 -4.44803
-3.22404 -4.44996
-3.23068 -4.45597
-3.23198 -4.45724
-3.23952 -4.46401
-3.24004 -4.46438
-3.24802 -4.47161
-3.24841 -4.47199
-3.25596 -4.47889
-3.25722 -4.48007
-3.26403 -4.48602
-3.2662 -4.48796
-3.27203 -4.49323
-3.27503 -4.49601
-3.27993 -4.50054
-3.28397 -4.50395
-3.28798 -4.5077
-3.29275 -4.51205
-3.29602 -4.51486
-3.30167 -4.52
-3.30394 -4.52217
-3.31058 -4.52797
-3.31203 -4.52927
-3.3194 -4.53603
-3.31994 -4.53658
-3.32804 -4.54368
-3.32825 -4.54407
-3.33602 -4.55091
-3.33722 -4.55196
-3.34398 -4.55817
-3.34606 -4.56
-3.35207 -4.56528
-3.35488 -4.56807
-3.35997 -4.57259
-3.36383 -4.57599
-3.36799 -4.57978
-3.3727 -4.584
-3.37605 -4.58692
-3.38159 -4.59198
-3.38394 -4.59426
-3.39044 -4.60002
-3.39206 -4.60133
-3.39936 -4.60796
-3.4 -4.60861
-3.40798 -4.61584
-3.40825 -4.61596
-3.41598 -4.62305
-3.41708 -4.62401
-3.42395 -4.63028
-3.42599 -4.63197
-3.43199 -4.63746
-3.43486 -4.63998
-3.44003 -4.64461
-3.44377 -4.64794
-3.44797 -4.65189
-3.45254 -4.65607
-3.45604 -4.65902
-3.46152 -4.66395
-3.46399 -4.66628
-3.47035 -4.672
-3.47194 -4.67355
-3.47918 -4.68006
-3.48003 -4.68066
-3.48803 -4.68787
-3.4881 -4.688
-3.496 -4.69511
-3.497 -4.69598
-3.50402 -4.7023
-3.50582 -4.70405
-3.51204 -4.70948
-3.51468 -4.71206
-3.51996 -4.71678
-3.52367 -4.71995
-3.52805 -4.7239
-3.53255 -4.72795
-3.53606 -4.73109
-3.54136 -4.73602
-3.54396 -4.73841
-3.55031 -4.74394
-3.55196 -4.74562
-3.55912 -4.75201
-3.55998 -4.75281
-3.56799 -4.76
-3.56805 -4.75995
-3.57595 -4.76725
-3.57687 -4.76801
-3.58402 -4.77439
-3.58573 -4.77604
-3.59206 -4.78156
-3.59464 -4.784
-3.59995 -4.78888
-3.60348 -4.79204
-3.60797 -4.79607
-3.61243 -4.79997
-3.61595 -4.8033
-3.62124 -4.80804
-3.62403 -4.81043
-3.625 -4.8113
-3.62546 -4.81254
-3.62685 -4.81599
-3.62982 -4.824
-3.62997 -4.8245
-3.63165 -4.83202
-3.63201 -4.8332
-3.63347 -4.84002
-3.6342 -4.8424
-3.63407 -4.848
-3.6342 -4.856
-3.63421 -4.864
-3.63421 -4.872
-3.63421 -4.88
-3.63444 -4.888
-3.6343 -4.896
-3.63447 -4.904
-3.63446 -4.912
-3.63451 -4.92
-3.63453 -4.928
-3.63457 -4.936
-3.63465 -4.944
-3.63462 -4.952
-3.63472 -4.96
-3.63475 -4.968
-3.63479 -4.976
-3.63496 -4.984
-3.63499 -4.992
-3.63501 -5
-3.63492 -5.008
-3.63507 -5.016
-3.63517 -5.024
-3.6351 -5.032
-3.63517 -5.04
-3.63526 -5.048
-3.63535 -5.056
-3.63525 -5.064
-3.63527 -5.072
-3.63534 -5.08
-3.6355 -5.088
-3.63551 -5.096
-3.63557 -5.104
-3.63551 -5.112
-3.63567 -5.12
-3.63562 -5.128
-3.63573 -5.136
-3.63563 -5.144
-3.63566 -5.14628
-3.63451 -5.15201
-3.63271 -5.16002
-3.63207 -5.16284
-3.63189 -5.16355
-3.63007 -5.16797
-3.62764 -5.17465
-3.62705 -5.17602
-3.62677 -5.17634
-3.624 -5.17856
-3.61697 -5.18402
-3.61606 -5.18481
-3.60804 -5.19096
-3.60663 -5.19206
-3.59999 -5.19707
-3.59625 -5.20005
-3.59198 -5.20321
-3.58583 -5.208
-3.58399 -5.2094
-3.576 -5.21558
-3.57548 -5.21603
-3.56798 -5.22172
-3.56505 -5.22395
-3.56003 -5.22796
-3.55471 -5.232
-3.55204 -5.23413
-3.54439 -5.24008
-3.54399 -5.24024
-3.53598 -5.24641
-3.53394 -5.24797
-3.52795 -5.25253
-3.5236 -5.25602
-3.52005 -5.25883
-3.51325 -5.26405
-3.51197 -5.26489
-3.50399 -5.27109
-3.50278 -5.27193
-3.49599 -5.27726
-3.4925 -5.28005
-3.48803 -5.28348
-3.48211 -5.28803
-3.47999 -5.2896
-3.47196 -5.29572
-3.47167 -5.29595
-3.46398 -5.30192
-3.46135 -5.30401
-3.45595 -5.30805
-3.45095 -5.31198
-3.44795 -5.31422
-3.4406 -5.32001
-3.44004 -5.32051
-3.43204 -5.32668
-3.43025 -5.32805
-3.42405 -5.33286
-3.41982 -5.33597
-3.41606 -5.33904
-3.40953 -5.34407
-3.40805 -5.3452
-3.4 -5.3513
-3.39913 -5.35205
-3.39195 -5.35741
-3.38867 -5.35993
-3.38398 -5.36361
-3.3784 -5.36807
-3.37604 -5.36986
-3.36798 -5.37596
-3.36797 -5.376
-3.36005 -5.38221
-3.35758 -5.38398
-3.35203 -5.38835
-3.34717 -5.39193
-3.34401 -5.39449
-3.33688 -5.40004
-3.33596 -5.4006
-3.32803 -5.40687
-3.3265 -5.40803
-3.32 -5.41299
-3.31613 -5.41604
-3.31197 -5.41912
-3.30567 -5.42393
-3.30394 -5.42525
-3.29605 -5.43156
-3.2953 -5.43193
-3.288 -5.43766
-3.285 -5.44003
-3.28004 -5.44389
-3.27466 -5.44807
-3.27195 -5.44994
-3.26422 -5.45599
-3.26405 -5.45624
-3.25603 -5.46238
-3.25389 -5.46404
-3.24801 -5.46853
-3.2435 -5.47202
-3.24003 -5.47472
-3.2331 -5.48
-3.23197 -5.48081
-3.22406 -5.4871
-3.22272 -5.48798
-3.21598 -5.49316
-3.2124 -5.49606
-3.20804 -5.49941
-3.20194 -5.50395
-3.20003 -5.50556
-3.19197 -5.51166
-3.1916 -5.51199
-3.18403 -5.5179
-3.18128 -5.52006
-3.17598 -5.52401
-3.17086 -5.528
-3.16796 -5.53016
-3.16054 -5.53607
-3.15996 -5.53632
-3.15203 -5.54258
-3.15015 -5.54405
-3.14395 -5.54865
-3.13969 -5.55194
-3.13595 -5.55481
-3.12939 -5.56003
-3.12803 -5.56109
-3.11997 -5.56718
-3.11897 -5.56798
-3.11203 -5.57343
-3.10861 -5.57599
-3.10398 -5.57954
-3.09823 -5.58398
-3.09597 -5.58569
-3.08803 -5.59194
-3.08785 -5.59198
-3.08004 -5.59811
-3.07744 -5.59993
-3.07206 -5.60431
-3.06715 -5.60804
-3.064 -5.61041
-3.05669 -5.61593
-3.05604 -5.61662
-3.04797 -5.6227
-3.04642 -5.62407
-3.04002 -5.62893
-3.03596 -5.63195
-3.03205 -5.63514
-3.0256 -5.63997
-3.02396 -5.6412
-3.01599 -5.6474
-3.01519 -5.64793
-3.00798 -5.65356
-3.00488 -5.65602
-2.99997 -5.65972
-2.99449 -5.66398
-2.99202 -5.66595
-2.98412 -5.672
-2.98401 -5.67211
-2.97594 -5.67819
-2.97379 -5.68005
-2.96802 -5.68446
-2.96337 -5.688
-2.96004 -5.69065
-2.95304 -5.69605
-2.95196 -5.69672
-2.94403 -5.70298
-2.94265 -5.70403
-2.93596 -5.70906
-2.93229 -5.71205
-2.92802 -5.71531
-2.92189 -5.72002
-2.91994 -5.72137
-2.91203 -5.72765
-2.91149 -5.72799
-2.90398 -5.73376
-2.90117 -5.73605
-2.89597 -5.73992
-2.8907 -5.74393
-2.88804 -5.74618
-2.88033 -5.75194
-2.87997 -5.75225
-2.87206 -5.75854
-2.86999 -5.75998
-2.86406 -5.76471
-2.85969 -5.76808
-2.85597 -5.77076
-2.84922 -5.77596
-2.84796 -5.77692
-2.84002 -5.78316
-2.83889 -5.78401
-2.83203 -5.78935
-2.82848 -5.79197
-2.82399 -5.79546
-2.8181 -5.79995
-2.81602 -5.80167
-2.808 -5.80781
-2.80778 -5.80803
-2.80004 -5.81403
-2.79744 -5.81606
-2.79201 -5.82017
-2.78705 -5.82405
-2.78398 -5.8263
-2.77665 -5.83202
-2.77604 -5.83255
-2.76804 -5.83871
-2.76622 -5.83994
-2.76 -5.84483
-2.75585 -5.84795
-2.75198 -5.85097
-2.7455 -5.85598
-2.74396 -5.85711
-2.74262 -5.85835
-2.74186 -5.85871
-2.73602 -5.86187
-2.73188 -5.86395
-2.72799 -5.86604
-2.72005 -5.87038
-2.71676 -5.87198
-2.712 -5.87452
-2.70403 -5.87881
-2.70168 -5.88007
-2.69602 -5.88301
-2.68799 -5.88719
-2.68654 -5.88806
-2.68004 -5.89152
-2.67203 -5.89573
-2.67143 -5.89609
-2.66402 -5.89994
-2.65623 -5.90396
-2.65596 -5.90405
-2.648 -5.90836
-2.64113 -5.91201
-2.64 -5.91258
-2.632 -5.91682
-2.62597 -5.91996
-2.62403 -5.92111
-2.61597 -5.92522
-2.61085 -5.92799
-2.60796 -5.92943
-2.59998 -5.93371
-2.59577 -5.93608
-2.59197 -5.93791
-2.58398 -5.94216
-2.58057 -5.94394
-2.57603 -5.94648
-2.56804 -5.95075
-2.56543 -5.95192
-2.55999 -5.95488
-2.552 -5.95913
-2.5503 -5.95993
-2.54398 -5.96331
-2.53604 -5.96766
-2.53523 -5.96803
-2.52798 -5.97177
-2.52012 -5.97608
-2.52004 -5.97611
-2.51201 -5.98029
-2.50496 -5.98402
-2.50402 -5.98454
-2.49599 -5.98872
-2.48985 -5.99205
-2.48799 -5.99295
-2.48003 -5.99725
-2.47466 -5.99994
-2.472 -6.00142
-2.46402 -6.00568
-2.45959 -6.00806
-2.45597 -6.00982
-2.448 -6.01411
-2.44439 -6.01593
-2.44002 -6.01839
-2.432 -6.02256
-2.42927 -6.02394
-2.42397 -6.02675
-2.41596 -6.03096
-2.41416 -6.03198
-2.40797 -6.0352
-2.40002 -6.03954
-2.39901 -6.03996
-2.39196 -6.04364
-2.38398 -6.04791
-2.38387 -6.04792
-2.376 -6.05218
-2.36874 -6.05594
-2.36801 -6.05644
-2.36003 -6.06069
-2.35369 -6.06407
-2.35201 -6.06489
-2.34404 -6.06918
-2.3385 -6.07198
-2.33595 -6.07324
-2.328 -6.07757
-2.32337 -6.07997
-2.32004 -6.08186
-2.31199 -6.08601
-2.30823 -6.08795
-2.30397 -6.09019
-2.29596 -6.09441
-2.29316 -6.09607
-2.28804 -6.09878
-2.27996 -6.10286
-2.27798 -6.10398
-2.27197 -6.10711
-2.26403 -6.11145
-2.26287 -6.11202
-2.25598 -6.1156
-2.25042 -6.11858
