2.17237 -6.10421
2.17287 -6.10398
2.17601 -6.10273
2.18399 -6.09935
2.19202 -6.09611
2.19212 -6.09597
2.20003 -6.0928
2.20796 -6.08931
2.21139 -6.08802
2.21601 -6.08609
2.22396 -6.08267
2.23062 -6.07997
2.23203 -6.0795
2.24002 -6.07615
2.24799 -6.07276
2.24989 -6.07199
2.256 -6.06946
2.26402 -6.06618
2.26912 -6.06394
2.272 -6.06282
2.28003 -6.05957
2.28798 -6.05611
2.28843 -6.05607
2.29599 -6.05281
2.304 -6.04951
2.30765 -6.04799
2.31202 -6.04624
2.31997 -6.04281
2.32691 -6.04002
2.328 -6.03954
2.33602 -6.03626
2.344 -6.0329
2.34619 -6.03209
2.352 -6.02957
2.35999 -6.02622
2.36538 -6.02392
2.36802 -6.02298
2.37602 -6.01965
2.38397 -6.01619
2.38466 -6.016
2.39203 -6.01302
2.39999 -6.00961
2.40391 -6.00797
2.40802 -6.00634
2.41596 -6.00289
2.4232 -6.00008
2.42403 -5.99973
2.43196 -5.99624
2.44001 -5.99303
2.44243 -5.992
2.448 -5.98968
2.45596 -5.98627
2.46166 -5.98395
2.464 -5.98304
2.47201 -5.97974
2.47996 -5.9763
2.48096 -5.97606
2.48798 -5.97301
2.49603 -5.96982
2.50018 -5.96798
2.50403 -5.96649
2.51198 -5.96304
2.51946 -5.96005
2.51997 -5.95969
2.52802 -5.95649
2.53602 -5.95318
2.53872 -5.95207
2.544 -5.9498
2.55203 -5.94654
2.55791 -5.94391
2.56002 -5.9432
2.56803 -5.9399
2.57603 -5.93657
2.57718 -5.93596
2.58398 -5.93313
2.59197 -5.92977
2.59642 -5.92791
2.59997 -5.92646
2.60797 -5.92313
2.61575 -5.92009
2.61602 -5.91993
2.62396 -5.91647
2.63202 -5.91328
2.63494 -5.91195
2.64002 -5.90996
2.648 -5.90659
2.65422 -5.90402
2.65603 -5.90334
2.66399 -5.89992
2.67201 -5.89664
2.67347 -5.896
2.67998 -5.89325
2.68802 -5.89
2.6927 -5.88794
2.69597 -5.88656
2.70404 -5.8834
2.71201 -5.88007
2.71202 -5.88003
2.72001 -5.87668
2.72803 -5.87341
2.73119 -5.87191
2.736 -5.87002
2.74401 -5.86672
2.75046 -5.86394
2.75198 -5.86331
2.75999 -5.86001
2.76803 -5.85679
2.76974 -5.85601
2.776 -5.8534
2.78399 -5.85005
2.78896 -5.84792
2.792 -5.84675
2.80003 -5.8435
2.80797 -5.84003
2.80823 -5.83997
2.81598 -5.83673
2.82397 -5.83339
2.82752 -5.83205
2.83199 -5.8301
2.84003 -5.82689
2.84675 -5.824
2.84798 -5.82342
2.85597 -5.82008
2.86398 -5.81679
2.86598 -5.81593
2.87201 -5.81353
2.87997 -5.81012
2.88529 -5.80809
2.88798 -5.80681
2.89307 -5.80473
2.89439 -5.80412
2.89605 -5.80269
2.89895 -5.79993
2.90334 -5.79619
2.90395 -5.79554
2.9079 -5.79201
2.91196 -5.78816
2.91657 -5.78403
2.92002 -5.78081
2.92525 -5.77607
2.92805 -5.77345
2.93389 -5.76806
2.93606 -5.76606
2.94247 -5.75998
2.94401 -5.75861
2.95115 -5.75203
2.95195 -5.75115
2.95976 -5.74398
2.95997 -5.74377
2.96797 -5.73636
2.96848 -5.73606
2.97595 -5.72894
2.97702 -5.72794
2.98396 -5.72155
2.98566 -5.71993
2.99207 -5.71426
2.99434 -5.71196
2.99996 -5.70675
3.00306 -5.70405
3.00795 -5.69934
3.01166 -5.69599
3.01596 -5.69194
3.02025 -5.68793
3.02402 -5.68461
3.02896 -5.68
3.03195 -5.67713
3.03755 -5.67194
3.03996 -5.66974
3.04628 -5.66403
3.04795 -5.66234
3.05494 -5.65604
3.05598 -5.65497
3.0636 -5.64805
3.06399 -5.64757
3.07206 -5.64025
3.07217 -5.63997
3.08001 -5.6328
3.0809 -5.63206
3.08806 -5.62545
3.08953 -5.62404
3.09601 -5.61799
3.09808 -5.61593
3.10396 -5.61054
3.10685 -5.60806
3.11203 -5.60321
3.11543 -5.59999
3.11996 -5.59574
3.12403 -5.59193
3.12802 -5.5884
3.13277 -5.58404
3.13597 -5.58095
3.14141 -5.57603
3.14402 -5.5736
3.1501 -5.56807
3.15199 -5.56616
3.15863 -5.55995
3.16 -5.55878
3.16737 -5.55205
3.16803 -5.55141
3.17596 -5.54398
3.17598 -5.54395
3.18395 -5.53653
3.18461 -5.53599
3.19199 -5.52917
3.19329 -5.52802
3.19999 -5.52176
3.20197 -5.52005
3.20798 -5.51435
3.21063 -5.51207
3.21598 -5.50695
3.21919 -5.50397
3.22402 -5.4996
3.2279 -5.49604
3.23203 -5.4922
3.23649 -5.48798
3.23998 -5.48475
3.2452 -5.48005
3.24803 -5.4774
3.25378 -5.47198
3.256 -5.46997
3.26245 -5.464
3.26403 -5.46261
3.27113 -5.45603
3.27207 -5.45524
3.2797 -5.44795
3.28006 -5.44783
3.28795 -5.44031
3.28838 -5.43999
3.29599 -5.43296
3.29705 -5.43201
3.30397 -5.42554
3.30576 -5.42407
3.31197 -5.41814
3.31429 -5.41594
3.32004 -5.4108
3.32293 -5.40793
3.32806 -5.40342
3.33167 -5.40004
3.33601 -5.39597
3.34032 -5.39204
3.34399 -5.38855
3.34898 -5.38405
3.35195 -5.38111
3.35759 -5.37601
3.36004 -5.37381
3.36623 -5.36801
3.36797 -5.36633
3.37492 -5.36005
3.37601 -5.35897
3.38355 -5.35203
3.38398 -5.35154
3.39198 -5.34414
3.39216 -5.34398
3.40002 -5.33678
3.40076 -5.33593
3.408 -5.32936
3.40945 -5.32798
3.41606 -5.32202
3.41814 -5.32003
3.42398 -5.31453
3.42674 -5.31197
3.43199 -5.30714
3.43547 -5.30407
3.44001 -5.29976
3.44403 -5.29597
3.44806 -5.29242
3.4527 -5.28799
3.45601 -5.28496
3.46129 -5.27993
3.46406 -5.27762
3.46998 -5.27198
3.47193 -5.27008
3.47859 -5.26394
3.47996 -5.2627
3.48731 -5.25601
3.48795 -5.2553
3.4959 -5.24795
3.49601 -5.24796
3.50395 -5.24049
3.50454 -5.23994
3.51206 -5.23321
3.51324 -5.232
3.52003 -5.22578
3.52187 -5.22398
3.52802 -5.21837
3.53055 -5.21601
3.536 -5.21094
3.53921 -5.20802
3.54399 -5.20354
3.54777 -5.19993
3.55195 -5.19609
3.55646 -5.19198
3.55995 -5.1887
3.56511 -5.18397
3.56802 -5.18136
3.57371 -5.17593
3.57604 -5.17398
3.58248 -5.16805
3.584 -5.16654
3.59113 -5.16006
3.59204 -5.15919
3.59971 -5.15198
3.60001 -5.15175
3.60805 -5.14439
3.6084 -5.14403
3.61594 -5.13687
3.61698 -5.13596
3.62402 -5.12956
3.62573 -5.12807
3.63205 -5.12219
3.63426 -5.11994
3.64005 -5.1148
3.64294 -5.11198
3.64795 -5.10728
3.65164 -5.10403
3.65167 -5.104
3.65577 -5.09599
3.65607 -5.09562
3.65976 -5.08834
3.6599 -5.088
3.66317 -5.08001
3.66407 -5.07789
3.66631 -5.07198
3.66957 -5.06399
3.67002 -5.0628
3.67077 -5.05601
3.67136 -5.04799
3.67176 -5.04449
3.67176 -5.04
3.67143 -5.032
3.67145 -5.024
3.67125 -5.016
3.67111 -5.008
3.67083 -5
3.67067 -4.992
3.67046 -4.984
3.67032 -4.976
3.67024 -4.968
3.6701 -4.96
3.66997 -4.952
3.66962 -4.944
3.66947 -4.936
3.66931 -4.928
3.66926 -4.92
3.66898 -4.912
3.66886 -4.904
3.66873 -4.896
3.66861 -4.888
3.66839 -4.88
3.66813 -4.872
3.66814 -4.864
3.6678 -4.856
3.66769 -4.848
3.66761 -4.84
3.66743 -4.832
3.66723 -4.824
3.66714 -4.816
3.66684 -4.808
3.66681 -4.8
3.66661 -4.792
3.66643 -4.784
3.66624 -4.776
3.66617 -4.768
3.66596 -4.76
3.66571 -4.752
3.66555 -4.744
3.66543 -4.7394
3.665 -4.736
3.66402 -4.72897
3.66388 -4.728
3.66314 -4.72229
3.66196 -4.72
3.6581 -4.71204
3.65606 -4.70736
3.65435 -4.70403
3.65149 -4.69778
3.65043 -4.69599
3.64803 -4.69193
3.64573 -4.68796
3.64254 -4.68277
3.63994 -4.68063
3.63932 -4.68004
3.63194 -4.67371
3.63011 -4.67198
3.62405 -4.66668
3.62088 -4.66394
3.61604 -4.65978
3.61162 -4.65594
3.608 -4.65291
3.60225 -4.64807
3.60001 -4.64599
3.59308 -4.63996
3.59199 -4.63911
3.58403 -4.63215
3.58377 -4.63202
3.57596 -4.62533
3.57447 -4.62406
3.56803 -4.61834
3.56526 -4.616
3.55998 -4.61148
3.55604 -4.60795
3.55206 -4.60448
3.54668 -4.60006
3.54394 -4.59771
3.53746 -4.59201
3.53594 -4.5908
3.52823 -4.58398
3.52795 -4.58387
3.51997 -4.57694
3.51894 -4.57601
3.51206 -4.56993
3.5097 -4.56798
3.50395 -4.56315
3.50046 -4.55995
3.49603 -4.55615
3.49121 -4.55195
3.48796 -4.54931
3.48189 -4.54401
3.47997 -4.54239
3.47268 -4.53595
3.47204 -4.53541
3.46404 -4.52849
3.46338 -4.52799
3.45599 -4.52164
3.45416 -4.51995
3.44793 -4.51479
3.44483 -4.51203
3.44005 -4.50775
3.43561 -4.50398
3.43199 -4.50091
3.42631 -4.49603
3.424 -4.49399
3.4171 -4.48797
3.41594 -4.48714
3.40805 -4.48011
3.40783 -4.47997
3.39996 -4.4733
3.39855 -4.47199
3.39203 -4.46631
3.3893 -4.46398
3.38401 -4.45943
3.37996 -4.45607
3.37595 -4.45259
3.37081 -4.44794
3.36801 -4.44561
3.36146 -4.44004
3.35997 -4.43874
3.35218 -4.43206
3.35206 -4.43172
3.34401 -4.42488
3.34294 -4.42404
3.33601 -4.41797
3.33372 -4.41599
3.32803 -4.41103
3.32439 -4.40807
3.32004 -4.40411
3.31519 -4.4
3.31202 -4.39723
3.30594 -4.39198
3.30404 -4.39029
3.29666 -4.38401
3.29606 -4.38335
3.28797 -4.37655
3.28745 -4.37595
3.27996 -4.36965
3.27808 -4.36807
3.27198 -4.36272
3.26885 -4.36003
3.26395 -4.35585
3.25959 -4.35203
3.25606 -4.3488
3.25031 -4.34405
3.24796 -4.34202
3.24105 -4.33605
3.24001 -4.33505
3.23195 -4.32821
3.23189 -4.32793
3.22399 -4.32125
3.22251 -4.32007
3.21602 -4.31431
3.21324 -4.31207
3.20801 -4.30741
3.20403 -4.30402
3.19998 -4.30053
3.19479 -4.29599
3.19202 -4.29358
3.18553 -4.28799
3.18397 -4.28672
3.17622 -4.28004
3.17603 -4.27974
3.16805 -4.2728
3.16695 -4.27205
3.16002 -4.26593
3.15774 -4.264
3.15203 -4.25902
3.14853 -4.25593
3.14394 -4.25221
3.13919 -4.24802
3.13601 -4.24522
3.13 -4.23994
3.12801 -4.23831
3.12062 -4.23207
3.11998 -4.23143
3.11195 -4.22455
3.11139 -4.22404
3.10396 -4.21763
3.10216 -4.216
3.09597 -4.21071
3.09296 -4.20793
3.08805 -4.20371
3.08368 -4.19995
3.08002 -4.19684
3.07431 -4.19207
3.07201 -4.18993
3.06514 -4.18397
3.06399 -4.18305
3.05596 -4.17618
3.0559 -4.17595
3.04803 -4.16918
3.04661 -4.16798
3.03997 -4.16234
3.03737 -4.15995
3.03195 -4.15546
3.02805 -4.15201
3.02402 -4.14847
3.01887 -4.14393
3.01606 -4.14151
3.00956 -4.13598
3.00795 -4.13473
3.00028 -4.128
3.00004 -4.12771
2.99201 -4.12084
2.99096 -4.12006
2.98395 -4.114
2.98174 -4.11202
2.97603 -4.10699
2.97251 -4.10398
2.96805 -4.10006
2.96323 -4.096
2.96004 -4.09317
2.95395 -4.08802
2.95202 -4.08627
2.94467 -4.08004
2.94406 -4.07932
2.93604 -4.07244
2.93543 -4.07202
2.92798 -4.06559
2.92617 -4.06402
2.91997 -4.0587
2.91695 -4.05596
2.91203 -4.05172
2.90771 -4.04794
2.90406 -4.04477
2.89835 -4.04005
2.89604 -4.03788
2.88908 -4.03206
2.88806 -4.03094
2.88004 -4.02406
2.87989 -4.02398
2.87204 -4.01715
2.87066 -4.01594
2.86394 -4.01035
2.86138 -4.00797
2.85599 -4.00339
2.85204 -4.00006
2.84798 -3.99649
2.84277 -3.99207
2.84 -3.98956
2.8336 -3.98395
2.83195 -3.98271
2.82425 -3.97606
2.82394 -3.97581
2.81605 -3.96877
2.81504 -3.968
2.80806 -3.96185
2.80583 -3.95994
2.79996 -3.95505
2.79647 -3.95205
2.79201 -3.94809
2.78721 -3.94405
2.78396 -3.94124
2.77795 -3.93605
2.77605 -3.93422
2.76868 -3.92806
2.76806 -3.9273
2.76004 -3.92042
2.75944 -3.92003
2.75194 -3.91362
2.7502 -3.91201
2.74405 -3.90658
2.74098 -3.90396
2.73601 -3.89971
2.73169 -3.89599
2.728 -3.89282
2.72247 -3.88794
2.72002 -3.88589
2.71318 -3.87997
2.71203 -3.87897
2.70396 -3.87214
2.70396 -3.87193
2.69596 -3.86523
2.69459 -3.86406
2.68801 -3.85826
2.68537 -3.856
2.67999 -3.85137
2.67611 -3.848
2.67201 -3.84444
2.66689 -3.83995
2.66399 -3.83755
2.65765 -3.83193
2.65603 -3.8306
2.64838 -3.82393
2.64805 -3.82367
2.64005 -3.81675
2.63907 -3.81599
2.632 -3.8099
2.62982 -3.80797
2.62394 -3.80306
2.62047 -3.80008
2.61596 -3.79613
2.61127 -3.79201
2.60806 -3.7891
2.60199 -3.78403
2.60002 -3.78224
2.59271 -3.77605
2.59195 -3.7754
2.58394 -3.76851
2.58344 -3.76806
2.57605 -3.76148
2.57426 -3.75996
2.56796 -3.75466
2.56503 -3.75192
2.56006 -3.74764
2.55575 -3.74395
2.55203 -3.74077
2.54641 -3.73604
2.54403 -3.73385
2.53724 -3.72793
2.53594 -3.72705
2.528 -3.72007
2.52786 -3.72007
2.52006 -3.71309
2.5187 -3.71195
2.51201 -3.70624
2.50936 -3.70404
2.50405 -3.69928
2.50018 -3.69595
2.49598 -3.69245
2.49086 -3.68802
2.48803 -3.68548
2.48161 -3.68
2.47998 -3.67863
2.47239 -3.67195
2.47195 -3.67176
2.46406 -3.66472
2.46313 -3.66395
2.45599 -3.65789
2.45387 -3.65594
2.44798 -3.651
2.44454 -3.64802
2.44 -3.64405
2.43526 -3.64004
2.43206 -3.63708
2.42605 -3.63199
2.42403 -3.6302
2.41673 -3.62405
2.41595 -3.62339
2.40805 -3.61636
2.4075 -3.61601
2.4 -3.60951
2.39824 -3.60802
2.39203 -3.60257
2.38902 -3.59997
2.384 -3.59569
2.37967 -3.59207
2.37596 -3.58883
2.3704 -3.58407
2.36804 -3.58182
2.36121 -3.57599
2.36006 -3.57489
2.35202 -3.56802
2.35193 -3.56801
2.344 -3.56114
2.34269 -3.55998
2.33604 -3.55419
2.33337 -3.55206
2.32804 -3.54727
2.32417 -3.54399
2.32005 -3.54036
2.31496 -3.53593
2.31203 -3.53347
2.30567 -3.52795
2.30403 -3.52655
2.29635 -3.52003
2.29599 -3.51969
2.28799 -3.51278
2.28708 -3.51203
2.27998 -3.50589
2.27785 -3.50399
2.27195 -3.49901
2.26857 -3.49601
2.26394 -3.49211
2.25936 -3.48796
2.25596 -3.48518
2.25012 -3.47994
2.24794 -3.47829
2.24083 -3.47197
2.24003 -3.47127
2.23205 -3.46434
2.23157 -3.46396
2.22403 -3.45745
2.22221 -3.45607
2.21595 -3.45063
2.21296 -3.44806
2.208 -3.44367
2.20381 -3.43993
2.20001 -3.43675
2.19445 -3.43205
2.19194 -3.42992
2.18519 -3.42404
2.184 -3.42294
2.17595 -3.41608
2.17603 -3.41593
2.16798 -3.40914
2.1667 -3.40801
2.15995 -3.40227
2.15745 -3.39999
2.15195 -3.39536
2.14816 -3.39202
2.14403 -3.38835
2.13889 -3.38403
2.13599 -3.38149
2.12966 -3.37599
2.12806 -3.3745
2.1204 -3.36799
2.11996 -3.3677
2.11201 -3.36074
2.11114 -3.35999
2.10405 -3.35378
2.10192 -3.35194
2.09607 -3.34686
2.09263 -3.34398
2.08799 -3.34004
2.08329 -3.33607
2.07998 -3.33313
2.07406 -3.32802
2.07203 -3.32616
2.06479 -3.32003
2.06393 -3.31937
2.05598 -3.3124
2.0555 -3.31206
2.04796 -3.30552
2.04624 -3.30406
2.03996 -3.29861
2.03703 -3.29601
2.03195 -3.29171
2.02775 -3.28802
2.02394 -3.28481
2.01848 -3.28004
2.01599 -3.27785
2.00921 -3.27205
2.00806 -3.27085
2.00002 -3.26399
1.99997 -3.26402
1.99199 -3.25712
1.99076 -3.25596
1.98398 -3.25022
1.98149 -3.24797
1.97594 -3.24335
1.97222 -3.23998
1.96799 -3.23638
1.96297 -3.23196
1.96004 -3.22942
1.95365 -3.22403
1.95195 -3.2226
1.94443 -3.21598
1.94402 -3.21562
1.93606 -3.20866
1.93511 -3.20805
1.92796 -3.20186
1.92587 -3.20002
1.92004 -3.19487
1.91658 -3.19206
1.91201 -3.18799
1.90734 -3.18404
1.90399 -3.18111
1.8981 -3.17601
1.89603 -3.17415
1.8889 -3.16793
1.88801 -3.16726
1.88003 -3.16033
1.87952 -3.16007
1.87198 -3.15347
1.87028 -3.15205
1.86404 -3.1465
1.86105 -3.144
1.85606 -3.13957
1.85176 -3.13604
1.84794 -3.13279
1.84259 -3.12793
1.83997 -3.12585
1.83332 -3.11995
1.83199 -3.11891
1.82401 -3.112
1.82401 -3.11198
1.81607 -3.10501
1.8147 -3.10405
1.80804 -3.09813
1.80543 -3.09607
1.79999 -3.09127
1.79626 -3.08796
1.79198 -3.08437
1.78696 -3.08
1.78406 -3.07737
1.77775 -3.07194
1.77595 -3.07059
1.76847 -3.06396
1.76804 -3.06358
1.75998 -3.05674
1.75914 -3.05604
1.75204 -3.04976
1.74988 -3.04804
1.74394 -3.04296
1.74062 -3.04004
1.73602 -3.03596
1.73135 -3.03204
1.72797 -3.02911
1.72218 -3.02395
1.71999 -3.02217
1.71289 -3.01598
1.71199 -3.01527
1.70398 -3.00837
1.70362 -3.00798
1.69602 -3.0014
1.6944 -2.99994
1.68801 -2.99451
1.68504 -2.99205
1.68 -2.98761
1.67578 -2.98405
1.67199 -2.98071
1.66652 -2.97604
1.66396 -2.97384
1.65731 -2.96798
1.65594 -2.96695
1.64807 -2.95996
1.64795 -2.96003
1.63996 -2.9531
1.63879 -2.95198
1.63201 -2.94614
1.62946 -2.94406
1.62399 -2.93925
1.62019 -2.93607
1.61599 -2.93234
1.61099 -2.928
1.60797 -2.92546
1.60173 -2.92
1.59997 -2.91854
1.59241 -2.91206
1.59199 -2.91161
1.58394 -2.90477
1.58315 -2.90406
1.57595 -2.89784
1.57393 -2.89601
1.56796 -2.89092
1.56464 -2.88804
1.56004 -2.88391
1.5554 -2.88001
1.55195 -2.87711
1.54619 -2.87195
1.54401 -2.87013
1.5369 -2.86399
1.53598 -2.86325
1.52805 -2.85627
1.52762 -2.85601
1.51998 -2.84944
1.51838 -2.84798
1.51197 -2.84253
1.50907 -2.84004
1.504 -2.83559
1.49987 -2.83196
1.49597 -2.82872
1.49062 -2.82395
1.48805 -2.82171
1.48132 -2.816
1.47994 -2.81493
1.47199 -2.80807
1.47196 -2.808
1.46394 -2.80111
1.46276 -2.80004
1.45601 -2.79411
1.45357 -2.79195
1.44801 -2.78721
1.44423 -2.78404
1.43998 -2.78034
1.43503 -2.77598
1.43195 -2.77346
1.4257 -2.76805
1.42404 -2.76645
1.41643 -2.76006
1.41604 -2.75954
1.40799 -2.75269
1.40723 -2.75199
1.40004 -2.74572
1.39795 -2.74401
1.39197 -2.73888
1.38866 -2.73604
1.38401 -2.73193
1.37949 -2.72794
1.37602 -2.72501
1.3702 -2.71997
1.36794 -2.71819
1.36096 -2.71195
1.36005 -2.71115
1.35206 -2.70424
1.35159 -2.70407
1.34401 -2.69738
1.3424 -2.69598
1.33598 -2.69051
1.33308 -2.68805
1.32803 -2.68353
1.32391 -2.67994
1.32004 -2.67661
1.31465 -2.67195
1.31203 -2.66972
1.30531 -2.66404
1.30395 -2.6629
1.2961 -2.65597
1.29603 -2.65589
1.28799 -2.64904
1.28687 -2.64793
1.28004 -2.64206
1.2775 -2.64006
1.27197 -2.63524
1.26833 -2.63196
1.26405 -2.62824
1.25906 -2.62396
1.25602 -2.62136
1.24972 -2.61606
1.24803 -2.61444
1.24045 -2.60806
1.24003 -2.60753
1.23195 -2.60071
1.23129 -2.59995
1.22402 -2.59372
1.22193 -2.59206
1.21597 -2.58687
1.21273 -2.58399
1.20806 -2.57986
1.20352 -2.57593
1.19996 -2.57306
1.19414 -2.56807
1.19194 -2.56617
1.18492 -2.56002
1.18395 -2.55925
1.176 -2.55229
1.17573 -2.55194
1.16797 -2.54541
1.16647 -2.54394
1.16003 -2.53842
1.15718 -2.53597
1.15203 -2.53151
1.14788 -2.52801
1.14398 -2.52466
1.13856 -2.52007
1.136 -2.51774
1.12931 -2.51207
1.12798 -2.51085
1.12015 -2.50395
1.11999 -2.50393
1.112 -2.49701
1.11084 -2.496
1.10402 -2.49007
1.10153 -2.48805
1.09602 -2.48315
1.09231 -2.48
1.08795 -2.47633
1.08309 -2.47196
1.08 -2.46936
1.07383 -2.46395
1.07194 -2.46252
1.0645 -2.45603
1.06406 -2.45548
1.05595 -2.44869
1.05525 -2.44802
1.04806 -2.44165
1.04598 -2.44003
1.04002 -2.43479
1.03678 -2.43196
1.03199 -2.42791
1.02753 -2.42395
1.02406 -2.42092
1.01826 -2.41595
1.01604 -2.41403
1.00899 -2.40796
1.00802 -2.40715
0.999956 -2.40031
0.999656 -2.40005
0.992055 -2.39329
0.990476 -2.39195
0.983973 -2.38647
0.981221 -2.38394
0.976017 -2.37951
0.971935 -2.37597
0.96799 -2.37263
0.962603 -2.36805
0.95998 -2.36574
0.95334 -2.36005
0.952037 -2.35876
0.94412 -2.352
0.943945 -2.35196
0.936011 -2.34497
0.93488 -2.34398
0.927954 -2.33813
0.925537 -2.33607
0.919969 -2.3312
0.916376 -2.32796
0.912043 -2.3242
0.907034 -2.32005
0.904049 -2.31729
0.89785 -2.31196
0.896007 -2.31042
0.888575 -2.30397
0.887983 -2.30354
0.879956 -2.29666
0.879242 -2.29606
0.871939 -2.28977
0.870006 -2.28803
0.863975 -2.28282
0.860782 -2.27998
0.856044 -2.27583
0.851545 -2.27195
0.847939 -2.26904
0.84226 -2.26398
0.839953 -2.26212
0.832958 -2.25603
0.831939 -2.25522
0.823964 -2.24828
0.823668 -2.24806
0.816006 -2.24133
0.814484 -2.23997
0.807964 -2.23446
0.805208 -2.23198
0.799943 -2.22758
0.795894 -2.22404
0.792024 -2.22058
0.786682 -2.21599
0.784061 -2.21362
0.77741 -2.208
0.776046 -2.20673
0.768094 -2.20006
0.768032 -2.19984
0.759947 -2.19302
0.758829 -2.19206
0.751956 -2.1861
0.749566 -2.18407
0.744001 -2.17914
0.740315 -2.17605
0.735993 -2.17224
0.731105 -2.16799
0.727967 -2.16536
0.72466 -2.16249
0.722254 -2.16033
0.721804 -2.15994
0.72006 -2.15855
0.712036 -2.1523
0.711508 -2.15206
0.703972 -2.14611
0.701407 -2.14394
0.695994 -2.1398
0.691117 -2.13606
0.687959 -2.13357
0.681028 -2.12793
0.679956 -2.12729
0.672055 -2.12089
0.67074 -2.12005
0.663987 -2.1147
0.660532 -2.11206
0.655972 -2.10844
0.650413 -2.10397
0.647972 -2.10216
0.640191 -2.096
0.639976 -2.09588
0.631993 -2.08958
0.629998 -2.088
0.624009 -2.08328
0.61979 -2.08001
0.615978 -2.07705
0.609556 -2.07206
0.608009 -2.07073
0.599966 -2.06451
0.599351 -2.06407
0.592058 -2.05811
0.589244 -2.05596
0.584023 -2.05188
0.579057 -2.04795
0.576008 -2.04562
0.568858 -2.03996
0.567987 -2.03937
0.559972 -2.03311
0.558688 -2.03192
0.55202 -2.02677
0.548417 -2.02402
0.543949 -2.02059
0.538291 -2.01593
0.536018 -2.01422
0.528104 -2.00792
0.528043 -2.00791
0.519949 -2.00175
0.517809 -2.00005
0.511983 -1.99543
0.507645 -1.99201
0.503945 -1.9892
0.497455 -1.984
0.495947 -1.98292
0.48801 -1.97657
0.48721 -1.97607
0.480013 -1.97028
0.477114 -1.96794
0.471944 -1.9641
0.466906 -1.95996
0.46399 -1.95776
0.45662 -1.95207
0.456019 -1.95144
0.447987 -1.94521
0.446517 -1.94395
0.439977 -1.93894
0.436312 -1.93597
0.432016 -1.93262
0.42609 -1.928
0.423961 -1.92641
0.415981 -1.92011
0.415862 -1.92004
0.407991 -1.91382
0.405684 -1.91202
0.399939 -1.90761
0.395548 -1.90394
0.39205 -1.90119
0.385341 -1.89596
0.383971 -1.89501
0.376061 -1.88862
0.375163 -1.88794
0.368025 -1.88239
0.36495 -1.87996
0.359979 -1.87617
0.354764 -1.87195
0.351976 -1.86989
0.344484 -1.86406
0.343976 -1.86362
0.335959 -1.85736
0.334339 -1.85599
0.328022 -1.851
0.324117 -1.84803
0.319977 -1.84478
0.313884 -1.84007
0.311955 -1.83853
0.303965 -1.83224
0.303808 -1.83192
0.295948 -1.82599
0.293593 -1.82395
0.288038 -1.8196
0.283321 -1.81604
0.279943 -1.81344
0.273119 -1.80805
0.271975 -1.80712
0.264005 -1.8008
0.262987 -1.79997
0.256038 -1.79449
0.252752 -1.79202
0.24796 -1.78831
0.24256 -1.78402
0.240045 -1.78192
0.232323 -1.77607
0.231944 -1.77577
0.223958 -1.76948
0.222209 -1.76797
0.215972 -1.76318
0.212023 -1.75996
0.207992 -1.75688
0.201734 -1.75208
0.199975 -1.75062
0.191948 -1.74438
0.191589 -1.74401
0.18406 -1.73796
0.181387 -1.73602
0.17603 -1.73172
0.171237 -1.72796
0.168028 -1.72545
0.160984 -1.72004
0.159945 -1.71928
0.151967 -1.71297
0.150789 -1.71204
0.144044 -1.70659
0.140581 -1.70405
0.136031 -1.70033
0.130426 -1.696
0.128035 -1.69405
0.12021 -1.68803
0.119954 -1.68788
0.112001 -1.68154
0.109977 -1.68008
0.103971 -1.6753
0.0998205 -1.67203
0.096025 -1.66895
0.0896648 -1.66398
0.0879689 -1.66275
0.0800394 -1.65638
0.0794278 -1.65603
0.072026 -1.65012
0.0692412 -1.64802
0.0640014 -1.64387
0.0590087 -1.64007
0.0560351 -1.63755
0.0488414 -1.63203
0.0479621 -1.63137
0.0399769 -1.62507
0.0386886 -1.62398
0.0320191 -1.61874
0.0318128 -1.61859
0.024 -1.61856
0.016 -1.61853
0.008 -1.6186
0 -1.61858
-0.008 -1.61871
-0.016 -1.61864
-0.024 -1.61864
-0.032 -1.61854
-0.04 -1.61869
-0.048 -1.61854
-0.056 -1.61853
-0.064 -1.61864
-0.072 -1.61857
-0.08 -1.61861
-0.088 -1.61863
-0.0953182 -1.61866
-0.0960204 -1.61913
-0.101845 -1.62402
-0.104011 -1.62576
-0.111501 -1.63204
-0.11195 -1.63244
-0.120016 -1.63898
-0.121211 -1.64
-0.127995 -1.64562
-0.130864 -1.64802
-0.13601 -1.65222
-0.140544 -1.65602
-0.143945 -1.65891
-0.150292 -1.66393
-0.152052 -1.6654
-0.159869 -1.67204
-0.159967 -1.67212
-0.168039 -1.67865
-0.169619 -1.67995
-0.175964 -1.68535
-0.179228 -1.68803
-0.184009 -1.69191
-0.188877 -1.69606
-0.191977 -1.69857
-0.198604 -1.704
-0.199966 -1.7052
-0.207955 -1.71183
-0.208244 -1.71204
-0.216038 -1.71834
-0.217965 -1.71998
-0.22399 -1.72501
-0.227689 -1.72792
-0.231939 -1.73169
-0.237357 -1.73593
-0.239986 -1.73825
-0.246994 -1.74397
-0.24804 -1.7448
-0.255972 -1.7515
-0.256699 -1.75194
-0.26395 -1.75814
-0.266367 -1.75995
-0.272049 -1.76464
-0.276058 -1.76793
-0.279987 -1.77133
-0.285699 -1.77597
-0.287974 -1.77796
-0.295282 -1.78408
-0.29598 -1.78457
-0.303946 -1.79122
-0.305034 -1.79198
-0.311988 -1.79779
-0.314737 -1.79995
-0.320045 -1.80433
-0.324342 -1.80803
-0.327936 -1.81108
-0.334043 -1.816
-0.335994 -1.81763
-0.343777 -1.82392
-0.343972 -1.82427
-0.351996 -1.83086
-0.353345 -1.83205
-0.360012 -1.83745
-0.363112 -1.83994
-0.368047 -1.84403
-0.37272 -1.84802
-0.376017 -1.85068
-0.382381 -1.85604
-0.384063 -1.85724
-0.391941 -1.864
-0.392084 -1.864
-0.399999 -1.87055
-0.401766 -1.87199
-0.407941 -1.87723
-0.411437 -1.88
-0.416058 -1.88371
-0.421079 -1.88804
-0.423954 -1.89045
-0.430765 -1.89602
-0.431991 -1.89702
-0.439955 -1.90368
-0.440411 -1.90406
-0.448064 -1.91016
-0.4501 -1.91204
-0.455996 -1.91686
-0.459846 -1.91995
-0.463999 -1.92347
-0.46951 -1.92796
-0.472028 -1.93005
-0.479183 -1.93596
-0.48001 -1.93669
-0.488014 -1.9433
-0.488812 -1.94402
-0.495944 -1.95
-0.498539 -1.95195
-0.503978 -1.95657
-0.50822 -1.95995
-0.51195 -1.96322
-0.5179 -1.96794
-0.520008 -1.96977
-0.527577 -1.97594
-0.527968 -1.97643
-0.535979 -1.98303
-0.537137 -1.98407
-0.54399 -1.98964
-0.546814 -1.99207
-0.551963 -1.99628
-0.556544 -2
-0.560062 -2.00278
-0.566184 -2.00805
-0.56796 -2.00952
-0.575905 -2.01599
-0.575971 -2.01612
-0.584044 -2.02265
-0.585549 -2.02403
-0.591952 -2.02938
-0.595281 -2.03195
-0.600008 -2.03592
-0.604882 -2.04004
-0.607994 -2.04256
-0.614606 -2.04798
-0.615997 -2.04917
-0.624003 -2.05578
-0.624321 -2.05593
-0.632001 -2.06239
-0.633981 -2.06395
-0.639976 -2.06904
-0.643623 -2.07199
-0.647949 -2.07569
-0.653352 -2.07992
-0.656029 -2.08221
-0.662925 -2.08805
-0.663983 -2.08888
-0.671961 -2.09552
-0.672643 -2.09599
-0.679975 -2.10212
-0.682366 -2.10393
-0.68798 -2.10873
-0.691985 -2.112
-0.69596 -2.11537
-0.701685 -2.11997
-0.704039 -2.12189
-0.711347 -2.12798
-0.711971 -2.12859
-0.72005 -2.13511
-0.721037 -2.13597
-0.727978 -2.14181
-0.730717 -2.14396
-0.735955 -2.14845
-0.74031 -2.15206
-0.743957 -2.15506
-0.749975 -2.16007
-0.751974 -2.16166
-0.759755 -2.16794
-0.759965 -2.16829
-0.768059 -2.17479
-0.769394 -2.17598
-0.775938 -2.18155
-0.779023 -2.18404
-0.784056 -2.18802
-0.788675 -2.19206
-0.79198 -2.19473
-0.79809 -2.19966
-0.798414 -2.19997
-0.799154 -2.20068
-0.8 -2.20143
-0.807228 -2.20796
-0.80801 -2.20873
-0.816005 -2.21594
-0.815963 -2.21609
-0.824025 -2.22333
-0.824706 -2.224
-0.831953 -2.23071
-0.833407 -2.23206
-0.840007 -2.23796
-0.842236 -2.23998
-0.847952 -2.24533
-0.850982 -2.248
-0.85602 -2.25257
-0.85973 -2.25601
-0.863956 -2.25994
-0.868511 -2.26398
-0.872018 -2.26718
-0.877221 -2.27203
-0.880025 -2.27449
-0.886004 -2.28
-0.887991 -2.28183
-0.894737 -2.28803
-0.896057 -2.28907
-0.903563 -2.29596
-0.904045 -2.29639
-0.912052 -2.30369
-0.91231 -2.30397
-0.919946 -2.31111
-0.921074 -2.31196
-0.928041 -2.31832
-0.929778 -2.32002
-0.936053 -2.32561
-0.938569 -2.32798
-0.943944 -2.33304
-0.947263 -2.33605
-0.951979 -2.34031
-0.956103 -2.34396
-0.959997 -2.3476
-0.964851 -2.35197
-0.968014 -2.35489
-0.973592 -2.35999
-0.975963 -2.36225
-0.982296 -2.36805
-0.984034 -2.36948
-0.991032 -2.37607
-0.991999 -2.37683
-0.99986 -2.38399
-0.999949 -2.38419
-1.00803 -2.39141
-1.00862 -2.39199
-1.01594 -2.39882
-1.01734 -2.40003
-1.02396 -2.4061
-1.02619 -2.40793
-1.032 -2.41337
-1.03482 -2.41607
-1.03999 -2.42069
-1.04367 -2.42397
-1.04795 -2.42804
-1.0524 -2.43199
-1.05602 -2.43527
-1.06118 -2.43997
-1.06402 -2.44258
-1.06994 -2.44797
-1.07201 -2.4499
-1.07866 -2.45601
-1.07994 -2.45728
-1.08737 -2.46406
-1.08804 -2.46448
-1.096 -2.47183
-1.09614 -2.47205
-1.10399 -2.47915
-1.10499 -2.47995
-1.11197 -2.48648
-1.11376 -2.48793
-1.11998 -2.49378
-1.12242 -2.49604
-1.12805 -2.50101
-1.1312 -2.50401
-1.13596 -2.50841
-1.13994 -2.51203
-1.14395 -2.51574
-1.14875 -2.51998
-1.15194 -2.52306
-1.15755 -2.52793
-1.15995 -2.53036
-1.16619 -2.53606
-1.16807 -2.53753
-1.17502 -2.54398
-1.17604 -2.54487
-1.18379 -2.55197
-1.18398 -2.55224
-1.19204 -2.55948
-1.19248 -2.56004
-1.20004 -2.56679
-1.20124 -2.56803
-1.20803 -2.57411
-1.20997 -2.57606
-1.21594 -2.58152
-1.21873 -2.58406
-1.22401 -2.58876
-1.22758 -2.59196
-1.23204 -2.59603
-1.23633 -2.59997
-1.24001 -2.60337
-1.24511 -2.60794
-1.24805 -2.61063
-1.25385 -2.61596
-1.25604 -2.61795
-1.26251 -2.62407
-1.26399 -2.62532
-1.27132 -2.63202
-1.27206 -2.63255
-1.28001 -2.63991
-1.28015 -2.63993
-1.28806 -2.64716
-1.28885 -2.648
-1.29601 -2.65452
-1.2976 -2.656
-1.30405 -2.66179
-1.30636 -2.664
-1.31197 -2.66918
-1.31515 -2.67197
-1.31997 -2.6765
-1.32391 -2.67997
-1.32806 -2.6837
-1.3326 -2.68803
-1.33596 -2.69112
-1.34137 -2.69602
-1.34403 -2.69835
-1.35012 -2.70403
-1.35195 -2.70575
-1.35891 -2.712
-1.35994 -2.71307
-1.36762 -2.72004
-1.36803 -2.72028
-1.37606 -2.72756
-1.37648 -2.72793
-1.38398 -2.73495
-1.38516 -2.73602
-1.39202 -2.74221
-1.39397 -2.74396
-1.39997 -2.74957
-1.40264 -2.75205
-1.40805 -2.7568
-1.41145 -2.76
-1.41606 -2.7641
-1.42018 -2.76803
-1.42407 -2.77139
-1.42901 -2.77595
-1.43202 -2.77875
-1.43769 -2.78404
-1.44004 -2.78604
-1.44642 -2.79206
-1.44799 -2.7934
-1.45522 -2.80001
-1.45594 -2.80076
-1.46404 -2.80795
-1.46399 -2.80802
-1.47206 -2.81525
-1.4727 -2.81605
-1.48007 -2.82255
-1.48157 -2.82393
-1.48805 -2.82988
-1.49033 -2.83193
-1.49597 -2.83728
-1.49899 -2.84003
-1.50399 -2.84456
-1.50781 -2.84797
-1.51194 -2.85193
-1.51659 -2.85593
-1.52003 -2.85913
-1.52527 -2.86402
-1.52797 -2.86651
-1.53406 -2.87199
-1.53595 -2.87384
-1.54285 -2.87996
-1.54406 -2.88102
-1.55153 -2.88804
-1.55201 -2.88838
-1.55998 -2.89573
-1.56026 -2.89607
-1.56798 -2.90303
-1.56912 -2.90395
-1.57595 -2.91038
-1.57778 -2.91206
-1.58405 -2.91758
-1.58663 -2.91997
-1.59201 -2.92493
-1.59532 -2.92804
-1.59995 -2.9323
-1.60412 -2.93599
-1.60794 -2.93962
-1.61282 -2.94405
-1.61601 -2.94685
-1.62164 -2.95198
-1.62399 -2.95419
-1.63037 -2.96001
-1.63196 -2.96152
-1.63918 -2.96796
-1.64 -2.96878
-1.64792 -2.97597
-1.64805 -2.97604
-1.65602 -2.98338
-1.65671 -2.98394
-1.66403 -2.99068
-1.66544 -2.99196
-1.672 -2.99802
-1.67415 -3.00002
-1.67999 -3.00534
-1.68293 -3.008
-1.68805 -3.01258
-1.69163 -3.01606
-1.69597 -3.01998
-1.70039 -3.02406
-1.704 -3.02725
-1.70918 -3.03201
-1.71196 -3.0346
-1.71793 -3.04003
-1.72004 -3.04183
-1.72669 -3.04802
-1.72803 -3.04914
-1.73553 -3.05594
-1.73605 -3.05643
-1.744 -3.0638
-1.7442 -3.06403
-1.75195 -3.07116
-1.75299 -3.07199
-1.75999 -3.07842
-1.7617 -3.08005
-1.76806 -3.08565
-1.77052 -3.08797
-1.776 -3.09303
-1.77926 -3.09599
-1.78398 -3.10035
-1.78807 -3.10394
-1.792 -3.10764
-1.79677 -3.112
-1.80006 -3.11488
-1.80547 -3.12007
-1.80805 -3.1222
-1.81429 -3.12799
-1.81594 -3.12963
-1.8231 -3.13594
-1.82402 -3.13686
-1.8318 -3.144
-1.83201 -3.14417
-1.83995 -3.15154
-1.84056 -3.152
-1.84796 -3.15885
-1.84932 -3.15999
-1.85594 -3.16618
-1.85805 -3.16802
-1.86406 -3.17335
-1.86689 -3.17594
-1.87203 -3.1807
-1.87562 -3.18397
-1.87998 -3.18805
-1.88438 -3.19196
-1.88805 -3.19529
-1.89312 -3.19998
-1.89596 -3.20269
-1.90182 -3.20804
-1.90396 -3.21
-1.91056 -3.21607
-1.912 -3.21727
-1.91932 -3.22405
-1.91994 -3.22464
-1.92806 -3.23182
-1.92809 -3.23204
-1.93598 -3.23921
-1.93683 -3.24007
-1.94404 -3.24645
-1.94566 -3.24798
-1.95198 -3.25383
-1.95445 -3.25595
-1.96005 -3.26106
-1.96318 -3.26397
-1.96803 -3.26839
-1.97198 -3.27193
-1.97606 -3.27567
-1.98063 -3.28005
-1.98403 -3.283
-1.98944 -3.28799
-1.99196 -3.29039
-1.99815 -3.29604
-2.00001 -3.29765
-2.00693 -3.30401
-2.00805 -3.30491
-2.01572 -3.31198
-2.01599 -3.31228
-2.02396 -3.31963
-2.02447 -3.31999
-2.03196 -3.32693
-2.03326 -3.32795
-2.04004 -3.33415
-2.04197 -3.336
-2.04802 -3.34148
-2.05076 -3.34397
-2.05597 -3.34885
-2.05954 -3.35194
-2.064 -3.35612
-2.06831 -3.35993
-2.07196 -3.36347
-2.07699 -3.36802
-2.08002 -3.37071
-2.08577 -3.37599
-2.08795 -3.3781
-2.09454 -3.38397
-2.09596 -3.38539
-2.1033 -3.39197
-2.10396 -3.3927
-2.11198 -3.39999
-2.11202 -3.40001
-2.12003 -3.40725
-2.12084 -3.40795
-2.12796 -3.41463
-2.12953 -3.41602
-2.13602 -3.42187
-2.13825 -3.42406
-2.14405 -3.42915
-2.14704 -3.43203
-2.15198 -3.43654
-2.15578 -3.44004
-2.16006 -3.44375
-2.16452 -3.44806
-2.16796 -3.45117
-2.17334 -3.45599
-2.17601 -3.45842
-2.18208 -3.46401
-2.18397 -3.46578
-2.19084 -3.47202
-2.19194 -3.47311
-2.19955 -3.48007
-2.20006 -3.48029
-2.20798 -3.48769
-2.20838 -3.48798
-2.21598 -3.495
-2.2171 -3.49603
-2.22395 -3.50233
-2.22581 -3.50407
-2.23194 -3.50966
-2.23461 -3.51202
-2.24005 -3.51684
-2.24344 -3.51995
-2.24801 -3.5242
-2.25211 -3.52804
-2.25605 -3.53146
-2.26097 -3.53593
-2.26402 -3.5388
-2.26968 -3.54398
-2.27193 -3.5462
-2.27843 -3.55199
-2.27995 -3.55349
-2.28722 -3.55996
-2.28795 -3.5608
-2.29592 -3.56802
-2.29598 -3.56808
-2.30398 -3.57538
-2.30468 -3.57602
-2.31197 -3.58271
-2.31351 -3.58394
-2.32004 -3.58994
-2.32216 -3.59206
-2.32794 -3.59736
-2.33093 -3.60004
-2.33606 -3.60453
-2.33975 -3.60797
-2.34396 -3.61195
-2.34853 -3.61594
-2.35204 -3.61917
-2.35721 -3.62404
-2.35994 -3.62659
-2.36594 -3.63206
-2.368 -3.63384
-2.37471 -3.64005
-2.37605 -3.64109
-2.3835 -3.64801
-2.384 -3.64845
-2.39197 -3.65579
-2.39231 -3.65596
-2.39997 -3.6631
-2.40104 -3.66398
-2.40806 -3.6703
-2.4098 -3.67199
-2.41602 -3.67766
-2.41859 -3.67995
-2.42395 -3.68504
-2.42727 -3.68804
-2.43204 -3.69225
-2.43599 -3.69607
-2.44005 -3.69955
-2.44477 -3.70405
-2.44795 -3.70696
-2.45352 -3.71206
-2.45598 -3.71424
-2.4623 -3.72003
-2.46403 -3.72149
-2.47104 -3.72804
-2.47201 -3.72883
-2.47986 -3.73598
-2.48006 -3.73607
-2.48805 -3.7434
-2.48858 -3.74402
-2.49595 -3.75081
-2.49738 -3.75198
-2.50405 -3.75801
-2.50611 -3.76001
-2.51203 -3.76535
-2.51488 -3.76799
-2.51995 -3.77274
-2.52368 -3.77594
-2.52804 -3.77995
-2.53241 -3.78398
-2.53598 -3.78732
-2.54118 -3.79196
-2.54395 -3.79467
-2.54987 -3.80004
-2.55197 -3.80196
-2.55863 -3.80803
-2.55998 -3.80925
-2.56737 -3.81605
-2.56794 -3.8166
-2.576 -3.82384
-2.57619 -3.82398
-2.58402 -3.83112
-2.58493 -3.832
-2.59203 -3.83843
-2.5937 -3.83998
-2.60004 -3.84573
-2.60251 -3.84793
-2.60803 -3.85304
-2.61118 -3.85602
-2.61605 -3.86033
-2.62002 -3.86393
-2.62399 -3.86771
-2.6287 -3.87202
-2.63199 -3.87501
-2.63741 -3.88007
-2.63997 -3.88234
-2.6462 -3.88804
-2.64804 -3.88958
-2.65498 -3.89601
-2.65603 -3.89689
-2.6638 -3.90394
-2.664 -3.90423
-2.67201 -3.91152
-2.67244 -3.91207
-2.68002 -3.91883
-2.68132 -3.91993
-2.68806 -3.9261
-2.68998 -3.92805
-2.69598 -3.93348
-2.69873 -3.93605
-2.70395 -3.94083
-2.70749 -3.94405
-2.71199 -3.94809
-2.7163 -3.95199
-2.72001 -3.95538
-2.72499 -3.96006
-2.72799 -3.96271
-2.73383 -3.96798
-2.736 -3.97
-2.74252 -3.97605
-2.74398 -3.97734
-2.75137 -3.98395
-2.75199 -3.98463
-2.76002 -3.99191
-2.76003 -3.99205
-2.76796 -3.99928
-2.76881 -4.00002
-2.77595 -4.0066
-2.77753 -4.00806
-2.78406 -4.01379
-2.78636 -4.01599
-2.79205 -4.02111
-2.79512 -4.02399
-2.79993 -4.02854
-2.80392 -4.03194
-2.80803 -4.03575
-2.81257 -4.04006
-2.81602 -4.04306
-2.82132 -4.04806
-2.82398 -4.05042
-2.83011 -4.05603
-2.83201 -4.05769
-2.8389 -4.06399
-2.83997 -4.06505
-2.8477 -4.07195
-2.84795 -4.07238
-2.85604 -4.07958
-2.85636 -4.08005
-2.86397 -4.08697
-2.86513 -4.08804
-2.87197 -4.09428
-2.87388 -4.09605
-2.88002 -4.10153
-2.88272 -4.10396
-2.88805 -4.10881
-2.89149 -4.11194
-2.89606 -4.11611
-2.9002 -4.11999
-2.90401 -4.12347
-2.909 -4.12794
-2.91194 -4.13085
-2.9177 -4.13601
-2.91997 -4.13813
-2.92642 -4.14405
-2.92797 -4.14544
-2.93516 -4.15207
-2.93598 -4.15273
-2.94402 -4.15996
-2.94404 -4.15997
-2.95202 -4.1673
-2.95272 -4.16802
-2.96003 -4.1746
-2.96144 -4.17606
-2.968 -4.18195
-2.97021 -4.18405
-2.97606 -4.18919
-2.97903 -4.19198
-2.98401 -4.19655
-2.9878 -4.19996
-2.99199 -4.20388
-2.99647 -4.20806
-2.99998 -4.2112
-3.00528 -4.21601
-3.00796 -4.21853
-3.01402 -4.22403
-3.01602 -4.22577
-3.02282 -4.23197
-3.024 -4.2331
-3.03151 -4.24005
-3.03199 -4.24042
-3.03994 -4.24779
-3.04029 -4.24803
-3.04803 -4.25499
-3.04909 -4.25598
-3.05595 -4.26238
-3.05789 -4.26393
-3.06404 -4.2696
-3.06655 -4.27203
-3.07203 -4.27692
-3.07537 -4.27996
-3.08002 -4.28423
-3.08412 -4.28798
-3.08801 -4.29156
-3.09282 -4.29604
-3.096 -4.29887
-3.10157 -4.30404
-3.10403 -4.30615
-3.11031 -4.31207
-3.11194 -4.31355
-3.11915 -4.31998
-3.11994 -4.32086
-3.12793 -4.32795
-3.12794 -4.32817
-3.13595 -4.33546
-3.1367 -4.33593
-3.14395 -4.34278
-3.14542 -4.34397
-3.15202 -4.35
-3.15418 -4.35197
-3.15995 -4.35739
-3.16286 -4.36006
-3.16797 -4.36468
-3.17162 -4.36806
-3.17594 -4.37202
-3.18049 -4.37594
-3.18394 -4.37933
-3.18918 -4.384
-3.19204 -4.38652
-3.19797 -4.39197
-3.19995 -4.39393
-3.20669 -4.40001
-3.20802 -4.40116
-3.21545 -4.40801
-3.21606 -4.40843
-3.22398 -4.41582
-3.22427 -4.41594
-3.23207 -4.42304
-3.23299 -4.42398
-3.24 -4.43042
-3.24167 -4.43207
-3.24806 -4.43766
-3.25046 -4.44003
-3.25598 -4.44506
-3.2592 -4.44805
-3.26402 -4.45232
-3.26799 -4.45601
-3.27204 -4.4596
-3.27674 -4.46402
-3.28005 -4.46691
-3.28555 -4.47197
-3.28804 -4.47423
-3.29422 -4.48006
-3.29598 -4.4816
-3.30302 -4.48801
-3.30403 -4.48885
-3.31176 -4.49603
-3.31204 -4.49615
-3.31999 -4.50351
-3.32055 -4.504
-3.32797 -4.51084
-3.32932 -4.51198
-3.336 -4.51812
-3.33806 -4.52
-3.34393 -4.5255
-3.34683 -4.52799
-3.352 -4.53273
-3.35558 -4.536
-3.35999 -4.54006
-3.36435 -4.54398
-3.36806 -4.54728
-3.37304 -4.55206
-3.37606 -4.55459
-3.38188 -4.55997
-3.38403 -4.56193
-3.39064 -4.56796
-3.39203 -4.56924
-3.39937 -4.57599
-3.40006 -4.57651
-3.40803 -4.58386
-3.40814 -4.58397
-3.41599 -4.59121
-3.41683 -4.59205
-3.42405 -4.59846
-3.42567 -4.59996
-3.43194 -4.60588
-3.4344 -4.608
-3.44001 -4.61311
-3.44309 -4.61607
-3.44799 -4.62044
-3.45187 -4.62404
-3.45599 -4.62775
-3.46073 -4.63193
-3.46405 -4.63499
-3.46941 -4.64001
-3.47199 -4.64237
-3.47814 -4.64804
-3.47999 -4.64967
-3.48698 -4.65596
-3.48796 -4.65702
-3.49565 -4.66404
-3.49595 -4.66434
-3.50402 -4.67157
-3.5045 -4.67194
-3.512 -4.6789
-3.5132 -4.68001
-3.51998 -4.68623
-3.522 -4.68797
-3.52805 -4.69346
-3.53074 -4.69598
-3.536 -4.70082
-3.53944 -4.70404
-3.54396 -4.70818
-3.54823 -4.712
-3.55198 -4.71546
-3.55698 -4.72002
-3.56003 -4.72271
-3.56575 -4.728
-3.56794 -4.73012
-3.57453 -4.73597
-3.57594 -4.73743
-3.58325 -4.74402
-3.58406 -4.7446
-3.59205 -4.75193
-3.59204 -4.75198
-3.59998 -4.75931
-3.60083 -4.75995
-3.60798 -4.76661
-3.60956 -4.76798
-3.61602 -4.77388
-3.61824 -4.77606
-3.62397 -4.78125
-3.62706 -4.78399
-3.63203 -4.78849
-3.63575 -4.79207
-3.64005 -4.79577
-3.64457 -4.8
-3.64794 -4.8032
-3.65331 -4.80802
-3.65604 -4.8104
-3.6613 -4.81521
-3.66167 -4.81604
-3.66393 -4.81968
-3.66605 -4.82277
-3.66665 -4.82399
-3.67105 -4.83196
-3.67194 -4.8339
-3.67532 -4.84001
-3.67545 -4.84022
-3.67918 -4.84804
-3.67996 -4.8495
-3.68055 -4.85077
-3.68243 -4.85601
-3.68514 -4.86403
-3.6854 -4.86459
-3.68625 -4.87201
-3.6866 -4.87467
-3.68662 -4.88
-3.68661 -4.888
-3.68656 -4.896
-3.68667 -4.904
-3.68679 -4.912
-3.68677 -4.92
-3.68681 -4.928
-3.6868 -4.936
-3.68668 -4.944
-3.68684 -4.952
-3.6868 -4.96
-3.68679 -4.968
-3.68677 -4.976
-3.68691 -4.984
-3.68694 -4.992
-3.68685 -5
-3.68684 -5.008
-3.68686 -5.016
-3.68695 -5.024
-3.68688 -5.032
-3.68699 -5.04
-3.68705 -5.048
-3.68694 -5.056
-3.6871 -5.064
-3.68701 -5.072
-3.68713 -5.08
-3.68709 -5.088
-3.68708 -5.096
-3.68709 -5.104
-3.68711 -5.112
-3.68723 -5.11879
-3.68712 -5.12001
-3.68616 -5.128
-3.68598 -5.12952
-3.68395 -5.13602
-3.68129 -5.14375
-3.68114 -5.14397
-3.67998 -5.14652
-3.67742 -5.152
-3.67607 -5.15474
-3.6733 -5.15997
-3.67194 -5.16255
-3.6692 -5.16803
-3.66609 -5.17363
-3.66483 -5.17604
-3.66394 -5.17721
-3.66216 -5.18042
-3.65809 -5.18396
-3.65597 -5.18591
-3.64934 -5.19197
-3.64799 -5.19325
-3.64056 -5.19994
-3.64002 -5.20058
-3.63205 -5.20793
-3.63185 -5.20799
-3.62399 -5.21517
-3.62308 -5.21597
-3.61606 -5.22256
-3.61435 -5.224
-3.60796 -5.22976
-3.60558 -5.23198
-3.60003 -5.23715
-3.59682 -5.23998
-3.59194 -5.24436
-3.58803 -5.24794
-3.58394 -5.25167
-3.57928 -5.25595
-3.57594 -5.25897
-3.57052 -5.26394
-3.56801 -5.26636
-3.56187 -5.27205
-3.56002 -5.27368
-3.55309 -5.28003
-3.55203 -5.281
-3.54436 -5.28806
-3.54398 -5.28827
-3.53604 -5.29563
-3.5355 -5.29594
-3.52805 -5.30296
-3.52687 -5.30407
-3.52006 -5.31027
-3.51805 -5.312
-3.51205 -5.31758
-3.50936 -5.32007
-3.50397 -5.3248
-3.50048 -5.32795
-3.496 -5.33214
-3.49178 -5.336
-3.48801 -5.33946
-3.48306 -5.34403
-3.48006 -5.34683
-3.47423 -5.35196
-3.47197 -5.35404
-3.46545 -5.35993
-3.46406 -5.36145
-3.45682 -5.36807
-3.45601 -5.36871
-3.44805 -5.37605
-3.44794 -5.37593
-3.44 -5.38331
-3.43926 -5.38401
-3.43201 -5.39064
-3.43056 -5.39207
-3.42396 -5.39789
-3.42171 -5.39997
-3.41606 -5.40531
-3.41296 -5.40797
-3.40804 -5.4126
-3.40429 -5.41607
-3.39994 -5.4198
-3.39541 -5.42393
-3.392 -5.42717
-3.38666 -5.43194
-3.38403 -5.43451
-3.378 -5.44004
-3.37594 -5.44173
-3.36922 -5.44802
-3.36802 -5.44913
-3.3605 -5.45606
-3.36003 -5.45645
-3.35196 -5.46368
-3.35164 -5.46394
-3.34394 -5.47097
-3.34292 -5.47197
-3.33599 -5.47833
-3.33415 -5.47996
-3.32802 -5.48568
-3.32541 -5.48798
-3.32006 -5.49303
-3.31668 -5.49601
-3.31196 -5.50023
-3.30794 -5.50402
-3.30402 -5.50761
-3.29911 -5.51194
-3.29601 -5.51491
-3.29037 -5.51996
-3.28794 -5.52214
-3.28164 -5.52798
-3.28002 -5.52954
-3.27296 -5.53606
-3.27203 -5.53685
-3.26412 -5.54398
-3.264 -5.54413
-3.256 -5.55144
-3.25535 -5.55196
-3.24805 -5.55881
-3.24663 -5.56
-3.24005 -5.56611
-3.23791 -5.56803
-3.23195 -5.57332
-3.22907 -5.57594
-3.224 -5.58069
-3.22038 -5.58401
-3.216 -5.58799
-3.21164 -5.59203
-3.20794 -5.59523
-3.20282 -5.59996
-3.20002 -5.60263
-3.19412 -5.60801
-3.19205 -5.60998
-3.18534 -5.61599
-3.18406 -5.6173
-3.17656 -5.62397
-3.17595 -5.62449
-3.16802 -5.63188
-3.16789 -5.63206
-3.16005 -5.63922
-3.15902 -5.63993
-3.15195 -5.64642
-3.15027 -5.64794
-3.14394 -5.65371
-3.14158 -5.65601
-3.13602 -5.66111
-3.13276 -5.66394
-3.12802 -5.66842
-3.12407 -5.67201
-3.11999 -5.6757
-3.1153 -5.67999
-3.11207 -5.68309
-3.10653 -5.68797
-3.10394 -5.69027
-3.09783 -5.69604
-3.09595 -5.69759
-3.08907 -5.70403
-3.08797 -5.70492
-3.08032 -5.71204
-3.08001 -5.71228
-3.07203 -5.7196
-3.07147 -5.71993
-3.06405 -5.72694
-3.0628 -5.72803
-3.05602 -5.73422
-3.05397 -5.73595
-3.04805 -5.74156
-3.0453 -5.74403
-3.03994 -5.74874
-3.03655 -5.75205
-3.03206 -5.75619
-3.02769 -5.75993
-3.02394 -5.76337
-3.01895 -5.76795
-3.01605 -5.7708
-3.01025 -5.77601
-3.00804 -5.77809
-3.0015 -5.78401
-2.99997 -5.78533
-2.99268 -5.79194
-2.992 -5.79267
-2.98397 -5.79995
-2.98404 -5.80006
-2.97601 -5.8073
-2.97525 -5.80802
-2.96795 -5.81454
-2.96643 -5.81595
-2.96004 -5.82195
-2.95774 -5.82403
-2.95205 -5.82928
-2.94897 -5.83201
-2.94396 -5.83648
-2.94026 -5.84007
-2.93603 -5.84387
-2.9315 -5.84806
-2.92804 -5.8512
-2.9243 -5.85461
-2.92257 -5.85598
-2.92 -5.85822
-2.91996 -5.8583
-2.91917 -5.85866
-2.91198 -5.86134
-2.90494 -5.86397
-2.90403 -5.86442
-2.89597 -5.86723
-2.88799 -5.87025
-2.8833 -5.87194
-2.87998 -5.87318
-2.87197 -5.87611
-2.86401 -5.87917
-2.86171 -5.88003
-2.85602 -5.88216
-2.84801 -5.88509
-2.84007 -5.88797
-2.83999 -5.88801
-2.83199 -5.89097
-2.82398 -5.89388
-2.81844 -5.89596
-2.81598 -5.89686
-2.80798 -5.8998
-2.79998 -5.90277
-2.79681 -5.90396
-2.79203 -5.90587
-2.78399 -5.90871
-2.77597 -5.91162
-2.77523 -5.91209
-2.76803 -5.91476
-2.76002 -5.91768
-2.7536 -5.92006
-2.75203 -5.92067
-2.74401 -5.92357
-2.73601 -5.92654
-2.73196 -5.92804
-2.72798 -5.9294
-2.72 -5.93242
-2.71197 -5.93529
-2.71033 -5.93601
-2.70403 -5.93842
-2.69603 -5.94138
-2.68867 -5.94393
-2.688 -5.94425
-2.68 -5.94722
-2.67203 -5.95024
-2.66705 -5.95195
-2.66401 -5.95316
-2.65598 -5.95604
-2.64798 -5.959
-2.64548 -5.96008
-2.63999 -5.96198
-2.63199 -5.96495
-2.62402 -5.96799
-2.62381 -5.96797
-2.61603 -5.97097
-2.60803 -5.97393
-2.60218 -5.97597
-2.59997 -5.97672
-2.59199 -5.97975
-2.58399 -5.98271
-2.58057 -5.984
-2.57603 -5.98576
-2.56801 -5.98868
-2.55998 -5.99155
-2.55893 -5.99195
-2.55203 -5.99464
-2.54401 -5.99757
-2.5373 -5.99996
-2.53601 -6.00052
-2.52798 -6.00339
-2.51997 -6.00632
-2.51572 -6.00809
-2.51202 -6.00942
-2.504 -6.01231
-2.49602 -6.01535
-2.49409 -6.01607
-2.48802 -6.01831
-2.47999 -6.02117
-2.47243 -6.02398
-2.47198 -6.02411
-2.464 -6.02711
-2.456 -6.03009
-2.45082 -6.03202
-2.44803 -6.03312
-2.44 -6.03599
-2.43202 -6.03901
-2.42918 -6.03998
-2.42402 -6.04197
-2.41601 -6.0449
-2.40799 -6.04782
-2.40756 -6.048
-2.39998 -6.05073
-2.39197 -6.05367
-2.38594 -6.056
-2.38401 -6.05676
-2.37603 -6.05974
-2.36798 -6.06259
-2.36432 -6.06403
-2.36 -6.0656
-2.35197 -6.06846
-2.34398 -6.07147
-2.34266 -6.07193
-2.33597 -6.07438
-2.32797 -6.07735
-2.32103 -6.07993
-2.32003 -6.08046
-2.31202 -6.08342
-2.30398 -6.08625
-2.29941 -6.08793
-2.29603 -6.08935
-2.28798 -6.09218
-2.28003 -6.09527
-2.27784 -6.09608
-2.27198 -6.0981
-2.26398 -6.10104
-2.25617 -6.10398
-2.25601 -6.10411
-2.24799 -6.107
-2.24 -6.10997
-2.23453 -6.11193
-2.23202 -6.113
-2.22403 -6.11598
-2.21677 -6.11858
