2.0519 -6.11831
2.05604 -6.11636
2.06398 -6.11229
2.06472 -6.11209
2.07196 -6.1083
2.08 -6.10443
2.0809 -6.10403
2.08801 -6.10051
2.09604 -6.09662
2.09708 -6.09599
2.10404 -6.09267
2.11204 -6.08871
2.11325 -6.08792
2.12002 -6.08474
2.12796 -6.08066
2.12952 -6.08005
2.13603 -6.07684
2.144 -6.07284
2.14566 -6.07193
2.15203 -6.06894
2.16003 -6.06499
2.16192 -6.06405
2.16802 -6.06104
2.17597 -6.05698
2.1781 -6.05599
2.18401 -6.0531
2.19197 -6.04908
2.19434 -6.04807
2.19996 -6.0451
2.20804 -6.04132
2.21051 -6.03999
2.21603 -6.03734
2.22403 -6.0334
2.22672 -6.03201
2.232 -6.02938
2.23999 -6.02542
2.24293 -6.02402
2.248 -6.02149
2.25603 -6.01761
2.25915 -6.01607
2.26399 -6.01358
2.27199 -6.00962
2.27528 -6.00792
2.28003 -6.00576
2.28801 -6.00176
2.29156 -6.00007
2.29601 -5.99781
2.30399 -5.99383
2.30776 -5.99206
2.31199 -5.98987
2.32002 -5.98599
2.32397 -5.98407
2.32802 -5.98202
2.33603 -5.9781
2.34014 -5.97601
2.34404 -5.97417
2.35202 -5.97018
2.35632 -5.96796
2.35997 -5.96614
2.36798 -5.96221
2.37252 -5.95994
2.376 -5.95829
2.38403 -5.9544
2.38876 -5.95202
2.39204 -5.95048
2.4 -5.94645
2.40499 -5.94408
2.40799 -5.94247
2.41598 -5.93851
2.42116 -5.93602
2.42399 -5.93457
2.43199 -5.93063
2.43737 -5.92803
2.44003 -5.92675
2.44796 -5.92267
2.4536 -5.92009
2.45596 -5.91871
2.46402 -5.91489
2.4698 -5.91207
2.47197 -5.91084
2.47997 -5.90688
2.48601 -5.90408
2.488 -5.903
2.49596 -5.89897
2.50221 -5.89608
2.50403 -5.89516
2.51201 -5.89116
2.51839 -5.88802
2.52001 -5.88722
2.52801 -5.88326
2.53458 -5.88
2.53597 -5.87923
2.54396 -5.87526
2.55081 -5.87205
2.55201 -5.87142
2.55999 -5.86743
2.56703 -5.86408
2.56797 -5.86344
2.57598 -5.85951
2.58318 -5.85599
2.58397 -5.85554
2.59201 -5.85166
2.59939 -5.848
2.6 -5.84771
2.60801 -5.84377
2.61561 -5.84003
2.61604 -5.83988
2.62402 -5.83589
2.63179 -5.83199
2.63199 -5.83188
2.64001 -5.82798
2.64303 -5.82641
2.64594 -5.82401
2.64802 -5.82227
2.6554 -5.81603
2.65604 -5.81552
2.66402 -5.80871
2.66474 -5.80793
2.67201 -5.80192
2.6742 -5.79995
2.68003 -5.79515
2.68364 -5.79197
2.688 -5.78833
2.6931 -5.78399
2.69599 -5.78154
2.70258 -5.77605
2.704 -5.77477
2.71203 -5.76807
2.71201 -5.76799
2.72001 -5.76121
2.72146 -5.76005
2.72794 -5.75434
2.73087 -5.75203
2.73594 -5.74756
2.74034 -5.74407
2.74394 -5.74077
2.74972 -5.73601
2.75197 -5.73402
2.75912 -5.72796
2.76001 -5.72729
2.76797 -5.72046
2.76854 -5.71995
2.77606 -5.71378
2.77796 -5.71193
2.78397 -5.70689
2.78749 -5.70404
2.79201 -5.70016
2.79684 -5.69594
2.79994 -5.69329
2.80632 -5.688
2.80798 -5.68655
2.81582 -5.68007
2.81603 -5.67983
2.824 -5.673
2.82514 -5.67194
2.83202 -5.66625
2.83466 -5.66404
2.84 -5.65944
2.84405 -5.65599
2.84805 -5.65272
2.85347 -5.64798
2.85599 -5.64586
2.86292 -5.64
2.86405 -5.63915
2.87194 -5.63223
2.87242 -5.63206
2.88002 -5.62555
2.88176 -5.62395
2.88803 -5.61878
2.89122 -5.61599
2.89602 -5.61198
2.90065 -5.60799
2.90403 -5.60521
2.91004 -5.59993
2.91198 -5.59836
2.91948 -5.59194
2.92005 -5.59167
2.92806 -5.5849
2.92897 -5.584
2.93599 -5.57802
2.93838 -5.57597
2.94398 -5.57123
2.94781 -5.56797
2.95198 -5.56445
2.9573 -5.56003
2.96005 -5.55774
2.96675 -5.55205
2.96799 -5.55089
2.97597 -5.54408
2.97613 -5.54399
2.98397 -5.5373
2.98551 -5.53593
2.99196 -5.5305
2.99505 -5.52805
3.00006 -5.52384
3.00446 -5.52002
3.00798 -5.51696
3.0139 -5.51203
3.01598 -5.51018
3.02328 -5.50397
3.02402 -5.50344
3.03199 -5.49662
3.03268 -5.49593
3.04002 -5.48987
3.04218 -5.48801
3.04798 -5.48303
3.05166 -5.48005
3.05602 -5.47631
3.0611 -5.47207
3.06401 -5.46951
3.07047 -5.46398
3.07198 -5.46269
3.07986 -5.45593
3.08002 -5.45595
3.08802 -5.44917
3.08933 -5.44797
3.09596 -5.44231
3.09873 -5.43994
3.10394 -5.43551
3.10817 -5.43194
3.11205 -5.42885
3.11769 -5.42405
3.11996 -5.42196
3.12708 -5.41599
3.12805 -5.41529
3.13601 -5.40845
3.13656 -5.40804
3.14395 -5.4016
3.14593 -5.39998
3.15202 -5.3949
3.15537 -5.39198
3.16002 -5.38812
3.16481 -5.38398
3.16796 -5.38126
3.17428 -5.37602
3.17602 -5.37454
3.18365 -5.36795
3.18403 -5.36778
3.19194 -5.36089
3.19309 -5.35995
3.20006 -5.35424
3.20261 -5.35206
3.20806 -5.34746
3.21197 -5.34397
3.21604 -5.34065
3.2214 -5.33597
3.22405 -5.33388
3.23087 -5.328
3.23201 -5.32705
3.24004 -5.3203
3.24033 -5.32004
3.24801 -5.31348
3.24977 -5.31204
3.25597 -5.30665
3.25919 -5.30403
3.26397 -5.29987
3.26856 -5.29595
3.27203 -5.29315
3.27808 -5.28806
3.27999 -5.28632
3.28744 -5.27996
3.28801 -5.27957
3.29606 -5.27283
3.29685 -5.27193
3.30396 -5.26594
3.30634 -5.26401
3.31195 -5.25914
3.31578 -5.25601
3.32004 -5.25246
3.32515 -5.24793
3.32794 -5.24556
3.33468 -5.24005
3.33599 -5.23883
3.34401 -5.23208
3.34406 -5.23198
3.35194 -5.22521
3.35345 -5.22392
3.35999 -5.21849
3.36294 -5.21599
3.368 -5.21171
3.37235 -5.20797
3.37597 -5.2049
3.38178 -5.19996
3.38406 -5.19821
3.39119 -5.19193
3.39194 -5.19129
3.40005 -5.18463
3.40074 -5.18406
3.40794 -5.17773
3.41014 -5.17603
3.41597 -5.17097
3.41949 -5.16793
3.42405 -5.16429
3.429 -5.16002
3.43198 -5.15741
3.43847 -5.15207
3.44001 -5.15067
3.44323 -5.14792
3.44639 -5.14399
3.44796 -5.14199
3.44935 -5.14046
3.45256 -5.13602
3.45603 -5.13133
3.45838 -5.12796
3.46397 -5.12042
3.46431 -5.11999
3.47015 -5.11196
3.47151 -5.11017
3.47203 -5.10945
3.47527 -5.10397
3.48007 -5.09637
3.48021 -5.09601
3.48431 -5.08917
3.48498 -5.08804
3.48716 -5.08328
3.48752 -5.07998
3.48796 -5.07763
3.48816 -5.07618
3.48813 -5.072
3.48815 -5.064
3.48808 -5.056
3.48806 -5.048
3.48794 -5.04
3.48802 -5.03711
3.48806 -5.032
3.48788 -5.024
3.48792 -5.016
3.48774 -5.008
3.4878 -5
3.48766 -4.992
3.48766 -4.984
3.4876 -4.976
3.48751 -4.968
3.48744 -4.96
3.48757 -4.952
3.48748 -4.944
3.48744 -4.936
3.48729 -4.928
3.48728 -4.92
3.48727 -4.912
3.48713 -4.904
3.48712 -4.896
3.48716 -4.888
3.48698 -4.88
3.48702 -4.872
3.48685 -4.864
3.48691 -4.856
3.48682 -4.848
3.48686 -4.84
3.48673 -4.83203
3.48674 -4.83198
3.48399 -4.829
3.48002 -4.82485
3.47916 -4.82398
3.47868 -4.82348
3.472 -4.81706
3.4709 -4.81602
3.47012 -4.81513
3.46394 -4.80939
3.46264 -4.80797
3.46188 -4.80733
3.45597 -4.80173
3.45426 -4.79995
3.44797 -4.79412
3.4471 -4.79315
3.44582 -4.79198
3.43993 -4.78659
3.43738 -4.78396
3.4344 -4.78125
3.43201 -4.77895
3.4289 -4.77594
3.42398 -4.77146
3.42031 -4.76802
3.41598 -4.76395
3.41184 -4.75997
3.41032 -4.75871
3.40803 -4.75645
3.40303 -4.75207
3.4 -4.74918
3.39427 -4.74406
3.39206 -4.74182
3.38555 -4.73602
3.38401 -4.73456
3.37678 -4.72802
3.37598 -4.72729
3.36801 -4.72003
3.36795 -4.72002
3.35995 -4.71271
3.35921 -4.71207
3.35198 -4.70537
3.35057 -4.70395
3.34402 -4.69802
3.34173 -4.69603
3.33603 -4.69072
3.33306 -4.68793
3.32797 -4.68348
3.32428 -4.67995
3.32006 -4.67607
3.31553 -4.67193
3.31196 -4.66887
3.30666 -4.66405
3.30399 -4.66154
3.29793 -4.65602
3.29605 -4.65417
3.2892 -4.64799
3.28805 -4.64687
3.28046 -4.63996
3.28001 -4.63961
3.27197 -4.63234
3.27168 -4.63198
3.26405 -4.62495
3.26295 -4.62394
3.25605 -4.61765
3.25419 -4.61594
3.24805 -4.61034
3.24536 -4.60801
3.24005 -4.60304
3.23657 -4.60005
3.23196 -4.59583
3.22787 -4.59198
3.224 -4.58849
3.21905 -4.58404
3.21601 -4.58116
3.21037 -4.57596
3.20794 -4.57394
3.20163 -4.56793
3.19998 -4.56659
3.19277 -4.56004
3.19203 -4.55923
3.18403 -4.55201
3.18402 -4.55194
3.17594 -4.54472
3.17522 -4.54407
3.16794 -4.53742
3.16648 -4.53604
3.16005 -4.52999
3.15773 -4.52803
3.15194 -4.52281
3.14899 -4.52001
3.14396 -4.51549
3.14029 -4.51194
3.13606 -4.50807
3.13154 -4.50393
3.12805 -4.50078
3.12277 -4.49593
3.11993 -4.4936
3.11396 -4.48798
3.11194 -4.48628
3.10525 -4.47993
3.10405 -4.47886
3.09637 -4.47206
3.09593 -4.47168
3.08795 -4.46436
3.08772 -4.46393
3.08001 -4.45699
3.07892 -4.45598
3.07203 -4.44967
3.07014 -4.448
3.06399 -4.4424
3.06141 -4.43997
3.05603 -4.43505
3.0526 -4.43202
3.04804 -4.42774
3.04385 -4.424
3.04005 -4.42043
3.03504 -4.41605
3.03204 -4.41313
3.02639 -4.40794
3.024 -4.40587
3.0176 -4.39996
3.01603 -4.39853
3.00885 -4.39195
3.00805 -4.39121
3.00003 -4.38401
2.99994 -4.38403
2.99196 -4.37669
2.99131 -4.37597
2.98394 -4.36941
2.98249 -4.36804
2.97593 -4.36212
2.97381 -4.35995
2.96807 -4.35467
2.96494 -4.35206
2.95998 -4.34745
2.95626 -4.34397
2.95201 -4.34012
2.94742 -4.33606
2.94403 -4.33279
2.93872 -4.328
2.93602 -4.3255
2.9299 -4.32005
2.92802 -4.31819
2.92117 -4.31202
2.92006 -4.31084
2.91239 -4.30404
2.91196 -4.30365
2.90403 -4.29627
2.90365 -4.29602
2.89595 -4.28906
2.89488 -4.28803
2.88806 -4.28162
2.88616 -4.27998
2.87999 -4.27441
2.87736 -4.27202
2.87204 -4.26704
2.86863 -4.26399
2.86401 -4.25977
2.85982 -4.25604
2.85603 -4.25245
2.85103 -4.24807
2.84806 -4.24511
2.84238 -4.23995
2.84006 -4.2378
2.83355 -4.23203
2.832 -4.23056
2.82476 -4.22406
2.82397 -4.22329
2.81603 -4.21602
2.81597 -4.21599
2.80806 -4.20858
2.8073 -4.20798
2.79998 -4.20137
2.79859 -4.19993
2.79197 -4.19408
2.78976 -4.192
2.78393 -4.18681
2.78102 -4.18398
2.77602 -4.17941
2.77218 -4.17607
2.76802 -4.1721
2.76353 -4.16794
2.76 -4.16482
2.75465 -4.16007
2.75207 -4.15745
2.74593 -4.15203
2.74398 -4.15024
2.73724 -4.14395
2.73597 -4.14295
2.72844 -4.13599
2.72797 -4.13564
2.72002 -4.12828
2.71965 -4.12802
2.71198 -4.12102
2.71095 -4.11995
2.70403 -4.11366
2.7022 -4.11194
2.69602 -4.10636
2.69345 -4.10393
2.688 -4.09908
2.68465 -4.09597
2.68004 -4.09174
2.67589 -4.08797
2.67193 -4.08455
2.66715 -4.07995
2.66397 -4.0772
2.6583 -4.07204
2.65595 -4.06992
2.64957 -4.06401
2.64807 -4.06249
2.64077 -4.05605
2.63999 -4.05527
2.63205 -4.04801
2.63205 -4.04789
2.62395 -4.0407
2.62326 -4.04003
2.61596 -4.03339
2.61456 -4.03196
2.60805 -4.02598
2.60582 -4.02395
2.60005 -4.01868
2.59697 -4.01604
2.59195 -4.01148
2.58822 -4.00803
2.58401 -4.00411
2.5795 -3.99999
2.57595 -3.99688
2.57074 -3.99198
2.56799 -3.98953
2.56193 -3.98403
2.55997 -3.98225
2.55313 -3.97607
2.55201 -3.9749
2.54442 -3.96802
2.54398 -3.96762
2.53601 -3.96029
2.53573 -3.95994
2.52806 -3.95293
2.52685 -3.95207
2.52004 -3.94565
2.51817 -3.94398
2.51205 -3.93833
2.50943 -3.93596
2.50396 -3.93112
2.50056 -3.92807
2.49603 -3.92374
2.49191 -3.91995
2.48804 -3.91643
2.48311 -3.91199
2.47999 -3.90918
2.47428 -3.90406
2.47204 -3.90182
2.46562 -3.89595
2.464 -3.89456
2.45678 -3.88804
2.456 -3.88726
2.44812 -3.87993
2.44801 -3.87994
2.44001 -3.87263
2.43923 -3.87207
2.43206 -3.86527
2.43052 -3.86402
2.42397 -3.85807
2.42177 -3.856
2.41596 -3.85077
2.41295 -3.84806
2.40804 -3.84339
2.4042 -3.84005
2.39994 -3.83618
2.39551 -3.83198
2.39194 -3.82888
2.3867 -3.82403
2.38402 -3.82149
2.37802 -3.81593
2.376 -3.81421
2.36922 -3.80798
2.36805 -3.80685
2.36048 -3.79996
2.35998 -3.79962
2.35204 -3.79225
2.35168 -3.792
2.34396 -3.78503
2.34289 -3.78403
2.33598 -3.7777
2.33421 -3.77594
2.32798 -3.7704
2.32533 -3.76807
2.31998 -3.7631
2.31658 -3.76006
2.31204 -3.75573
2.30787 -3.752
2.30396 -3.74851
2.29913 -3.74397
2.29601 -3.74115
2.29038 -3.73596
2.28805 -3.7338
2.28153 -3.72806
2.27995 -3.72661
2.27284 -3.71998
2.27206 -3.71918
2.26401 -3.71206
2.26401 -3.71194
2.25599 -3.70465
2.2553 -3.704
2.24803 -3.6973
2.24652 -3.69602
2.24003 -3.69
2.23779 -3.68798
2.23205 -3.68268
2.229 -3.68001
2.22406 -3.67535
2.22027 -3.67198
2.21602 -3.6681
2.21146 -3.66404
2.20798 -3.66084
2.20277 -3.65596
2.20005 -3.65345
2.19396 -3.64801
2.19202 -3.64618
2.18514 -3.64007
2.18399 -3.63891
2.1765 -3.63193
2.17601 -3.63159
2.16795 -3.62434
2.16764 -3.62404
2.15993 -3.61706
2.15891 -3.61601
2.15196 -3.60973
2.15016 -3.60799
2.14397 -3.60242
2.14143 -3.59997
2.13597 -3.59511
2.13269 -3.59194
2.12794 -3.58783
2.12389 -3.58398
2.12001 -3.58045
2.11511 -3.576
2.11205 -3.57311
2.10638 -3.56796
2.10402 -3.56583
2.09755 -3.56004
2.09595 -3.55861
2.08885 -3.55198
2.08807 -3.55117
2.08003 -3.54403
2.07997 -3.54397
2.07201 -3.53663
2.07126 -3.53604
2.06402 -3.52931
2.06258 -3.52796
2.05602 -3.52201
2.05371 -3.52007
2.04804 -3.51468
2.04499 -3.51203
2.04 -3.50742
2.03631 -3.50394
2.03202 -3.5001
2.02745 -3.49605
2.02407 -3.49274
2.01878 -3.48795
2.01603 -3.48547
2.00995 -3.48002
2.00806 -3.47814
2.00116 -3.47205
1.99998 -3.47093
1.99243 -3.46401
1.992 -3.4636
1.98397 -3.45632
1.98363 -3.45606
1.97595 -3.44904
1.97488 -3.44804
1.96804 -3.44164
1.96615 -3.44001
1.95996 -3.43442
1.95734 -3.43207
1.95196 -3.42711
1.94859 -3.42405
1.94394 -3.41983
1.93989 -3.41598
1.936 -3.41246
1.93112 -3.40799
1.92797 -3.40519
1.92232 -3.40004
1.91995 -3.3979
1.91356 -3.39204
1.91195 -3.3906
1.90487 -3.38395
1.90401 -3.38323
1.89601 -3.37606
1.89595 -3.376
1.888 -3.36863
1.88736 -3.36793
1.88002 -3.36131
1.8785 -3.36005
1.87201 -3.35402
1.86975 -3.35203
1.86401 -3.34671
1.86103 -3.34399
1.856 -3.33942
1.85229 -3.33596
1.84798 -3.33214
1.84347 -3.32803
1.83999 -3.32482
1.83476 -3.31997
1.83201 -3.31749
1.82594 -3.31203
1.82398 -3.31022
1.81717 -3.30405
1.81605 -3.30285
1.80851 -3.29594
1.80797 -3.29563
1.79997 -3.28832
1.79975 -3.28793
1.79203 -3.28095
1.79086 -3.28007
1.784 -3.27368
1.78213 -3.27204
1.77606 -3.26631
1.77334 -3.26407
1.76806 -3.259
1.7646 -3.25604
1.76002 -3.25174
1.75592 -3.24795
1.75204 -3.24442
1.74708 -3.24004
1.74401 -3.23714
1.73835 -3.23201
1.736 -3.22985
1.72959 -3.224
1.72799 -3.22255
1.72087 -3.21595
1.72004 -3.2152
1.71204 -3.20803
1.712 -3.20794
1.70395 -3.20069
1.70326 -3.20005
1.69597 -3.19336
1.69458 -3.19197
1.68803 -3.18599
1.68574 -3.18405
1.67997 -3.17875
1.67709 -3.17593
1.67199 -3.17143
1.66832 -3.16794
1.664 -3.16411
1.65953 -3.15997
1.65605 -3.15675
1.65067 -3.15207
1.64801 -3.14949
1.64204 -3.14393
1.63999 -3.14221
1.63318 -3.13603
1.63199 -3.1349
1.62445 -3.12801
1.62395 -3.12765
1.61601 -3.12027
1.61566 -3.12004
1.60797 -3.11301
1.60697 -3.11195
1.59994 -3.10574
1.59821 -3.10395
1.59198 -3.09839
1.58946 -3.09594
1.58399 -3.09107
1.58058 -3.08807
1.57598 -3.08379
1.5719 -3.07998
1.56799 -3.07647
1.56307 -3.07206
1.56002 -3.06913
1.55442 -3.06393
1.55206 -3.06178
1.54556 -3.05604
1.54395 -3.0546
1.53687 -3.04797
1.53605 -3.04719
1.52811 -3.03995
1.52799 -3.03994
1.52006 -3.03256
1.51926 -3.03206
1.51199 -3.02533
1.51053 -3.02402
1.50396 -3.01806
1.50174 -3.01605
1.49607 -3.01064
1.49305 -3.00797
1.48797 -3.00344
1.48429 -2.99997
1.47995 -2.99616
1.47556 -2.99193
1.47204 -2.98876
1.46677 -2.98396
1.46406 -2.98143
1.45791 -2.97607
1.45606 -2.97412
1.44917 -2.96805
1.44794 -2.96696
1.44042 -2.96004
1.43993 -2.95966
1.43204 -2.95223
1.4317 -2.95199
1.424 -2.94498
1.42293 -2.944
1.41605 -2.93762
1.41412 -2.93605
1.40803 -2.93034
1.40536 -2.92805
1.39995 -2.92312
1.39671 -2.91993
1.39195 -2.91581
1.38787 -2.91201
1.38394 -2.90851
1.37911 -2.90402
1.37602 -2.90112
1.37037 -2.89599
1.36806 -2.89378
1.36157 -2.88803
1.35998 -2.88657
1.35281 -2.88003
1.35199 -2.87924
1.34403 -2.87205
1.34398 -2.87195
1.33602 -2.8646
1.33533 -2.86399
1.32798 -2.85735
1.32658 -2.85597
1.32007 -2.84994
1.31784 -2.84795
1.31201 -2.8427
1.30897 -2.84007
1.30402 -2.83539
1.30031 -2.83196
1.296 -2.82811
1.2915 -2.82401
1.28796 -2.82084
1.28278 -2.81596
1.27994 -2.81356
1.27403 -2.80795
1.27196 -2.80624
1.26518 -2.80004
1.26404 -2.79885
1.25641 -2.79206
1.25595 -2.79164
1.24798 -2.7843
1.24765 -2.78405
1.23999 -2.77698
1.23892 -2.77602
1.23205 -2.76961
1.23016 -2.76801
1.22406 -2.7623
1.22139 -2.76002
1.21599 -2.75507
1.21261 -2.75205
1.20805 -2.7477
1.20389 -2.744
1.19999 -2.74046
1.19516 -2.73596
1.19196 -2.73319
1.18638 -2.72799
1.18404 -2.7258
1.17757 -2.72003
1.17606 -2.71847
1.1688 -2.71204
1.16798 -2.71126
1.16002 -2.70407
1.16004 -2.70389
1.15204 -2.69658
1.15137 -2.69594
1.14394 -2.68939
1.14252 -2.68804
1.13599 -2.68203
1.13381 -2.67998
1.12804 -2.67467
1.12501 -2.67202
1.11994 -2.66747
1.11634 -2.66393
1.11202 -2.66008
1.10755 -2.65595
1.10405 -2.65274
1.09879 -2.64795
1.09598 -2.64552
1.09004 -2.63994
1.08805 -2.63814
1.0812 -2.63202
1.08005 -2.63083
1.07248 -2.62398
1.07199 -2.62359
1.06401 -2.61626
1.06371 -2.61599
1.05594 -2.60904
1.05488 -2.60806
1.04799 -2.60168
1.04616 -2.60002
1.04003 -2.59433
1.03738 -2.59204
1.03195 -2.58711
1.02863 -2.58402
1.02401 -2.57975
1.01987 -2.57603
1.01602 -2.57242
1.01114 -2.56799
1.00806 -2.56508
1.00234 -2.56003
1.00004 -2.55779
0.993589 -2.55202
0.991964 -2.55057
0.984874 -2.54397
0.983958 -2.54328
0.976126 -2.53595
0.976061 -2.53586
0.96806 -2.52855
0.967381 -2.52793
0.960055 -2.52126
0.958505 -2.52006
0.952002 -2.51401
0.949858 -2.51193
0.943962 -2.50675
0.941102 -2.50393
0.936022 -2.49938
0.932247 -2.49603
0.92799 -2.49211
0.923501 -2.48801
0.920032 -2.48476
0.914783 -2.47996
0.91198 -2.47751
0.906017 -2.47197
0.903934 -2.47026
0.897248 -2.46398
0.896063 -2.46281
0.888466 -2.456
0.888037 -2.45554
0.880008 -2.44826
0.879752 -2.44795
0.871954 -2.44102
0.870895 -2.44005
0.863968 -2.4337
0.862154 -2.43203
0.856023 -2.42633
0.853411 -2.42401
0.84804 -2.41901
0.844616 -2.41604
0.839939 -2.41182
0.83585 -2.40805
0.832047 -2.40439
0.827145 -2.39999
0.824043 -2.39709
0.81833 -2.39204
0.815944 -2.3899
0.809645 -2.38396
0.807977 -2.38256
0.800902 -2.37594
0.800032 -2.37519
0.792035 -2.36806
0.791939 -2.36799
0.784017 -2.3606
0.783391 -2.35993
0.775935 -2.35338
0.7745 -2.35207
0.767969 -2.34604
0.765843 -2.34395
0.760047 -2.33865
0.757053 -2.33598
0.752003 -2.3314
0.748219 -2.32806
0.744038 -2.32405
0.739582 -2.31993
0.735995 -2.3168
0.730703 -2.31206
0.728033 -2.30945
0.721966 -2.30403
0.719971 -2.30221
0.713177 -2.29606
0.712005 -2.29487
0.704451 -2.28802
0.704065 -2.2875
0.696062 -2.2802
0.69574 -2.27996
0.688045 -2.27292
0.686879 -2.27207
0.680024 -2.26563
0.678233 -2.26395
0.671968 -2.25839
0.669463 -2.25595
0.663975 -2.25108
0.660697 -2.24796
0.655992 -2.24375
0.651895 -2.24
0.648051 -2.23639
0.643088 -2.23205
0.640005 -2.22913
0.634431 -2.22394
0.631949 -2.22189
0.625669 -2.21594
0.623937 -2.2146
0.616915 -2.20793
0.616053 -2.20716
0.608151 -2.19993
0.608008 -2.19991
0.600044 -2.19257
0.599282 -2.19205
0.592037 -2.18527
0.590504 -2.18407
0.589225 -2.18281
0.583973 -2.17804
0.58185 -2.17594
0.578703 -2.17306
0.576013 -2.17092
0.57243 -2.16804
0.567964 -2.16434
0.562765 -2.16007
0.559984 -2.15768
0.553179 -2.15201
0.551946 -2.15108
0.543966 -2.14442
0.543563 -2.14398
0.536005 -2.13773
0.533962 -2.13593
0.527944 -2.13117
0.524279 -2.12798
0.520046 -2.12441
0.514624 -2.12
0.511984 -2.11784
0.504992 -2.11199
0.503983 -2.1112
0.49601 -2.10453
0.495381 -2.10396
0.487964 -2.09795
0.485748 -2.09595
0.479967 -2.0913
0.476036 -2.08804
0.471996 -2.08463
0.466431 -2.07999
0.463988 -2.078
0.456733 -2.07207
0.455959 -2.0714
0.448003 -2.0647
0.447186 -2.06395
0.440034 -2.05803
0.437447 -2.05607
0.431969 -2.05147
0.427879 -2.04799
0.423939 -2.04486
0.41825 -2.03998
0.415959 -2.0382
0.408595 -2.03199
0.408021 -2.03148
0.399937 -2.02495
0.398957 -2.02399
0.392055 -2.01817
0.389352 -2.01595
0.384018 -2.01157
0.379656 -2.00802
0.376037 -2.00491
0.37008 -1.99994
0.367956 -1.99837
0.360402 -1.99199
0.360032 -1.99164
0.352011 -1.98502
0.350787 -1.98396
0.344043 -1.97834
0.341116 -1.976
0.336003 -1.97175
0.331484 -1.96799
0.327942 -1.96519
0.321863 -1.95996
0.319977 -1.95851
0.312216 -1.95197
0.311942 -1.95191
0.303981 -1.94522
0.302599 -1.94395
0.295937 -1.93864
0.292866 -1.93606
0.288007 -1.93191
0.283249 -1.92803
0.279982 -1.9253
0.273693 -1.91993
0.271983 -1.91866
0.263987 -1.91202
0.263942 -1.91206
0.255941 -1.90544
0.254309 -1.90406
0.248026 -1.89869
0.244773 -1.89593
0.240048 -1.89203
0.235029 -1.88806
0.231966 -1.88549
0.225454 -1.87998
0.223981 -1.87883
0.216001 -1.87217
0.215827 -1.87196
0.207975 -1.86556
0.20617 -1.86399
0.200037 -1.85885
0.196501 -1.85602
0.192034 -1.85221
0.186858 -1.84802
0.184021 -1.84559
0.177286 -1.83994
0.17599 -1.83898
0.167959 -1.83238
0.167581 -1.83202
0.159968 -1.82573
0.157909 -1.82406
0.151994 -1.81906
0.148291 -1.81604
0.144021 -1.81239
0.138628 -1.80806
0.13599 -1.80579
0.12902 -1.80003
0.128006 -1.79913
0.119987 -1.79251
0.119456 -1.79193
0.112064 -1.78578
0.109714 -1.78406
0.104043 -1.77917
0.100059 -1.77608
0.096028 -1.77255
0.0904689 -1.76802
0.0879992 -1.76594
0.0807827 -1.76007
0.0800417 -1.75925
0.0719635 -1.7527
0.0711454 -1.75207
0.0639904 -1.74603
0.0615212 -1.74405
0.0560384 -1.73934
0.0519431 -1.73598
0.0480259 -1.73271
0.0423148 -1.72796
0.0400037 -1.7261
0.0325969 -1.72006
0.031955 -1.71952
0.0240224 -1.7128
0.0230298 -1.71197
0.0159903 -1.7062
0.0133857 -1.70398
0.00804617 -1.69949
0.00373324 -1.69599
-2.08384e-05 -1.69293
-0.0059018 -1.68799
-0.00797071 -1.68623
-0.0155255 -1.67997
-0.0160446 -1.67968
-0.0239921 -1.67298
-0.0251474 -1.67195
-0.0319416 -1.66628
-0.0348651 -1.66404
-0.0399362 -1.65963
-0.0445165 -1.65605
-0.047988 -1.65306
-0.0541279 -1.64802
-0.0559484 -1.64637
-0.0637297 -1.63997
-0.0639825 -1.63977
-0.0719997 -1.63315
-0.0733622 -1.63197
-0.0799958 -1.62651
-0.0829767 -1.62394
-0.0879566 -1.61982
-0.0895127 -1.61858
-0.096 -1.61856
-0.104 -1.61864
-0.112 -1.61867
-0.12 -1.6186
-0.128 -1.6187
-0.136 -1.61857
-0.144 -1.6187
-0.152 -1.61871
-0.16 -1.61861
-0.168 -1.61857
-0.176 -1.61867
-0.184 -1.61856
-0.192 -1.61853
-0.2 -1.61856
-0.208 -1.61868
-0.212297 -1.61856
-0.216015 -1.62162
-0.218922 -1.62402
-0.22404 -1.62801
-0.228838 -1.63208
-0.231981 -1.63451
-0.238827 -1.64004
-0.24001 -1.64091
-0.247948 -1.64741
-0.248771 -1.64806
-0.255951 -1.65383
-0.258832 -1.65593
-0.263974 -1.66023
-0.268711 -1.66402
-0.272055 -1.66656
-0.278651 -1.67205
-0.279967 -1.6731
-0.288046 -1.67942
-0.288639 -1.68001
-0.296025 -1.68588
-0.298638 -1.68796
-0.304039 -1.69229
-0.308603 -1.69595
-0.311981 -1.69879
-0.318461 -1.70407
-0.320025 -1.70516
-0.328025 -1.71159
-0.328434 -1.71205
-0.33599 -1.71806
-0.338482 -1.71994
-0.343942 -1.72455
-0.348447 -1.72793
-0.352043 -1.73085
-0.358376 -1.73596
-0.360003 -1.73732
-0.368026 -1.74372
-0.368314 -1.74399
-0.37597 -1.75022
-0.378259 -1.752
-0.384007 -1.7566
-0.388198 -1.76003
-0.39195 -1.7631
-0.398181 -1.768
-0.400056 -1.76939
-0.407994 -1.7759
-0.408155 -1.77597
-0.415971 -1.78235
-0.418031 -1.78408
-0.423986 -1.78876
-0.428086 -1.79196
-0.432049 -1.79511
-0.437968 -1.80005
-0.439961 -1.80165
-0.447903 -1.80808
-0.448029 -1.80799
-0.456009 -1.81444
-0.457974 -1.81594
-0.463981 -1.82091
-0.467922 -1.82395
-0.472046 -1.82725
-0.477869 -1.83196
-0.479946 -1.8338
-0.487834 -1.83995
-0.48796 -1.84021
-0.496036 -1.84655
-0.497691 -1.84808
-0.504043 -1.85297
-0.507731 -1.85597
-0.512005 -1.85944
-0.517678 -1.86399
-0.519993 -1.86588
-0.527592 -1.87204
-0.527957 -1.87236
-0.535998 -1.87873
-0.537599 -1.87998
-0.544058 -1.88508
-0.547493 -1.88806
-0.551945 -1.89165
-0.557447 -1.89606
-0.559991 -1.89802
-0.567407 -1.90406
-0.567977 -1.90447
-0.576003 -1.91086
-0.577359 -1.91207
-0.583989 -1.91731
-0.587364 -1.92001
-0.591977 -1.92375
-0.597288 -1.92805
-0.599958 -1.9302
-0.607234 -1.93606
-0.607949 -1.93664
-0.616016 -1.94298
-0.617238 -1.94401
-0.62406 -1.94935
-0.627158 -1.95205
-0.631971 -1.95589
-0.637106 -1.96006
-0.639946 -1.96235
-0.647069 -1.96806
-0.647948 -1.96878
-0.655959 -1.97519
-0.657108 -1.97596
-0.664042 -1.98151
-0.667087 -1.98393
-0.671938 -1.98807
-0.677028 -1.99195
-0.680043 -1.99437
-0.686993 -1.99994
-0.687996 -2.00085
-0.695991 -2.00729
-0.696888 -2.00802
-0.704011 -2.01369
-0.706851 -2.01601
-0.71195 -2.02019
-0.716794 -2.02403
-0.720033 -2.02652
-0.726787 -2.03199
-0.728043 -2.03293
-0.735979 -2.03944
-0.736794 -2.03992
-0.74397 -2.04588
-0.746748 -2.04793
-0.751995 -2.05227
-0.756635 -2.05602
-0.760046 -2.05864
-0.766565 -2.06405
-0.768054 -2.06505
-0.776043 -2.07149
-0.776621 -2.07193
-0.783985 -2.07799
-0.786494 -2.08003
-0.791974 -2.08444
-0.796495 -2.08798
-0.799969 -2.09087
-0.806423 -2.09602
-0.807957 -2.09731
-0.815984 -2.1037
-0.816366 -2.10403
-0.82406 -2.11004
-0.826294 -2.11207
-0.831958 -2.11659
-0.836352 -2.11994
-0.839986 -2.12298
-0.846253 -2.12802
-0.848057 -2.12932
-0.855974 -2.13585
-0.856237 -2.13598
-0.864022 -2.14222
-0.866198 -2.14398
-0.871975 -2.14871
-0.876099 -2.15205
-0.879943 -2.15517
-0.886152 -2.15993
-0.888006 -2.16152
-0.896004 -2.16795
-0.896082 -2.16796
-0.904041 -2.17433
-0.90595 -2.17607
-0.911943 -2.18088
-0.915931 -2.18405
-0.919995 -2.18725
-0.925892 -2.19204
-0.927977 -2.1937
-0.935874 -2.20001
-0.935965 -2.19996
-0.935946 -2.20016
-0.94404 -2.20707
-0.945008 -2.20799
-0.951975 -2.21417
-0.954166 -2.21595
-0.959947 -2.22122
-0.963259 -2.22397
-0.968021 -2.22816
-0.972306 -2.23205
-0.976012 -2.23519
-0.981448 -2.24002
-0.983972 -2.24225
-0.990542 -2.24805
-0.991945 -2.2493
-0.999712 -2.25599
-0.999936 -2.25633
-1.00803 -2.26325
-1.00881 -2.26401
-1.016 -2.2703
-1.01798 -2.27195
-1.02406 -2.27726
-1.02702 -2.28003
-1.032 -2.28434
-1.0362 -2.28796
-1.03999 -2.29137
-1.0453 -2.29599
-1.04804 -2.29834
-1.05434 -2.30407
-1.05596 -2.30545
-1.06345 -2.31207
-1.06405 -2.31237
-1.07195 -2.3195
-1.0726 -2.32004
-1.08 -2.32646
-1.08174 -2.32802
-1.08805 -2.33342
-1.09093 -2.33593
-1.09606 -2.34044
-1.09994 -2.34405
-1.10401 -2.34752
-1.10911 -2.352
-1.11205 -2.35449
-1.11819 -2.36003
-1.11996 -2.3616
-1.12728 -2.36807
-1.12804 -2.36854
-1.13596 -2.37565
-1.13643 -2.37603
-1.144 -2.38262
-1.14562 -2.38394
-1.15194 -2.38971
-1.15472 -2.39196
-1.15995 -2.39672
-1.16378 -2.40002
-1.16802 -2.40366
-1.17291 -2.40801
-1.17596 -2.41075
-1.18205 -2.41598
-1.184 -2.41772
-1.19117 -2.42398
-1.19205 -2.42468
-1.20005 -2.43171
-1.2003 -2.43197
-1.20796 -2.43884
-1.20944 -2.43994
-1.21603 -2.44577
-1.21856 -2.44793
-1.22403 -2.45279
-1.22766 -2.45595
-1.23202 -2.45983
-1.23676 -2.46397
-1.24003 -2.46683
-1.24588 -2.47196
-1.248 -2.47389
-1.25493 -2.48004
-1.25596 -2.48095
-1.26402 -2.48791
-1.26415 -2.48793
-1.27203 -2.49491
-1.27317 -2.49604
-1.28005 -2.5019
-1.28225 -2.50407
-1.28799 -2.509
-1.29149 -2.51193
-1.296 -2.516
-1.30058 -2.51996
-1.30401 -2.52302
-1.30963 -2.52804
-1.31196 -2.53009
-1.31882 -2.53596
-1.31999 -2.53708
-1.32786 -2.54404
-1.32805 -2.54404
-1.33603 -2.55107
-1.33702 -2.552
-1.34395 -2.55819
-1.3461 -2.56004
-1.35199 -2.56516
-1.35531 -2.56793
-1.36 -2.57217
-1.36432 -2.57605
-1.36807 -2.57911
-1.37343 -2.58406
-1.37605 -2.58615
-1.3826 -2.592
-1.384 -2.59323
-1.39174 -2.59997
-1.39206 -2.60018
-1.39996 -2.60731
-1.40088 -2.60795
-1.40799 -2.6143
-1.40993 -2.61603
-1.41599 -2.62133
-1.41907 -2.62399
-1.42398 -2.62835
-1.42824 -2.63194
-1.43196 -2.63539
-1.43733 -2.63996
-1.44003 -2.64233
-1.44638 -2.64804
-1.448 -2.6494
-1.45547 -2.65607
-1.45594 -2.65648
-1.46401 -2.66342
-1.46464 -2.66401
-1.47205 -2.67039
-1.47372 -2.67205
-1.47998 -2.6775
-1.48294 -2.67993
-1.48802 -2.68447
-1.49205 -2.68794
-1.49594 -2.69158
-1.50111 -2.696
-1.50393 -2.69861
-1.5102 -2.70403
-1.51202 -2.70553
-1.51936 -2.71198
-1.52005 -2.71252
-1.52801 -2.71958
-1.52843 -2.72004
-1.53603 -2.72658
-1.5376 -2.72798
-1.544 -2.73363
-1.54672 -2.73597
-1.55195 -2.74071
-1.55576 -2.74406
-1.56002 -2.74765
-1.56488 -2.75205
-1.568 -2.75469
-1.5741 -2.75994
-1.57603 -2.76168
-1.58318 -2.76798
-1.58404 -2.76869
-1.59201 -2.77574
-1.59222 -2.77607
-1.59997 -2.78281
-1.60137 -2.78403
-1.60803 -2.78976
-1.61048 -2.79204
-1.616 -2.79682
-1.61965 -2.79998
-1.62399 -2.80384
-1.62869 -2.80807
-1.63199 -2.81086
-1.63782 -2.81606
-1.64007 -2.8178
-1.64693 -2.82406
-1.64795 -2.82495
-1.65603 -2.83188
-1.65605 -2.83205
-1.66395 -2.83899
-1.66525 -2.83996
-1.67196 -2.846
-1.67434 -2.84799
-1.68006 -2.8529
-1.68345 -2.856
-1.68805 -2.85994
-1.69263 -2.86393
-1.69602 -2.86699
-1.70171 -2.87197
-1.70402 -2.87401
-1.71077 -2.88003
-1.71199 -2.88106
-1.71994 -2.88797
-1.72004 -2.88802
-1.72798 -2.89512
-1.72902 -2.89602
-1.736 -2.90211
-1.73809 -2.90407
-1.744 -2.90914
-1.74728 -2.91199
-1.75194 -2.91623
-1.75634 -2.92005
-1.76001 -2.92316
-1.76551 -2.92798
-1.76796 -2.93025
-1.77457 -2.93605
-1.77606 -2.93714
-1.78369 -2.94405
-1.78394 -2.9443
-1.79202 -2.95123
-1.79286 -2.95199
-1.80004 -2.95823
-1.80192 -2.96005
-1.808 -2.9653
-1.81111 -2.96797
-1.81599 -2.97233
-1.82024 -2.97595
-1.82403 -2.97931
-1.82932 -2.984
-1.83202 -2.98633
-1.83841 -2.99202
-1.83997 -2.99341
-1.84756 -2.99998
-1.84796 -3.00044
-1.85603 -3.00738
-1.85671 -3.00794
-1.86406 -3.01436
-1.86583 -3.01595
-1.87203 -3.02143
-1.87485 -3.02405
-1.88003 -3.02845
-1.88404 -3.03197
-1.888 -3.0355
-1.89318 -3.03995
-1.896 -3.04251
-1.90225 -3.04799
-1.90398 -3.04956
-1.91141 -3.05594
-1.91195 -3.05662
-1.92002 -3.06356
-1.92049 -3.06399
-1.92795 -3.07065
-1.92954 -3.07207
-1.93604 -3.07757
-1.9387 -3.08002
-1.94406 -3.08457
-1.94787 -3.08795
-1.95203 -3.09163
-1.95689 -3.09607
-1.95996 -3.09872
-1.966 -3.10407
-1.96799 -3.10571
-1.9752 -3.11198
-1.97597 -3.11275
-1.98397 -3.11977
-1.98429 -3.12001
-1.99204 -3.12671
-1.99339 -3.12803
-2 -3.13378
-2.00256 -3.13597
-2.00804 -3.14075
-2.01159 -3.14406
-2.016 -3.14782
-2.02075 -3.15201
-2.02401 -3.15483
-2.02982 -3.16007
-2.03195 -3.16192
-2.03905 -3.16794
-2.03994 -3.16895
-2.04805 -3.17584
-2.04809 -3.17603
-2.05601 -3.18291
-2.05723 -3.184
-2.06396 -3.18998
-2.06641 -3.19193
-2.07199 -3.19698
-2.0754 -3.20007
-2.08005 -3.20392
-2.08457 -3.20801
-2.08806 -3.21093
-2.09365 -3.21605
-2.09604 -3.21798
-2.10282 -3.22399
-2.10394 -3.22511
-2.11195 -3.23198
-2.11199 -3.23207
-2.11995 -3.23914
-2.12103 -3.24002
-2.12805 -3.24605
-2.13015 -3.24801
-2.13603 -3.25309
-2.13922 -3.25607
-2.14402 -3.26013
-2.14836 -3.26404
-2.15204 -3.26711
-2.15747 -3.27205
-2.16001 -3.27417
-2.16668 -3.27994
-2.16806 -3.28113
-2.17576 -3.28799
-2.17595 -3.28829
-2.18393 -3.29532
-2.18482 -3.29605
-2.19197 -3.3023
-2.19394 -3.30404
-2.20002 -3.30926
-2.20315 -3.31194
-2.208 -3.31631
-2.21217 -3.32005
-2.21601 -3.32331
-2.22139 -3.32793
-2.22403 -3.33032
-2.23042 -3.33602
-2.23194 -3.33743
-2.23953 -3.34404
-2.23998 -3.34441
-2.24804 -3.35136
-2.24864 -3.35205
-2.256 -3.35843
-2.25775 -3.36005
-2.26398 -3.36546
-2.26689 -3.36803
-2.27198 -3.37249
-2.27598 -3.37606
-2.28006 -3.37941
-2.28512 -3.38402
-2.28797 -3.38653
-2.29432 -3.39193
-2.29603 -3.39349
-2.30335 -3.40003
-2.30405 -3.40049
-2.31199 -3.40757
-2.31252 -3.40797
-2.31994 -3.41466
-2.32161 -3.416
-2.32803 -3.42157
-2.33067 -3.42406
-2.33603 -3.42859
-2.33986 -3.43198
-2.34401 -3.43564
-2.34901 -3.43994
-2.35206 -3.4426
-2.3581 -3.44797
-2.36002 -3.44967
-2.36717 -3.45603
-2.368 -3.45671
-2.37601 -3.46372
-2.37626 -3.46406
-2.38402 -3.47073
-2.38537 -3.47207
-2.39203 -3.47774
-2.39453 -3.48002
-2.40006 -3.48472
-2.40371 -3.48794
-2.40799 -3.49182
-2.41275 -3.49603
-2.41603 -3.49879
-2.42185 -3.50405
-2.42394 -3.50592
-2.43097 -3.51204
-2.43197 -3.5129
-2.43994 -3.51996
-2.44016 -3.51996
-2.44805 -3.52685
-2.44924 -3.528
-2.45604 -3.53388
-2.45831 -3.53605
-2.46404 -3.54091
-2.46754 -3.54393
-2.47199 -3.54798
-2.47662 -3.55198
-2.48001 -3.55498
-2.48568 -3.56003
-2.48799 -3.56202
-2.49486 -3.56796
-2.49598 -3.56906
-2.50399 -3.57594
-2.50401 -3.57604
-2.51196 -3.58311
-2.51308 -3.58398
-2.52 -3.59009
-2.52213 -3.59205
-2.52802 -3.59709
-2.53134 -3.59995
-2.53601 -3.60412
-2.54047 -3.60793
-2.544 -3.61114
-2.54955 -3.61597
-2.55196 -3.61822
-2.55862 -3.62403
-2.55999 -3.6252
-2.56778 -3.63198
-2.56804 -3.63217
-2.576 -3.63923
-2.57693 -3.63994
-2.58394 -3.64632
-2.58602 -3.64796
-2.59202 -3.65325
-2.59505 -3.65607
-2.59994 -3.66036
-2.60421 -3.66401
-2.60794 -3.66738
-2.61328 -3.67207
-2.61599 -3.67435
-2.62251 -3.67995
-2.62403 -3.68132
-2.63159 -3.68799
-2.63201 -3.68836
-2.64004 -3.69534
-2.64063 -3.69607
-2.64795 -3.70247
-2.64983 -3.70398
-2.65606 -3.70936
-2.65897 -3.71195
-2.66394 -3.71652
-2.66804 -3.72
-2.67203 -3.72344
-2.67712 -3.72804
-2.67999 -3.73051
-2.68633 -3.73594
-2.68802 -3.73749
-2.69543 -3.74396
-2.69604 -3.74448
-2.70395 -3.75162
-2.70446 -3.75206
-2.71199 -3.75859
-2.71367 -3.75994
-2.72004 -3.76554
-2.72278 -3.76795
-2.72797 -3.77265
-2.73183 -3.77603
-2.73595 -3.77969
-2.74093 -3.78406
-2.74402 -3.78663
-2.75003 -3.79207
-2.75203 -3.79364
-2.75915 -3.80007
-2.76006 -3.80062
-2.76797 -3.80774
-2.76826 -3.80807
-2.77599 -3.81475
-2.77743 -3.81601
-2.78394 -3.82182
-2.78649 -3.82407
-2.792 -3.82877
-2.79569 -3.83198
-2.79996 -3.83585
-2.80484 -3.83995
-2.80805 -3.84276
-2.81391 -3.848
-2.81606 -3.84976
-2.82308 -3.85594
-2.824 -3.85686
-2.832 -3.86388
-2.83214 -3.864
-2.84001 -3.87089
-2.84129 -3.87197
-2.84794 -3.87798
-2.85034 -3.88004
-2.85605 -3.88488
-2.85952 -3.88797
-2.86396 -3.892
-2.86857 -3.89605
-2.87204 -3.89893
-2.87766 -3.90407
-2.88 -3.906
-2.88681 -3.91204
-2.88795 -3.91307
-2.89602 -3.91993
-2.89605 -3.91998
-2.90398 -3.92708
-2.90507 -3.92801
-2.91203 -3.93404
-2.91415 -3.93604
-2.92005 -3.94104
-2.92335 -3.94395
-2.92799 -3.94813
-2.93247 -3.95195
-2.93596 -3.95518
-2.94153 -3.96002
-2.94395 -3.96222
-2.95067 -3.96799
-2.95205 -3.96912
-2.95978 -3.97599
-2.95999 -3.97621
-2.96795 -3.98328
-2.9689 -3.98399
-2.97605 -3.99018
-2.97807 -3.99193
-2.98401 -3.99725
-2.98716 -3.99996
-2.99198 -4.0043
-2.99624 -4.008
-2.99995 -4.01135
-3.00531 -4.01606
-3.00802 -4.0183
-3.01453 -4.02393
-3.01599 -4.02535
-3.02353 -4.03207
-3.02406 -4.03229
-3.03197 -4.03942
-3.03265 -4.04007
-3.04005 -4.04634
-3.04183 -4.048
-3.04802 -4.0534
-3.0509 -4.05605
-3.05602 -4.06041
-3.06011 -4.06393
-3.06403 -4.06743
-3.06914 -4.07204
-3.072 -4.07448
-3.0783 -4.07999
-3.08002 -4.08148
-3.08745 -4.08795
-3.08796 -4.08856
-3.09605 -4.09548
-3.09657 -4.09595
-3.10404 -4.10252
-3.10562 -4.10403
-3.11199 -4.1096
-3.11476 -4.11199
-3.12006 -4.11654
-3.12385 -4.12002
-3.12797 -4.12365
-3.13298 -4.12801
-3.13597 -4.13068
-3.14211 -4.13599
-3.14406 -4.1376
-3.15127 -4.14395
-3.15201 -4.14467
-3.15996 -4.15174
-3.16032 -4.15202
-3.168 -4.15872
-3.16944 -4.16002
-3.17603 -4.1657
-3.17863 -4.16793
-3.18401 -4.17275
-3.18772 -4.17597
-3.19202 -4.17976
-3.19681 -4.184
-3.19995 -4.18686
-3.20596 -4.19196
-3.20803 -4.19378
-3.21499 -4.20005
-3.21601 -4.20083
-3.22394 -4.20793
-3.22419 -4.20796
-3.23202 -4.21486
-3.23329 -4.21598
-3.23997 -4.22193
-3.24239 -4.224
-3.248 -4.22892
-3.2515 -4.23201
-3.256 -4.23595
-3.26059 -4.24004
-3.26401 -4.24296
-3.26975 -4.24799
-3.27203 -4.24995
-3.27881 -4.25605
-3.27997 -4.25704
-3.28803 -4.26394
-3.288 -4.26402
-3.29602 -4.27102
-3.29714 -4.27194
-3.30399 -4.27807
-3.3062 -4.28001
-3.31199 -4.2851
-3.31529 -4.28803
-3.31994 -4.29217
-3.32441 -4.29603
-3.32799 -4.29914
-3.33358 -4.30397
-3.33598 -4.30617
-3.34262 -4.31206
-3.34401 -4.31316
-3.3518 -4.31998
-3.35204 -4.32014
-3.35999 -4.32721
-3.36086 -4.32805
-3.36805 -4.33417
-3.36999 -4.33604
-3.37607 -4.34117
-3.3791 -4.34405
-3.38402 -4.34824
-3.38824 -4.35202
-3.39198 -4.3553
-3.39743 -4.35993
-3.39996 -4.36235
-3.40648 -4.36801
-3.40794 -4.3694
-3.41556 -4.37605
-3.41597 -4.37638
-3.42401 -4.38336
-3.42468 -4.38404
-3.43201 -4.39038
-3.4339 -4.39193
-3.43999 -4.39742
-3.44293 -4.40003
-3.44806 -4.40435
-3.45211 -4.40796
-3.45596 -4.4115
-3.46124 -4.41594
-3.464 -4.41847
-3.4703 -4.424
-3.47199 -4.4255
-3.47939 -4.43204
-3.47999 -4.43252
-3.48793 -4.4396
-3.48854 -4.44
-3.49596 -4.44659
-3.4976 -4.44807
-3.50394 -4.45364
-3.5068 -4.45597
-3.51205 -4.46054
-3.51585 -4.46404
-3.52003 -4.46758
-3.52505 -4.47195
-3.52801 -4.47462
-3.53413 -4.47999
-3.53597 -4.48168
-3.54323 -4.48801
-3.54402 -4.48865
-3.55197 -4.49573
-3.55241 -4.49593
-3.56005 -4.50265
-3.56143 -4.50404
-3.56805 -4.50967
-3.5706 -4.51199
-3.57596 -4.51679
-3.57969 -4.52002
-3.58404 -4.52373
-3.58888 -4.52793
-3.59199 -4.5308
-3.59794 -4.53599
-3.60001 -4.53779
-3.60705 -4.54401
-3.60805 -4.54477
-3.61602 -4.55183
-3.6162 -4.55196
-3.62407 -4.5588
-3.62534 -4.55994
-3.63194 -4.56596
-3.63437 -4.56803
-3.63999 -4.57292
-3.64347 -4.57606
-3.648 -4.57993
-3.65266 -4.58398
-3.656 -4.58695
-3.66173 -4.59203
-3.66397 -4.594
-3.67081 -4.60006
-3.67198 -4.60102
-3.67998 -4.60801
-3.68006 -4.60794
-3.688 -4.61503
-3.68916 -4.61594
-3.69607 -4.62198
-3.69827 -4.62395
-3.704 -4.62907
-3.70732 -4.63202
-3.71194 -4.63616
-3.7165 -4.63994
-3.72006 -4.64305
-3.72557 -4.648
-3.72806 -4.65006
-3.73462 -4.65607
-3.73599 -4.65716
-3.74374 -4.66407
-3.74404 -4.66412
-3.75203 -4.67115
-3.75296 -4.67195
-3.75999 -4.67822
-3.76206 -4.67998
-3.76806 -4.68516
-3.77111 -4.68805
-3.77603 -4.69222
-3.78024 -4.69604
-3.78397 -4.69931
-3.7894 -4.70399
-3.79197 -4.70633
-3.79845 -4.71206
-3.80006 -4.71325
-3.80769 -4.71993
-3.80799 -4.72035
-3.81596 -4.7274
-3.81673 -4.72801
-3.82397 -4.73441
-3.82587 -4.73598
-3.82893 -4.7387
-3.832 -4.74165
-3.8344 -4.74404
-3.8374 -4.74683
-3.84 -4.74939
-3.84261 -4.75206
-3.84802 -4.7572
-3.8508 -4.76004
-3.85501 -4.76418
-3.85601 -4.76505
-3.85896 -4.768
-3.86009 -4.76914
-3.86394 -4.7731
-3.86693 -4.77601
-3.872 -4.78109
-3.87485 -4.78405
-3.87628 -4.78538
-3.87998 -4.78929
-3.88256 -4.79203
-3.88463 -4.79412
-3.88796 -4.79801
-3.88921 -4.79931
-3.88977 -4.79997
-3.89227 -4.80308
-3.89311 -4.80488
-3.89308 -4.808
-3.89309 -4.816
-3.8932 -4.824
-3.89318 -4.832
-3.8933 -4.84
-3.89341 -4.848
-3.8935 -4.856
-3.89344 -4.864
-3.89357 -4.872
-3.8936 -4.88
-3.89381 -4.888
-3.89372 -4.896
-3.89389 -4.904
-3.89388 -4.912
-3.89393 -4.92
-3.89416 -4.928
-3.89417 -4.936
-3.89417 -4.944
-3.89431 -4.952
-3.89442 -4.96
-3.89443 -4.968
-3.89447 -4.976
-3.89464 -4.984
-3.89456 -4.992
-3.8947 -5
-3.89484 -5.008
-3.89482 -5.016
-3.89492 -5.024
-3.89497 -5.032
-3.89496 -5.04
-3.89503 -5.048
-3.89518 -5.05201
-3.89333 -5.05602
-3.89187 -5.05896
-3.88799 -5.06398
-3.88808 -5.06408
-3.88448 -5.06863
-3.88163 -5.07196
-3.87992 -5.07399
-3.87546 -5.07952
-3.87519 -5.08006
-3.87203 -5.08357
-3.8681 -5.088
-3.86403 -5.0927
-3.86362 -5.09304
-3.86103 -5.09605
-3.85593 -5.10137
-3.85364 -5.10399
-3.848 -5.11018
-3.84629 -5.11196
-3.84 -5.11893
-3.839 -5.11998
-3.83619 -5.12309
-3.83206 -5.12755
-3.83159 -5.12807
-3.82403 -5.13593
-3.82395 -5.13604
-3.8163 -5.14401
-3.81598 -5.14429
-3.8123 -5.14822
-3.8081 -5.15194
-3.80794 -5.15208
-3.80007 -5.15954
-3.79948 -5.16007
-3.79196 -5.16675
-3.7907 -5.16802
-3.78404 -5.17417
-3.7819 -5.17594
-3.77604 -5.18149
-3.7732 -5.18398
-3.768 -5.18878
-3.76445 -5.19196
-3.75999 -5.1961
-3.75581 -5.20007
-3.75206 -5.2035
-3.74707 -5.20806
-3.74394 -5.2107
-3.73832 -5.21604
-3.73603 -5.21812
-3.72958 -5.22403
-3.72804 -5.22546
-3.72086 -5.23204
-3.71997 -5.23271
-3.71213 -5.24005
-3.71202 -5.2401
-3.70397 -5.24737
-3.70338 -5.24803
-3.696 -5.25473
-3.6946 -5.25599
-3.68798 -5.26203
-3.68589 -5.26401
-3.67994 -5.26932
-3.67715 -5.272
-3.67198 -5.27669
-3.66836 -5.27994
-3.66397 -5.28401
-3.65973 -5.28806
-3.65602 -5.2914
-3.65089 -5.29594
-3.64799 -5.29869
-3.64225 -5.30404
-3.64003 -5.30606
-3.63342 -5.31194
-3.63196 -5.31331
-3.6248 -5.32006
-3.62395 -5.32063
-3.61602 -5.32801
-3.61599 -5.328
-3.60803 -5.33537
-3.60731 -5.33604
-3.60002 -5.34269
-3.59857 -5.34403
-3.59205 -5.35005
-3.58983 -5.35202
-3.58405 -5.35738
-3.5811 -5.36003
-3.57597 -5.36461
-3.57229 -5.36794
-3.56802 -5.372
-3.5636 -5.37599
-3.56006 -5.37937
-3.55482 -5.38394
-3.55197 -5.38661
-3.54612 -5.39198
-3.54403 -5.394
-3.5374 -5.39999
-3.53596 -5.40124
-3.52863 -5.40795
-3.52803 -5.40865
-3.51996 -5.4159
-3.51989 -5.41595
-3.51196 -5.42323
-3.51124 -5.42403
-3.50395 -5.43055
-3.50242 -5.43194
-3.49599 -5.43792
-3.49368 -5.43993
-3.48805 -5.44531
-3.48494 -5.44793
-3.48001 -5.4526
-3.47633 -5.45607
-3.472 -5.45991
-3.46755 -5.46401
-3.46398 -5.46722
-3.45882 -5.47202
-3.45603 -5.47461
-3.45001 -5.47994
-3.44806 -5.48196
-3.4414 -5.48807
-3.44001 -5.48923
-3.43257 -5.49597
-3.43204 -5.4966
-3.42393 -5.50381
-3.42385 -5.50397
-3.41595 -5.51115
-3.41511 -5.51197
-3.40794 -5.51847
-3.40642 -5.52002
-3.39996 -5.52583
-3.39767 -5.528
-3.39199 -5.53318
-3.38899 -5.53606
-3.38395 -5.54046
-3.38014 -5.54393
-3.37604 -5.54789
-3.37146 -5.552
-3.36806 -5.55524
-3.36268 -5.55994
-3.35998 -5.56248
-3.35401 -5.56801
-3.35205 -5.56989
-3.3452 -5.57593
-3.34396 -5.57711
-3.33655 -5.58402
-3.33599 -5.58448
-3.32795 -5.59176
-3.32784 -5.59204
-3.31995 -5.59908
-3.3191 -5.60004
-3.31204 -5.60652
-3.31034 -5.60801
-3.30401 -5.61381
-3.30164 -5.61605
-3.29605 -5.62118
-3.29283 -5.62396
-3.28802 -5.62847
-3.28411 -5.63198
-3.27999 -5.63577
-3.27545 -5.64006
-3.27199 -5.6431
-3.26671 -5.64805
-3.26395 -5.65038
-3.25797 -5.65605
-3.25606 -5.65784
-3.2492 -5.664
-3.24799 -5.66508
-3.2404 -5.67193
-3.24004 -5.67247
-3.23205 -5.6798
-3.23178 -5.68006
-3.22405 -5.68713
-3.22306 -5.68807
-3.216 -5.69441
-3.21419 -5.69593
-3.20795 -5.70168
-3.2055 -5.70397
-3.19997 -5.70903
-3.19684 -5.71205
-3.19201 -5.7164
-3.18805 -5.71999
-3.18402 -5.72375
-3.17935 -5.72802
-3.17596 -5.73101
-3.17061 -5.73602
-3.168 -5.73837
-3.1619 -5.74405
-3.15996 -5.74565
-3.15313 -5.752
-3.15199 -5.75302
-3.14433 -5.75993
-3.14404 -5.7604
-3.13604 -5.76773
-3.13561 -5.76795
-3.12794 -5.77495
-3.12694 -5.77602
-3.12007 -5.78241
-3.1193 -5.78307
-3.11794 -5.78401
-3.11319 -5.78749
-3.112 -5.78829
-3.11153 -5.78849
-3.10422 -5.79196
-3.10398 -5.79206
-3.09597 -5.79578
-3.08803 -5.79966
-3.0871 -5.79993
-3.07998 -5.8033
-3.07199 -5.80705
-3.07005 -5.80804
-3.06402 -5.81086
-3.05602 -5.81462
-3.05296 -5.81607
-3.04804 -5.81839
-3.04 -5.82205
-3.03583 -5.82401
-3.03201 -5.8258
-3.02399 -5.82952
-3.01875 -5.83207
-3.01602 -5.83332
-3.00798 -5.83698
-3.00163 -5.84003
-3 -5.84075
-2.99202 -5.84454
-2.98454 -5.84805
-2.98397 -5.84818
-2.97597 -5.85193
-2.96804 -5.85581
-2.96737 -5.85592
-2.96004 -5.85955
-2.95199 -5.86319
-2.9503 -5.86397
-2.94403 -5.86701
-2.93598 -5.87064
-2.93322 -5.87203
-2.92804 -5.87451
-2.91996 -5.8781
-2.91609 -5.87996
-2.91201 -5.88194
-2.90396 -5.88559
-2.89902 -5.88804
-2.89596 -5.88932
-2.88799 -5.89313
-2.88192 -5.89604
-2.88004 -5.89697
-2.87198 -5.90059
-2.8648 -5.90402
-2.86403 -5.90444
-2.85604 -5.9082
-2.84804 -5.91193
-2.84769 -5.91199
-2.84002 -5.91564
-2.83197 -5.91927
-2.83056 -5.91995
-2.82397 -5.92302
-2.81603 -5.92689
-2.81351 -5.92805
-2.80801 -5.9306
-2.79997 -5.93424
-2.79635 -5.93592
-2.79198 -5.93801
-2.78404 -5.94187
-2.77925 -5.94394
-2.77599 -5.94551
-2.76802 -5.94932
-2.76222 -5.95208
-2.75997 -5.95296
-2.75197 -5.95669
-2.74506 -5.95996
-2.74401 -5.96052
-2.736 -5.96424
-2.72797 -5.96793
-2.72794 -5.96794
-2.72 -5.97172
-2.71197 -5.97541
-2.71091 -5.97608
-2.70397 -5.97915
-2.69604 -5.98303
-2.69378 -5.98404
-2.68798 -5.98665
-2.67997 -5.99037
-2.6767 -5.99208
-2.67197 -5.99411
-2.66396 -5.99784
-2.65959 -6.00007
-2.65598 -6.00162
-2.64798 -6.00536
-2.64243 -6.00793
-2.64002 -6.00918
-2.632 -6.0129
-2.62533 -6.01595
-2.62398 -6.0166
-2.61598 -6.02034
-2.60829 -6.02408
-2.60799 -6.0241
-2.6 -6.02786
-2.59201 -6.03162
-2.59111 -6.03192
-2.58401 -6.03536
-2.57596 -6.039
-2.57407 -6.04005
-2.56802 -6.04287
-2.55996 -6.04649
-2.55695 -6.04803
-2.55197 -6.05024
-2.54402 -6.0541
-2.53985 -6.05601
-2.53604 -6.05787
-2.52803 -6.0616
-2.52275 -6.06403
-2.52004 -6.06537
-2.51199 -6.06899
-2.50562 -6.07197
-2.50396 -6.07267
-2.49599 -6.07649
-2.48854 -6.08002
-2.48804 -6.08033
-2.48003 -6.08405
-2.47202 -6.08778
-2.47143 -6.08801
-2.464 -6.09148
-2.45599 -6.09518
-2.45435 -6.09606
-2.44796 -6.09887
-2.44062 -6.10241
