2.27343 -6.10421
2.28107 -6.10175
2.28792 -6.09738
2.29554 -6.09488
2.30319 -6.09243
2.3102 -6.08845
2.31772 -6.08569
2.32539 -6.08333
2.33241 -6.07935
2.33996 -6.07667
2.34753 -6.07406
2.35487 -6.07087
2.3625 -6.06839
2.36942 -6.06419
2.37732 -6.06237
2.38474 -6.05936
2.39219 -6.05647
2.39953 -6.05326
2.40652 -6.04923
2.41438 -6.04732
2.42123 -6.04292
2.42859 -6.03978
2.43661 -6.03826
2.44398 -6.03516
2.45145 -6.03228
2.45823 -6.02772
2.46623 -6.02615
2.47361 -6.02307
2.48057 -6.01896
2.48854 -6.0173
2.49555 -6.01332
2.50285 -6.01003
2.51033 -6.00718
2.51768 -6.00403
2.52496 -6.00069
2.5324 -5.99775
2.53984 -5.99481
2.54732 -5.99197
2.55445 -5.98827
2.56223 -5.98616
2.56953 -5.98286
2.577 -5.97999
2.58426 -5.97662
2.59211 -5.97467
2.59888 -5.9701
2.60647 -5.96752
2.61407 -5.96498
2.62123 -5.96135
2.62885 -5.95883
2.63595 -5.95507
2.6434 -5.95215
2.65104 -5.94971
2.65886 -5.94768
2.66564 -5.94313
2.6732 -5.94048
2.68069 -5.93766
2.68847 -5.93557
2.69568 -5.93204
2.70268 -5.92804
2.71009 -5.92502
2.71801 -5.92326
2.72491 -5.91898
2.73265 -5.91678
2.74028 -5.9143
2.7475 -5.91081
2.75457 -5.90698
2.76203 -5.90408
2.76929 -5.90069
2.77716 -5.89882
2.7841 -5.89465
2.7915 -5.89161
2.79904 -5.8889
2.80669 -5.88649
2.81428 -5.88389
2.82128 -5.87989
2.82895 -5.87751
2.83652 -5.87488
2.84377 -5.87148
2.85089 -5.86776
2.85836 -5.86489
2.86612 -5.86273
2.87355 -5.85977
2.88097 -5.85675
2.88781 -5.85235
2.89539 -5.84976
2.90249 -5.84598
2.90996 -5.84311
2.91749 -5.8404
2.92535 -5.83848
2.93279 -5.83554
2.93988 -5.83173
2.94732 -5.82879
2.95487 -5.82612
2.96198 -5.82237
2.96939 -5.81936
2.97696 -5.81675
2.98427 -5.81348
2.99167 -5.81043
2.9988 -5.80673
3.00634 -5.80404
3.01371 -5.80092
3.0214 -5.79855
3.02701 -5.79572
3.0314 -5.79113
3.03465 -5.78957
3.04033 -5.78392
3.04643 -5.77874
3.05286 -5.77394
3.05757 -5.76721
3.06449 -5.76294
3.07064 -5.75782
3.07663 -5.75251
3.0815 -5.74597
3.08773 -5.74094
3.0933 -5.73517
3.09991 -5.73055
3.10565 -5.72498
3.11109 -5.71907
3.11681 -5.71347
3.12374 -5.70921
3.1298 -5.70398
3.13527 -5.6981
3.14097 -5.69248
3.14711 -5.68735
3.15371 -5.68272
3.15858 -5.67618
3.1648 -5.67113
3.17044 -5.66545
3.17673 -5.66047
3.1828 -5.65525
3.18822 -5.64933
3.19443 -5.64428
3.19985 -5.63834
3.20663 -5.63391
3.21244 -5.62841
3.21808 -5.62272
3.22371 -5.61702
3.22965 -5.61167
3.23637 -5.60717
3.24232 -5.60183
3.24797 -5.59615
3.25368 -5.59054
3.25956 -5.58511
3.26536 -5.5796
3.27218 -5.57521
3.27783 -5.56954
3.28326 -5.56362
3.28941 -5.55849
3.29603 -5.55388
3.30187 -5.54842
3.30691 -5.54206
3.31323 -5.53713
3.3187 -5.53125
3.32479 -5.52606
3.33065 -5.52061
3.33632 -5.51496
3.34306 -5.51049
3.34857 -5.50465
3.35451 -5.4993
3.36128 -5.49486
3.36648 -5.48869
3.37209 -5.48297
3.37844 -5.47806
3.3846 -5.47295
3.39014 -5.46714
3.39633 -5.46207
3.40223 -5.45667
3.40818 -5.45132
3.41451 -5.44639
3.42003 -5.44057
3.42607 -5.43533
3.43221 -5.43019
3.43799 -5.42466
3.44347 -5.41879
3.44923 -5.41324
3.45491 -5.40759
3.46086 -5.40224
3.46682 -5.39691
3.4733 -5.39215
3.47969 -5.38728
3.48569 -5.38199
3.49069 -5.3756
3.49703 -5.37069
3.50235 -5.36464
3.50862 -5.35965
3.51427 -5.35397
3.52129 -5.34981
3.52649 -5.34364
3.53247 -5.33832
3.53805 -5.33256
3.54389 -5.3271
3.55017 -5.32212
3.55606 -5.31671
3.56239 -5.31179
3.56808 -5.30615
3.57438 -5.30119
3.57997 -5.29545
3.58667 -5.29093
3.59231 -5.28524
3.59769 -5.27926
3.6039 -5.2742
3.6101 -5.26913
3.61506 -5.2627
3.62227 -5.25874
3.62729 -5.25237
3.63381 -5.24765
3.63978 -5.24233
3.64562 -5.23686
3.65175 -5.23172
3.65711 -5.22572
3.663 -5.2203
3.6685 -5.21446
3.67546 -5.21023
3.68079 -5.2042
3.68645 -5.19854
3.69227 -5.19304
3.69905 -5.18861
3.70517 -5.18345
3.71017 -5.17707
3.71597 -5.17154
3.72254 -5.16688
3.72777 -5.16075
3.73452 -5.15628
3.7405 -5.15097
3.74669 -5.1459
3.75159 -5.13939
3.75777 -5.1343
3.76444 -5.12974
3.76937 -5.12327
3.7754 -5.11801
3.78233 -5.11375
3.78834 -5.10847
3.79345 -5.1022
3.79945 -5.0969
3.80599 -5.09221
3.81087 -5.08568
3.81726 -5.08089
3.81838 -5.0766
3.8196 -5.07223
3.8195 -5.06497
3.81982 -5.05769
3.81956 -5.04989
3.81838 -5.0421
3.81932 -5.03428
3.81954 -5.02647
3.81947 -5.01867
3.81808 -5.01088
3.81816 -5.00308
3.81759 -4.99528
3.81775 -4.98747
3.81755 -4.97967
3.81724 -4.97187
3.81787 -4.96405
3.81738 -4.95625
3.81789 -4.94844
3.81721 -4.94065
3.81846 -4.93282
3.81804 -4.92502
3.81825 -4.91721
3.81699 -4.90943
3.81651 -4.90163
3.81698 -4.89382
3.8169 -4.88601
3.81584 -4.87822
3.81596 -4.87041
3.81707 -4.86259
3.81615 -4.8548
3.81615 -4.84699
3.81613 -4.83919
3.81533 -4.83139
3.81591 -4.82358
3.81648 -4.81577
3.8148 -4.80798
3.81593 -4.80016
3.81512 -4.79237
3.81499 -4.78457
3.81566 -4.77675
3.81482 -4.76896
3.81421 -4.76116
3.81582 -4.75333
3.81543 -4.74551
3.81427 -4.73881
3.8148 -4.7319
3.81261 -4.72482
3.80997 -4.71843
3.80391 -4.7132
3.79885 -4.70682
3.79248 -4.70196
3.78578 -4.69749
3.77983 -4.69214
3.77442 -4.68617
3.76803 -4.68134
3.76179 -4.67632
3.75656 -4.67013
3.74957 -4.666
3.74427 -4.6599
3.73734 -4.65569
3.73232 -4.64926
3.72506 -4.64544
3.72016 -4.63887
3.71347 -4.63439
3.7069 -4.62976
3.70153 -4.62374
3.69475 -4.61936
3.68901 -4.61376
3.68304 -4.60844
3.67725 -4.60291
3.67063 -4.59835
3.66507 -4.59254
3.65954 -4.58671
3.65348 -4.58149
3.64646 -4.57739
3.64059 -4.57194
3.63456 -4.56669
3.62896 -4.56094
3.62305 -4.55555
3.61603 -4.55145
3.61077 -4.54529
3.60474 -4.54004
3.59889 -4.53458
3.59257 -4.52965
3.58583 -4.52524
3.57987 -4.51989
3.57467 -4.51368
3.56813 -4.50901
3.56127 -4.50473
3.55585 -4.49877
3.54923 -4.4942
3.54408 -4.48792
3.53796 -4.48277
3.53115 -4.47842
3.52575 -4.47244
3.51973 -4.46717
3.51308 -4.46264
3.50676 -4.45772
3.50151 -4.45157
3.49506 -4.4468
3.48972 -4.44074
3.48367 -4.43551
3.47758 -4.43032
3.47123 -4.42544
3.46541 -4.41995
3.45892 -4.41523
3.45242 -4.41053
3.44649 -4.40515
3.44064 -4.39969
3.43401 -4.39513
3.4289 -4.38881
3.42271 -4.38375
3.41628 -4.37895
3.40993 -4.37407
3.40415 -4.36853
3.39786 -4.36357
3.39194 -4.35819
3.3866 -4.35214
3.37936 -4.34829
3.37385 -4.34244
3.36733 -4.33774
3.36177 -4.33195
3.35611 -4.32626
3.35025 -4.32081
3.34363 -4.31625
3.33781 -4.31075
3.33165 -4.30564
3.32473 -4.30142
3.31935 -4.29541
3.31332 -4.29016
3.3072 -4.28501
3.30141 -4.27948
3.29493 -4.27475
3.28958 -4.2687
3.28299 -4.26411
3.27643 -4.25947
3.27027 -4.25436
3.26459 -4.2487
3.25907 -4.24285
3.25283 -4.23784
3.24716 -4.23217
3.23983 -4.22843
3.23486 -4.22195
3.22885 -4.21667
3.22165 -4.21278
3.21628 -4.20675
3.21024 -4.20151
3.2042 -4.19627
3.19789 -4.19135
3.19242 -4.18543
3.1863 -4.18029
3.18033 -4.17496
3.174 -4.17006
3.16774 -4.16507
3.16212 -4.15934
3.15531 -4.155
3.15 -4.14891
3.14397 -4.14365
3.13674 -4.13979
3.131 -4.1342
3.12526 -4.12862
3.11939 -4.12317
3.11252 -4.11889
3.10741 -4.11257
3.10089 -4.10789
3.09525 -4.10218
3.08833 -4.09797
3.08309 -4.09178
3.07671 -4.08694
3.07029 -4.08214
3.06462 -4.07646
3.05804 -4.07185
3.05289 -4.06557
3.04632 -4.06095
3.04052 -4.05543
3.03431 -4.05038
3.02791 -4.04556
3.02155 -4.04069
3.0159 -4.03499
3.01039 -4.02913
3.00373 -4.02462
2.99827 -4.0187
2.99155 -4.01425
2.98522 -4.00934
2.97954 -4.00369
2.97393 -3.99795
2.9679 -3.99268
2.96154 -3.98782
2.95595 -3.98205
2.94912 -3.97773
2.94302 -3.97255
2.93656 -3.9678
2.9311 -3.96188
2.92514 -3.95655
2.91951 -3.95083
2.91284 -3.94633
2.90704 -3.9408
2.90057 -3.93606
2.89535 -3.92987
2.88848 -3.92558
2.8829 -3.9198
2.876 -3.91557
2.87003 -3.91024
2.86401 -3.90498
2.85824 -3.89942
2.85233 -3.89402
2.84634 -3.88872
2.83974 -3.88414
2.83371 -3.87889
2.82792 -3.87335
2.82184 -3.86816
2.81641 -3.8622
2.81013 -3.85725
2.80437 -3.85168
2.79798 -3.84683
2.79112 -3.84255
2.78541 -3.83692
2.77914 -3.83195
2.77277 -3.82709
2.76733 -3.82115
2.76119 -3.81603
2.7548 -3.81119
2.74964 -3.80493
2.74291 -3.80049
2.73748 -3.79454
2.731 -3.7898
2.72457 -3.78501
2.71837 -3.77996
2.71297 -3.77397
2.70708 -3.76856
2.7002 -3.76429
2.69405 -3.75917
2.68861 -3.75323
2.68235 -3.74825
2.67603 -3.74333
2.67029 -3.73775
2.66377 -3.73306
2.65781 -3.72772
2.65267 -3.72143
2.64554 -3.71746
2.64034 -3.71125
2.63366 -3.70674
2.62836 -3.70065
2.62237 -3.69533
2.61565 -3.69089
2.60959 -3.68567
2.60399 -3.67991
2.59761 -3.67507
2.59123 -3.67022
2.58487 -3.66536
2.57963 -3.65918
2.57344 -3.65411
2.56776 -3.64845
2.56059 -3.64452
2.55562 -3.63803
2.54874 -3.63377
2.54245 -3.62882
2.53667 -3.62327
2.53087 -3.61776
2.52441 -3.613
2.51828 -3.60786
2.51275 -3.60203
2.50672 -3.59677
2.50081 -3.59138
2.49416 -3.58685
2.48846 -3.58121
2.48197 -3.57649
2.47609 -3.57106
2.47013 -3.56573
2.464 -3.56059
2.45737 -3.55604
2.45253 -3.5494
2.44649 -3.54416
2.43951 -3.54001
2.43352 -3.53471
2.42706 -3.52996
2.42215 -3.5234
2.41591 -3.51839
2.40888 -3.5143
2.40381 -3.50793
2.39793 -3.5025
2.39146 -3.49775
2.38472 -3.49332
2.37919 -3.4875
2.373 -3.48243
2.36724 -3.47686
2.36088 -3.47199
2.35538 -3.46612
2.3484 -3.46197
2.34289 -3.45611
2.33642 -3.45137
2.33008 -3.44648
2.32475 -3.44041
2.31902 -3.4348
2.31286 -3.4297
2.30652 -3.4248
2.30084 -3.41915
2.29366 -3.41523
2.28796 -3.4096
2.28182 -3.40446
2.27565 -3.39938
2.27057 -3.39302
2.26417 -3.3882
2.25726 -3.38397
2.25205 -3.37775
2.24573 -3.37284
2.23993 -3.36732
2.23388 -3.36208
2.22718 -3.35762
2.22195 -3.35144
2.21572 -3.34641
2.20974 -3.34109
2.20304 -3.33663
2.19743 -3.33088
2.19096 -3.32614
2.18539 -3.32035
2.17941 -3.31504
2.1724 -3.31093
2.16638 -3.30566
2.16016 -3.30063
2.15538 -3.29391
2.14832 -3.28986
2.14279 -3.28403
2.1366 -3.27895
2.12985 -3.27455
2.12425 -3.26879
2.11868 -3.263
2.11257 -3.25784
2.10578 -3.25347
2.10039 -3.24747
2.09404 -3.24259
2.08746 -3.23798
2.08137 -3.23279
2.07571 -3.22711
2.06955 -3.22201
2.06343 -3.21686
2.05778 -3.21116
2.05216 -3.20543
2.04555 -3.20085
2.04002 -3.19501
2.0334 -3.19045
2.02722 -3.18537
2.02185 -3.17935
2.01466 -3.17544
2.00943 -3.16925
2.00255 -3.16499
1.99734 -3.15879
1.99139 -3.15344
1.98465 -3.14901
1.97948 -3.14276
1.9731 -3.13792
1.96629 -3.13356
1.96059 -3.12793
1.95397 -3.12336
1.94807 -3.11795
1.94291 -3.11169
1.93638 -3.10701
1.93059 -3.10149
1.92402 -3.09686
1.91882 -3.09064
1.91273 -3.08545
1.90544 -3.08166
1.89956 -3.07624
1.89372 -3.07077
1.88833 -3.06477
1.8817 -3.0602
1.87634 -3.05417
1.86965 -3.04969
1.86378 -3.04425
1.85809 -3.0386
1.85098 -3.03461
1.8452 -3.02906
1.83906 -3.02393
1.83369 -3.01791
1.82676 -3.0137
1.821 -3.00813
1.81533 -3.00247
1.80898 -2.99758
1.8033 -2.99192
1.79631 -2.98778
1.79042 -2.98236
1.78509 -2.9763
1.77884 -2.9713
1.77247 -2.96645
1.76699 -2.96055
1.76004 -2.95637
1.75413 -2.95097
1.74829 -2.9455
1.742 -2.94055
1.73584 -2.93545
1.72983 -2.93017
1.72372 -2.925
1.71785 -2.91957
1.71183 -2.9143
1.70642 -2.90832
1.70001 -2.90352
1.69314 -2.89923
1.68791 -2.89305
1.68183 -2.88786
1.67546 -2.883
1.66891 -2.87836
1.6633 -2.87261
1.65781 -2.86672
1.65133 -2.862
1.64506 -2.85703
1.63887 -2.85195
1.63273 -2.84683
1.62752 -2.84062
1.62089 -2.83606
1.61428 -2.83148
1.60927 -2.82505
1.60304 -2.82003
1.59673 -2.8151
1.59075 -2.80979
1.58417 -2.80517
1.57833 -2.7997
1.57187 -2.79494
1.5666 -2.7888
1.56022 -2.78396
1.55365 -2.77933
1.5482 -2.7734
1.54261 -2.76764
1.53658 -2.76239
1.53062 -2.75705
1.52402 -2.75246
1.51838 -2.74675
1.51245 -2.74138
1.50598 -2.73664
1.49929 -2.73215
1.49344 -2.72669
1.48697 -2.72195
1.48174 -2.71576
1.47526 -2.71104
1.46945 -2.70553
1.46306 -2.70069
1.45786 -2.69447
1.45172 -2.68934
1.44457 -2.6854
1.43917 -2.6794
1.43307 -2.67424
1.42725 -2.66874
1.42074 -2.66404
1.41508 -2.65835
1.40818 -2.65411
1.40321 -2.64762
1.39679 -2.64282
1.39037 -2.63803
1.38378 -2.63342
1.37807 -2.6278
1.37177 -2.62287
1.36574 -2.61761
1.36001 -2.61201
1.35408 -2.60663
1.34843 -2.60094
1.34152 -2.5967
1.33619 -2.59064
1.32919 -2.58651
1.32421 -2.58003
1.31803 -2.57496
1.31195 -2.56976
1.30508 -2.56549
1.2995 -2.55971
1.29287 -2.55515
1.28763 -2.54898
1.28102 -2.5444
1.27468 -2.53951
1.26937 -2.53342
1.26338 -2.52812
1.25706 -2.5232
1.25061 -2.51844
1.24428 -2.51353
1.23934 -2.507
1.23242 -2.50279
1.22728 -2.4965
1.22018 -2.49249
1.21436 -2.48699
1.20798 -2.48215
1.20277 -2.47594
1.19656 -2.4709
1.19077 -2.46536
1.18455 -2.46033
1.17799 -2.4557
1.17163 -2.45082
1.16561 -2.44556
1.16029 -2.43948
1.15353 -2.43508
1.14758 -2.42972
1.14152 -2.4245
1.13536 -2.41941
1.1291 -2.41442
1.12322 -2.40899
1.11721 -2.40371
1.11177 -2.39777
1.10529 -2.39305
1.09992 -2.38702
1.09331 -2.38244
1.08722 -2.37726
1.08077 -2.3725
1.07573 -2.36609
1.06872 -2.36197
1.06349 -2.35579
1.05733 -2.35069
1.05118 -2.34557
1.04485 -2.34067
1.0381 -2.33625
1.03229 -2.33074
1.02673 -2.32494
1.02113 -2.31919
1.01487 -2.3142
1.00831 -2.30957
1.00201 -2.30462
0.996229 -2.29908
0.990487 -2.29349
0.984453 -2.28824
0.977661 -2.28388
0.97255 -2.27755
0.966249 -2.27262
0.960246 -2.26733
0.953472 -2.26294
0.94775 -2.25733
0.941143 -2.25275
0.93567 -2.24685
0.929298 -2.24199
0.923331 -2.23666
0.917128 -2.23161
0.911942 -2.22537
0.904981 -2.2212
0.899031 -2.21586
0.893565 -2.20995
0.88741 -2.20484
0.88042 -2.2007
0.874345 -2.19552
0.869554 -2.19038
0.863764 -2.18644
0.858927 -2.18136
0.853021 -2.17756
0.848734 -2.17178
0.841389 -2.16822
0.835053 -2.16338
0.829393 -2.15766
0.823217 -2.15261
0.816203 -2.14863
0.810383 -2.14312
0.804159 -2.13812
0.797619 -2.13354
0.791365 -2.12858
0.785107 -2.12364
0.779044 -2.11844
0.773153 -2.11302
0.766112 -2.10907
0.759794 -2.1042
0.753977 -2.09869
0.747569 -2.09393
0.741152 -2.08919
0.735437 -2.08354
0.728599 -2.07934
0.722813 -2.07378
0.716622 -2.06875
0.709713 -2.06463
0.703316 -2.05987
0.69756 -2.05427
0.690888 -2.04985
0.685092 -2.04431
0.678141 -2.04025
0.67257 -2.03442
0.665069 -2.03107
0.659396 -2.02537
0.653597 -2.01983
0.646935 -2.0154
0.640697 -2.01043
0.633836 -2.00625
0.628129 -2.0006
0.622014 -1.99547
0.615131 -1.99132
0.608956 -1.98626
0.603009 -1.98092
0.596107 -1.97679
0.58979 -1.97192
0.583903 -1.9665
0.577144 -1.96219
0.571829 -1.95603
0.564933 -1.9519
0.558096 -1.9477
0.552127 -1.94238
0.545964 -1.93731
0.539784 -1.93226
0.53343 -1.92743
0.527531 -1.92202
0.520719 -1.91779
0.514743 -1.91247
0.507709 -1.90852
0.502346 -1.90243
0.496006 -1.89758
0.489052 -1.89353
0.483422 -1.88777
0.476644 -1.88349
0.470253 -1.87871
0.464457 -1.87317
0.458308 -1.86808
0.451423 -1.86394
0.445652 -1.85837
0.439116 -1.85377
0.43311 -1.8485
0.426531 -1.84396
0.420119 -1.83921
0.414072 -1.83399
0.407552 -1.82938
0.40114 -1.82463
0.394681 -1.81994
0.389057 -1.81418
0.382188 -1.81001
0.375544 -1.80556
0.369796 -1.79996
0.362941 -1.79578
0.356793 -1.79069
0.350465 -1.78583
0.345053 -1.77979
0.338433 -1.77531
0.332423 -1.77004
0.325931 -1.76539
0.318884 -1.76146
0.31272 -1.75639
0.306581 -1.75129
0.300913 -1.74558
0.294465 -1.74088
0.287581 -1.73673
0.281156 -1.732
0.274761 -1.72722
0.268654 -1.72208
0.262891 -1.7165
0.256141 -1.71218
0.249581 -1.70762
0.243542 -1.70239
0.238124 -1.69636
0.231784 -1.69152
0.225593 -1.68648
0.219124 -1.68181
0.212071 -1.67788
0.205964 -1.67274
0.199637 -1.66788
0.193877 -1.66229
0.186773 -1.65843
0.181067 -1.65277
0.174968 -1.64762
0.168771 -1.64259
0.162217 -1.63802
0.155301 -1.63392
0.150007 -1.62773
0.14372 -1.62282
0.136878 -1.61819
0.128971 -1.61843
0.121064 -1.61879
0.113157 -1.61875
0.10525 -1.61778
0.0973435 -1.61878
0.0894366 -1.61798
0.0815297 -1.61847
0.0736228 -1.61797
0.0657158 -1.618
0.0578089 -1.61777
0.049902 -1.6196
0.0419951 -1.61907
0.0340882 -1.61781
0.0261813 -1.61893
0.0182744 -1.61786
0.0100643 -1.61825
0.0047726 -1.62438
-0.00206991 -1.62863
-0.00786908 -1.63414
-0.0145959 -1.63853
-0.0202042 -1.64428
-0.0265046 -1.64918
-0.0329957 -1.65386
-0.0393596 -1.65869
-0.0451614 -1.6642
-0.0507699 -1.66994
-0.057219 -1.67467
-0.0640789 -1.67889
-0.0701042 -1.68413
-0.0753455 -1.69033
-0.0815657 -1.69533
-0.0887204 -1.6992
-0.0940398 -1.70529
-0.100169 -1.71041
-0.106548 -1.71522
-0.112669 -1.72034
-0.118977 -1.72524
-0.125635 -1.72971
-0.131341 -1.73534
-0.13742 -1.74051
-0.143324 -1.7459
-0.150218 -1.75008
-0.156507 -1.755
-0.161774 -1.76116
-0.169011 -1.76493
-0.174472 -1.77085
-0.180313 -1.77632
-0.186788 -1.78101
-0.192851 -1.78621
-0.199639 -1.79052
-0.204765 -1.79685
-0.211162 -1.80164
-0.217532 -1.80646
-0.224211 -1.8109
-0.230585 -1.81572
-0.236647 -1.82092
-0.242131 -1.82681
-0.248604 -1.83151
-0.254629 -1.83675
-0.260405 -1.84229
-0.266772 -1.84712
-0.273128 -1.85196
-0.279866 -1.85633
-0.285048 -1.86259
-0.292227 -1.86643
-0.297648 -1.87241
-0.304522 -1.87661
-0.310104 -1.88239
-0.315867 -1.88795
-0.321886 -1.8932
-0.328651 -1.89754
-0.335088 -1.90228
-0.341469 -1.90709
-0.347389 -1.91245
-0.353762 -1.91727
-0.359079 -1.92337
-0.365949 -1.92759
-0.371738 -1.93311
-0.377761 -1.93835
-0.384084 -1.94323
-0.389991 -1.94862
-0.396156 -1.95369
-0.40286 -1.9581
-0.409027 -1.96317
-0.414492 -1.96909
-0.420814 -1.97397
-0.427789 -1.97805
-0.432931 -1.98437
-0.440236 -1.98805
-0.445873 -1.99376
-0.452049 -1.99882
-0.458687 -2.00332
-0.463684 -2.00981
-0.470919 -2.01357
-0.476305 -2.01959
-0.482595 -2.02451
-0.489492 -2.02869
-0.494557 -2.0351
-0.501366 -2.03938
-0.507446 -2.04456
-0.513546 -2.04971
-0.519359 -2.0552
-0.525437 -2.06038
-0.531748 -2.06527
-0.5381 -2.07012
-0.543878 -2.07566
-0.550393 -2.0803
-0.557366 -2.08439
-0.562738 -2.09042
-0.569422 -2.09486
-0.575727 -2.09976
-0.581233 -2.10563
-0.587134 -2.11102
-0.593292 -2.1161
-0.599992 -2.12052
-0.605657 -2.1262
-0.612123 -2.1309
-0.618656 -2.13553
-0.624863 -2.14055
-0.631235 -2.14536
-0.637152 -2.15073
-0.642926 -2.15628
-0.649818 -2.16047
-0.655619 -2.16598
-0.661916 -2.17089
-0.667582 -2.17656
-0.674484 -2.18074
-0.679821 -2.18681
-0.686483 -2.19128
-0.692018 -2.19712
-0.698469 -2.20184
-0.705043 -2.20641
-0.71027 -2.21262
-0.717027 -2.21697
-0.723238 -2.22199
-0.729831 -2.22654
-0.735783 -2.23188
-0.73981 -2.23599
-0.745483 -2.24163
-0.751819 -2.24654
-0.758253 -2.25134
-0.763742 -2.25719
-0.769343 -2.26291
-0.775027 -2.26853
-0.781052 -2.27378
-0.787735 -2.27831
-0.792807 -2.28461
-0.798869 -2.28982
-0.804713 -2.29528
-0.810504 -2.30078
-0.81614 -2.30647
-0.822863 -2.31095
-0.828226 -2.31693
-0.834646 -2.32175
-0.840591 -2.32709
-0.846091 -2.33292
-0.852028 -2.33826
-0.858525 -2.343
-0.864007 -2.34885
-0.869848 -2.3543
-0.875582 -2.35987
-0.881384 -2.36537
-0.887204 -2.37085
-0.8937 -2.37558
-0.898968 -2.38167
-0.905526 -2.38633
-0.911311 -2.39185
-0.916738 -2.39776
-0.922954 -2.4028
-0.929779 -2.40717
-0.935456 -2.41281
-0.941019 -2.41857
-0.947263 -2.42358
-0.952982 -2.42917
-0.958495 -2.43498
-0.964458 -2.4403
-0.970613 -2.44541
-0.975863 -2.45152
-0.982374 -2.45623
-0.988001 -2.46192
-0.994496 -2.46666
-1.00054 -2.47189
-1.00568 -2.47811
-1.0119 -2.48315
-1.01756 -2.4888
-1.02361 -2.49403
-1.02953 -2.4994
-1.03606 -2.5041
-1.04137 -2.51013
-1.04801 -2.5147
-1.05374 -2.52028
-1.05979 -2.52551
-1.06573 -2.53086
-1.07091 -2.53704
-1.07723 -2.54196
-1.08318 -2.5473
-1.08945 -2.55227
-1.09435 -2.55877
-1.10049 -2.5639
-1.10614 -2.56957
-1.11244 -2.57451
-1.11796 -2.58032
-1.12438 -2.58514
-1.13086 -2.58989
-1.13565 -2.5965
-1.14193 -2.60147
-1.14741 -2.60732
-1.15398 -2.61197
-1.16007 -2.61715
-1.1661 -2.6224
-1.17106 -2.62882
-1.17788 -2.6332
-1.18347 -2.63893
-1.1895 -2.64418
-1.19488 -2.65013
-1.20167 -2.65455
-1.20704 -2.66053
-1.21368 -2.66509
-1.21943 -2.67065
-1.22498 -2.67643
-1.23037 -2.68237
-1.23709 -2.68686
-1.24202 -2.69332
-1.24906 -2.69745
-1.25392 -2.70399
-1.26076 -2.70834
-1.26696 -2.71341
-1.27289 -2.71875
-1.27763 -2.72542
-1.28375 -2.73058
-1.28969 -2.73591
-1.29577 -2.74112
-1.30204 -2.7461
-1.30815 -2.75125
-1.31394 -2.75676
-1.3191 -2.76296
-1.32548 -2.76783
-1.33094 -2.7737
-1.33694 -2.77898
-1.34372 -2.7834
-1.34869 -2.78982
-1.35452 -2.79528
-1.36033 -2.80077
-1.36699 -2.80533
-1.37223 -2.81143
-1.37929 -2.81555
-1.38451 -2.82169
-1.39022 -2.82729
-1.39611 -2.83269
-1.40211 -2.83797
-1.40777 -2.84363
-1.4146 -2.84798
-1.41993 -2.85401
-1.42552 -2.85974
-1.43264 -2.86378
-1.43805 -2.86971
-1.44362 -2.87546
-1.44945 -2.88093
-1.45564 -2.88601
-1.46118 -2.89178
-1.46764 -2.89656
-1.47311 -2.90242
-1.4788 -2.90804
-1.48475 -2.91337
-1.49137 -2.91798
-1.49761 -2.92299
-1.50323 -2.92868
-1.5092 -2.934
-1.51484 -2.93967
-1.52005 -2.94582
-1.52726 -2.94977
-1.5331 -2.95522
-1.53876 -2.96088
-1.54472 -2.96621
-1.55061 -2.9716
-1.55657 -2.97693
-1.56168 -2.98319
-1.56859 -2.98746
-1.57362 -2.99381
-1.57922 -2.99953
-1.58628 -3.00365
-1.59158 -3.0097
-1.59802 -3.01448
-1.60381 -3.02
-1.60906 -3.02611
-1.61505 -3.03139
-1.62073 -3.03703
-1.62713 -3.04186
-1.63367 -3.04655
-1.63859 -3.05302
-1.645 -3.05785
-1.65066 -3.0635
-1.65658 -3.06887
-1.66242 -3.07432
-1.66812 -3.07993
-1.6739 -3.08546
-1.68 -3.09062
-1.68697 -3.09483
-1.69172 -3.1015
-1.69789 -3.10659
-1.70439 -3.11131
-1.70944 -3.11764
-1.71652 -3.12173
-1.72124 -3.12842
-1.72751 -3.13341
-1.73304 -3.1392
-1.73941 -3.14407
-1.74602 -3.14868
-1.75114 -3.15492
-1.75792 -3.15934
-1.76268 -3.166
-1.76974 -3.1701
-1.77566 -3.17547
-1.78072 -3.18178
-1.78725 -3.18648
-1.79273 -3.19233
-1.79818 -3.19822
-1.80443 -3.20323
-1.81034 -3.2086
-1.81647 -3.21373
-1.82254 -3.21894
-1.82867 -3.22408
-1.83382 -3.23029
-1.83692 -3.2328
-1.83646 -3.23333
-1.836 -3.23391
-1.83559 -3.23452
-1.83521 -3.23516
-1.83487 -3.23582
-1.83457 -3.23649
-1.83432 -3.23719
-1.8341 -3.23789
-1.83393 -3.23861
-1.83381 -3.23934
-1.83373 -3.24008
-1.8337 -3.24082
-1.83371 -3.24156
-1.83377 -3.24229
-1.83387 -3.24303
-1.83402 -3.24375
-1.83603 -3.25223
-1.83621 -3.25289
-1.83642 -3.25353
-1.83667 -3.25416
-1.83695 -3.25478
-1.83727 -3.25538
-1.83762 -3.25596
-1.85616 -3.28522
-1.85657 -3.28585
-1.85701 -3.28645
-1.85749 -3.28702
-1.858 -3.28756
-1.85855 -3.28807
-1.85913 -3.28854
-1.85973 -3.28898
-1.86037 -3.28938
-1.86102 -3.28974
-1.8617 -3.29005
-1.86239 -3.29033
-1.90106 -3.305
-1.90176 -3.30526
-1.90247 -3.30548
-1.9032 -3.30565
-1.90394 -3.30577
-1.90468 -3.30585
-1.90543 -3.30589
-1.90618 -3.30587
-1.90692 -3.30582
-1.90767 -3.30571
-1.9084 -3.30556
-1.90912 -3.30536
-1.90983 -3.30512
-1.91052 -3.30483
-1.91119 -3.3045
-1.91184 -3.30414
-1.91247 -3.30373
-1.91307 -3.30328
-1.91364 -3.3028
-1.91418 -3.30228
-1.91456 -3.30186
-1.91772 -3.30432
-1.92335 -3.31
-1.92939 -3.31524
-1.93472 -3.32125
-1.94028 -3.32701
-1.94676 -3.33177
-1.95315 -3.33662
-1.95781 -3.34337
-1.96474 -3.34763
-1.96979 -3.35395
-1.9756 -3.35944
-1.98209 -3.36418
-1.98738 -3.37024
-1.99458 -3.3742
-1.99953 -3.38063
-2.00562 -3.38581
-2.01186 -3.39083
-2.01806 -3.39589
-2.02295 -3.40239
-2.02901 -3.40761
-2.03502 -3.41287
-2.04165 -3.41746
-2.04777 -3.4226
-2.05332 -3.42838
-2.05951 -3.43345
-2.06529 -3.43897
-2.07107 -3.44449
-2.07642 -3.45049
-2.08226 -3.45594
-2.0886 -3.46085
-2.09482 -3.46588
-2.101 -3.47097
-2.10697 -3.47628
-2.1119 -3.48274
-2.11765 -3.48829
-2.12475 -3.49236
-2.13047 -3.49795
-2.13532 -3.50449
-2.14201 -3.50902
-2.14736 -3.51501
-2.15309 -3.52059
-2.15985 -3.52503
-2.16553 -3.53066
-2.17183 -3.53561
-2.17728 -3.54149
-2.18345 -3.54658
-2.18855 -3.55286
-2.19479 -3.55787
-2.20059 -3.56337
-2.20624 -3.56904
-2.21337 -3.57307
-2.21912 -3.57863
-2.22498 -3.58406
-2.2304 -3.58998
-2.23656 -3.59508
-2.24177 -3.60123
-2.24895 -3.60521
-2.25443 -3.61106
-2.26056 -3.6162
-2.26654 -3.6215
-2.27213 -3.62723
-2.27752 -3.63319
-2.28332 -3.63868
-2.28963 -3.64362
-2.29602 -3.64847
-2.30206 -3.6537
-2.3073 -3.65982
-2.31301 -3.66543
-2.31952 -3.67014
-2.32486 -3.67615
-2.33068 -3.68163
-2.33694 -3.68661
-2.34363 -3.69114
-2.3484 -3.69777
-2.35534 -3.70201
-2.3607 -3.708
-2.36615 -3.71388
-2.37223 -3.71908
-2.37816 -3.72443
-2.38423 -3.72963
-2.39008 -3.73508
-2.39597 -3.74047
-2.40255 -3.74511
-2.40857 -3.75038
-2.41444 -3.75579
-2.42003 -3.76153
-2.42631 -3.7665
-2.43226 -3.77184
-2.43795 -3.77745
-2.44359 -3.78313
-2.44932 -3.78871
-2.4552 -3.79412
-2.46156 -3.79901
-2.46704 -3.80486
-2.47342 -3.80972
-2.47911 -3.81533
-2.48546 -3.82023
-2.49103 -3.82598
-2.49619 -3.83219
-2.5031 -3.83647
-2.50906 -3.84178
-2.51391 -3.84834
-2.52088 -3.85255
-2.52657 -3.85816
-2.53291 -3.86308
-2.53878 -3.8685
-2.54387 -3.87478
-2.55059 -3.87927
-2.55657 -3.88457
-2.56146 -3.89106
-2.56741 -3.8964
-2.57419 -3.90082
-2.57917 -3.90722
-2.58516 -3.91251
-2.59201 -3.91686
-2.59758 -3.92261
-2.60259 -3.92898
-2.60914 -3.93366
-2.61555 -3.93848
-2.6207 -3.9447
-2.62748 -3.94911
-2.63259 -3.95537
-2.63901 -3.9602
-2.64443 -3.96611
-2.65092 -3.97085
-2.65616 -3.97697
-2.66264 -3.98172
-2.66846 -3.9872
-2.6749 -3.99199
-2.67978 -3.99851
-2.68583 -4.00373
-2.69194 -4.00889
-2.6975 -4.01465
-2.70422 -4.01914
-2.70924 -4.0255
-2.71575 -4.03022
-2.72198 -4.03524
-2.72781 -4.04071
-2.73328 -4.04657
-2.73878 -4.0524
-2.74564 -4.05673
-2.7517 -4.06194
-2.75672 -4.0683
-2.76314 -4.07312
-2.7689 -4.07866
-2.77465 -4.08422
-2.78076 -4.08937
-2.78623 -4.09523
-2.79251 -4.10021
-2.79793 -4.10613
-2.80411 -4.11121
-2.81046 -4.11611
-2.8168 -4.121
-2.82258 -4.12653
-2.82851 -4.13188
-2.83434 -4.13736
-2.84005 -4.14295
-2.84553 -4.1488
-2.85228 -4.15326
-2.85792 -4.15893
-2.86297 -4.16526
-2.86973 -4.1697
-2.87508 -4.1757
-2.88136 -4.18066
-2.88713 -4.1862
-2.89324 -4.19136
-2.8995 -4.19635
-2.90517 -4.20199
-2.91125 -4.20719
-2.91631 -4.2135
-2.92335 -4.21764
-2.92803 -4.22437
-2.93393 -4.22976
-2.94022 -4.23472
-2.94589 -4.24036
-2.95183 -4.24571
-2.95844 -4.25031
-2.96405 -4.25602
-2.97017 -4.26117
-2.976 -4.26663
-2.98122 -4.27277
-2.98815 -4.27703
-2.99425 -4.2822
-2.9993 -4.28852
-3.00512 -4.294
-3.01207 -4.29823
-3.01758 -4.30405
-3.0239 -4.30898
-3.0289 -4.31536
-3.03567 -4.31979
-3.0406 -4.32625
-3.0472 -4.33087
-3.05322 -4.33613
-3.05906 -4.34158
-3.06528 -4.34662
-3.07048 -4.35277
-3.07613 -4.35845
-3.08175 -4.36414
-3.0882 -4.36892
-3.09476 -4.37359
-3.1003 -4.37937
-3.10593 -4.38506
-3.112 -4.39026
-3.11799 -4.39555
-3.12327 -4.40162
-3.13027 -4.4058
-3.13535 -4.4121
-3.1419 -4.41677
-3.14732 -4.42269
-3.15317 -4.42813
-3.15995 -4.43255
-3.16528 -4.43857
-3.17104 -4.44412
-3.1776 -4.44877
-3.18352 -4.45414
-3.18837 -4.46069
-3.19509 -4.46518
-3.20026 -4.47137
-3.20678 -4.47607
-3.21201 -4.48221
-3.21863 -4.48681
-3.22475 -4.49195
-3.23091 -4.49705
-3.23675 -4.5025
-3.24154 -4.50912
-3.24844 -4.51341
-3.25351 -4.51971
-3.2604 -4.52401
-3.26563 -4.53014
-3.27114 -4.53596
-3.27796 -4.54033
-3.28289 -4.54679
-3.28887 -4.55209
-3.29576 -4.5564
-3.3015 -4.56195
-3.30671 -4.5681
-3.313 -4.57306
-3.31965 -4.57763
-3.32496 -4.58367
-3.33083 -4.58909
-3.33742 -4.59372
-3.3429 -4.59957
-3.34795 -4.6059
-3.35408 -4.61104
-3.3606 -4.61574
-3.3665 -4.62113
-3.37218 -4.62676
-3.37818 -4.63205
-3.38365 -4.6379
-3.38946 -4.64339
-3.39617 -4.6479
-3.40196 -4.6534
-3.40731 -4.65939
-3.41431 -4.66358
-3.41962 -4.66961
-3.42508 -4.67549
-3.43099 -4.68087
-3.43709 -4.68604
-3.44323 -4.69116
-3.44901 -4.69668
-3.45563 -4.70128
-3.46054 -4.70777
-3.46712 -4.7124
-3.47289 -4.71794
-3.47868 -4.72345
-3.48425 -4.7292
-3.4901 -4.73464
-3.49692 -4.73901
-3.50208 -4.74523
-3.50864 -4.74988
-3.51432 -4.75552
-3.51978 -4.76139
-3.5258 -4.76665
-3.53177 -4.77196
-3.53822 -4.77675
-3.5441 -4.78216
-3.5498 -4.78777
-3.55506 -4.79337
-3.55811 -4.79986
-3.55877 -4.80685
-3.5601 -4.81401
-3.55984 -4.82124
-3.56001 -4.82844
-3.56087 -4.83627
-3.56023 -4.8441
-3.55958 -4.85193
-3.56044 -4.85976
-3.56081 -4.86758
-3.56048 -4.87542
-3.56102 -4.88324
-3.56159 -4.89107
-3.56038 -4.8989
-3.56066 -4.90673
-3.56057 -4.91456
-3.56133 -4.92239
-3.56092 -4.93022
-3.56161 -4.93805
-3.56092 -4.94588
-3.56067 -4.95371
-3.56009 -4.96154
-3.56066 -4.96937
-3.56074 -4.9772
-3.56044 -4.98503
-3.56205 -4.99285
-3.56167 -5.00068
-3.56061 -5.00852
-3.56059 -5.01635
-3.56199 -5.02417
-3.5619 -5.032
-3.56055 -5.03983
-3.56074 -5.04766
-3.56246 -5.05548
-3.56162 -5.06332
-3.56221 -5.07114
-3.56232 -5.07897
-3.56103 -5.08681
-3.56272 -5.09463
-3.56104 -5.10247
-3.56233 -5.11029
-3.56098 -5.11813
-3.56126 -5.12592
-3.56197 -5.13173
-3.56079 -5.13746
-3.56119 -5.14324
-3.56006 -5.14893
-3.5579 -5.15445
-3.55154 -5.15934
-3.54541 -5.16447
-3.53988 -5.17028
-3.53442 -5.17616
-3.52845 -5.18148
-3.52254 -5.18686
-3.5154 -5.19088
-3.5104 -5.19728
-3.50421 -5.20235
-3.49837 -5.20781
-3.4928 -5.21357
-3.48592 -5.21788
-3.4799 -5.22314
-3.47384 -5.22835
-3.46814 -5.23397
-3.46241 -5.23955
-3.45602 -5.2444
-3.45036 -5.25006
-3.44514 -5.25622
-3.43898 -5.26133
-3.43335 -5.26702
-3.42689 -5.27179
-3.42019 -5.27629
-3.41512 -5.28261
-3.40888 -5.28762
-3.40317 -5.29324
-3.39721 -5.29855
-3.3905 -5.30305
-3.38505 -5.30895
-3.3787 -5.31384
-3.37271 -5.31913
-3.36703 -5.32478
-3.36115 -5.33019
-3.35535 -5.3357
-3.34882 -5.34039
-3.34337 -5.34629
-3.33793 -5.3522
-3.33145 -5.35694
-3.32533 -5.36209
-3.31979 -5.36789
-3.31332 -5.37264
-3.30782 -5.37849
-3.30233 -5.38434
-3.29558 -5.38879
-3.28986 -5.39438
-3.28457 -5.40045
-3.27863 -5.40581
-3.2718 -5.41017
-3.26642 -5.41614
-3.26011 -5.42108
-3.25404 -5.42628
-3.24772 -5.43121
-3.24229 -5.43712
-3.23638 -5.44251
-3.23025 -5.44765
-3.22751 -5.45057
-3.2275 -5.45055
-3.227 -5.45001
-3.22646 -5.4495
-3.2259 -5.44902
-3.22531 -5.44857
-3.22469 -5.44817
-3.22405 -5.4478
-3.22339 -5.44747
-3.22271 -5.44719
-3.22201 -5.44694
-3.2213 -5.44674
-3.22058 -5.44659
-3.21985 -5.44648
-3.21911 -5.44641
-3.21837 -5.44639
-3.21763 -5.44642
-3.20571 -5.44719
-3.20497 -5.44726
-3.20423 -5.44737
-3.20351 -5.44754
-3.20279 -5.44774
-3.20209 -5.448
-3.20141 -5.44829
-3.18185 -5.45813
-3.1812 -5.4585
-3.18057 -5.45891
-3.16396 -5.47114
-3.16339 -5.4716
-3.16284 -5.4721
-3.16233 -5.47262
-3.16186 -5.47318
-3.16141 -5.47377
-3.16101 -5.47438
-3.16064 -5.47501
-3.16031 -5.47567
-3.16002 -5.47635
-3.14838 -5.508
-3.14812 -5.50871
-3.14791 -5.50943
-3.14774 -5.51016
-3.14762 -5.51091
-3.14755 -5.51165
-3.14752 -5.5124
-3.14754 -5.51316
-3.14761 -5.51391
-3.14772 -5.51465
-3.14788 -5.51538
-3.14809 -5.51611
-3.14834 -5.51681
-3.14863 -5.51751
-3.14897 -5.51818
-3.14935 -5.51883
-3.14977 -5.51945
-3.1501 -5.51988
-3.1501 -5.51988
-3.14762 -5.52314
-3.14068 -5.52737
-3.13469 -5.53267
-3.12887 -5.53815
-3.12379 -5.54446
-3.11687 -5.54871
-3.11194 -5.55519
-3.10513 -5.55958
-3.09999 -5.56582
-3.09358 -5.57065
-3.08796 -5.57635
-3.08183 -5.58149
-3.07534 -5.58623
-3.06997 -5.59221
-3.0639 -5.59741
-3.05741 -5.60216
-3.05238 -5.60852
-3.04663 -5.61408
-3.03989 -5.61854
-3.03434 -5.62432
-3.02807 -5.6293
-3.02189 -5.63438
-3.01695 -5.64085
-3.01086 -5.64603
-3.00472 -5.65116
-2.99851 -5.65621
-2.99222 -5.66117
-2.98624 -5.66648
-2.98099 -5.67259
-2.97449 -5.67732
-2.96882 -5.68297
-2.96219 -5.68756
-2.95655 -5.69324
-2.95065 -5.69863
-2.94449 -5.70374
-2.93929 -5.70991
-2.93281 -5.71465
-2.92713 -5.72029
-2.92106 -5.7255
-2.91467 -5.73035
-2.90956 -5.73663
-2.90278 -5.74104
-2.89702 -5.74659
-2.8908 -5.75163
-2.88508 -5.75722
-2.8792 -5.76264
-2.87317 -5.7679
-2.86773 -5.7738
-2.86097 -5.77823
-2.85507 -5.78363
-2.84938 -5.78926
-2.8441 -5.79534
-2.83781 -5.8003
-2.83207 -5.80588
-2.82648 -5.81161
-2.81999 -5.81636
-2.81409 -5.82175
-2.80825 -5.82723
-2.80684 -5.82931
-2.80306 -5.83064
-2.79524 -5.83252
-2.78806 -5.8361
-2.7803 -5.83814
-2.77347 -5.84264
-2.76568 -5.8446
-2.75793 -5.84665
-2.75105 -5.85105
-2.74358 -5.85384
-2.73566 -5.85543
-2.72864 -5.85944
-2.72094 -5.86163
-2.71304 -5.8633
-2.70594 -5.86708
-2.69833 -5.86952
-2.69112 -5.87302
-2.68351 -5.87543
-2.67629 -5.87891
-2.66878 -5.88162
-2.66137 -5.88458
-2.6535 -5.88632
-2.64638 -5.89005
-2.63884 -5.89268
-2.63116 -5.89493
-2.62345 -5.89709
-2.61652 -5.90132
-2.60887 -5.90364
-2.60115 -5.90577
-2.59379 -5.90889
-2.58641 -5.91192
-2.57873 -5.91417
-2.57163 -5.91795
-2.56399 -5.92031
-2.55658 -5.92326
-2.5491 -5.92604
-2.54129 -5.92794
-2.534 -5.93123
-2.52655 -5.93408
-2.51893 -5.9365
-2.51149 -5.93939
-2.5039 -5.94186
-2.49645 -5.94473
-2.48946 -5.94881
-2.48137 -5.94995
-2.47442 -5.95414
-2.46648 -5.9557
-2.45937 -5.95947
-2.45205 -5.96267
-2.44432 -5.96477
-2.4371 -5.96826
-2.42972 -5.97131
-2.42203 -5.97351
-2.4147 -5.97668
-2.40679 -5.97831
-2.39974 -5.98223
-2.39224 -5.98498
-2.38443 -5.98687
-2.37711 -5.99007
-2.36926 -5.99185
-2.36238 -5.99625
-2.35497 -5.99919
-2.34707 -6.00086
-2.33951 -6.00342
-2.33213 -6.00647
-2.32503 -6.01027
-2.31706 -6.01172
-2.30977 -6.01501
-2.30238 -6.01803
-2.29466 -6.02018
-2.28708 -6.02269
-2.28008 -6.02673
-2.27211 -6.0282
-2.26509 -6.03222
-2.25783 -6.03559
-2.2497 -6.03661
-2.24261 -6.04044
-2.23494 -6.0427
-2.22766 -6.04601
-2.22021 -6.04888
-2.21247 -6.05097
-2.20488 -6.05344
-2.19742 -6.05626
-2.1903 -6.06
-2.18256 -6.0621
-2.17517 -6.06513
-2.16782 -6.06824
-2.16035 -6.07104
-2.15298 -6.07412
-2.14523 -6.07617
-2.13773 -6.0789
-2.13021 -6.08156
-2.1228 -6.08452
-2.11542 -6.08756
-2.10815 -6.09093
-2.10024 -6.09254
-2.09293 -6.09577
-2.08548 -6.09864
-2.07828 -6.10217
-2.07077 -6.10485
-2.06332 -6.1077
-2.05593 -6.11073
-2.04809 -6.11254
-2.04053 -6.11512
