2.32022 -6.10421
2.32716 -6.10029
2.33483 -6.09793
2.34141 -6.09325
2.34887 -6.09044
2.35587 -6.08666
2.36306 -6.08328
2.37079 -6.08103
2.37794 -6.07757
2.38473 -6.07333
2.39236 -6.07089
2.39935 -6.06707
2.40691 -6.06448
2.41348 -6.05979
2.42113 -6.05739
2.42826 -6.05388
2.43536 -6.05029
2.44299 -6.04786
2.45 -6.04409
2.45735 -6.04105
2.46462 -6.03784
2.47142 -6.03362
2.47848 -6.02997
2.48603 -6.02734
2.49333 -6.02419
2.50053 -6.02084
2.50719 -6.01631
2.51457 -6.01335
2.52224 -6.011
2.52931 -6.00736
2.53655 -6.00408
2.5437 -6.00061
2.5507 -5.99682
2.55786 -5.99337
2.56538 -5.99069
2.57212 -5.98634
2.57927 -5.98287
2.58706 -5.98079
2.59399 -5.97684
2.60086 -5.97277
2.60803 -5.96934
2.61568 -5.96695
2.62264 -5.96307
2.62993 -5.9599
2.63727 -5.95685
2.6445 -5.95355
2.65182 -5.95045
2.65871 -5.94641
2.66619 -5.94366
2.67343 -5.94038
2.68056 -5.93687
2.68749 -5.93294
2.69501 -5.93024
2.70217 -5.92681
2.70914 -5.92295
2.71613 -5.91914
2.72384 -5.91687
2.73056 -5.91248
2.73781 -5.90923
2.74503 -5.90591
2.75227 -5.90264
2.75966 -5.89969
2.76643 -5.89539
2.77385 -5.8925
2.7809 -5.88883
2.78853 -5.88638
2.7956 -5.88274
2.80274 -5.87926
2.80985 -5.8757
2.81733 -5.87294
2.82458 -5.86968
2.83136 -5.86542
2.83895 -5.8629
2.84609 -5.8594
2.85321 -5.85588
2.86029 -5.85225
2.8672 -5.84826
2.87509 -5.84639
2.88163 -5.84161
2.88887 -5.83835
2.89611 -5.83505
2.90383 -5.83282
2.91027 -5.82782
2.9175 -5.82453
2.92499 -5.82178
2.93229 -5.81863
2.93979 -5.81591
2.94679 -5.81212
2.95393 -5.80864
2.96139 -5.80583
2.96838 -5.80203
2.97543 -5.79838
2.98056 -5.7949
2.98564 -5.79138
2.98865 -5.7894
2.99432 -5.78378
3.00091 -5.77919
3.0066 -5.7736
3.0118 -5.76747
3.01849 -5.76298
3.02419 -5.7574
3.0301 -5.75206
3.03524 -5.74587
3.04143 -5.74082
3.04701 -5.73512
3.05365 -5.73057
3.05903 -5.72464
3.06514 -5.71951
3.07081 -5.7139
3.07755 -5.70946
3.0825 -5.70306
3.08939 -5.6988
3.09493 -5.69304
3.10079 -5.68764
3.10587 -5.68139
3.11266 -5.677
3.11853 -5.67162
3.12438 -5.6662
3.1305 -5.66108
3.13636 -5.65568
3.14163 -5.64963
3.14739 -5.64412
3.15354 -5.63904
3.15989 -5.63417
3.16525 -5.62822
3.17171 -5.62348
3.17677 -5.6172
3.18313 -5.61234
3.18877 -5.6067
3.195 -5.60171
3.20047 -5.59588
3.20712 -5.59134
3.21197 -5.58483
3.21892 -5.58063
3.22479 -5.57523
3.23013 -5.56927
3.23557 -5.5634
3.2413 -5.55785
3.24716 -5.55246
3.25393 -5.54805
3.25951 -5.54234
3.26564 -5.53724
3.27124 -5.53155
3.27743 -5.52651
3.28333 -5.52115
3.28858 -5.51508
3.29552 -5.51086
3.30139 -5.50547
3.30623 -5.49895
3.31328 -5.49486
3.319 -5.4893
3.32485 -5.48388
3.3304 -5.47815
3.33596 -5.47242
3.34243 -5.46769
3.34769 -5.46163
3.35408 -5.4568
3.36034 -5.45184
3.36606 -5.44628
3.37144 -5.44036
3.37749 -5.43517
3.38355 -5.42998
3.38909 -5.42423
3.39509 -5.41898
3.40054 -5.41313
3.40673 -5.40809
3.41236 -5.40244
3.41905 -5.39794
3.42522 -5.39288
3.42993 -5.38622
3.43587 -5.3809
3.44265 -5.37652
3.44762 -5.37014
3.45349 -5.36474
3.46001 -5.36007
3.46638 -5.35523
3.47205 -5.34962
3.47811 -5.34444
3.4836 -5.33863
3.48993 -5.33374
3.49469 -5.32713
3.50113 -5.32237
3.50695 -5.31691
3.5124 -5.31107
3.51865 -5.30609
3.52502 -5.30125
3.53121 -5.29621
3.53633 -5.29
3.5421 -5.2845
3.54882 -5.28003
3.55483 -5.2748
3.5598 -5.26843
3.56577 -5.26314
3.57175 -5.25787
3.57818 -5.25309
3.5835 -5.2471
3.58895 -5.24125
3.59601 -5.23716
3.60155 -5.23141
3.60771 -5.22634
3.61347 -5.22083
3.61859 -5.21461
3.62438 -5.20913
3.63087 -5.20443
3.63713 -5.19947
3.64289 -5.19395
3.64824 -5.18799
3.65435 -5.18286
3.66069 -5.17798
3.66584 -5.17181
3.67154 -5.16623
3.67827 -5.16179
3.68371 -5.15592
3.68994 -5.15092
3.69606 -5.1458
3.70162 -5.14008
3.70717 -5.13434
3.71306 -5.12897
3.71933 -5.12401
3.72499 -5.11839
3.73039 -5.11248
3.73742 -5.10837
3.74268 -5.10231
3.74825 -5.09659
3.75424 -5.09133
3.76064 -5.08652
3.76632 -5.08091
3.76979 -5.07663
3.77242 -5.07173
3.7771 -5.06773
3.78057 -5.06287
3.78358 -5.05766
3.78782 -5.05153
3.79261 -5.04568
3.79402 -5.04031
3.79623 -5.03535
3.79929 -5.03084
3.79962 -5.0267
3.79999 -5.02255
3.79849 -5.01457
3.79896 -5.00656
3.79907 -4.99856
3.79991 -4.99056
3.79954 -4.98256
3.79865 -4.97457
3.79954 -4.96656
3.79907 -4.95857
3.7978 -4.95058
3.79779 -4.94258
3.79899 -4.93457
3.79852 -4.92658
3.79853 -4.91858
3.79787 -4.91058
3.79934 -4.90257
3.79925 -4.89457
3.79758 -4.88659
3.79892 -4.87858
3.79822 -4.87058
3.79807 -4.86259
3.79851 -4.85458
3.79853 -4.84658
3.79824 -4.83859
3.79707 -4.8306
3.79675 -4.8226
3.79705 -4.8146
3.79786 -4.80659
3.79684 -4.7986
3.79697 -4.7906
3.7966 -4.78261
3.79638 -4.77461
3.79698 -4.76894
3.79461 -4.76317
3.79159 -4.75768
3.78726 -4.75424
3.78429 -4.74972
3.78075 -4.74566
3.77652 -4.74159
3.77271 -4.73718
3.76945 -4.73232
3.76559 -4.72719
3.76151 -4.72225
3.75703 -4.71766
3.75086 -4.7126
3.7445 -4.70774
3.73868 -4.70226
3.73325 -4.69633
3.7269 -4.69146
3.72115 -4.6859
3.71444 -4.68146
3.70939 -4.67509
3.70319 -4.67004
3.69691 -4.6651
3.69008 -4.66079
3.6842 -4.65537
3.67891 -4.64928
3.67211 -4.64494
3.66632 -4.63942
3.66009 -4.63441
3.6551 -4.62799
3.64874 -4.62313
3.64284 -4.61775
3.63582 -4.61365
3.63075 -4.6073
3.62386 -4.60306
3.61842 -4.59714
3.6122 -4.59213
3.60647 -4.58654
3.60074 -4.58096
3.5947 -4.57574
3.58759 -4.57175
3.58208 -4.56591
3.57602 -4.56071
3.57066 -4.5547
3.56457 -4.54953
3.55736 -4.54566
3.55228 -4.53933
3.54591 -4.53448
3.53978 -4.52937
3.53349 -4.52443
3.52812 -4.51843
3.52213 -4.51315
3.51566 -4.50842
3.50998 -4.50277
3.50397 -4.49753
3.49815 -4.49205
3.49212 -4.48681
3.48524 -4.48254
3.47903 -4.47752
3.47325 -4.47199
3.4678 -4.4661
3.46091 -4.46185
3.45516 -4.45629
3.44913 -4.45106
3.44358 -4.44526
3.43761 -4.43996
3.43188 -4.43437
3.42553 -4.42951
3.41932 -4.42448
3.41348 -4.41902
3.40683 -4.4145
3.40101 -4.40903
3.39462 -4.40421
3.38958 -4.39783
3.38248 -4.39383
3.37661 -4.3884
3.37146 -4.38216
3.36513 -4.37727
3.35891 -4.37224
3.35255 -4.36739
3.34732 -4.36124
3.3406 -4.35679
3.33468 -4.35142
3.32916 -4.3456
3.32319 -4.3403
3.31701 -4.33523
3.31084 -4.33016
3.30403 -4.32582
3.2983 -4.32024
3.29241 -4.31485
3.28624 -4.30977
3.28075 -4.30391
3.27442 -4.29903
3.26879 -4.29333
3.26198 -4.28898
3.25579 -4.28394
3.25085 -4.27744
3.24429 -4.27282
3.23772 -4.26821
3.23259 -4.26193
3.22659 -4.25666
3.21979 -4.25232
3.21389 -4.24693
3.20817 -4.24134
3.20264 -4.23552
3.1965 -4.23041
3.18976 -4.22599
3.18423 -4.22018
3.17844 -4.21466
3.17161 -4.21035
3.16634 -4.20424
3.15972 -4.19968
3.1535 -4.19467
3.14765 -4.18922
3.14147 -4.18416
3.13589 -4.17841
3.13022 -4.17276
3.12337 -4.16846
3.11744 -4.16312
3.11168 -4.15756
3.10494 -4.15315
3.09907 -4.14772
3.09402 -4.14137
3.08707 -4.13719
3.08211 -4.13071
3.07595 -4.12563
3.06875 -4.12174
3.06315 -4.11601
3.05677 -4.11118
3.05188 -4.10463
3.04472 -4.1007
3.0397 -4.0943
3.03296 -4.08988
3.02672 -4.08488
3.02098 -4.07932
3.01498 -4.07404
3.00953 -4.06813
3.00343 -4.06298
2.99753 -4.05759
2.99152 -4.05234
2.98458 -4.04815
2.97957 -4.04173
2.97327 -4.03681
2.9669 -4.03197
2.9612 -4.02636
2.95475 -4.0216
2.94823 -4.01693
2.94279 -4.01101
2.93669 -4.00586
2.93057 -4.00072
2.92491 -3.99506
2.91809 -3.99074
2.91201 -3.98556
2.90649 -3.97973
2.90058 -3.97436
2.89469 -3.96896
2.88791 -3.96459
2.88254 -3.95859
2.87698 -3.95282
2.86975 -3.94896
2.86477 -3.94251
2.85849 -3.93756
2.85291 -3.93181
2.84656 -3.92694
2.84014 -3.92216
2.83432 -3.91668
2.82878 -3.91089
2.82219 -3.9063
2.81556 -3.90175
2.81058 -3.89529
2.80397 -3.89074
2.79861 -3.88472
2.79243 -3.87966
2.78583 -3.87508
2.7798 -3.86984
2.77346 -3.86497
2.76832 -3.8587
2.76142 -3.85447
2.75579 -3.84877
2.74927 -3.84411
2.74416 -3.83781
2.73722 -3.83362
2.73217 -3.82726
2.72523 -3.82307
2.71899 -3.81808
2.71403 -3.8116
2.70696 -3.80757
2.70148 -3.80169
2.69573 -3.79614
2.68931 -3.79135
2.68285 -3.78661
2.67773 -3.78033
2.67182 -3.77495
2.66586 -3.76963
2.65909 -3.76525
2.65297 -3.76011
2.64701 -3.7548
2.64159 -3.74886
2.63544 -3.74376
2.62882 -3.73921
2.62351 -3.73314
2.6171 -3.72834
2.61145 -3.72267
2.60505 -3.71786
2.59875 -3.71294
2.59245 -3.70801
2.58644 -3.70275
2.58087 -3.69698
2.5752 -3.69134
2.5686 -3.68675
2.56243 -3.68168
2.55655 -3.67627
2.55007 -3.67156
2.5441 -3.66625
2.53844 -3.66058
2.53201 -3.65581
2.52635 -3.65015
2.52102 -3.64411
2.51421 -3.63977
2.50791 -3.63484
2.50267 -3.6287
2.49678 -3.6233
2.49054 -3.6183
2.48426 -3.61336
2.47854 -3.60777
2.47275 -3.60225
2.46592 -3.59794
2.46046 -3.59204
2.45427 -3.58699
2.44791 -3.58214
2.442 -3.57676
2.43571 -3.57182
2.42991 -3.56633
2.4239 -3.56106
2.41756 -3.55619
2.41166 -3.5508
2.40629 -3.54481
2.39983 -3.54007
2.39422 -3.53434
2.38746 -3.52995
2.38146 -3.52468
2.37539 -3.51948
2.36908 -3.51457
2.36405 -3.50818
2.35729 -3.5038
2.3511 -3.49873
2.34573 -3.49275
2.33981 -3.48738
2.33316 -3.48285
2.32734 -3.47738
2.32117 -3.4723
2.31588 -3.46621
2.3095 -3.46138
2.30313 -3.45654
2.29745 -3.4509
2.29187 -3.44514
2.28477 -3.44114
2.27977 -3.43472
2.2737 -3.42953
2.26707 -3.42498
2.26077 -3.42006
2.25535 -3.41412
2.24897 -3.40929
2.24316 -3.4038
2.23764 -3.39797
2.23111 -3.39331
2.22458 -3.38866
2.21889 -3.38303
2.21315 -3.37746
2.20684 -3.37254
2.20039 -3.36779
2.19527 -3.36151
2.1885 -3.35712
2.18274 -3.35158
2.1763 -3.34681
2.1713 -3.34039
2.16495 -3.33552
2.15806 -3.33127
2.15288 -3.32506
2.14654 -3.32018
2.14091 -3.31448
2.13492 -3.3092
2.12792 -3.30508
2.12273 -3.29887
2.1163 -3.29411
2.11011 -3.28905
2.10404 -3.28387
2.0979 -3.27875
2.09178 -3.27362
2.08558 -3.26858
2.0802 -3.2626
2.07452 -3.25696
2.06764 -3.2527
2.06174 -3.24731
2.05619 -3.24152
2.04956 -3.23698
2.04467 -3.23044
2.038 -3.22593
2.03259 -3.21998
2.0254 -3.21608
2.01965 -3.21053
2.01345 -3.20548
2.00797 -3.19961
2.00153 -3.19485
1.99568 -3.18941
1.9903 -3.18342
1.98377 -3.17876
1.9781 -3.17311
1.97122 -3.16886
1.96547 -3.1633
1.95946 -3.15804
1.9541 -3.15203
1.94722 -3.14777
1.94147 -3.14221
1.93601 -3.13632
1.92972 -3.13138
1.92329 -3.1266
1.91745 -3.12115
1.91163 -3.11568
1.90505 -3.11107
1.89985 -3.10488
1.89292 -3.10068
1.88722 -3.09507
1.88154 -3.08943
1.87497 -3.08481
1.86958 -3.07883
1.8633 -3.07389
1.85703 -3.06893
1.85144 -3.06318
1.84469 -3.05878
1.83928 -3.05283
1.83243 -3.04854
1.82695 -3.04267
1.82069 -3.03769
1.81425 -3.03294
1.80868 -3.02717
1.80213 -3.02253
1.79684 -3.01645
1.7905 -3.01156
1.7852 -3.00549
1.77846 -3.00107
1.77254 -2.9957
1.76674 -2.99021
1.75993 -2.98587
1.75487 -2.97952
1.74906 -2.97402
1.74214 -2.96981
1.73577 -2.96496
1.73038 -2.95899
1.72473 -2.95332
1.71861 -2.94819
1.7129 -2.94258
1.70658 -2.93768
1.70017 -2.93289
1.69437 -2.92738
1.68835 -2.92214
1.68265 -2.91652
1.67641 -2.91153
1.66976 -2.907
1.66426 -2.90116
1.65771 -2.89652
1.65212 -2.89078
1.64545 -2.88628
1.6404 -2.87991
1.63336 -2.87584
1.62799 -2.86984
1.62131 -2.86536
1.61571 -2.85963
1.60964 -2.85443
1.60401 -2.84874
1.59763 -2.8439
1.59178 -2.83846
1.58533 -2.83371
1.57902 -2.82879
1.57389 -2.82253
1.56694 -2.81834
1.56151 -2.81241
1.55538 -2.8073
1.54973 -2.80163
1.54279 -2.79744
1.53695 -2.79198
1.53161 -2.78595
1.52531 -2.78103
1.51885 -2.77628
1.51304 -2.7708
1.50759 -2.76489
1.50096 -2.76034
1.49457 -2.75553
1.48914 -2.74959
1.48355 -2.74385
1.47755 -2.73858
1.47056 -2.73445
1.46518 -2.72847
1.45852 -2.72396
1.45296 -2.71818
1.44719 -2.71264
1.44066 -2.70799
1.43456 -2.70283
1.42895 -2.6971
1.42283 -2.69197
1.41611 -2.68754
1.41035 -2.68199
1.40529 -2.67563
1.3986 -2.67116
1.39295 -2.66549
1.3872 -2.65993
1.3811 -2.65477
1.37491 -2.64972
1.36795 -2.64556
1.36261 -2.63953
1.35653 -2.63435
1.35034 -2.62929
1.34437 -2.62399
1.33846 -2.61861
1.33214 -2.61371
1.3257 -2.60895
1.31999 -2.60335
1.31415 -2.59789
1.30796 -2.59284
1.30244 -2.58702
1.29587 -2.58239
1.28994 -2.57704
1.28461 -2.57101
1.27818 -2.56623
1.27257 -2.56051
1.2662 -2.55567
1.26045 -2.5501
1.25344 -2.54599
1.24796 -2.54013
1.24163 -2.53524
1.23624 -2.52926
1.22993 -2.52435
1.22335 -2.51975
1.21813 -2.51358
1.212 -2.50846
1.2051 -2.50423
1.199 -2.49907
1.19382 -2.49285
1.18733 -2.48815
1.18165 -2.48251
1.17539 -2.47754
1.16937 -2.47229
1.16305 -2.46738
1.15699 -2.46218
1.15144 -2.4564
1.14479 -2.45188
1.13942 -2.44588
1.13261 -2.44155
1.12666 -2.43622
1.12107 -2.43047
1.11578 -2.42438
1.10865 -2.42042
1.10368 -2.41396
1.09661 -2.40992
1.09052 -2.40475
1.08515 -2.39876
1.07842 -2.39433
1.0723 -2.38919
1.06665 -2.38352
1.06024 -2.37872
1.05498 -2.3726
1.0484 -2.36799
1.0427 -2.36237
1.03657 -2.35725
1.03121 -2.35125
1.02519 -2.346
1.01901 -2.34094
1.01235 -2.33643
1.00606 -2.3315
1.00056 -2.32565
0.994896 -2.31999
0.98862 -2.31504
0.982777 -2.30958
0.975921 -2.3053
0.97083 -2.29898
0.964291 -2.29433
0.958521 -2.2888
0.951816 -2.28434
0.94625 -2.27857
0.939751 -2.27387
0.93387 -2.26846
0.927661 -2.26343
0.92256 -2.25713
0.91581 -2.25272
0.910381 -2.24679
0.904496 -2.24139
0.897919 -2.23678
0.892103 -2.2313
0.885585 -2.22663
0.879709 -2.22121
0.87447 -2.21507
0.8684 -2.20987
0.861794 -2.2053
0.855609 -2.20025
0.850361 -2.1941
0.844511 -2.19038
0.839523 -2.18567
0.83443 -2.18107
0.829472 -2.17631
0.824015 -2.17211
0.817183 -2.16786
0.811562 -2.16207
0.804753 -2.15779
0.798562 -2.15273
0.792387 -2.14765
0.785496 -2.14347
0.779765 -2.13782
0.773099 -2.13336
0.766635 -2.12864
0.760318 -2.12374
0.755217 -2.11729
0.748866 -2.11243
0.74144 -2.10893
0.735671 -2.10333
0.729681 -2.09801
0.723139 -2.09339
0.716976 -2.08829
0.710364 -2.08376
0.704566 -2.0782
0.69808 -2.07351
0.69224 -2.068
0.685953 -2.06306
0.679042 -2.05891
0.673225 -2.05337
0.666729 -2.04869
0.660666 -2.04346
0.653846 -2.0392
0.648168 -2.03348
0.641849 -2.02858
0.635181 -2.02412
0.629384 -2.01856
0.622662 -2.01417
0.615906 -2.00982
0.609567 -2.00494
0.604286 -1.99872
0.597103 -1.99492
0.591502 -1.98911
0.584749 -1.98475
0.578863 -1.9793
0.572224 -1.97481
0.566131 -1.96962
0.559382 -1.96526
0.553705 -1.95955
0.547146 -1.95495
0.540371 -1.95063
0.534647 -1.94497
0.528168 -1.94027
0.521767 -1.93547
0.516067 -1.92978
0.509237 -1.92553
0.503181 -1.9203
0.497411 -1.9147
0.490399 -1.91067
0.484365 -1.90541
0.478244 -1.90026
0.471581 -1.89579
0.465667 -1.89038
0.45967 -1.88506
0.45255 -1.88118
0.446535 -1.87589
0.439777 -1.87155
0.434138 -1.86578
0.428108 -1.86051
0.421253 -1.85629
0.414975 -1.85134
0.4092 -1.84574
0.40235 -1.84152
0.396673 -1.8358
0.389902 -1.83147
0.383179 -1.82708
0.377966 -1.82078
0.371046 -1.81664
0.364334 -1.81224
0.359126 -1.80592
0.351953 -1.80211
0.345745 -1.79706
0.339742 -1.79176
0.333053 -1.78733
0.326981 -1.78211
0.32118 -1.77655
0.314959 -1.77153
0.308873 -1.76633
0.301711 -1.7625
0.295399 -1.75759
0.28906 -1.75271
0.283295 -1.7471
0.276874 -1.74233
0.270505 -1.73749
0.264218 -1.73255
0.258211 -1.72725
0.251759 -1.72252
0.245836 -1.71712
0.239847 -1.71179
0.232912 -1.70768
0.22611 -1.70339
0.220545 -1.69753
0.214533 -1.69224
0.207864 -1.68778
0.201728 -1.68264
0.195085 -1.67815
0.189434 -1.6724
0.183071 -1.66756
0.176376 -1.66313
0.169627 -1.65878
0.163757 -1.6533
0.157785 -1.64796
0.150712 -1.64402
0.144455 -1.63904
0.138928 -1.63313
0.132552 -1.6283
0.125564 -1.62425
0.119817 -1.61864
0.111961 -1.61813
0.104104 -1.61854
0.0962482 -1.61832
0.0883919 -1.61883
0.0805356 -1.61845
0.0726794 -1.61813
0.0648231 -1.61802
0.0569668 -1.61856
0.0491106 -1.61877
0.0412543 -1.61904
0.033398 -1.6182
0.0255417 -1.61899
0.0176855 -1.61955
0.0098292 -1.61859
0.00197293 -1.6177
-0.00536953 -1.61924
-0.012357 -1.62334
-0.0176292 -1.6295
-0.0238311 -1.63455
-0.0298519 -1.63981
-0.0364138 -1.64443
-0.0424897 -1.64962
-0.049186 -1.65407
-0.0549451 -1.65965
-0.0606872 -1.66525
-0.0674848 -1.66958
-0.0732221 -1.67518
-0.0795755 -1.68005
-0.0863741 -1.68438
-0.0915725 -1.69063
-0.0982791 -1.69507
-0.103932 -1.70077
-0.110173 -1.70577
-0.117047 -1.71001
-0.122708 -1.71571
-0.129236 -1.72036
-0.134328 -1.72674
-0.141222 -1.73095
-0.146915 -1.73661
-0.15307 -1.74171
-0.159581 -1.74639
-0.166233 -1.75089
-0.171771 -1.75674
-0.177404 -1.76247
-0.183969 -1.76708
-0.190382 -1.77187
-0.196199 -1.77738
-0.201928 -1.78299
-0.208758 -1.78728
-0.215448 -1.79174
-0.221322 -1.79718
-0.22765 -1.80207
-0.233288 -1.8078
-0.239105 -1.81331
-0.245335 -1.81832
-0.251148 -1.82383
-0.258085 -1.828
-0.264578 -1.83269
-0.269568 -1.83919
-0.275833 -1.84416
-0.282084 -1.84915
-0.288247 -1.85424
-0.294127 -1.85968
-0.300911 -1.86402
-0.306694 -1.86957
-0.313019 -1.87447
-0.318982 -1.8798
-0.325119 -1.88493
-0.331307 -1.88999
-0.338412 -1.89395
-0.343351 -1.90051
-0.349645 -1.90545
-0.356077 -1.91022
-0.361749 -1.9159
-0.368485 -1.9203
-0.375082 -1.92487
-0.38143 -1.92975
-0.387511 -1.93494
-0.392624 -1.94129
-0.399755 -1.94522
-0.404861 -1.95158
-0.411076 -1.95661
-0.417832 -1.96099
-0.423711 -1.96643
-0.429852 -1.97155
-0.43572 -1.97699
-0.442315 -1.98157
-0.448583 -1.98653
-0.454594 -1.99181
-0.46099 -1.99662
-0.466251 -2.0028
-0.472474 -2.00782
-0.479242 -2.01218
-0.485299 -2.0174
-0.491469 -2.02249
-0.497104 -2.02822
-0.503668 -2.03283
-0.510411 -2.03722
-0.516646 -2.04223
-0.522523 -2.04766
-0.528744 -2.05269
-0.534451 -2.05833
-0.540234 -2.06388
-0.546857 -2.06842
-0.553387 -2.07307
-0.558882 -2.07896
-0.565047 -2.08405
-0.57104 -2.08935
-0.577962 -2.09353
-0.583048 -2.09992
-0.589423 -2.10476
-0.595999 -2.10935
-0.602195 -2.1144
-0.608597 -2.11921
-0.614832 -2.12422
-0.620899 -2.12942
-0.626246 -2.1355
-0.632288 -2.14074
-0.639338 -2.14476
-0.64477 -2.15073
-0.651385 -2.15528
-0.657662 -2.16024
-0.663788 -2.16538
-0.669558 -2.17094
-0.676113 -2.17556
-0.682027 -2.18095
-0.688712 -2.18542
-0.694722 -2.1907
-0.700849 -2.19583
-0.706339 -2.20173
-0.712944 -2.20629
-0.718554 -2.21205
-0.724877 -2.21695
-0.730812 -2.22232
-0.737693 -2.22655
-0.743153 -2.23246
-0.748214 -2.23529
-0.753224 -2.24165
-0.758761 -2.24744
-0.765566 -2.25185
-0.771051 -2.25769
-0.777024 -2.26301
-0.783584 -2.26768
-0.788767 -2.27386
-0.794435 -2.2795
-0.800292 -2.28494
-0.807118 -2.28933
-0.812722 -2.29504
-0.818142 -2.30096
-0.824198 -2.30618
-0.830666 -2.31095
-0.836088 -2.31687
-0.842177 -2.32205
-0.847887 -2.32765
-0.853473 -2.33339
-0.860037 -2.33806
-0.865097 -2.34437
-0.87105 -2.3497
-0.876783 -2.35528
-0.883389 -2.3599
-0.889194 -2.3654
-0.894332 -2.37162
-0.900173 -2.37708
-0.906904 -2.38156
-0.911963 -2.38787
-0.918646 -2.39241
-0.924192 -2.39819
-0.930117 -2.40356
-0.935747 -2.40924
-0.941458 -2.41484
-0.947902 -2.41964
-0.954271 -2.42453
-0.958925 -2.43128
-0.965421 -2.43602
-0.971324 -2.44141
-0.977101 -2.44694
-0.982951 -2.45238
-0.989579 -2.45698
-0.994709 -2.46322
-1.00046 -2.46877
-1.00658 -2.47392
-1.01307 -2.47867
-1.01876 -2.4843
-1.0248 -2.48953
-1.03012 -2.49556
-1.03609 -2.50087
-1.0416 -2.5067
-1.04845 -2.51105
-1.05433 -2.51647
-1.06002 -2.52209
-1.06542 -2.52803
-1.07141 -2.53332
-1.07689 -2.53918
-1.08287 -2.54448
-1.0894 -2.54918
-1.09449 -2.55546
-1.10094 -2.56025
-1.10701 -2.56546
-1.11272 -2.57106
-1.11855 -2.57653
-1.12397 -2.58245
-1.12971 -2.58802
-1.13603 -2.59295
-1.14257 -2.59764
-1.1476 -2.60398
-1.15372 -2.60914
-1.15957 -2.61459
-1.16508 -2.6204
-1.17204 -2.62464
-1.17751 -2.6305
-1.18349 -2.6358
-1.18968 -2.64089
-1.19452 -2.64743
-1.20069 -2.65253
-1.20706 -2.65742
-1.21292 -2.66285
-1.21842 -2.66867
-1.22488 -2.67346
-1.23088 -2.67875
-1.2358 -2.68521
-1.24236 -2.68987
-1.24756 -2.69603
-1.2546 -2.70018
-1.25928 -2.7069
-1.26549 -2.71196
-1.2715 -2.71723
-1.27768 -2.72233
-1.28322 -2.7281
-1.28934 -2.73326
-1.29449 -2.73947
-1.30063 -2.74461
-1.30716 -2.74931
-1.31258 -2.75522
-1.31853 -2.76056
-1.32479 -2.76557
-1.33106 -2.77055
-1.33676 -2.77617
-1.34164 -2.78266
-1.34775 -2.78783
-1.35435 -2.79247
-1.36042 -2.79767
-1.3664 -2.80297
-1.37164 -2.80909
-1.37818 -2.81379
-1.38334 -2.81998
-1.38881 -2.82585
-1.39553 -2.83034
-1.4008 -2.83642
-1.40655 -2.84197
-1.41232 -2.84751
-1.41895 -2.85211
-1.42427 -2.85813
-1.43047 -2.8632
-1.43644 -2.86852
-1.44279 -2.87342
-1.44843 -2.8791
-1.45446 -2.88435
-1.46051 -2.88958
-1.46585 -2.89558
-1.47174 -2.90098
-1.47811 -2.90586
-1.48338 -2.91194
-1.48918 -2.91745
-1.49502 -2.92291
-1.50117 -2.92802
-1.50696 -2.93354
-1.51233 -2.93951
-1.51906 -2.94399
-1.52486 -2.9495
-1.5306 -2.95507
-1.5371 -2.95981
-1.54237 -2.96589
-1.54815 -2.97141
-1.55365 -2.97724
-1.56049 -2.98161
-1.56613 -2.98729
-1.57207 -2.99263
-1.57795 -2.99805
-1.58387 -3.00342
-1.5895 -3.0091
-1.59562 -3.01426
-1.60126 -3.01994
-1.60682 -3.0257
-1.61371 -3.03001
-1.61927 -3.03577
-1.6247 -3.04168
-1.6306 -3.04708
-1.63602 -3.05299
-1.64234 -3.05793
-1.64852 -3.06301
-1.6543 -3.06853
-1.6603 -3.07382
-1.66605 -3.07938
-1.67137 -3.0854
-1.67729 -3.09077
-1.6841 -3.09518
-1.68999 -3.10057
-1.69612 -3.10572
-1.70087 -3.11236
-1.70685 -3.11767
-1.71302 -3.12277
-1.7184 -3.12872
-1.72482 -3.13355
-1.73145 -3.13815
-1.7361 -3.1449
-1.74292 -3.1493
-1.74785 -3.15575
-1.75458 -3.16024
-1.76079 -3.16529
-1.76586 -3.17159
-1.77173 -3.17701
-1.77751 -3.18254
-1.78379 -3.18752
-1.78985 -3.19273
-1.79616 -3.19768
-1.80167 -3.2035
-1.807 -3.20951
-1.81364 -3.2141
-1.81959 -3.21943
-1.8245 -3.22591
-1.83156 -3.23004
-1.83653 -3.23645
-1.84258 -3.24167
-1.84914 -3.24634
-1.85466 -3.25215
-1.86062 -3.25748
-1.86604 -3.2634
-1.87269 -3.26798
-1.87858 -3.27338
-1.88159 -3.27614
-1.88108 -3.27659
-1.88055 -3.27713
-1.88006 -3.27769
-1.8796 -3.27829
-1.87919 -3.27891
-1.87881 -3.27955
-1.87847 -3.28022
-1.87818 -3.28091
-1.87793 -3.28162
-1.87772 -3.28234
-1.87756 -3.28307
-1.87745 -3.28381
-1.87738 -3.28456
-1.87736 -3.28531
-1.87738 -3.28605
-1.87745 -3.2868
-1.87757 -3.28754
-1.87773 -3.28827
-1.88006 -3.29731
-1.88026 -3.29799
-1.8805 -3.29867
-1.88078 -3.29933
-1.8811 -3.29997
-1.88146 -3.30059
-1.88185 -3.30119
-1.90146 -3.32874
-1.9019 -3.32934
-1.90238 -3.32991
-1.9029 -3.33044
-1.90344 -3.33094
-1.90402 -3.33141
-1.90462 -3.33184
-1.90525 -3.33224
-1.90591 -3.33259
-1.90658 -3.3329
-1.94331 -3.3498
-1.94399 -3.35011
-1.94469 -3.35037
-1.9454 -3.35058
-1.94613 -3.35076
-1.94686 -3.35088
-1.9476 -3.35097
-1.94835 -3.351
-1.94909 -3.35099
-1.94983 -3.35093
-1.95057 -3.35083
-1.9513 -3.35068
-1.95202 -3.35049
-1.95273 -3.35025
-1.95342 -3.34997
-1.95409 -3.34965
-1.95474 -3.34928
-1.95536 -3.34888
-1.95596 -3.34843
-1.95653 -3.34796
-1.95707 -3.34744
-1.95758 -3.3469
-1.95771 -3.34675
-1.96042 -3.34971
-1.96677 -3.3546
-1.97289 -3.35976
-1.97815 -3.36585
-1.98416 -3.37113
-1.98968 -3.37693
-1.99548 -3.38243
-2.00159 -3.38759
-2.00816 -3.39226
-2.01367 -3.39808
-2.01896 -3.40413
-2.02492 -3.40946
-2.03104 -3.41462
-2.03662 -3.42036
-2.04336 -3.42483
-2.04914 -3.43036
-2.05434 -3.43651
-2.06026 -3.44189
-2.06626 -3.44717
-2.07236 -3.45235
-2.07878 -3.45717
-2.08391 -3.4634
-2.08998 -3.46862
-2.09619 -3.47366
-2.10235 -3.47878
-2.10775 -3.48472
-2.11315 -3.49065
-2.11929 -3.49578
-2.12556 -3.50077
-2.13071 -3.50699
-2.1366 -3.51238
-2.14329 -3.51692
-2.14935 -3.52214
-2.15416 -3.52872
-2.16119 -3.53288
-2.16637 -3.53906
-2.17172 -3.54504
-2.17867 -3.5493
-2.1844 -3.55487
-2.19056 -3.55999
-2.19632 -3.56553
-2.20208 -3.57108
-2.20706 -3.57747
-2.21338 -3.5824
-2.21918 -3.58791
-2.2254 -3.59295
-2.23184 -3.59775
-2.23779 -3.6031
-2.24288 -3.60937
-2.24861 -3.61495
-2.25429 -3.62058
-2.26134 -3.62473
-2.26674 -3.63066
-2.27182 -3.63694
-2.27892 -3.64103
-2.28457 -3.64669
-2.28961 -3.65302
-2.29559 -3.65833
-2.30151 -3.6637
-2.30842 -3.66799
-2.31303 -3.6748
-2.31912 -3.67997
-2.32557 -3.68477
-2.33151 -3.69012
-2.33699 -3.69597
-2.34355 -3.70065
-2.3484 -3.70719
-2.35424 -3.71264
-2.3612 -3.71688
-2.36736 -3.72199
-2.37306 -3.7276
-2.37841 -3.73359
-2.38396 -3.73936
-2.39075 -3.74379
-2.39657 -3.74927
-2.40188 -3.75531
-2.40731 -3.76121
-2.41396 -3.76578
-2.419 -3.77211
-2.42497 -3.77743
-2.43096 -3.78273
-2.4377 -3.7872
-2.4432 -3.79303
-2.4493 -3.79821
-2.45468 -3.80416
-2.46036 -3.8098
-2.46673 -3.81468
-2.47329 -3.81935
-2.47888 -3.82509
-2.4838 -3.83154
-2.49071 -3.83584
-2.49567 -3.84226
-2.50169 -3.84752
-2.50828 -3.85216
-2.51434 -3.85738
-2.51993 -3.86311
-2.52548 -3.86888
-2.53133 -3.87433
-2.53706 -3.87991
-2.5437 -3.8845
-2.54926 -3.89025
-2.55483 -3.89601
-2.56068 -3.90146
-2.56745 -3.9059
-2.57244 -3.91229
-2.5786 -3.9174
-2.58408 -3.92325
-2.59087 -3.92766
-2.59697 -3.93285
-2.60202 -3.93917
-2.60836 -3.94407
-2.61412 -3.94962
-2.62015 -3.95487
-2.62548 -3.96088
-2.63214 -3.96545
-2.63716 -3.9718
-2.64383 -3.97635
-2.64948 -3.98203
-2.65495 -3.98789
-2.66056 -3.9936
-2.6676 -3.99775
-2.67329 -4.00337
-2.67854 -4.00946
-2.68417 -4.01515
-2.69083 -4.01972
-2.69581 -4.02611
-2.7026 -4.03054
-2.70761 -4.0369
-2.71338 -4.04244
-2.72055 -4.04644
-2.72565 -4.05271
-2.73205 -4.05756
-2.73741 -4.06354
-2.74291 -4.06937
-2.74889 -4.07467
-2.75508 -4.07975
-2.7618 -4.08425
-2.76752 -4.08984
-2.77248 -4.09625
-2.77943 -4.1005
-2.78495 -4.10631
-2.79083 -4.11173
-2.79675 -4.1171
-2.80243 -4.12273
-2.8086 -4.12783
-2.81366 -4.13413
-2.81952 -4.13957
-2.82537 -4.14502
-2.83153 -4.15013
-2.83779 -4.15513
-2.84398 -4.16021
-2.84899 -4.16657
-2.85484 -4.17202
-2.86164 -4.17643
-2.86769 -4.18166
-2.87308 -4.1876
-2.87904 -4.19294
-2.88504 -4.19822
-2.89111 -4.20342
-2.89653 -4.20934
-2.90182 -4.2154
-2.90893 -4.21947
-2.91419 -4.22557
-2.91953 -4.23157
-2.92583 -4.23652
-2.9324 -4.24118
-2.93793 -4.24698
-2.94357 -4.25266
-2.94965 -4.25786
-2.95578 -4.263
-2.96096 -4.26918
-2.96722 -4.27417
-2.97243 -4.28032
-2.97917 -4.2848
-2.98471 -4.29058
-2.9911 -4.29544
-2.99626 -4.30164
-3.0021 -4.3071
-3.00901 -4.31139
-3.01413 -4.31764
-3.01972 -4.32337
-3.02573 -4.32864
-3.03229 -4.33331
-3.03798 -4.33894
-3.04411 -4.34408
-3.04953 -4.35
-3.05519 -4.35565
-3.06202 -4.36003
-3.06762 -4.36574
-3.07304 -4.37166
-3.07898 -4.37701
-3.08504 -4.38223
-3.09113 -4.38741
-3.09654 -4.39335
-3.10198 -4.39924
-3.10859 -4.40385
-3.11382 -4.40997
-3.12035 -4.41468
-3.12629 -4.42004
-3.13191 -4.42573
-3.13834 -4.43055
-3.14407 -4.43612
-3.14905 -4.44252
-3.15538 -4.44744
-3.16145 -4.45265
-3.16802 -4.45732
-3.17358 -4.46307
-3.1798 -4.46812
-3.18554 -4.47369
-3.1911 -4.47946
-3.19621 -4.4857
-3.20219 -4.49101
-3.20865 -4.49579
-3.21501 -4.50069
-3.21991 -4.50717
-3.22643 -4.51189
-3.23277 -4.5168
-3.23769 -4.52327
-3.24423 -4.52796
-3.24937 -4.53418
-3.25537 -4.53947
-3.26222 -4.54382
-3.26788 -4.54948
-3.27355 -4.55512
-3.27862 -4.56141
-3.28574 -4.56548
-3.2914 -4.57114
-3.29679 -4.57708
-3.30223 -4.58298
-3.30852 -4.58795
-3.3141 -4.59369
-3.31989 -4.5992
-3.32632 -4.60402
-3.3317 -4.60997
-3.33765 -4.61531
-3.34353 -4.62072
-3.34939 -4.62616
-3.35546 -4.63137
-3.3618 -4.63628
-3.36772 -4.64165
-3.37389 -4.64675
-3.37988 -4.65205
-3.38479 -4.65852
-3.39157 -4.66296
-3.39645 -4.66946
-3.40268 -4.67449
-3.40878 -4.67967
-3.41402 -4.68578
-3.42018 -4.69089
-3.426 -4.69637
-3.4322 -4.70144
-3.43791 -4.70704
-3.44452 -4.71165
-3.44955 -4.718
-3.45571 -4.7231
-3.46241 -4.72763
-3.4681 -4.73325
-3.47358 -4.73909
-3.47994 -4.74399
-3.48524 -4.75003
-3.49066 -4.75595
-3.49686 -4.76102
-3.5033 -4.76582
-3.50887 -4.77157
-3.51528 -4.77641
-3.52094 -4.78207
-3.52701 -4.78728
-3.53196 -4.79358
-3.53623 -4.79769
-3.54043 -4.80185
-3.54328 -4.8071
-3.54751 -4.81238
-3.55134 -4.81794
-3.5559 -4.82297
-3.55935 -4.82878
-3.56249 -4.8338
-3.56647 -4.83827
-3.56923 -4.84351
-3.57112 -4.84681
-3.57442 -4.85161
-3.57727 -4.85668
-3.57899 -4.86376
-3.57886 -4.87172
-3.57884 -4.87967
-3.58001 -4.88762
-3.57962 -4.89557
-3.58017 -4.90352
-3.57851 -4.91149
-3.57874 -4.91944
-3.57997 -4.92739
-3.57868 -4.93535
-3.5801 -4.9433
-3.57925 -4.95126
-3.57948 -4.95921
-3.58055 -4.96716
-3.57895 -4.97512
-3.57977 -4.98307
-3.5791 -4.99103
-3.57989 -4.99898
-3.57979 -5.00693
-3.58077 -5.01488
-3.58025 -5.02284
-3.5797 -5.0308
-3.58079 -5.03874
-3.58047 -5.0467
-3.58008 -5.05466
-3.57985 -5.06261
-3.58036 -5.07056
-3.57993 -5.07852
-3.57944 -5.08648
-3.58076 -5.09442
-3.58068 -5.10246
-3.57807 -5.10551
-3.57571 -5.10918
-3.57403 -5.11342
-3.57206 -5.11569
-3.56698 -5.12085
-3.56162 -5.12575
-3.55611 -5.13144
-3.55119 -5.13769
-3.54531 -5.14302
-3.5402 -5.14878
-3.53527 -5.15477
-3.52934 -5.16009
-3.52242 -5.1643
-3.51712 -5.17031
-3.51169 -5.17618
-3.50537 -5.18107
-3.49918 -5.18609
-3.49298 -5.19111
-3.48793 -5.1974
-3.4818 -5.20248
-3.47539 -5.20727
-3.46971 -5.21286
-3.46408 -5.2185
-3.45732 -5.22291
-3.45201 -5.2289
-3.44625 -5.23441
-3.43997 -5.23933
-3.43457 -5.24523
-3.42789 -5.24972
-3.42316 -5.25635
-3.41685 -5.26125
-3.41063 -5.26624
-3.40442 -5.27124
-3.39834 -5.27639
-3.39302 -5.28238
-3.38752 -5.28817
-3.38151 -5.2934
-3.37536 -5.29846
-3.36934 -5.30368
-3.36327 -5.30884
-3.3576 -5.31444
-3.35202 -5.32014
-3.34528 -5.32456
-3.33979 -5.33036
-3.33387 -5.33568
-3.32758 -5.3406
-3.32219 -5.34651
-3.31611 -5.35166
-3.31011 -5.35689
-3.30423 -5.36227
-3.29879 -5.36812
-3.2927 -5.37326
-3.2867 -5.3785
-3.28018 -5.38315
-3.27543 -5.38978
-3.2683 -5.39376
-3.26275 -5.39949
-3.25652 -5.40448
-3.25109 -5.41035
-3.24525 -5.41576
-3.24002 -5.42185
-3.23289 -5.42583
-3.22786 -5.43214
-3.22152 -5.437
-3.2156 -5.44232
-3.21054 -5.44861
-3.20341 -5.45259
-3.19854 -5.45908
-3.19274 -5.46453
-3.18967 -5.467
-3.18964 -5.46695
-3.18912 -5.4664
-3.18858 -5.46589
-3.188 -5.46541
-3.1874 -5.46497
-3.18677 -5.46456
-3.18611 -5.4642
-3.18543 -5.46388
-3.18474 -5.4636
-3.18403 -5.46336
-3.1833 -5.46317
-3.18257 -5.46303
-3.18182 -5.46293
-3.18108 -5.46288
-3.18033 -5.46287
-3.17958 -5.46291
-3.17883 -5.463
-3.1781 -5.46314
-3.16926 -5.46503
-3.16858 -5.4652
-3.16791 -5.46541
-3.14214 -5.47444
-3.14145 -5.47471
-3.14079 -5.47502
-3.14014 -5.47538
-3.13952 -5.47577
-3.13892 -5.4762
-3.13835 -5.47666
-3.13781 -5.47716
-3.1373 -5.47769
-3.13683 -5.47826
-3.13639 -5.47885
-3.13599 -5.47946
-3.11106 -5.52156
-3.11068 -5.5222
-3.11035 -5.52287
-3.11006 -5.52356
-3.10981 -5.52426
-3.1096 -5.52498
-3.10944 -5.5257
-3.10933 -5.52644
-3.10926 -5.52718
-3.10924 -5.52793
-3.10926 -5.52867
-3.10933 -5.52942
-3.10945 -5.53015
-3.10961 -5.53088
-3.10981 -5.5316
-3.11007 -5.5323
-3.11036 -5.53298
-3.11069 -5.53365
-3.11107 -5.53429
-3.11149 -5.53491
-3.11194 -5.5355
-3.11242 -5.53605
-3.11242 -5.53605
-3.10962 -5.53881
-3.10293 -5.54329
-3.0981 -5.54981
-3.09164 -5.55455
-3.08608 -5.56027
-3.08026 -5.5657
-3.0745 -5.57121
-3.06795 -5.57584
-3.06223 -5.58138
-3.05574 -5.58608
-3.0507 -5.59238
-3.04401 -5.59685
-3.03809 -5.60217
-3.03336 -5.60881
-3.0264 -5.61298
-3.02107 -5.61897
-3.01544 -5.62461
-3.00921 -5.62959
-3.00281 -5.63439
-2.99694 -5.63976
-2.99102 -5.64509
-2.98481 -5.6501
-2.98011 -5.65677
-2.97423 -5.66214
-2.96714 -5.66617
-2.96163 -5.67194
-2.95534 -5.67687
-2.95023 -5.68308
-2.94445 -5.68857
-2.93828 -5.69361
-2.93207 -5.69862
-2.92635 -5.70416
-2.92064 -5.70971
-2.91487 -5.71521
-2.90857 -5.72012
-2.90306 -5.72589
-2.89657 -5.73059
-2.89142 -5.73677
-2.88466 -5.74116
-2.87923 -5.74703
-2.87273 -5.75171
-2.86756 -5.75786
-2.86108 -5.76256
-2.85503 -5.76775
-2.84994 -5.77399
-2.84303 -5.77822
-2.83806 -5.78459
-2.83181 -5.78955
-2.82558 -5.79454
-2.82039 -5.80068
-2.8144 -5.80592
-2.80839 -5.81115
-2.80287 -5.81691
-2.79645 -5.82168
-2.79107 -5.82762
-2.78875 -5.82821
-2.78533 -5.82979
-2.7786 -5.83424
-2.77131 -5.83741
-2.76373 -5.8399
-2.75621 -5.84252
-2.74886 -5.84554
-2.74193 -5.84953
-2.73485 -5.85317
-2.72739 -5.85595
-2.71977 -5.85833
-2.71243 -5.86139
-2.70566 -5.86574
-2.69819 -5.86849
-2.69119 -5.87232
-2.68377 -5.87518
-2.67612 -5.87751
-2.66907 -5.88121
-2.66163 -5.88404
-2.65431 -5.88713
-2.64704 -5.89033
-2.63996 -5.89398
-2.63244 -5.89661
-2.62506 -5.89957
-2.61821 -5.90372
-2.61059 -5.90612
-2.60375 -5.91032
-2.59579 -5.91194
-2.58887 -5.91596
-2.58193 -5.91992
-2.57443 -5.9226
-2.56737 -5.92629
-2.56014 -5.92959
-2.55269 -5.93238
-2.54534 -5.93539
-2.53792 -5.93827
-2.5304 -5.94088
-2.52314 -5.94411
-2.51623 -5.94816
-2.50852 -5.95035
-2.50139 -5.95388
-2.49404 -5.95688
-2.48694 -5.96049
-2.47972 -5.96381
-2.472 -5.96598
-2.46533 -5.97057
-2.45739 -5.97223
-2.45005 -5.97528
-2.44304 -5.97908
-2.43581 -5.98238
-2.4282 -5.9848
-2.42128 -5.9888
-2.41421 -5.99247
-2.40695 -5.99571
-2.39923 -5.99787
-2.39243 -6.00217
-2.38472 -6.00435
-2.37762 -6.00795
-2.37046 -6.0114
-2.36309 -6.01438
-2.35553 -6.01692
-2.34874 -6.02124
-2.34086 -6.02304
-2.33374 -6.02659
-2.32682 -6.03059
-2.31937 -6.03339
-2.31198 -6.03631
-2.30496 -6.0401
-2.29739 -6.04262
-2.29007 -6.04571
-2.28314 -6.0497
-2.27537 -6.05176
-2.26837 -6.05559
-2.26104 -6.05864
-2.25376 -6.06183
-2.24658 -6.06523
-2.23934 -6.06852
-2.23209 -6.07177
-2.22469 -6.07467
-2.21738 -6.07779
-2.21019 -6.08119
-2.20272 -6.08393
-2.19527 -6.08671
-2.18798 -6.08988
-2.18082 -6.09333
-2.17363 -6.09672
-2.16604 -6.0992
-2.15895 -6.10282
-2.15141 -6.10539
-2.14441 -6.10923
-2.13696 -6.11202
-2.12978 -6.11544
