2.07378 -6.11429
2.08022 -6.10952
2.08766 -6.10652
2.09453 -6.1025
2.10178 -6.09915
2.10848 -6.09484
2.11559 -6.09125
2.1223 -6.08696
2.1286 -6.08195
2.13612 -6.07907
2.14317 -6.07537
2.14974 -6.07083
2.15622 -6.06613
2.16383 -6.06341
2.17002 -6.05821
2.17764 -6.05551
2.18402 -6.05063
2.19097 -6.04677
2.19793 -6.04291
2.20465 -6.03864
2.21163 -6.03482
2.21876 -6.03126
2.22552 -6.02706
2.23277 -6.0237
2.23965 -6.0197
2.2469 -6.01635
2.25324 -6.01142
2.26063 -6.00831
2.26757 -6.00443
2.27369 -5.9991
2.28146 -5.99666
2.28818 -5.99238
2.2952 -5.98863
2.3015 -5.98362
2.30894 -5.98061
2.31581 -5.9766
2.32242 -5.97213
2.32986 -5.96911
2.33623 -5.96422
2.34316 -5.96031
2.34985 -5.95598
2.35741 -5.95318
2.36375 -5.94823
2.37072 -5.9444
2.37795 -5.94103
2.38518 -5.93763
2.39113 -5.93202
2.39895 -5.92967
2.40572 -5.92547
2.41205 -5.92051
2.41915 -5.91691
2.42578 -5.91248
2.43292 -5.90894
2.4395 -5.90441
2.44728 -5.90199
2.45337 -5.89662
2.46071 -5.89341
2.46805 -5.89022
2.47417 -5.88491
2.48141 -5.88155
2.48814 -5.87728
2.49486 -5.87301
2.50196 -5.86939
2.5093 -5.86621
2.51573 -5.86141
2.52268 -5.85754
2.52971 -5.85381
2.53698 -5.85049
2.54347 -5.84581
2.55033 -5.8418
2.55702 -5.83746
2.56429 -5.83416
2.57138 -5.83053
2.57809 -5.82623
2.58547 -5.8231
2.59213 -5.81872
2.59902 -5.81476
2.60541 -5.8099
2.61254 -5.80641
2.61747 -5.8037
2.62388 -5.79895
2.62917 -5.79279
2.63628 -5.78891
2.64255 -5.78399
2.6482 -5.77828
2.65445 -5.77332
2.66075 -5.76842
2.66707 -5.76356
2.67364 -5.75901
2.68023 -5.75449
2.6857 -5.74855
2.69221 -5.74391
2.69908 -5.73975
2.70431 -5.7335
2.71106 -5.72917
2.7175 -5.72446
2.72361 -5.71933
2.72942 -5.71382
2.7356 -5.70877
2.74262 -5.7048
2.74861 -5.69951
2.7551 -5.69486
2.76137 -5.68993
2.76752 -5.68485
2.77334 -5.67935
2.77973 -5.67458
2.7864 -5.67015
2.79245 -5.66494
2.79901 -5.66037
2.80453 -5.6545
2.81079 -5.64955
2.81708 -5.64465
2.82324 -5.63958
2.82945 -5.63457
2.83601 -5.63001
2.84304 -5.62605
2.84928 -5.62108
2.85501 -5.61546
2.86146 -5.61076
2.86775 -5.60585
2.87338 -5.60013
2.88022 -5.59591
2.88582 -5.59014
2.89262 -5.58587
2.89913 -5.58125
2.90557 -5.57654
2.9113 -5.57092
2.91793 -5.56645
2.92422 -5.56154
2.93021 -5.55626
2.936 -5.55072
2.94203 -5.54549
2.94912 -5.54159
2.95477 -5.53588
2.96187 -5.53201
2.96706 -5.52571
2.97411 -5.52176
2.97964 -5.5159
2.98617 -5.5113
2.9929 -5.50694
2.9983 -5.50091
3.00571 -5.49744
3.01107 -5.49135
3.01754 -5.48668
3.0236 -5.48148
3.03031 -5.4771
3.03642 -5.47198
3.04308 -5.46753
3.04925 -5.46249
3.05472 -5.45654
3.06176 -5.45259
3.06742 -5.44689
3.0737 -5.44197
3.08009 -5.43719
3.08588 -5.43165
3.09214 -5.42671
3.09883 -5.42231
3.10543 -5.4178
3.11176 -5.41294
3.11753 -5.40738
3.12364 -5.40225
3.1297 -5.39706
3.13678 -5.39315
3.14253 -5.38757
3.14937 -5.38336
3.15497 -5.37758
3.16137 -5.37281
3.16767 -5.36792
3.17352 -5.36245
3.17996 -5.35774
3.18598 -5.35249
3.19243 -5.34779
3.19867 -5.34282
3.20556 -5.33868
3.21108 -5.33281
3.2176 -5.32819
3.22406 -5.3235
3.23066 -5.31899
3.23633 -5.31329
3.24312 -5.30903
3.24945 -5.30417
3.25573 -5.29925
3.26154 -5.29375
3.26743 -5.28833
3.27384 -5.28358
3.28055 -5.27921
3.28711 -5.27465
3.2934 -5.26974
3.2992 -5.26422
3.30488 -5.25854
3.31216 -5.25489
3.31792 -5.24931
3.32433 -5.24456
3.33001 -5.23888
3.33688 -5.23472
3.34348 -5.2302
3.34952 -5.22498
3.35533 -5.21947
3.36133 -5.2142
3.36836 -5.21023
3.37371 -5.20414
3.38087 -5.20034
3.38691 -5.19511
3.39328 -5.19031
3.39972 -5.18559
3.40527 -5.17976
3.41133 -5.17455
3.41855 -5.17083
3.42389 -5.16473
3.43096 -5.16081
3.43618 -5.15455
3.44259 -5.14979
3.4498 -5.14596
3.4535 -5.14078
3.45854 -5.13706
3.46276 -5.13245
3.46823 -5.12882
3.4688 -5.1266
3.47219 -5.12065
3.47536 -5.11459
3.47783 -5.10815
3.4785 -5.10202
3.48188 -5.09684
3.48398 -5.09111
3.4848 -5.08403
3.48628 -5.07701
3.48538 -5.07065
3.48671 -5.06278
3.48517 -5.05495
3.48576 -5.04709
3.48677 -5.03923
3.48516 -5.03139
3.48507 -5.02354
3.48656 -5.01567
3.48551 -5.00783
3.48638 -4.99997
3.48635 -4.99212
3.48594 -4.98427
3.48428 -4.97644
3.4861 -4.96857
3.48412 -4.96073
3.48552 -4.95287
3.48422 -4.94503
3.48404 -4.93718
3.4851 -4.92932
3.4846 -4.92147
3.4856 -4.91361
3.48381 -4.90577
3.48355 -4.89792
3.48341 -4.89007
3.48416 -4.88221
3.48434 -4.87436
3.48375 -4.86651
3.48377 -4.85866
3.48435 -4.85081
3.48491 -4.84295
3.48353 -4.83511
3.48399 -4.82725
3.48439 -4.8194
3.48444 -4.81154
3.48453 -4.80369
3.4835 -4.79585
3.48233 -4.7931
3.47988 -4.7857
3.47664 -4.78047
3.47444 -4.77462
3.46949 -4.7684
3.46441 -4.76231
3.4613 -4.75844
3.45957 -4.75349
3.45542 -4.74994
3.45264 -4.74509
3.44598 -4.74055
3.43977 -4.73551
3.43404 -4.72994
3.42786 -4.72486
3.42174 -4.71973
3.4168 -4.71326
3.41102 -4.70774
3.40425 -4.70333
3.39841 -4.69787
3.39233 -4.69269
3.38683 -4.68685
3.38007 -4.68243
3.3745 -4.67668
3.36891 -4.67094
3.36235 -4.66629
3.35717 -4.6601
3.35082 -4.65521
3.34518 -4.64953
3.33825 -4.6453
3.33296 -4.63923
3.32661 -4.63435
3.32041 -4.6293
3.31537 -4.62294
3.30884 -4.61827
3.30331 -4.61247
3.2978 -4.60664
3.29094 -4.60233
3.28494 -4.59705
3.27943 -4.59124
3.27325 -4.58615
3.26724 -4.5809
3.26133 -4.57552
3.25491 -4.57071
3.24934 -4.56496
3.24393 -4.55902
3.23739 -4.55436
3.23107 -4.54943
3.22622 -4.54287
3.21992 -4.53793
3.21354 -4.53309
3.20725 -4.52813
3.20232 -4.52167
3.19592 -4.51683
3.18982 -4.51167
3.18431 -4.50585
3.17727 -4.50174
3.17221 -4.4954
3.16554 -4.49089
3.15939 -4.48578
3.15405 -4.47976
3.14871 -4.47374
3.14257 -4.46863
3.13647 -4.46347
3.13036 -4.45832
3.12366 -4.45382
3.11889 -4.44717
3.1124 -4.44245
3.10579 -4.43785
3.10094 -4.43129
3.09497 -4.42598
3.08882 -4.42087
3.08215 -4.41635
3.07626 -4.41095
3.07051 -4.4054
3.06492 -4.39966
3.05897 -4.39433
3.05244 -4.38965
3.04657 -4.38424
3.0405 -4.37904
3.03527 -4.3729
3.02945 -4.36742
3.02266 -4.36303
3.01664 -4.35778
3.01139 -4.35166
3.00474 -4.34712
2.99923 -4.3413
2.9937 -4.33549
2.98668 -4.33136
2.98157 -4.32509
2.97535 -4.32006
2.96955 -4.31456
2.96266 -4.31028
2.9577 -4.30384
2.9519 -4.29834
2.94531 -4.29373
2.93949 -4.28825
2.93371 -4.28273
2.92698 -4.27827
2.9209 -4.27309
2.91602 -4.26656
2.90986 -4.26146
2.90392 -4.25612
2.89744 -4.25138
2.89229 -4.24516
2.88524 -4.24106
2.87955 -4.23544
2.87359 -4.23012
2.86771 -4.22471
2.86158 -4.21958
2.8564 -4.21339
2.84972 -4.20887
2.84439 -4.20285
2.83858 -4.19736
2.83239 -4.1923
2.82609 -4.18735
2.82055 -4.18156
2.81389 -4.17703
2.80829 -4.1713
2.80219 -4.16614
2.79666 -4.16034
2.79047 -4.15528
2.78412 -4.1504
2.77847 -4.14473
2.77305 -4.13881
2.76647 -4.13418
2.75995 -4.12948
2.75409 -4.12406
2.74915 -4.11759
2.74307 -4.1124
2.73658 -4.10768
2.73045 -4.10256
2.72509 -4.09656
2.7188 -4.09161
2.71231 -4.08688
2.70728 -4.08052
2.70096 -4.07561
2.6952 -4.07006
2.68944 -4.06452
2.68271 -4.06007
2.67701 -4.05445
2.6718 -4.04829
2.66502 -4.04389
2.65924 -4.03837
2.65318 -4.03316
2.64756 -4.02746
2.64155 -4.0222
2.6349 -4.01765
2.62918 -4.01206
2.62325 -4.0067
2.61686 -4.00187
2.61151 -3.99587
2.60599 -3.99005
2.59987 -3.98492
2.59404 -3.97944
2.58764 -3.97462
2.58141 -3.9696
2.57638 -3.96324
2.56983 -3.95858
2.56327 -3.95393
2.55782 -3.94804
2.55224 -3.9423
2.54573 -3.93759
2.54028 -3.9317
2.53413 -3.9266
2.52816 -3.92129
2.52266 -3.91546
2.51638 -3.9105
2.51017 -3.90545
2.50459 -3.8997
2.49864 -3.89438
2.49276 -3.88897
2.48688 -3.88355
2.48031 -3.87892
2.47475 -3.87315
2.46889 -3.86772
2.46291 -3.86242
2.4559 -3.85828
2.45052 -3.85232
2.44521 -3.84626
2.43884 -3.8414
2.43286 -3.8361
2.42634 -3.83142
2.42111 -3.82527
2.41495 -3.82018
2.40908 -3.81476
2.40288 -3.80971
2.39706 -3.80423
2.39086 -3.79918
2.38551 -3.79318
2.37959 -3.78781
2.37301 -3.78318
2.36757 -3.77729
2.36069 -3.77299
2.35502 -3.76735
2.34968 -3.76133
2.34315 -3.75666
2.3378 -3.75065
2.33169 -3.7455
2.32538 -3.74057
2.31911 -3.7356
2.31328 -3.73014
2.30722 -3.72493
2.30137 -3.71949
2.2957 -3.71384
2.28991 -3.70832
2.28392 -3.70304
2.27751 -3.69823
2.27133 -3.69315
2.26518 -3.68805
2.25957 -3.68234
2.25389 -3.67671
2.24827 -3.671
2.24157 -3.66651
2.23631 -3.66041
2.22972 -3.65579
2.22396 -3.65025
2.21793 -3.64501
2.21162 -3.64008
2.20639 -3.63394
2.20058 -3.62845
2.19441 -3.62336
2.1876 -3.619
2.18227 -3.61298
2.17665 -3.60728
2.17069 -3.60195
2.16455 -3.59684
2.15832 -3.59183
2.15208 -3.58681
2.14693 -3.58059
2.14113 -3.57509
2.13523 -3.5697
2.12865 -3.56508
2.12272 -3.55972
2.11646 -3.55474
2.11024 -3.54971
2.10495 -3.54364
2.09821 -3.53919
2.09295 -3.53309
2.08631 -3.52853
2.0805 -3.52305
2.07489 -3.51733
2.06897 -3.51197
2.06362 -3.50597
2.05691 -3.50148
2.05102 -3.49609
2.04503 -3.4908
2.03893 -3.48564
2.03319 -3.48007
2.02738 -3.47459
2.02157 -3.46909
2.01485 -3.46462
2.00891 -3.45929
2.003 -3.45391
1.99763 -3.44793
1.99177 -3.4425
1.98604 -3.43692
1.97962 -3.43212
1.97362 -3.42684
1.96733 -3.42189
1.96159 -3.41632
1.95573 -3.41089
1.95037 -3.4049
1.94378 -3.40028
1.93848 -3.39422
1.93154 -3.39
1.92526 -3.38505
1.92029 -3.37861
1.91397 -3.37369
1.9075 -3.36895
1.90241 -3.36265
1.89557 -3.35833
1.89035 -3.35217
1.88458 -3.34664
1.87812 -3.34189
1.87265 -3.33601
1.86587 -3.33162
1.86033 -3.32582
1.85462 -3.32022
1.84815 -3.31548
1.84208 -3.31028
1.83594 -3.30516
1.83084 -3.29887
1.82502 -3.2934
1.81883 -3.28834
1.81307 -3.2828
1.8069 -3.2777
1.80064 -3.27272
1.79492 -3.26714
1.78862 -3.2622
1.78258 -3.25697
1.77753 -3.25063
1.77031 -3.24672
1.76497 -3.2407
1.75847 -3.23599
1.75255 -3.23062
1.74668 -3.2252
1.74131 -3.21922
1.73517 -3.21411
1.72876 -3.20929
1.72351 -3.20317
1.71701 -3.19846
1.71159 -3.19254
1.70544 -3.18743
1.69898 -3.18267
1.69373 -3.17656
1.68803 -3.17095
1.68184 -3.16588
1.67506 -3.16148
1.6702 -3.15493
1.66354 -3.1504
1.65746 -3.1452
1.6523 -3.13899
1.64539 -3.13474
1.6397 -3.12912
1.63425 -3.12322
1.62812 -3.1181
1.62189 -3.11307
1.61573 -3.10798
1.61038 -3.10198
1.60432 -3.09677
1.59762 -3.09228
1.592 -3.08658
1.5861 -3.08119
1.58048 -3.07549
1.57431 -3.0704
1.56814 -3.06533
1.56184 -3.06038
1.55635 -3.05454
1.55074 -3.04882
1.54478 -3.04351
1.53869 -3.03832
1.53234 -3.03345
1.52628 -3.02824
1.51998 -3.0233
1.51438 -3.01758
1.50812 -3.0126
1.50206 -3.00739
1.49606 -3.00211
1.49054 -2.99629
1.48519 -2.9903
1.47855 -2.98574
1.47317 -2.97977
1.46678 -2.97493
1.46051 -2.96995
1.45434 -2.96487
1.44854 -2.95937
1.44346 -2.95307
1.43739 -2.94787
1.43049 -2.94361
1.42579 -2.93688
1.41877 -2.93274
1.4131 -2.9271
1.40719 -2.92172
1.40127 -2.91636
1.39537 -2.91097
1.38962 -2.90542
1.38335 -2.90044
1.37799 -2.89445
1.37177 -2.88942
1.36515 -2.88484
1.36008 -2.87853
1.35331 -2.87411
1.34726 -2.8689
1.3421 -2.86267
1.33531 -2.85829
1.32964 -2.85264
1.32344 -2.84759
1.31776 -2.84195
1.31212 -2.83628
1.30575 -2.83141
1.2994 -2.82653
1.2946 -2.81992
1.28764 -2.81571
1.28177 -2.8103
1.27598 -2.80479
1.26988 -2.79962
1.26425 -2.79394
1.2582 -2.78872
1.25274 -2.78284
1.24615 -2.77822
1.24 -2.77312
1.23388 -2.76797
1.22777 -2.76283
1.22268 -2.75653
1.21678 -2.75114
1.21036 -2.74633
1.20402 -2.74144
1.19899 -2.73508
1.19256 -2.73028
1.18644 -2.72515
1.18011 -2.72025
1.17464 -2.71437
1.16811 -2.70969
1.16237 -2.70412
1.15668 -2.6985
1.15113 -2.69272
1.14552 -2.68701
1.1396 -2.68164
1.13249 -2.67761
1.12746 -2.67126
1.12044 -2.66712
1.11514 -2.66106
1.1085 -2.6565
1.10324 -2.6504
1.09691 -2.64549
1.09083 -2.64032
1.08538 -2.63442
1.07949 -2.62902
1.07299 -2.62431
1.06721 -2.61878
1.0608 -2.61397
1.05558 -2.60783
1.04996 -2.60212
1.04386 -2.59696
1.03821 -2.59129
1.03165 -2.58664
1.0263 -2.58064
1.02031 -2.57536
1.01352 -2.57097
1.0073 -2.56594
1.00183 -2.56007
0.996527 -2.55401
0.990556 -2.5487
0.984245 -2.54378
0.97808 -2.53869
0.971579 -2.53397
0.966275 -2.52792
0.960487 -2.5224
0.954529 -2.51708
0.948209 -2.51217
0.942142 -2.50697
0.936218 -2.50161
0.930351 -2.49618
0.924876 -2.49032
0.918519 -2.48544
0.912999 -2.47963
0.906501 -2.47492
0.901103 -2.46896
0.894049 -2.46487
0.887898 -2.45977
0.882586 -2.45372
0.876711 -2.4483
0.870318 -2.44347
0.864705 -2.43776
0.858266 -2.43298
0.85327 -2.42658
0.847146 -2.42144
0.841375 -2.41591
0.834948 -2.41111
0.828373 -2.40648
0.82316 -2.40033
0.817427 -2.39475
0.810958 -2.39
0.804554 -2.38518
0.798845 -2.37958
0.792865 -2.37428
0.787062 -2.36879
0.781004 -2.36358
0.775462 -2.35779
0.769708 -2.35224
0.763386 -2.34732
0.757289 -2.34216
0.751914 -2.33618
0.745638 -2.33122
0.739722 -2.32585
0.734102 -2.32015
0.727373 -2.31569
0.721821 -2.30991
0.715591 -2.30489
0.709258 -2.29999
0.704311 -2.29354
0.697194 -2.28952
0.69172 -2.28365
0.685718 -2.27838
0.680061 -2.27272
0.673639 -2.26792
0.667779 -2.26249
0.661535 -2.25748
0.656615 -2.251
0.649809 -2.24663
0.643645 -2.24154
0.638613 -2.23517
0.632062 -2.23052
0.626538 -2.22471
0.620881 -2.21905
0.614245 -2.21449
0.608008 -2.20948
0.603006 -2.20309
0.596575 -2.19829
0.589899 -2.19378
0.584552 -2.18777
0.578253 -2.18286
0.572422 -2.17737
0.566014 -2.17259
0.559693 -2.1677
0.55442 -2.16154
0.54715 -2.1578
0.541601 -2.15197
0.535715 -2.14655
0.529186 -2.14192
0.523116 -2.13672
0.516738 -2.1319
0.511365 -2.12586
0.505078 -2.12093
0.498767 -2.11603
0.492499 -2.11107
0.486674 -2.10558
0.479456 -2.10178
0.474332 -2.09544
0.468191 -2.09033
0.461157 -2.08631
0.454661 -2.08163
0.449691 -2.0751
0.443477 -2.07008
0.43648 -2.06601
0.431032 -2.06006
0.423816 -2.05626
0.418559 -2.05008
0.411547 -2.04603
0.40649 -2.0396
0.399444 -2.03559
0.394027 -2.02961
0.38764 -2.0248
0.381116 -2.02015
0.375631 -2.01425
0.368713 -2.01008
0.363051 -2.00439
0.356623 -1.99963
0.351062 -1.99382
0.344421 -1.98932
0.337895 -1.98468
0.332234 -1.97899
0.326028 -1.97396
0.3195 -1.96932
0.313856 -1.96361
0.307317 -1.95898
0.301408 -1.95359
0.295143 -1.94864
0.288955 -1.94359
0.282652 -1.93867
0.277008 -1.93296
0.270961 -1.92774
0.264787 -1.92267
0.257901 -1.91847
0.251981 -1.91309
0.245357 -1.90857
0.240099 -1.90239
0.233015 -1.89843
0.226726 -1.8935
0.220598 -1.88837
0.214846 -1.88279
0.208368 -1.87809
0.20219 -1.87303
0.195938 -1.86806
0.190048 -1.86264
0.183455 -1.85808
0.178451 -1.8516
0.171709 -1.84722
0.165978 -1.84161
0.15959 -1.8368
0.153404 -1.83175
0.147003 -1.82696
0.14117 -1.82148
0.135068 -1.81632
0.128921 -1.81122
0.12193 -1.80714
0.115905 -1.80189
0.11055 -1.79583
0.103523 -1.7918
0.0975621 -1.78647
0.0916135 -1.78113
0.0849565 -1.77665
0.0794691 -1.77075
0.0733704 -1.76559
0.06637 -1.76152
0.0613521 -1.75505
0.0541356 -1.75125
0.0489633 -1.74496
0.0417316 -1.74118
0.0355766 -1.73609
0.0301214 -1.73015
0.0238763 -1.72517
0.017579 -1.72025
0.0116622 -1.71487
0.00526209 -1.71007
-0.000460686 -1.70446
-0.00731259 -1.70021
-0.0131173 -1.6947
-0.0188154 -1.68905
-0.0255329 -1.68464
-0.0320635 -1.68001
-0.0383515 -1.67508
-0.0438703 -1.66921
-0.0506502 -1.66488
-0.0564787 -1.65939
-0.0623742 -1.65399
-0.0689503 -1.64941
-0.075149 -1.64437
-0.0811819 -1.63913
-0.0869012 -1.63351
-0.0934184 -1.62886
-0.0997438 -1.62397
-0.105683 -1.61961
-0.113469 -1.61958
-0.121256 -1.6188
-0.129042 -1.61793
-0.136828 -1.61919
-0.144614 -1.61765
-0.1524 -1.61845
-0.160187 -1.61956
-0.167973 -1.61823
-0.175759 -1.61934
-0.183546 -1.61809
-0.191332 -1.61797
-0.199118 -1.61957
-0.206904 -1.61945
-0.214691 -1.61836
-0.222477 -1.61897
-0.229638 -1.61937
-0.236134 -1.62407
-0.242003 -1.62952
-0.248697 -1.63398
-0.255004 -1.6389
-0.26157 -1.64351
-0.267326 -1.6491
-0.273539 -1.65413
-0.279869 -1.65903
-0.285525 -1.66474
-0.291632 -1.6699
-0.297539 -1.67531
-0.304255 -1.67974
-0.309784 -1.6856
-0.316003 -1.69062
-0.322794 -1.69496
-0.328489 -1.70063
-0.335499 -1.7047
-0.340771 -1.71087
-0.3469 -1.71601
-0.353097 -1.72107
-0.359046 -1.72642
-0.365852 -1.73074
-0.372314 -1.73548
-0.378503 -1.74054
-0.384191 -1.74621
-0.389909 -1.75184
-0.39703 -1.75579
-0.403016 -1.7611
-0.408735 -1.76673
-0.414803 -1.77194
-0.421296 -1.77664
-0.426944 -1.78235
-0.433621 -1.78683
-0.439085 -1.79277
-0.445476 -1.79759
-0.452015 -1.80224
-0.457961 -1.80759
-0.46453 -1.8122
-0.470193 -1.8179
-0.476659 -1.82263
-0.482943 -1.82758
-0.489273 -1.83248
-0.494456 -1.83876
-0.501667 -1.84259
-0.506921 -1.84878
-0.513192 -1.85375
-0.519513 -1.85865
-0.525379 -1.86411
-0.531971 -1.86869
-0.537419 -1.87465
-0.543719 -1.87958
-0.550184 -1.88431
-0.55648 -1.88925
-0.562778 -1.89418
-0.568423 -1.8999
-0.57557 -1.90381
-0.581282 -1.90945
-0.587715 -1.91422
-0.593952 -1.91923
-0.599533 -1.92503
-0.605623 -1.93021
-0.61157 -1.93557
-0.618517 -1.93972
-0.624425 -1.94513
-0.630102 -1.95081
-0.636197 -1.95599
-0.643196 -1.96008
-0.648756 -1.9659
-0.654972 -1.97093
-0.660489 -1.97681
-0.666832 -1.98169
-0.672946 -1.98684
-0.679381 -1.99161
-0.685325 -1.99697
-0.692153 -2.00127
-0.698268 -2.00642
-0.704628 -2.01128
-0.70997 -2.01737
-0.715949 -2.02269
-0.722728 -2.02704
-0.729142 -2.03183
-0.735591 -2.03658
-0.741632 -2.04183
-0.74784 -2.04687
-0.753702 -2.05233
-0.759837 -2.05746
-0.765328 -2.06337
-0.771987 -2.06787
-0.77841 -2.07265
-0.784674 -2.07762
-0.790265 -2.08341
-0.796215 -2.08876
-0.802097 -2.0942
-0.808863 -2.09857
-0.814909 -2.10381
-0.821649 -2.10821
-0.827545 -2.11363
-0.833636 -2.11881
-0.839686 -2.12404
-0.84623 -2.12868
-0.852536 -2.1336
-0.858436 -2.13902
-0.863745 -2.14514
-0.870219 -2.14986
-0.876031 -2.15538
-0.882439 -2.16019
-0.888746 -2.16511
-0.894949 -2.17016
-0.901294 -2.17503
-0.907202 -2.18044
-0.913862 -2.18494
-0.919723 -2.1904
-0.926272 -2.19503
-0.931589 -2.20114
-0.934323 -2.20158
-0.939463 -2.20784
-0.945692 -2.21287
-0.952155 -2.21763
-0.957787 -2.22333
-0.96335 -2.22911
-0.970211 -2.23342
-0.975605 -2.23939
-0.982255 -2.24394
-0.988125 -2.24938
-0.994282 -2.25448
-0.999071 -2.26114
-1.00569 -2.26572
-1.01176 -2.27093
-1.01783 -2.27614
-1.02422 -2.28098
-1.0292 -2.28742
-1.03619 -2.29158
-1.0421 -2.29697
-1.04757 -2.30286
-1.05327 -2.30849
-1.06016 -2.31276
-1.0662 -2.318
-1.0722 -2.32329
-1.0772 -2.3297
-1.08409 -2.33398
-1.08945 -2.34
-1.09624 -2.34439
-1.10147 -2.35054
-1.10752 -2.35577
-1.11436 -2.36011
-1.1191 -2.36682
-1.12554 -2.3716
-1.13122 -2.37725
-1.13812 -2.38152
-1.14336 -2.38767
-1.15034 -2.39185
-1.15515 -2.39848
-1.16231 -2.40245
-1.16733 -2.40885
-1.17338 -2.41407
-1.17917 -2.4196
-1.18623 -2.42368
-1.19215 -2.42905
-1.1971 -2.43553
-1.20403 -2.43976
-1.20986 -2.44524
-1.21603 -2.45034
-1.22197 -2.45569
-1.22752 -2.46149
-1.23388 -2.46636
-1.2397 -2.47186
-1.24609 -2.4767
-1.25188 -2.48222
-1.25763 -2.48779
-1.26351 -2.49321
-1.26977 -2.4982
-1.27555 -2.50374
-1.28156 -2.50901
-1.28717 -2.51474
-1.29418 -2.51888
-1.29986 -2.52453
-1.30506 -2.53073
-1.31151 -2.5355
-1.31759 -2.54069
-1.32425 -2.54523
-1.32934 -2.55155
-1.33609 -2.55598
-1.34162 -2.5618
-1.34808 -2.56657
-1.35307 -2.57299
-1.36032 -2.57687
-1.3661 -2.5824
-1.37231 -2.58745
-1.37711 -2.59409
-1.38383 -2.59856
-1.38948 -2.60425
-1.39537 -2.60965
-1.40164 -2.61463
-1.40831 -2.61916
-1.41346 -2.62541
-1.41917 -2.63103
-1.42564 -2.63577
-1.43186 -2.64081
-1.43719 -2.64686
-1.44403 -2.65119
-1.45013 -2.65636
-1.45538 -2.6625
-1.46114 -2.66806
-1.46836 -2.67196
-1.47321 -2.67855
-1.48009 -2.68284
-1.48618 -2.68802
-1.49114 -2.69449
-1.49796 -2.69884
-1.5035 -2.70465
-1.50909 -2.7104
-1.5152 -2.71556
-1.52125 -2.7208
-1.52805 -2.72517
-1.53408 -2.73042
-1.5396 -2.73625
-1.54606 -2.74102
-1.55144 -2.74701
-1.55734 -2.7524
-1.56432 -2.75658
-1.56991 -2.76232
-1.5763 -2.76717
-1.58186 -2.77296
-1.58766 -2.77847
-1.59364 -2.78378
-1.5997 -2.789
-1.60506 -2.79501
-1.61226 -2.79893
-1.61722 -2.80539
-1.62355 -2.81031
-1.62912 -2.81608
-1.63566 -2.82075
-1.64226 -2.82536
-1.64707 -2.83199
-1.65325 -2.83708
-1.66005 -2.84146
-1.66519 -2.84772
-1.67128 -2.8529
-1.67832 -2.857
-1.68369 -2.86301
-1.68955 -2.86845
-1.69546 -2.87384
-1.70189 -2.87863
-1.70711 -2.88481
-1.71332 -2.88985
-1.71929 -2.89518
-1.72535 -2.90039
-1.73191 -2.90504
-1.73748 -2.91081
-1.74384 -2.91569
-1.7492 -2.92171
-1.75512 -2.92708
-1.76147 -2.93197
-1.76705 -2.93773
-1.77393 -2.94201
-1.77994 -2.94729
-1.7854 -2.95319
-1.79115 -2.95875
-1.79793 -2.96316
-1.80305 -2.96944
-1.80906 -2.97471
-1.81613 -2.97879
-1.82104 -2.98531
-1.82809 -2.98941
-1.83366 -2.99518
-1.83922 -3.00097
-1.84601 -3.00536
-1.85107 -3.01171
-1.85771 -3.01626
-1.86341 -3.02189
-1.86913 -3.02749
-1.8758 -3.03203
-1.88158 -3.03756
-1.88812 -3.04224
-1.89391 -3.04776
-1.89983 -3.05313
-1.90578 -3.05848
-1.91196 -3.06356
-1.91766 -3.06918
-1.9234 -3.07476
-1.93006 -3.0793
-1.93599 -3.08467
-1.94138 -3.09064
-1.9475 -3.09579
-1.95334 -3.10126
-1.95915 -3.10676
-1.96564 -3.11149
-1.97203 -3.11633
-1.97783 -3.12184
-1.98383 -3.12713
-1.98925 -3.13307
-1.99531 -3.13829
-2.00107 -3.14385
-2.0078 -3.14831
-2.01377 -3.15362
-2.01971 -3.15898
-2.0255 -3.16451
-2.03175 -3.1695
-2.03738 -3.17522
-2.04335 -3.18053
-2.05006 -3.18501
-2.05588 -3.1905
-2.06199 -3.19566
-2.06773 -3.20124
-2.07388 -3.20636
-2.07908 -3.21255
-2.08534 -3.21754
-2.09191 -3.22219
-2.09831 -3.22701
-2.10326 -3.23349
-2.1103 -3.2376
-2.11503 -3.24432
-2.12193 -3.24859
-2.12797 -3.25382
-2.1335 -3.25965
-2.13971 -3.26469
-2.14551 -3.2702
-2.15208 -3.27485
-2.15787 -3.28037
-2.1632 -3.28642
-2.16971 -3.29112
-2.17506 -3.29714
-2.18219 -3.30114
-2.18799 -3.30666
-2.1941 -3.31182
-2.20005 -3.31717
-2.20627 -3.32219
-2.21154 -3.32832
-2.21777 -3.33334
-2.22056 -3.33626
-2.22045 -3.33641
-2.22003 -3.33701
-2.21965 -3.33764
-2.2193 -3.3383
-2.219 -3.33897
-2.21874 -3.33966
-2.21853 -3.34036
-2.21836 -3.34108
-2.21823 -3.3418
-2.21814 -3.34253
-2.2181 -3.34327
-2.21811 -3.344
-2.21816 -3.34474
-2.21826 -3.34547
-2.2184 -3.34619
-2.21858 -3.3469
-2.22138 -3.35647
-2.2216 -3.35715
-2.22186 -3.35782
-2.22216 -3.35847
-2.22251 -3.3591
-2.22288 -3.35971
-2.24145 -3.38773
-2.24187 -3.3883
-2.24231 -3.38884
-2.24279 -3.38935
-2.24329 -3.38983
-2.24382 -3.39029
-2.24438 -3.39071
-2.24917 -3.39413
-2.24974 -3.39451
-2.25032 -3.39485
-2.25093 -3.39517
-2.25155 -3.39545
-2.25219 -3.39569
-2.2695 -3.4022
-2.2701 -3.40241
-2.28638 -3.40776
-2.2871 -3.40797
-2.28782 -3.40814
-2.28856 -3.40826
-2.2893 -3.40833
-2.29005 -3.40836
-2.2908 -3.40834
-2.29154 -3.40828
-2.29228 -3.40817
-2.29301 -3.40801
-2.29373 -3.40781
-2.29443 -3.40756
-2.29512 -3.40727
-2.29579 -3.40694
-2.29644 -3.40657
-2.29706 -3.40616
-2.29765 -3.40571
-2.29822 -3.40522
-2.2987 -3.40476
-2.30108 -3.40812
-2.30729 -3.41317
-2.31427 -3.41735
-2.32003 -3.4229
-2.32591 -3.42832
-2.332 -3.43351
-2.33722 -3.43967
-2.34363 -3.44449
-2.34986 -3.44952
-2.35531 -3.45543
-2.36155 -3.46044
-2.36806 -3.46515
-2.37377 -3.47077
-2.37964 -3.4762
-2.38516 -3.48203
-2.3915 -3.48693
-2.39768 -3.49201
-2.4042 -3.49671
-2.40951 -3.50278
-2.41566 -3.50789
-2.4216 -3.51325
-2.4274 -3.51875
-2.43326 -3.5242
-2.44005 -3.52859
-2.44609 -3.53383
-2.45149 -3.53979
-2.45783 -3.5447
-2.46328 -3.55061
-2.47005 -3.55501
-2.47506 -3.56143
-2.48195 -3.5657
-2.48771 -3.57126
-2.49347 -3.57682
-2.49927 -3.58233
-2.50545 -3.58742
-2.5122 -3.59185
-2.51778 -3.59761
-2.52422 -3.6024
-2.52904 -3.60902
-2.53505 -3.6143
-2.54143 -3.61915
-2.54832 -3.62343
-2.55428 -3.62875
-2.55921 -3.63526
-2.56592 -3.63974
-2.5719 -3.64504
-2.57828 -3.6499
-2.58342 -3.65616
-2.59 -3.66079
-2.59575 -3.66636
-2.6023 -3.67102
-2.60766 -3.67703
-2.61419 -3.68171
-2.61966 -3.6876
-2.62621 -3.69227
-2.63128 -3.69861
-2.63827 -3.70277
-2.64365 -3.70875
-2.65029 -3.71331
-2.65573 -3.71923
-2.6616 -3.72467
-2.66709 -3.73054
-2.67333 -3.73555
-2.67959 -3.74054
-2.68513 -3.74635
-2.69145 -3.75127
-2.69763 -3.75635
-2.70303 -3.76231
-2.7093 -3.76729
-2.71558 -3.77227
-2.72109 -3.77811
-2.72749 -3.78293
-2.73384 -3.78783
-2.73983 -3.79312
-2.74619 -3.798
-2.75227 -3.80319
-2.7583 -3.80844
-2.76322 -3.81496
-2.76905 -3.82044
-2.7763 -3.82431
-2.7819 -3.83005
-2.78797 -3.83525
-2.79356 -3.841
-2.79939 -3.84648
-2.80627 -3.85076
-2.81191 -3.85646
-2.81825 -3.86135
-2.8234 -3.86761
-2.82932 -3.87299
-2.83553 -3.87804
-2.842 -3.88279
-2.84749 -3.88865
-2.85319 -3.89427
-2.85979 -3.89888
-2.86539 -3.90463
-2.87159 -3.90967
-2.87735 -3.91524
-2.88321 -3.92069
-2.88972 -3.92538
-2.8957 -3.9307
-2.90123 -3.93651
-2.90828 -3.94061
-2.91403 -3.94618
-2.92005 -3.95145
-2.92524 -3.95765
-2.93202 -3.96205
-2.9383 -3.96702
-2.94396 -3.97268
-2.94922 -3.97881
-2.95594 -3.98328
-2.96219 -3.98829
-2.96742 -3.99444
-2.97353 -3.99961
-2.97988 -4.00449
-2.98614 -4.00948
-2.99134 -4.01567
-2.99807 -4.02013
-3.00376 -4.02577
-3.00972 -4.0311
-3.01587 -4.03622
-3.02107 -4.04241
-3.02755 -4.04716
-3.0335 -4.0525
-3.03985 -4.05739
-3.0453 -4.06329
-3.05224 -4.06751
-3.05778 -4.07333
-3.06428 -4.07803
-3.07028 -4.08332
-3.07591 -4.08903
-3.08128 -4.09503
-3.08808 -4.09941
-3.09377 -4.10504
-3.09943 -4.11071
-3.10583 -4.11554
-3.11219 -4.12042
-3.11807 -4.12585
-3.1231 -4.13224
-3.12898 -4.13765
-3.1358 -4.14201
-3.14112 -4.14807
-3.14794 -4.15242
-3.15398 -4.15767
-3.15933 -4.16369
-3.16518 -4.16914
-3.17136 -4.17422
-3.17699 -4.17993
-3.18313 -4.18505
-3.1891 -4.19038
-3.1951 -4.19566
-3.20216 -4.19974
-3.20712 -4.20622
-3.21372 -4.21081
-3.21946 -4.2164
-3.22626 -4.22078
-3.2322 -4.22612
-3.23759 -4.2321
-3.24338 -4.23763
-3.24954 -4.24273
-3.25518 -4.24842
-3.26204 -4.25274
-3.26753 -4.2586
-3.27379 -4.26359
-3.27917 -4.26958
-3.28512 -4.27492
-3.29224 -4.27893
-3.29806 -4.28443
-3.30319 -4.2907
-3.3099 -4.29518
-3.31503 -4.30145
-3.32116 -4.30659
-3.3278 -4.31115
-3.33398 -4.31623
-3.34012 -4.32136
-3.34563 -4.3272
-3.35206 -4.332
-3.35826 -4.33706
-3.36417 -4.34244
-3.36996 -4.34797
-3.37552 -4.35375
-3.38221 -4.35826
-3.38772 -4.3641
-3.3936 -4.36953
-3.39969 -4.3747
-3.406 -4.37964
-3.41168 -4.38528
-3.41802 -4.39019
-3.42413 -4.39535
-3.429 -4.40192
-3.4356 -4.40652
-3.44101 -4.41247
-3.4477 -4.41698
-3.45321 -4.42283
-3.46004 -4.42716
-3.4655 -4.43306
-3.47102 -4.43889
-3.47731 -4.44386
-3.483 -4.44948
-3.49026 -4.45334
-3.49581 -4.45914
-3.50121 -4.4651
-3.50744 -4.47013
-3.51379 -4.47502
-3.51933 -4.48082
-3.52501 -4.48647
-3.53108 -4.49168
-3.53776 -4.49619
-3.54422 -4.50096
-3.55002 -4.50647
-3.55597 -4.51181
-3.56173 -4.51737
-3.56765 -4.52275
-3.57365 -4.52803
-3.57924 -4.53378
-3.58616 -4.53802
-3.59203 -4.54346
-3.59714 -4.54976
-3.60393 -4.55415
-3.61019 -4.55914
-3.61546 -4.56525
-3.62165 -4.57032
-3.62787 -4.57535
-3.6332 -4.5814
-3.63904 -4.58687
-3.64616 -4.59088
-3.65166 -4.59673
-3.65817 -4.60145
-3.66407 -4.60684
-3.66988 -4.61235
-3.67499 -4.61863
-3.68217 -4.62258
-3.6881 -4.62796
-3.69395 -4.63341
-3.69909 -4.63967
-3.70624 -4.64365
-3.71182 -4.64941
-3.71776 -4.65476
-3.72314 -4.66075
-3.72975 -4.66535
-3.7354 -4.67103
-3.74127 -4.67646
-3.74719 -4.68184
-3.75414 -4.68604
-3.76018 -4.69129
-3.76591 -4.69688
-3.77214 -4.7019
-3.77813 -4.7072
-3.78374 -4.71293
-3.78912 -4.71892
-3.79562 -4.72364
-3.80112 -4.7295
-3.80791 -4.73388
-3.81369 -4.73942
-3.82004 -4.7443
-3.82622 -4.74938
-3.83208 -4.75483
-3.83703 -4.7613
-3.84403 -4.76546
-3.84947 -4.77132
-3.85441 -4.77642
-3.85841 -4.78226
-3.86109 -4.78809
-3.86407 -4.79375
-3.86705 -4.79935
-3.8701 -4.80477
-3.87354 -4.80999
-3.87612 -4.81556
-3.87867 -4.82068
-3.88092 -4.82593
-3.88181 -4.83375
-3.88178 -4.84171
-3.88113 -4.84967
-3.88218 -4.85762
-3.88164 -4.86559
-3.8817 -4.87354
-3.8823 -4.8815
-3.88113 -4.88947
-3.88174 -4.89742
-3.88202 -4.90538
-3.88263 -4.91333
-3.88269 -4.92129
-3.88316 -4.92924
-3.88286 -4.9372
-3.88209 -4.94517
-3.88307 -4.95312
-3.88355 -4.96108
-3.88261 -4.96904
-3.88209 -4.97701
-3.88262 -4.98496
-3.88348 -4.99291
-3.88331 -5.00087
-3.88377 -5.00883
-3.88221 -5.0168
-3.88249 -5.02476
-3.88293 -5.03271
-3.88289 -5.04067
-3.88344 -5.04863
-3.88267 -5.05659
-3.88441 -5.06453
-3.8846 -5.07261
-3.88388 -5.07733
-3.8817 -5.0808
-3.87983 -5.08453
-3.87419 -5.09023
-3.86983 -5.09682
-3.86582 -5.10365
-3.8601 -5.10912
-3.85651 -5.11291
-3.85421 -5.11794
-3.84793 -5.12287
-3.84208 -5.1283
-3.83518 -5.13249
-3.82889 -5.13739
-3.8235 -5.14337
-3.81714 -5.14819
-3.81115 -5.15346
-3.80464 -5.1581
-3.79893 -5.1637
-3.79248 -5.16841
-3.78611 -5.17324
-3.78093 -5.17946
-3.77479 -5.18454
-3.76799 -5.18885
-3.76232 -5.1945
-3.75614 -5.19954
-3.75002 -5.20464
-3.74361 -5.20941
-3.73802 -5.21514
-3.73131 -5.21956
-3.72576 -5.22534
-3.71998 -5.23086
-3.71416 -5.23632
-3.70726 -5.24051
-3.70113 -5.24561
-3.69499 -5.25069
-3.68966 -5.25675
-3.68356 -5.26187
-3.67754 -5.2671
-3.67097 -5.27168
-3.66436 -5.27621
-3.65885 -5.28205
-3.65317 -5.28767
-3.64631 -5.29191
-3.64097 -5.29794
-3.63441 -5.30253
-3.62776 -5.30701
-3.62218 -5.31276
-3.61658 -5.31849
-3.61024 -5.32334
-3.60318 -5.32733
-3.59739 -5.33284
-3.59126 -5.33794
-3.58576 -5.34378
-3.57886 -5.34796
-3.57395 -5.35451
-3.56686 -5.35847
-3.56126 -5.3642
-3.55535 -5.36956
-3.54886 -5.37423
-3.54243 -5.37897
-3.53692 -5.3848
-3.53025 -5.38926
-3.52396 -5.39417
-3.51847 -5.40002
-3.51288 -5.40576
-3.50575 -5.40967
-3.50007 -5.41531
-3.49452 -5.4211
-3.48821 -5.42598
-3.48154 -5.43044
-3.47614 -5.4364
-3.46973 -5.44117
-3.46307 -5.44564
-3.45756 -5.45148
-3.45165 -5.45684
-3.44486 -5.46115
-3.43869 -5.46619
-3.43355 -5.47247
-3.42703 -5.4771
-3.42073 -5.48201
-3.41542 -5.48807
-3.41185 -5.49004
-3.41166 -5.48976
-3.41119 -5.48918
-3.41068 -5.48862
-3.41015 -5.4881
-3.40958 -5.48761
-3.40898 -5.48716
-3.40835 -5.48675
-3.4077 -5.48637
-3.40703 -5.48604
-3.40633 -5.48575
-3.40562 -5.48551
-3.4049 -5.48531
-3.40417 -5.48515
-3.40342 -5.48505
-3.40268 -5.48498
-3.3917 -5.48442
-3.39097 -5.48441
-3.39025 -5.48444
-3.38952 -5.48451
-3.38881 -5.48462
-3.3881 -5.48478
-3.3874 -5.48499
-3.38672 -5.48523
-3.38605 -5.48551
-3.3854 -5.48584
-3.38477 -5.4862
-3.3654 -5.49745
-3.36477 -5.49783
-3.36417 -5.49825
-3.35546 -5.50466
-3.35487 -5.50512
-3.35431 -5.50562
-3.35378 -5.50615
-3.35329 -5.50672
-3.35283 -5.50731
-3.35241 -5.50794
-3.34009 -5.52767
-3.33978 -5.5282
-3.33132 -5.54329
-3.33097 -5.54395
-3.33067 -5.54463
-3.33041 -5.54533
-3.33019 -5.54605
-3.33002 -5.54677
-3.3299 -5.54751
-3.32982 -5.54825
-3.32978 -5.54899
-3.32979 -5.54974
-3.32985 -5.55048
-3.32996 -5.55122
-3.33011 -5.55195
-3.3303 -5.55267
-3.33054 -5.55337
-3.33083 -5.55406
-3.33115 -5.55473
-3.33152 -5.55538
-3.33193 -5.55601
-3.33233 -5.55656
-3.33233 -5.55656
-3.32885 -5.55856
-3.3229 -5.56388
-3.3176 -5.56995
-3.31157 -5.57517
-3.30472 -5.57942
-3.29842 -5.58431
-3.29334 -5.59065
-3.28631 -5.59468
-3.2809 -5.60064
-3.27401 -5.60484
-3.26859 -5.61078
-3.26229 -5.61567
-3.25636 -5.62102
-3.24994 -5.62577
-3.24447 -5.63165
-3.23751 -5.63576
-3.23155 -5.64106
-3.22588 -5.64671
-3.22007 -5.65218
-3.21302 -5.65619
-3.20728 -5.66175
-3.20145 -5.6672
-3.19479 -5.67167
-3.18959 -5.67788
-3.18336 -5.68286
-3.17712 -5.68782
-3.1705 -5.69234
-3.16426 -5.69731
-3.15878 -5.70318
-3.15253 -5.70813
-3.14703 -5.71398
-3.14101 -5.71921
-3.13397 -5.72323
-3.12766 -5.72811
-3.1216 -5.7333
-3.11595 -5.73896
-3.11049 -5.74486
-3.10374 -5.74922
-3.09786 -5.75461
-3.09155 -5.75949
-3.08587 -5.76513
-3.08002 -5.77057
-3.07364 -5.77536
-3.06698 -5.77983
-3.06095 -5.78505
-3.05564 -5.79112
-3.0495 -5.7962
-3.04292 -5.80077
-3.03714 -5.80628
-3.03029 -5.81052
-3.02465 -5.81621
-3.01902 -5.82206
-3.01423 -5.82326
-3.00778 -5.82804
-3.00058 -5.83132
-2.99355 -5.83495
-2.98634 -5.83822
-2.97929 -5.8418
-2.97222 -5.84534
-2.96471 -5.848
-2.95771 -5.8517
-2.95082 -5.85559
-2.94379 -5.85922
-2.93668 -5.86267
-2.92993 -5.86686
-2.92238 -5.86945
-2.91554 -5.87346
-2.9087 -5.87746
-2.90155 -5.88085
-2.89404 -5.8835
-2.88763 -5.88837
-2.88067 -5.89214
-2.87343 -5.89533
-2.86623 -5.89862
-2.85916 -5.90216
-2.85172 -5.90497
-2.84505 -5.9093
-2.83827 -5.91342
-2.83088 -5.91633
-2.82356 -5.91938
-2.81628 -5.9225
-2.80928 -5.92618
-2.80218 -5.92967
-2.79545 -5.93389
-2.78864 -5.93795
-2.78117 -5.94069
-2.77431 -5.94465
-2.76748 -5.94868
-2.75993 -5.95126
-2.75345 -5.95599
-2.74566 -5.95809
-2.7393 -5.96307
-2.73178 -5.96571
-2.72495 -5.96973
-2.71769 -5.9729
-2.71078 -5.97676
-2.70351 -5.9799
-2.69602 -5.98261
-2.68957 -5.98739
-2.68217 -5.99028
-2.67547 -5.99455
-2.66831 -5.99791
-2.66076 -6.00051
-2.65364 -6.00396
-2.64664 -6.00762
-2.64021 -6.01245
-2.63261 -6.01494
-2.62597 -6.01935
-2.61838 -6.02185
-2.61174 -6.02625
-2.60476 -6.02996
-2.59763 -6.03339
-2.59002 -6.03585
-2.58328 -6.04007
-2.57651 -6.04421
-2.56913 -6.04713
-2.56204 -6.05064
-2.55466 -6.05356
-2.54758 -6.05709
-2.54128 -6.06216
-2.53394 -6.06516
-2.52724 -6.06945
-2.52014 -6.07293
-2.51274 -6.07581
-2.50594 -6.07989
-2.49858 -6.08286
-2.49124 -6.08587
-2.4844 -6.08987
-2.47716 -6.09308
-2.4704 -6.09723
-2.46358 -6.10127
-2.45596 -6.10372
