2.0494 -6.11429
2.05679 -6.11138
2.06396 -6.10802
2.07073 -6.10381
2.07769 -6.09999
2.08485 -6.0966
2.09265 -6.09455
2.09936 -6.09023
2.10638 -6.08655
2.11361 -6.0833
2.12092 -6.08023
2.12833 -6.07736
2.13558 -6.07414
2.14188 -6.06897
2.1491 -6.0657
2.15638 -6.06257
2.16414 -6.06042
2.17105 -6.05652
2.17785 -6.05237
2.18537 -6.04974
2.19259 -6.04646
2.19913 -6.04178
2.20681 -6.03947
2.21336 -6.0348
2.2213 -6.03305
2.22785 -6.02839
2.23497 -6.0249
2.24253 -6.02235
2.24943 -6.01844
2.25656 -6.01497
2.26415 -6.01249
2.27135 -6.00918
2.27832 -6.00538
2.28502 -6.00103
2.2923 -5.9979
2.29975 -5.9951
2.307 -5.99192
2.31353 -5.98721
2.32119 -5.98486
2.32814 -5.98103
2.33562 -5.97831
2.34269 -5.97473
2.34933 -5.97025
2.35659 -5.96707
2.36363 -5.96344
2.37057 -5.95958
2.37812 -5.95701
2.3854 -5.95387
2.39236 -5.95006
2.3998 -5.94725
2.40631 -5.9425
2.41379 -5.93979
2.42107 -5.93664
2.42804 -5.93286
2.43549 -5.93008
2.44215 -5.92564
2.44979 -5.92326
2.45656 -5.91904
2.46426 -5.91678
2.47085 -5.9122
2.47781 -5.90838
2.48517 -5.90543
2.49215 -5.90166
2.49923 -5.8981
2.50637 -5.89467
2.5138 -5.89185
2.52142 -5.88942
2.52852 -5.88591
2.53523 -5.88157
2.54284 -5.87911
2.54928 -5.87422
2.557 -5.872
2.56404 -5.86837
2.57086 -5.86426
2.57798 -5.86079
2.58499 -5.85708
2.59245 -5.85433
2.60011 -5.85197
2.60649 -5.84694
2.61433 -5.84499
2.62138 -5.84136
2.62836 -5.83759
2.63552 -5.83421
2.64258 -5.83062
2.64952 -5.82676
2.65684 -5.82371
2.66416 -5.82065
2.67102 -5.81662
2.67856 -5.81404
2.68536 -5.80989
2.69312 -5.80738
2.69699 -5.80344
2.70274 -5.79796
2.70811 -5.79209
2.71441 -5.7872
2.71957 -5.7811
2.72585 -5.77618
2.73221 -5.77137
2.73774 -5.76566
2.74338 -5.76007
2.74926 -5.75473
2.75504 -5.74929
2.76125 -5.74431
2.76593 -5.73769
2.77198 -5.73254
2.77778 -5.72712
2.78422 -5.72238
2.78937 -5.71626
2.7958 -5.71152
2.80076 -5.7052
2.80704 -5.70029
2.81342 -5.69549
2.81847 -5.68927
2.82423 -5.68381
2.83006 -5.67842
2.83538 -5.67249
2.84198 -5.66792
2.84755 -5.66226
2.85279 -5.65623
2.85895 -5.65121
2.86507 -5.64612
2.87143 -5.6413
2.87708 -5.63572
2.88252 -5.62992
2.88859 -5.62478
2.89374 -5.61867
2.90021 -5.61396
2.90564 -5.60815
2.91091 -5.60216
2.91744 -5.59752
2.92346 -5.59234
2.92921 -5.58687
2.93396 -5.58032
2.94006 -5.57522
2.94552 -5.56944
2.9525 -5.56528
2.95797 -5.5595
2.96413 -5.55446
2.96983 -5.54894
2.97441 -5.54222
2.98142 -5.53809
2.98636 -5.53175
2.99195 -5.5261
2.9984 -5.52138
3.00449 -5.51627
3.00955 -5.51006
3.01501 -5.50428
3.02164 -5.49974
3.02771 -5.49461
3.03253 -5.48814
3.039 -5.48343
3.04497 -5.4782
3.05047 -5.47246
3.0567 -5.4675
3.06184 -5.46137
3.06737 -5.45567
3.07403 -5.45116
3.07935 -5.44523
3.08569 -5.44039
3.0908 -5.43422
3.09728 -5.42954
3.10233 -5.42332
3.10848 -5.41826
3.11465 -5.41324
3.11963 -5.40694
3.12586 -5.40198
3.13211 -5.39705
3.13758 -5.39127
3.14265 -5.38507
3.14846 -5.37967
3.15476 -5.37478
3.16 -5.36875
3.16688 -5.36449
3.17177 -5.3581
3.17815 -5.3533
3.18367 -5.34758
3.18938 -5.34206
3.19466 -5.33609
3.20088 -5.33111
3.20723 -5.32628
3.21283 -5.32065
3.21797 -5.31453
3.22392 -5.30926
3.23047 -5.30464
3.23521 -5.29809
3.24135 -5.29303
3.24781 -5.28832
3.25365 -5.28294
3.25912 -5.27716
3.26534 -5.27219
3.271 -5.26663
3.27621 -5.26058
3.28219 -5.25535
3.28797 -5.2499
3.29408 -5.24482
3.29983 -5.23934
3.30552 -5.2338
3.31051 -5.22752
3.31731 -5.22317
3.32262 -5.21722
3.32783 -5.21118
3.33448 -5.20665
3.34031 -5.20127
3.34525 -5.19493
3.35126 -5.18973
3.35798 -5.1853
3.36265 -5.17867
3.36865 -5.17346
3.37538 -5.16904
3.38049 -5.16288
3.38572 -5.15685
3.3926 -5.15259
3.39769 -5.14641
3.40311 -5.14058
3.40917 -5.13544
3.41482 -5.12986
3.42151 -5.12538
3.42383 -5.12228
3.42919 -5.11678
3.43472 -5.11145
3.43998 -5.10583
3.44675 -5.10145
3.4525 -5.09599
3.45815 -5.09041
3.46317 -5.08629
3.4672 -5.08113
3.47252 -5.07731
3.4769 -5.07252
3.48102 -5.06822
3.48461 -5.06336
3.48808 -5.06226
3.49151 -5.05837
3.49106 -5.0504
3.49037 -5.04242
3.4914 -5.03443
3.49044 -5.02645
3.49106 -5.01846
3.49084 -5.01048
3.48948 -5.00251
3.49008 -4.99452
3.48992 -4.98654
3.48938 -4.97857
3.4904 -4.97057
3.49068 -4.96259
3.49053 -4.9546
3.4892 -4.94664
3.49 -4.93864
3.48882 -4.93067
3.48971 -4.92268
3.48963 -4.9147
3.48903 -4.90672
3.48943 -4.89874
3.48901 -4.89076
3.4888 -4.88278
3.48971 -4.87478
3.48782 -4.86682
3.48889 -4.85883
3.48876 -4.85084
3.48861 -4.84286
3.48847 -4.83488
3.4889 -4.82689
3.48766 -4.81892
3.48715 -4.81095
3.48715 -4.80296
3.48822 -4.79497
3.487 -4.78733
3.48619 -4.78245
3.48411 -4.77811
3.48127 -4.77456
3.4776 -4.76748
3.47266 -4.76127
3.4688 -4.75419
3.46423 -4.74763
3.4585 -4.74191
3.45475 -4.73473
3.45069 -4.72931
3.44641 -4.72406
3.44115 -4.71963
3.43758 -4.71373
3.43203 -4.70796
3.42543 -4.70335
3.42002 -4.69743
3.41304 -4.69325
3.4079 -4.68703
3.40182 -4.68185
3.39538 -4.67707
3.38908 -4.67213
3.38337 -4.66653
3.37757 -4.66104
3.37151 -4.65584
3.36609 -4.64991
3.35963 -4.64516
3.35437 -4.63906
3.34801 -4.63419
3.3419 -4.62905
3.33628 -4.62335
3.32953 -4.61892
3.32471 -4.61233
3.31783 -4.60805
3.31267 -4.60184
3.30646 -4.5968
3.30043 -4.59156
3.29372 -4.58709
3.28842 -4.58103
3.28302 -4.57509
3.27584 -4.57115
3.27051 -4.56512
3.26395 -4.56049
3.2582 -4.55493
3.2525 -4.54932
3.24624 -4.54434
3.24076 -4.53849
3.23442 -4.5336
3.22937 -4.52727
3.22304 -4.52237
3.21745 -4.51664
3.21056 -4.51237
3.20458 -4.50707
3.19858 -4.50181
3.1934 -4.49561
3.18663 -4.49121
3.18077 -4.48578
3.17514 -4.48009
3.16951 -4.47441
3.16374 -4.46889
3.1571 -4.46433
3.15134 -4.45879
3.14533 -4.45353
3.13968 -4.44787
3.13358 -4.44271
3.128 -4.43697
3.12169 -4.43205
3.11516 -4.42737
3.10956 -4.42166
3.10322 -4.41677
3.09763 -4.41103
3.09112 -4.40634
3.08634 -4.39969
3.08019 -4.3946
3.07456 -4.38891
3.06758 -4.38474
3.06171 -4.37932
3.0554 -4.3744
3.05039 -4.36802
3.04455 -4.36257
3.03791 -4.35802
3.0325 -4.35209
3.02684 -4.34644
3.01971 -4.34243
3.01472 -4.33603
3.00877 -4.3307
3.00195 -4.32635
2.99652 -4.32044
2.99073 -4.31494
2.98463 -4.30978
2.97907 -4.30402
2.97321 -4.29859
2.96676 -4.29383
2.9613 -4.28795
2.95453 -4.28354
2.94889 -4.27786
2.94296 -4.27252
2.93673 -4.2675
2.931 -4.26193
2.92547 -4.25613
2.91853 -4.25192
2.91293 -4.2462
2.90711 -4.24073
2.90094 -4.23565
2.89493 -4.2304
2.8886 -4.2255
2.88261 -4.22021
2.87699 -4.21451
2.87112 -4.20909
2.86494 -4.20403
2.85985 -4.19774
2.85308 -4.19333
2.84704 -4.18811
2.8412 -4.18265
2.83512 -4.17748
2.83005 -4.17116
2.82418 -4.16575
2.81789 -4.16081
2.81179 -4.15564
2.80635 -4.14974
2.79927 -4.14569
2.79384 -4.13978
2.78727 -4.13514
2.78184 -4.12924
2.7763 -4.12346
2.77044 -4.11803
2.76393 -4.11332
2.7585 -4.10742
2.75284 -4.10176
2.74676 -4.09658
2.7404 -4.09172
2.73371 -4.08722
2.72806 -4.08156
2.72195 -4.07641
2.71699 -4.06998
2.71043 -4.06533
2.70452 -4.05997
2.6991 -4.05405
2.6926 -4.04933
2.6866 -4.04406
2.68122 -4.0381
2.67424 -4.03393
2.66905 -4.02775
2.66278 -4.02278
2.65733 -4.01689
2.65148 -4.01145
2.64475 -4.007
2.63836 -4.00217
2.63258 -3.99666
2.62641 -3.99158
2.62078 -3.98589
2.61505 -3.98032
2.60861 -3.97554
2.60365 -3.9691
2.59782 -3.96365
2.59088 -3.95943
2.5854 -3.95357
2.57994 -3.9477
2.57356 -3.94286
2.56766 -3.93747
2.56177 -3.93207
2.55559 -3.92701
2.54983 -3.92147
2.5438 -3.91623
2.53709 -3.91176
2.53173 -3.90578
2.52591 -3.90031
2.5196 -3.89538
2.51337 -3.89036
2.5078 -3.88462
2.50152 -3.87966
2.49649 -3.8733
2.49004 -3.86854
2.48473 -3.86249
2.47784 -3.85822
2.47238 -3.85235
2.46676 -3.84665
2.46068 -3.84147
2.4543 -3.83662
2.44876 -3.83084
2.44278 -3.82554
2.43604 -3.8211
2.43033 -3.8155
2.42406 -3.81054
2.41911 -3.8041
2.41248 -3.79953
2.40698 -3.7937
2.40002 -3.78951
2.39471 -3.78347
2.38818 -3.77878
2.38291 -3.7727
2.37633 -3.76808
2.37041 -3.76272
2.36463 -3.7572
2.35936 -3.75112
2.35243 -3.74688
2.3477 -3.74019
2.34071 -3.73603
2.33573 -3.72962
2.32929 -3.72484
2.32378 -3.71902
2.31789 -3.71363
2.31147 -3.70883
2.305 -3.70408
2.2995 -3.69825
2.29309 -3.69344
2.28708 -3.68818
2.28115 -3.68283
2.27576 -3.67688
2.26926 -3.67218
2.26387 -3.66622
2.25762 -3.66122
2.25158 -3.656
2.24584 -3.65044
2.23974 -3.64528
2.23407 -3.63964
2.22854 -3.63384
2.22186 -3.62934
2.21591 -3.62402
2.21063 -3.61794
2.20422 -3.61312
2.19769 -3.60845
2.1928 -3.60193
2.18612 -3.59743
2.18002 -3.59227
2.17423 -3.58677
2.16802 -3.58172
2.16223 -3.57622
2.15699 -3.5701
2.14989 -3.56606
2.1449 -3.55966
2.13874 -3.55457
2.13206 -3.55006
2.12691 -3.54383
2.12035 -3.5392
2.11513 -3.53305
2.10833 -3.52867
2.10258 -3.52312
2.09716 -3.5172
2.09072 -3.51243
2.08469 -3.50719
2.079 -3.50157
2.07349 -3.49575
2.06643 -3.49168
2.06069 -3.48612
2.05523 -3.48024
2.04886 -3.47538
2.04337 -3.46954
2.03739 -3.46424
2.03101 -3.45941
2.02517 -3.45396
2.01988 -3.44789
2.01283 -3.4438
2.00797 -3.43725
2.00196 -3.43198
1.99515 -3.42763
1.99001 -3.42139
1.98327 -3.41695
1.97817 -3.41067
1.97237 -3.40518
1.96563 -3.40074
1.9604 -3.3946
1.95421 -3.38954
1.94825 -3.38423
1.94184 -3.37942
1.93586 -3.37412
1.9295 -3.36926
1.92454 -3.36282
1.91808 -3.35807
1.9125 -3.35233
1.9067 -3.34683
1.90042 -3.34188
1.89398 -3.3371
1.88774 -3.3321
1.88222 -3.3263
1.87657 -3.32063
1.87029 -3.31567
1.86416 -3.31055
1.85844 -3.30496
1.85228 -3.29987
1.84626 -3.29463
1.84026 -3.28935
1.83457 -3.28374
1.82851 -3.27854
1.82245 -3.27333
1.81619 -3.26836
1.81086 -3.26234
1.80457 -3.25739
1.79918 -3.25143
1.79286 -3.24652
1.78638 -3.24179
1.78107 -3.23575
1.77568 -3.22979
1.76934 -3.2249
1.76378 -3.21914
1.75659 -3.21521
1.75165 -3.20875
1.74497 -3.20423
1.73986 -3.19797
1.73283 -3.19385
1.72788 -3.18741
1.72089 -3.18325
1.71559 -3.17719
1.70903 -3.17256
1.70409 -3.16609
1.69776 -3.16119
1.69147 -3.15624
1.68575 -3.15066
1.67994 -3.14518
1.67347 -3.14044
1.6678 -3.1348
1.66129 -3.1301
1.65589 -3.12415
1.64991 -3.11886
1.64465 -3.11276
1.63828 -3.1079
1.63264 -3.10223
1.62675 -3.09684
1.62007 -3.09233
1.61454 -3.08653
1.60891 -3.08086
1.60166 -3.07698
1.5961 -3.07122
1.59061 -3.06538
1.58486 -3.05982
1.57892 -3.05449
1.57233 -3.04988
1.56714 -3.0437
1.56117 -3.0384
1.55499 -3.03333
1.54808 -3.02907
1.54299 -3.02279
1.53704 -3.01746
1.53075 -3.01251
1.52451 -3.00751
1.51881 -3.00191
1.51315 -2.99625
1.5074 -2.99071
1.50148 -2.98535
1.49533 -2.98024
1.48872 -2.97566
1.48274 -2.97036
1.47758 -2.96416
1.47151 -2.95897
1.46595 -2.9532
1.45906 -2.94893
1.45284 -2.94391
1.44797 -2.93737
1.44154 -2.93258
1.43579 -2.92702
1.43002 -2.9215
1.42321 -2.91713
1.41828 -2.91067
1.41115 -2.90667
1.40566 -2.90083
1.40032 -2.89482
1.394 -2.8899
1.38807 -2.88455
1.38146 -2.87997
1.37592 -2.87419
1.37038 -2.8684
1.36429 -2.86322
1.35786 -2.85843
1.35201 -2.853
1.34594 -2.84781
1.33984 -2.84265
1.33423 -2.83695
1.32834 -2.83154
1.32191 -2.82676
1.31582 -2.82159
1.31072 -2.81531
1.3044 -2.8104
1.29858 -2.80493
1.29207 -2.80024
1.28622 -2.79479
1.2811 -2.78854
1.27407 -2.78442
1.26896 -2.77815
1.26222 -2.77371
1.25647 -2.76816
1.25105 -2.76224
1.24485 -2.7572
1.23899 -2.75177
1.23305 -2.74644
1.22641 -2.74188
1.22159 -2.73529
1.215 -2.73068
1.20871 -2.72574
1.20268 -2.72049
1.19744 -2.71437
1.19169 -2.70882
1.18593 -2.70328
1.17992 -2.69803
1.17287 -2.69393
1.16725 -2.68823
1.16157 -2.6826
1.15483 -2.67816
1.15017 -2.67139
1.1434 -2.66698
1.13696 -2.66221
1.13224 -2.65551
1.12504 -2.65158
1.12019 -2.64502
1.11427 -2.63966
1.10847 -2.63417
1.10163 -2.62983
1.09592 -2.62424
1.09043 -2.6184
1.0846 -2.61294
1.07819 -2.60813
1.07198 -2.6031
1.06556 -2.59829
1.05974 -2.59282
1.05374 -2.58756
1.04779 -2.58222
1.04252 -2.57613
1.03622 -2.57121
1.03021 -2.56595
1.02499 -2.5598
1.01782 -2.55584
1.01198 -2.55039
1.00677 -2.54424
1.00076 -2.53897
0.994156 -2.53438
0.989244 -2.5279
0.982893 -2.52302
0.976136 -2.5186
0.971281 -2.51204
0.964995 -2.50709
0.958624 -2.50224
0.952797 -2.49678
0.947159 -2.4911
0.941463 -2.48549
0.934553 -2.48124
0.929293 -2.47514
0.923597 -2.46953
0.91739 -2.46449
0.911133 -2.45951
0.9048 -2.45461
0.898841 -2.44929
0.8937 -2.44306
0.886956 -2.43863
0.881159 -2.43313
0.87536 -2.42763
0.869222 -2.42252
0.863133 -2.41735
0.856941 -2.41229
0.851648 -2.40623
0.846247 -2.40029
0.839247 -2.39614
0.834322 -2.38966
0.827914 -2.38485
0.822017 -2.37947
0.816226 -2.37396
0.809342 -2.36968
0.803889 -2.3638
0.798633 -2.35769
0.791934 -2.35321
0.786402 -2.34741
0.780544 -2.34198
0.773933 -2.3374
0.768653 -2.33132
0.761812 -2.32699
0.756038 -2.32147
0.750521 -2.31566
0.743754 -2.31125
0.739019 -2.30456
0.732426 -2.29995
0.725952 -2.29522
0.720974 -2.2888
0.714331 -2.28425
0.709034 -2.27819
0.702348 -2.27369
0.696517 -2.26823
0.691026 -2.26239
0.684492 -2.25772
0.679159 -2.2517
0.673265 -2.24631
0.667353 -2.24094
0.660678 -2.23643
0.655342 -2.23041
0.649488 -2.22498
0.642505 -2.22081
0.637653 -2.21426
0.631671 -2.20897
0.625812 -2.20354
0.619177 -2.19898
0.612734 -2.19421
0.607442 -2.18814
0.602061 -2.18217
0.601484 -2.18183
0.595082 -2.17709
0.588419 -2.17268
0.582544 -2.16729
0.575892 -2.16286
0.570395 -2.157
0.563958 -2.15231
0.557522 -2.14762
0.551765 -2.14208
0.545095 -2.13768
0.539207 -2.1323
0.533093 -2.12721
0.526227 -2.12305
0.520638 -2.1173
0.51433 -2.11245
0.50778 -2.1079
0.502115 -2.10225
0.495856 -2.09734
0.489524 -2.09251
0.483396 -2.08744
0.47669 -2.08308
0.47102 -2.07743
0.464716 -2.07258
0.458339 -2.06781
0.452498 -2.06238
0.445754 -2.05806
0.439645 -2.05296
0.433727 -2.04763
0.427332 -2.04288
0.42126 -2.03774
0.415341 -2.0324
0.409185 -2.02736
0.402938 -2.02243
0.396429 -2.01783
0.390433 -2.01259
0.384593 -2.00716
0.378445 -2.0021
0.371503 -1.99804
0.365207 -1.99317
0.358796 -1.98845
0.352954 -1.98301
0.346659 -1.97815
0.340793 -1.97274
0.334726 -1.96759
0.328273 -1.96292
0.321553 -1.95858
0.315312 -1.95364
0.309669 -1.94796
0.303696 -1.9427
0.297831 -1.93729
0.291589 -1.93236
0.284972 -1.92789
0.278525 -1.92321
0.272337 -1.91821
0.265827 -1.91361
0.259801 -1.9084
0.254054 -1.90285
0.247776 -1.89796
0.241452 -1.89313
0.23581 -1.88745
0.22922 -1.88295
0.223171 -1.87777
0.217045 -1.8727
0.21008 -1.86866
0.204716 -1.86263
0.198421 -1.85777
0.191925 -1.85315
0.185329 -1.84865
0.180138 -1.84241
0.173167 -1.83838
0.167169 -1.83314
0.16117 -1.82791
0.155018 -1.82286
0.149022 -1.81762
0.142518 -1.81301
0.13643 -1.80789
0.130229 -1.8029
0.123458 -1.79862
0.117756 -1.79302
0.111039 -1.78867
0.104719 -1.78384
0.0992484 -1.77794
0.0925598 -1.77356
0.0862208 -1.76875
0.0797403 -1.76411
0.074158 -1.75836
0.0685541 -1.75263
0.0616355 -1.74853
0.0550999 -1.74396
0.0498464 -1.7378
0.0434682 -1.73304
0.0367961 -1.72864
0.0306974 -1.72352
0.0243806 -1.71868
0.018002 -1.71392
0.0124306 -1.70815
0.00596727 -1.70349
-0.000793286 -1.6992
-0.00647987 -1.69358
-0.012103 -1.68787
-0.0193835 -1.68423
-0.0244 -1.67777
-0.0313592 -1.67373
-0.0371729 -1.66826
-0.0435452 -1.66349
-0.0494063 -1.65808
-0.0564189 -1.6541
-0.0625107 -1.64898
-0.068921 -1.64426
-0.0746844 -1.63873
-0.0802961 -1.63301
-0.0874715 -1.62923
-0.0937055 -1.62429
-0.0993563 -1.61819
-0.107299 -1.61928
-0.115241 -1.6194
-0.123184 -1.61833
-0.131126 -1.61958
-0.139068 -1.61892
-0.147011 -1.61773
-0.154953 -1.61838
-0.162896 -1.61885
-0.170838 -1.61805
-0.17878 -1.61786
-0.186723 -1.61829
-0.194665 -1.61937
-0.202608 -1.61834
-0.21055 -1.61926
-0.218493 -1.61781
-0.226643 -1.61836
-0.233139 -1.62298
-0.23819 -1.62938
-0.244624 -1.63408
-0.250898 -1.63897
-0.257001 -1.64408
-0.262906 -1.64942
-0.269265 -1.65421
-0.276331 -1.65813
-0.28176 -1.66407
-0.287667 -1.66941
-0.293876 -1.67438
-0.300513 -1.67883
-0.306952 -1.68352
-0.312444 -1.68938
-0.318457 -1.69459
-0.325243 -1.69886
-0.330861 -1.70456
-0.337008 -1.70961
-0.343225 -1.71457
-0.349477 -1.71949
-0.356262 -1.72376
-0.362778 -1.72835
-0.368291 -1.73418
-0.375018 -1.73852
-0.380254 -1.74469
-0.387387 -1.74853
-0.393715 -1.75335
-0.399585 -1.75874
-0.4055 -1.76408
-0.411302 -1.76955
-0.417642 -1.77437
-0.423689 -1.77954
-0.430764 -1.78345
-0.436272 -1.78928
-0.442625 -1.79408
-0.449181 -1.79863
-0.454314 -1.80492
-0.460616 -1.80978
-0.467649 -1.81374
-0.473375 -1.81931
-0.479879 -1.82392
-0.486292 -1.82864
-0.49206 -1.83416
-0.498043 -1.83941
-0.504791 -1.84372
-0.509954 -1.84998
-0.517004 -1.85392
-0.523266 -1.85883
-0.529246 -1.86408
-0.534887 -1.86976
-0.541481 -1.87426
-0.547656 -1.87927
-0.553636 -1.88453
-0.559731 -1.88964
-0.565553 -1.89509
-0.571657 -1.90019
-0.577975 -1.90503
-0.584369 -1.90978
-0.590928 -1.91432
-0.596695 -1.91984
-0.603207 -1.92444
-0.608703 -1.93029
-0.615699 -1.93429
-0.620945 -1.94045
-0.627185 -1.94539
-0.633653 -1.95004
-0.640325 -1.95445
-0.645741 -1.9604
-0.652834 -1.96428
-0.658967 -1.96935
-0.66458 -1.97506
-0.670319 -1.98061
-0.677408 -1.9845
-0.683668 -1.98941
-0.688981 -1.99549
-0.695949 -1.99953
-0.701619 -2.00516
-0.707647 -2.01036
-0.71419 -2.01492
-0.720532 -2.01973
-0.727008 -2.02438
-0.732509 -2.03022
-0.738157 -2.03588
-0.745117 -2.03993
-0.751576 -2.0446
-0.757546 -2.04987
-0.763551 -2.05509
-0.769723 -2.06011
-0.775225 -2.06595
-0.78214 -2.07006
-0.788652 -2.07466
-0.794634 -2.07991
-0.800406 -2.08542
-0.806687 -2.09031
-0.812991 -2.09517
-0.819367 -2.09993
-0.825694 -2.10476
-0.831436 -2.11031
-0.837736 -2.11517
-0.843302 -2.12094
-0.849359 -2.1261
-0.856321 -2.13014
-0.862769 -2.13482
-0.868924 -2.13986
-0.875037 -2.14496
-0.880362 -2.15102
-0.887487 -2.15486
-0.893506 -2.16007
-0.898655 -2.16635
-0.905645 -2.17036
-0.91121 -2.17613
-0.917167 -2.18141
-0.92412 -2.18547
-0.929954 -2.1909
-0.93673 -2.19518
-0.942588 -2.20059
-0.944233 -2.2023
-0.949626 -2.20826
-0.956145 -2.21296
-0.962301 -2.21807
-0.967637 -2.2241
-0.974412 -2.22852
-0.980029 -2.23423
-0.985815 -2.23976
-0.991798 -2.24506
-0.997415 -2.25077
-1.00329 -2.2562
-1.00989 -2.26081
-1.01512 -2.26696
-1.02118 -2.27218
-1.02769 -2.2769
-1.03385 -2.282
-1.0391 -2.28812
-1.04559 -2.29286
-1.05201 -2.29767
-1.05795 -2.30302
-1.06336 -2.30897
-1.06993 -2.31362
-1.07577 -2.31908
-1.08144 -2.32474
-1.08768 -2.32975
-1.09359 -2.33514
-1.09868 -2.34144
-1.10548 -2.34584
-1.1117 -2.35087
-1.11748 -2.35639
-1.12282 -2.36243
-1.12849 -2.36808
-1.13541 -2.37233
-1.1403 -2.37886
-1.1463 -2.38414
-1.15327 -2.38834
-1.15818 -2.39485
-1.16497 -2.39925
-1.17127 -2.4042
-1.17721 -2.40955
-1.18203 -2.41615
-1.18811 -2.42135
-1.19491 -2.42575
-1.1999 -2.43215
-1.20647 -2.4368
-1.21254 -2.44201
-1.21809 -2.4478
-1.22481 -2.45227
-1.22981 -2.45868
-1.23664 -2.46304
-1.24247 -2.46851
-1.24875 -2.47349
-1.25407 -2.47952
-1.26016 -2.48471
-1.26597 -2.49021
-1.27241 -2.49501
-1.27863 -2.50004
-1.28455 -2.50542
-1.28989 -2.51144
-1.296 -2.51661
-1.30199 -2.5219
-1.3082 -2.52695
-1.31403 -2.53242
-1.31974 -2.53803
-1.3255 -2.54358
-1.33206 -2.54824
-1.33807 -2.55351
-1.34331 -2.55965
-1.34979 -2.5644
-1.35562 -2.56988
-1.36175 -2.57502
-1.36679 -2.58137
-1.37292 -2.58651
-1.37983 -2.59078
-1.38569 -2.59622
-1.39137 -2.60186
-1.39695 -2.60762
-1.40347 -2.61233
-1.40847 -2.61872
-1.41519 -2.62321
-1.42074 -2.629
-1.42679 -2.63422
-1.4328 -2.6395
-1.43944 -2.64407
-1.44539 -2.64941
-1.45132 -2.65477
-1.45679 -2.66065
-1.46273 -2.666
-1.46852 -2.67152
-1.4752 -2.67605
-1.48067 -2.68192
-1.48685 -2.687
-1.49185 -2.69341
-1.49809 -2.69843
-1.50457 -2.70317
-1.51053 -2.70851
-1.51658 -2.71373
-1.52209 -2.71956
-1.52887 -2.72397
-1.5338 -2.73046
-1.53982 -2.73572
-1.54596 -2.74085
-1.55228 -2.74578
-1.55788 -2.75151
-1.56333 -2.75741
-1.56974 -2.76223
-1.57526 -2.76806
-1.58165 -2.7729
-1.58824 -2.77753
-1.59436 -2.78268
-1.59981 -2.78858
-1.60547 -2.79424
-1.61105 -2.8
-1.61716 -2.80516
-1.62308 -2.81053
-1.62935 -2.81552
-1.63535 -2.8208
-1.64184 -2.82554
-1.64727 -2.83146
-1.65353 -2.83645
-1.65957 -2.8417
-1.66538 -2.84719
-1.67119 -2.85269
-1.67727 -2.85789
-1.68336 -2.86307
-1.68937 -2.86835
-1.69446 -2.87464
-1.70059 -2.87978
-1.70752 -2.88403
-1.71343 -2.88942
-1.71945 -2.89468
-1.72443 -2.90111
-1.73105 -2.9057
-1.73686 -2.9112
-1.74285 -2.91649
-1.74852 -2.92215
-1.75419 -2.9278
-1.76128 -2.93187
-1.76637 -2.93817
-1.77261 -2.94319
-1.77791 -2.94925
-1.7847 -2.95365
-1.7902 -2.9595
-1.79587 -2.96515
-1.80264 -2.96958
-1.80766 -2.97596
-1.81362 -2.98128
-1.81992 -2.98623
-1.82651 -2.99086
-1.83198 -2.99673
-1.8377 -3.00233
-1.84412 -3.00715
-1.84937 -3.01328
-1.85559 -3.01831
-1.86136 -3.02385
-1.86819 -3.02821
-1.8734 -3.03438
-1.87919 -3.0399
-1.88594 -3.04434
-1.8918 -3.04979
-1.89704 -3.05592
-1.90411 -3.06001
-1.90937 -3.06612
-1.91551 -3.07126
-1.92208 -3.07591
-1.92745 -3.08189
-1.93281 -3.08789
-1.94003 -3.09181
-1.94583 -3.09731
-1.95107 -3.10346
-1.95666 -3.10919
-1.96287 -3.11425
-1.96943 -3.1189
-1.97523 -3.12442
-1.98069 -3.1303
-1.98692 -3.13533
-1.9936 -3.13986
-1.99861 -3.14624
-2.00537 -3.15068
-2.01056 -3.15687
-2.01726 -3.16138
-2.0222 -3.16784
-2.02886 -3.17239
-2.03422 -3.17839
-2.04061 -3.18325
-2.04652 -3.18862
-2.05229 -3.19417
-2.05824 -3.19951
-2.06389 -3.20518
-2.07027 -3.21004
-2.07604 -3.21559
-2.0822 -3.22069
-2.0886 -3.22553
-2.09422 -3.23124
-2.10077 -3.23591
-2.1066 -3.24138
-2.11217 -3.24715
-2.11851 -3.25206
-2.12377 -3.25817
-2.13031 -3.26285
-2.13572 -3.26879
-2.14162 -3.2742
-2.14785 -3.27922
-2.15363 -3.28475
-2.15946 -3.29022
-2.1658 -3.29513
-2.17193 -3.30027
-2.17821 -3.30524
-2.18343 -3.3114
-2.18682 -3.3136
-2.18671 -3.31373
-2.18625 -3.31432
-2.18582 -3.31494
-2.18544 -3.31559
-2.1851 -3.31625
-2.1848 -3.31694
-2.18454 -3.31764
-2.18433 -3.31836
-2.18416 -3.31909
-2.18404 -3.31983
-2.18397 -3.32057
-2.18394 -3.32132
-2.18396 -3.32207
-2.18462 -3.33378
-2.18468 -3.3345
-2.18479 -3.33522
-2.18494 -3.33593
-2.18513 -3.33662
-2.18536 -3.33731
-2.18563 -3.33798
-2.18595 -3.33863
-2.1863 -3.33926
-2.18669 -3.33987
-2.18712 -3.34046
-2.21069 -3.37119
-2.21115 -3.37175
-2.21163 -3.37229
-2.21215 -3.37279
-2.2127 -3.37327
-2.21327 -3.37371
-2.21387 -3.37411
-2.2145 -3.37448
-2.21514 -3.37481
-2.2158 -3.3751
-2.21648 -3.37535
-2.23414 -3.38152
-2.25105 -3.387
-2.25176 -3.38721
-2.25248 -3.38737
-2.25321 -3.38749
-2.25394 -3.38756
-2.25468 -3.38758
-2.25542 -3.38757
-2.25616 -3.3875
-2.25689 -3.38739
-2.25761 -3.38724
-2.25832 -3.38704
-2.25902 -3.3868
-2.2597 -3.38651
-2.26036 -3.38619
-2.26101 -3.38582
-2.26162 -3.38542
-2.26222 -3.38497
-2.26278 -3.3845
-2.26331 -3.38398
-2.26381 -3.38344
-2.26391 -3.38332
-2.26676 -3.38614
-2.27362 -3.39046
-2.27922 -3.39619
-2.28506 -3.40165
-2.29055 -3.40751
-2.29703 -3.41226
-2.30335 -3.41718
-2.30885 -3.42303
-2.31437 -3.42886
-2.3212 -3.43321
-2.32666 -3.4391
-2.33304 -3.44396
-2.33921 -3.44905
-2.34466 -3.45495
-2.35041 -3.46051
-2.35706 -3.46508
-2.36244 -3.47105
-2.36892 -3.4758
-2.37495 -3.48105
-2.38028 -3.48709
-2.38687 -3.49171
-2.39195 -3.49803
-2.39873 -3.50243
-2.40444 -3.50805
-2.40989 -3.51395
-2.41564 -3.51951
-2.42249 -3.52385
-2.42808 -3.52958
-2.43423 -3.53471
-2.44042 -3.53978
-2.44654 -3.54493
-2.45246 -3.5503
-2.45777 -3.55636
-2.46386 -3.56154
-2.46918 -3.56759
-2.47618 -3.57176
-2.48203 -3.57721
-2.4875 -3.58309
-2.49397 -3.58785
-2.49919 -3.594
-2.50606 -3.59832
-2.51147 -3.60426
-2.51691 -3.61017
-2.5232 -3.61513
-2.52967 -3.61989
-2.5347 -3.62626
-2.54135 -3.63082
-2.5476 -3.63582
-2.55344 -3.64128
-2.559 -3.64706
-2.56518 -3.65215
-2.57086 -3.65779
-2.57679 -3.66315
-2.5836 -3.66753
-2.58953 -3.6729
-2.59532 -3.67841
-2.60083 -3.68425
-2.60617 -3.69027
-2.61321 -3.69439
-2.61861 -3.70035
-2.62433 -3.70595
-2.63066 -3.71086
-2.63678 -3.71602
-2.64259 -3.72151
-2.64784 -3.72763
-2.65383 -3.73293
-2.66029 -3.7377
-2.6668 -3.74242
-2.67197 -3.74863
-2.67766 -3.75426
-2.68407 -3.75909
-2.68994 -3.76452
-2.69592 -3.76982
-2.70253 -3.77443
-2.70849 -3.77976
-2.71365 -3.78598
-2.71967 -3.79124
-2.72561 -3.7966
-2.73211 -3.80132
-2.73851 -3.80616
-2.74417 -3.81182
-2.74919 -3.81821
-2.75526 -3.82341
-2.76147 -3.82846
-2.76753 -3.83368
-2.77301 -3.83954
-2.78013 -3.84358
-2.78574 -3.8493
-2.79176 -3.85456
-2.79731 -3.86035
-2.80395 -3.86492
-2.80967 -3.87052
-2.8147 -3.87689
-2.82142 -3.88137
-2.82706 -3.88705
-2.83355 -3.89179
-2.83964 -3.89697
-2.84518 -3.90277
-2.85069 -3.90861
-2.85679 -3.91378
-2.86237 -3.91953
-2.86848 -3.92469
-2.87506 -3.92934
-2.88028 -3.93549
-2.88672 -3.94029
-2.89294 -3.94532
-2.89884 -3.95072
-2.90414 -3.95678
-2.91047 -3.9617
-2.91713 -3.96625
-2.92228 -3.97249
-2.9286 -3.97741
-2.93417 -3.98318
-2.93993 -3.98873
-2.94658 -3.99329
-2.95184 -3.99941
-2.95807 -4.00443
-2.96438 -4.00937
-2.9708 -4.01418
-2.97624 -4.02009
-2.9818 -4.02587
-2.98801 -4.03092
-2.99404 -4.03618
-2.99993 -4.04158
-3.00561 -4.04723
-3.01138 -4.05277
-3.01835 -4.05697
-3.02339 -4.06333
-3.02943 -4.06857
-3.03581 -4.07342
-3.04183 -4.07868
-3.04775 -4.08406
-3.05326 -4.0899
-3.05988 -4.09448
-3.06509 -4.10065
-3.07215 -4.10475
-3.07812 -4.11007
-3.08329 -4.11628
-3.08962 -4.1212
-3.09587 -4.1262
-3.10116 -4.13228
-3.10761 -4.13707
-3.1128 -4.14325
-3.11878 -4.14856
-3.12501 -4.15359
-3.13169 -4.15812
-3.13655 -4.16467
-3.14299 -4.16947
-3.14925 -4.17446
-3.15543 -4.17954
-3.16053 -4.18583
-3.16668 -4.19095
-3.17353 -4.19529
-3.17933 -4.2008
-3.18499 -4.20646
-3.19111 -4.21161
-3.19631 -4.21779
-3.20223 -4.22317
-3.20799 -4.22872
-3.21436 -4.23359
-3.22088 -4.23829
-3.2264 -4.24411
-3.23207 -4.24977
-3.23867 -4.25438
-3.24386 -4.26058
-3.25086 -4.26474
-3.2568 -4.2701
-3.26249 -4.27573
-3.26828 -4.28125
-3.27448 -4.2863
-3.28027 -4.29183
-3.28628 -4.2971
-3.29213 -4.30255
-3.29816 -4.30781
-3.30437 -4.31285
-3.31006 -4.31848
-3.31623 -4.32359
-3.32216 -4.32894
-3.32759 -4.33486
-3.33354 -4.34021
-3.33954 -4.34549
-3.34548 -4.35085
-3.3511 -4.35655
-3.35772 -4.36115
-3.36402 -4.36609
-3.36963 -4.37181
-3.37599 -4.37669
-3.38121 -4.38285
-3.38682 -4.38858
-3.3934 -4.39321
-3.399 -4.39894
-3.40549 -4.40368
-3.4109 -4.40962
-3.41765 -4.41407
-3.42275 -4.42037
-3.42938 -4.42494
-3.43456 -4.43115
-3.4409 -4.43605
-3.44701 -4.44122
-3.45248 -4.44709
-3.45864 -4.4522
-3.46483 -4.45727
-3.47142 -4.46189
-3.47612 -4.46863
-3.48209 -4.47395
-3.48816 -4.47916
-3.49457 -4.48399
-3.50032 -4.48955
-3.50602 -4.49516
-3.51223 -4.50022
-3.51842 -4.50529
-3.52444 -4.51056
-3.53091 -4.51532
-3.53688 -4.52063
-3.54289 -4.5259
-3.54847 -4.53166
-3.55446 -4.53696
-3.56063 -4.54205
-3.56561 -4.54848
-3.57184 -4.5535
-3.57792 -4.5587
-3.58406 -4.56383
-3.59026 -4.56888
-3.59655 -4.57385
-3.60165 -4.58014
-3.6074 -4.58571
-3.61356 -4.59081
-3.62001 -4.59559
-3.62621 -4.60066
-3.63109 -4.60719
-3.63833 -4.61109
-3.64311 -4.61774
-3.64946 -4.62264
-3.65596 -4.62736
-3.66191 -4.63269
-3.66685 -4.63917
-3.67345 -4.64379
-3.6789 -4.64968
-3.68555 -4.65424
-3.69102 -4.66012
-3.69746 -4.66491
-3.70384 -4.66977
-3.70901 -4.67599
-3.71549 -4.68074
-3.72078 -4.68681
-3.72706 -4.69178
-3.73284 -4.69731
-3.73889 -4.70254
-3.74477 -4.70796
-3.7515 -4.71244
-3.75745 -4.71778
-3.76302 -4.72353
-3.76917 -4.72866
-3.77462 -4.73456
-3.78008 -4.74044
-3.78621 -4.74558
-3.7928 -4.75021
-3.7992 -4.75505
-3.80483 -4.76074
-3.81068 -4.76619
-3.81642 -4.77177
-3.82213 -4.77738
-3.82883 -4.78189
-3.83438 -4.78769
-3.83885 -4.79132
-3.84133 -4.79679
-3.84625 -4.80003
-3.85126 -4.80613
-3.85618 -4.81231
-3.86032 -4.81621
-3.86287 -4.82136
-3.86711 -4.82524
-3.86935 -4.82918
-3.87209 -4.83296
-3.87471 -4.83936
-3.87368 -4.84727
-3.874 -4.85517
-3.87428 -4.86307
-3.8738 -4.87097
-3.87432 -4.87887
-3.87498 -4.88676
-3.87397 -4.89467
-3.87526 -4.90256
-3.87355 -4.91047
-3.87388 -4.91837
-3.87508 -4.92626
-3.87402 -4.93417
-3.8746 -4.94207
-3.87564 -4.94996
-3.87548 -4.95786
-3.87578 -4.96576
-3.87496 -4.97366
-3.87523 -4.98156
-3.87428 -4.98947
-3.87495 -4.99736
-3.87411 -5.00527
-3.87596 -5.01316
-3.87596 -5.02106
-3.87441 -5.02897
-3.87554 -5.03686
-3.87595 -5.04476
-3.87564 -5.05266
-3.87506 -5.06056
-3.87471 -5.06847
-3.87664 -5.07656
-3.8741 -5.08132
-3.87308 -5.08627
-3.87121 -5.09184
-3.86805 -5.09672
-3.86542 -5.10291
-3.86163 -5.1084
-3.85852 -5.11433
-3.85538 -5.11927
-3.85229 -5.12425
-3.84865 -5.12889
-3.84368 -5.13412
-3.8397 -5.14013
-3.83538 -5.14605
-3.82883 -5.15067
-3.82244 -5.15548
-3.81701 -5.16137
-3.81152 -5.1672
-3.80522 -5.1721
-3.79956 -5.17773
-3.79296 -5.1823
-3.78661 -5.18716
-3.78129 -5.19317
-3.77458 -5.19761
-3.76894 -5.20327
-3.76279 -5.20835
-3.75695 -5.21378
-3.75177 -5.21995
-3.74518 -5.22453
-3.739 -5.22957
-3.73322 -5.23507
-3.72767 -5.24082
-3.72096 -5.24528
-3.71521 -5.2508
-3.70887 -5.25566
-3.70327 -5.26136
-3.6974 -5.26676
-3.69206 -5.27275
-3.6854 -5.27725
-3.67995 -5.28312
-3.67341 -5.28775
-3.66747 -5.29307
-3.66189 -5.29879
-3.65607 -5.30425
-3.65019 -5.30963
-3.6441 -5.31477
-3.63776 -5.31964
-3.63184 -5.32498
-3.62541 -5.32973
-3.62046 -5.33618
-3.6133 -5.3401
-3.60812 -5.34628
-3.60183 -5.3512
-3.59542 -5.35599
-3.59031 -5.36224
-3.58413 -5.36728
-3.57814 -5.37254
-3.57183 -5.37744
-3.5665 -5.38344
-3.5607 -5.38892
-3.55394 -5.3933
-3.54842 -5.39909
-3.54185 -5.40369
-3.5367 -5.40991
-3.53034 -5.41474
-3.52439 -5.42004
-3.51882 -5.42578
-3.51239 -5.43054
-3.50574 -5.43506
-3.50043 -5.44108
-3.49433 -5.44622
-3.48803 -5.45113
-3.48243 -5.45682
-3.47639 -5.46203
-3.47051 -5.4674
-3.46455 -5.4727
-3.45848 -5.47786
-3.45543 -5.48039
-3.45535 -5.48028
-3.45485 -5.47974
-3.45432 -5.47922
-3.45376 -5.47874
-3.45317 -5.47829
-3.45255 -5.47788
-3.45191 -5.47751
-3.45125 -5.47718
-3.45056 -5.47689
-3.44987 -5.47665
-3.44915 -5.47645
-3.44843 -5.47629
-3.4477 -5.47617
-3.44696 -5.47611
-3.44622 -5.47608
-3.44548 -5.47611
-3.44474 -5.47618
-3.43365 -5.47757
-3.43294 -5.47768
-3.43223 -5.47783
-3.43154 -5.47803
-3.43085 -5.47827
-3.43018 -5.47855
-3.42953 -5.47887
-3.40802 -5.49087
-3.40738 -5.49124
-3.40676 -5.49166
-3.40617 -5.49211
-3.40561 -5.4926
-3.40507 -5.49312
-3.40458 -5.49367
-3.39533 -5.50396
-3.39485 -5.50454
-3.38427 -5.51788
-3.38385 -5.51844
-3.38346 -5.51902
-3.38311 -5.51963
-3.38279 -5.52025
-3.38251 -5.5209
-3.37599 -5.53708
-3.37573 -5.53778
-3.37552 -5.5385
-3.37535 -5.53923
-3.37523 -5.53997
-3.37515 -5.54072
-3.37512 -5.54147
-3.37514 -5.54222
-3.3752 -5.54297
-3.37532 -5.54371
-3.37547 -5.54444
-3.37568 -5.54517
-3.37592 -5.54587
-3.37621 -5.54657
-3.37655 -5.54724
-3.37692 -5.54789
-3.37734 -5.54851
-3.37779 -5.54911
-3.37783 -5.54916
-3.37783 -5.54916
-3.37549 -5.55247
-3.36949 -5.55772
-3.36234 -5.56167
-3.35655 -5.56715
-3.35131 -5.57325
-3.3448 -5.57793
-3.33884 -5.58322
-3.33261 -5.5882
-3.32713 -5.59404
-3.32117 -5.59934
-3.31494 -5.60432
-3.30959 -5.6103
-3.30271 -5.61455
-3.2976 -5.62081
-3.29134 -5.62577
-3.28561 -5.63132
-3.27873 -5.63557
-3.273 -5.64112
-3.26698 -5.64634
-3.2618 -5.65253
-3.25515 -5.65703
-3.25002 -5.66326
-3.24319 -5.66757
-3.23774 -5.67344
-3.23107 -5.67793
-3.22587 -5.68408
-3.22015 -5.68965
-3.2132 -5.69382
-3.20735 -5.69924
-3.20203 -5.70525
-3.19604 -5.71051
-3.18923 -5.71485
-3.18393 -5.72088
-3.17761 -5.72576
-3.17219 -5.73167
-3.16628 -5.73702
-3.15952 -5.74141
-3.15368 -5.74684
-3.14851 -5.75302
-3.14175 -5.7574
-3.13646 -5.76346
-3.12943 -5.76754
-3.12413 -5.77358
-3.11838 -5.77911
-3.11147 -5.78333
-3.10565 -5.78878
-3.09993 -5.79435
-3.09452 -5.80026
-3.08764 -5.80451
-3.08272 -5.81098
-3.07633 -5.81579
-3.07248 -5.81797
-3.06985 -5.82169
-3.06591 -5.82477
-3.05833 -5.82728
-3.0511 -5.83061
-3.04342 -5.83287
-3.03614 -5.83609
-3.02852 -5.8385
-3.02149 -5.8423
-3.01385 -5.84467
-3.00707 -5.84908
-2.99946 -5.8515
-2.99193 -5.85413
-2.98524 -5.85874
-2.97757 -5.86104
-2.96985 -5.8632
-2.96278 -5.8669
-2.95577 -5.87076
-2.94832 -5.87358
-2.94091 -5.87649
-2.93342 -5.87921
-2.92639 -5.883
-2.91911 -5.88622
-2.91153 -5.88872
-2.90391 -5.89112
-2.89647 -5.89397
-2.8893 -5.89744
-2.88225 -5.9012
-2.8745 -5.90331
-2.86714 -5.90632
-2.86023 -5.91043
-2.85304 -5.91386
-2.84558 -5.91663
-2.83778 -5.91862
-2.83095 -5.92291
-2.82366 -5.9261
-2.81603 -5.92849
-2.80844 -5.93097
-2.80183 -5.93577
-2.79376 -5.93709
-2.78668 -5.9408
-2.77953 -5.94433
-2.77196 -5.94684
-2.76454 -5.94972
-2.75708 -5.95252
-2.74996 -5.95611
-2.74284 -5.9597
-2.73559 -5.96299
-2.7283 -5.96618
-2.72053 -5.96823
-2.71356 -5.97218
-2.7065 -5.97591
-2.69871 -5.97792
-2.69113 -5.98043
-2.68391 -5.98379
-2.67648 -5.98664
-2.66928 -5.99006
-2.66179 -5.99276
-2.65466 -5.99633
-2.64738 -5.99955
-2.63972 -6.00186
-2.63298 -6.00637
-2.6255 -6.00909
-2.61775 -6.01119
-2.61088 -6.01539
-2.6033 -6.01788
-2.59607 -6.02123
-2.58889 -6.02467
-2.58131 -6.02717
-2.57403 -6.0304
-2.56695 -6.03408
-2.55962 -6.03718
-2.5517 -6.03887
-2.54507 -6.04363
-2.53737 -6.04586
-2.53002 -6.04891
-2.52242 -6.05134
-2.51565 -6.05577
-2.50784 -6.05774
-2.50078 -6.06148
-2.49328 -6.06415
-2.48619 -6.06783
-2.47856 -6.07021
-2.47106 -6.07291
-2.46397 -6.07657
-2.45669 -6.07978
-2.44922 -6.08254
-2.44174 -6.08529
-2.43452 -6.08864
-2.42723 -6.09183
-2.42002 -6.09522
-2.41272 -6.09839
-2.4051 -6.1008
-2.39808 -6.10463
