2.29475 -6.10241
2.296 -6.10189
2.30402 -6.09865
2.31036 -6.09605
2.31196 -6.09523
2.32001 -6.09204
2.32803 -6.08882
2.32979 -6.08796
2.33597 -6.08537
2.34398 -6.08212
2.34928 -6.08005
2.35198 -6.07882
2.35999 -6.07557
2.36802 -6.07234
2.36872 -6.072
2.37598 -6.06895
2.38399 -6.0657
2.38819 -6.06402
2.39201 -6.06244
2.40001 -6.05917
2.40765 -6.05602
2.40799 -6.05583
2.41597 -6.05249
2.42398 -6.04922
2.42712 -6.04806
2.43203 -6.04606
2.44001 -6.04272
2.44655 -6.03997
2.448 -6.0394
2.45603 -6.03619
2.464 -6.03284
2.46602 -6.03201
2.47202 -6.02958
2.48002 -6.0263
2.48548 -6.02402
2.48799 -6.02293
2.49597 -6.01961
2.50402 -6.01644
2.50492 -6.01596
2.51196 -6.01301
2.51996 -6.00972
2.52437 -6.00795
2.52798 -6.00648
2.53601 -6.00324
2.54383 -5.99996
2.54396 -5.99985
2.55201 -5.99668
2.56002 -5.99341
2.56334 -5.99207
2.56801 -5.9901
2.57596 -5.98669
2.58279 -5.98405
2.584 -5.9835
2.59199 -5.98019
2.59999 -5.97689
2.60226 -5.97607
2.608 -5.97362
2.61601 -5.97036
2.62167 -5.96796
2.62402 -5.96709
2.63199 -5.96372
2.64002 -5.96053
2.64111 -5.95992
2.648 -5.95717
2.65599 -5.95386
2.6606 -5.95198
2.66403 -5.95068
2.67202 -5.94736
2.68001 -5.94404
2.68005 -5.94396
2.68802 -5.94079
2.696 -5.93745
2.69953 -5.93601
2.70399 -5.93414
2.71197 -5.93079
2.71897 -5.92797
2.71999 -5.92757
2.72801 -5.92431
2.73602 -5.92106
2.73842 -5.91995
2.74397 -5.91763
2.75198 -5.91439
2.75788 -5.91196
2.75998 -5.91108
2.76804 -5.90793
2.77597 -5.90449
2.77737 -5.90402
2.78397 -5.90119
2.79199 -5.89795
2.79682 -5.89599
2.80003 -5.89476
2.80797 -5.89133
2.81599 -5.88809
2.81624 -5.88791
2.82403 -5.88489
2.83196 -5.88145
2.83574 -5.88001
2.84003 -5.87831
2.84801 -5.87498
2.85521 -5.87202
2.85598 -5.87163
2.864 -5.86838
2.87204 -5.86518
2.87462 -5.86392
2.88002 -5.86185
2.88804 -5.8586
2.89409 -5.85593
2.89597 -5.85516
2.904 -5.85193
2.91199 -5.84862
2.91359 -5.84804
2.91996 -5.84527
2.92798 -5.84202
2.93306 -5.84006
2.93599 -5.83876
2.94403 -5.83557
2.95203 -5.83228
2.95248 -5.83196
2.95997 -5.82885
2.968 -5.82563
2.97193 -5.82395
2.97603 -5.82242
2.98404 -5.81914
2.99139 -5.81596
2.99198 -5.8157
2.99998 -5.81243
3.00797 -5.80911
3.01084 -5.80792
3.01601 -5.80591
3.02401 -5.80263
3.03031 -5.79994
3.03196 -5.79922
3.03406 -5.79839
3.04003 -5.79454
3.0437 -5.79197
3.04445 -5.79151
3.04706 -5.78939
3.048 -5.78845
3.05283 -5.78393
3.05604 -5.78122
3.06172 -5.77602
3.06398 -5.77388
3.07044 -5.76794
3.07198 -5.76662
3.07925 -5.75994
3.07995 -5.75932
3.088 -5.7521
3.08807 -5.75196
3.09595 -5.74477
3.09688 -5.74397
3.10401 -5.73757
3.10576 -5.73605
3.11206 -5.73036
3.11454 -5.72803
3.12004 -5.72305
3.12333 -5.72002
3.12806 -5.71581
3.13206 -5.71193
3.13595 -5.70842
3.1409 -5.70397
3.144 -5.7012
3.14967 -5.69594
3.15203 -5.69397
3.15854 -5.68802
3.16005 -5.68672
3.16731 -5.67998
3.16806 -5.67946
3.17594 -5.67205
3.17618 -5.67206
3.18398 -5.66483
3.18497 -5.66404
3.19199 -5.65757
3.19372 -5.65598
3.20005 -5.65036
3.2025 -5.64796
3.20805 -5.6431
3.21138 -5.64004
3.21594 -5.63571
3.22018 -5.63203
3.22406 -5.62857
3.22896 -5.62402
3.23198 -5.62121
3.23774 -5.61599
3.24006 -5.61403
3.2466 -5.60805
3.24798 -5.60667
3.25539 -5.60003
3.25597 -5.59938
3.26398 -5.59213
3.26417 -5.59201
3.27195 -5.58482
3.27294 -5.58397
3.28005 -5.57766
3.28173 -5.57596
3.28799 -5.57032
3.29054 -5.56797
3.29596 -5.56302
3.29933 -5.55996
3.30404 -5.55584
3.30816 -5.55199
3.31206 -5.54859
3.31694 -5.54396
3.31994 -5.54118
3.32578 -5.536
3.32802 -5.534
3.33464 -5.52806
3.33602 -5.52673
3.34334 -5.51995
3.34403 -5.51947
3.35201 -5.51218
3.35213 -5.51194
3.35997 -5.50486
3.36097 -5.50397
3.36796 -5.49758
3.36985 -5.49607
3.37595 -5.49031
3.37855 -5.48795
3.38397 -5.48305
3.38735 -5.47995
3.39201 -5.47582
3.39618 -5.47198
3.40003 -5.46858
3.40495 -5.46394
3.40804 -5.46132
3.41379 -5.45598
3.41594 -5.45394
3.42261 -5.448
3.42406 -5.44681
3.4314 -5.43999
3.43195 -5.43941
3.43999 -5.43219
3.44023 -5.43202
3.44799 -5.42491
3.44905 -5.42404
3.45601 -5.41766
3.45784 -5.41602
3.46394 -5.41031
3.46661 -5.40798
3.47202 -5.40313
3.47549 -5.40007
3.48 -5.39584
3.48418 -5.39195
3.48798 -5.38855
3.49298 -5.38394
3.49599 -5.38129
3.50177 -5.37593
3.50406 -5.3741
3.5106 -5.36797
3.51202 -5.36678
3.51947 -5.36003
3.51997 -5.35946
3.52804 -5.35226
3.52821 -5.35197
3.53598 -5.34493
3.53704 -5.344
3.544 -5.33768
3.54586 -5.33602
3.55201 -5.33042
3.55461 -5.32796
3.55996 -5.32309
3.56348 -5.32004
3.56799 -5.31585
3.57224 -5.31198
3.57605 -5.30865
3.58109 -5.30404
3.58406 -5.30138
3.58984 -5.29598
3.59205 -5.2941
3.59867 -5.28801
3.6 -5.28678
3.6074 -5.27994
3.60801 -5.27952
3.616 -5.27224
3.61631 -5.27205
3.62398 -5.26495
3.62504 -5.26396
3.63202 -5.25773
3.63381 -5.25593
3.64001 -5.25044
3.64266 -5.24799
3.64806 -5.24322
3.65145 -5.23997
3.65606 -5.23596
3.6603 -5.23202
3.66395 -5.22856
3.66905 -5.22396
3.67198 -5.22132
3.67792 -5.21604
3.67994 -5.21401
3.68672 -5.20803
3.68805 -5.20686
3.69549 -5.2
3.69602 -5.19956
3.70395 -5.19221
3.70424 -5.19194
3.71194 -5.18493
3.71313 -5.18404
3.71997 -5.1777
3.72187 -5.17597
3.72795 -5.1704
3.73068 -5.16798
3.73602 -5.1632
3.73955 -5.16005
3.74393 -5.15584
3.74827 -5.15196
3.75204 -5.14868
3.75706 -5.14395
3.75995 -5.14132
3.76589 -5.13598
3.768 -5.1341
3.77468 -5.12796
3.77594 -5.12676
3.78352 -5.12
3.78402 -5.11958
3.79201 -5.1123
3.79229 -5.11197
3.80003 -5.10505
3.80107 -5.10394
3.80804 -5.09779
3.80992 -5.096
3.81601 -5.09049
3.81867 -5.08794
3.82398 -5.08319
3.82661 -5.08092
3.82693 -5.08002
3.82989 -5.07202
3.83191 -5.06613
3.83273 -5.06397
3.833 -5.06352
3.83401 -5.056
3.83524 -5.04801
3.83634 -5.04001
3.83658 -5.03853
3.83629 -5.032
3.8362 -5.024
3.83611 -5.016
3.83592 -5.008
3.83593 -5
3.83572 -4.992
3.83564 -4.984
3.83544 -4.976
3.8353 -4.968
3.8353 -4.96
3.835 -4.952
3.83501 -4.944
3.83483 -4.936
3.83476 -4.928
3.83451 -4.92
3.83449 -4.912
3.83419 -4.904
3.83412 -4.896
3.83404 -4.888
3.83384 -4.88
3.83376 -4.872
3.83357 -4.864
3.83348 -4.856
3.83333 -4.848
3.83319 -4.84
3.83311 -4.832
3.83295 -4.824
3.83277 -4.816
3.83264 -4.808
3.83253 -4.8
3.83244 -4.792
3.83238 -4.784
3.83208 -4.776
3.83214 -4.768
3.83194 -4.76511
3.83184 -4.76
3.83198 -4.75901
3.83079 -4.752
3.82954 -4.744
3.82827 -4.736
3.82753 -4.73094
3.82631 -4.72801
3.82393 -4.72185
3.82333 -4.71999
3.82244 -4.71769
3.81607 -4.71207
3.81577 -4.71207
3.808 -4.70526
3.80658 -4.70394
3.79996 -4.69842
3.79722 -4.69601
3.79203 -4.69146
3.78798 -4.68795
3.78402 -4.68459
3.77859 -4.68006
3.77604 -4.67768
3.76933 -4.67202
3.76794 -4.67092
3.76002 -4.66403
3.76001 -4.66394
3.75204 -4.65703
3.75078 -4.65596
3.74401 -4.65018
3.7415 -4.64794
3.73604 -4.64326
3.73212 -4.64004
3.72803 -4.63639
3.72283 -4.63204
3.71995 -4.6296
3.71362 -4.62394
3.71202 -4.62264
3.70427 -4.616
3.70397 -4.61581
3.69597 -4.60892
3.69499 -4.60798
3.68795 -4.60206
3.68572 -4.59994
3.67994 -4.59519
3.6764 -4.59196
3.672 -4.58824
3.66709 -4.58398
3.664 -4.58135
3.65779 -4.57599
3.656 -4.57447
3.64846 -4.56802
3.64797 -4.56762
3.64001 -4.56069
3.63916 -4.56003
3.63194 -4.55389
3.6299 -4.55199
3.62398 -4.54695
3.62056 -4.54404
3.61599 -4.54007
3.61124 -4.53606
3.60795 -4.53322
3.60201 -4.52799
3.6 -4.52628
3.5927 -4.51999
3.59199 -4.51941
3.58396 -4.51256
3.58341 -4.51199
3.57601 -4.50562
3.57413 -4.50397
3.56797 -4.49879
3.56479 -4.49602
3.55997 -4.4919
3.55557 -4.48794
3.55196 -4.48502
3.5462 -4.48002
3.54404 -4.47805
3.5369 -4.47202
3.53603 -4.47118
3.528 -4.46433
3.52757 -4.46406
3.52004 -4.4574
3.51831 -4.45601
3.51196 -4.45061
3.50907 -4.44795
3.50402 -4.44366
3.49972 -4.44001
3.49605 -4.43673
3.49046 -4.43197
3.48798 -4.42993
3.48109 -4.42405
3.47994 -4.42309
3.472 -4.41614
3.47186 -4.41597
3.46405 -4.4092
3.46257 -4.40796
3.45602 -4.40235
3.45322 -4.40002
3.44806 -4.39542
3.4439 -4.39205
3.44004 -4.38856
3.4347 -4.38394
3.43205 -4.38166
3.42532 -4.37604
3.42394 -4.3749
3.416 -4.36807
3.41602 -4.36794
3.40805 -4.36101
3.40671 -4.36006
3.40002 -4.35417
3.39752 -4.35193
3.39204 -4.34726
3.38813 -4.34404
3.38401 -4.34041
3.37885 -4.33602
3.37602 -4.33352
3.36963 -4.32793
3.36794 -4.32672
3.36033 -4.31994
3.35996 -4.31981
3.35206 -4.31281
3.35094 -4.31204
3.34399 -4.30601
3.34167 -4.304
3.33596 -4.29917
3.33241 -4.29597
3.32798 -4.29225
3.32307 -4.28802
3.32005 -4.28529
3.31384 -4.27994
3.312 -4.27846
3.30443 -4.27207
3.30402 -4.27156
3.29595 -4.26475
3.29516 -4.26403
3.28798 -4.25783
3.28586 -4.25604
3.28003 -4.25089
3.27656 -4.24804
3.27203 -4.24401
3.26734 -4.23996
3.26395 -4.23722
3.25802 -4.23198
3.25602 -4.23025
3.24876 -4.22393
3.24795 -4.22345
3.24 -4.2165
3.2394 -4.21601
3.23202 -4.2096
3.2301 -4.20802
3.22398 -4.20276
3.22084 -4.19997
3.21605 -4.1958
3.21146 -4.19207
3.20804 -4.18892
3.20217 -4.18406
3.2 -4.18209
3.19289 -4.17604
3.19204 -4.17516
3.18399 -4.16833
3.18366 -4.16796
3.17605 -4.16137
3.17432 -4.16001
3.16805 -4.15449
3.16497 -4.15207
3.16002 -4.14765
3.15574 -4.144
3.15195 -4.14084
3.1465 -4.13593
3.14399 -4.13391
3.13711 -4.12804
3.13596 -4.12707
3.12805 -4.12007
3.12778 -4.12007
3.11999 -4.11326
3.11855 -4.112
3.11194 -4.10644
3.10925 -4.104
3.10396 -4.09953
3.09989 -4.09607
3.09606 -4.09252
3.09064 -4.08802
3.08801 -4.0857
3.08136 -4.08
3.07996 -4.07887
3.07202 -4.07205
3.07206 -4.07187
3.06397 -4.0651
3.06276 -4.06401
3.05597 -4.05821
3.05346 -4.05601
3.04797 -4.05133
3.04417 -4.048
3.04004 -4.04437
3.03492 -4.03994
3.032 -4.03753
3.02554 -4.03205
3.02396 -4.03069
3.01628 -4.024
3.01594 -4.02383
3.00795 -4.01694
3.00694 -4.01606
3.00002 -4.00996
2.99775 -4.00792
2.99195 -4.00317
2.9884 -3.99999
2.984 -3.99623
2.97912 -3.99196
2.97599 -3.98935
2.96984 -3.98395
2.96802 -3.98243
2.96046 -3.97604
2.95995 -3.97563
2.95199 -3.96869
2.95122 -3.96798
2.94406 -3.96173
2.94192 -3.95998
2.93604 -3.95488
2.93262 -3.95198
2.928 -3.94803
2.92335 -3.94395
2.92 -3.94115
2.91403 -3.93598
2.91199 -3.93428
2.90468 -3.92804
2.90397 -3.92742
2.89601 -3.92049
2.8954 -3.92002
2.88795 -3.91368
2.88612 -3.912
2.88001 -3.90673
2.8768 -3.90403
2.87196 -3.8999
2.86758 -3.89594
2.86402 -3.89294
2.85817 -3.88807
2.85597 -3.88611
2.84896 -3.87996
2.84805 -3.87914
2.83996 -3.87235
2.83965 -3.87198
2.83197 -3.86546
2.83031 -3.86404
2.82404 -3.8585
2.8211 -3.85593
2.81601 -3.85165
2.81176 -3.84799
2.80798 -3.8448
2.80243 -3.84002
2.79994 -3.83796
2.7931 -3.83205
2.79201 -3.831
2.78404 -3.82408
2.78388 -3.82397
2.77599 -3.81726
2.77455 -3.81601
2.76795 -3.81041
2.7653 -3.80795
2.76003 -3.80343
2.75598 -3.79999
2.75198 -3.79662
2.74672 -3.79194
2.74399 -3.78972
2.73738 -3.78398
2.73597 -3.78285
2.72812 -3.77594
2.72803 -3.7759
2.72006 -3.76898
2.71874 -3.76805
2.71205 -3.76212
2.70947 -3.76001
2.70398 -3.75531
2.70015 -3.75204
2.69594 -3.74847
2.69092 -3.74395
2.68805 -3.74146
2.68162 -3.73597
2.67996 -3.73468
2.67232 -3.72797
2.67201 -3.72774
2.66395 -3.72093
2.66304 -3.71995
2.65606 -3.71391
2.65375 -3.71193
2.64802 -3.70708
2.64446 -3.70393
2.63999 -3.70023
2.63513 -3.69596
2.63199 -3.69334
2.62575 -3.68806
2.62397 -3.68648
2.61645 -3.68007
2.61601 -3.67955
2.60803 -3.67265
2.60716 -3.67206
2.59997 -3.66583
2.59796 -3.66394
2.592 -3.65891
2.58862 -3.65599
2.58398 -3.65205
2.57933 -3.64798
2.57601 -3.64513
2.57002 -3.64001
2.56806 -3.6382
2.56072 -3.632
2.56002 -3.63136
2.55201 -3.62448
2.55149 -3.62393
2.54403 -3.61758
2.54214 -3.61599
2.53598 -3.61075
2.53287 -3.60795
2.52798 -3.60387
2.5235 -3.60004
2.52001 -3.59695
2.5143 -3.59193
2.512 -3.59007
2.50488 -3.58407
2.50399 -3.58321
2.49599 -3.57632
2.4956 -3.57606
2.48796 -3.56947
2.4863 -3.56806
2.48006 -3.56247
2.47701 -3.56004
2.47199 -3.55566
2.4677 -3.55207
2.46396 -3.54882
2.45843 -3.54403
2.45604 -3.54184
2.44911 -3.53606
2.44797 -3.53504
2.43998 -3.52815
2.4398 -3.52807
2.43206 -3.52116
2.4306 -3.51996
2.42406 -3.51428
2.42122 -3.51206
2.41596 -3.50752
2.41199 -3.50398
2.40805 -3.50052
2.40267 -3.49601
2.40002 -3.49368
2.3934 -3.48797
2.39204 -3.48677
2.3841 -3.47997
2.38396 -3.47998
2.37604 -3.473
2.37472 -3.47208
2.36801 -3.46615
2.36547 -3.46402
2.36006 -3.45921
2.35613 -3.45607
2.352 -3.45239
2.34695 -3.44793
2.34396 -3.44555
2.33757 -3.44003
2.33596 -3.43868
2.32827 -3.43203
2.32795 -3.4318
2.32004 -3.42481
2.31896 -3.42405
2.31201 -3.41796
2.30975 -3.41594
2.30397 -3.41113
2.30045 -3.40795
2.29594 -3.40428
2.29108 -3.40004
2.28803 -3.39729
2.28185 -3.39195
2.28 -3.39044
2.27248 -3.38405
2.27196 -3.3836
2.26395 -3.37673
2.26325 -3.37597
2.25603 -3.36975
2.25394 -3.36797
2.24794 -3.36297
2.24462 -3.36001
2.23997 -3.35605
2.23533 -3.35199
2.23204 -3.34909
2.22604 -3.34399
2.22397 -3.34229
2.21673 -3.336
2.21605 -3.33531
2.20806 -3.32841
2.20747 -3.32796
2.20003 -3.32157
2.19814 -3.31999
2.19205 -3.31466
2.18889 -3.31194
2.18406 -3.30776
2.17959 -3.30394
2.17603 -3.30092
2.17029 -3.29595
2.16797 -3.2941
2.16095 -3.28801
2.16003 -3.28715
2.15203 -3.28026
2.15171 -3.27994
2.14398 -3.27344
2.14235 -3.27201
2.13595 -3.26659
2.13306 -3.264
2.12806 -3.25958
2.1238 -3.25596
2.11995 -3.25282
2.11451 -3.24795
2.11198 -3.2459
2.10514 -3.24003
2.104 -3.23899
2.09599 -3.23213
2.09587 -3.232
2.08803 -3.2252
2.0866 -3.22397
2.08 -3.21835
2.0773 -3.21598
2.07197 -3.2115
2.06803 -3.20795
2.06397 -3.20461
2.0587 -3.19998
2.05599 -3.1977
2.04945 -3.19193
2.04804 -3.19076
2.04003 -3.18406
2.03994 -3.18399
2.03197 -3.17708
2.03076 -3.17604
2.02404 -3.17011
2.02144 -3.16806
2.01596 -3.16332
2.01215 -3.16006
2.00798 -3.15641
2.00286 -3.15205
1.99997 -3.14954
1.99366 -3.14393
1.992 -3.14262
1.98437 -3.13593
1.98397 -3.13577
1.97602 -3.12883
1.97502 -3.12799
1.96801 -3.12196
1.96575 -3.11995
1.96005 -3.11502
1.95637 -3.11206
1.95206 -3.10814
1.94712 -3.10399
1.94401 -3.10131
1.93786 -3.09596
1.93599 -3.09444
1.92851 -3.08802
1.92805 -3.08749
1.92001 -3.08065
1.91917 -3.08007
1.91199 -3.07379
1.9099 -3.07204
1.90406 -3.06683
1.90057 -3.06407
1.896 -3.06002
1.89131 -3.05603
1.88806 -3.05306
1.88204 -3.048
1.88003 -3.04621
1.87278 -3.03996
1.87202 -3.03934
1.86402 -3.03246
1.86338 -3.03208
1.85601 -3.02559
1.85413 -3.02403
1.84794 -3.01878
1.84488 -3.01597
1.83994 -3.0119
1.83555 -3.008
1.83196 -3.00499
1.82625 -3.00001
1.82399 -2.99807
1.81694 -2.99203
1.81596 -2.99122
1.80797 -2.98433
1.80769 -2.98396
1.79997 -2.97744
1.79831 -2.97606
1.79195 -2.97058
1.78904 -2.96803
1.784 -2.96364
1.77983 -2.95993
1.77597 -2.95679
1.77048 -2.952
1.76797 -2.94991
1.76112 -2.94407
1.75999 -2.94299
1.75206 -2.93604
1.75189 -2.93599
1.74401 -2.92921
1.74263 -2.92795
1.73594 -2.92241
1.7333 -2.91998
1.72807 -2.91538
1.72402 -2.91196
1.72005 -2.90851
1.71475 -2.90394
1.71197 -2.90172
1.70535 -2.89605
1.70406 -2.89473
1.69616 -2.88792
1.69595 -2.88798
1.68806 -2.88096
1.68686 -2.87993
1.68006 -2.87407
1.6775 -2.87201
1.67198 -2.86729
1.66826 -2.86394
1.66406 -2.86031
1.65887 -2.85605
1.65603 -2.85346
1.64956 -2.84806
1.64794 -2.84668
1.64038 -2.83993
1.64 -2.83973
1.63195 -2.8329
1.63103 -2.83199
1.62403 -2.82592
1.62179 -2.82393
1.61595 -2.81913
1.61245 -2.81598
1.60803 -2.81216
1.60308 -2.80805
1.60003 -2.80528
1.59382 -2.80001
1.59203 -2.79839
1.58448 -2.79206
1.584 -2.79154
1.576 -2.78465
1.57522 -2.78402
1.56806 -2.77771
1.56593 -2.77602
1.56001 -2.77087
1.55668 -2.76795
1.55206 -2.76393
1.54737 -2.75997
1.54403 -2.75709
1.53804 -2.75202
1.53599 -2.75025
1.52876 -2.74399
1.52801 -2.74334
1.51996 -2.73652
1.51949 -2.73596
1.51203 -2.72955
1.51012 -2.72804
1.504 -2.72271
1.50083 -2.72003
1.49595 -2.71588
1.49151 -2.71207
1.48798 -2.70896
1.4823 -2.70396
1.48006 -2.70199
1.47303 -2.69593
1.47195 -2.69522
1.46399 -2.68829
1.46361 -2.68807
1.456 -2.6814
1.45436 -2.68002
1.44801 -2.6745
1.44511 -2.67196
1.43996 -2.66768
1.43582 -2.66396
1.43206 -2.66068
1.42646 -2.65603
1.42406 -2.65379
1.41714 -2.64805
1.41602 -2.64695
1.40797 -2.64013
1.40784 -2.64006
1.40004 -2.63316
1.3986 -2.63199
1.39201 -2.62632
1.3893 -2.62399
1.384 -2.61945
1.38002 -2.61597
1.376 -2.61256
1.37067 -2.60804
1.36802 -2.60565
1.36134 -2.60007
1.36004 -2.59875
1.35209 -2.59201
1.352 -2.5919
1.34402 -2.58501
1.34286 -2.58395
1.33603 -2.5781
1.33353 -2.57598
1.32802 -2.57123
1.32421 -2.56801
1.31994 -2.56444
1.31492 -2.56
1.31205 -2.55743
1.30558 -2.55204
1.30394 -2.55067
1.29627 -2.54406
1.29606 -2.54365
1.28806 -2.53677
1.28698 -2.53605
1.28 -2.52995
1.27769 -2.52805
1.27206 -2.523
1.26848 -2.51995
1.26397 -2.51622
1.25917 -2.51196
1.25599 -2.50931
1.24984 -2.504
1.24796 -2.50247
1.24049 -2.49606
1.24002 -2.49551
1.23201 -2.48864
1.2312 -2.48805
1.22405 -2.4817
1.22197 -2.47997
1.21602 -2.47486
1.21268 -2.47197
1.20796 -2.46805
1.20337 -2.46399
1.19994 -2.46118
1.19404 -2.45602
1.19196 -2.45427
1.18479 -2.44797
1.184 -2.44734
1.17595 -2.44052
1.17551 -2.43994
1.16796 -2.43363
1.16623 -2.43193
1.15998 -2.42672
1.15688 -2.42399
1.15204 -2.41976
1.14751 -2.41607
1.14403 -2.41289
1.13825 -2.40803
1.13597 -2.40607
1.12902 -2.39995
1.12794 -2.39923
1.11995 -2.39233
1.11966 -2.39203
1.11202 -2.38537
1.11037 -2.38401
1.10398 -2.37853
1.10111 -2.37597
1.09605 -2.37157
1.09178 -2.36801
1.088 -2.36474
1.08255 -2.35994
1.07996 -2.35791
1.07323 -2.35196
1.07203 -2.35094
1.06406 -2.34402
1.06384 -2.34407
1.056 -2.3372
1.05464 -2.33596
1.04804 -2.33027
1.04527 -2.32804
1.04004 -2.32339
1.03597 -2.32004
1.03202 -2.31653
1.0267 -2.31201
1.02397 -2.3097
1.01748 -2.30393
1.01598 -2.3028
1.00807 -2.29605
1.00799 -2.29591
0.999962 -2.28906
0.998879 -2.28793
0.991958 -2.28218
0.989583 -2.27993
0.984013 -2.27523
0.980238 -2.27198
0.976031 -2.26833
0.970945 -2.26398
0.96803 -2.26145
0.961566 -2.25607
0.959968 -2.25463
0.952317 -2.24802
0.95206 -2.24764
0.944006 -2.24082
0.943 -2.24004
0.935966 -2.23398
0.933767 -2.23197
0.928026 -2.22703
0.924436 -2.22401
0.920049 -2.22012
0.915087 -2.21607
0.911991 -2.2133
0.905898 -2.20794
0.903986 -2.20643
0.896532 -2.20002
0.896009 -2.19952
0.890504 -2.19485
0.887985 -2.19275
0.887103 -2.19201
0.879993 -2.18615
0.877457 -2.18394
0.871973 -2.17957
0.867677 -2.17603
0.863985 -2.17296
0.863332 -2.17251
0.857648 -2.16805
0.855963 -2.16673
0.847954 -2.16051
0.847428 -2.15998
0.839978 -2.15425
0.837186 -2.15195
0.831997 -2.14799
0.82687 -2.14401
0.823972 -2.14179
0.816665 -2.13592
0.815994 -2.13554
0.807957 -2.12935
0.806342 -2.12799
0.800006 -2.12306
0.796072 -2.11999
0.792022 -2.1168
0.785745 -2.11207
0.783945 -2.11067
0.775955 -2.10443
0.775475 -2.10407
0.767955 -2.09819
0.765277 -2.09598
0.760058 -2.09183
0.755019 -2.08796
0.752038 -2.08562
0.74471 -2.08001
0.744059 -2.07936
0.735963 -2.07326
0.734436 -2.07202
0.728047 -2.06692
0.724239 -2.06392
0.719997 -2.06075
0.713861 -2.05606
0.712019 -2.05449
0.704013 -2.04826
0.703595 -2.04806
0.695954 -2.04211
0.693391 -2.03997
0.688041 -2.03576
0.683064 -2.03205
0.679976 -2.02962
0.672812 -2.02402
0.671991 -2.02336
0.664003 -2.01712
0.662581 -2.01597
0.65606 -2.01081
0.652272 -2.00802
0.648037 -2.00461
0.642002 -2.00002
0.639945 -1.9985
0.632019 -1.99217
0.631695 -1.99207
0.623982 -1.98598
0.621492 -1.98399
0.616033 -1.97969
0.611179 -1.97604
0.607953 -1.97356
0.600905 -1.96805
0.600013 -1.96725
0.592047 -1.96097
0.590683 -1.95999
0.583992 -1.95481
0.580355 -1.95206
0.576004 -1.94856
0.570099 -1.94404
0.56797 -1.94238
0.56 -1.93611
0.559925 -1.93592
0.552043 -1.92982
0.549635 -1.92795
0.544015 -1.92362
0.539271 -1.92007
0.536016 -1.91739
0.529013 -1.91205
0.527966 -1.91122
0.520043 -1.90489
0.518841 -1.90393
0.511942 -1.89879
0.508512 -1.896
0.503945 -1.89255
0.498307 -1.88792
0.495955 -1.88631
0.487989 -1.88003
0.488004 -1.87996
0.48 -1.87379
0.477733 -1.87197
0.472056 -1.86748
0.467412 -1.86403
0.463952 -1.86138
0.457195 -1.85596
0.456046 -1.85503
0.447967 -1.8489
0.446895 -1.848
0.439941 -1.8427
0.436611 -1.84002
0.432032 -1.83635
0.426391 -1.83196
0.423953 -1.83022
0.416052 -1.82405
0.415977 -1.82396
0.407948 -1.81777
0.405791 -1.81604
0.399988 -1.81148
0.395526 -1.80803
0.392009 -1.80522
0.385264 -1.80002
0.383979 -1.79903
0.375961 -1.79282
0.374996 -1.79202
0.367946 -1.78661
0.36477 -1.78396
0.360038 -1.78026
0.354519 -1.77594
0.352046 -1.77402
0.344174 -1.76803
0.344016 -1.76782
0.335948 -1.76168
0.333929 -1.76
0.327964 -1.75543
0.323666 -1.75199
0.31997 -1.74919
0.313333 -1.74407
0.31204 -1.74287
0.303974 -1.73672
0.303097 -1.73603
0.295963 -1.7305
0.292792 -1.72808
0.288 -1.72422
0.282634 -1.71993
0.279958 -1.71804
0.272296 -1.71202
0.271993 -1.71177
0.26397 -1.70556
0.262095 -1.70393
0.255958 -1.69935
0.251715 -1.69607
0.247977 -1.69309
0.241477 -1.68803
0.239955 -1.68689
0.231945 -1.68067
0.231232 -1.68
0.223984 -1.67439
0.221005 -1.67195
0.215978 -1.66816
0.210695 -1.664
0.207957 -1.66196
0.200443 -1.65598
0.199991 -1.65568
0.191966 -1.64948
0.190095 -1.64808
0.183979 -1.64323
0.179934 -1.63994
0.17598 -1.637
0.169647 -1.63196
0.168056 -1.63067
0.159979 -1.62454
0.159284 -1.62408
0.152439 -1.61852
0.152 -1.61872
0.144 -1.61855
0.136 -1.61853
0.128 -1.61859
0.12 -1.61871
0.112 -1.61868
0.104 -1.61869
0.096 -1.61865
0.088 -1.61852
0.08 -1.61863
0.072 -1.61855
0.064 -1.61866
0.056 -1.61854
0.048 -1.61866
0.04 -1.61865
0.032 -1.6186
0.0265427 -1.61867
0.0239874 -1.62066
0.0199829 -1.62403
0.0160147 -1.62728
0.0102962 -1.63208
0.00800497 -1.63384
0.000518079 -1.64002
-2.48979e-05 -1.64038
-0.00797116 -1.64703
-0.00927503 -1.64794
-0.0160238 -1.65354
-0.0189276 -1.65603
-0.0239899 -1.66016
-0.0287275 -1.66394
-0.0319637 -1.66677
-0.0384294 -1.67198
-0.0399717 -1.67334
-0.048045 -1.67983
-0.048113 -1.68003
-0.0559825 -1.68649
-0.0579058 -1.68795
-0.0640168 -1.69302
-0.0675607 -1.69604
-0.0720278 -1.69959
-0.0773745 -1.70394
-0.080008 -1.70619
-0.0870346 -1.71202
-0.0879781 -1.7128
-0.0959464 -1.71942
-0.0967706 -1.72002
-0.104004 -1.72593
-0.106454 -1.72807
-0.112062 -1.73244
-0.116273 -1.73596
-0.119949 -1.73915
-0.125953 -1.74402
-0.128018 -1.74565
-0.135715 -1.75198
-0.136025 -1.75222
-0.143955 -1.75888
-0.145447 -1.75998
-0.15203 -1.76537
-0.155136 -1.76802
-0.160054 -1.77192
-0.164903 -1.77598
-0.168028 -1.77853
-0.17463 -1.78398
-0.176025 -1.78511
-0.183984 -1.79174
-0.184375 -1.79196
-0.191982 -1.79832
-0.194041 -1.80004
-0.200011 -1.80486
-0.203817 -1.80798
-0.208017 -1.81143
-0.21358 -1.81594
-0.216052 -1.81797
-0.223283 -1.82397
-0.224033 -1.82457
-0.231955 -1.83124
-0.232992 -1.83199
-0.240013 -1.83775
-0.242751 -1.83996
-0.248019 -1.84432
-0.252417 -1.84803
-0.255986 -1.85094
-0.262218 -1.85594
-0.264051 -1.85744
-0.271934 -1.86396
-0.271951 -1.86414
-0.28002 -1.87064
-0.281574 -1.87207
-0.288024 -1.87721
-0.291324 -1.88004
-0.296053 -1.88375
-0.301136 -1.88794
-0.303973 -1.89043
-0.310828 -1.89599
-0.311968 -1.89701
-0.31995 -1.90361
-0.320548 -1.904
-0.327946 -1.9102
-0.330307 -1.91196
-0.335975 -1.91674
-0.339944 -1.92007
-0.344003 -1.92328
-0.349761 -1.92796
-0.351948 -1.92993
-0.359476 -1.93598
-0.360021 -1.93642
-0.36795 -1.94308
-0.369246 -1.94393
-0.375983 -1.94962
-0.378871 -1.95206
-0.384032 -1.95614
-0.388596 -1.96006
-0.392013 -1.96274
-0.398424 -1.96794
-0.399991 -1.96935
-0.40799 -1.97593
-0.408068 -1.97604
-0.415965 -1.98254
-0.417773 -1.98407
-0.424018 -1.98905
-0.427555 -1.99201
-0.431937 -1.99573
-0.437285 -2.00001
-0.440011 -2.00221
-0.447048 -2.00796
-0.448041 -2.00876
-0.455962 -2.01543
-0.456702 -2.01606
-0.46403 -2.02193
-0.466528 -2.02394
-0.472059 -2.02847
-0.476234 -2.03197
-0.480037 -2.03508
-0.485906 -2.04003
-0.487956 -2.04175
-0.495648 -2.04802
-0.496015 -2.04826
-0.50396 -2.0549
-0.50534 -2.05606
-0.51204 -2.06138
-0.515067 -2.06406
-0.520057 -2.06794
-0.524859 -2.07199
-0.528008 -2.07458
-0.534638 -2.07993
-0.536023 -2.08114
-0.54399 -2.08776
-0.544244 -2.08808
-0.551961 -2.09437
-0.55402 -2.09602
-0.560021 -2.10088
-0.563757 -2.10401
-0.568035 -2.10744
-0.573436 -2.11207
-0.576009 -2.11405
-0.583227 -2.11999
-0.584062 -2.12056
-0.592026 -2.12719
-0.592953 -2.128
-0.600061 -2.13372
-0.602711 -2.13596
-0.60803 -2.14034
-0.612385 -2.14403
-0.61606 -2.14688
-0.62211 -2.15203
-0.623987 -2.15355
-0.631843 -2.16003
-0.631937 -2.16019
-0.640046 -2.16663
-0.641578 -2.16802
-0.647972 -2.1733
-0.65133 -2.17599
-0.656019 -2.17982
-0.66105 -2.184
-0.663995 -2.18643
-0.670721 -2.19207
-0.671956 -2.19306
-0.680013 -2.19957
-0.680501 -2.20001
-0.687969 -2.2062
-0.690255 -2.20798
-0.695972 -2.21277
-0.69991 -2.21607
-0.703977 -2.21934
-0.7097 -2.22399
-0.712048 -2.22584
-0.719453 -2.23197
-0.719672 -2.23207
-0.71998 -2.23251
-0.723953 -2.23598
-0.727957 -2.23964
-0.728417 -2.24003
-0.73606 -2.2468
-0.737196 -2.24806
-0.744042 -2.25408
-0.746018 -2.25605
-0.751958 -2.26144
-0.754807 -2.26407
-0.759968 -2.26869
-0.763714 -2.27196
-0.768038 -2.27588
-0.772455 -2.28004
-0.775958 -2.28323
-0.781316 -2.28798
-0.784024 -2.29043
-0.790049 -2.29607
-0.792057 -2.29765
-0.79895 -2.30397
-0.799989 -2.30499
-0.807692 -2.31204
-0.807977 -2.31227
-0.816066 -2.31944
-0.816571 -2.31996
-0.824047 -2.32673
-0.825297 -2.32805
-0.832011 -2.33403
-0.834181 -2.33597
-0.840047 -2.34126
-0.842923 -2.34405
-0.847993 -2.34858
-0.851751 -2.35203
-0.856004 -2.35583
-0.860552 -2.36004
-0.863999 -2.3631
-0.869439 -2.36795
-0.87194 -2.37043
-0.878238 -2.37596
-0.880056 -2.37757
-0.887001 -2.38401
-0.887948 -2.38495
-0.895763 -2.39206
-0.895953 -2.39221
-0.904033 -2.39939
-0.904675 -2.39995
-0.912057 -2.40663
-0.913418 -2.40802
-0.920017 -2.41394
-0.922187 -2.41607
-0.927984 -2.42124
-0.931041 -2.42402
-0.935991 -2.4285
-0.939819 -2.43205
-0.943965 -2.43579
-0.948623 -2.44006
-0.951939 -2.44308
-0.957553 -2.44793
-0.960063 -2.45021
-0.966346 -2.45595
-0.967967 -2.45758
-0.975169 -2.46393
-0.976037 -2.46477
-0.983898 -2.47202
-0.98396 -2.47212
-0.99206 -2.47928
-0.992703 -2.48002
-1.00002 -2.48659
-1.00152 -2.48802
-1.00799 -2.49388
-1.01038 -2.49596
-1.01602 -2.50111
-1.0191 -2.50406
-1.02405 -2.50834
-1.02793 -2.51203
-1.03203 -2.51564
-1.03683 -2.51993
-1.03994 -2.52299
-1.04552 -2.52807
-1.04806 -2.53013
-1.05436 -2.53604
-1.05599 -2.53747
-1.06316 -2.54404
-1.06394 -2.5448
-1.07194 -2.55206
-1.07202 -2.55198
-1.07999 -2.55927
-1.08079 -2.56003
-1.08796 -2.56657
-1.08961 -2.56802
-1.09598 -2.57381
-1.09848 -2.57595
-1.10407 -2.58098
-1.10722 -2.58403
-1.112 -2.58832
-1.116 -2.59206
-1.11998 -2.5956
-1.1249 -2.59996
-1.12806 -2.60278
-1.1337 -2.60797
-1.13606 -2.61005
-1.14247 -2.61601
-1.14405 -2.61732
-1.15126 -2.62403
-1.15204 -2.62459
-1.15995 -2.63197
-1.16008 -2.63202
-1.16807 -2.6391
-1.16896 -2.63994
-1.17603 -2.6464
-1.17774 -2.64797
-1.18396 -2.65374
-1.18651 -2.65602
-1.19203 -2.66093
-1.19538 -2.66396
-1.20006 -2.66817
-1.20413 -2.67203
-1.20804 -2.67545
-1.21291 -2.68005
-1.21602 -2.68274
-1.22174 -2.68803
-1.22404 -2.68998
-1.23057 -2.69601
-1.23206 -2.69723
-1.23936 -2.70402
-1.23996 -2.7046
-1.24801 -2.71181
-1.24816 -2.71203
-1.25601 -2.71907
-1.257 -2.72
-1.26395 -2.72641
-1.26583 -2.72798
-1.27197 -2.73365
-1.27461 -2.73602
-1.27998 -2.74091
-1.28338 -2.74406
-1.28805 -2.7481
-1.29226 -2.75199
-1.29602 -2.75539
-1.30105 -2.76001
-1.304 -2.76268
-1.30992 -2.76793
-1.31195 -2.76999
-1.31868 -2.77599
-1.32003 -2.77717
-1.32747 -2.78401
-1.32797 -2.78451
-1.33603 -2.79171
-1.33628 -2.79201
-1.34403 -2.79897
-1.34516 -2.79993
-1.35206 -2.8062
-1.35389 -2.80801
-1.35999 -2.81354
-1.36275 -2.81596
-1.36801 -2.82079
-1.37152 -2.82401
-1.37595 -2.82812
-1.3803 -2.83204
-1.38402 -2.8353
-1.38918 -2.83997
-1.39202 -2.84257
-1.39796 -2.84799
-1.39994 -2.84992
-1.40675 -2.85601
-1.40796 -2.85716
-1.41552 -2.86406
-1.41599 -2.8644
-1.42404 -2.87161
-1.42434 -2.87204
-1.43203 -2.87889
-1.43323 -2.87996
-1.44004 -2.88614
-1.44203 -2.88796
-1.44799 -2.89346
-1.45084 -2.89597
-1.45605 -2.90065
-1.45959 -2.90403
-1.46398 -2.908
-1.46847 -2.91196
-1.47198 -2.91526
-1.47719 -2.92005
-1.48 -2.92251
-1.486 -2.92805
-1.488 -2.92977
-1.49492 -2.93593
-1.49606 -2.93697
-1.50363 -2.94404
-1.50398 -2.94433
-1.51198 -2.95159
-1.51252 -2.95195
-1.51999 -2.95884
-1.52131 -2.95997
-1.52805 -2.96604
-1.5301 -2.968
-1.53598 -2.97338
-1.53897 -2.97593
-1.54403 -2.9806
-1.54774 -2.98398
-1.55201 -2.98788
-1.55654 -2.99199
-1.55995 -2.99521
-1.56527 -3.00007
-1.56802 -3.0024
-1.5742 -3.00794
-1.57597 -3.00972
-1.58292 -3.01603
-1.58396 -3.017
-1.59176 -3.02401
-1.59202 -3.0242
-1.60003 -3.03145
-1.60052 -3.03206
-1.60802 -3.03872
-1.60943 -3.03995
-1.61595 -3.04607
-1.61824 -3.04794
-1.62402 -3.05325
-1.62697 -3.05603
-1.63199 -3.06056
-1.63578 -3.06403
-1.63997 -3.06784
-1.6446 -3.07202
-1.64799 -3.07508
-1.65337 -3.08006
-1.65603 -3.0823
-1.66228 -3.08796
-1.66397 -3.08963
-1.67104 -3.096
-1.67201 -3.09685
-1.67983 -3.10402
-1.67999 -3.10414
-1.68801 -3.11138
-1.68872 -3.11194
-1.69597 -3.1187
-1.69751 -3.11996
-1.70397 -3.12596
-1.70634 -3.12794
-1.71198 -3.13321
-1.71514 -3.13595
-1.72006 -3.14039
-1.72386 -3.14405
-1.72794 -3.14779
-1.73273 -3.15198
-1.73595 -3.15504
-1.74156 -3.15995
-1.74399 -3.16227
-1.7503 -3.16803
-1.75194 -3.16958
-1.75911 -3.17603
-1.75997 -3.17681
-1.76794 -3.184
-1.768 -3.18405
-1.77602 -3.19129
-1.7767 -3.19206
-1.784 -3.19857
-1.78557 -3.2
-1.79202 -3.20582
-1.79439 -3.20798
-1.80004 -3.21306
-1.80316 -3.21603
-1.80799 -3.22038
-1.81196 -3.22404
-1.81602 -3.22761
-1.82084 -3.23196
-1.82403 -3.23487
-1.82956 -3.24006
-1.832 -3.24217
-1.8384 -3.24802
-1.84001 -3.24942
-1.84718 -3.25606
-1.84799 -3.2567
-1.85606 -3.26389
-1.85606 -3.26397
-1.86394 -3.27129
-1.86488 -3.27197
-1.87202 -3.27847
-1.8736 -3.28007
-1.87997 -3.28579
-1.8825 -3.28796
-1.88796 -3.29307
-1.89122 -3.29607
-1.89594 -3.30035
-1.90007 -3.30402
-1.90406 -3.30749
-1.90884 -3.31206
-1.912 -3.31482
-1.91767 -3.32005
-1.91997 -3.32211
-1.92654 -3.32798
-1.92797 -3.32938
-1.93537 -3.33596
-1.93603 -3.33658
-1.94394 -3.34394
-1.94419 -3.34394
-1.95196 -3.35118
-1.95293 -3.35202
-1.95994 -3.35847
-1.96178 -3.35997
-1.96801 -3.36566
-1.97053 -3.36803
-1.97603 -3.3729
-1.97931 -3.37606
-1.98406 -3.38014
-1.98823 -3.38395
-1.992 -3.38747
-1.99704 -3.39194
-1.99999 -3.39475
-2.00573 -3.40007
-2.00805 -3.40194
-2.01458 -3.40803
-2.01599 -3.40928
-2.02345 -3.41597
-2.02405 -3.41647
-2.03205 -3.42373
-2.03226 -3.42397
-2.04 -3.43106
-2.04104 -3.432
-2.04803 -3.43829
-2.04984 -3.44001
-2.05599 -3.4456
-2.05866 -3.448
-2.06403 -3.45282
-2.06747 -3.456
-2.07198 -3.46014
-2.0763 -3.46397
-2.08001 -3.46738
-2.08509 -3.472
-2.08796 -3.47469
-2.0939 -3.48
-2.09596 -3.48195
-2.10276 -3.48794
-2.10398 -3.4892
-2.11147 -3.49604
-2.11195 -3.4965
-2.11995 -3.50376
-2.12027 -3.50405
-2.12804 -3.51093
-2.12919 -3.51194
-2.13606 -3.51817
-2.13799 -3.51994
-2.14397 -3.52554
-2.14677 -3.52797
-2.15206 -3.5327
-2.15553 -3.53604
-2.16004 -3.53998
-2.16436 -3.54401
-2.16803 -3.54726
-2.17316 -3.55202
-2.17602 -3.55455
-2.18198 -3.56001
-2.18402 -3.5618
-2.19081 -3.56798
-2.19205 -3.56904
-2.19958 -3.57603
-2.19995 -3.57641
-2.20804 -3.58358
-2.20848 -3.58393
-2.21603 -3.59086
-2.21723 -3.59199
-2.22397 -3.59818
-2.22598 -3.60006
-2.23205 -3.60537
-2.23481 -3.60804
-2.23995 -3.61274
-2.24372 -3.61593
-2.248 -3.61995
-2.25253 -3.62393
-2.256 -3.62721
-2.26127 -3.63201
-2.26395 -3.63453
-2.27014 -3.63993
-2.27197 -3.64177
-2.27888 -3.64801
-2.28004 -3.64897
-2.28765 -3.65605
-2.28794 -3.65633
-2.29603 -3.66351
-2.29647 -3.66404
-2.304 -3.67081
-2.30532 -3.672
-2.31196 -3.67812
-2.31417 -3.67996
-2.31998 -3.68536
-2.323 -3.68793
-2.32794 -3.69266
-2.33178 -3.69596
-2.336 -3.69987
-2.34052 -3.70404
-2.34395 -3.70719
-2.34936 -3.712
-2.35198 -3.71441
-2.35814 -3.72004
-2.36005 -3.7216
-2.36692 -3.72807
-2.368 -3.72892
-2.37581 -3.73598
-2.37595 -3.73624
-2.38404 -3.7434
-2.38463 -3.74397
-2.39202 -3.7507
-2.39339 -3.75202
-2.4 -3.75798
-2.40229 -3.75993
-2.40796 -3.76529
-2.41097 -3.76807
-2.416 -3.77251
-2.4198 -3.77605
-2.42397 -3.77981
-2.42861 -3.78405
-2.43206 -3.78698
-2.43749 -3.79196
-2.43999 -3.79432
-2.44622 -3.80006
-2.44795 -3.80163
-2.45503 -3.80805
-2.45607 -3.80876
-2.46382 -3.81607
-2.46405 -3.81605
-2.47206 -3.8233
-2.4727 -3.824
-2.48007 -3.83056
-2.48149 -3.83202
-2.48796 -3.83794
-2.49029 -3.84003
-2.49593 -3.84523
-2.49912 -3.848
-2.50397 -3.85246
-2.50796 -3.85597
-2.51194 -3.85976
-2.51679 -3.86395
-2.52003 -3.86693
-2.52551 -3.87204
-2.52803 -3.87419
-2.53437 -3.87999
-2.536 -3.88149
-2.54318 -3.88799
-2.544 -3.88875
-2.55193 -3.89606
-2.55203 -3.89599
-2.55995 -3.90334
-2.56076 -3.90403
-2.56799 -3.91056
-2.56958 -3.91202
-2.57605 -3.91775
-2.57847 -3.91994
-2.58395 -3.92513
-2.58728 -3.92793
-2.59195 -3.9324
-2.59606 -3.93596
-2.59996 -3.93965
-2.60484 -3.944
-2.608 -3.94687
-2.61368 -3.95196
-2.61602 -3.95412
-2.6225 -3.95995
-2.62406 -3.96133
-2.63133 -3.96793
-2.63193 -3.96874
-2.64 -3.97594
-2.64007 -3.97601
-2.64794 -3.98327
-2.64891 -3.98398
-2.65598 -3.99049
-2.65773 -3.99196
-2.66403 -3.9977
-2.66645 -4.00006
-2.67199 -4.005
-2.67526 -4.00806
-2.67994 -4.01232
-2.68417 -4.01595
-2.688 -4.01952
-2.69293 -4.024
-2.69604 -4.02674
-2.70178 -4.03195
-2.70402 -4.03403
-2.71049 -4.04007
-2.71195 -4.04137
-2.71941 -4.04795
-2.72004 -4.04853
-2.72806 -4.05578
-2.7282 -4.05596
-2.73599 -4.06312
-2.73701 -4.06396
-2.74394 -4.07044
-2.74578 -4.07201
-2.75207 -4.07757
-2.75457 -4.08003
-2.76004 -4.08486
-2.76338 -4.08803
-2.76805 -4.09212
-2.77223 -4.09598
-2.77604 -4.0994
-2.78104 -4.10399
-2.78405 -4.10665
-2.78983 -4.112
-2.79203 -4.11394
-2.79864 -4.12
-2.79999 -4.12124
-2.8074 -4.12806
-2.80795 -4.12855
-2.81606 -4.1357
-2.81621 -4.13606
-2.82394 -4.14309
-2.82513 -4.14393
-2.83203 -4.15025
-2.83383 -4.15205
-2.83996 -4.1576
-2.84273 -4.15995
-2.84793 -4.1649
-2.85153 -4.16797
-2.85601 -4.17208
-2.86032 -4.17598
-2.86407 -4.17928
-2.86915 -4.18396
-2.87201 -4.18661
-2.87789 -4.19205
-2.87999 -4.19389
-2.88678 -4.19995
-2.88794 -4.20121
-2.89553 -4.20802
-2.896 -4.20842
-2.90403 -4.21565
-2.90429 -4.21607
-2.91201 -4.22293
-2.91313 -4.22404
-2.91995 -4.23027
-2.92191 -4.23207
-2.92796 -4.23752
-2.93078 -4.24
-2.93598 -4.24475
-2.93958 -4.24801
-2.94398 -4.25203
-2.94842 -4.25598
-2.95205 -4.25921
-2.95718 -4.26404
-2.96002 -4.26651
-2.96607 -4.27194
-2.96796 -4.27384
-2.97486 -4.27997
-2.97596 -4.2811
-2.9837 -4.28793
-2.98402 -4.28831
-2.99196 -4.29563
-2.99246 -4.29599
-3.00006 -4.30279
-3.00132 -4.30393
-3.00795 -4.31018
-3.01007 -4.312
-3.01594 -4.31746
-3.01883 -4.32005
-3.02394 -4.32472
-3.02772 -4.32797
-3.03204 -4.33187
-3.0365 -4.336
-3.04 -4.33919
-3.04524 -4.34407
-3.04796 -4.3465
-3.05405 -4.35207
-3.05598 -4.35373
-3.06287 -4.36006
-3.06398 -4.361
-3.0717 -4.36803
-3.07203 -4.36821
-3.08001 -4.3755
-3.08055 -4.37599
-3.08799 -4.38278
-3.08937 -4.38398
-3.09604 -4.39
-3.09812 -4.39205
-3.10398 -4.39733
-3.10697 -4.4
-3.11202 -4.40454
-3.11582 -4.40795
-3.11994 -4.4119
-3.12461 -4.41598
-3.12804 -4.41905
-3.13343 -4.42397
-3.13598 -4.42638
-3.14217 -4.43204
-3.14393 -4.4337
-3.15096 -4.44006
-3.15205 -4.44084
-3.15979 -4.44804
-3.15997 -4.44819
-3.16805 -4.45537
-3.16861 -4.45603
-3.17597 -4.46272
-3.17742 -4.46403
-3.18403 -4.46992
-3.18623 -4.47203
-3.19196 -4.47726
-3.19509 -4.47997
-3.20007 -4.48441
-3.20383 -4.48805
-3.20793 -4.49182
-3.2127 -4.49598
-3.21606 -4.49895
-3.22153 -4.50396
-3.22406 -4.50621
-3.23028 -4.51202
-3.23195 -4.5136
-3.23914 -4.51997
-3.24005 -4.52076
-3.24794 -4.52798
-3.24796 -4.52811
-3.25598 -4.53536
-3.25672 -4.53601
-3.26406 -4.54254
-3.2656 -4.54394
-3.27203 -4.54983
-3.27437 -4.55197
-3.27998 -4.55715
-3.2832 -4.55996
-3.28798 -4.56442
-3.29203 -4.56793
-3.29605 -4.57161
-3.30083 -4.57594
-3.30403 -4.57889
-3.30962 -4.58396
-3.31203 -4.58616
-3.31844 -4.59195
-3.32003 -4.59342
-3.32726 -4.59993
-3.32798 -4.60074
-3.33601 -4.60798
-3.33601 -4.608
-3.34398 -4.61527
-3.34488 -4.61594
-3.35201 -4.6225
-3.35363 -4.62401
-3.36004 -4.62973
-3.36242 -4.63202
-3.36797 -4.63708
-3.37122 -4.64003
-3.37599 -4.64433
-3.3801 -4.64796
-3.38396 -4.65162
-3.38883 -4.65604
-3.39206 -4.65877
-3.39772 -4.66396
-3.39997 -4.66614
-3.40655 -4.67193
-3.40802 -4.67335
-3.41527 -4.68003
-3.41597 -4.68067
-3.42395 -4.68796
-3.42413 -4.68798
-3.43207 -4.69509
-3.43286 -4.69606
-3.44001 -4.70243
-3.44178 -4.70394
-3.44804 -4.70965
-3.45059 -4.71194
-3.45594 -4.71703
-3.45936 -4.71998
-3.46395 -4.72429
-3.46813 -4.72803
-3.47205 -4.73144
-3.47693 -4.73604
-3.47995 -4.73881
-3.48572 -4.74406
-3.48802 -4.746
-3.4946 -4.75198
-3.49603 -4.75326
-3.50342 -4.75997
-3.50403 -4.76052
-3.51206 -4.76776
-3.51218 -4.76803
-3.52 -4.77508
-3.52102 -4.77599
-3.52797 -4.78238
-3.52982 -4.784
-3.53595 -4.78966
-3.53858 -4.79205
-3.54 -4.79319
-3.54205 -4.80001
-3.54363 -4.8049
-3.54387 -4.808
-3.54399 -4.81263
-3.54418 -4.816
-3.54425 -4.8165
-3.54421 -4.824
-3.54429 -4.832
-3.54429 -4.84
-3.54435 -4.848
-3.54428 -4.856
-3.54444 -4.864
-3.54438 -4.872
-3.54452 -4.88
-3.54456 -4.888
-3.5446 -4.896
-3.54468 -4.904
-3.5446 -4.912
-3.5447 -4.92
-3.54472 -4.928
-3.54475 -4.936
-3.54474 -4.944
-3.54491 -4.952
-3.54479 -4.96
-3.54496 -4.968
-3.54502 -4.976
-3.54493 -4.984
-3.54507 -4.992
-3.54507 -5
-3.54519 -5.008
-3.54511 -5.016
-3.54516 -5.024
-3.54523 -5.032
-3.54521 -5.04
-3.54522 -5.048
-3.54527 -5.056
-3.54538 -5.064
-3.54539 -5.072
-3.54547 -5.08
-3.54554 -5.088
-3.54555 -5.096
-3.5455 -5.104
-3.54556 -5.112
-3.54562 -5.12
-3.54566 -5.12674
-3.54559 -5.128
-3.54538 -5.136
-3.54527 -5.14051
-3.54438 -5.14401
-3.54392 -5.14528
-3.5422 -5.15199
-3.54166 -5.15424
-3.53596 -5.15926
-3.53516 -5.15993
-3.52795 -5.16645
-3.52637 -5.16802
-3.51996 -5.17367
-3.51751 -5.17605
-3.51199 -5.18091
-3.50864 -5.18406
-3.50399 -5.18812
-3.49977 -5.19207
-3.49605 -5.1954
-3.49089 -5.20007
-3.48806 -5.20261
-3.4819 -5.20795
-3.48006 -5.20982
-3.47301 -5.21594
-3.47198 -5.21694
-3.46421 -5.22403
-3.46404 -5.22421
-3.45603 -5.23141
-3.45525 -5.23194
-3.44804 -5.23863
-3.44646 -5.24003
-3.43994 -5.24572
-3.43758 -5.24804
-3.432 -5.253
-3.42871 -5.25605
-3.42403 -5.26024
-3.41972 -5.26393
-3.41604 -5.26746
-3.41096 -5.27205
-3.408 -5.27462
-3.40199 -5.27996
-3.39996 -5.28178
-3.39312 -5.28796
-3.39201 -5.28904
-3.38422 -5.29594
-3.38395 -5.29619
-3.37596 -5.30341
-3.37532 -5.30393
-3.36801 -5.31066
-3.36648 -5.31197
-3.36001 -5.31787
-3.35768 -5.32006
-3.35197 -5.32503
-3.3487 -5.32795
-3.34405 -5.33234
-3.33991 -5.33605
-3.33605 -5.33954
-3.33102 -5.34404
-3.32804 -5.34673
-3.32209 -5.35198
-3.31996 -5.35385
-3.31325 -5.36002
-3.31199 -5.3611
-3.30429 -5.36794
-3.30402 -5.36834
-3.29604 -5.37557
-3.29548 -5.37601
-3.28806 -5.38279
-3.28664 -5.38405
-3.28 -5.38994
-3.27765 -5.39193
-3.27193 -5.39707
-3.26888 -5.40005
-3.26397 -5.40432
-3.26001 -5.40807
-3.25598 -5.41153
-3.25111 -5.41605
-3.24805 -5.41882
-3.24218 -5.42398
-3.24003 -5.426
-3.23332 -5.43201
-3.23205 -5.43324
-3.22448 -5.44006
-3.22401 -5.4404
-3.21595 -5.44754
-3.21559 -5.44804
-3.20796 -5.45476
-3.20674 -5.45607
-3.19998 -5.46198
-3.1978 -5.464
-3.192 -5.46922
-3.18888 -5.47196
-3.18403 -5.47646
-3.18007 -5.48005
-3.17599 -5.48362
-3.17118 -5.48803
-3.16804 -5.49088
-3.16224 -5.49597
-3.16005 -5.49811
-3.15334 -5.50394
-3.15205 -5.50531
-3.14454 -5.51203
-3.14401 -5.51248
-3.13594 -5.51961
-3.13562 -5.51998
-3.12802 -5.5269
-3.12673 -5.52797
-3.11998 -5.53406
-3.11782 -5.53594
-3.11195 -5.54124
-3.10897 -5.54397
-3.10404 -5.54854
-3.10013 -5.55202
-3.09601 -5.55572
-3.09129 -5.56006
-3.08801 -5.56293
-3.08235 -5.56799
-3.07999 -5.57012
-3.07344 -5.57596
-3.07199 -5.57732
-3.06453 -5.58393
-3.06395 -5.58448
-3.05599 -5.59173
-3.05571 -5.59199
-3.04804 -5.599
-3.0468 -5.59996
-3.03994 -5.60609
-3.03798 -5.60803
-3.03203 -5.6134
-3.02902 -5.61593
-3.02398 -5.62055
-3.02019 -5.62399
-3.01596 -5.62773
-3.01126 -5.63194
-3.00802 -5.63501
-3.00244 -5.64
-3.00002 -5.64222
-2.99352 -5.64796
-2.99203 -5.64943
-2.98474 -5.65607
-2.98395 -5.65655
-2.97599 -5.66381
-2.97575 -5.66394
-2.96804 -5.67107
-2.9669 -5.67198
-2.95996 -5.67819
-2.95797 -5.67993
-2.95197 -5.68541
-2.94912 -5.68796
-2.94393 -5.69257
-2.94031 -5.69603
-2.93602 -5.69988
-2.93135 -5.70394
-2.92793 -5.70699
-2.92251 -5.71199
-2.91993 -5.7142
-2.91369 -5.72006
-2.91205 -5.72153
-2.90477 -5.72801
-2.90398 -5.72866
-2.89601 -5.73591
-2.89591 -5.73603
-2.88803 -5.74313
-2.88693 -5.74393
-2.87999 -5.75029
-2.87816 -5.75204
-2.87197 -5.75748
-2.86923 -5.75999
-2.864 -5.76473
-2.86032 -5.76796
-2.85599 -5.77192
-2.85151 -5.77603
-2.84798 -5.77911
-2.84257 -5.78397
-2.84001 -5.78636
-2.83372 -5.79199
-2.83198 -5.79353
-2.82484 -5.8
-2.82399 -5.80075
-2.81601 -5.80797
-2.81597 -5.808
-2.808 -5.81517
-2.80712 -5.81605
-2.79997 -5.82235
-2.79819 -5.82399
-2.79489 -5.82707
-2.79293 -5.8284
-2.79197 -5.82903
-2.78966 -5.83052
-2.78566 -5.83192
-2.78398 -5.83256
-2.77602 -5.83557
-2.76802 -5.83848
-2.76367 -5.83995
-2.75998 -5.84128
-2.752 -5.84426
-2.744 -5.84716
-2.74167 -5.84792
-2.73597 -5.85
-2.728 -5.85299
-2.71998 -5.85583
-2.71971 -5.85602
-2.71202 -5.85886
-2.70402 -5.86177
-2.69772 -5.86402
-2.696 -5.86462
-2.688 -5.86753
-2.67998 -5.87038
-2.67573 -5.87202
-2.67201 -5.87339
-2.66401 -5.8763
-2.65597 -5.8791
-2.65375 -5.88005
-2.64799 -5.88204
-2.64001 -5.88502
-2.63197 -5.88783
-2.6317 -5.88791
-2.62403 -5.89089
-2.61603 -5.8938
-2.60977 -5.89607
-2.60798 -5.89657
-2.59997 -5.89946
-2.59202 -5.90252
-2.58777 -5.90405
-2.58403 -5.90545
-2.57597 -5.9082
-2.56797 -5.91109
-2.56576 -5.91201
-2.55997 -5.91402
-2.55203 -5.91708
-2.54401 -5.91993
-2.5438 -5.92009
-2.53597 -5.92274
-2.52798 -5.92567
-2.52179 -5.92806
-2.51997 -5.92855
-2.51199 -5.93152
-2.50398 -5.93441
-2.49975 -5.93592
-2.496 -5.93738
-2.48802 -5.94033
-2.47999 -5.94317
-2.47778 -5.94398
-2.47201 -5.94614
-2.46398 -5.94895
-2.45597 -5.95184
-2.45577 -5.95193
-2.44798 -5.95477
-2.44001 -5.95776
-2.43381 -5.96004
-2.43199 -5.96063
-2.42402 -5.96362
-2.41601 -5.9665
-2.41182 -5.96805
-2.40801 -5.96942
-2.4 -5.9723
-2.39201 -5.97523
-2.38979 -5.97593
-2.38399 -5.97809
-2.37597 -5.98094
-2.36802 -5.984
-2.36779 -5.98393
-2.36003 -5.98693
-2.352 -5.98976
-2.34581 -5.99195
-2.34399 -5.99263
-2.33603 -5.99567
-2.32798 -5.99844
-2.32383 -6
-2.32002 -6.00146
-2.31197 -6.00423
-2.30399 -6.00719
-2.30183 -6.00797
-2.29598 -6.01008
-2.28801 -6.01305
-2.28002 -6.01599
-2.27982 -6.01592
-2.27203 -6.01892
-2.26399 -6.02173
-2.25787 -6.02404
-2.25602 -6.02472
-2.24798 -6.02753
-2.24 -6.03048
-2.23588 -6.03206
-2.23197 -6.03333
-2.22401 -6.03634
-2.21598 -6.03916
-2.2139 -6.04007
-2.20799 -6.04212
-2.20003 -6.04513
-2.192 -6.04796
-2.19188 -6.04802
-2.18399 -6.05084
-2.17603 -6.05386
-2.16988 -6.05598
-2.16797 -6.0566
-2.15998 -6.05955
-2.15199 -6.06248
-2.14786 -6.06391
-2.14399 -6.06539
-2.13602 -6.06839
-2.12802 -6.07129
-2.1259 -6.072
-2.12002 -6.07419
-2.11199 -6.07702
-2.10398 -6.07992
-2.10391 -6.08001
-2.09601 -6.08291
-2.08802 -6.08583
-2.08192 -6.08803
-2.07997 -6.08862
-2.07203 -6.09169
-2.06397 -6.09444
-2.05989 -6.09593
-2.056 -6.09743
-2.04801 -6.10037
-2.03998 -6.1032
-2.03794 -6.10404
-2.03198 -6.10609
-2.02397 -6.10899
-2.01598 -6.11191
-2.01596 -6.11208
-2.00803 -6.11496
-2.00002 -6.11784
-1.99834 -6.1184
