1.92458 -6.11831
1.92797 -6.11697
1.93603 -6.11415
1.94161 -6.11206
1.94397 -6.11102
1.952 -6.10813
1.95998 -6.10511
1.96315 -6.10401
1.96799 -6.10218
1.976 -6.09923
1.984 -6.09625
1.98472 -6.09603
1.99201 -6.09332
1.99999 -6.09029
2.00626 -6.08796
2.00803 -6.08745
2.01602 -6.08444
2.02403 -6.08149
2.02781 -6.07995
2.03201 -6.07849
2.03997 -6.07541
2.048 -6.07251
2.04942 -6.07208
2.05601 -6.06957
2.06397 -6.06649
2.07095 -6.06398
2.07202 -6.06367
2.07999 -6.0606
2.08799 -6.05764
2.09254 -6.05606
2.09601 -6.05474
2.10403 -6.05181
2.11199 -6.04875
2.11409 -6.04804
2.12 -6.04581
2.12803 -6.04291
2.13564 -6.04
2.13599 -6.03983
2.14403 -6.03698
2.15203 -6.03401
2.1572 -6.03199
2.16003 -6.03105
2.168 -6.028
2.17598 -6.02498
2.17879 -6.02407
2.18401 -6.02209
2.192 -6.01908
2.19997 -6.01603
2.20031 -6.01598
2.20798 -6.0131
2.21597 -6.01011
2.22186 -6.00793
2.224 -6.00723
2.23201 -6.00429
2.24001 -6.0013
2.24341 -5.99991
2.24801 -5.99834
2.25598 -5.99529
2.26401 -5.99239
2.26499 -5.99195
2.27199 -5.98939
2.28001 -5.98646
2.28657 -5.984
2.288 -5.98346
2.29603 -5.98058
2.30403 -5.97762
2.30815 -5.97605
2.31202 -5.97461
2.32001 -5.97161
2.32803 -5.96872
2.32969 -5.968
2.336 -5.96566
2.34398 -5.96264
2.35123 -5.95993
2.35203 -5.95981
2.35998 -5.95671
2.36798 -5.95372
2.37279 -5.95194
2.37602 -5.95086
2.38397 -5.94776
2.39203 -5.94497
2.39439 -5.94404
2.40002 -5.94197
2.40803 -5.93902
2.41594 -5.936
2.41599 -5.93594
2.42402 -5.93306
2.43197 -5.92997
2.43749 -5.92797
2.44003 -5.92714
2.44799 -5.92409
2.45597 -5.92106
2.45904 -5.91995
2.464 -5.91816
2.47198 -5.91515
2.47997 -5.91216
2.48066 -5.91209
2.48802 -5.90931
2.49597 -5.90621
2.5022 -5.90404
2.50398 -5.90327
2.51197 -5.90028
2.52003 -5.89746
2.52373 -5.89596
2.52799 -5.8944
2.53598 -5.89141
2.54398 -5.88843
2.54532 -5.88804
2.55201 -5.88555
2.56003 -5.88262
2.56685 -5.87995
2.56799 -5.87956
2.57599 -5.87659
2.58399 -5.87361
2.58844 -5.87203
2.59201 -5.87071
2.60002 -5.86775
2.608 -5.86473
2.61002 -5.86408
2.61603 -5.86186
2.62403 -5.85888
2.63155 -5.85601
2.63199 -5.85581
2.63997 -5.85279
2.64803 -5.84999
2.65314 -5.84807
2.65602 -5.84697
2.66402 -5.84401
2.67201 -5.84103
2.67471 -5.84009
2.67999 -5.83799
2.68799 -5.83502
2.69597 -5.832
2.69626 -5.83206
2.704 -5.82912
2.71125 -5.82652
2.712 -5.82612
2.71468 -5.82499
2.71592 -5.82396
2.72006 -5.82073
2.72564 -5.81601
2.72683 -5.81489
2.72793 -5.81387
2.73456 -5.80807
2.73598 -5.8066
2.7432 -5.79997
2.744 -5.79929
2.75196 -5.792
2.75201 -5.79197
2.76005 -5.78469
2.76069 -5.78399
2.76803 -5.77735
2.76945 -5.77602
2.77594 -5.76992
2.77813 -5.76796
2.78397 -5.76262
2.78692 -5.76002
2.79198 -5.75531
2.79563 -5.75199
2.79999 -5.74799
2.80442 -5.74405
2.80798 -5.74066
2.81315 -5.73604
2.816 -5.73335
2.8218 -5.72795
2.82407 -5.7261
2.83056 -5.71998
2.83202 -5.71873
2.83932 -5.712
2.83998 -5.71135
2.84794 -5.70398
2.84806 -5.70401
2.85597 -5.69669
2.85685 -5.69607
2.864 -5.68939
2.86556 -5.68804
2.872 -5.68207
2.87421 -5.67995
2.88001 -5.67475
2.88295 -5.67196
2.88801 -5.66742
2.89168 -5.66395
2.89599 -5.66008
2.90047 -5.65601
2.90405 -5.65281
2.90922 -5.64802
2.91199 -5.64542
2.91796 -5.64002
2.92007 -5.63818
2.92674 -5.63207
2.92803 -5.63081
2.93541 -5.624
2.93606 -5.62352
2.944 -5.61613
2.94412 -5.61598
2.95197 -5.60877
2.95289 -5.60802
2.95997 -5.60144
2.96156 -5.59994
2.96797 -5.59411
2.97041 -5.59207
2.97595 -5.58677
2.97905 -5.58396
2.98396 -5.57945
2.98783 -5.57601
2.99202 -5.5722
2.99657 -5.56802
3.00004 -5.56489
3.00525 -5.55996
3.00806 -5.55758
3.01406 -5.55204
3.01601 -5.55021
3.02275 -5.54398
3.02402 -5.54288
3.03148 -5.53598
3.03201 -5.53555
3.03999 -5.5282
3.04017 -5.52793
3.04802 -5.52091
3.04898 -5.52001
3.05597 -5.51352
3.05764 -5.51193
3.06402 -5.50626
3.0664 -5.50396
3.07202 -5.49893
3.07517 -5.496
3.07999 -5.49157
3.08392 -5.48801
3.08798 -5.48423
3.09262 -5.47997
3.09597 -5.47689
3.10133 -5.47194
3.104 -5.4696
3.11008 -5.46396
3.11203 -5.46231
3.11881 -5.45595
3.12003 -5.45499
3.12759 -5.448
3.12794 -5.44756
3.13604 -5.44034
3.13627 -5.43994
3.14402 -5.43299
3.14511 -5.43205
3.15202 -5.42567
3.15382 -5.42403
3.16 -5.41832
3.16258 -5.41606
3.168 -5.41099
3.1713 -5.40803
3.17596 -5.40362
3.17995 -5.39995
3.18406 -5.3964
3.1888 -5.39207
3.19194 -5.38894
3.19747 -5.384
3.19998 -5.38167
3.20627 -5.37606
3.20797 -5.37433
3.21494 -5.368
3.21602 -5.36706
3.2237 -5.36003
3.22406 -5.35977
3.23196 -5.35233
3.23236 -5.35194
3.23995 -5.345
3.24112 -5.34397
3.24802 -5.33775
3.24988 -5.336
3.25604 -5.33045
3.25863 -5.32801
3.26398 -5.32305
3.2673 -5.31994
3.27202 -5.31577
3.27606 -5.31196
3.28004 -5.30846
3.28486 -5.30404
3.28802 -5.30112
3.29361 -5.29605
3.29597 -5.29374
3.30233 -5.28804
3.30395 -5.28639
3.3111 -5.28007
3.31196 -5.27908
3.31973 -5.27196
3.32006 -5.27186
3.32795 -5.26441
3.32856 -5.26405
3.33603 -5.25717
3.3373 -5.25607
3.344 -5.24981
3.34603 -5.24806
3.35196 -5.24244
3.3547 -5.23998
3.36005 -5.23521
3.3635 -5.23206
3.36806 -5.2279
3.37218 -5.224
3.376 -5.2205
3.38094 -5.21602
3.38399 -5.21317
3.38961 -5.20795
3.39206 -5.20592
3.39844 -5.20006
3.39996 -5.19848
3.40708 -5.19196
3.40795 -5.19114
3.41582 -5.18396
3.41597 -5.18384
3.42405 -5.1766
3.42461 -5.17601
3.43204 -5.16927
3.43329 -5.16796
3.43995 -5.16184
3.442 -5.15993
3.44806 -5.15463
3.45076 -5.15196
3.45595 -5.14718
3.45953 -5.144
3.46405 -5.13997
3.46827 -5.13599
3.47204 -5.13263
3.47496 -5.12983
3.47554 -5.12802
3.47578 -5.12663
3.47634 -5.11999
3.47698 -5.11331
3.47708 -5.112
3.47692 -5.104
3.47698 -5.096
3.47691 -5.088
3.47691 -5.08
3.47675 -5.072
3.47669 -5.064
3.47669 -5.056
3.47663 -5.048
3.47665 -5.04
3.47659 -5.032
3.47653 -5.024
3.47655 -5.016
3.47649 -5.008
3.47635 -5
3.47636 -4.992
3.47621 -4.984
3.47627 -4.976
3.47607 -4.968
3.47608 -4.96
3.47612 -4.952
3.47605 -4.944
3.47592 -4.936
3.476 -4.928
3.47591 -4.92
3.47582 -4.912
3.47585 -4.904
3.47581 -4.896
3.47571 -4.888
3.47552 -4.88
3.47555 -4.872
3.47544 -4.864
3.47541 -4.856
3.47536 -4.848
3.47532 -4.84
3.47538 -4.832
3.47523 -4.824
3.47516 -4.816
3.47519 -4.808
3.47511 -4.8
3.47502 -4.792
3.47498 -4.784
3.47491 -4.776
3.47495 -4.768
3.47498 -4.76433
3.47459 -4.75999
3.47438 -4.75864
3.472 -4.75653
3.46694 -4.75199
3.46403 -4.74935
3.45801 -4.74397
3.45596 -4.74228
3.44904 -4.73598
3.44793 -4.73516
3.44005 -4.72802
3.43994 -4.728
3.43194 -4.72085
3.43109 -4.72004
3.42395 -4.71368
3.42223 -4.71194
3.41604 -4.70644
3.41317 -4.70406
3.40801 -4.69932
3.4043 -4.69596
3.39997 -4.69221
3.39529 -4.68803
3.39199 -4.68505
3.3864 -4.67996
3.38399 -4.6779
3.37745 -4.67197
3.37601 -4.67073
3.36845 -4.66401
3.36804 -4.66354
3.36002 -4.65641
3.35947 -4.65604
3.35203 -4.64925
3.35056 -4.648
3.34407 -4.64206
3.3416 -4.64001
3.336 -4.63499
3.3326 -4.63206
3.32807 -4.62776
3.32367 -4.62404
3.32002 -4.62067
3.31472 -4.61604
3.31203 -4.6135
3.30576 -4.60805
3.304 -4.60639
3.29679 -4.60006
3.29601 -4.59922
3.28806 -4.59203
3.28791 -4.59199
3.28001 -4.58492
3.279 -4.58394
3.27202 -4.57777
3.27002 -4.57598
3.26394 -4.5707
3.2611 -4.56794
3.25599 -4.5635
3.25208 -4.56001
3.24794 -4.55641
3.2431 -4.55205
3.23998 -4.54921
3.23425 -4.54394
3.23197 -4.54207
3.22522 -4.53603
3.22402 -4.53487
3.21629 -4.52799
3.21597 -4.52777
3.20797 -4.52063
3.20737 -4.51996
3.20005 -4.51339
3.19832 -4.51207
3.192 -4.50629
3.18942 -4.50402
3.18398 -4.49917
3.1805 -4.49598
3.17604 -4.49195
3.1715 -4.48804
3.16794 -4.48491
3.16264 -4.47993
3.16 -4.4777
3.15361 -4.47202
3.15199 -4.47055
3.14468 -4.464
3.14405 -4.46334
3.13598 -4.45627
3.13579 -4.45593
3.12805 -4.44904
3.12682 -4.44795
3.12002 -4.44192
3.11784 -4.43998
3.11201 -4.43479
3.10884 -4.43203
3.10404 -4.4276
3.09993 -4.42399
3.09594 -4.42057
3.09094 -4.41604
3.08803 -4.41331
3.08205 -4.40796
3.07997 -4.40623
3.07306 -4.40001
3.07199 -4.39906
3.06407 -4.39205
3.06406 -4.39183
3.05597 -4.38478
3.0552 -4.38396
3.04797 -4.37763
3.04627 -4.37593
3.03997 -4.37048
3.03729 -4.36796
3.03206 -4.36323
3.02835 -4.35995
3.02398 -4.35617
3.01939 -4.35196
3.01606 -4.34893
3.01043 -4.34397
3.00801 -4.34183
3.00144 -4.33601
3.00002 -4.33468
2.99257 -4.32793
2.99196 -4.32759
2.984 -4.3204
2.98358 -4.31997
2.97605 -4.31319
2.97461 -4.31199
2.96795 -4.30616
2.96565 -4.304
2.96005 -4.2989
2.95672 -4.29598
2.95207 -4.29173
2.94773 -4.28802
2.94405 -4.2846
2.93876 -4.28004
2.93595 -4.27756
2.92978 -4.27207
2.928 -4.27036
2.92083 -4.26406
2.92004 -4.26316
2.91205 -4.25599
2.912 -4.25594
2.90399 -4.24892
2.90299 -4.248
2.89601 -4.24174
2.89404 -4.23999
2.88796 -4.23465
2.88509 -4.232
2.87999 -4.22747
2.87607 -4.22407
2.87201 -4.22029
2.8672 -4.21598
2.864 -4.21316
2.85827 -4.20795
2.85599 -4.20602
2.84928 -4.2
2.84795 -4.19891
2.8403 -4.19203
2.84005 -4.19165
2.83202 -4.18453
2.83137 -4.184
2.82399 -4.17742
2.82247 -4.17595
2.81595 -4.17032
2.8135 -4.16797
2.80806 -4.16304
2.80458 -4.15994
2.79998 -4.15598
2.79553 -4.15204
2.79205 -4.14875
2.78666 -4.14395
2.78396 -4.14171
2.7777 -4.13597
2.77599 -4.13452
2.76875 -4.12797
2.76806 -4.12729
2.76004 -4.12016
2.75976 -4.12
2.75194 -4.11313
2.75076 -4.11206
2.74397 -4.10595
2.74186 -4.104
2.73604 -4.09871
2.73289 -4.09602
2.72805 -4.09155
2.72401 -4.08794
2.72007 -4.08439
2.71505 -4.07995
2.71202 -4.07729
2.70601 -4.07205
2.70404 -4.07012
2.69706 -4.06405
2.69604 -4.06297
2.68817 -4.05598
2.68802 -4.05584
2.67997 -4.04874
2.67917 -4.04803
2.67194 -4.04163
2.67025 -4.04
2.66405 -4.03436
2.66126 -4.03204
2.656 -4.02726
2.65231 -4.02404
2.64805 -4.02006
2.64345 -4.01594
2.64004 -4.01292
2.63446 -4.00799
2.63206 -4.00575
2.62548 -4.00001
2.624 -3.99867
2.61656 -3.99198
2.61596 -3.99157
2.608 -3.98436
2.60761 -3.98398
2.6 -3.97722
2.5987 -3.97593
2.59201 -3.97006
2.58973 -3.96796
2.58402 -3.96289
2.58073 -3.96001
2.57598 -3.95579
2.57176 -3.95203
2.56803 -3.94859
2.56284 -3.94399
2.55998 -3.94149
2.55387 -3.93601
2.55206 -3.93425
2.54495 -3.92797
2.54405 -3.92711
2.53602 -3.91999
2.53601 -3.91996
2.52794 -3.91293
2.52706 -3.91196
2.52006 -3.90565
2.51812 -3.90395
2.51195 -3.89863
2.50907 -3.89606
2.50399 -3.89143
2.50018 -3.88799
2.496 -3.88427
2.49121 -3.88002
2.48804 -3.87708
2.48227 -3.872
2.47995 -3.87003
2.47328 -3.86404
2.47206 -3.86276
2.46435 -3.85602
2.46399 -3.85568
2.45601 -3.84851
2.45544 -3.84798
2.44804 -3.84133
2.44644 -3.84003
2.43999 -3.83423
2.43752 -3.83199
2.43201 -3.82706
2.42861 -3.82394
2.42396 -3.81997
2.41963 -3.81598
2.41601 -3.81276
2.41069 -3.80796
2.40804 -3.80558
2.40174 -3.79996
2.39995 -3.79853
2.39276 -3.792
2.39206 -3.79126
2.38395 -3.78423
2.38378 -3.78402
2.37603 -3.77699
2.37488 -3.77597
2.36805 -3.76982
2.36589 -3.76801
2.35998 -3.76275
2.35699 -3.75996
2.35204 -3.75553
2.34797 -3.75203
2.34397 -3.74846
2.33898 -3.74407
2.33601 -3.74127
2.3301 -3.73599
2.32795 -3.73419
2.32109 -3.72806
2.32001 -3.72696
2.31216 -3.72003
2.31205 -3.71977
2.30399 -3.71269
2.3033 -3.71193
2.29594 -3.70559
2.29432 -3.70397
2.28802 -3.69836
2.28539 -3.69594
2.27999 -3.69125
2.27644 -3.68794
2.272 -3.68408
2.26745 -3.67998
2.26395 -3.67698
2.25851 -3.67197
2.25598 -3.6698
2.24959 -3.66393
2.24804 -3.66258
2.24057 -3.65601
2.23995 -3.65554
2.23194 -3.6484
2.23161 -3.64802
2.22395 -3.64124
2.22271 -3.63996
2.216 -3.63403
2.21379 -3.63193
2.20806 -3.62682
2.20473 -3.62405
2.19998 -3.61976
2.19579 -3.61604
2.19197 -3.61262
2.18684 -3.60804
2.18406 -3.60536
2.17797 -3.59994
2.17597 -3.59831
2.16895 -3.59202
2.168 -3.59113
2.16003 -3.58399
2.15994 -3.58405
2.15196 -3.57688
2.15101 -3.57607
2.14394 -3.56975
2.14215 -3.56796
2.13598 -3.56256
2.13319 -3.55997
2.12794 -3.55545
2.12422 -3.552
2.12004 -3.54819
2.11532 -3.54393
2.11204 -3.54105
2.10632 -3.53599
2.10395 -3.53399
2.09734 -3.52802
2.09603 -3.52676
2.08837 -3.52004
2.08801 -3.51962
2.07995 -3.51255
2.07943 -3.51203
2.07206 -3.50527
2.07048 -3.50402
2.06395 -3.49825
2.06157 -3.49598
2.05593 -3.49111
2.05265 -3.48794
2.04806 -3.48382
2.04369 -3.47995
2.04005 -3.47669
2.03465 -3.47205
2.03204 -3.46955
2.02576 -3.46398
2.02394 -3.46251
2.01676 -3.45604
2.016 -3.45529
2.00799 -3.44816
2.00785 -3.44799
2.00006 -3.44093
1.99895 -3.43993
1.99195 -3.4339
1.98989 -3.43206
1.98402 -3.42667
1.98098 -3.42401
1.97601 -3.41953
1.97206 -3.41597
1.96801 -3.41238
1.96307 -3.40802
1.96001 -3.40523
1.95409 -3.40005
1.95195 -3.39815
1.9452 -3.39198
1.944 -3.39094
1.93629 -3.38394
1.93599 -3.3838
1.928 -3.37665
1.92732 -3.37596
1.91996 -3.36954
1.91833 -3.36799
1.91206 -3.36228
1.90937 -3.36001
1.90394 -3.35526
1.90041 -3.35201
1.89604 -3.348
1.89143 -3.34405
1.88797 -3.34092
1.88249 -3.33603
1.87998 -3.33377
1.87356 -3.32801
1.87205 -3.32654
1.86468 -3.31993
1.86404 -3.3194
1.85598 -3.31232
1.85561 -3.31207
1.84802 -3.30513
1.84665 -3.30407
1.83996 -3.29804
1.83772 -3.29606
1.83206 -3.29078
1.82885 -3.28796
1.82398 -3.28373
1.81988 -3.27998
1.81602 -3.27652
1.81089 -3.27203
1.80793 -3.26947
1.80191 -3.26406
1.79999 -3.26226
1.79303 -3.25597
1.792 -3.2551
1.78404 -3.24802
1.78406 -3.24788
1.77598 -3.24082
1.77509 -3.24002
1.76797 -3.23368
1.76611 -3.23205
1.75994 -3.22656
1.75724 -3.22395
1.75207 -3.21928
1.74827 -3.21597
1.74402 -3.21218
1.73936 -3.20793
1.73599 -3.20507
1.73036 -3.19998
1.72796 -3.19795
1.72133 -3.19207
1.72006 -3.19068
1.71239 -3.18406
1.71201 -3.18359
1.70394 -3.17652
1.70351 -3.17598
1.696 -3.16931
1.69449 -3.16806
1.68795 -3.16221
1.68563 -3.15996
1.67995 -3.15506
1.67661 -3.15203
1.67204 -3.14781
1.66765 -3.14404
1.66397 -3.14074
1.65872 -3.13601
1.65595 -3.13361
1.64978 -3.12801
1.64797 -3.12644
1.64085 -3.11998
1.64005 -3.1192
1.63198 -3.11213
1.6319 -3.11198
1.624 -3.10495
1.62293 -3.104
1.61596 -3.09785
1.61403 -3.09594
1.60801 -3.09065
1.60507 -3.08795
1.59996 -3.08355
1.59605 -3.08002
1.59201 -3.07635
1.58718 -3.07194
1.58396 -3.06925
1.57817 -3.064
1.57605 -3.062
1.56923 -3.056
1.56801 -3.05489
1.56028 -3.04799
1.55994 -3.04783
1.552 -3.04061
1.55137 -3.03994
1.54396 -3.0335
1.54235 -3.03202
1.53602 -3.02629
1.53341 -3.02401
1.52795 -3.01922
1.5244 -3.01607
1.52005 -3.01196
1.51551 -3.008
1.512 -3.00486
1.50656 -3.00001
1.50398 -2.99774
1.49767 -2.99193
1.49602 -2.99053
1.48864 -2.98402
1.488 -2.98341
1.47995 -2.97631
1.4797 -2.97601
1.47196 -2.96916
1.47076 -2.96799
1.46395 -2.96202
1.46179 -2.96002
1.45603 -2.95478
1.45287 -2.95198
1.44806 -2.94759
1.44393 -2.94397
1.43999 -2.94052
1.43498 -2.93596
1.43202 -2.93334
1.42601 -2.92799
1.42397 -2.92624
1.41708 -2.91996
1.41603 -2.91903
1.40809 -2.91201
1.40795 -2.91197
1.39998 -2.90479
1.39914 -2.90401
1.39195 -2.89767
1.39017 -2.89602
1.38399 -2.89048
1.38126 -2.88798
1.37606 -2.88325
1.37231 -2.87998
1.36804 -2.87612
1.36331 -2.87204
1.36004 -2.86897
1.35444 -2.86394
1.35202 -2.86184
1.34548 -2.85595
1.34401 -2.85471
1.3365 -2.84798
1.33595 -2.84762
1.32799 -2.84043
1.32753 -2.84
1.31998 -2.83329
1.31856 -2.83203
1.31202 -2.82609
1.30967 -2.82395
1.30403 -2.81894
1.30073 -2.81594
1.29605 -2.81177
1.2917 -2.80803
1.28803 -2.80463
1.28278 -2.8
1.27999 -2.79753
1.27377 -2.79206
1.27199 -2.79038
1.26487 -2.78401
1.26398 -2.78324
1.25606 -2.77601
1.25597 -2.77594
1.24804 -2.76887
1.24703 -2.76793
1.23995 -2.76183
1.23802 -2.76
1.23194 -2.75469
1.22908 -2.75199
1.224 -2.74747
1.22009 -2.74403
1.21597 -2.74036
1.21122 -2.73594
1.20794 -2.73324
1.20215 -2.72807
1.19995 -2.72608
1.19329 -2.71997
1.19201 -2.71886
1.18425 -2.71207
1.18403 -2.71169
1.17598 -2.70459
1.17534 -2.70402
1.16801 -2.69741
1.16642 -2.69598
1.15997 -2.69031
1.1575 -2.68795
1.15205 -2.68307
1.14847 -2.68003
1.14407 -2.6759
1.1395 -2.67206
1.13603 -2.66879
1.13061 -2.66399
1.12802 -2.66166
1.12169 -2.65595
1.12004 -2.65448
1.11268 -2.64802
1.11206 -2.64731
1.10406 -2.64016
1.10372 -2.64003
1.09601 -2.63307
1.09476 -2.63204
1.08794 -2.62599
1.0859 -2.62394
1.07997 -2.61881
1.07687 -2.61603
1.07194 -2.6117
1.0679 -2.60804
1.06399 -2.60448
1.05899 -2.6
1.05597 -2.59736
1.05009 -2.59194
1.04798 -2.5902
1.04106 -2.58402
1.04007 -2.58296
1.03209 -2.57606
1.03206 -2.57581
1.024 -2.56873
1.02317 -2.56801
1.01595 -2.56164
1.01424 -2.55999
1.00798 -2.55445
1.00526 -2.55203
1.00003 -2.54725
0.996286 -2.54405
0.991959 -2.54018
0.987369 -2.53601
0.984011 -2.53297
0.978375 -2.52806
0.975966 -2.52587
0.96944 -2.52004
0.967985 -2.5187
0.960482 -2.51205
0.960061 -2.51146
0.951961 -2.50443
0.951623 -2.50394
0.943938 -2.4973
0.942557 -2.49607
0.936058 -2.49002
0.933657 -2.48801
0.928026 -2.4829
0.924665 -2.48006
0.919993 -2.47579
0.915718 -2.47205
0.912046 -2.46858
0.906874 -2.46393
0.904052 -2.46143
0.897819 -2.45605
0.896015 -2.45432
0.88889 -2.44802
0.887987 -2.4472
0.880032 -2.44
0.879964 -2.44
0.871983 -2.43291
0.870976 -2.43204
0.864065 -2.42566
0.862054 -2.424
0.856045 -2.41854
0.853122 -2.41598
0.848056 -2.41137
0.844218 -2.40793
0.840018 -2.40427
0.835219 -2.39998
0.831984 -2.39716
0.82625 -2.392
0.823979 -2.39001
0.81735 -2.38394
0.816045 -2.38279
0.808349 -2.376
0.80797 -2.37572
0.799986 -2.36855
0.799439 -2.36795
0.791997 -2.36139
0.790433 -2.36001
0.784013 -2.35422
0.781483 -2.35201
0.776029 -2.34706
0.772493 -2.34406
0.768023 -2.33991
0.763639 -2.33595
0.759974 -2.33282
0.754596 -2.32805
0.752005 -2.32563
0.745728 -2.31996
0.744008 -2.31848
0.736699 -2.31204
0.735983 -2.31136
0.727963 -2.30423
0.727809 -2.30397
0.720026 -2.29701
0.718883 -2.29594
0.712 -2.28989
0.709829 -2.28806
0.703985 -2.28276
0.700932 -2.28
0.696054 -2.27553
0.691958 -2.27202
0.688016 -2.26843
0.683078 -2.26394
0.680063 -2.26122
0.674095 -2.25598
0.671982 -2.25416
0.665086 -2.24804
0.663955 -2.24704
0.656212 -2.23996
0.655995 -2.23985
0.648001 -2.23269
0.647215 -2.23201
0.639983 -2.22556
0.638218 -2.22406
0.632038 -2.21835
0.629373 -2.21594
0.623936 -2.21132
0.620376 -2.20799
0.615966 -2.20413
0.611417 -2.2
0.607984 -2.19696
0.602498 -2.19196
0.6 -2.1898
0.593457 -2.18406
0.59215 -2.1828
0.591949 -2.18271
0.584329 -2.17594
0.583981 -2.17578
0.580888 -2.17321
0.575959 -2.16916
0.574671 -2.16795
0.568015 -2.1626
0.564766 -2.16002
0.560002 -2.15612
0.554923 -2.152
0.552014 -2.14961
0.545134 -2.14393
0.543942 -2.1432
0.535952 -2.13669
0.535193 -2.13604
0.527987 -2.13015
0.52533 -2.12805
0.52001 -2.12363
0.515486 -2.12004
0.512009 -2.11713
0.505638 -2.11203
0.503941 -2.11072
0.495946 -2.10422
0.495855 -2.10395
0.48801 -2.09764
0.485925 -2.09604
0.479967 -2.0912
0.476059 -2.08806
0.472055 -2.0846
0.466236 -2.08002
0.463984 -2.07819
0.456435 -2.07196
0.455945 -2.07174
0.448022 -2.06515
0.446534 -2.06402
0.440019 -2.05866
0.436754 -2.05593
0.432035 -2.05214
0.426783 -2.04808
0.424007 -2.04568
0.41697 -2.04003
0.415963 -2.03924
0.407987 -2.03272
0.40717 -2.03196
0.399943 -2.02627
0.397246 -2.02405
0.392061 -2.01963
0.38739 -2.01605
0.384017 -2.01319
0.377606 -2.00797
0.375993 -2.00672
0.367939 -2.0003
0.367691 -2.00005
0.359983 -1.99375
0.357836 -1.99205
0.352049 -1.98717
0.348002 -1.98403
0.344053 -1.98067
0.338157 -1.97602
0.33605 -1.97417
0.328362 -1.96795
0.327972 -1.96778
0.319983 -1.96127
0.318508 -1.95995
0.312054 -1.95468
0.30861 -1.952
0.304062 -1.94818
0.298772 -1.94399
0.296018 -1.94174
0.288951 -1.93595
0.287972 -1.9353
0.280032 -1.92873
0.279086 -1.92796
0.272035 -1.92223
0.269182 -1.92003
0.263959 -1.91583
0.259411 -1.91193
0.255943 -1.90935
0.249473 -1.90403
0.247992 -1.90279
0.240051 -1.89622
0.239593 -1.89607
0.231974 -1.88982
0.229835 -1.88795
0.224055 -1.88323
0.219995 -1.87993
0.21604 -1.87675
0.210067 -1.87203
0.207949 -1.87037
0.200292 -1.86393
0.19999 -1.86382
0.192038 -1.85727
0.190331 -1.85606
0.184023 -1.85079
0.180502 -1.84804
0.175976 -1.84435
0.170685 -1.83999
0.16801 -1.83781
0.160867 -1.83195
0.160045 -1.83127
0.152061 -1.82476
0.150997 -1.82397
0.144056 -1.81827
0.141182 -1.81592
0.135988 -1.81186
0.131245 -1.80803
0.12806 -1.80527
0.121401 -1.80002
0.120001 -1.79885
0.112044 -1.7923
0.111625 -1.79192
0.10405 -1.7858
0.101727 -1.78398
0.0960443 -1.77931
0.0919069 -1.77594
0.0879913 -1.77288
0.0819988 -1.76801
0.0800341 -1.76633
0.0721619 -1.75999
0.072027 -1.75984
0.0640586 -1.75331
0.0623224 -1.75197
0.0560285 -1.74685
0.0524937 -1.74394
0.0480534 -1.74032
0.0425425 -1.73607
0.0399755 -1.73392
0.0327786 -1.72796
0.032054 -1.72733
0.024002 -1.7209
0.0228804 -1.72001
0.0160043 -1.7144
0.0129929 -1.71206
0.00793734 -1.70799
0.00317722 -1.70401
4.80054e-05 -1.70135
-0.00665583 -1.69599
-0.00800648 -1.69493
-0.0160557 -1.68849
-0.0164965 -1.68797
-0.02403 -1.68196
-0.0264215 -1.68006
-0.0319855 -1.67541
-0.0361639 -1.67192
-0.0399753 -1.6689
-0.0460322 -1.66394
-0.048015 -1.66246
-0.05598 -1.65606
-0.0559639 -1.6559
-0.0639621 -1.6494
-0.0658243 -1.64805
-0.0719569 -1.6429
-0.0755998 -1.63996
-0.0800201 -1.63648
-0.085494 -1.63201
-0.0879464 -1.62989
-0.0952996 -1.62395
-0.0959575 -1.62341
-0.101966 -1.61866
-0.104 -1.61867
-0.112 -1.61867
-0.12 -1.6187
-0.128 -1.6186
-0.136 -1.61869
-0.144 -1.61868
-0.152 -1.61856
-0.16 -1.6187
-0.168 -1.61853
-0.176 -1.61871
-0.184 -1.61865
-0.192 -1.61859
-0.2 -1.6186
-0.208 -1.61862
-0.216 -1.61858
-0.224 -1.61865
-0.228481 -1.61868
-0.231964 -1.6214
-0.235361 -1.62399
-0.239958 -1.62772
-0.245501 -1.632
-0.248041 -1.63392
-0.255686 -1.63995
-0.256027 -1.64024
-0.263987 -1.6466
-0.26585 -1.64793
-0.271958 -1.65294
-0.275939 -1.65601
-0.280013 -1.65918
-0.286139 -1.66394
-0.288036 -1.66546
-0.295946 -1.67188
-0.296228 -1.67202
-0.304051 -1.67805
-0.306449 -1.67993
-0.312061 -1.68434
-0.316573 -1.68796
-0.320015 -1.69071
-0.326715 -1.69597
-0.327995 -1.69704
-0.335945 -1.70341
-0.336821 -1.70402
-0.344016 -1.70962
-0.347034 -1.71194
-0.352044 -1.71589
-0.357134 -1.72
-0.360018 -1.72223
-0.367228 -1.72807
-0.367971 -1.7286
-0.375981 -1.73489
-0.377419 -1.73602
-0.383973 -1.74121
-0.38754 -1.74406
-0.391987 -1.7475
-0.397776 -1.75195
-0.399963 -1.75383
-0.407912 -1.75996
-0.407955 -1.76015
-0.415951 -1.76646
-0.418041 -1.76799
-0.424053 -1.77264
-0.428177 -1.776
-0.432041 -1.77896
-0.438319 -1.78401
-0.44002 -1.78529
-0.447954 -1.79168
-0.448533 -1.79193
-0.455996 -1.79793
-0.458601 -1.80003
-0.463944 -1.80431
-0.468748 -1.80803
-0.471963 -1.81059
-0.478961 -1.81595
-0.480061 -1.81677
-0.487979 -1.82318
-0.489012 -1.82408
-0.496059 -1.82939
-0.499242 -1.83197
-0.504015 -1.83575
-0.509342 -1.84004
-0.511941 -1.84215
-0.519495 -1.84803
-0.520038 -1.84833
-0.527939 -1.85476
-0.529637 -1.85604
-0.535949 -1.86106
-0.539823 -1.86399
-0.544014 -1.86728
-0.549943 -1.87203
-0.552002 -1.8736
-0.559995 -1.87992
-0.560123 -1.87999
-0.568056 -1.88614
-0.570324 -1.88792
-0.576042 -1.89247
-0.580388 -1.89603
-0.584049 -1.89877
-0.59053 -1.90404
-0.592002 -1.90513
-0.599981 -1.91146
-0.600675 -1.91205
-0.607997 -1.91775
-0.610846 -1.92002
-0.615985 -1.92407
-0.620957 -1.92806
-0.623998 -1.93036
-0.631157 -1.936
-0.632012 -1.93665
-0.639982 -1.94299
-0.641281 -1.94403
-0.647964 -1.94932
-0.651512 -1.95193
-0.656025 -1.95555
-0.661654 -1.95994
-0.664058 -1.96182
-0.671759 -1.96799
-0.672059 -1.96812
-0.68003 -1.97446
-0.681946 -1.97594
-0.687959 -1.98086
-0.692073 -1.98397
-0.696022 -1.98709
-0.702173 -1.99203
-0.704011 -1.99341
-0.711942 -1.9998
-0.712402 -1.99993
-0.719973 -2.00607
-0.722484 -2.00802
-0.728025 -2.01231
-0.732658 -2.01598
-0.735957 -2.0187
-0.742788 -2.02401
-0.744059 -2.02488
-0.752029 -2.03122
-0.752889 -2.03207
-0.759963 -2.03761
-0.763116 -2.03997
-0.768015 -2.04385
-0.773241 -2.048
-0.776043 -2.05012
-0.783414 -2.05597
-0.783986 -2.0565
-0.792004 -2.06278
-0.79348 -2.06408
-0.799938 -2.06917
-0.803703 -2.07198
-0.807962 -2.07545
-0.813852 -2.07998
-0.816053 -2.08164
-0.824022 -2.08795
-0.824003 -2.08801
-0.832062 -2.09424
-0.834092 -2.09605
-0.839964 -2.10067
-0.844344 -2.10392
-0.848037 -2.10688
-0.854384 -2.11206
-0.855969 -2.11327
-0.86401 -2.11953
-0.864635 -2.11993
-0.872024 -2.12582
-0.87472 -2.12801
-0.879953 -2.13221
-0.884893 -2.13598
-0.888039 -2.13841
-0.895056 -2.14396
-0.895949 -2.14483
-0.903968 -2.15111
-0.905199 -2.15197
-0.911973 -2.15741
-0.915387 -2.15992
-0.92001 -2.16367
-0.925496 -2.16797
-0.927959 -2.17004
-0.935646 -2.17597
-0.936037 -2.17625
-0.943949 -2.18267
-0.945819 -2.18394
-0.951964 -2.18896
-0.955874 -2.19206
-0.960016 -2.19519
-0.966013 -2.20007
-0.966104 -2.20001
-0.967948 -2.20169
-0.975534 -2.20805
-0.976022 -2.20833
-0.977992 -2.21002
-0.984056 -2.21519
-0.98487 -2.21598
-0.991943 -2.22228
-0.994054 -2.224
-0.999944 -2.22924
-1.00324 -2.23201
-1.00795 -2.23619
-1.01239 -2.24007
-1.01594 -2.24315
-1.0217 -2.24794
-1.024 -2.25005
-1.03088 -2.25596
-1.032 -2.257
-1.04 -2.26396
-1.04005 -2.264
-1.04803 -2.27089
-1.0492 -2.27205
-1.05599 -2.27789
-1.05839 -2.28006
-1.06403 -2.2848
-1.0677 -2.28793
-1.07198 -2.29181
-1.07681 -2.29604
-1.07996 -2.2988
-1.08598 -2.30406
-1.08802 -2.30568
-1.09519 -2.31205
-1.09606 -2.3126
-1.10402 -2.31961
-1.10439 -2.32005
-1.11206 -2.32652
-1.11368 -2.32794
-1.11999 -2.33355
-1.12286 -2.33597
-1.12803 -2.34047
-1.13206 -2.34397
-1.13602 -2.34743
-1.14122 -2.35201
-1.14402 -2.35439
-1.15045 -2.35997
-1.152 -2.36136
-1.15962 -2.36801
-1.15997 -2.36836
-1.16798 -2.37531
-1.16888 -2.37593
-1.17598 -2.38227
-1.17797 -2.38406
-1.18395 -2.38926
-1.18723 -2.39199
-1.19204 -2.39611
-1.19643 -2.39998
-1.20002 -2.40309
-1.20561 -2.40801
-1.20805 -2.41002
-1.21481 -2.416
-1.21597 -2.41707
-1.22399 -2.424
-1.22405 -2.42396
-1.23194 -2.43102
-1.2332 -2.43202
-1.23999 -2.43792
-1.24241 -2.44
-1.248 -2.44486
-1.25164 -2.44797
-1.25605 -2.45176
-1.26076 -2.45605
-1.26398 -2.4588
-1.27004 -2.46396
-1.27201 -2.46573
-1.27919 -2.47202
-1.27997 -2.47272
-1.28803 -2.47962
-1.28837 -2.48004
-1.29594 -2.48668
-1.2976 -2.488
-1.30402 -2.49354
-1.30683 -2.49596
-1.31196 -2.50057
-1.316 -2.504
-1.31995 -2.50754
-1.3252 -2.51199
-1.32801 -2.51442
-1.33442 -2.51998
-1.33596 -2.52144
-1.34357 -2.52803
-1.34394 -2.52842
-1.35205 -2.53525
-1.35283 -2.53596
-1.36003 -2.54224
-1.36197 -2.54403
-1.36804 -2.54918
-1.37119 -2.552
-1.37601 -2.55617
-1.38042 -2.55996
-1.38395 -2.56319
-1.38956 -2.56803
-1.39205 -2.57004
-1.39883 -2.57595
-1.39998 -2.57708
-1.40804 -2.58394
-1.408 -2.58401
-1.41595 -2.59102
-1.41712 -2.59207
-1.42403 -2.5979
-1.4264 -2.59998
-1.43201 -2.60488
-1.43555 -2.60804
-1.43998 -2.61187
-1.44474 -2.61604
-1.44798 -2.61883
-1.45399 -2.62399
-1.45596 -2.62581
-1.46322 -2.63195
-1.46403 -2.63268
-1.47203 -2.63963
-1.47237 -2.64001
-1.48004 -2.64658
-1.48162 -2.64794
-1.48794 -2.65366
-1.49075 -2.65603
-1.49595 -2.66061
-1.49992 -2.66406
-1.50399 -2.66752
-1.50913 -2.67204
-1.51206 -2.67439
-1.51831 -2.68006
-1.52001 -2.68141
-1.52758 -2.68799
-1.52805 -2.68832
-1.53601 -2.69532
-1.53674 -2.69602
-1.54398 -2.70231
-1.546 -2.70395
-1.55205 -2.70919
-1.55521 -2.71194
-1.55999 -2.71622
-1.56434 -2.72003
-1.56802 -2.72314
-1.57355 -2.72801
-1.57597 -2.73016
-1.58275 -2.736
-1.58399 -2.7371
-1.59196 -2.744
-1.59197 -2.74407
-1.60002 -2.75098
-1.60109 -2.75207
-1.60795 -2.75801
-1.61042 -2.75993
-1.61597 -2.76495
-1.61956 -2.76799
-1.62399 -2.77188
-1.62879 -2.77595
-1.63196 -2.77887
-1.6379 -2.78405
-1.64001 -2.78577
-1.6472 -2.79194
-1.64803 -2.79271
-1.65604 -2.79965
-1.6564 -2.79994
-1.66399 -2.80667
-1.66554 -2.80801
-1.67205 -2.81356
-1.67474 -2.816
-1.68003 -2.82054
-1.68388 -2.82407
-1.68806 -2.82746
-1.69311 -2.83204
-1.69604 -2.83444
-1.70233 -2.84
-1.70406 -2.84137
-1.71151 -2.84803
-1.71205 -2.84834
-1.71994 -2.85543
-1.72069 -2.85605
-1.72801 -2.8623
-1.72998 -2.86395
-1.73597 -2.86931
-1.73911 -2.87202
-1.74399 -2.87624
-1.74834 -2.87999
-1.75206 -2.88312
-1.75757 -2.88795
-1.76005 -2.89009
-1.76675 -2.89597
-1.76795 -2.89716
-1.77594 -2.90398
-1.77595 -2.90413
-1.78401 -2.91101
-1.78509 -2.91204
-1.79195 -2.91804
-1.79438 -2.91993
-1.79996 -2.92499
-1.80356 -2.92796
-1.80807 -2.93182
-1.8127 -2.93602
-1.81594 -2.93892
-1.82191 -2.94401
-1.82402 -2.94579
-1.83108 -2.95204
-1.83194 -2.95283
-1.84005 -2.95967
-1.84037 -2.95993
-1.84801 -2.96667
-1.84955 -2.96795
-1.85607 -2.97357
-1.85874 -2.97597
-1.86403 -2.98057
-1.86793 -2.98397
-1.87195 -2.98761
-1.87704 -2.99207
-1.88004 -2.99446
-1.8863 -3.00001
-1.88801 -3.00146
-1.89544 -3.00807
-1.89594 -3.00849
-1.90395 -3.01544
-1.90465 -3.01606
-1.91204 -3.0223
-1.91393 -3.02397
-1.92005 -3.02924
-1.92307 -3.03204
-1.92802 -3.03623
-1.93228 -3.04002
-1.93602 -3.04319
-1.94149 -3.04802
-1.94396 -3.05023
-1.95075 -3.05595
-1.95203 -3.0571
-1.95987 -3.06403
-1.95995 -3.06415
-1.96801 -3.07104
-1.96904 -3.07206
-1.97594 -3.07808
-1.97824 -3.08006
-1.98404 -3.08492
-1.98743 -3.08807
-1.99202 -3.0919
-1.99665 -3.09604
-2.00006 -3.09881
-2.00584 -3.10406
-2.00795 -3.10589
-2.01509 -3.112
-2.01598 -3.11281
-2.02396 -3.11979
-2.02425 -3.12004
-2.03202 -3.12668
-2.03344 -3.12805
-2.03997 -3.13371
-2.04263 -3.13606
-2.04797 -3.14066
-2.05194 -3.14393
-2.05601 -3.14757
-2.06114 -3.15193
-2.06401 -3.15453
-2.07028 -3.15999
-2.07203 -3.16147
-2.07948 -3.16799
-2.07998 -3.16848
-2.08799 -3.17542
-2.08866 -3.17602
-2.09599 -3.18238
-2.09791 -3.18395
-2.10396 -3.18937
-2.1071 -3.19197
-2.11202 -3.19626
-2.11628 -3.19999
-2.12005 -3.20319
-2.12546 -3.20802
-2.12794 -3.21026
-2.13464 -3.21604
-2.13597 -3.21719
-2.14389 -3.22397
-2.14399 -3.22413
-2.15206 -3.231
-2.15312 -3.23194
-2.16002 -3.23801
-2.1622 -3.24007
-2.16803 -3.24496
-2.17149 -3.24796
-2.17595 -3.25201
-2.18066 -3.256
-2.18402 -3.25888
-2.18987 -3.26399
-2.19196 -3.26591
-2.19905 -3.27201
-2.19997 -3.27286
-2.20795 -3.27984
-2.20827 -3.27999
-2.21604 -3.28668
-2.21742 -3.28804
-2.22402 -3.29367
-2.22666 -3.29599
-2.23201 -3.30063
-2.23584 -3.30402
-2.24003 -3.30758
-2.24506 -3.31199
-2.24796 -3.31461
-2.25422 -3.32004
-2.25604 -3.32147
-2.2634 -3.32806
-2.26402 -3.32846
-2.27203 -3.3354
-2.27266 -3.33598
-2.28004 -3.34235
-2.28189 -3.34395
-2.28796 -3.3494
-2.29111 -3.35193
-2.296 -3.35631
-2.30021 -3.36004
-2.30395 -3.36332
-2.30944 -3.368
-2.31202 -3.37021
-2.31867 -3.37597
-2.32004 -3.37714
-2.3278 -3.38404
-2.32801 -3.38413
-2.33603 -3.39107
-2.33703 -3.39201
-2.34395 -3.39812
-2.34617 -3.40007
-2.35204 -3.40497
-2.35545 -3.40798
-2.35998 -3.412
-2.36462 -3.41601
-2.368 -3.41893
-2.37381 -3.42403
-2.37599 -3.4259
-2.38302 -3.43201
-2.38402 -3.43282
-2.39199 -3.43981
-2.39224 -3.43998
-2.40006 -3.44669
-2.40141 -3.44802
-2.40803 -3.45368
-2.41064 -3.45598
-2.41599 -3.46069
-2.41987 -3.46394
-2.42401 -3.46762
-2.42907 -3.47195
-2.43197 -3.47462
-2.4382 -3.48002
-2.43998 -3.48157
-2.44743 -3.48798
-2.448 -3.4885
-2.45595 -3.49552
-2.45665 -3.49596
-2.46398 -3.50245
-2.46588 -3.50393
-2.47205 -3.50932
-2.47495 -3.51207
-2.48003 -3.5163
-2.48417 -3.52005
-2.488 -3.52329
-2.49339 -3.52803
-2.496 -3.53026
-2.50263 -3.53597
-2.50394 -3.53728
-2.51175 -3.54406
-2.51199 -3.54417
-2.51995 -3.55118
-2.52098 -3.55203
-2.52806 -3.55801
-2.5302 -3.56
-2.53605 -3.56499
-2.53935 -3.56806
-2.54402 -3.57197
-2.54854 -3.57607
-2.55204 -3.57891
-2.55776 -3.58405
-2.56004 -3.58587
-2.567 -3.59199
-2.56794 -3.59294
-2.57601 -3.59982
-2.57622 -3.59998
-2.58402 -3.60676
-2.58545 -3.60794
-2.59194 -3.61382
-2.59458 -3.61601
-2.59994 -3.62078
-2.60385 -3.62393
-2.60802 -3.62764
-2.61305 -3.63194
-2.61597 -3.63465
-2.62213 -3.64007
-2.62396 -3.64162
-2.63144 -3.64794
-2.63206 -3.64846
-2.64006 -3.65542
-2.64063 -3.65595
-2.64801 -3.66243
-2.64974 -3.66405
-2.65606 -3.66933
-2.65904 -3.67193
-2.66402 -3.67633
-2.66813 -3.68006
-2.67194 -3.68339
-2.67744 -3.68793
-2.67995 -3.69033
-2.68654 -3.69604
-2.68806 -3.69716
-2.69573 -3.70406
-2.69605 -3.70414
-2.704 -3.71115
-2.705 -3.71197
-2.71203 -3.71807
-2.71417 -3.72001
-2.71998 -3.72508
-2.7234 -3.72797
-2.72806 -3.73196
-2.73252 -3.73606
-2.73606 -3.73891
-2.74182 -3.74394
-2.74401 -3.74592
-2.75092 -3.75205
-2.75199 -3.75291
-2.75996 -3.7599
-2.7601 -3.76007
-2.76795 -3.76687
-2.76939 -3.76798
-2.77597 -3.7738
-2.77853 -3.77604
-2.78398 -3.78075
-2.78779 -3.78397
-2.792 -3.78768
-2.7969 -3.79207
-2.80003 -3.7946
-2.80617 -3.79998
-2.808 -3.8016
-2.81535 -3.80801
-2.81595 -3.80861
-2.82401 -3.8155
-2.8245 -3.81606
-2.83202 -3.82245
-2.83372 -3.82404
-2.83996 -3.82948
-2.84299 -3.83196
-2.84795 -3.83644
-2.85212 -3.84004
-2.85601 -3.84334
-2.86131 -3.84804
-2.86394 -3.85038
-2.87049 -3.85607
-2.87204 -3.85722
-2.8798 -3.86394
-2.87998 -3.86425
-2.88806 -3.87111
-2.88899 -3.87195
-2.89603 -3.8781
-2.89813 -3.88002
-2.90401 -3.88507
-2.9073 -3.88805
-2.91204 -3.892
-2.91653 -3.89601
-2.91994 -3.89908
-2.92569 -3.90406
-2.92797 -3.90599
-2.93497 -3.91197
-2.93595 -3.91298
-2.94406 -3.91981
-2.9442 -3.91993
-2.95203 -3.9268
-2.95329 -3.92805
-2.96004 -3.93375
-2.96253 -3.93601
-2.968 -3.94076
-2.97174 -3.944
-2.976 -3.94771
-2.98099 -3.95194
-2.98396 -3.95471
-2.99011 -3.96002
-2.99195 -3.96169
-2.99935 -3.96797
-3.00005 -3.96853
-3.00804 -3.97549
-3.00854 -3.97598
-3.01595 -3.98255
-3.01775 -3.98398
-3.02404 -3.98941
-3.02689 -3.99204
-3.03201 -3.99641
-3.03609 -4.00004
-3.03999 -4.00339
-3.04532 -4.008
-3.04804 -4.01028
-3.05458 -4.01593
-3.05598 -4.01731
-3.06374 -4.02398
-3.06404 -4.0242
-3.07206 -4.03114
-3.07295 -4.03196
-3.08004 -4.03811
-3.08209 -4.04003
-3.08798 -4.04514
-3.09133 -4.04798
-3.096 -4.05207
-3.10048 -4.05604
-3.10404 -4.05898
-3.10965 -4.06407
-3.11205 -4.06593
-3.11892 -4.07198
-3.12003 -4.07291
-3.12806 -4.07983
-3.12815 -4.07995
-3.13595 -4.08692
-3.13729 -4.08802
-3.14404 -4.09377
-3.14656 -4.09593
-3.152 -4.10078
-3.1557 -4.10401
-3.15998 -4.10775
-3.16484 -4.11207
-3.16804 -4.11465
-3.17416 -4.11993
-3.17599 -4.12166
-3.1833 -4.128
-3.18401 -4.12859
-3.19204 -4.13552
-3.19246 -4.13605
-3.19999 -4.14253
-3.2017 -4.144
-3.20796 -4.14953
-3.21091 -4.15199
-3.21603 -4.1564
-3.22005 -4.16005
-3.22403 -4.16337
-3.22933 -4.16796
-3.23203 -4.17032
-3.23843 -4.17607
-3.24001 -4.17731
-3.24773 -4.18395
-3.24799 -4.18428
-3.25603 -4.19119
-3.25686 -4.19203
-3.26397 -4.19822
-3.26615 -4.19993
-3.27201 -4.20514
-3.27528 -4.208
-3.28004 -4.21205
-3.28452 -4.21596
-3.28806 -4.21899
-3.29367 -4.22402
-3.29602 -4.22599
-3.30292 -4.23195
-3.30395 -4.23303
-3.31201 -4.23992
-3.31205 -4.24003
-3.32006 -4.24682
-3.32131 -4.24796
-3.32796 -4.25389
-3.33054 -4.25593
-3.336 -4.2608
-3.33971 -4.26396
-3.34406 -4.26769
-3.34883 -4.27205
-3.35201 -4.2747
-3.35801 -4.28007
-3.36002 -4.28166
-3.36723 -4.28804
-3.368 -4.28864
-3.37598 -4.29561
-3.37644 -4.29603
-3.38406 -4.30248
-3.38567 -4.304
-3.39199 -4.30951
-3.39484 -4.31204
-3.40006 -4.31639
-3.40401 -4.32006
-3.408 -4.32342
-3.41321 -4.32806
-3.41602 -4.33036
-3.42251 -4.33594
-3.424 -4.33734
-3.43164 -4.34403
-3.43206 -4.34422
-3.44004 -4.35121
-3.44082 -4.35205
-3.44794 -4.35828
-3.45 -4.36007
-3.456 -4.36517
-3.45929 -4.36796
-3.46398 -4.37215
-3.46841 -4.37605
-3.47206 -4.37901
-3.47771 -4.38394
-3.48001 -4.38603
-3.48685 -4.392
-3.48804 -4.39296
-3.49606 -4.39988
-3.49608 -4.39997
-3.50397 -4.40695
-3.50528 -4.40797
-3.51196 -4.41392
-3.51441 -4.41605
-3.51998 -4.42086
-3.52359 -4.42406
-3.52802 -4.42777
-3.53282 -4.43202
-3.53604 -4.4347
-3.54199 -4.44006
-3.54404 -4.44166
-3.55124 -4.448
-3.55198 -4.44868
-3.55997 -4.45566
-3.56038 -4.45607
-3.56802 -4.46256
-3.56958 -4.46407
-3.57599 -4.46954
-3.57884 -4.47199
-3.58402 -4.47647
-3.58797 -4.48007
-3.59194 -4.48351
-3.59719 -4.48805
-3.60006 -4.49033
-3.60645 -4.49598
-3.60795 -4.49743
-3.61563 -4.504
-3.61602 -4.5043
-3.62402 -4.51125
-3.62485 -4.51198
-3.63197 -4.51827
-3.63403 -4.52
-3.64 -4.52519
-3.64326 -4.52796
-3.64794 -4.53222
-3.65246 -4.53596
-3.65597 -4.53914
-3.66159 -4.54403
-3.66405 -4.546
-3.67082 -4.55201
-3.67198 -4.55305
-3.68006 -4.55991
-3.68008 -4.55993
-3.68802 -4.56691
-3.68921 -4.56801
-3.696 -4.5739
-3.69845 -4.57597
-3.70402 -4.58083
-3.70766 -4.58395
-3.71195 -4.58787
-3.71686 -4.59195
-3.71998 -4.5948
-3.72596 -4.60006
-3.72801 -4.60172
-3.73517 -4.60805
-3.73606 -4.60861
-3.74407 -4.61557
-3.74443 -4.61598
-3.75197 -4.62264
-3.7536 -4.62401
-3.75995 -4.62962
-3.76284 -4.63196
-3.76805 -4.63645
-3.77195 -4.64006
-3.77606 -4.6434
-3.78122 -4.64798
-3.78406 -4.65036
-3.79037 -4.65604
-3.79204 -4.65734
-3.79963 -4.66397
-3.79999 -4.66436
-3.80803 -4.67127
-3.80886 -4.67193
-3.81596 -4.67831
-3.818 -4.67999
-3.82403 -4.68519
-3.82716 -4.68804
-3.83198 -4.6922
-3.83641 -4.69598
-3.83999 -4.69915
-3.84553 -4.70407
-3.84803 -4.70606
-3.85482 -4.71196
-3.85596 -4.7131
-3.86397 -4.72002
-3.86405 -4.71995
-3.87197 -4.727
-3.8732 -4.72799
-3.88001 -4.73391
-3.8824 -4.73599
-3.88795 -4.74093
-3.89163 -4.74395
-3.89243 -4.74469
-3.89295 -4.75201
-3.89367 -4.76001
-3.89404 -4.76257
-3.89395 -4.768
-3.89417 -4.776
-3.89418 -4.784
-3.89429 -4.792
-3.89433 -4.8
-3.89435 -4.808
-3.89442 -4.816
-3.8946 -4.824
-3.89466 -4.832
-3.89463 -4.84
-3.89475 -4.848
-3.89491 -4.856
-3.89499 -4.864
-3.89508 -4.872
-3.89502 -4.88
-3.89512 -4.888
-3.89522 -4.896
-3.89527 -4.904
-3.8953 -4.912
-3.89552 -4.92
-3.89545 -4.928
-3.89566 -4.936
-3.89565 -4.944
-3.89581 -4.952
-3.89593 -4.96
-3.89586 -4.968
-3.89602 -4.976
-3.89609 -4.97845
-3.89614 -4.984
-3.89614 -4.992
-3.89612 -5
-3.89618 -5.008
-3.89644 -5.016
-3.89639 -5.024
-3.89641 -5.032
-3.89666 -5.04
-3.89663 -5.048
-3.89672 -5.056
-3.89674 -5.064
-3.89679 -5.072
-3.89704 -5.08
-3.89692 -5.088
-3.89707 -5.096
-3.89719 -5.104
-3.89721 -5.112
-3.89736 -5.12
-3.8973 -5.128
-3.89752 -5.13205
-3.89721 -5.136
-3.89657 -5.144
-3.89626 -5.14815
-3.89595 -5.14843
-3.89201 -5.15196
-3.88794 -5.15552
-3.88308 -5.16004
-3.88006 -5.16277
-3.87404 -5.16799
-3.87207 -5.16989
-3.86505 -5.17601
-3.86403 -5.17696
-3.8561 -5.18406
-3.85605 -5.18409
-3.84805 -5.1912
-3.84703 -5.19199
-3.83997 -5.19823
-3.83808 -5.20005
-3.83194 -5.2053
-3.82901 -5.20797
-3.824 -5.21248
-3.82004 -5.216
-3.81596 -5.21954
-3.81098 -5.22393
-3.80795 -5.22665
-3.80206 -5.23203
-3.79994 -5.23375
-3.79307 -5.24004
-3.79204 -5.24097
-3.78404 -5.248
-3.78402 -5.24806
-3.77606 -5.25521
-3.77502 -5.25598
-3.768 -5.26225
-3.76608 -5.26405
-3.76002 -5.26939
-3.75707 -5.27205
-3.75201 -5.27648
-3.74807 -5.28004
-3.744 -5.28358
-3.73904 -5.28801
-3.73598 -5.29067
-3.73005 -5.29602
-3.72799 -5.29779
-3.72101 -5.30398
-3.72002 -5.30494
-3.71207 -5.31205
-3.71195 -5.31197
-3.70402 -5.31916
-3.70303 -5.32
-3.69601 -5.32626
-3.69405 -5.32803
-3.688 -5.33335
-3.68501 -5.33598
-3.67998 -5.34045
-3.67605 -5.34403
-3.67201 -5.34759
-3.66697 -5.35194
-3.66394 -5.35462
-3.65796 -5.35993
-3.65602 -5.36182
-3.64902 -5.368
-3.64804 -5.36895
-3.64002 -5.376
-3.64006 -5.37609
-3.63203 -5.38316
-3.63097 -5.38394
-3.62395 -5.39018
-3.62207 -5.39206
-3.61595 -5.39729
-3.613 -5.39998
-3.60804 -5.4045
-3.604 -5.40798
-3.60004 -5.41162
-3.59496 -5.41594
-3.59204 -5.41872
-3.58601 -5.424
-3.584 -5.42579
-3.57696 -5.43193
-3.57604 -5.43295
-3.56801 -5.43999
-3.56797 -5.43998
-3.55998 -5.4471
-3.55895 -5.44793
-3.55202 -5.45426
-3.55007 -5.45606
-3.54398 -5.46132
-3.54103 -5.46403
-3.536 -5.46846
-3.53199 -5.47197
-3.52801 -5.47557
-3.52302 -5.48001
-3.52005 -5.48273
-3.51396 -5.48795
-3.51196 -5.48974
-3.50494 -5.49593
-3.50402 -5.49692
-3.49604 -5.50404
-3.49595 -5.50395
-3.48794 -5.51105
-3.48703 -5.51202
-3.47999 -5.51821
-3.47797 -5.51996
-3.47197 -5.5253
-3.46898 -5.52797
-3.464 -5.53245
-3.46006 -5.53606
-3.45597 -5.53953
-3.45104 -5.54405
-3.44794 -5.54661
-3.44205 -5.55206
-3.44002 -5.5538
-3.43295 -5.55994
-3.43197 -5.56086
-3.42405 -5.56806
-3.42403 -5.56803
-3.41599 -5.5751
-3.41495 -5.57595
-3.40799 -5.58221
-3.40593 -5.58393
-3.39995 -5.58927
-3.39706 -5.59207
-3.39204 -5.59649
-3.38795 -5.59995
-3.38403 -5.60359
-3.37897 -5.60797
-3.37603 -5.6107
-3.37006 -5.61607
-3.36802 -5.6178
-3.36099 -5.62399
-3.36006 -5.62495
-3.35195 -5.63194
-3.35203 -5.63204
-3.34398 -5.63908
-3.34298 -5.63999
-3.33603 -5.64625
-3.33406 -5.64807
-3.32797 -5.6533
-3.325 -5.65601
-3.32003 -5.66047
-3.31603 -5.66404
-3.31205 -5.6676
-3.30694 -5.67194
-3.30396 -5.67462
-3.29793 -5.67994
-3.29602 -5.6818
-3.28902 -5.68803
-3.28794 -5.68881
-3.28004 -5.69603
-3.28 -5.69602
-3.272 -5.7031
-3.27094 -5.70395
-3.26397 -5.71018
-3.26202 -5.71204
-3.25599 -5.71731
-3.25298 -5.71999
-3.24796 -5.72439
-3.24392 -5.72793
-3.24002 -5.73156
-3.23498 -5.736
-3.23196 -5.73861
-3.22595 -5.74396
-3.22394 -5.74569
-3.21701 -5.75203
-3.21595 -5.75281
-3.20798 -5.75995
-3.20794 -5.75995
-3.19996 -5.76704
-3.199 -5.76802
-3.19206 -5.77427
-3.18993 -5.77594
-3.18395 -5.78126
-3.18202 -5.78295
-3.18083 -5.78398
-3.1764 -5.78743
-3.176 -5.78778
-3.1748 -5.7886
-3.16797 -5.79106
-3.16576 -5.79198
-3.15998 -5.79415
-3.15201 -5.79726
-3.1447 -5.79991
-3.14402 -5.80035
-3.136 -5.80332
-3.12801 -5.8064
-3.12369 -5.80796
-3.12001 -5.80943
-3.11201 -5.81248
-3.10403 -5.81559
-3.1027 -5.81606
-3.09598 -5.8185
-3.08802 -5.82165
-3.08161 -5.82392
-3.07999 -5.82459
-3.07198 -5.82763
-3.064 -5.83071
-3.06058 -5.83192
-3.05599 -5.83372
-3.04801 -5.83683
-3.03999 -5.83981
-3.03958 -5.84001
-3.03197 -5.8428
-3.024 -5.84593
-3.01851 -5.84792
-3.01601 -5.849
-3.00801 -5.85204
-2.99999 -5.85503
-2.99748 -5.85592
-2.99201 -5.85813
-2.98403 -5.86123
-2.97648 -5.864
-2.97603 -5.86427
-2.96803 -5.86731
-2.96001 -5.87029
-2.95542 -5.87193
-2.95201 -5.87335
-2.944 -5.87636
-2.93597 -5.87933
-2.9344 -5.87996
-2.92801 -5.88247
-2.91999 -5.88544
-2.91338 -5.88801
-2.91199 -5.88849
-2.90399 -5.89154
-2.89602 -5.89467
-2.89233 -5.89597
-2.888 -5.89765
-2.88003 -5.90079
-2.872 -5.90375
-2.87129 -5.90395
-2.864 -5.90679
-2.85602 -5.90987
-2.85028 -5.912
-2.848 -5.91288
-2.84 -5.9159
-2.83198 -5.9189
-2.82925 -5.92002
-2.824 -5.92199
-2.81599 -5.92502
-2.8082 -5.92797
-2.80798 -5.92803
-2.79997 -5.93105
-2.79201 -5.93419
-2.78715 -5.93593
-2.78399 -5.93719
-2.77603 -5.94034
-2.76799 -5.94327
-2.76613 -5.94395
-2.75998 -5.94628
-2.75201 -5.94941
-2.7451 -5.95196
-2.74402 -5.95248
-2.73599 -5.95545
-2.72797 -5.95844
-2.72411 -5.96008
-2.71997 -5.96147
-2.71202 -5.96465
-2.70397 -5.96757
-2.70306 -5.96803
-2.69596 -5.97059
-2.68799 -5.9737
-2.68202 -5.97602
-2.68003 -5.97684
-2.67198 -5.97977
-2.66402 -5.9829
-2.66099 -5.98402
-2.65603 -5.98597
-2.64797 -5.98885
-2.63997 -5.99189
-2.63999 -5.99209
-2.63202 -5.99509
-2.62398 -5.99801
-2.61889 -5.99991
-2.61602 -6.00117
-2.60803 -6.00422
-2.59999 -6.00716
-2.5979 -6.00803
-2.59199 -6.01023
-2.58398 -6.01323
-2.57687 -6.01603
-2.57599 -6.01629
-2.56798 -6.0193
-2.56002 -6.02246
-2.55585 -6.02408
-2.55199 -6.02543
-2.544 -6.0285
-2.53601 -6.03157
-2.5348 -6.03204
-2.52799 -6.03456
-2.52001 -6.03765
-2.51379 -6.04008
-2.51199 -6.04065
-2.50401 -6.04375
-2.49601 -6.04677
-2.49273 -6.04801
-2.488 -6.04981
-2.48003 -6.05293
-2.47197 -6.0558
-2.47171 -6.05606
-2.46399 -6.05889
-2.45599 -6.06194
-2.45065 -6.06398
-2.44798 -6.06497
-2.44001 -6.06807
-2.43198 -6.07105
-2.42966 -6.07209
-2.42399 -6.07411
-2.41597 -6.07711
-2.4086 -6.08003
-2.40801 -6.08025
-2.39999 -6.08324
-2.39199 -6.08629
-2.38758 -6.08804
-2.38397 -6.08928
-2.376 -6.0924
-2.36798 -6.09539
-2.36653 -6.09601
-2.36002 -6.09853
-2.35199 -6.10149
-2.34551 -6.10405
-2.34398 -6.10451
-2.33599 -6.10758
-2.33595 -6.10763
