1.95399 -6.11437
1.9615 -6.11168
1.96914 -6.10933
1.97625 -6.1056
1.98345 -6.10211
1.99094 -6.09938
1.99838 -6.09649
2.00579 -6.09355
2.01363 -6.09171
2.02122 -6.08924
2.02815 -6.08504
2.0355 -6.08194
2.04329 -6.07999
2.05052 -6.07656
2.05832 -6.07463
2.06576 -6.07176
2.07294 -6.06821
2.0803 -6.06515
2.0876 -6.06191
2.09509 -6.05916
2.10277 -6.05693
2.11005 -6.05363
2.11764 -6.05114
2.12491 -6.04784
2.13248 -6.04532
2.14031 -6.04345
2.14729 -6.0394
2.15475 -6.03656
2.16259 -6.03475
2.16972 -6.03107
2.17751 -6.02909
2.18481 -6.02587
2.19206 -6.02252
2.19933 -6.01919
2.20719 -6.01741
2.21418 -6.01338
2.22202 -6.01155
2.22934 -6.00836
2.23707 -6.00626
2.24442 -6.00314
2.25183 -6.00019
2.2592 -5.99715
2.26679 -5.99467
2.27419 -5.99169
2.28164 -5.98885
2.28914 -5.98614
2.29608 -5.98198
2.30341 -5.97881
2.31094 -5.97618
2.31894 -5.97477
2.32629 -5.97166
2.33331 -5.96768
2.34094 -5.96531
2.34837 -5.96241
2.35574 -5.95937
2.36324 -5.95666
2.37062 -5.95362
2.37824 -5.95122
2.38591 -5.94895
2.39325 -5.94582
2.40046 -5.94236
2.40791 -5.93951
2.41566 -5.93746
2.4225 -5.93303
2.43006 -5.93045
2.43763 -5.92794
2.44527 -5.92559
2.45275 -5.9228
2.46022 -5.92001
2.46753 -5.91681
2.47513 -5.91436
2.48218 -5.91047
2.48977 -5.90799
2.49705 -5.90472
2.50496 -5.90307
2.51206 -5.89932
2.51923 -5.89573
2.52687 -5.89339
2.5343 -5.89049
2.54197 -5.88821
2.54914 -5.88465
2.55647 -5.88149
2.564 -5.87886
2.57139 -5.87585
2.5793 -5.8742
2.58643 -5.87055
2.59432 -5.86884
2.60162 -5.8656
2.60868 -5.86174
2.61647 -5.85977
2.62397 -5.85707
2.63145 -5.85429
2.63857 -5.85059
2.64595 -5.84758
2.65326 -5.84437
2.66083 -5.84185
2.66835 -5.83916
2.67564 -5.83592
2.6831 -5.8331
2.69093 -5.83124
2.69835 -5.82831
2.7058 -5.82525
2.70945 -5.82103
2.71426 -5.81831
2.71919 -5.81562
2.72425 -5.80934
2.7301 -5.80392
2.73598 -5.79854
2.74264 -5.794
2.74821 -5.78827
2.75398 -5.78276
2.75934 -5.77681
2.76546 -5.77168
2.77141 -5.76637
2.77755 -5.76127
2.78327 -5.7557
2.78958 -5.75078
2.79466 -5.74453
2.80069 -5.7393
2.80644 -5.73377
2.81315 -5.72928
2.81859 -5.72342
2.82399 -5.7175
2.83 -5.71225
2.83539 -5.70633
2.84191 -5.70164
2.84767 -5.69613
2.85366 -5.69086
2.85909 -5.68498
2.86504 -5.67966
2.87087 -5.67423
2.87683 -5.66893
2.88291 -5.66375
2.88873 -5.6583
2.89511 -5.65345
2.90029 -5.64731
2.90653 -5.64231
2.9119 -5.63636
2.91868 -5.63196
2.92463 -5.62665
2.92994 -5.62064
2.93594 -5.61538
2.94115 -5.60926
2.94768 -5.60458
2.95412 -5.59981
2.95924 -5.59358
2.96505 -5.58812
2.97104 -5.58285
2.97711 -5.57767
2.98224 -5.57147
2.98886 -5.56689
2.99436 -5.56109
3.00078 -5.55628
3.00595 -5.55012
3.01262 -5.54559
3.01791 -5.53956
3.0234 -5.53374
3.02983 -5.52896
3.03544 -5.52328
3.04134 -5.51791
3.04803 -5.5134
3.05282 -5.50683
3.05936 -5.50216
3.06547 -5.49702
3.07143 -5.49173
3.07706 -5.48606
3.08343 -5.4812
3.08881 -5.47527
3.09477 -5.46997
3.09975 -5.4636
3.10575 -5.45834
3.11275 -5.45418
3.11751 -5.44757
3.12336 -5.44215
3.13019 -5.4378
3.13604 -5.43237
3.14198 -5.42705
3.14739 -5.42115
3.1537 -5.41623
3.15859 -5.40976
3.16465 -5.40458
3.17044 -5.39909
3.17627 -5.39365
3.18261 -5.38875
3.18874 -5.38364
3.19392 -5.37749
3.19994 -5.37225
3.20676 -5.36789
3.21133 -5.36108
3.21764 -5.35616
3.22423 -5.35154
3.22945 -5.34543
3.23498 -5.33966
3.24137 -5.33483
3.24757 -5.32979
3.25364 -5.32461
3.25955 -5.31925
3.26439 -5.31274
3.27047 -5.30757
3.27696 -5.30283
3.2826 -5.29719
3.28824 -5.29154
3.29435 -5.2864
3.30073 -5.28156
3.30549 -5.27496
3.31176 -5.26999
3.31747 -5.26441
3.32415 -5.2599
3.32909 -5.25348
3.33564 -5.24882
3.34176 -5.2437
3.34716 -5.23779
3.3524 -5.2317
3.35892 -5.22701
3.36475 -5.22157
3.37074 -5.2163
3.37628 -5.21054
3.38237 -5.20538
3.38859 -5.20036
3.39403 -5.1945
3.39956 -5.18872
3.40573 -5.18365
3.41176 -5.17843
3.41768 -5.17308
3.42399 -5.16816
3.42933 -5.16219
3.4356 -5.15722
3.44097 -5.15129
3.44662 -5.14564
3.45275 -5.14052
3.45898 -5.13552
3.46473 -5.12989
3.46679 -5.12369
3.46823 -5.11728
3.47011 -5.11102
3.4734 -5.10519
3.47439 -5.09963
3.47436 -5.09397
3.4738 -5.08613
3.47414 -5.07829
3.47416 -5.07045
3.47434 -5.06261
3.47284 -5.05478
3.4738 -5.04694
3.47283 -5.03911
3.47376 -5.03126
3.47447 -5.02342
3.47398 -5.01558
3.47431 -5.00774
3.47329 -4.99991
3.47274 -4.99207
3.47248 -4.98423
3.47418 -4.97638
3.47296 -4.96855
3.47398 -4.96071
3.47301 -4.95287
3.47383 -4.94503
3.47387 -4.93719
3.47205 -4.92936
3.4734 -4.92151
3.47328 -4.91368
3.47302 -4.90584
3.4735 -4.898
3.473 -4.89016
3.47229 -4.88233
3.47263 -4.87449
3.47241 -4.86665
3.47246 -4.85881
3.4715 -4.85098
3.4721 -4.84313
3.47213 -4.83529
3.47178 -4.82746
3.47104 -4.81962
3.47188 -4.81178
3.47203 -4.80392
3.47003 -4.79722
3.46664 -4.79057
3.46402 -4.78353
3.4603 -4.77711
3.4575 -4.77029
3.45292 -4.7646
3.44884 -4.7592
3.44405 -4.75257
3.43739 -4.74803
3.43136 -4.74278
3.42497 -4.73793
3.41984 -4.73168
3.41398 -4.72624
3.40834 -4.72056
3.40119 -4.71655
3.39524 -4.71121
3.39042 -4.70462
3.38332 -4.70057
3.37766 -4.69489
3.37182 -4.68943
3.36625 -4.68368
3.36014 -4.67852
3.354 -4.67339
3.34894 -4.66706
3.34211 -4.6627
3.33665 -4.65682
3.32983 -4.65245
3.32507 -4.64578
3.31884 -4.64076
3.31236 -4.63601
3.30732 -4.62966
3.3012 -4.62451
3.29439 -4.62013
3.28865 -4.61456
3.28344 -4.60839
3.27745 -4.6031
3.27164 -4.59761
3.26486 -4.59319
3.2585 -4.58831
3.25354 -4.58187
3.24745 -4.57669
3.24114 -4.57175
3.23485 -4.56679
3.22892 -4.56143
3.22369 -4.55528
3.21683 -4.55096
3.21139 -4.54506
3.20581 -4.5393
3.19961 -4.53425
3.19389 -4.52865
3.18834 -4.52286
3.18194 -4.51803
3.17538 -4.51336
3.16972 -4.50771
3.16411 -4.50199
3.15834 -4.49646
3.15149 -4.49212
3.14618 -4.48606
3.13979 -4.48121
3.13402 -4.47567
3.12866 -4.46968
3.12271 -4.46434
3.11614 -4.4597
3.11073 -4.45376
3.1045 -4.44873
3.09878 -4.44314
3.09253 -4.43813
3.0867 -4.43265
3.08105 -4.42699
3.07465 -4.42215
3.06854 -4.41699
3.06284 -4.41137
3.05704 -4.40587
3.05137 -4.40022
3.04457 -4.39582
3.0397 -4.38928
3.03342 -4.38431
3.02731 -4.37915
3.02149 -4.37367
3.01498 -4.36895
3.00956 -4.36302
3.0037 -4.35759
2.997 -4.35308
2.99111 -4.34767
2.98497 -4.34255
2.98005 -4.33607
2.97368 -4.3312
2.9672 -4.32645
2.96176 -4.32053
2.95633 -4.31462
2.95045 -4.30921
2.94426 -4.30414
2.9379 -4.29925
2.9317 -4.29419
2.92665 -4.28785
2.92081 -4.28239
2.91452 -4.27743
2.9084 -4.27228
2.90223 -4.26719
2.8969 -4.26116
2.88991 -4.25698
2.88471 -4.2508
2.87802 -4.24629
2.87211 -4.2409
2.86731 -4.23429
2.86038 -4.23004
2.85465 -4.22446
2.84905 -4.21873
2.84265 -4.21389
2.83693 -4.20829
2.83116 -4.20276
2.82574 -4.19683
2.81969 -4.1916
2.81295 -4.18715
2.80682 -4.18201
2.80071 -4.17685
2.79506 -4.17118
2.78948 -4.16542
2.78319 -4.16046
2.77722 -4.15514
2.77123 -4.14985
2.76595 -4.14377
2.76039 -4.13799
2.7541 -4.13304
2.74815 -4.1277
2.74216 -4.1224
2.73583 -4.11748
2.73051 -4.11144
2.72441 -4.10627
2.71769 -4.1018
2.71254 -4.09557
2.70627 -4.09058
2.70081 -4.0847
2.69474 -4.07949
2.68884 -4.0741
2.68285 -4.06881
2.67712 -4.06323
2.67071 -4.0584
2.66521 -4.05256
2.65898 -4.04753
2.65252 -4.04276
2.64631 -4.03771
2.64026 -4.03248
2.63474 -4.02666
2.62892 -4.02119
2.62281 -4.01602
2.61769 -4.00976
2.61103 -4.00521
2.60551 -3.9994
2.59907 -3.99461
2.59308 -3.9893
2.58745 -3.98362
2.58109 -3.97873
2.57575 -3.97271
2.5695 -3.96771
2.56381 -3.96208
2.55778 -3.95683
2.551 -3.95242
2.54554 -3.94654
2.53959 -3.9412
2.53408 -3.93536
2.52844 -3.92968
2.52163 -3.92531
2.51638 -3.91919
2.50979 -3.91456
2.50423 -3.90879
2.49857 -3.90312
2.49255 -3.89786
2.48659 -3.89254
2.48021 -3.88767
2.47398 -3.88264
2.4678 -3.87756
2.46254 -3.87146
2.45587 -3.86692
2.45104 -3.86034
2.44424 -3.85595
2.43921 -3.84959
2.43222 -3.8454
2.42623 -3.84011
2.42033 -3.83471
2.41441 -3.82934
2.40913 -3.82326
2.40253 -3.81865
2.3975 -3.81228
2.39167 -3.8068
2.38581 -3.80137
2.37881 -3.7972
2.37283 -3.7919
2.36701 -3.78642
2.362 -3.78003
2.35521 -3.77563
2.34996 -3.76951
2.34351 -3.76473
2.33731 -3.75966
2.33143 -3.75425
2.32545 -3.74894
2.32025 -3.74277
2.31412 -3.73763
2.30844 -3.732
2.30261 -3.72652
2.29612 -3.72178
2.29021 -3.7164
2.28438 -3.71093
2.27768 -3.70642
2.27193 -3.70087
2.26613 -3.69536
2.26093 -3.68919
2.2549 -3.68394
2.24834 -3.67928
2.2419 -3.67448
2.23607 -3.66901
2.23045 -3.6633
2.22427 -3.65823
2.21846 -3.65273
2.21338 -3.64642
2.2074 -3.64112
2.20028 -3.63708
2.19439 -3.63167
2.18877 -3.62597
2.1825 -3.62098
2.17683 -3.61533
2.17164 -3.60915
2.16508 -3.60449
2.15963 -3.59859
2.15341 -3.59356
2.14697 -3.58877
2.14087 -3.5836
2.13489 -3.57829
2.13007 -3.57169
2.12351 -3.56704
2.11761 -3.56164
2.11139 -3.55661
2.10592 -3.55073
2.10039 -3.54493
2.09368 -3.54043
2.08859 -3.53414
2.08154 -3.53002
2.07652 -3.52365
2.06974 -3.51923
2.06439 -3.51323
2.05832 -3.50802
2.05292 -3.50207
2.04637 -3.4974
2.04051 -3.49197
2.03378 -3.4875
2.02832 -3.48161
2.02275 -3.47585
2.01701 -3.47028
2.01096 -3.46504
2.00524 -3.45946
1.9992 -3.45422
1.99336 -3.44875
1.98673 -3.44417
1.98068 -3.43894
1.97547 -3.43278
1.96846 -3.42862
1.96315 -3.42258
1.95673 -3.41776
1.95119 -3.41196
1.94477 -3.40715
1.93975 -3.40077
1.93344 -3.39584
1.92804 -3.38989
1.92146 -3.38525
1.91615 -3.3792
1.90952 -3.37461
1.90311 -3.36979
1.89769 -3.36386
1.89126 -3.35906
1.88637 -3.35254
1.88019 -3.34746
1.87412 -3.34225
1.86755 -3.33761
1.86206 -3.33176
1.8562 -3.32631
1.85026 -3.32097
1.84404 -3.31593
1.83811 -3.31056
1.83226 -3.30511
1.82587 -3.30027
1.81995 -3.29489
1.81415 -3.28938
1.80792 -3.28436
1.80318 -3.27768
1.79714 -3.27244
1.79076 -3.26758
1.7841 -3.26303
1.77826 -3.25757
1.77308 -3.25137
1.7672 -3.24595
1.76116 -3.24072
1.75552 -3.23504
1.74959 -3.22967
1.74348 -3.22452
1.73695 -3.21982
1.73123 -3.21423
1.72534 -3.20882
1.7197 -3.20314
1.71409 -3.19743
1.70691 -3.19345
1.70206 -3.18689
1.69504 -3.18274
1.68975 -3.17667
1.68396 -3.17115
1.67734 -3.16656
1.67179 -3.16077
1.66535 -3.15598
1.6595 -3.15054
1.65424 -3.14442
1.64771 -3.13973
1.64221 -3.1339
1.63642 -3.12838
1.63082 -3.12265
1.6237 -3.11861
1.61845 -3.1125
1.61296 -3.10665
1.60587 -3.10257
1.60013 -3.09701
1.5942 -3.09164
1.58801 -3.08657
1.58269 -3.08053
1.57711 -3.07479
1.57089 -3.06974
1.56531 -3.06399
1.5594 -3.05861
1.55333 -3.05341
1.54696 -3.04853
1.54144 -3.04271
1.53489 -3.03804
1.52967 -3.0319
1.52289 -3.02748
1.51665 -3.02247
1.51103 -3.01676
1.5058 -3.01062
1.49873 -3.00652
1.49344 -3.00045
1.48722 -2.99542
1.48204 -2.98922
1.47555 -2.98449
1.46971 -2.97903
1.46357 -2.97389
1.45816 -2.96795
1.45203 -2.96281
1.44644 -2.95708
1.4403 -2.95195
1.4339 -2.94712
1.42858 -2.94108
1.42254 -2.93583
1.41617 -2.93097
1.41019 -2.92566
1.4043 -2.92026
1.39875 -2.91447
1.39175 -2.91031
1.38705 -2.90358
1.37991 -2.89956
1.37489 -2.89319
1.36796 -2.88893
1.36263 -2.8829
1.35606 -2.87826
1.35053 -2.87246
1.34517 -2.86646
1.33853 -2.86189
1.33358 -2.85544
1.32753 -2.85021
1.32103 -2.84548
1.31455 -2.84074
1.30969 -2.83418
1.30347 -2.82914
1.29715 -2.82422
1.29079 -2.81933
1.28476 -2.81409
1.28001 -2.80741
1.27296 -2.8033
1.26745 -2.79748
1.26158 -2.79205
1.25564 -2.7867
1.24994 -2.78107
1.24323 -2.77658
1.23838 -2.77002
1.23157 -2.76564
1.22558 -2.76035
1.22028 -2.75429
1.21358 -2.74978
1.2078 -2.74425
1.20256 -2.73812
1.19671 -2.73268
1.1903 -2.72784
1.18443 -2.72242
1.17787 -2.71776
1.17298 -2.71124
1.16703 -2.70591
1.16045 -2.70127
1.15497 -2.69541
1.14891 -2.69019
1.1429 -2.68492
1.13644 -2.68015
1.13086 -2.6744
1.12464 -2.66936
1.11838 -2.66437
1.11276 -2.65866
1.10725 -2.65283
1.10163 -2.64713
1.0953 -2.64222
1.08895 -2.63732
1.08265 -2.63236
1.07719 -2.62648
1.07091 -2.62152
1.06487 -2.61628
1.05921 -2.61061
1.05353 -2.60498
1.04748 -2.59975
1.04228 -2.59357
1.0361 -2.58849
1.02923 -2.58418
1.02441 -2.57758
1.01763 -2.57317
1.01208 -2.56738
1.00554 -2.5627
0.999424 -2.55755
0.993768 -2.55188
0.988531 -2.54575
0.982065 -2.54098
0.975611 -2.53621
0.970691 -2.52972
0.964622 -2.52452
0.95781 -2.52014
0.952343 -2.51426
0.946544 -2.50875
0.940434 -2.50359
0.934957 -2.49773
0.928022 -2.49349
0.922726 -2.48742
0.916181 -2.48274
0.910735 -2.47684
0.905421 -2.4708
0.899323 -2.46563
0.89291 -2.4608
0.887018 -2.4554
0.880868 -2.45028
0.875336 -2.44448
0.869122 -2.43943
0.862942 -2.43435
0.857132 -2.42886
0.851462 -2.42321
0.845496 -2.41789
0.839625 -2.41246
0.833689 -2.40711
0.82818 -2.40128
0.822275 -2.39589
0.815582 -2.39138
0.809735 -2.38592
0.803927 -2.38043
0.798259 -2.37478
0.79209 -2.36968
0.786573 -2.36386
0.779876 -2.35935
0.774459 -2.35342
0.767762 -2.34891
0.761904 -2.34347
0.756344 -2.3377
0.749752 -2.33308
0.744768 -2.32666
0.738061 -2.32217
0.731907 -2.31705
0.727218 -2.31031
0.720942 -2.30534
0.714751 -2.30027
0.708627 -2.29512
0.703198 -2.28921
0.697413 -2.28368
0.690332 -2.2796
0.685434 -2.27309
0.678815 -2.2685
0.672538 -2.26352
0.666804 -2.25795
0.660816 -2.25265
0.655561 -2.24654
0.649717 -2.24108
0.643962 -2.23553
0.637188 -2.2311
0.631363 -2.22563
0.6251 -2.22064
0.618968 -2.2155
0.612937 -2.21025
0.607386 -2.20447
0.602037 -2.19846
0.595236 -2.19407
0.589205 -2.18882
0.583938 -2.18272
0.578596 -2.17751
0.572497 -2.17319
0.566342 -2.16812
0.559802 -2.16353
0.554654 -2.15723
0.547915 -2.15289
0.541061 -2.14868
0.536031 -2.14224
0.529045 -2.13819
0.522948 -2.13306
0.517371 -2.12728
0.511245 -2.12219
0.50481 -2.11746
0.498411 -2.1127
0.492032 -2.10791
0.48554 -2.10326
0.480544 -2.09678
0.473755 -2.09249
0.467306 -2.08779
0.461886 -2.08182
0.455658 -2.07685
0.448763 -2.07269
0.443179 -2.06693
0.437201 -2.06165
0.430557 -2.05718
0.424735 -2.05171
0.418442 -2.04681
0.411401 -2.04284
0.406046 -2.03679
0.39977 -2.03188
0.393119 -2.02742
0.387786 -2.02135
0.381043 -2.01701
0.37452 -2.01239
0.369399 -2.00606
0.362016 -2.0025
0.355992 -1.99728
0.349698 -1.99239
0.344733 -1.98587
0.338063 -1.98143
0.332375 -1.9758
0.325262 -1.97191
0.319122 -1.96682
0.313379 -1.96126
0.307051 -1.9564
0.300843 -1.95141
0.295147 -1.94578
0.288181 -1.94171
0.282628 -1.93591
0.276064 -1.93135
0.270195 -1.92593
0.264117 -1.92077
0.257209 -1.91663
0.250953 -1.91169
0.245455 -1.90582
0.239248 -1.90082
0.233403 -1.89538
0.226214 -1.89158
0.220262 -1.88627
0.214032 -1.8813
0.208781 -1.87513
0.202245 -1.87053
0.19595 -1.86564
0.190107 -1.86019
0.183722 -1.85541
0.177893 -1.84995
0.171743 -1.84488
0.165563 -1.83984
0.15901 -1.83527
0.153298 -1.82966
0.146791 -1.82503
0.14025 -1.82044
0.133912 -1.8156
0.128169 -1.81003
0.121261 -1.80589
0.115935 -1.79981
0.109348 -1.79527
0.102861 -1.79062
0.0973722 -1.78474
0.0912682 -1.77961
0.0849126 -1.77479
0.0781977 -1.77042
0.0720525 -1.76534
0.0667662 -1.75921
0.0606493 -1.7541
0.0536384 -1.75009
0.0480676 -1.74431
0.041063 -1.74028
0.0348581 -1.73528
0.0292548 -1.72954
0.0229044 -1.72472
0.0164702 -1.72
0.0105105 -1.71469
0.00456694 -1.70937
-0.00205387 -1.70488
-0.00744844 -1.69888
-0.0141664 -1.69451
-0.0196278 -1.68859
-0.0256905 -1.68342
-0.0319464 -1.67848
-0.0390964 -1.67463
-0.0444555 -1.66859
-0.0505499 -1.66346
-0.0573857 -1.65923
-0.0634921 -1.6541
-0.0698 -1.64923
-0.0763066 -1.64459
-0.0815471 -1.63841
-0.0884963 -1.63432
-0.0940141 -1.62847
-0.100774 -1.62415
-0.106547 -1.61957
-0.114447 -1.61956
-0.122347 -1.6196
-0.130247 -1.61794
-0.138147 -1.61764
-0.146047 -1.61808
-0.153947 -1.61949
-0.161847 -1.61777
-0.169747 -1.61855
-0.177648 -1.6194
-0.185548 -1.61906
-0.193448 -1.61924
-0.201348 -1.61869
-0.209248 -1.61902
-0.217148 -1.61928
-0.225048 -1.61787
-0.232473 -1.61922
-0.239505 -1.62322
-0.245831 -1.6281
-0.25232 -1.63278
-0.257589 -1.639
-0.263659 -1.64421
-0.270253 -1.64876
-0.276977 -1.65314
-0.282591 -1.65892
-0.28867 -1.66412
-0.295504 -1.66837
-0.301806 -1.67328
-0.307951 -1.6784
-0.314816 -1.6826
-0.320004 -1.68892
-0.327245 -1.69266
-0.333629 -1.69747
-0.339409 -1.70304
-0.34536 -1.7084
-0.352028 -1.71286
-0.358118 -1.71804
-0.364912 -1.72234
-0.370677 -1.72793
-0.376719 -1.73318
-0.383435 -1.73757
-0.389767 -1.74245
-0.395527 -1.74805
-0.40227 -1.75241
-0.407946 -1.75811
-0.414914 -1.76219
-0.421112 -1.76724
-0.42682 -1.7729
-0.432706 -1.77834
-0.439012 -1.78325
-0.445447 -1.788
-0.452191 -1.79236
-0.458886 -1.79678
-0.464075 -1.8031
-0.470513 -1.80785
-0.4768 -1.81278
-0.48361 -1.81706
-0.489569 -1.82241
-0.495446 -1.82786
-0.502288 -1.83209
-0.50799 -1.83777
-0.514505 -1.84241
-0.520454 -1.84778
-0.527762 -1.85143
-0.532817 -1.85791
-0.539128 -1.86282
-0.545347 -1.86784
-0.551851 -1.8725
-0.557874 -1.87777
-0.564634 -1.88211
-0.570691 -1.88733
-0.577421 -1.89171
-0.583955 -1.89633
-0.589463 -1.90225
-0.596552 -1.90617
-0.601751 -1.91248
-0.608455 -1.91689
-0.61536 -1.92105
-0.621023 -1.92677
-0.627764 -1.93113
-0.633 -1.93739
-0.639953 -1.94149
-0.645629 -1.94719
-0.652939 -1.95084
-0.658721 -1.95641
-0.665457 -1.96078
-0.671664 -1.96582
-0.677093 -1.97183
-0.684217 -1.97571
-0.690542 -1.9806
-0.696688 -1.98571
-0.702085 -1.99177
-0.708517 -1.99652
-0.714433 -2.00192
-0.721207 -2.00625
-0.727262 -2.01147
-0.733354 -2.01665
-0.739385 -2.02191
-0.745994 -2.02644
-0.752544 -2.03104
-0.758488 -2.03641
-0.76494 -2.04114
-0.771873 -2.04526
-0.77813 -2.05023
-0.783438 -2.0564
-0.790183 -2.06076
-0.795747 -2.06661
-0.802683 -2.07072
-0.8092 -2.07537
-0.814656 -2.08135
-0.821952 -2.08501
-0.828194 -2.09001
-0.834017 -2.09553
-0.840083 -2.10074
-0.846892 -2.10502
-0.852995 -2.11019
-0.859278 -2.11513
-0.864756 -2.12108
-0.87144 -2.12551
-0.877555 -2.13067
-0.88356 -2.13596
-0.890357 -2.14025
-0.895944 -2.14607
-0.902579 -2.15056
-0.908717 -2.15569
-0.915065 -2.16054
-0.921134 -2.16575
-0.927628 -2.17043
-0.933979 -2.17528
-0.94087 -2.17946
-0.947175 -2.18437
-0.952631 -2.19035
-0.959243 -2.19488
-0.964939 -2.20053
-0.97166 -2.20468
-0.977947 -2.20938
-0.983537 -2.21513
-0.989183 -2.22081
-0.994858 -2.22647
-1.00171 -2.23077
-1.00729 -2.23653
-1.0138 -2.24124
-1.01968 -2.24666
-1.02513 -2.25256
-1.03134 -2.25761
-1.03719 -2.26306
-1.04383 -2.26761
-1.04909 -2.27375
-1.05532 -2.27877
-1.06131 -2.28406
-1.06762 -2.28899
-1.07396 -2.29388
-1.07933 -2.29989
-1.08561 -2.30485
-1.09202 -2.30966
-1.0975 -2.31553
-1.10394 -2.32032
-1.10946 -2.32615
-1.11538 -2.33152
-1.12099 -2.33725
-1.12712 -2.34238
-1.13413 -2.34652
-1.13965 -2.35235
-1.14514 -2.35821
-1.15172 -2.36283
-1.15781 -2.36801
-1.16409 -2.37297
-1.16971 -2.37869
-1.17568 -2.38401
-1.18223 -2.38866
-1.1882 -2.39398
-1.1939 -2.39961
-1.1996 -2.40523
-1.20629 -2.40972
-1.21137 -2.41606
-1.21844 -2.42012
-1.22433 -2.42552
-1.22948 -2.43179
-1.23527 -2.4373
-1.2423 -2.44141
-1.2476 -2.44749
-1.25429 -2.45199
-1.25994 -2.45767
-1.26587 -2.46303
-1.2721 -2.46805
-1.2775 -2.47402
-1.28447 -2.4782
-1.28963 -2.48444
-1.29585 -2.48947
-1.30137 -2.49529
-1.3077 -2.50021
-1.31404 -2.5051
-1.32037 -2.51001
-1.32587 -2.51586
-1.33181 -2.52121
-1.3377 -2.52662
-1.34439 -2.53111
-1.35069 -2.53605
-1.35569 -2.54247
-1.36148 -2.548
-1.36822 -2.55244
-1.37414 -2.55781
-1.37994 -2.56332
-1.3868 -2.56762
-1.39199 -2.57383
-1.39801 -2.57909
-1.40416 -2.58421
-1.41065 -2.58893
-1.41671 -2.59414
-1.42195 -2.60029
-1.42758 -2.60599
-1.4347 -2.61
-1.43968 -2.61645
-1.44604 -2.62132
-1.45211 -2.62652
-1.45853 -2.63132
-1.4644 -2.63675
-1.46986 -2.64265
-1.47583 -2.64797
-1.48263 -2.65234
-1.4888 -2.65743
-1.49411 -2.6635
-1.49985 -2.66908
-1.50654 -2.67357
-1.51175 -2.67976
-1.51836 -2.68434
-1.52493 -2.68898
-1.53073 -2.69449
-1.53598 -2.70063
-1.54281 -2.70496
-1.5488 -2.71026
-1.55388 -2.71658
-1.56004 -2.72169
-1.56692 -2.72597
-1.57203 -2.73227
-1.57793 -2.73766
-1.58473 -2.74203
-1.59077 -2.74726
-1.59714 -2.75213
-1.60233 -2.75834
-1.6085 -2.76343
-1.61397 -2.76931
-1.62009 -2.77445
-1.62679 -2.77895
-1.63234 -2.78474
-1.6388 -2.78949
-1.64501 -2.79454
-1.65061 -2.80027
-1.65695 -2.80518
-1.6622 -2.81132
-1.6688 -2.81591
-1.67412 -2.82197
-1.68098 -2.82627
-1.68733 -2.83115
-1.69324 -2.83653
-1.69843 -2.84274
-1.70504 -2.84733
-1.71085 -2.85283
-1.71635 -2.85868
-1.72221 -2.86413
-1.72817 -2.86945
-1.73527 -2.87348
-1.74062 -2.8795
-1.74701 -2.88434
-1.7532 -2.88942
-1.75895 -2.89497
-1.76538 -2.89978
-1.77123 -2.90522
-1.77653 -2.9113
-1.78269 -2.91641
-1.78879 -2.92158
-1.79464 -2.92703
-1.80149 -2.93135
-1.80676 -2.93746
-1.8134 -2.94201
-1.81834 -2.9485
-1.82546 -2.95251
-1.83124 -2.95804
-1.83728 -2.96327
-1.84287 -2.96903
-1.84952 -2.97357
-1.85552 -2.97886
-1.86099 -2.98474
-1.86656 -2.99051
-1.87315 -2.99512
-1.87958 -2.99991
-1.8853 -3.00552
-1.89153 -3.01053
-1.89744 -3.01592
-1.90252 -3.02225
-1.90911 -3.02686
-1.91458 -3.03275
-1.92082 -3.03776
-1.92768 -3.04206
-1.93263 -3.04855
-1.9394 -3.05294
-1.94551 -3.0581
-1.95135 -3.06357
-1.95761 -3.06856
-1.96381 -3.07361
-1.96901 -3.0798
-1.9751 -3.08498
-1.98105 -3.09033
-1.98726 -3.09536
-1.99391 -3.0999
-1.99934 -3.10584
-2.00535 -3.11111
-2.01198 -3.11567
-2.01716 -3.12189
-2.02275 -3.12765
-2.02996 -3.13155
-2.03476 -3.1382
-2.04154 -3.14259
-2.04758 -3.14783
-2.05383 -3.15283
-2.05994 -3.15799
-2.06536 -3.16393
-2.07089 -3.16975
-2.07697 -3.17494
-2.08352 -3.1796
-2.09007 -3.18424
-2.09613 -3.18946
-2.10146 -3.19551
-2.10728 -3.20099
-2.11368 -3.20583
-2.11962 -3.21117
-2.12595 -3.21608
-2.1318 -3.22153
-2.13818 -3.22639
-2.1432 -3.23279
-2.14962 -3.23759
-2.15614 -3.24228
-2.16216 -3.24754
-2.16785 -3.25317
-2.1743 -3.25794
-2.17704 -3.26088
-2.17685 -3.26108
-2.17639 -3.26167
-2.17597 -3.26228
-2.17559 -3.26292
-2.17524 -3.26357
-2.17494 -3.26425
-2.17468 -3.26495
-2.17447 -3.26566
-2.17429 -3.26639
-2.17417 -3.26712
-2.17409 -3.26786
-2.17405 -3.2686
-2.17406 -3.26934
-2.17458 -3.28072
-2.17464 -3.28145
-2.17474 -3.28216
-2.17488 -3.28287
-2.17506 -3.28358
-2.17529 -3.28426
-2.17556 -3.28494
-2.17587 -3.28559
-2.17621 -3.28623
-2.1766 -3.28684
-2.19189 -3.30905
-2.19233 -3.30962
-2.19279 -3.31016
-2.19329 -3.31067
-2.19382 -3.31115
-2.19437 -3.3116
-2.20606 -3.32048
-2.20665 -3.32089
-2.20727 -3.32127
-2.2079 -3.3216
-2.20856 -3.3219
-2.20923 -3.32216
-2.22522 -3.32812
-2.24112 -3.33387
-2.24184 -3.3341
-2.24256 -3.33429
-2.2433 -3.33443
-2.24404 -3.33453
-2.24479 -3.33458
-2.24554 -3.33458
-2.24629 -3.33454
-2.24703 -3.33445
-2.24777 -3.33431
-2.2485 -3.33413
-2.24921 -3.3339
-2.24991 -3.33362
-2.25059 -3.33331
-2.25125 -3.33295
-2.25189 -3.33255
-2.2525 -3.33212
-2.25308 -3.33164
-2.25363 -3.33113
-2.25414 -3.33059
-2.25463 -3.33001
-2.25507 -3.32941
-2.25519 -3.32923
-2.25825 -3.33195
-2.2642 -3.3373
-2.27019 -3.34259
-2.2763 -3.34775
-2.2817 -3.35372
-2.28758 -3.35914
-2.29325 -3.3648
-2.29925 -3.37008
-2.30594 -3.37457
-2.3124 -3.37933
-2.31817 -3.38487
-2.32381 -3.39056
-2.32994 -3.3957
-2.33617 -3.40072
-2.34224 -3.40593
-2.34735 -3.41222
-2.35351 -3.41733
-2.36009 -3.42195
-2.36594 -3.4274
-2.37161 -3.43306
-2.37752 -3.43845
-2.38386 -3.44334
-2.38999 -3.44847
-2.39588 -3.45388
-2.40153 -3.45956
-2.40765 -3.4647
-2.4138 -3.46982
-2.42036 -3.47446
-2.42677 -3.47928
-2.43248 -3.48489
-2.43766 -3.49111
-2.44433 -3.49563
-2.44975 -3.50158
-2.45626 -3.50628
-2.46171 -3.51219
-2.46833 -3.51676
-2.47471 -3.52161
-2.47985 -3.52788
-2.48655 -3.53235
-2.49193 -3.53835
-2.49779 -3.54379
-2.50364 -3.54924
-2.51036 -3.55371
-2.51667 -3.55863
-2.52186 -3.56484
-2.52786 -3.57012
-2.53391 -3.57534
-2.53988 -3.58066
-2.5462 -3.58558
-2.55274 -3.59025
-2.55787 -3.59652
-2.56455 -3.60103
-2.57047 -3.6064
-2.57667 -3.61147
-2.58308 -3.61627
-2.58836 -3.62238
-2.59407 -3.62799
-2.60103 -3.63218
-2.60625 -3.63835
-2.61285 -3.64295
-2.61883 -3.64826
-2.62507 -3.65326
-2.63083 -3.65882
-2.63593 -3.66513
-2.64256 -3.66969
-2.64848 -3.67507
-2.6545 -3.68032
-2.6604 -3.68572
-2.66632 -3.6911
-2.67229 -3.69642
-2.67872 -3.70121
-2.68485 -3.70634
-2.69078 -3.71171
-2.69704 -3.71669
-2.70293 -3.7221
-2.70857 -3.72779
-2.7141 -3.73361
-2.72068 -3.73823
-2.72682 -3.74336
-2.73231 -3.74921
-2.73896 -3.75376
-2.74523 -3.75873
-2.75105 -3.76423
-2.75741 -3.76909
-2.76232 -3.77563
-2.76871 -3.78046
-2.77503 -3.78537
-2.78112 -3.79056
-2.78704 -3.79593
-2.7928 -3.80149
-2.79846 -3.80715
-2.80497 -3.81186
-2.81034 -3.81786
-2.81676 -3.82266
-2.82323 -3.82742
-2.82948 -3.8324
-2.83552 -3.83764
-2.84075 -3.84381
-2.84749 -3.84825
-2.85303 -3.85406
-2.85949 -3.85881
-2.86517 -3.86445
-2.87047 -3.87054
-2.87755 -3.87459
-2.88309 -3.88039
-2.88938 -3.88535
-2.89545 -3.89055
-2.90143 -3.89586
-2.90671 -3.90196
-2.91326 -3.90662
-2.9189 -3.91231
-2.92571 -3.91667
-2.93066 -3.92314
-2.93689 -3.92817
-2.94342 -3.93285
-2.9493 -3.93826
-2.95458 -3.94437
-2.96133 -3.94879
-2.96669 -3.95481
-2.97384 -3.95878
-2.97942 -3.96454
-2.98563 -3.96958
-2.99144 -3.97509
-2.9968 -3.9811
-3.00374 -3.98531
-3.009 -3.99143
-3.01529 -3.99639
-3.02143 -4.00151
-3.0277 -4.00649
-3.03328 -4.01225
-3.03919 -4.01764
-3.04482 -4.02334
-3.05074 -4.02871
-3.05723 -4.03344
-3.06304 -4.03894
-3.06896 -4.0443
-3.07561 -4.04885
-3.08115 -4.05465
-3.0868 -4.06033
-3.0938 -4.06448
-3.0999 -4.06965
-3.10496 -4.076
-3.11186 -4.08026
-3.11746 -4.086
-3.12354 -4.09119
-3.12914 -4.09693
-3.13544 -4.10187
-3.14129 -4.10732
-3.14701 -4.11293
-3.15374 -4.11738
-3.15996 -4.1224
-3.16535 -4.12839
-3.17122 -4.13382
-3.17737 -4.13893
-3.18358 -4.14397
-3.18958 -4.14926
-3.19595 -4.15411
-3.20204 -4.1593
-3.2078 -4.16485
-3.214 -4.16991
-3.22013 -4.17505
-3.22607 -4.18039
-3.23109 -4.18679
-3.23705 -4.19212
-3.24418 -4.19611
-3.25003 -4.20156
-3.25572 -4.2072
-3.26129 -4.21298
-3.26726 -4.2183
-3.27368 -4.2231
-3.27942 -4.22868
-3.28621 -4.23306
-3.29133 -4.23935
-3.29818 -4.24365
-3.30433 -4.24877
-3.31017 -4.25424
-3.31559 -4.26018
-3.32238 -4.26456
-3.32802 -4.27025
-3.33421 -4.27532
-3.34038 -4.28041
-3.34653 -4.28552
-3.35256 -4.29077
-3.35738 -4.2974
-3.3638 -4.3022
-3.36958 -4.30773
-3.37631 -4.31219
-3.38162 -4.31826
-3.3886 -4.32242
-3.39348 -4.32898
-3.39936 -4.3344
-3.40646 -4.33843
-3.4124 -4.34377
-3.41757 -4.35001
-3.42461 -4.3541
-3.42988 -4.36022
-3.43634 -4.36498
-3.44231 -4.3703
-3.4478 -4.37616
-3.45422 -4.38096
-3.45988 -4.38663
-3.46669 -4.39099
-3.47217 -4.39686
-3.47768 -4.40271
-3.48415 -4.40745
-3.48965 -4.41331
-3.49661 -4.41749
-3.50188 -4.42362
-3.50846 -4.42823
-3.51459 -4.43337
-3.52059 -4.43865
-3.5266 -4.44392
-3.5327 -4.44908
-3.53779 -4.45541
-3.54468 -4.45967
-3.55024 -4.46546
-3.55673 -4.47019
-3.56273 -4.47547
-3.56883 -4.48063
-3.57407 -4.48679
-3.58053 -4.49154
-3.58658 -4.49677
-3.59245 -4.5022
-3.59816 -4.50782
-3.60487 -4.51229
-3.61034 -4.51818
-3.61648 -4.52329
-3.62268 -4.52835
-3.628 -4.53441
-3.63415 -4.53952
-3.6407 -4.54417
-3.64593 -4.55034
-3.6529 -4.55451
-3.65807 -4.56074
-3.66455 -4.56547
-3.67082 -4.57046
-3.67628 -4.57635
-3.6819 -4.58207
-3.68843 -4.58675
-3.69488 -4.59152
-3.70001 -4.59779
-3.70629 -4.60275
-3.71287 -4.60737
-3.71805 -4.6136
-3.72497 -4.61782
-3.73017 -4.62402
-3.73714 -4.6282
-3.74264 -4.63405
-3.74912 -4.63879
-3.75404 -4.6453
-3.7608 -4.64972
-3.76611 -4.65579
-3.77207 -4.66111
-3.77893 -4.66541
-3.7841 -4.67165
-3.79028 -4.67673
-3.79654 -4.68171
-3.80321 -4.68622
-3.80866 -4.69214
-3.81525 -4.69674
-3.82056 -4.70282
-3.82692 -4.70768
-3.83326 -4.71258
-3.83949 -4.7176
-3.84492 -4.72354
-3.8512 -4.72849
-3.85678 -4.73426
-3.86324 -4.73902
-3.86821 -4.74512
-3.87344 -4.75014
-3.87653 -4.75651
-3.88092 -4.76216
-3.88359 -4.76838
-3.88529 -4.77507
-3.88832 -4.78101
-3.8911 -4.78656
-3.89245 -4.79248
-3.89302 -4.79717
-3.89375 -4.80181
-3.89419 -4.80962
-3.8944 -4.81742
-3.89372 -4.82524
-3.89457 -4.83304
-3.89466 -4.84084
-3.89542 -4.84864
-3.89452 -4.85646
-3.89516 -4.86426
-3.8941 -4.87208
-3.89521 -4.87988
-3.89439 -4.8877
-3.89447 -4.8955
-3.89576 -4.9033
-3.89565 -4.91111
-3.89527 -4.91892
-3.89467 -4.92673
-3.89534 -4.93454
-3.89535 -4.94234
-3.89507 -4.95015
-3.89599 -4.95795
-3.89604 -4.96576
-3.89657 -4.97356
-3.89543 -4.98138
-3.89538 -4.98919
-3.89661 -4.99699
-3.89662 -5.0048
-3.89721 -5.0126
-3.89585 -5.02042
-3.89685 -5.02822
-3.89731 -5.03602
-3.89645 -5.04384
-3.89604 -5.05165
-3.89633 -5.05945
-3.89749 -5.06725
-3.89721 -5.07506
-3.89772 -5.08287
-3.89727 -5.0907
-3.89651 -5.09574
-3.89644 -5.10091
-3.89351 -5.10666
-3.89217 -5.11287
-3.88918 -5.11916
-3.88624 -5.12546
-3.88397 -5.13208
-3.88058 -5.13734
-3.87763 -5.14286
-3.8743 -5.14808
-3.86857 -5.15362
-3.86211 -5.15832
-3.85686 -5.16439
-3.85006 -5.16872
-3.84457 -5.17452
-3.83866 -5.17985
-3.83249 -5.18488
-3.82658 -5.19021
-3.82061 -5.19547
-3.81471 -5.20081
-3.80841 -5.2057
-3.80248 -5.211
-3.79702 -5.21683
-3.79168 -5.2228
-3.78567 -5.22801
-3.77985 -5.23344
-3.77357 -5.23835
-3.76809 -5.24417
-3.76144 -5.24866
-3.75523 -5.25364
-3.74922 -5.25886
-3.74306 -5.26391
-3.73777 -5.26993
-3.73115 -5.27446
-3.72604 -5.28069
-3.72003 -5.2859
-3.71402 -5.29112
-3.70763 -5.2959
-3.70231 -5.30189
-3.6956 -5.30632
-3.68967 -5.31163
-3.68424 -5.31749
-3.67896 -5.32353
-3.673 -5.3288
-3.6667 -5.33368
-3.66027 -5.33843
-3.65407 -5.34344
-3.64875 -5.34942
-3.64213 -5.35395
-3.6369 -5.36004
-3.63061 -5.36494
-3.62472 -5.37029
-3.61921 -5.37607
-3.61263 -5.38064
-3.60673 -5.38598
-3.60063 -5.39109
-3.59539 -5.39717
-3.58931 -5.40231
-3.58383 -5.40812
-3.57704 -5.41245
-3.57107 -5.41771
-3.56518 -5.42307
-3.55941 -5.42855
-3.55386 -5.43428
-3.54761 -5.43923
-3.54435 -5.44146
-3.5443 -5.4414
-3.54377 -5.44088
-3.54321 -5.4404
-3.54262 -5.43995
-3.542 -5.43953
-3.54136 -5.43916
-3.5407 -5.43882
-3.54002 -5.43853
-3.53932 -5.43828
-3.53861 -5.43808
-3.53788 -5.43791
-3.53715 -5.4378
-3.53641 -5.43772
-3.53567 -5.4377
-3.53493 -5.43772
-3.53419 -5.43779
-3.53346 -5.4379
-3.52393 -5.43965
-3.52332 -5.43978
-3.52272 -5.43994
-3.52212 -5.44013
-3.52154 -5.44035
-3.52096 -5.4406
-3.49012 -5.45463
-3.48948 -5.45495
-3.48885 -5.45531
-3.48825 -5.45571
-3.48768 -5.45614
-3.48713 -5.4566
-3.48661 -5.4571
-3.48612 -5.45763
-3.48566 -5.45818
-3.48524 -5.45877
-3.48485 -5.45937
-3.48063 -5.46645
-3.4803 -5.46704
-3.46559 -5.49699
-3.46526 -5.49766
-3.46497 -5.49834
-3.46473 -5.49905
-3.46454 -5.49976
-3.46438 -5.50049
-3.46428 -5.50122
-3.46421 -5.50196
-3.4642 -5.5027
-3.46423 -5.50345
-3.4643 -5.50418
-3.46442 -5.50492
-3.46459 -5.50564
-3.4648 -5.50635
-3.46505 -5.50705
-3.46535 -5.50773
-3.46569 -5.50839
-3.46607 -5.50903
-3.46648 -5.50964
-3.46694 -5.51023
-3.4671 -5.51042
-3.4671 -5.51042
-3.46417 -5.51302
-3.45786 -5.5179
-3.45185 -5.52311
-3.44601 -5.52852
-3.4402 -5.53396
-3.43506 -5.54014
-3.42808 -5.54427
-3.42266 -5.55015
-3.4167 -5.55542
-3.4105 -5.56042
-3.40525 -5.56649
-3.39932 -5.5718
-3.39332 -5.57702
-3.3868 -5.58166
-3.3805 -5.58655
-3.3753 -5.59268
-3.36949 -5.59812
-3.36359 -5.60345
-3.35789 -5.60901
-3.35195 -5.61431
-3.34561 -5.61915
-3.33896 -5.62365
-3.33423 -5.6303
-3.32702 -5.63416
-3.32129 -5.6397
-3.31541 -5.64506
-3.30925 -5.6501
-3.30403 -5.6562
-3.29736 -5.66068
-3.29157 -5.66615
-3.28571 -5.67152
-3.27986 -5.67692
-3.27411 -5.68243
-3.26758 -5.68705
-3.26179 -5.69251
-3.25572 -5.69766
-3.25082 -5.70412
-3.24456 -5.70906
-3.23825 -5.71394
-3.23239 -5.71933
-3.22703 -5.72526
-3.22086 -5.7303
-3.21456 -5.73519
-3.20915 -5.74108
-3.20298 -5.74612
-3.19647 -5.75077
-3.19157 -5.75723
-3.18448 -5.76123
-3.1792 -5.76727
-3.17364 -5.77298
-3.16692 -5.7774
-3.16101 -5.7827
-3.15611 -5.78775
-3.15459 -5.78927
-3.14658 -5.79089
-3.13957 -5.79483
-3.13204 -5.79756
-3.12459 -5.80048
-3.11736 -5.80392
-3.11047 -5.80813
-3.10278 -5.81051
-3.09523 -5.81317
-3.08785 -5.81627
-3.08121 -5.82107
-3.07335 -5.82303
-3.06575 -5.82561
-3.05839 -5.82873
-3.05116 -5.83217
-3.04385 -5.83541
-3.03653 -5.83863
-3.02934 -5.84215
-3.02167 -5.84456
-3.01468 -5.84856
-3.00758 -5.8523
-3.00001 -5.85492
-2.99272 -5.85823
-2.9854 -5.86145
-2.97766 -5.86369
-2.97055 -5.8674
-2.96352 -5.8713
-2.95601 -5.87407
-2.94833 -5.87646
-2.94157 -5.88098
-2.93401 -5.88364
-2.92637 -5.88614
-2.91911 -5.88948
-2.91212 -5.89348
-2.90447 -5.89593
-2.89728 -5.89946
-2.89009 -5.90298
-2.88249 -5.90556
-2.87507 -5.90854
-2.86753 -5.91124
-2.86047 -5.91508
-2.85289 -5.9177
-2.84607 -5.92208
-2.83812 -5.92385
-2.83118 -5.92795
-2.82385 -5.93114
-2.81658 -5.93448
-2.80883 -5.93672
-2.80158 -5.9401
-2.79417 -5.94311
-2.78681 -5.94624
-2.77943 -5.94931
-2.77244 -5.95331
-2.76459 -5.95529
-2.75749 -5.95903
-2.75049 -5.963
-2.74259 -5.96486
-2.73557 -5.96878
-2.72818 -5.97184
-2.72107 -5.97557
-2.71325 -5.97761
-2.70648 -5.98213
-2.69896 -5.98487
-2.69137 -5.98747
-2.6838 -5.99011
-2.67656 -5.99351
-2.66919 -5.99662
-2.66223 -6.00068
-2.65452 -6.00299
-2.64748 -6.00688
-2.63973 -6.0091
-2.63225 -6.01195
-2.62492 -6.01514
-2.61834 -6.02008
-2.61043 -6.02194
-2.6031 -6.02512
-2.59579 -6.02838
-2.58864 -6.03201
-2.58132 -6.03523
-2.57424 -6.039
-2.56657 -6.04142
-2.55917 -6.04445
-2.55221 -6.04851
-2.54424 -6.05021
-2.53684 -6.05326
-2.52992 -6.0574
-2.52266 -6.06076
-2.51495 -6.06307
-2.50812 -6.06744
-2.50011 -6.06906
-2.49338 -6.07365
-2.48585 -6.07639
-2.47834 -6.07917
-2.47126 -6.08294
-2.46368 -6.08557
-2.45628 -6.08861
-2.44935 -6.09274
-2.44133 -6.09433
-2.43446 -6.0986
-2.42669 -6.10076
-2.41967 -6.1047
