2.15011 -6.109
2.15733 -6.10568
2.16456 -6.10239
2.17161 -6.09868
2.17897 -6.09569
2.18655 -6.0932
2.19392 -6.09022
2.20122 -6.08708
2.20851 -6.08394
2.21531 -6.07964
2.22259 -6.07647
2.23039 -6.07448
2.23751 -6.07094
2.2447 -6.06756
2.25203 -6.06448
2.25964 -6.06207
2.26646 -6.05782
2.27382 -6.05483
2.28116 -6.05179
2.2884 -6.04853
2.29606 -6.04621
2.30316 -6.04261
2.3103 -6.03913
2.3176 -6.03597
2.32477 -6.03255
2.33235 -6.03007
2.33977 -6.0272
2.34701 -6.02394
2.35411 -6.02034
2.3616 -6.01765
2.3684 -6.01335
2.37562 -6.01005
2.38298 -6.00706
2.39051 -6.00443
2.39738 -6.00032
2.40468 -5.99719
2.41196 -5.994
2.41937 -5.99114
2.42671 -5.98809
2.43434 -5.98571
2.44113 -5.9814
2.44856 -5.97857
2.45584 -5.97539
2.46321 -5.97241
2.47069 -5.9697
2.47738 -5.96516
2.48497 -5.96268
2.49268 -5.9605
2.49968 -5.95668
2.50719 -5.95403
2.51432 -5.9505
2.52181 -5.94781
2.52912 -5.94468
2.53568 -5.93987
2.54341 -5.93771
2.55065 -5.93444
2.55749 -5.93026
2.56551 -5.92876
2.57281 -5.92563
2.57978 -5.92176
2.58697 -5.91837
2.59431 -5.91533
2.60174 -5.91248
2.60863 -5.90841
2.61577 -5.90491
2.62305 -5.90173
2.63044 -5.89881
2.63814 -5.89659
2.64496 -5.89234
2.65246 -5.88968
2.65943 -5.8858
2.66675 -5.88269
2.67407 -5.87962
2.68159 -5.87699
2.68927 -5.87471
2.69605 -5.8704
2.70385 -5.8684
2.71115 -5.86528
2.71844 -5.86212
2.72506 -5.85741
2.73296 -5.85567
2.7401 -5.85216
2.747 -5.84812
2.75473 -5.84596
2.76203 -5.84282
2.76891 -5.83873
2.776 -5.83513
2.78329 -5.83196
2.79065 -5.82896
2.79843 -5.82694
2.80566 -5.82364
2.81303 -5.82066
2.82024 -5.81731
2.82738 -5.81382
2.83494 -5.81128
2.84159 -5.80665
2.84943 -5.80447
2.85448 -5.80048
2.8595 -5.79642
2.86515 -5.79083
2.87067 -5.78509
2.87736 -5.78064
2.88332 -5.77538
2.88905 -5.76988
2.89456 -5.76414
2.90032 -5.75866
2.90608 -5.75319
2.91182 -5.7477
2.91791 -5.74258
2.92399 -5.73747
2.92893 -5.7311
2.93567 -5.7267
2.94186 -5.72169
2.94669 -5.71521
2.95299 -5.71033
2.95823 -5.70429
2.96539 -5.70035
2.97104 -5.69476
2.9759 -5.6883
2.98295 -5.68424
2.98778 -5.67775
2.99336 -5.67208
2.99984 -5.66739
3.00624 -5.66263
3.01203 -5.65718
3.01691 -5.65075
3.02366 -5.64636
3.02918 -5.64063
3.03532 -5.63557
3.04067 -5.62966
3.04621 -5.62395
3.052 -5.61851
3.0582 -5.61351
3.06462 -5.60876
3.06995 -5.60282
3.07626 -5.59795
3.08216 -5.59263
3.0875 -5.58671
3.09351 -5.5815
3.09964 -5.57643
3.10483 -5.57034
3.11073 -5.56503
3.11762 -5.56078
3.12262 -5.55448
3.1289 -5.54958
3.1351 -5.54459
3.14049 -5.53871
3.14693 -5.53398
3.15274 -5.52857
3.15743 -5.52193
3.16373 -5.51704
3.16922 -5.51128
3.17582 -5.50673
3.18078 -5.50038
3.18705 -5.49547
3.19336 -5.49059
3.19839 -5.48433
3.20479 -5.47956
3.21042 -5.47395
3.2165 -5.46881
3.22297 -5.46412
3.2283 -5.45818
3.23407 -5.45272
3.23973 -5.44714
3.24565 -5.44185
3.25173 -5.43672
3.25755 -5.43132
3.26399 -5.42658
3.26864 -5.4199
3.27572 -5.41587
3.28041 -5.40924
3.28666 -5.40429
3.29311 -5.39958
3.29893 -5.39418
3.30459 -5.3886
3.31067 -5.38347
3.31618 -5.37772
3.32179 -5.3721
3.32821 -5.36734
3.3337 -5.36157
3.33997 -5.35666
3.34488 -5.35026
3.35124 -5.34545
3.3573 -5.34031
3.36344 -5.33524
3.36825 -5.32873
3.37414 -5.3234
3.38049 -5.31858
3.38689 -5.31381
3.39237 -5.30803
3.39769 -5.30208
3.40375 -5.29694
3.41029 -5.29231
3.41513 -5.28584
3.42195 -5.28152
3.42672 -5.27497
3.43312 -5.2702
3.43961 -5.26552
3.44549 -5.26019
3.45037 -5.25375
3.45699 -5.24922
3.46226 -5.24321
3.46799 -5.23771
3.47403 -5.23254
3.4796 -5.22686
3.48657 -5.22271
3.49148 -5.21631
3.49825 -5.21194
3.50381 -5.20625
3.50936 -5.20056
3.51514 -5.1951
3.52057 -5.18928
3.52684 -5.18436
3.53288 -5.1792
3.53896 -5.17407
3.54454 -5.1684
3.55045 -5.1631
3.55583 -5.15721
3.56195 -5.15213
3.56775 -5.1467
3.57376 -5.1415
3.57963 -5.13615
3.58525 -5.13053
3.59097 -5.12502
3.5978 -5.12071
3.60352 -5.1152
3.6095 -5.10996
3.61515 -5.10421
3.61705 -5.10018
3.61949 -5.09648
3.62211 -5.09224
3.62327 -5.08739
3.62517 -5.07994
3.62848 -5.07292
3.62854 -5.06518
3.62908 -5.05726
3.62786 -5.04938
3.6278 -5.04147
3.62781 -5.03357
3.62803 -5.02566
3.62843 -5.01774
3.62861 -5.00983
3.6272 -5.00195
3.62675 -4.99406
3.62667 -4.98615
3.62702 -4.97824
3.62662 -4.97034
3.62671 -4.96243
3.62754 -4.95451
3.62625 -4.94663
3.62565 -4.93873
3.62566 -4.93083
3.62559 -4.92292
3.62589 -4.91501
3.62675 -4.90709
3.62668 -4.89918
3.62643 -4.89128
3.62458 -4.88341
3.62608 -4.87547
3.62443 -4.8676
3.62442 -4.85969
3.62577 -4.85176
3.62449 -4.84388
3.62496 -4.83596
3.62457 -4.82806
3.62342 -4.82018
3.62509 -4.81224
3.62495 -4.80434
3.62335 -4.79646
3.62432 -4.78854
3.62269 -4.78066
3.62243 -4.77276
3.62284 -4.76485
3.62256 -4.75694
3.62347 -4.74902
3.62299 -4.74112
3.62347 -4.73321
3.6215 -4.72543
3.62238 -4.72055
3.62097 -4.71602
3.62024 -4.71004
3.61772 -4.70465
3.61625 -4.69888
3.61323 -4.6942
3.61187 -4.68879
3.60745 -4.68333
3.60152 -4.67798
3.59575 -4.67244
3.59038 -4.66645
3.58374 -4.66192
3.57738 -4.65708
3.57177 -4.65135
3.56601 -4.64581
3.55953 -4.6411
3.55296 -4.63649
3.54725 -4.63089
3.54196 -4.6248
3.536 -4.61948
3.52971 -4.61455
3.52327 -4.6098
3.51721 -4.6046
3.51132 -4.5992
3.50561 -4.5936
3.49967 -4.58826
3.49337 -4.58335
3.48756 -4.57785
3.4812 -4.57301
3.4751 -4.56786
3.46874 -4.563
3.46271 -4.55778
3.4572 -4.55194
3.45039 -4.54761
3.44492 -4.54172
3.43832 -4.53716
3.43229 -4.53193
3.42631 -4.52663
3.42087 -4.52072
3.4141 -4.51634
3.40876 -4.51031
3.40196 -4.50597
3.39708 -4.49941
3.39026 -4.49509
3.38465 -4.48937
3.3779 -4.48497
3.37181 -4.4798
3.36573 -4.47464
3.36026 -4.46875
3.35464 -4.46304
3.34775 -4.45881
3.34227 -4.45294
3.33549 -4.44858
3.32997 -4.44276
3.32441 -4.43697
3.31738 -4.4329
3.31134 -4.42768
3.30628 -4.42133
3.30004 -4.41634
3.29376 -4.4114
3.2876 -4.40631
3.28136 -4.40132
3.27554 -4.39584
3.26992 -4.39015
3.26403 -4.38475
3.25798 -4.37953
3.25158 -4.37474
3.24515 -4.36996
3.23922 -4.36462
3.23357 -4.35894
3.22743 -4.35384
3.22158 -4.3484
3.21563 -4.34307
3.20931 -4.33817
3.20269 -4.33362
3.19689 -4.32812
3.19166 -4.32196
3.18504 -4.31742
3.17956 -4.31155
3.17268 -4.3073
3.16628 -4.3025
3.16117 -4.2962
3.1553 -4.29078
3.1485 -4.28644
3.14324 -4.28032
3.13687 -4.27548
3.13022 -4.27097
3.12485 -4.26497
3.11849 -4.26012
3.11284 -4.25445
3.10638 -4.24971
3.10042 -4.24439
3.09374 -4.23992
3.08782 -4.23455
3.08207 -4.229
3.07638 -4.22338
3.07063 -4.21782
3.06383 -4.21348
3.05779 -4.20826
3.05248 -4.20219
3.04576 -4.19776
3.03962 -4.19265
3.03408 -4.18685
3.02812 -4.18154
3.02209 -4.17631
3.01614 -4.17098
3.00941 -4.16655
3.00413 -4.16046
2.99725 -4.15621
2.99107 -4.15115
2.98582 -4.14502
2.98007 -4.13946
2.97391 -4.13438
2.96737 -4.12974
2.96082 -4.12511
2.95583 -4.11867
2.94921 -4.11412
2.94352 -4.1085
2.93762 -4.10311
2.93124 -4.09828
2.92542 -4.09281
2.9195 -4.08745
2.91249 -4.08335
2.90742 -4.07701
2.90078 -4.07248
2.89445 -4.06759
2.88879 -4.06194
2.88285 -4.0566
2.87723 -4.05089
2.8706 -4.04636
2.86411 -4.04165
2.85858 -4.03584
2.85225 -4.03096
2.84716 -4.02464
2.84026 -4.02041
2.83495 -4.01435
2.82804 -4.01013
2.82287 -4.00391
2.81573 -3.99995
2.80996 -3.99442
2.80422 -3.98885
2.79761 -3.98429
2.79279 -3.97766
2.78615 -3.97313
2.77957 -3.96854
2.77359 -3.96325
2.76778 -3.95776
2.76227 -3.95193
2.75607 -3.94689
2.74988 -3.94184
2.74381 -3.93666
2.73745 -3.93181
2.73182 -3.92611
2.72567 -3.92102
2.71995 -3.91543
2.71406 -3.91003
2.70754 -3.90537
2.70114 -3.90056
2.69607 -3.89422
2.68995 -3.88909
2.6832 -3.88469
2.67724 -3.87938
2.6709 -3.87451
2.66536 -3.86871
2.6589 -3.86397
2.65337 -3.85817
2.64701 -3.85331
2.64101 -3.84804
2.63573 -3.84194
2.62905 -3.83746
2.62336 -3.83184
2.61685 -3.82716
2.61033 -3.82249
2.60507 -3.81637
2.59846 -3.81181
2.59311 -3.80579
2.58736 -3.80023
2.58137 -3.79496
2.57517 -3.78992
2.5681 -3.7859
2.56275 -3.77987
2.55679 -3.77456
2.55113 -3.7689
2.54405 -3.76488
2.53904 -3.75847
2.53191 -3.75451
2.526 -3.74913
2.5197 -3.74422
2.51477 -3.73771
2.50758 -3.73382
2.50223 -3.7278
2.49634 -3.72241
2.49002 -3.71752
2.48383 -3.71247
2.47774 -3.7073
2.47203 -3.7017
2.46617 -3.69627
2.46045 -3.69068
2.45324 -3.68681
2.44757 -3.68116
2.44195 -3.67545
2.43603 -3.6701
2.42964 -3.66528
2.4237 -3.65994
2.41768 -3.65471
2.41114 -3.65006
2.40519 -3.64473
2.39956 -3.63903
2.39352 -3.63381
2.3876 -3.62845
2.38135 -3.62348
2.37535 -3.61821
2.36968 -3.61256
2.36295 -3.60814
2.35651 -3.60338
2.35104 -3.5975
2.34516 -3.59209
2.33868 -3.58738
2.33252 -3.5823
2.3268 -3.57671
2.32088 -3.57135
2.31502 -3.56593
2.30896 -3.56072
2.30262 -3.55585
2.29629 -3.55096
2.29057 -3.54537
2.28428 -3.54045
2.27844 -3.53499
2.27298 -3.5291
2.26656 -3.52432
2.26108 -3.51844
2.25473 -3.51359
2.24813 -3.50902
2.24232 -3.50352
2.23629 -3.49829
2.23083 -3.4924
2.22416 -3.48791
2.21809 -3.48272
2.21172 -3.47789
2.20639 -3.47185
2.19983 -3.46723
2.19354 -3.46229
2.18733 -3.45727
2.18189 -3.45135
2.17637 -3.44554
2.16957 -3.44119
2.16358 -3.43591
2.15732 -3.43094
2.1522 -3.42466
2.14536 -3.42037
2.14024 -3.41408
2.13393 -3.40917
2.12742 -3.4045
2.12172 -3.39887
2.11563 -3.39372
2.10923 -3.38891
2.10321 -3.38367
2.09744 -3.37814
2.09093 -3.37346
2.08509 -3.368
2.07938 -3.3624
2.07256 -3.35808
2.06733 -3.35192
2.06106 -3.34697
2.05558 -3.3411
2.04864 -3.33693
2.04232 -3.33203
2.0365 -3.32655
2.03046 -3.32133
2.02478 -3.3157
2.01938 -3.30973
2.01281 -3.30513
2.00649 -3.30022
2.00023 -3.29527
1.9945 -3.28968
1.98864 -3.28426
1.98285 -3.27874
1.97672 -3.27363
1.9707 -3.26838
1.96449 -3.26336
1.95784 -3.25884
1.95182 -3.2536
1.94633 -3.24775
1.94075 -3.24199
1.93407 -3.23751
1.92842 -3.23183
1.92206 -3.22699
1.91571 -3.22212
1.91024 -3.21625
1.9043 -3.21091
1.89836 -3.20557
1.89157 -3.20122
1.8854 -3.19615
1.87931 -3.19099
1.87373 -3.18523
1.86785 -3.17983
1.86218 -3.17417
1.85552 -3.16967
1.84917 -3.16481
1.84406 -3.15851
1.83766 -3.15371
1.83197 -3.14809
1.82571 -3.14311
1.81895 -3.13873
1.81399 -3.13225
1.80748 -3.12758
1.80102 -3.12285
1.79538 -3.11716
1.78867 -3.11272
1.78354 -3.10645
1.7766 -3.10227
1.77149 -3.09597
1.76484 -3.09146
1.75942 -3.08551
1.75319 -3.08051
1.74713 -3.07531
1.74072 -3.07052
1.73465 -3.06534
1.72842 -3.06033
1.72268 -3.05477
1.71601 -3.05027
1.71035 -3.04462
1.70461 -3.03905
1.69879 -3.03357
1.69185 -3.02939
1.68686 -3.02296
1.68094 -3.0176
1.67483 -3.01246
1.6683 -3.00781
1.66227 -3.00257
1.65633 -2.99724
1.65072 -2.99152
1.64423 -2.98682
1.63825 -2.98153
1.63151 -2.97711
1.62605 -2.97122
1.61997 -2.96605
1.61399 -2.96076
1.60762 -2.95592
1.60241 -2.94974
1.5962 -2.94472
1.58959 -2.94016
1.58435 -2.93401
1.57716 -2.93012
1.57214 -2.92372
1.56499 -2.91978
1.56018 -2.91314
1.55299 -2.90925
1.54702 -2.90394
1.5413 -2.89835
1.53498 -2.89346
1.52926 -2.88787
1.52311 -2.88277
1.51711 -2.8775
1.51143 -2.87187
1.50539 -2.86665
1.4986 -2.8623
1.49312 -2.85643
1.48653 -2.85183
1.48112 -2.84589
1.47538 -2.84032
1.46899 -2.8355
1.46326 -2.82992
1.45681 -2.82518
1.45053 -2.82024
1.44443 -2.81509
1.43834 -2.80993
1.43217 -2.80485
1.42674 -2.79892
1.42115 -2.79318
1.41401 -2.78924
1.40801 -2.78397
1.40283 -2.77775
1.39701 -2.77228
1.39088 -2.76716
1.38408 -2.76282
1.37858 -2.75698
1.37276 -2.75149
1.36651 -2.74652
1.3596 -2.7423
1.35353 -2.73712
1.34798 -2.73133
1.34188 -2.72618
1.33657 -2.72011
1.33057 -2.71485
1.32387 -2.71039
1.31763 -2.7054
1.31165 -2.70011
1.30551 -2.69501
1.29952 -2.68973
1.29425 -2.68361
1.28812 -2.6785
1.28141 -2.67406
1.27512 -2.66912
1.27011 -2.66272
1.26333 -2.65835
1.25753 -2.65284
1.25203 -2.647
1.24573 -2.64209
1.23971 -2.63684
1.23323 -2.63213
1.22746 -2.62659
1.22136 -2.62144
1.2157 -2.61578
1.20849 -2.61191
1.20265 -2.60646
1.19698 -2.60081
1.19044 -2.59617
1.18548 -2.5897
1.17924 -2.58471
1.17254 -2.58025
1.16635 -2.57521
1.16077 -2.56945
1.15533 -2.56354
1.14827 -2.5595
1.14269 -2.55374
1.1371 -2.548
1.13104 -2.5428
1.12439 -2.53829
1.11881 -2.53253
1.11222 -2.52795
1.10686 -2.52194
1.10007 -2.51759
1.09463 -2.51168
1.08818 -2.50693
1.08284 -2.5009
1.07628 -2.49628
1.06964 -2.49176
1.06404 -2.48602
1.0585 -2.48022
1.05236 -2.47512
1.0458 -2.4705
1.03985 -2.46517
1.03388 -2.45987
1.02755 -2.45498
1.02151 -2.44977
1.01609 -2.44383
1.00919 -2.43961
1.00384 -2.43358
0.998196 -2.4279
0.991124 -2.42388
0.986078 -2.41751
0.979177 -2.41328
0.974047 -2.40701
0.967014 -2.40294
0.961732 -2.39684
0.955424 -2.39193
0.949129 -2.387
0.942873 -2.38203
0.936665 -2.37701
0.930722 -2.37167
0.92464 -2.3665
0.918981 -2.36084
0.913044 -2.3555
0.906802 -2.35051
0.90101 -2.345
0.89518 -2.33954
0.88949 -2.33391
0.882719 -2.32954
0.877042 -2.3239
0.871336 -2.31829
0.864093 -2.31446
0.859269 -2.30783
0.851958 -2.30408
0.846201 -2.29854
0.840612 -2.29279
0.834441 -2.28772
0.828834 -2.282
0.822256 -2.2774
0.816023 -2.27241
0.810283 -2.26684
0.8049 -2.26086
0.797749 -2.25692
0.792724 -2.25053
0.78549 -2.24669
0.779681 -2.2412
0.773932 -2.23564
0.767496 -2.23088
0.762227 -2.22477
0.756274 -2.21945
0.750082 -2.2144
0.743674 -2.20961
0.738117 -2.20383
0.732247 -2.19841
0.725318 -2.19422
0.719027 -2.18929
0.713745 -2.18319
0.707271 -2.17847
0.701541 -2.17289
0.695607 -2.16755
0.689394 -2.16253
0.68731 -2.15986
0.68066 -2.15542
0.674103 -2.15086
0.667673 -2.14614
0.66233 -2.14004
0.655293 -2.13609
0.648991 -2.13121
0.643299 -2.12555
0.636645 -2.12111
0.630328 -2.11625
0.623714 -2.11176
0.618274 -2.10578
0.612115 -2.10072
0.605105 -2.09673
0.599303 -2.09121
0.592275 -2.08725
0.58682 -2.08129
0.58026 -2.07674
0.574403 -2.07129
0.56776 -2.06684
0.562104 -2.06113
0.55491 -2.05738
0.549551 -2.0513
0.542145 -2.04782
0.535911 -2.04285
0.530124 -2.03731
0.523879 -2.03236
0.517969 -2.02698
0.51093 -2.02303
0.50553 -2.017
0.498675 -2.01282
0.49308 -2.00704
0.486225 -2.00286
0.479683 -1.99828
0.473499 -1.99325
0.467284 -1.98825
0.460776 -1.98363
0.455182 -1.97785
0.449189 -1.97257
0.44258 -1.96808
0.435895 -1.96368
0.429355 -1.9591
0.42359 -1.95353
0.417197 -1.94877
0.41099 -1.94376
0.405241 -1.93817
0.397914 -1.9346
0.392741 -1.92827
0.386254 -1.92363
0.379865 -1.91885
0.373684 -1.91382
0.367615 -1.90864
0.36078 -1.90443
0.354978 -1.89891
0.348792 -1.89388
0.341931 -1.88971
0.336084 -1.88425
0.329222 -1.88008
0.323578 -1.87435
0.31666 -1.87026
0.31134 -1.86412
0.304709 -1.85966
0.29811 -1.85515
0.292434 -1.84947
0.28514 -1.84585
0.27931 -1.84037
0.273186 -1.83526
0.266267 -1.83116
0.260097 -1.82611
0.253791 -1.82123
0.24801 -1.81568
0.241411 -1.81118
0.235435 -1.80588
0.228669 -1.80159
0.223142 -1.79572
0.217021 -1.7906
0.209835 -1.78684
0.203637 -1.78183
0.198149 -1.77591
0.191339 -1.77167
0.185538 -1.76615
0.178958 -1.76162
0.172425 -1.75703
0.166729 -1.75138
0.159755 -1.74735
0.153587 -1.7423
0.148006 -1.73649
0.14154 -1.73182
0.135014 -1.72722
0.128709 -1.72234
0.122966 -1.71675
0.116337 -1.71228
0.11032 -1.70703
0.10421 -1.70191
0.098198 -1.69665
0.0918291 -1.69186
0.0850868 -1.68753
0.0791926 -1.68213
0.0731074 -1.67697
0.0657184 -1.67347
0.0605555 -1.66714
0.0533204 -1.66344
0.047225 -1.6583
0.0417596 -1.65235
0.0353698 -1.64758
0.0287306 -1.64312
0.0226554 -1.63795
0.015564 -1.63407
0.00924139 -1.62921
0.00400873 -1.62297
-0.00271333 -1.61954
-0.0106489 -1.61794
-0.0185845 -1.61854
-0.0265201 -1.61901
-0.0344557 -1.61912
-0.0423914 -1.6183
-0.050327 -1.61812
-0.0582626 -1.61853
-0.0661982 -1.61877
-0.0741338 -1.61913
-0.0820694 -1.61912
-0.090005 -1.61919
-0.0979406 -1.6179
-0.105876 -1.6187
-0.113812 -1.61882
-0.121747 -1.61907
-0.129199 -1.61921
-0.135864 -1.62361
-0.141524 -1.62923
-0.148377 -1.63341
-0.154238 -1.63878
-0.160136 -1.64412
-0.166206 -1.64924
-0.172541 -1.65404
-0.178664 -1.6591
-0.184892 -1.66403
-0.19074 -1.66943
-0.196507 -1.67492
-0.203324 -1.67914
-0.209791 -1.68378
-0.215854 -1.68891
-0.222125 -1.69379
-0.228242 -1.69886
-0.233343 -1.70516
-0.239717 -1.70991
-0.246043 -1.71473
-0.252485 -1.7194
-0.25782 -1.72542
-0.264394 -1.72993
-0.270497 -1.73501
-0.276824 -1.73983
-0.283327 -1.74443
-0.289087 -1.74993
-0.294613 -1.75571
-0.301295 -1.76009
-0.307586 -1.76495
-0.313124 -1.77072
-0.319422 -1.77556
-0.326359 -1.77964
-0.331634 -1.78572
-0.33778 -1.79076
-0.343796 -1.79595
-0.350912 -1.7998
-0.356179 -1.8059
-0.362052 -1.81126
-0.368542 -1.81588
-0.375106 -1.8204
-0.381553 -1.82507
-0.386473 -1.83159
-0.393796 -1.83519
-0.399924 -1.84025
-0.405593 -1.84586
-0.41158 -1.85108
-0.417459 -1.85644
-0.424359 -1.86055
-0.430004 -1.86619
-0.436562 -1.87073
-0.442386 -1.87615
-0.448109 -1.88169
-0.454946 -1.88589
-0.460189 -1.89201
-0.466929 -1.89633
-0.472581 -1.90196
-0.4788 -1.9069
-0.484721 -1.91221
-0.491099 -1.91696
-0.4974 -1.9218
-0.503794 -1.92653
-0.510229 -1.93121
-0.515629 -1.93715
-0.522136 -1.94174
-0.527549 -1.94766
-0.534125 -1.95218
-0.540703 -1.95668
-0.545911 -1.96285
-0.55214 -1.96778
-0.559106 -1.97182
-0.564574 -1.97768
-0.570777 -1.98264
-0.576487 -1.9882
-0.582889 -1.99292
-0.589025 -1.99796
-0.595033 -2.00316
-0.601903 -2.00732
-0.608115 -2.01227
-0.614068 -2.01753
-0.619822 -2.02304
-0.626695 -2.02719
-0.63209 -2.03313
-0.638039 -2.03841
-0.644669 -2.04285
-0.650135 -2.04871
-0.657008 -2.05286
-0.66277 -2.05835
-0.668734 -2.06361
-0.675392 -2.06802
-0.681212 -2.07345
-0.687623 -2.07816
-0.693372 -2.08367
-0.699242 -2.08904
-0.705488 -2.09395
-0.711859 -2.09871
-0.718592 -2.10303
-0.723949 -2.10902
-0.730498 -2.11356
-0.736482 -2.11879
-0.742926 -2.12346
-0.74881 -2.12881
-0.755107 -2.13366
-0.761301 -2.13863
-0.76658 -2.14471
-0.772639 -2.14985
-0.779441 -2.15409
-0.785728 -2.15895
-0.791601 -2.16431
-0.798059 -2.16896
-0.804248 -2.17394
-0.809374 -2.18021
-0.815576 -2.18518
-0.822359 -2.18944
-0.828803 -2.19411
-0.834865 -2.19927
-0.836169 -2.2
-0.841622 -2.20589
-0.846806 -2.21208
-0.853026 -2.21712
-0.859545 -2.22184
-0.865703 -2.22695
-0.871524 -2.23244
-0.877543 -2.23771
-0.883528 -2.24301
-0.888941 -2.24894
-0.894177 -2.25507
-0.901144 -2.2593
-0.906938 -2.26481
-0.913116 -2.2699
-0.918423 -2.27596
-0.923846 -2.28188
-0.93053 -2.28641
-0.936456 -2.29178
-0.941705 -2.2979
-0.947817 -2.30306
-0.953545 -2.30865
-0.960271 -2.31314
-0.96626 -2.31844
-0.97203 -2.32398
-0.977396 -2.32997
-0.983878 -2.33473
-0.98908 -2.34089
-0.995082 -2.34618
-1.00127 -2.35126
-1.00775 -2.35602
-1.01308 -2.36205
-1.01918 -2.36723
-1.02534 -2.37233
-1.03069 -2.37834
-1.03736 -2.38289
-1.04261 -2.389
-1.04863 -2.39427
-1.05425 -2.39997
-1.06005 -2.40548
-1.06582 -2.41102
-1.0727 -2.41535
-1.07782 -2.42161
-1.08384 -2.42687
-1.0895 -2.43253
-1.09613 -2.43712
-1.1012 -2.44344
-1.10799 -2.44786
-1.1134 -2.4538
-1.12021 -2.45819
-1.12586 -2.46387
-1.13168 -2.46935
-1.13743 -2.47491
-1.14325 -2.48039
-1.14872 -2.48627
-1.15573 -2.49044
-1.16125 -2.49626
-1.16671 -2.50214
-1.17336 -2.50671
-1.17894 -2.51247
-1.18523 -2.51744
-1.19077 -2.52324
-1.19628 -2.52906
-1.20183 -2.53484
-1.20835 -2.53956
-1.21444 -2.54474
-1.2206 -2.54987
-1.22632 -2.55546
-1.23231 -2.56075
-1.23782 -2.56658
-1.2439 -2.57178
-1.24978 -2.57721
-1.25499 -2.58336
-1.26208 -2.58745
-1.267 -2.59392
-1.27295 -2.59927
-1.27921 -2.60428
-1.28571 -2.60901
-1.29085 -2.61525
-1.29756 -2.61975
-1.3035 -2.62511
-1.30866 -2.63132
-1.31471 -2.63656
-1.32091 -2.64162
-1.3269 -2.64692
-1.33257 -2.65257
-1.33824 -2.65822
-1.34505 -2.66262
-1.35099 -2.66797
-1.35566 -2.67473
-1.36182 -2.67983
-1.36849 -2.68439
-1.3741 -2.6901
-1.38002 -2.69548
-1.38604 -2.70075
-1.39232 -2.70573
-1.39812 -2.71124
-1.40347 -2.71724
-1.40937 -2.72264
-1.41552 -2.72776
-1.4214 -2.73318
-1.42719 -2.7387
-1.43253 -2.74471
-1.43862 -2.74991
-1.44476 -2.75504
-1.45047 -2.76065
-1.45623 -2.7662
-1.46296 -2.77068
-1.46868 -2.77628
-1.47451 -2.78176
-1.48027 -2.7873
-1.48619 -2.79268
-1.49265 -2.79747
-1.49809 -2.80337
-1.50477 -2.8079
-1.51067 -2.81331
-1.51544 -2.81995
-1.5216 -2.82506
-1.52789 -2.83003
-1.53373 -2.8355
-1.53912 -2.84145
-1.54543 -2.8464
-1.55149 -2.85162
-1.55762 -2.85677
-1.5639 -2.86175
-1.56921 -2.86779
-1.57568 -2.87256
-1.58134 -2.87823
-1.58697 -2.88393
-1.59256 -2.88966
-1.59904 -2.89443
-1.60425 -2.90057
-1.61091 -2.90514
-1.61601 -2.91143
-1.623 -2.91562
-1.62836 -2.92161
-1.6348 -2.92641
-1.63973 -2.93289
-1.64563 -2.93828
-1.65219 -2.94296
-1.65848 -2.94792
-1.66401 -2.95373
-1.67022 -2.95878
-1.67607 -2.96423
-1.68169 -2.96995
-1.68716 -2.97581
-1.69304 -2.98124
-1.69969 -2.98581
-1.70486 -2.99201
-1.71074 -2.99743
-1.71706 -3.00236
-1.72331 -3.00737
-1.72861 -3.01343
-1.73467 -3.01865
-1.7413 -3.02325
-1.7473 -3.02854
-1.7522 -3.03504
-1.75915 -3.03928
-1.76461 -3.04516
-1.76987 -3.05126
-1.77668 -3.05566
-1.78181 -3.06191
-1.788 -3.06699
-1.79381 -3.07249
-1.80036 -3.07717
-1.80646 -3.08235
-1.8115 -3.08869
-1.81827 -3.09313
-1.82368 -3.09907
-1.83015 -3.10385
-1.83516 -3.11022
-1.84116 -3.11551
-1.84744 -3.12049
-1.85347 -3.12574
-1.85954 -3.13095
-1.86478 -3.13708
-1.87037 -3.14282
-1.87653 -3.14793
-1.88219 -3.15359
-1.88864 -3.15839
-1.89461 -3.16371
-1.90062 -3.16898
-1.90695 -3.17391
-1.91192 -3.18033
-1.91812 -3.18539
-1.9237 -3.19115
-1.92962 -3.19652
-1.93604 -3.20135
-1.9425 -3.20614
-1.94855 -3.21137
-1.95444 -3.21678
-1.95915 -3.22348
-1.96558 -3.2283
-1.97142 -3.23376
-1.97736 -3.23911
-1.98394 -3.24376
-1.98912 -3.24996
-1.99574 -3.25456
-2.00076 -3.26093
-2.00687 -3.26609
-2.01015 -3.26843
-2.00966 -3.26899
-2.0092 -3.26959
-2.00877 -3.27021
-2.00839 -3.27086
-2.00805 -3.27153
-2.00775 -3.27222
-2.0075 -3.27293
-2.00729 -3.27365
-2.00713 -3.27439
-2.00701 -3.27513
-2.00694 -3.27588
-2.00692 -3.27663
-2.00694 -3.27738
-2.00701 -3.27813
-2.00713 -3.27888
-2.0073 -3.27961
-2.00751 -3.28033
-2.01056 -3.28972
-2.01079 -3.29037
-2.01106 -3.291
-2.01136 -3.29161
-2.0117 -3.29221
-2.01207 -3.29279
-2.02574 -3.31317
-2.02618 -3.31377
-2.02667 -3.31434
-2.02718 -3.31488
-2.02773 -3.31539
-2.0381 -3.32457
-2.03863 -3.32499
-2.0392 -3.32539
-2.03978 -3.32575
-2.05536 -3.33459
-2.05602 -3.33495
-2.0567 -3.33526
-2.07277 -3.34212
-2.07346 -3.34239
-2.07417 -3.34262
-2.0749 -3.3428
-2.07563 -3.34294
-2.07637 -3.34303
-2.07711 -3.34308
-2.07786 -3.34308
-2.0786 -3.34303
-2.07934 -3.34294
-2.08007 -3.3428
-2.0808 -3.34262
-2.08151 -3.34239
-2.0822 -3.34212
-2.08288 -3.3418
-2.08353 -3.34145
-2.08416 -3.34105
-2.08477 -3.34062
-2.08535 -3.34015
-2.08589 -3.33964
-2.08641 -3.3391
-2.08689 -3.33853
-2.08689 -3.33853
-2.08964 -3.34148
-2.09573 -3.34668
-2.10143 -3.35229
-2.10707 -3.35798
-2.1136 -3.36268
-2.11978 -3.36777
-2.12589 -3.37294
-2.13116 -3.37903
-2.1372 -3.38428
-2.14313 -3.38964
-2.1491 -3.39496
-2.15448 -3.40093
-2.1615 -3.40509
-2.16647 -3.41152
-2.1731 -3.41611
-2.17916 -3.42134
-2.185 -3.4268
-2.19108 -3.432
-2.19633 -3.43811
-2.20183 -3.44395
-2.20877 -3.4482
-2.2147 -3.45357
-2.22015 -3.45947
-2.22534 -3.46565
-2.23159 -3.47066
-2.23732 -3.47624
-2.24374 -3.48107
-2.24965 -3.48645
-2.2557 -3.49169
-2.26211 -3.49653
-2.26755 -3.50243
-2.27282 -3.50852
-2.27988 -3.51264
-2.28503 -3.51887
-2.29085 -3.52435
-2.29709 -3.52938
-2.30318 -3.53457
-2.3085 -3.54061
-2.31503 -3.5453
-2.32005 -3.55167
-2.32713 -3.55578
-2.33281 -3.56141
-2.33878 -3.56673
-2.34487 -3.57193
-2.34961 -3.5786
-2.35619 -3.58325
-2.36182 -3.58895
-2.36741 -3.59468
-2.3745 -3.59878
-2.38033 -3.60425
-2.38546 -3.6105
-2.39122 -3.61605
-2.39745 -3.62108
-2.4039 -3.62587
-2.40883 -3.63234
-2.41581 -3.63655
-2.42102 -3.64271
-2.42701 -3.64801
-2.43306 -3.65324
-2.43927 -3.65829
-2.44466 -3.66426
-2.45143 -3.6687
-2.45724 -3.6742
-2.46261 -3.68017
-2.46913 -3.68489
-2.475 -3.69032
-2.48009 -3.69661
-2.48579 -3.70223
-2.49268 -3.70654
-2.49821 -3.71235
-2.50361 -3.7183
-2.50943 -3.72378
-2.51638 -3.72802
-2.52142 -3.73437
-2.52788 -3.73914
-2.53376 -3.74457
-2.53919 -3.75048
-2.54616 -3.7547
-2.5509 -3.76138
-2.55689 -3.76668
-2.56307 -3.77177
-2.56962 -3.77646
-2.57475 -3.7827
-2.5812 -3.78749
-2.58663 -3.7934
-2.59335 -3.7979
-2.59855 -3.80407
-2.60521 -3.80863
-2.6112 -3.81393
-2.61623 -3.82028
-2.62301 -3.82471
-2.62808 -3.83103
-2.63408 -3.83631
-2.63978 -3.84193
-2.64574 -3.84727
-2.65202 -3.85225
-2.65745 -3.85816
-2.66418 -3.86265
-2.66937 -3.86883
-2.67591 -3.87353
-2.68142 -3.87934
-2.68772 -3.88431
-2.69365 -3.88967
-2.69925 -3.8954
-2.70517 -3.90078
-2.71081 -3.90646
-2.71762 -3.91086
-2.72298 -3.91685
-2.72936 -3.92173
-2.73546 -3.9269
-2.74088 -3.93283
-2.74679 -3.93822
-2.7521 -3.94426
-2.7583 -3.94933
-2.76382 -3.95515
-2.77046 -3.95973
-2.7768 -3.96464
-2.78245 -3.97032
-2.78777 -3.97635
-2.79337 -3.98208
-2.79941 -3.98733
-2.80615 -3.9918
-2.81143 -3.99788
-2.81723 -4.00339
-2.82314 -4.00878
-2.82931 -4.01387
-2.83603 -4.01837
-2.84201 -4.02368
-2.8475 -4.02954
-2.85335 -4.03498
-2.8589 -4.04077
-2.86469 -4.04628
-2.87103 -4.05121
-2.87648 -4.0571
-2.88229 -4.06259
-2.88893 -4.06717
-2.89413 -4.07334
-2.90061 -4.0781
-2.90614 -4.08391
-2.91239 -4.08892
-2.91816 -4.09446
-2.92367 -4.1003
-2.92993 -4.10529
-2.93565 -4.11089
-2.94208 -4.1157
-2.94802 -4.12106
-2.95414 -4.12622
-2.95932 -4.1324
-2.96499 -4.13805
-2.97098 -4.14336
-2.97735 -4.14824
-2.98343 -4.15344
-2.98925 -4.15893
-2.99496 -4.16453
-3.00142 -4.16932
-3.00645 -4.17567
-3.01333 -4.17999
-3.01884 -4.18581
-3.02477 -4.19118
-3.03024 -4.19705
-3.03665 -4.20189
-3.04304 -4.20675
-3.04836 -4.21278
-3.05378 -4.21871
-3.06023 -4.22351
-3.06683 -4.22814
-3.07178 -4.23457
-3.07824 -4.23936
-3.08403 -4.24487
-3.0892 -4.25108
-3.09529 -4.25626
-3.10186 -4.26093
-3.10782 -4.26626
-3.11376 -4.27161
-3.11936 -4.27734
-3.12468 -4.28338
-3.13163 -4.28763
-3.13694 -4.29367
-3.14298 -4.29891
-3.14927 -4.30388
-3.15509 -4.30937
-3.1609 -4.31486
-3.16609 -4.32104
-3.17211 -4.32632
-3.1788 -4.33084
-3.18438 -4.33659
-3.19087 -4.34134
-3.19602 -4.34756
-3.20174 -4.35316
-3.20816 -4.35799
-3.21396 -4.3635
-3.22027 -4.36844
-3.2258 -4.37425
-3.23194 -4.37938
-3.23781 -4.38481
-3.24353 -4.39041
-3.24995 -4.39523
-3.25502 -4.40155
-3.26079 -4.40708
-3.26708 -4.41205
-3.27294 -4.4175
-3.27967 -4.42198
-3.28555 -4.4274
-3.29154 -4.4327
-3.29665 -4.43898
-3.30271 -4.4442
-3.30866 -4.44954
-3.31442 -4.45509
-3.32103 -4.45971
-3.32694 -4.4651
-3.33187 -4.47156
-3.33889 -4.47573
-3.34398 -4.48201
-3.35041 -4.48682
-3.35617 -4.49238
-3.36146 -4.49845
-3.36856 -4.50253
-3.37386 -4.50858
-3.37972 -4.51403
-3.38575 -4.51929
-3.39218 -4.5241
-3.3971 -4.53058
-3.40363 -4.53528
-3.40955 -4.54065
-3.41481 -4.54676
-3.42092 -4.55193
-3.42753 -4.55654
-3.43316 -4.56224
-3.43868 -4.56806
-3.44456 -4.57347
-3.45115 -4.57811
-3.45662 -4.58399
-3.46268 -4.58921
-3.46813 -4.5951
-3.47499 -4.59944
-3.4799 -4.60593
-3.48601 -4.6111
-3.49192 -4.61649
-3.49837 -4.62128
-3.50381 -4.62718
-3.51017 -4.63207
-3.51559 -4.638
-3.52165 -4.64323
-3.52726 -4.64894
-3.53371 -4.65373
-3.53975 -4.65898
-3.54564 -4.66438
-3.55094 -4.67044
-3.55774 -4.67485
-3.56294 -4.68103
-3.56898 -4.68627
-3.57487 -4.69168
-3.58138 -4.6964
-3.58635 -4.70282
-3.59245 -4.70801
-3.59849 -4.71324
-3.60399 -4.71908
-3.61005 -4.72431
-3.61662 -4.72896
-3.62273 -4.73413
-3.62809 -4.74013
-3.63468 -4.74477
-3.64046 -4.7503
-3.64567 -4.75646
-3.65172 -4.76169
-3.65847 -4.76615
-3.66323 -4.77281
-3.67017 -4.77706
-3.67565 -4.78292
-3.68212 -4.78769
-3.68759 -4.79356
-3.69398 -4.79841
-3.69991 -4.80378
-3.70483 -4.81026
-3.71071 -4.81546
-3.71406 -4.81975
-3.7175 -4.82669
-3.71972 -4.83422
-3.72372 -4.84083
-3.72483 -4.84665
-3.72677 -4.85224
-3.72707 -4.86007
-3.72686 -4.8679
-3.72791 -4.87571
-3.72746 -4.88355
-3.72664 -4.89138
-3.72674 -4.89921
-3.72728 -4.90703
-3.72786 -4.91485
-3.72726 -4.92269
-3.72661 -4.93052
-3.72838 -4.93833
-3.72755 -4.94617
-3.72669 -4.954
-3.72698 -4.96183
-3.72862 -4.96964
-3.727 -4.97748
-3.72793 -4.9853
-3.72701 -4.99314
-3.72754 -5.00096
-3.72838 -5.00878
-3.72826 -5.01661
-3.72892 -5.02443
-3.7286 -5.03226
-3.72742 -5.0401
-3.72762 -5.04793
-3.72909 -5.05574
-3.72931 -5.06357
-3.72956 -5.07139
-3.72871 -5.07923
-3.72922 -5.08705
-3.72935 -5.09488
-3.72876 -5.10271
-3.72865 -5.11054
-3.7291 -5.11836
-3.72866 -5.1262
-3.7295 -5.13409
-3.72903 -5.13955
-3.72698 -5.14471
-3.72584 -5.14999
-3.72399 -5.15626
-3.72125 -5.16216
-3.71926 -5.16838
-3.71697 -5.17451
-3.71366 -5.18068
-3.70786 -5.18609
-3.70203 -5.19149
-3.69623 -5.1969
-3.68965 -5.20147
-3.68453 -5.20764
-3.67821 -5.21248
-3.67239 -5.21788
-3.66708 -5.22384
-3.66077 -5.2287
-3.65451 -5.23361
-3.64865 -5.23897
-3.64276 -5.24429
-3.63778 -5.25061
-3.63123 -5.25521
-3.62598 -5.26124
-3.61923 -5.26561
-3.61381 -5.27145
-3.60802 -5.27688
-3.60246 -5.28256
-3.59615 -5.28742
-3.5908 -5.29334
-3.58487 -5.29861
-3.57795 -5.30281
-3.57332 -5.30951
-3.56652 -5.31383
-3.56065 -5.31918
-3.55476 -5.3245
-3.54876 -5.3297
-3.54395 -5.3362
-3.5379 -5.34135
-3.532 -5.34666
-3.52556 -5.35138
-3.51939 -5.35639
-3.51455 -5.36286
-3.50872 -5.36825
-3.50258 -5.3733
-3.4963 -5.37819
-3.49074 -5.38388
-3.48453 -5.38885
-3.47821 -5.3937
-3.47297 -5.39973
-3.46713 -5.40511
-3.46104 -5.41021
-3.45594 -5.4164
-3.44983 -5.42148
-3.44422 -5.4271
-3.43797 -5.43203
-3.43239 -5.43769
-3.42594 -5.4424
-3.42058 -5.4483
-3.41441 -5.45331
-3.40863 -5.45876
-3.40328 -5.46467
-3.39737 -5.46997
-3.39067 -5.4744
-3.38447 -5.47939
-3.38167 -5.48218
-3.38167 -5.48218
-3.38109 -5.4817
-3.38048 -5.48126
-3.37984 -5.48085
-3.37918 -5.48049
-3.3785 -5.48017
-3.3778 -5.4799
-3.37708 -5.47966
-3.37636 -5.47948
-3.37561 -5.47934
-3.37487 -5.47924
-3.37412 -5.4792
-3.36376 -5.47888
-3.36302 -5.47888
-3.36228 -5.47893
-3.36154 -5.47902
-3.36081 -5.47916
-3.36009 -5.47934
-3.35939 -5.47956
-3.3587 -5.47983
-3.35802 -5.48014
-3.33586 -5.491
-3.3352 -5.49135
-3.33456 -5.49173
-3.32635 -5.49705
-3.32574 -5.49747
-3.32515 -5.49794
-3.32458 -5.49844
-3.32406 -5.49898
-3.32356 -5.49955
-3.32311 -5.50015
-3.32269 -5.50077
-3.32231 -5.50142
-3.31071 -5.5231
-3.31041 -5.52371
-3.30344 -5.53883
-3.30315 -5.53951
-3.30291 -5.54022
-3.3027 -5.54093
-3.30254 -5.54166
-3.30243 -5.54239
-3.30236 -5.54313
-3.30234 -5.54388
-3.30237 -5.54462
-3.30244 -5.54536
-3.30255 -5.5461
-3.30272 -5.54682
-3.30292 -5.54754
-3.30317 -5.54824
-3.30347 -5.54892
-3.3038 -5.54958
-3.30418 -5.55023
-3.30459 -5.55084
-3.30504 -5.55143
-3.30553 -5.552
-3.30565 -5.55211
-3.30565 -5.55211
-3.30263 -5.55456
-3.29697 -5.56014
-3.29163 -5.56607
-3.28567 -5.57131
-3.27964 -5.57647
-3.27419 -5.58228
-3.26801 -5.58729
-3.26145 -5.59187
-3.25631 -5.59802
-3.25014 -5.60303
-3.24438 -5.60849
-3.23803 -5.61331
-3.23271 -5.61926
-3.22713 -5.62492
-3.22038 -5.6293
-3.21467 -5.63482
-3.20848 -5.63981
-3.20293 -5.64551
-3.19701 -5.65079
-3.19111 -5.6561
-3.18534 -5.66155
-3.17928 -5.66669
-3.17401 -5.67268
-3.16785 -5.67771
-3.16215 -5.68324
-3.15572 -5.68797
-3.15077 -5.69432
-3.1451 -5.69989
-3.13857 -5.70451
-3.13273 -5.70988
-3.12712 -5.71551
-3.12086 -5.72043
-3.11556 -5.72639
-3.10967 -5.73172
-3.10418 -5.73748
-3.0977 -5.74215
-3.09189 -5.74756
-3.08623 -5.75313
-3.08049 -5.75862
-3.07448 -5.76382
-3.06879 -5.76935
-3.0625 -5.77423
-3.05643 -5.77936
-3.05141 -5.78563
-3.04477 -5.79013
-3.03863 -5.79518
-3.03327 -5.80108
-3.02746 -5.80649
-3.02119 -5.81139
-3.01571 -5.81717
-3.00968 -5.82234
-3.00331 -5.82713
-2.99839 -5.83351
-2.99182 -5.83809
-2.9864 -5.84392
-2.98095 -5.84973
-2.97499 -5.85506
-2.96927 -5.85759
-2.96879 -5.8583
-2.96111 -5.8605
-2.95375 -5.86356
-2.94619 -5.8661
-2.93904 -5.86979
-2.93147 -5.87228
-2.92398 -5.87501
-2.91641 -5.87752
-2.90862 -5.87941
-2.90167 -5.88363
-2.89368 -5.88499
-2.88655 -5.8887
-2.87866 -5.89033
-2.87132 -5.89349
-2.86421 -5.89725
-2.85653 -5.89946
-2.84876 -5.90142
-2.84114 -5.90378
-2.83367 -5.90655
-2.82672 -5.9108
-2.81923 -5.91353
-2.81143 -5.91539
-2.80392 -5.91805
-2.79614 -5.91999
-2.78921 -5.92428
-2.78128 -5.92576
-2.77367 -5.92818
-2.76639 -5.93149
-2.75882 -5.934
-2.75129 -5.93662
-2.74384 -5.93944
-2.73655 -5.94274
-2.72883 -5.94482
-2.72129 -5.9474
-2.7142 -5.95125
-2.70623 -5.95265
-2.69915 -5.95651
-2.69122 -5.95802
-2.68416 -5.96193
-2.67649 -5.96417
-2.66878 -5.96627
-2.66131 -5.96906
-2.65373 -5.97154
-2.64633 -5.97452
-2.63859 -5.97656
-2.63135 -5.97999
-2.62377 -5.98246
-2.6163 -5.98525
-2.60906 -5.98866
-2.60127 -5.99056
-2.59356 -5.99268
-2.58618 -5.99573
-2.57916 -5.99976
-2.57114 -6.001
-2.56385 -6.00429
-2.5561 -6.00629
-2.5487 -6.00926
-2.54131 -6.01229
-2.53401 -6.01553
-2.52637 -6.01784
-2.51865 -6.01993
-2.51139 -6.02331
-2.5036 -6.0252
-2.4965 -6.02901
-2.48867 -6.03078
-2.48135 -6.034
-2.47359 -6.03599
-2.4663 -6.03925
-2.45864 -6.04152
-2.4511 -6.04411
-2.44417 -6.04839
-2.43641 -6.05036
-2.42919 -6.05384
-2.4214 -6.05575
-2.41391 -6.05846
-2.40621 -6.0606
-2.39904 -6.06422
-2.3915 -6.06683
-2.38418 -6.07003
-2.37602 -6.0709
-2.36877 -6.07429
-2.36112 -6.07658
-2.35386 -6.07995
-2.34669 -6.08356
-2.339 -6.08573
-2.33117 -6.08752
-2.32387 -6.09078
-2.31622 -6.09305
-2.3088 -6.09598
-2.30102 -6.09791
-2.29355 -6.10067
-2.28609 -6.10349
-2.27887 -6.10698
-2.27118 -6.10913
-2.26405 -6.11287
