2.08213 -6.11831
2.08921 -6.11466
2.096 -6.11052
2.10293 -6.10662
2.1095 -6.10212
2.11582 -6.0972
2.12284 -6.09345
2.12958 -6.08922
2.13702 -6.08617
2.14289 -6.08051
2.15025 -6.07732
2.15734 -6.07368
2.16385 -6.06908
2.17096 -6.06548
2.17736 -6.0607
2.18376 -6.05592
2.19124 -6.05293
2.19814 -6.04896
2.20452 -6.04416
2.21147 -6.04027
2.21806 -6.03582
2.22477 -6.03154
2.23182 -6.02784
2.23857 -6.02364
2.24562 -6.01993
2.25235 -6.0157
2.25861 -6.01069
2.26597 -6.00749
2.27237 -6.00271
2.27903 -5.99837
2.28617 -5.99481
2.2926 -5.99007
2.2995 -5.98611
2.30709 -5.98331
2.31342 -5.97841
2.32009 -5.97409
2.32685 -5.96989
2.33409 -5.9665
2.34093 -5.96245
2.34742 -5.95781
2.354 -5.95333
2.36142 -5.95024
2.36746 -5.94486
2.37466 -5.94141
2.38107 -5.93665
2.38813 -5.93296
2.39527 -5.92941
2.40227 -5.92561
2.40826 -5.92015
2.41533 -5.91648
2.42286 -5.91356
2.42919 -5.90867
2.43628 -5.90503
2.44241 -5.8998
2.44919 -5.89565
2.45677 -5.89283
2.46282 -5.88747
2.46987 -5.88375
2.47688 -5.87998
2.48357 -5.87568
2.4906 -5.87195
2.497 -5.86717
2.50366 -5.86281
2.51087 -5.85937
2.51744 -5.85488
2.52415 -5.85061
2.53089 -5.84639
2.53816 -5.84305
2.54507 -5.83911
2.55141 -5.83424
2.55853 -5.83065
2.56545 -5.82667
2.57227 -5.82249
2.57806 -5.81689
2.58518 -5.8131
2.59048 -5.80683
2.59788 -5.80343
2.60351 -5.79762
2.61083 -5.7941
2.61666 -5.78856
2.62285 -5.7835
2.62979 -5.77948
2.63616 -5.77467
2.64228 -5.76952
2.6489 -5.76506
2.65544 -5.76049
2.66239 -5.75648
2.6687 -5.75158
2.67432 -5.74575
2.68074 -5.74102
2.68805 -5.73748
2.69383 -5.73188
2.70105 -5.72823
2.70687 -5.72267
2.71311 -5.71769
2.71991 -5.71347
2.72647 -5.70892
2.7326 -5.70379
2.73927 -5.69939
2.74568 -5.69464
2.7519 -5.68962
2.75813 -5.68462
2.76462 -5.67998
2.77152 -5.6759
2.77818 -5.67149
2.78393 -5.66584
2.79042 -5.66119
2.79733 -5.65713
2.80376 -5.6524
2.81029 -5.64782
2.81597 -5.64206
2.82311 -5.6383
2.82982 -5.63397
2.83598 -5.62887
2.84228 -5.62397
2.84861 -5.61911
2.85478 -5.61403
2.86109 -5.60914
2.86746 -5.60433
2.87428 -5.60013
2.88054 -5.59519
2.88682 -5.59025
2.89407 -5.58665
2.90071 -5.58221
2.90615 -5.57613
2.91243 -5.5712
2.91949 -5.56734
2.92572 -5.56234
2.93287 -5.5586
2.93903 -5.55351
2.94513 -5.54832
2.95145 -5.54345
2.95794 -5.53882
2.96396 -5.53353
2.97062 -5.52912
2.97685 -5.52412
2.98376 -5.52004
2.98991 -5.51494
2.99717 -5.51135
3.00372 -5.50679
3.0092 -5.50076
3.01656 -5.49731
3.02238 -5.49176
3.02905 -5.48735
3.03545 -5.48259
3.04218 -5.47828
3.04852 -5.47343
3.05453 -5.46814
3.06107 -5.46355
3.06806 -5.4596
3.07389 -5.45405
3.08028 -5.44927
3.08729 -5.44535
3.09367 -5.44055
3.09956 -5.43509
3.10677 -5.43143
3.11319 -5.42668
3.11861 -5.42058
3.12505 -5.41587
3.13229 -5.41225
3.13847 -5.40719
3.14437 -5.40174
3.15139 -5.39782
3.15787 -5.39317
3.16398 -5.388
3.17064 -5.38358
3.17644 -5.37801
3.18305 -5.37352
3.18947 -5.36878
3.19664 -5.36507
3.20336 -5.36074
3.20897 -5.3549
3.21544 -5.35023
3.22179 -5.3454
3.22838 -5.34089
3.23516 -5.33664
3.24199 -5.33246
3.24762 -5.32665
3.25486 -5.32303
3.26035 -5.31701
3.26742 -5.31317
3.27417 -5.30888
3.2796 -5.30279
3.28706 -5.29947
3.29351 -5.29478
3.29925 -5.28911
3.3064 -5.28536
3.31174 -5.27916
3.3186 -5.27502
3.32511 -5.2704
3.33116 -5.26515
3.33762 -5.26047
3.34494 -5.25696
3.35125 -5.25207
3.3574 -5.24696
3.3642 -5.24275
3.37039 -5.23769
3.37619 -5.23211
3.38262 -5.22738
3.38986 -5.22376
3.39655 -5.2194
3.40196 -5.21328
3.40902 -5.20941
3.41531 -5.20449
3.42231 -5.20055
3.42801 -5.19482
3.43494 -5.19079
3.44064 -5.18507
3.44741 -5.18081
3.45335 -5.17541
3.46092 -5.17225
3.46622 -5.16598
3.47364 -5.1626
3.47997 -5.15773
3.4861 -5.1526
3.49163 -5.14764
3.4955 -5.14048
3.4947 -5.13279
3.49651 -5.12533
3.49628 -5.11769
3.49679 -5.1102
3.49725 -5.10229
3.49722 -5.0944
3.49656 -5.0865
3.49647 -5.0786
3.49797 -5.07069
3.4981 -5.0628
3.49766 -5.0549
3.49677 -5.04701
3.49802 -5.0391
3.49755 -5.03121
3.49726 -5.02331
3.49674 -5.01541
3.49781 -5.00751
3.49637 -4.99962
3.49712 -4.99172
3.49617 -4.98382
3.49705 -4.97592
3.49658 -4.96802
3.49658 -4.96013
3.49709 -4.95222
3.49631 -4.94433
3.49559 -4.93644
3.49552 -4.92854
3.49702 -4.92063
3.49698 -4.91273
3.49574 -4.90484
3.49607 -4.89694
3.497 -4.88904
3.49583 -4.88115
3.49654 -4.87324
3.49537 -4.86535
3.49648 -4.85745
3.49652 -4.84955
3.49525 -4.84166
3.49483 -4.83376
3.49485 -4.82586
3.49587 -4.81791
3.49394 -4.81128
3.4937 -4.80438
3.49305 -4.79737
3.49086 -4.79327
3.48843 -4.78929
3.48571 -4.78445
3.48393 -4.77911
3.47818 -4.77354
3.47155 -4.76896
3.46623 -4.76291
3.46058 -4.75724
3.45347 -4.75319
3.44756 -4.7478
3.44225 -4.74174
3.43631 -4.73639
3.4304 -4.731
3.42424 -4.72589
3.41884 -4.71993
3.41258 -4.71493
3.40588 -4.71042
3.40102 -4.70386
3.39419 -4.6995
3.38821 -4.69419
3.3828 -4.68824
3.37589 -4.68398
3.37119 -4.67723
3.36506 -4.67209
3.35857 -4.66735
3.35302 -4.66156
3.34688 -4.65643
3.34111 -4.65088
3.33425 -4.64656
3.32945 -4.63993
3.32234 -4.63588
3.31677 -4.63011
3.31102 -4.62454
3.3051 -4.61917
3.29855 -4.61449
3.29272 -4.60901
3.28714 -4.60326
3.28081 -4.59834
3.27468 -4.5932
3.26933 -4.58718
3.26284 -4.58244
3.25765 -4.57625
3.25148 -4.57115
3.24502 -4.56638
3.23982 -4.56019
3.23295 -4.55587
3.22748 -4.55
3.22104 -4.5452
3.21551 -4.53939
3.2094 -4.53422
3.20417 -4.52808
3.19776 -4.52325
3.19103 -4.51877
3.18624 -4.51213
3.17937 -4.50782
3.1744 -4.50138
3.16772 -4.49684
3.16224 -4.49098
3.15608 -4.48588
3.15037 -4.48026
3.14458 -4.47473
3.13769 -4.47044
3.13255 -4.46419
3.12564 -4.45992
3.12028 -4.45392
3.11354 -4.44946
3.10792 -4.44375
3.10248 -4.43783
3.09581 -4.43329
3.09036 -4.42739
3.08413 -4.42236
3.07839 -4.41677
3.07178 -4.41217
3.06644 -4.40614
3.06067 -4.4006
3.05428 -4.39575
3.04852 -4.3902
3.04318 -4.38417
3.03614 -4.38004
3.03058 -4.37427
3.0242 -4.3694
3.01919 -4.363
3.01253 -4.35845
3.00682 -4.35284
3.00106 -4.34729
2.99505 -4.34201
2.98858 -4.33724
2.98249 -4.33206
2.97706 -4.32614
2.97057 -4.3214
2.96571 -4.31483
2.95883 -4.31053
2.95259 -4.30551
2.9476 -4.29909
2.94155 -4.29386
2.93547 -4.28865
2.92928 -4.28358
2.92291 -4.27871
2.91781 -4.27242
2.91082 -4.26823
2.90513 -4.2626
2.89969 -4.25669
2.89373 -4.25135
2.88741 -4.24642
2.88175 -4.24075
2.87502 -4.23628
2.86942 -4.23055
2.86431 -4.22427
2.85828 -4.21901
2.85206 -4.21396
2.84605 -4.20869
2.83984 -4.20364
2.83438 -4.19774
2.828 -4.19288
2.82152 -4.18814
2.81547 -4.18291
2.81055 -4.17641
2.80475 -4.17089
2.79834 -4.16607
2.79236 -4.16075
2.78661 -4.15518
2.78057 -4.14994
2.77465 -4.14457
2.76863 -4.1393
2.76253 -4.13412
2.75637 -4.12902
2.75035 -4.12375
2.74487 -4.11788
2.73807 -4.11348
2.73228 -4.10796
2.72662 -4.10229
2.72006 -4.09763
2.71433 -4.09204
2.7088 -4.08623
2.70206 -4.08177
2.69614 -4.0764
2.69067 -4.07052
2.6849 -4.06496
2.6784 -4.06024
2.67238 -4.05498
2.66727 -4.04869
2.66139 -4.04327
2.65456 -4.0389
2.64861 -4.03357
2.64311 -4.02771
2.63739 -4.02211
2.63074 -4.01756
2.62476 -4.01224
2.6187 -4.00702
2.61359 -4.00074
2.60666 -3.99649
2.60145 -3.99032
2.59476 -3.9858
2.58983 -3.97932
2.58287 -3.9751
2.57722 -3.96943
2.5713 -3.96405
2.56614 -3.95782
2.55911 -3.95368
2.55324 -3.94825
2.54753 -3.94264
2.54169 -3.93717
2.53564 -3.93194
2.52915 -3.9272
2.52348 -3.92155
2.5181 -3.91556
2.51142 -3.91104
2.50657 -3.90446
2.50018 -3.89961
2.4934 -3.89519
2.48747 -3.88982
2.48273 -3.88312
2.4761 -3.87854
2.46961 -3.87381
2.46394 -3.86815
2.45804 -3.86274
2.45289 -3.85651
2.44602 -3.85219
2.44006 -3.84686
2.43447 -3.84112
2.42813 -3.8362
2.42261 -3.83038
2.41603 -3.82575
2.41028 -3.82017
2.40476 -3.81435
2.39834 -3.80953
2.39247 -3.80409
2.38633 -3.79897
2.38041 -3.79359
2.37421 -3.78852
2.36891 -3.78245
2.36331 -3.77672
2.3567 -3.77211
2.35105 -3.76643
2.34475 -3.76148
2.33878 -3.75616
2.33329 -3.7503
2.32674 -3.74563
2.3216 -3.73938
2.31474 -3.73505
2.30931 -3.72913
2.30286 -3.72434
2.2973 -3.71856
2.29181 -3.71271
2.28558 -3.70767
2.2789 -3.70315
2.2736 -3.69707
2.26761 -3.69177
2.26144 -3.68667
2.25503 -3.68185
2.24933 -3.67622
2.24406 -3.67012
2.23771 -3.66523
2.23101 -3.66072
2.22519 -3.65523
2.21956 -3.64953
2.21441 -3.64329
2.20844 -3.63797
2.20133 -3.63393
2.19553 -3.62841
2.18962 -3.62302
2.18371 -3.61763
2.1778 -3.61224
2.17149 -3.6073
2.1662 -3.60122
2.15972 -3.59647
2.15417 -3.59068
2.14839 -3.58514
2.14155 -3.58079
2.13602 -3.57499
2.1308 -3.56882
2.12432 -3.56407
2.11839 -3.55871
2.11281 -3.55295
2.10638 -3.54814
2.10112 -3.54203
2.09449 -3.53745
2.08875 -3.53186
2.08296 -3.52634
2.07699 -3.52102
2.07031 -3.51649
2.06424 -3.51128
2.05925 -3.50486
2.05216 -3.5008
2.04614 -3.49553
2.04086 -3.48944
2.03523 -3.48373
2.02949 -3.47816
2.02285 -3.47358
2.01689 -3.46825
2.01105 -3.46279
2.00558 -3.4569
1.99962 -3.45157
1.99274 -3.44727
1.98673 -3.44199
1.98163 -3.4357
1.97543 -3.43063
1.96943 -3.42534
1.96332 -3.42018
1.95794 -3.4142
1.95082 -3.41016
1.9459 -3.40366
1.93993 -3.39834
1.93353 -3.3935
1.92702 -3.38878
1.9214 -3.38307
1.91543 -3.37775
1.90969 -3.37218
1.90419 -3.36633
1.89741 -3.36191
1.89157 -3.35645
1.88588 -3.3508
1.87921 -3.34627
1.87322 -3.34097
1.86752 -3.33534
1.86223 -3.32926
1.8565 -3.32368
1.85024 -3.31868
1.84448 -3.31312
1.83766 -3.30875
1.83235 -3.30269
1.8262 -3.29757
1.82008 -3.29242
1.81453 -3.28663
1.80806 -3.28186
1.80172 -3.27695
1.79621 -3.27112
1.79055 -3.26545
1.7847 -3.26
1.77875 -3.25465
1.77284 -3.24927
1.76694 -3.24386
1.76035 -3.23923
1.75481 -3.23343
1.7485 -3.22849
1.74268 -3.223
1.73641 -3.21802
1.73036 -3.21279
1.72518 -3.20658
1.7192 -3.20127
1.7129 -3.19631
1.70685 -3.19108
1.70103 -3.18559
1.69532 -3.17998
1.68859 -3.17551
1.68256 -3.17026
1.67764 -3.16376
1.67074 -3.15947
1.66516 -3.15372
1.65905 -3.14856
1.6529 -3.14344
1.64745 -3.13754
1.64167 -3.132
1.63501 -3.12745
1.62897 -3.1222
1.62349 -3.11634
1.61748 -3.11106
1.61186 -3.10535
1.60601 -3.09989
1.59946 -3.09522
1.59415 -3.08916
1.58767 -3.08441
1.58211 -3.07862
1.57517 -3.07439
1.56964 -3.06858
1.56418 -3.06268
1.55758 -3.05807
1.55153 -3.05284
1.54571 -3.04734
1.53968 -3.04209
1.53407 -3.03636
1.52827 -3.03085
1.52186 -3.02603
1.51634 -3.0202
1.5096 -3.01574
1.50379 -3.01024
1.49837 -3.0043
1.49262 -2.99873
1.48678 -2.99327
1.48017 -2.98867
1.4739 -2.98367
1.46872 -2.97747
1.46207 -2.97292
1.45711 -2.96646
1.45 -2.96241
1.44471 -2.95633
1.43835 -2.95145
1.43201 -2.94654
1.42611 -2.94114
1.42058 -2.93532
1.41435 -2.93029
1.40837 -2.92499
1.40268 -2.91935
1.3965 -2.91426
1.39079 -2.90865
1.3855 -2.90256
1.37906 -2.89777
1.37236 -2.89326
1.36664 -2.88766
1.36073 -2.88228
1.35499 -2.8767
1.34885 -2.87157
1.34376 -2.86526
1.33675 -2.8611
1.33133 -2.85516
1.32509 -2.85015
1.31892 -2.84505
1.31355 -2.83906
1.30677 -2.83465
1.30185 -2.82814
1.29481 -2.82402
1.2896 -2.81785
1.28395 -2.81217
1.27696 -2.80799
1.27139 -2.80222
1.26502 -2.79735
1.26027 -2.79066
1.2543 -2.78534
1.24741 -2.78105
1.2418 -2.77532
1.23518 -2.77072
1.2299 -2.76463
1.22448 -2.7587
1.21804 -2.7539
1.21238 -2.74823
1.20597 -2.7434
1.19988 -2.73822
1.19352 -2.73333
1.18823 -2.72725
1.18168 -2.72258
1.1768 -2.71603
1.16996 -2.71169
1.16465 -2.70562
1.15835 -2.70067
1.15285 -2.69483
1.14646 -2.68997
1.13976 -2.68547
1.13485 -2.67897
1.12793 -2.6747
1.12194 -2.6694
1.11624 -2.66378
1.11094 -2.65771
1.10516 -2.65218
1.09845 -2.64768
1.09237 -2.64249
1.08689 -2.63661
1.08125 -2.63093
1.07432 -2.62668
1.06915 -2.62046
1.06257 -2.61583
1.057 -2.61006
1.0505 -2.60532
1.04471 -2.5998
1.03953 -2.5936
1.03279 -2.58913
1.02777 -2.58275
1.02138 -2.5779
1.01539 -2.5726
1.00864 -2.56816
1.00368 -2.5617
0.997189 -2.55696
0.991439 -2.55139
0.985412 -2.54614
0.980021 -2.54017
0.973136 -2.53587
0.967889 -2.52974
0.96203 -2.52429
0.955528 -2.51957
0.949029 -2.51484
0.943418 -2.50911
0.938193 -2.50296
0.93225 -2.49761
0.926338 -2.49222
0.920363 -2.4869
0.91425 -2.48174
0.907611 -2.47717
0.901783 -2.47169
0.895601 -2.46661
0.889467 -2.46147
0.883802 -2.4558
0.878282 -2.44998
0.87267 -2.44426
0.865988 -2.43973
0.860278 -2.43412
0.854279 -2.42883
0.847999 -2.42386
0.842464 -2.41805
0.836079 -2.41319
0.830707 -2.4072
0.824134 -2.40255
0.818896 -2.39641
0.812827 -2.3912
0.806592 -2.38618
0.800171 -2.38136
0.794736 -2.37544
0.789163 -2.36967
0.782513 -2.36511
0.776828 -2.35947
0.770545 -2.3545
0.76436 -2.34942
0.759069 -2.34334
0.752445 -2.33875
0.746858 -2.333
0.740506 -2.32811
0.735224 -2.32201
0.728974 -2.31701
0.723328 -2.31132
0.71685 -2.30657
0.711015 -2.3011
0.704543 -2.29634
0.698543 -2.29105
0.693723 -2.28444
0.687035 -2.27992
0.680773 -2.27493
0.675613 -2.2687
0.669405 -2.26364
0.663747 -2.25797
0.657871 -2.25255
0.651263 -2.24794
0.646044 -2.24178
0.638932 -2.23773
0.633471 -2.23184
0.62768 -2.22632
0.622085 -2.22058
0.615347 -2.21612
0.609452 -2.21071
0.603834 -2.205
0.597964 -2.19956
0.591583 -2.1947
0.586116 -2.18882
0.579257 -2.18449
0.573865 -2.17852
0.56853 -2.17246
0.561941 -2.16788
0.556348 -2.16214
0.550079 -2.15719
0.54361 -2.15247
0.537481 -2.14735
0.530917 -2.14275
0.525558 -2.13673
0.519647 -2.13136
0.513348 -2.12644
0.506623 -2.12202
0.501466 -2.11577
0.494769 -2.11132
0.48851 -2.10636
0.482721 -2.10084
0.476642 -2.09567
0.471229 -2.08971
0.465116 -2.08458
0.459161 -2.07926
0.452713 -2.07451
0.446156 -2.0699
0.440314 -2.06445
0.433849 -2.05973
0.428141 -2.05412
0.421927 -2.0491
0.416705 -2.04292
0.410169 -2.03828
0.403366 -2.03396
0.398468 -2.0274
0.392272 -2.02236
0.385759 -2.01769
0.379543 -2.01268
0.37365 -2.00729
0.367806 -2.00184
0.361271 -1.9972
0.355107 -1.99212
0.349951 -1.98587
0.342652 -1.98212
0.337373 -1.97601
0.330719 -1.97151
0.325626 -1.96518
0.318994 -1.96065
0.312508 -1.95596
0.306779 -1.95037
0.301297 -1.9445
0.295353 -1.93916
0.288378 -1.93504
0.282158 -1.93003
0.276018 -1.92493
0.2704 -1.91921
0.264934 -1.91332
0.258152 -1.90897
0.252543 -1.90324
0.246178 -1.89841
0.239664 -1.89374
0.234415 -1.88759
0.227597 -1.88329
0.221816 -1.87776
0.215128 -1.8733
0.210261 -1.86671
0.203276 -1.86259
0.198184 -1.85626
0.191357 -1.85196
0.185786 -1.84619
0.178842 -1.84203
0.1728 -1.83682
0.167481 -1.83075
0.161561 -1.82539
0.155176 -1.82057
0.1488 -1.81575
0.143269 -1.80993
0.137006 -1.80497
0.130214 -1.80063
0.124486 -1.79505
0.118455 -1.78982
0.111995 -1.78509
0.10582 -1.78003
0.0998007 -1.77478
0.0949255 -1.7682
0.0888552 -1.76301
0.0822617 -1.75844
0.0755773 -1.75398
0.0701051 -1.74809
0.0644432 -1.74243
0.0578829 -1.73782
0.0524143 -1.73193
0.0463817 -1.7267
0.0397015 -1.72223
0.0339546 -1.71666
0.0277759 -1.71161
0.0212591 -1.70694
0.0149791 -1.70201
0.00901487 -1.6967
0.0026925 -1.69181
-0.00235056 -1.68542
-0.00832029 -1.68012
-0.0150669 -1.67572
-0.021517 -1.67098
-0.0267021 -1.66476
-0.0331279 -1.65999
-0.0390518 -1.65464
-0.045064 -1.64939
-0.0508928 -1.64392
-0.0573095 -1.63914
-0.0636732 -1.6343
-0.0693203 -1.62862
-0.0750691 -1.62306
-0.0817781 -1.61855
-0.0896974 -1.61796
-0.0976166 -1.61866
-0.105536 -1.61923
-0.113455 -1.61831
-0.121374 -1.61774
-0.129294 -1.61769
-0.137213 -1.61875
-0.145132 -1.61814
-0.153051 -1.61782
-0.160971 -1.61911
-0.16889 -1.61837
-0.176809 -1.61864
-0.184728 -1.61896
-0.192648 -1.61858
-0.200705 -1.61845
-0.206904 -1.62342
-0.213063 -1.62844
-0.219286 -1.63338
-0.225508 -1.63832
-0.231309 -1.64378
-0.237196 -1.64912
-0.243284 -1.65423
-0.249785 -1.65883
-0.256101 -1.66366
-0.262259 -1.66868
-0.267959 -1.67426
-0.273922 -1.67951
-0.280379 -1.68417
-0.286594 -1.68912
-0.293125 -1.69369
-0.298183 -1.70004
-0.305277 -1.70393
-0.310346 -1.71026
-0.317039 -1.71464
-0.323476 -1.71932
-0.329302 -1.72474
-0.335391 -1.72984
-0.341588 -1.73482
-0.347699 -1.73989
-0.354043 -1.74469
-0.360084 -1.74985
-0.365502 -1.75576
-0.372673 -1.75956
-0.37794 -1.76566
-0.384663 -1.76999
-0.390397 -1.77552
-0.396065 -1.78114
-0.402584 -1.78572
-0.408457 -1.79108
-0.414761 -1.79593
-0.42118 -1.80063
-0.427791 -1.8051
-0.433784 -1.81032
-0.439232 -1.8162
-0.44568 -1.82087
-0.452282 -1.82535
-0.457908 -1.83101
-0.464424 -1.8356
-0.470686 -1.84049
-0.476932 -1.84541
-0.482524 -1.85111
-0.487961 -1.85701
-0.495201 -1.86071
-0.501031 -1.86613
-0.507368 -1.87093
-0.512696 -1.87696
-0.519121 -1.88166
-0.525635 -1.88624
-0.531232 -1.89194
-0.537231 -1.89716
-0.544223 -1.90117
-0.550389 -1.90618
-0.556634 -1.91109
-0.562551 -1.9164
-0.568009 -1.92227
-0.573935 -1.92757
-0.580334 -1.9323
-0.586534 -1.93727
-0.592147 -1.94295
-0.598394 -1.94786
-0.604732 -1.95266
-0.611671 -1.95673
-0.616844 -1.96295
-0.623832 -1.96696
-0.629548 -1.97252
-0.635221 -1.97812
-0.641212 -1.98334
-0.647957 -1.98765
-0.653703 -1.99317
-0.659938 -1.9981
-0.666127 -2.00308
-0.672383 -2.00798
-0.678995 -2.01245
-0.684967 -2.0177
-0.691246 -2.02257
-0.696377 -2.02883
-0.703506 -2.03268
-0.708775 -2.03877
-0.715544 -2.04305
-0.721548 -2.04826
-0.72708 -2.05404
-0.733861 -2.0583
-0.739895 -2.06347
-0.745959 -2.0686
-0.752327 -2.07337
-0.75862 -2.07823
-0.76426 -2.08387
-0.770429 -2.08888
-0.776927 -2.09349
-0.782328 -2.09942
-0.788851 -2.104
-0.794864 -2.1092
-0.800958 -2.11429
-0.807543 -2.1188
-0.812969 -2.1247
-0.819583 -2.12917
-0.825296 -2.13473
-0.831878 -2.13923
-0.837777 -2.14457
-0.844069 -2.14943
-0.850215 -2.15446
-0.855726 -2.16026
-0.862515 -2.16452
-0.869113 -2.169
-0.87446 -2.17501
-0.881053 -2.1795
-0.887093 -2.18466
-0.892697 -2.19035
-0.898585 -2.1957
-0.905214 -2.20014
-0.911153 -2.20549
-0.917951 -2.20983
-0.923624 -2.21549
-0.929041 -2.22144
-0.935158 -2.22658
-0.941976 -2.23089
-0.947665 -2.23653
-0.953596 -2.24188
-0.959831 -2.24688
-0.965961 -2.252
-0.971653 -2.25764
-0.978251 -2.26221
-0.983957 -2.26783
-0.990696 -2.27224
-0.996307 -2.27796
-1.00219 -2.28338
-1.00872 -2.28803
-1.01414 -2.29398
-1.02072 -2.29857
-1.02671 -2.30386
-1.03287 -2.30895
-1.0383 -2.31489
-1.04477 -2.31961
-1.05086 -2.32477
-1.05693 -2.32997
-1.0634 -2.3347
-1.06918 -2.34022
-1.07488 -2.34585
-1.0809 -2.3511
-1.08726 -2.35595
-1.0931 -2.36141
-1.09972 -2.36596
-1.10573 -2.37121
-1.11162 -2.37662
-1.11741 -2.38214
-1.12432 -2.38635
-1.13012 -2.39185
-1.13647 -2.39672
-1.14251 -2.40195
-1.14751 -2.40839
-1.15479 -2.41216
-1.15961 -2.41882
-1.16594 -2.42371
-1.17275 -2.42803
-1.17879 -2.43326
-1.18501 -2.43828
-1.19045 -2.4442
-1.19633 -2.44961
-1.20222 -2.45502
-1.20931 -2.45902
-1.21487 -2.4648
-1.22126 -2.46962
-1.22672 -2.47553
-1.23289 -2.4806
-1.23964 -2.48499
-1.24482 -2.49122
-1.25147 -2.49574
-1.25739 -2.50111
-1.2636 -2.50614
-1.2691 -2.51199
-1.27612 -2.51608
-1.28215 -2.52131
-1.28834 -2.52636
-1.29442 -2.53154
-1.30028 -2.53698
-1.30566 -2.54298
-1.31159 -2.54833
-1.31747 -2.55375
-1.32468 -2.5576
-1.33063 -2.56294
-1.33572 -2.56927
-1.34236 -2.57379
-1.34829 -2.57916
-1.35456 -2.58411
-1.36065 -2.58928
-1.36637 -2.59488
-1.37302 -2.59939
-1.37895 -2.60474
-1.38471 -2.6103
-1.39029 -2.61606
-1.39756 -2.61985
-1.40293 -2.62586
-1.40904 -2.63101
-1.41548 -2.63577
-1.4212 -2.64137
-1.42775 -2.64599
-1.43356 -2.65149
-1.44011 -2.65613
-1.44587 -2.66168
-1.45125 -2.66768
-1.45726 -2.67294
-1.46324 -2.67823
-1.47024 -2.68233
-1.47549 -2.68849
-1.48217 -2.69296
-1.48832 -2.69806
-1.4936 -2.70417
-1.49955 -2.7095
-1.50654 -2.71363
-1.5125 -2.71894
-1.51894 -2.7237
-1.52498 -2.72892
-1.53095 -2.73423
-1.53708 -2.73936
-1.54324 -2.74445
-1.54882 -2.7502
-1.55535 -2.75486
-1.56032 -2.76134
-1.56724 -2.76554
-1.57321 -2.77085
-1.57875 -2.77666
-1.58555 -2.781
-1.59161 -2.78619
-1.59691 -2.79229
-1.6036 -2.79675
-1.60977 -2.80183
-1.61601 -2.80682
-1.621 -2.81328
-1.62795 -2.81744
-1.63393 -2.82274
-1.63973 -2.82824
-1.64579 -2.83345
-1.65174 -2.83877
-1.65855 -2.84311
-1.66345 -2.84967
-1.67058 -2.85361
-1.67632 -2.85919
-1.68234 -2.86445
-1.68828 -2.86979
-1.69424 -2.8751
-1.7009 -2.87961
-1.70641 -2.88546
-1.712 -2.89121
-1.7191 -2.8952
-1.72507 -2.90051
-1.73133 -2.90547
-1.7372 -2.91089
-1.74351 -2.91581
-1.74847 -2.9223
-1.75527 -2.92663
-1.76175 -2.93134
-1.76776 -2.93661
-1.77265 -2.94317
-1.77983 -2.94707
-1.78514 -2.95316
-1.79139 -2.95813
-1.7971 -2.96374
-1.80344 -2.96862
-1.81018 -2.97302
-1.81592 -2.97861
-1.82147 -2.9844
-1.82847 -2.9885
-1.83383 -2.99452
-1.83991 -2.99971
-1.84628 -3.00455
-1.85174 -3.01046
-1.85783 -3.01562
-1.864 -3.02069
-1.86986 -3.02614
-1.8771 -3.02995
-1.88285 -3.03552
-1.88867 -3.041
-1.89456 -3.04641
-1.90141 -3.05069
-1.90628 -3.05728
-1.91226 -3.06258
-1.91908 -3.06689
-1.92477 -3.07253
-1.93144 -3.07702
-1.93732 -3.08243
-1.94384 -3.0871
-1.94947 -3.0928
-1.95575 -3.09775
-1.96124 -3.10361
-1.96786 -3.10816
-1.97299 -3.11445
-1.97957 -3.11905
-1.98544 -3.12448
-1.99215 -3.12892
-1.99779 -3.13461
-2.00428 -3.13931
-2.01041 -3.14444
-2.01638 -3.14974
-2.02176 -3.15574
-2.0286 -3.16003
-2.03428 -3.16568
-2.03977 -3.17154
-2.04582 -3.17677
-2.05246 -3.18129
-2.05849 -3.18653
-2.065 -3.19121
-2.07096 -3.19652
-2.0773 -3.20139
-2.083 -3.20702
-2.08873 -3.21261
-2.095 -3.21757
-2.10171 -3.22201
-2.10695 -3.22818
-2.11343 -3.23289
-2.11871 -3.239
-2.12511 -3.24381
-2.131 -3.24921
-2.13794 -3.25339
-2.14362 -3.25904
-2.14988 -3.264
-2.1563 -3.26878
-2.16126 -3.27527
-2.16819 -3.27946
-2.17403 -3.28491
-2.18057 -3.28956
-2.18544 -3.29615
-2.19246 -3.30023
-2.19791 -3.30615
-2.20382 -3.31153
-2.21024 -3.31631
-2.21635 -3.32145
-2.22305 -3.32591
-2.2279 -3.33253
-2.23508 -3.33642
-2.23779 -3.3394
-2.23738 -3.33985
-2.2369 -3.34043
-2.23647 -3.34105
-2.23608 -3.34169
-2.23572 -3.34235
-2.23541 -3.34303
-2.23514 -3.34373
-2.23492 -3.34445
-2.23474 -3.34518
-2.2346 -3.34592
-2.23452 -3.34667
-2.23448 -3.34742
-2.23449 -3.34817
-2.23454 -3.34892
-2.23464 -3.34966
-2.23479 -3.3504
-2.23697 -3.35977
-2.23716 -3.36047
-2.23739 -3.36116
-2.23766 -3.36183
-2.23797 -3.36249
-2.23832 -3.36313
-2.2387 -3.36374
-2.25627 -3.39034
-2.25669 -3.39095
-2.25715 -3.39154
-2.25764 -3.3921
-2.25816 -3.39262
-2.25872 -3.39311
-2.2593 -3.39357
-2.25991 -3.39399
-2.26055 -3.39437
-2.26121 -3.39471
-2.28527 -3.40596
-2.28594 -3.40624
-2.28662 -3.40648
-2.28732 -3.40669
-2.30438 -3.41102
-2.30511 -3.41119
-2.30585 -3.4113
-2.3066 -3.41137
-2.30735 -3.41139
-2.3081 -3.41137
-2.30885 -3.4113
-2.30959 -3.41118
-2.31032 -3.41102
-2.31104 -3.41081
-2.31174 -3.41056
-2.31243 -3.41026
-2.3131 -3.40992
-2.31375 -3.40954
-2.31437 -3.40912
-2.31496 -3.40866
-2.31552 -3.40817
-2.31606 -3.40764
-2.31609 -3.4076
-2.31907 -3.41026
-2.32547 -3.41506
-2.33157 -3.42022
-2.33813 -3.42483
-2.34338 -3.43099
-2.34929 -3.43637
-2.35558 -3.4413
-2.3622 -3.44585
-2.36842 -3.45087
-2.37447 -3.45608
-2.37984 -3.46208
-2.38647 -3.46662
-2.39246 -3.47191
-2.39803 -3.47769
-2.40438 -3.48255
-2.41089 -3.48722
-2.41685 -3.49255
-2.42315 -3.49747
-2.42849 -3.50351
-2.4354 -3.50773
-2.44124 -3.51318
-2.44658 -3.51923
-2.45301 -3.524
-2.45899 -3.52929
-2.4658 -3.53362
-2.47185 -3.53883
-2.47793 -3.54401
-2.4831 -3.55026
-2.49 -3.55448
-2.49505 -3.56086
-2.5023 -3.56468
-2.50716 -3.57128
-2.51406 -3.5755
-2.52022 -3.58059
-2.52638 -3.58567
-2.53229 -3.59106
-2.53828 -3.59633
-2.54434 -3.60155
-2.54987 -3.60736
-2.55649 -3.61191
-2.5626 -3.61705
-2.56885 -3.62204
-2.575 -3.62713
-2.58066 -3.63281
-2.58715 -3.63751
-2.59221 -3.64388
-2.59919 -3.648
-2.60437 -3.65423
-2.61078 -3.65903
-2.61714 -3.66388
-2.62285 -3.6695
-2.6289 -3.67472
-2.63496 -3.67991
-2.64156 -3.68448
-2.64786 -3.6894
-2.654 -3.69452
-2.65959 -3.70027
-2.66564 -3.70549
-2.67099 -3.71152
-2.67815 -3.71543
-2.68391 -3.72099
-2.6893 -3.72697
-2.69566 -3.73182
-2.70214 -3.73654
-2.70793 -3.74206
-2.71392 -3.74735
-2.72 -3.75253
-2.72687 -3.75678
-2.73253 -3.76245
-2.73786 -3.76851
-2.74459 -3.77293
-2.75005 -3.77883
-2.7561 -3.78405
-2.76301 -3.78825
-2.76811 -3.79457
-2.77434 -3.79958
-2.78112 -3.80394
-2.7865 -3.80994
-2.79287 -3.81478
-2.79936 -3.81948
-2.80464 -3.8256
-2.81123 -3.83018
-2.81743 -3.83522
-2.82347 -3.84044
-2.82982 -3.84531
-2.83592 -3.85047
-2.84196 -3.85569
-2.84774 -3.86122
-2.85328 -3.86703
-2.85923 -3.87236
-2.86556 -3.87725
-2.87246 -3.88147
-2.87776 -3.88757
-2.88415 -3.89238
-2.89035 -3.89743
-2.89611 -3.90297
-2.90172 -3.90871
-2.90836 -3.91323
-2.9144 -3.91846
-2.91997 -3.92424
-2.92596 -3.92952
-2.93289 -3.9337
-2.93927 -3.93853
-2.94491 -3.94422
-2.95145 -3.94887
-2.95732 -3.95429
-2.9633 -3.95959
-2.96897 -3.96525
-2.97447 -3.9711
-2.98139 -3.97531
-2.98721 -3.98078
-2.99307 -3.98623
-2.99966 -3.99081
-3.00512 -3.99671
-3.01193 -4.00104
-3.01805 -4.00618
-3.02309 -4.01257
-3.02911 -4.01782
-3.03625 -4.02176
-3.04191 -4.02743
-3.04761 -4.03306
-3.0539 -4.03799
-3.06017 -4.04294
-3.06569 -4.04878
-3.07199 -4.05371
-3.07846 -4.05842
-3.0839 -4.06436
-3.09061 -4.0688
-3.09625 -4.07448
-3.10291 -4.07899
-3.10889 -4.08428
-3.11525 -4.08913
-3.12052 -4.09527
-3.12724 -4.0997
-3.13239 -4.10597
-3.13914 -4.11036
-3.1449 -4.11592
-3.15077 -4.12134
-3.15734 -4.12595
-3.16284 -4.1318
-3.16884 -4.13708
-3.17582 -4.1412
-3.18205 -4.14621
-3.18756 -4.15205
-3.19337 -4.15755
-3.20011 -4.16196
-3.20586 -4.16752
-3.2121 -4.17252
-3.21798 -4.17793
-3.22445 -4.18265
-3.23035 -4.18805
-3.23644 -4.19321
-3.24248 -4.19844
-3.24889 -4.20323
-3.25415 -4.20937
-3.25984 -4.21501
-3.26686 -4.21909
-3.27318 -4.22399
-3.27845 -4.23011
-3.28508 -4.23465
-3.29132 -4.23964
-3.29703 -4.24525
-3.30288 -4.2507
-3.30945 -4.25532
-3.31565 -4.26035
-3.32163 -4.26564
-3.32708 -4.27156
-3.33378 -4.27602
-3.33932 -4.28182
-3.34523 -4.28721
-3.35153 -4.29213
-3.35756 -4.29736
-3.36407 -4.30205
-3.36911 -4.30844
-3.37517 -4.31364
-3.3812 -4.31888
-3.38753 -4.32377
-3.3938 -4.32873
-3.39944 -4.33441
-3.40655 -4.3384
-3.41184 -4.3445
-3.41774 -4.34988
-3.42415 -4.35468
-3.43072 -4.35929
-3.43625 -4.36512
-3.44205 -4.37062
-3.44829 -4.37561
-3.45487 -4.3802
-3.46122 -4.38507
-3.46721 -4.39035
-3.47222 -4.39679
-3.47899 -4.40116
-3.48523 -4.40616
-3.49098 -4.41171
-3.49747 -4.41642
-3.50373 -4.42138
-3.50943 -4.42701
-3.51547 -4.43224
-3.52122 -4.4378
-3.52708 -4.44324
-3.53411 -4.44731
-3.53928 -4.45355
-3.54619 -4.45776
-3.5517 -4.4636
-3.55749 -4.46913
-3.56404 -4.47376
-3.56978 -4.47933
-3.57606 -4.48428
-3.58198 -4.48965
-3.58811 -4.49477
-3.59388 -4.5003
-3.60082 -4.50449
-3.60697 -4.50958
-3.61201 -4.51598
-3.61901 -4.52008
-3.62497 -4.5254
-3.63003 -4.53177
-3.6362 -4.53684
-3.64318 -4.54097
-3.64861 -4.54691
-3.65504 -4.55169
-3.66042 -4.55768
-3.667 -4.56227
-3.67265 -4.56796
-3.67931 -4.57246
-3.68467 -4.57848
-3.69122 -4.58312
-3.69763 -4.58791
-3.70341 -4.59343
-3.71001 -4.59801
-3.71526 -4.60416
-3.72212 -4.60843
-3.7272 -4.61478
-3.73323 -4.62002
-3.74023 -4.62412
-3.74577 -4.62992
-3.75251 -4.63433
-3.7587 -4.63938
-3.76467 -4.64469
-3.76982 -4.65096
-3.77676 -4.65514
-3.78195 -4.66136
-3.78788 -4.66671
-3.79474 -4.67098
-3.80067 -4.67634
-3.8069 -4.68134
-3.81235 -4.68725
-3.8184 -4.69246
-3.82497 -4.69708
-3.83114 -4.70215
-3.83764 -4.70683
-3.84289 -4.71298
-3.84951 -4.71754
-3.85472 -4.72373
-3.8613 -4.72833
-3.86729 -4.73362
-3.8737 -4.73858
-3.87473 -4.74303
-3.87729 -4.7468
-3.87914 -4.75258
-3.88083 -4.7584
-3.88317 -4.76405
-3.88441 -4.76908
-3.88535 -4.77447
-3.88507 -4.78004
-3.88609 -4.78538
-3.88646 -4.79318
-3.88703 -4.80098
-3.88721 -4.80879
-3.88736 -4.81659
-3.88725 -4.8244
-3.88642 -4.83221
-3.88814 -4.84
-3.88768 -4.84781
-3.88744 -4.85562
-3.88662 -4.86344
-3.8885 -4.87121
-3.88706 -4.87904
-3.88865 -4.88682
-3.88738 -4.89465
-3.88848 -4.90244
-3.88894 -4.91024
-3.88869 -4.91805
-3.88826 -4.92586
-3.88802 -4.93367
-3.88902 -4.94146
-3.88779 -4.94928
-3.88877 -4.95707
-3.88985 -4.96487
-3.8892 -4.97268
-3.88936 -4.98048
-3.88987 -4.98828
-3.89035 -4.99608
-3.88884 -5.00391
-3.88915 -5.01171
-3.89028 -5.0195
-3.88944 -5.02732
-3.88918 -5.03513
-3.88962 -5.04293
-3.89079 -5.05072
-3.89118 -5.05869
-3.88841 -5.06378
-3.88921 -5.06957
-3.88743 -5.07288
-3.88383 -5.07895
-3.88196 -5.08571
-3.88173 -5.087
-3.87584 -5.09242
-3.86983 -5.0977
-3.86371 -5.10283
-3.85652 -5.10669
-3.85055 -5.11201
-3.84454 -5.11728
-3.83799 -5.1219
-3.83178 -5.12694
-3.82592 -5.1324
-3.81971 -5.13742
-3.81355 -5.14252
-3.80744 -5.14767
-3.8008 -5.15219
-3.79469 -5.15734
-3.78862 -5.16255
-3.78242 -5.16759
-3.77659 -5.17308
-3.77111 -5.179
-3.76471 -5.1838
-3.75794 -5.18815
-3.75234 -5.19393
-3.74524 -5.19788
-3.74031 -5.20447
-3.73331 -5.20854
-3.72687 -5.2133
-3.72088 -5.21859
-3.71498 -5.22401
-3.70828 -5.22844
-3.70224 -5.23368
-3.69602 -5.23871
-3.69088 -5.24503
-3.68469 -5.2501
-3.67837 -5.25499
-3.67164 -5.25939
-3.66507 -5.26398
-3.65889 -5.26907
-3.65316 -5.27467
-3.64711 -5.27991
-3.64064 -5.28461
-3.63505 -5.2904
-3.62872 -5.2953
-3.62296 -5.30087
-3.61624 -5.30529
-3.61043 -5.31081
-3.60347 -5.31493
-3.59782 -5.32064
-3.5921 -5.32627
-3.58526 -5.33053
-3.57948 -5.33609
-3.57278 -5.34053
-3.56703 -5.34611
-3.5611 -5.35149
-3.55452 -5.35608
-3.54897 -5.36192
-3.54174 -5.36571
-3.53654 -5.37197
-3.52947 -5.37595
-3.5243 -5.38225
-3.51788 -5.38703
-3.51122 -5.39151
-3.50534 -5.39695
-3.49867 -5.40142
-3.49322 -5.40738
-3.4871 -5.41253
-3.48 -5.41648
-3.47466 -5.42256
-3.46808 -5.42714
-3.46262 -5.43309
-3.45565 -5.4372
-3.44983 -5.4427
-3.44291 -5.44687
-3.43722 -5.45254
-3.43118 -5.45779
-3.42515 -5.46303
-3.42201 -5.46549
-3.42155 -5.46495
-3.42103 -5.46441
-3.42048 -5.4639
-3.4199 -5.46344
-3.41929 -5.463
-3.41866 -5.46261
-3.418 -5.46226
-3.41732 -5.46195
-3.41662 -5.46168
-3.41591 -5.46145
-3.41519 -5.46127
-3.41445 -5.46114
-3.41371 -5.46105
-3.41297 -5.461
-3.41222 -5.46101
-3.41148 -5.46106
-3.41074 -5.46115
-3.41 -5.46129
-3.40081 -5.46337
-3.40012 -5.46355
-3.39944 -5.46377
-3.39878 -5.46402
-3.3699 -5.4767
-3.36923 -5.477
-3.36859 -5.47735
-3.35944 -5.48262
-3.3588 -5.48301
-3.3582 -5.48344
-3.35762 -5.48391
-3.35707 -5.48441
-3.35655 -5.48495
-3.35607 -5.48551
-3.35562 -5.48611
-3.35521 -5.48673
-3.35484 -5.48737
-3.35451 -5.48804
-3.34014 -5.51864
-3.33984 -5.51932
-3.33959 -5.52001
-3.33937 -5.52072
-3.3392 -5.52143
-3.33908 -5.52216
-3.339 -5.5229
-3.33896 -5.52363
-3.33897 -5.52437
-3.33903 -5.52511
-3.33913 -5.52584
-3.33928 -5.52656
-3.33947 -5.52728
-3.3397 -5.52798
-3.33998 -5.52866
-3.3403 -5.52933
-3.34065 -5.52997
-3.34105 -5.53059
-3.34135 -5.53101
-3.34135 -5.53101
-3.33807 -5.53332
-3.33248 -5.5391
-3.32589 -5.54368
-3.3204 -5.54958
-3.31343 -5.55369
-3.30772 -5.55933
-3.30173 -5.56464
-3.29604 -5.5703
-3.28951 -5.57495
-3.2832 -5.57986
-3.27635 -5.58412
-3.27044 -5.58951
-3.26458 -5.59497
-3.25806 -5.59963
-3.25272 -5.60572
-3.24667 -5.61095
-3.24032 -5.61581
-3.23411 -5.62084
-3.22722 -5.62504
-3.22086 -5.6299
-3.21535 -5.63578
-3.20969 -5.64147
-3.20314 -5.6461
-3.19615 -5.65019
-3.19016 -5.65549
-3.18489 -5.66166
-3.1788 -5.66684
-3.17189 -5.67102
-3.16552 -5.67585
-3.1602 -5.68197
-3.15342 -5.68631
-3.14798 -5.69229
-3.14152 -5.69701
-3.13506 -5.70174
-3.12834 -5.70615
-3.12221 -5.71128
-3.11692 -5.71744
-3.11092 -5.72272
-3.10432 -5.72729
-3.09849 -5.73277
-3.09203 -5.73751
-3.08515 -5.74173
-3.08013 -5.74821
-3.07313 -5.75228
-3.06731 -5.75778
-3.06044 -5.76201
-3.05476 -5.76769
-3.04833 -5.77246
-3.04253 -5.77799
-3.0358 -5.7823
-3.02987 -5.78711
-3.02885 -5.7891
-3.02138 -5.79204
-3.01419 -5.79549
-3.00764 -5.8001
-3.00037 -5.80341
-2.99378 -5.80794
-2.98676 -5.8117
-2.97944 -5.81493
-2.97295 -5.81964
-2.96625 -5.82397
-2.95861 -5.82662
-2.95188 -5.8309
-2.94501 -5.83494
-2.93847 -5.83954
-2.93136 -5.84314
-2.92446 -5.84713
-2.91771 -5.85138
-2.91065 -5.85505
-2.90338 -5.85836
-2.89671 -5.86276
-2.88991 -5.86692
-2.88244 -5.86987
-2.87563 -5.874
-2.8688 -5.8781
-2.86168 -5.88168
-2.8545 -5.88515
-2.84794 -5.88974
-2.8404 -5.89257
-2.83411 -5.89763
-2.82726 -5.9017
-2.81944 -5.90403
-2.81328 -5.90933
-2.80627 -5.9131
-2.79906 -5.91653
-2.79176 -5.91979
-2.78515 -5.92428
-2.7778 -5.92745
-2.77116 -5.93189
-2.76449 -5.93628
-2.75722 -5.93959
-2.75038 -5.94368
-2.74349 -5.94767
-2.73634 -5.95119
-2.72945 -5.95518
-2.72233 -5.95877
-2.71555 -5.96296
-2.70864 -5.96692
-2.70151 -5.97048
-2.69464 -5.97451
-2.68725 -5.9776
-2.6804 -5.98167
-2.67376 -5.9861
-2.6667 -5.98979
-2.66036 -5.99478
-2.65301 -5.99794
-2.64592 -6.00157
-2.63853 -6.00468
-2.63204 -6.00938
-2.62511 -6.01331
-2.61834 -6.01751
-2.61151 -6.02162
-2.60469 -6.02574
-2.59744 -6.02909
-2.58999 -6.03207
-2.58306 -6.036
-2.57605 -6.03977
-2.56949 -6.04436
-2.56226 -6.04773
-2.55558 -6.05212
-2.54887 -6.05642
-2.54194 -6.06035
-2.53431 -6.06302
-2.5278 -6.06769
-2.52058 -6.07108
-2.51395 -6.07554
-2.50696 -6.07937
-2.50001 -6.08325
-2.49298 -6.087
-2.48564 -6.09019
-2.47922 -6.09502
-2.47159 -6.09769
