0.832944 -2.38922
0.829726 -2.38646
0.826683 -2.38386
0.823641 -2.38126
0.820558 -2.37871
0.817476 -2.37616
0.814699 -2.37326
0.811923 -2.37037
0.808772 -2.36789
0.80562 -2.36542
0.799665 -2.36008
0.79676 -2.35733
0.793855 -2.35457
0.790974 -2.3518
0.788092 -2.34902
0.784933 -2.34655
0.781774 -2.34409
0.778891 -2.34131
0.776008 -2.33853
0.77008 -2.33316
0.76697 -2.33064
0.763859 -2.32812
0.760995 -2.32532
0.758131 -2.32253
0.752128 -2.31724
0.749074 -2.31466
0.746019 -2.31207
0.742924 -2.30953
0.739829 -2.307
0.736962 -2.3042
0.734095 -2.30141
0.728105 -2.29611
0.725252 -2.2933
0.722398 -2.29049
0.716474 -2.28511
0.71337 -2.28259
0.710266 -2.28006
0.704313 -2.27471
0.701182 -2.27222
0.698051 -2.26972
0.695132 -2.26698
0.692213 -2.26425
0.686161 -2.25902
0.683369 -2.25614
0.680576 -2.25326
0.677475 -2.25073
0.674374 -2.2482
0.671335 -2.2456
0.668296 -2.243
0.665431 -2.2402
0.662566 -2.2374
0.65664 -2.23203
0.650665 -2.22671
0.647508 -2.22424
0.64435 -2.22178
0.641533 -2.21893
0.638715 -2.21608
0.635627 -2.21353
0.632538 -2.21099
0.629711 -2.20815
0.626884 -2.20531
0.623833 -2.20272
0.620782 -2.20013
0.617649 -2.19764
0.614517 -2.19514
0.611683 -2.19231
0.608849 -2.18948
0.605893 -2.18678
0.602936 -2.18408
0.599045 -2.18082
0.592847 -2.17581
0.586682 -2.17075
0.58039 -2.16584
0.574313 -2.16067
0.567876 -2.15595
0.561846 -2.15072
0.555371 -2.14605
0.549475 -2.14066
0.542989 -2.136
0.536946 -2.13078
0.530594 -2.12596
0.524425 -2.1209
0.518081 -2.11606
0.512064 -2.11082
0.505987 -2.10565
0.499439 -2.10107
0.493208 -2.09609
0.486913 -2.09119
0.481051 -2.08576
0.47457 -2.08109
0.468339 -2.07611
0.462275 -2.07093
0.455967 -2.06604
0.450096 -2.06062
0.443786 -2.05574
0.437592 -2.05072
0.431282 -2.04584
0.425104 -2.04079
0.418953 -2.03571
0.412718 -2.03074
0.406167 -2.02616
0.400181 -2.02088
0.393733 -2.01617
0.387715 -2.01093
0.381353 -2.00611
0.375327 -2.00088
0.369281 -1.99567
0.363011 -1.99075
0.356932 -1.98558
0.350613 -1.98071
0.344119 -1.97606
0.338296 -1.97057
0.332067 -1.96559
0.325594 -1.96092
0.319632 -1.9556
0.316315 -1.95337
0.312997 -1.95113
0.310115 -1.94835
0.307233 -1.94557
0.300984 -1.94062
0.294409 -1.93607
0.288331 -1.9309
0.282024 -1.92601
0.275729 -1.92112
0.269586 -1.91603
0.263309 -1.91111
0.257209 -1.90597
0.251343 -1.90054
0.244932 -1.89578
0.238561 -1.89098
0.232451 -1.88585
0.226312 -1.88076
0.220188 -1.87565
0.214048 -1.87056
0.207821 -1.86557
0.201232 -1.86104
0.195293 -1.8557
0.189114 -1.85066
0.182882 -1.84568
0.176617 -1.84075
0.170109 -1.83611
0.167206 -1.83336
0.164303 -1.83061
0.158051 -1.82566
0.151512 -1.82106
0.145406 -1.81593
0.139096 -1.81105
0.132957 -1.80595
0.127078 -1.80054
0.120685 -1.79576
0.114368 -1.79089
0.108359 -1.78564
0.10223 -1.78054
0.0959827 -1.77558
0.0898221 -1.77051
0.0835444 -1.76559
0.0769895 -1.76102
0.0708049 -1.75598
0.0647262 -1.75081
0.0585492 -1.74577
0.0523654 -1.74073
0.0461774 -1.7357
0.0400337 -1.73062
0.0336713 -1.7258
0.0274006 -1.72087
0.0213378 -1.71569
0.0149667 -1.71088
0.00888739 -1.70572
0.00274235 -1.70063
-0.00376881 -1.696
-0.00992322 -1.69093
-0.0159193 -1.68566
-0.021954 -1.68044
-0.0252882 -1.67822
-0.0286224 -1.676
-0.0345516 -1.67065
-0.0410002 -1.66594
-0.047212 -1.66094
-0.0533808 -1.65589
-0.0597038 -1.65102
-0.0655614 -1.64558
-0.0717299 -1.6405
-0.0760176 -1.63817
-0.0797055 -1.63501
-0.0837685 -1.63237
-0.0881239 -1.63025
-0.0925471 -1.62829
-0.096954 -1.62636
-0.101371 -1.62434
-0.105884 -1.62248
-0.110714 -1.62185
-0.115414 -1.62083
-0.120207 -1.62015
-0.124928 -1.61877
-0.129795 -1.6192
-0.134613 -1.61893
-0.14165 -1.6188
-0.148688 -1.61824
-0.155725 -1.61887
-0.162763 -1.61878
-0.1698 -1.61882
-0.176838 -1.61901
-0.183875 -1.61867
-0.190913 -1.61862
-0.195763 -1.61922
-0.200595 -1.61947
-0.205413 -1.6202
-0.210322 -1.6204
-0.214973 -1.62189
-0.21984 -1.62262
-0.224303 -1.62462
-0.22909 -1.62581
-0.233257 -1.6284
-0.23776 -1.63028
-0.241759 -1.63309
-0.246151 -1.63524
-0.250064 -1.63815
-0.254083 -1.64092
-0.260128 -1.64616
-0.26644 -1.65107
-0.272477 -1.65631
-0.278791 -1.66122
-0.282023 -1.66358
-0.285254 -1.66594
-0.291408 -1.67104
-0.297655 -1.67603
-0.303788 -1.68116
-0.310001 -1.68619
-0.316176 -1.69126
-0.319149 -1.69394
-0.322121 -1.69662
-0.328249 -1.70175
-0.33451 -1.70672
-0.340883 -1.71156
-0.347075 -1.71661
-0.353161 -1.7218
-0.356371 -1.72418
-0.359582 -1.72657
-0.365632 -1.7318
-0.368621 -1.73446
-0.371609 -1.73712
-0.374873 -1.73944
-0.378137 -1.74176
-0.384189 -1.74699
-0.390515 -1.75188
-0.393505 -1.75454
-0.396494 -1.7572
-0.399757 -1.75952
-0.403021 -1.76184
-0.409019 -1.76713
-0.415421 -1.77193
-0.418388 -1.77462
-0.421355 -1.7773
-0.427509 -1.7824
-0.433753 -1.7874
-0.440013 -1.79237
-0.446416 -1.79716
-0.452534 -1.80231
-0.458782 -1.80729
-0.464788 -1.81258
-0.470887 -1.81775
-0.474133 -1.82009
-0.477379 -1.82243
-0.480375 -1.82508
-0.483371 -1.82774
-0.489625 -1.83271
-0.495975 -1.83758
-0.502141 -1.84266
-0.508161 -1.84793
-0.51433 -1.85301
-0.517628 -1.85529
-0.520926 -1.85757
-0.52391 -1.86024
-0.526894 -1.8629
-0.533295 -1.8677
-0.536253 -1.8704
-0.539212 -1.87309
-0.54242 -1.87548
-0.545628 -1.87787
-0.551649 -1.88314
-0.554901 -1.88547
-0.558152 -1.88781
-0.561068 -1.89056
-0.563984 -1.89331
-0.567202 -1.89589
-0.566787 -1.89625
-0.566605 -1.89703
-0.565774 -1.89739
-0.565527 -1.89813
-0.565452 -1.89892
-0.564816 -1.89949
-0.565261 -1.90041
-0.564805 -1.90106
-0.564946 -1.90184
-0.56476 -1.90255
-0.564338 -1.90328
-0.564618 -1.90404
-0.564438 -1.9048
-0.565084 -1.90547
-0.564917 -1.90626
-0.565057 -1.907
-0.566561 -1.91143
-0.568064 -1.91586
-0.568343 -1.9165
-0.568218 -1.91731
-0.568593 -1.91792
-0.569538 -1.9182
-0.573499 -1.92515
-0.57746 -1.9321
-0.581421 -1.93905
-0.581716 -1.93971
-0.581904 -1.94044
-0.582421 -1.94096
-0.583037 -1.94138
-0.58326 -1.94215
-0.583841 -1.9426
-0.584614 -1.9428
-0.58501 -1.94347
-0.585662 -1.9438
-0.586406 -1.94395
-0.590971 -1.94609
-0.595536 -1.94823
-0.595887 -1.94907
-0.603005 -1.95199
-0.60917 -1.95447
-0.615334 -1.95696
-0.621499 -1.95944
-0.627664 -1.96192
-0.633829 -1.9644
-0.63445 -1.96485
-0.635173 -1.965
-0.635735 -1.96575
-0.636544 -1.96561
-0.63728 -1.96576
-0.638057 -1.96543
-0.638785 -1.96556
-0.639518 -1.96546
-0.640312 -1.96593
-0.640988 -1.96535
-0.641831 -1.96567
-0.642513 -1.96527
-0.643271 -1.96512
-0.643933 -1.96472
-0.644671 -1.96448
-0.645116 -1.96373
-0.645813 -1.96342
-0.646542 -1.96311
-0.646916 -1.96238
-0.647396 -1.9618
-0.647774 -1.96114
-0.647923 -1.96102
-0.650989 -1.96369
-0.653981 -1.96634
-0.656974 -1.969
-0.663099 -1.97414
-0.666418 -1.97639
-0.669737 -1.97864
-0.675856 -1.98379
-0.681937 -1.98898
-0.688277 -1.99385
-0.694321 -1.99909
-0.697551 -2.00145
-0.700782 -2.00381
-0.706937 -2.00892
-0.709884 -2.01163
-0.712831 -2.01434
-0.718909 -2.01953
-0.722136 -2.0219
-0.725364 -2.02426
-0.731636 -2.02922
-0.737754 -2.03437
-0.744114 -2.03922
-0.750134 -2.04448
-0.756462 -2.04937
-0.762794 -2.05425
-0.768803 -2.05953
-0.77483 -2.06479
-0.781208 -2.06962
-0.787329 -2.07476
-0.793486 -2.07986
-0.799739 -2.08484
-0.802961 -2.08721
-0.806183 -2.08958
-0.812368 -2.09465
-0.815313 -2.09736
-0.818259 -2.10007
-0.824446 -2.10513
-0.827692 -2.10748
-0.830937 -2.10982
-0.833864 -2.11256
-0.836792 -2.11529
-0.843079 -2.12023
-0.84937 -2.12516
-0.855672 -2.13008
-0.861831 -2.13518
-0.868016 -2.14024
-0.874048 -2.14549
-0.877266 -2.14787
-0.880484 -2.15025
-0.886555 -2.15545
-0.892584 -2.16071
-0.895795 -2.16309
-0.899005 -2.16548
-0.902236 -2.16784
-0.905466 -2.1702
-0.908425 -2.1729
-0.911384 -2.1756
-0.917633 -2.18058
-0.923785 -2.18569
-0.930166 -2.19051
-0.933112 -2.19322
-0.936057 -2.19593
-0.942405 -2.2008
-0.94612 -2.20372
-0.948961 -2.20654
-0.951802 -2.20936
-0.954932 -2.21186
-0.958063 -2.21436
-0.960893 -2.21719
-0.963723 -2.22002
-0.966778 -2.22261
-0.969834 -2.22519
-0.972904 -2.22775
-0.975974 -2.23032
-0.978847 -2.2331
-0.981719 -2.23589
-0.987623 -2.24128
-0.993626 -2.24657
-0.999518 -2.25198
-1.00257 -2.25456
-1.00563 -2.25714
-1.00851 -2.25992
-1.01139 -2.26269
-1.01729 -2.26809
-1.0204 -2.27061
-1.02351 -2.27314
-1.02936 -2.27859
-1.03248 -2.28111
-1.03559 -2.28362
-1.03845 -2.28642
-1.04131 -2.28922
-1.04718 -2.29466
-1.05315 -2.29997
-1.05919 -2.30522
-1.06225 -2.3078
-1.06531 -2.31037
-1.06819 -2.31315
-1.07107 -2.31593
-1.0742 -2.31843
-1.07732 -2.32093
-1.08314 -2.32642
-1.08602 -2.32921
-1.08889 -2.33199
-1.09206 -2.33444
-1.09524 -2.33689
-1.10113 -2.34229
-1.1071 -2.34762
-1.10996 -2.35042
-1.11281 -2.35323
-1.1188 -2.35853
-1.12478 -2.36384
-1.12769 -2.36659
-1.13059 -2.36933
-1.13379 -2.37176
-1.13698 -2.37419
-1.13977 -2.37707
-1.14255 -2.37996
-1.14569 -2.38244
-1.14883 -2.38493
-1.15476 -2.39029
-1.15767 -2.39305
-1.16057 -2.3958
-1.16344 -2.39859
-1.16631 -2.40138
-1.16947 -2.40384
-1.17264 -2.40629
-1.17862 -2.41161
-1.18141 -2.41448
-1.18421 -2.41735
-1.18736 -2.41983
-1.19051 -2.42231
-1.19334 -2.42513
-1.19618 -2.42796
-1.19927 -2.4305
-1.20237 -2.43303
-1.20822 -2.43848
-1.21423 -2.44376
-1.21728 -2.44635
-1.22034 -2.44893
-1.22618 -2.45439
-1.22901 -2.45722
-1.23185 -2.46006
-1.2349 -2.46263
-1.23796 -2.46521
-1.24381 -2.47067
-1.24701 -2.47309
-1.25021 -2.47551
-1.25307 -2.47831
-1.25594 -2.4811
-1.26185 -2.48649
-1.26786 -2.49176
-1.27371 -2.49722
-1.27977 -2.50244
-1.28264 -2.50523
-1.2855 -2.50803
-1.29159 -2.51321
-1.29745 -2.51866
-1.30064 -2.5211
-1.30382 -2.52353
-1.3097 -2.52896
-1.31258 -2.53174
-1.31546 -2.53451
-1.32154 -2.53971
-1.3276 -2.54492
-1.33368 -2.55013
-1.33658 -2.55288
-1.33948 -2.55563
-1.34235 -2.55843
-1.34521 -2.56122
-1.35118 -2.56654
-1.3543 -2.56905
-1.35742 -2.57156
-1.36347 -2.5768
-1.36623 -2.57972
-1.36899 -2.58263
-1.37216 -2.58508
-1.37533 -2.58753
-1.3781 -2.59043
-1.38088 -2.59332
-1.38408 -2.59574
-1.38729 -2.59816
-1.39316 -2.60358
-1.39599 -2.60641
-1.39882 -2.60925
-1.40201 -2.61168
-1.4052 -2.61411
-1.40797 -2.61701
-1.41075 -2.61991
-1.41386 -2.62243
-1.41696 -2.62495
-1.41977 -2.62781
-1.42258 -2.63067
-1.42574 -2.63313
-1.4289 -2.6356
-1.43176 -2.6384
-1.43462 -2.6412
-1.43776 -2.64369
-1.4409 -2.64618
-1.44373 -2.64901
-1.44656 -2.65184
-1.4524 -2.65731
-1.45549 -2.65985
-1.45859 -2.66239
-1.46172 -2.66496
-1.46159 -2.66538
-1.4611 -2.66592
-1.46049 -2.6664
-1.45983 -2.66688
-1.45989 -2.66777
-1.45949 -2.66841
-1.45904 -2.66904
-1.45895 -2.66981
-1.45921 -2.67064
-1.45911 -2.67136
-1.4591 -2.67209
-1.45843 -2.67279
-1.45849 -2.67355
-1.45899 -2.67426
-1.45881 -2.67503
-1.45889 -2.67578
-1.45964 -2.67636
-1.461 -2.6809
-1.46237 -2.68545
-1.46256 -2.68612
-1.46294 -2.68671
-1.46285 -2.68751
-1.46309 -2.68819
-1.46372 -2.68864
-1.46735 -2.69359
-1.47098 -2.69854
-1.47462 -2.7035
-1.47825 -2.70845
-1.47851 -2.70908
-1.47902 -2.70952
-1.48151 -2.71271
-1.484 -2.7159
-1.48448 -2.71634
-1.4851 -2.71665
-1.48543 -2.71725
-1.48615 -2.71741
-1.4895 -2.71976
-1.49286 -2.72212
-1.49355 -2.7224
-1.49814 -2.72535
-1.50273 -2.7283
-1.50732 -2.73124
-1.5081 -2.73129
-1.5085 -2.73196
-1.50907 -2.73239
-1.50973 -2.73261
-1.51046 -2.73264
-1.51597 -2.73424
-1.52148 -2.73584
-1.52698 -2.73744
-1.52773 -2.73754
-1.52848 -2.73756
-1.52915 -2.73801
-1.52992 -2.73789
-1.53066 -2.7378
-1.53141 -2.73811
-1.53213 -2.73769
-1.53291 -2.7379
-1.53355 -2.73731
-1.53431 -2.73728
-1.53498 -2.73696
-1.53562 -2.73656
-1.53646 -2.73657
-1.53684 -2.73574
-1.53745 -2.73534
-1.53821 -2.73511
-1.53862 -2.73446
-1.53931 -2.73413
-1.54224 -2.73679
-1.54503 -2.73968
-1.54781 -2.74256
-1.55088 -2.74513
-1.55394 -2.7477
-1.55979 -2.75316
-1.56295 -2.75562
-1.56612 -2.75809
-1.56884 -2.76103
-1.57157 -2.76398
-1.57465 -2.76654
-1.57772 -2.7691
-1.58083 -2.77163
-1.58393 -2.77415
-1.58983 -2.77955
-1.59271 -2.78233
-1.59559 -2.78511
-1.59864 -2.7877
-1.6017 -2.79028
-1.60459 -2.79304
-1.60749 -2.79579
-1.61061 -2.79831
-1.61372 -2.80083
-1.61661 -2.8036
-1.61949 -2.80637
-1.62534 -2.81183
-1.63129 -2.81717
-1.6373 -2.82245
-1.64041 -2.82497
-1.64352 -2.82749
-1.64953 -2.83277
-1.65542 -2.83817
-1.65822 -2.84104
-1.66103 -2.8439
-1.66422 -2.84633
-1.66742 -2.84875
-1.6703 -2.85153
-1.67317 -2.85431
-1.67603 -2.85711
-1.67889 -2.85991
-1.682 -2.86243
-1.68511 -2.86496
-1.68818 -2.86752
-1.69125 -2.87009
-1.69401 -2.873
-1.69677 -2.87592
-1.69996 -2.87834
-1.70316 -2.88076
-1.70605 -2.88353
-1.70894 -2.8863
-1.71486 -2.89167
-1.71792 -2.89425
-1.72097 -2.89684
-1.72684 -2.90227
-1.7329 -2.9075
-1.73888 -2.9128
-1.74487 -2.9181
-1.74778 -2.92085
-1.75068 -2.9236
-1.75657 -2.92901
-1.76266 -2.9342
-1.76556 -2.93695
-1.76847 -2.9397
-1.77444 -2.94502
-1.78044 -2.95031
-1.78642 -2.95562
-1.79229 -2.96105
-1.79539 -2.96358
-1.79849 -2.96611
-1.80449 -2.97141
-1.80728 -2.97428
-1.81007 -2.97716
-1.81596 -2.98257
-1.81904 -2.98512
-1.82213 -2.98767
-1.825 -2.99046
-1.82786 -2.99325
-1.83108 -2.99565
-1.83429 -2.99806
-1.84029 -3.00335
-1.84311 -3.00619
-1.84593 -3.00904
-1.85175 -3.01452
-1.85769 -3.01989
-1.86375 -3.0251
-1.86682 -3.02767
-1.86988 -3.03024
-1.87295 -3.0328
-1.87603 -3.03537
-1.87885 -3.03821
-1.88167 -3.04105
-1.88769 -3.04632
-1.89367 -3.05163
-1.89656 -3.0544
-1.89945 -3.05716
-1.90257 -3.05967
-1.9057 -3.06217
-1.91178 -3.06737
-1.9146 -3.07021
-1.91742 -3.07306
-1.92056 -3.07555
-1.9237 -3.07804
-1.92655 -3.08084
-1.92941 -3.08364
-1.93539 -3.08895
-1.94139 -3.09424
-1.94721 -3.09973
-1.95031 -3.10226
-1.95342 -3.10478
-1.95926 -3.11025
-1.96529 -3.1155
-1.97124 -3.12084
-1.9741 -3.12365
-1.97695 -3.12646
-1.98001 -3.12903
-1.98307 -3.13161
-1.98897 -3.13701
-1.99495 -3.14232
-2.00098 -3.14758
-2.00404 -3.15015
-2.00711 -3.15271
-2.00989 -3.15561
-2.01267 -3.1585
-2.01875 -3.16369
-2.02185 -3.16622
-2.02495 -3.16875
-2.02773 -3.17165
-2.0305 -3.17455
-2.03655 -3.17978
-2.03963 -3.18233
-2.04272 -3.18488
-2.04856 -3.19035
-2.05448 -3.19572
-2.06053 -3.20095
-2.06363 -3.20349
-2.06673 -3.20602
-2.06959 -3.20881
-2.07246 -3.21161
-2.07552 -3.21418
-2.07858 -3.21676
-2.08145 -3.21955
-2.08432 -3.22234
-2.08739 -3.22491
-2.09045 -3.22748
-2.0965 -3.23271
-2.10248 -3.23802
-2.10532 -3.24084
-2.10815 -3.24367
-2.11399 -3.24914
-2.11705 -3.25172
-2.12012 -3.25429
-2.1229 -3.25684
-2.12275 -3.2569
-2.12261 -3.25779
-2.12222 -3.25843
-2.12141 -3.25877
-2.1211 -3.25948
-2.12089 -3.26022
-2.12051 -3.26088
-2.12035 -3.26163
-2.12008 -3.26234
-2.11973 -3.26304
-2.11962 -3.2638
-2.11955 -3.26457
-2.12007 -3.26535
-2.12014 -3.26609
-2.12024 -3.26682
-2.12088 -3.27195
-2.12151 -3.27709
-2.12136 -3.27787
-2.12153 -3.2786
-2.12225 -3.27918
-2.12188 -3.28009
-2.12284 -3.2805
-2.12303 -3.28121
-2.12341 -3.28183
-2.12338 -3.28274
-2.12759 -3.28808
-2.13179 -3.29341
-2.136 -3.29874
-2.14021 -3.30407
-2.14441 -3.3094
-2.14862 -3.31474
-2.14861 -3.31566
-2.14956 -3.3158
-2.14987 -3.3165
-2.15022 -3.31719
-2.1507 -3.31778
-2.1514 -3.31808
-2.15205 -3.31844
-2.15286 -3.31847
-2.15346 -3.31889
-2.15425 -3.31885
-2.15987 -3.3208
-2.16549 -3.32275
-2.1711 -3.32469
-2.17675 -3.32644
-2.1824 -3.32818
-2.18805 -3.32993
-2.18872 -3.33027
-2.18955 -3.32996
-2.1902 -3.3305
-2.19096 -3.33042
-2.19169 -3.33073
-2.19243 -3.33027
-2.19316 -3.33022
-2.19386 -3.32996
-2.19458 -3.32987
-2.1954 -3.33005
-2.19608 -3.32972
-2.19675 -3.32939
-2.19724 -3.3287
-2.19787 -3.32834
-2.19871 -3.32829
-2.1991 -3.32757
-2.19946 -3.32687
-2.2003 -3.3267
-2.20067 -3.32632
-2.20334 -3.32918
-2.20644 -3.33171
-2.20954 -3.33424
-2.2124 -3.33704
-2.21526 -3.33984
-2.21842 -3.34231
-2.22157 -3.34478
-2.22745 -3.35021
-2.23327 -3.35569
-2.23635 -3.35825
-2.23942 -3.36081
-2.24539 -3.36613
-2.24824 -3.36895
-2.25108 -3.37178
-2.25701 -3.37713
-2.26019 -3.37958
-2.26337 -3.38202
-2.26621 -3.38485
-2.26904 -3.38767
-2.27505 -3.39295
-2.28095 -3.39836
-2.28411 -3.40081
-2.28728 -3.40327
-2.29322 -3.40863
-2.29596 -3.41156
-2.29871 -3.41449
-2.30186 -3.41695
-2.30502 -3.41942
-2.31084 -3.42491
-2.31691 -3.43012
-2.32281 -3.43553
-2.32878 -3.44084
-2.33168 -3.4436
-2.33458 -3.44636
-2.33773 -3.44883
-2.34087 -3.45131
-2.34669 -3.4568
-2.35264 -3.46215
-2.35573 -3.46469
-2.35883 -3.46722
-2.36471 -3.47265
-2.37064 -3.47802
-2.3765 -3.48345
-2.37933 -3.48629
-2.38216 -3.48912
-2.38534 -3.49156
-2.38853 -3.494
-2.39436 -3.49947
-2.39724 -3.50225
-2.40012 -3.50503
-2.40619 -3.51023
-2.41214 -3.51559
-2.41815 -3.52086
-2.42412 -3.52618
-2.42721 -3.52872
-2.4303 -3.53127
-2.43317 -3.53406
-2.43603 -3.53685
-2.44207 -3.54209
-2.44794 -3.54753
-2.45106 -3.55004
-2.45418 -3.55255
-2.46007 -3.55796
-2.46292 -3.56077
-2.46578 -3.56357
-2.47187 -3.56875
-2.47493 -3.57134
-2.47798 -3.57392
-2.48084 -3.57672
-2.48371 -3.57951
-2.48968 -3.58483
-2.49551 -3.59031
-2.50141 -3.59571
-2.50459 -3.59815
-2.50777 -3.60059
-2.51366 -3.606
-2.51955 -3.61142
-2.52245 -3.61417
-2.52536 -3.61692
-2.53134 -3.62222
-2.53442 -3.62478
-2.5375 -3.62733
-2.54033 -3.63017
-2.54315 -3.63301
-2.54624 -3.63556
-2.54932 -3.63811
-2.55218 -3.64091
-2.55503 -3.64372
-2.56098 -3.64907
-2.56706 -3.65426
-2.57296 -3.65966
-2.57616 -3.66209
-2.57935 -3.66451
-2.58211 -3.66743
-2.58486 -3.67034
-2.59092 -3.67557
-2.5968 -3.68099
-2.6029 -3.68617
-2.60878 -3.69159
-2.61192 -3.69407
-2.61507 -3.69656
-2.61792 -3.69936
-2.62078 -3.70216
-2.62391 -3.70466
-2.62703 -3.70717
-2.6298 -3.71007
-2.63256 -3.71298
-2.63566 -3.71551
-2.63876 -3.71804
-2.64485 -3.72323
-2.65067 -3.72872
-2.65373 -3.73129
-2.6568 -3.73387
-2.65967 -3.73665
-2.66254 -3.73944
-2.66562 -3.74199
-2.6687 -3.74455
-2.67465 -3.74989
-2.67743 -3.75279
-2.6802 -3.75568
-2.68333 -3.75818
-2.68647 -3.76068
-2.6893 -3.76351
-2.69213 -3.76634
-2.69519 -3.76892
-2.69824 -3.7715
-2.70408 -3.77696
-2.70723 -3.77944
-2.71038 -3.78192
-2.71319 -3.78477
-2.71601 -3.78762
-2.72199 -3.79293
-2.72512 -3.79543
-2.72826 -3.79792
-2.73412 -3.80337
-2.73702 -3.80612
-2.73992 -3.80887
-2.74597 -3.81411
-2.74905 -3.81666
-2.75214 -3.8192
-2.7549 -3.82212
-2.75766 -3.82503
-2.76077 -3.82755
-2.76388 -3.83007
-2.76991 -3.83532
-2.77585 -3.84067
-2.77867 -3.84352
-2.78149 -3.84637
-2.78461 -3.84887
-2.78773 -3.85138
-2.79377 -3.85663
-2.79662 -3.85943
-2.79948 -3.86224
-2.80259 -3.86476
-2.80569 -3.86729
-2.81152 -3.87277
-2.81463 -3.87529
-2.81774 -3.8778
-2.82054 -3.88068
-2.82333 -3.88356
-2.82928 -3.8889
-2.83513 -3.89436
-2.83824 -3.89687
-2.84136 -3.89938
-2.84722 -3.90483
-2.8531 -3.91025
-2.85908 -3.91556
-2.86495 -3.92099
-2.87101 -3.92622
-2.8769 -3.93162
-2.88293 -3.93687
-2.88611 -3.93932
-2.88928 -3.94178
-2.89206 -3.94466
-2.89484 -3.94755
-2.89797 -3.95005
-2.9011 -3.95255
-2.90705 -3.95789
-2.90994 -3.96066
-2.91282 -3.96344
-2.91877 -3.96878
-2.92468 -3.97416
-2.93062 -3.97952
-2.93661 -3.98482
-2.94264 -3.99007
-2.9457 -3.99266
-2.94875 -3.99524
-2.95461 -4.00069
-2.95769 -4.00324
-2.96077 -4.00579
-2.96358 -4.00865
-2.96639 -4.01151
-2.9693 -4.01425
-2.9722 -4.017
-2.97824 -4.02224
-2.98425 -4.02752
-2.99026 -4.0328
-2.99336 -4.03534
-2.99645 -4.03787
-3.00228 -4.04335
-3.00516 -4.04613
-3.00805 -4.0489
-3.01398 -4.05426
-3.01711 -4.05676
-3.02024 -4.05926
-3.02629 -4.06449
-3.03218 -4.0699
-3.03811 -4.07527
-3.041 -4.07804
-3.04389 -4.0808
-3.04997 -4.086
-3.05303 -4.08857
-3.0561 -4.09114
-3.05901 -4.09389
-3.06192 -4.09663
-3.06799 -4.10183
-3.07079 -4.10471
-3.07359 -4.10758
-3.07953 -4.11293
-3.08272 -4.11536
-3.08591 -4.11779
-3.09175 -4.12325
-3.09462 -4.12605
-3.09748 -4.12885
-3.10063 -4.13132
-3.10378 -4.13379
-3.10664 -4.1366
-3.10949 -4.13941
-3.11532 -4.14489
-3.12133 -4.15017
-3.12736 -4.15542
-3.13046 -4.15795
-3.13356 -4.16049
-3.13956 -4.16577
-3.1424 -4.16859
-3.14524 -4.17141
-3.1483 -4.17398
-3.15137 -4.17656
-3.15416 -4.17943
-3.15696 -4.1823
-3.16018 -4.1847
-3.1634 -4.18709
-3.16616 -4.19
-3.16892 -4.19292
-3.17206 -4.19541
-3.1752 -4.19789
-3.17811 -4.20064
-3.18101 -4.20339
-3.1839 -4.20616
-3.18679 -4.20893
-3.18998 -4.21136
-3.19316 -4.2138
-3.19918 -4.21907
-3.20201 -4.2219
-3.20484 -4.22473
-3.21073 -4.23014
-3.21663 -4.23554
-3.21971 -4.2381
-3.22278 -4.24066
-3.2287 -4.24604
-3.23468 -4.25135
-3.23776 -4.25391
-3.24083 -4.25647
-3.24373 -4.25923
-3.24662 -4.26199
-3.24968 -4.26457
-3.25274 -4.26715
-3.25872 -4.27245
-3.26162 -4.27521
-3.26452 -4.27797
-3.26762 -4.2805
-3.27071 -4.28304
-3.27351 -4.28591
-3.2763 -4.28878
-3.28229 -4.29409
-3.28536 -4.29665
-3.28843 -4.29921
-3.2915 -4.30178
-3.29457 -4.30435
-3.29729 -4.3073
-3.30001 -4.31026
-3.30607 -4.31548
-3.31213 -4.3207
-3.31504 -4.32345
-3.31794 -4.32621
-3.32105 -4.32873
-3.32416 -4.33125
-3.33017 -4.33652
-3.33307 -4.33928
-3.33597 -4.34203
-3.33885 -4.34481
-3.34173 -4.34759
-3.34495 -4.34999
-3.34816 -4.35239
-3.35094 -4.35528
-3.35373 -4.35817
-3.35687 -4.36064
-3.36002 -4.36312
-3.36602 -4.36841
-3.37196 -4.37377
-3.3748 -4.37659
-3.37764 -4.37941
-3.38348 -4.38488
-3.38656 -4.38744
-3.38963 -4.39
-3.39253 -4.39276
-3.39542 -4.39552
-3.40137 -4.40087
-3.40442 -4.40345
-3.40748 -4.40603
-3.41037 -4.4088
-3.41326 -4.41156
-3.41644 -4.41401
-3.41962 -4.41645
-3.4255 -4.42187
-3.43146 -4.4272
-3.43751 -4.43243
-3.44036 -4.43524
-3.44322 -4.43805
-3.44611 -4.44081
-3.44901 -4.44357
-3.45509 -4.44877
-3.46104 -4.4541
-3.46695 -4.45949
-3.47013 -4.46194
-3.4733 -4.46439
-3.47933 -4.46965
-3.48221 -4.47242
-3.4851 -4.47519
-3.49114 -4.48044
-3.49707 -4.48579
-3.50314 -4.491
-3.50593 -4.49388
-3.50872 -4.49676
-3.5118 -4.49932
-3.51488 -4.50187
-3.52097 -4.50706
-3.52385 -4.50983
-3.52674 -4.51261
-3.53277 -4.51786
-3.53865 -4.52327
-3.54154 -4.52604
-3.54443 -4.52881
-3.55036 -4.53417
-3.55639 -4.53943
-3.56238 -4.54473
-3.56555 -4.54718
-3.56872 -4.54964
-3.57468 -4.55497
-3.57746 -4.55786
-3.58025 -4.56074
-3.58338 -4.56323
-3.58652 -4.56572
-3.59251 -4.57103
-3.59853 -4.57629
-3.60135 -4.57913
-3.60417 -4.58198
-3.61005 -4.5874
-3.61313 -4.58995
-3.61622 -4.5925
-3.61908 -4.5953
-3.62193 -4.5981
-3.62509 -4.60058
-3.62824 -4.60305
-3.63111 -4.60584
-3.63397 -4.60863
-3.63709 -4.61114
-3.64022 -4.61365
-3.64302 -4.61652
-3.64582 -4.61938
-3.65177 -4.62472
-3.65787 -4.6299
-3.66385 -4.63521
-3.6669 -4.63779
-3.66996 -4.64037
-3.676 -4.64562
-3.67877 -4.64852
-3.68154 -4.65142
-3.68752 -4.65673
-3.69057 -4.65932
-3.69362 -4.6619
-3.69669 -4.66447
-3.69976 -4.66703
-3.70267 -4.66978
-3.70557 -4.67253
-3.70863 -4.67511
-3.71169 -4.67768
-3.71456 -4.68048
-3.71742 -4.68327
-3.72347 -4.68851
-3.72955 -4.69371
-3.73539 -4.69918
-3.73848 -4.70172
-3.74157 -4.70426
-3.7475 -4.70962
-3.75334 -4.71509
-3.75929 -4.72044
-3.76235 -4.72301
-3.76541 -4.72559
-3.76822 -4.72844
-3.77104 -4.73129
-3.77415 -4.73381
-3.77725 -4.73634
-3.78325 -4.74163
-3.78604 -4.74451
-3.78882 -4.74739
-3.7949 -4.75259
-3.79802 -4.7551
-3.80114 -4.75761
-3.80393 -4.76049
-3.80672 -4.76338
-3.80988 -4.76584
-3.81304 -4.7683
-3.8158 -4.77121
-3.81856 -4.77412
-3.82164 -4.77668
-3.82471 -4.77924
-3.8278 -4.78179
-3.83089 -4.78435
-3.83395 -4.78811
-3.8377 -4.79118
-3.84119 -4.79508
-3.84451 -4.79912
-3.8472 -4.80158
-3.84968 -4.80531
-3.85297 -4.80909
-3.8562 -4.81292
-3.85867 -4.81727
-3.8615 -4.82142
-3.86356 -4.82598
-3.86562 -4.83051
-3.86728 -4.83523
-3.86969 -4.83971
-3.87069 -4.84462
-3.87186 -4.84948
-3.87244 -4.85445
-3.87374 -4.85934
-3.87334 -4.86437
-3.87382 -4.86934
-3.87391 -4.87716
-3.87406 -4.88497
-3.87457 -4.89279
-3.87394 -4.90061
-3.8742 -4.90843
-3.87474 -4.91624
-3.87459 -4.92406
-3.87444 -4.93188
-3.87473 -4.9397
-3.87448 -4.94752
-3.8746 -4.95534
-3.87506 -4.96315
-3.87519 -4.97097
-3.87479 -4.97879
-3.87519 -4.98661
-3.87537 -4.99442
-3.87499 -5.00225
-3.87476 -5.01007
-3.8752 -5.01788
-3.87558 -5.0257
-3.87549 -5.03352
-3.87538 -5.04134
-3.87506 -5.04916
-3.8758 -5.05698
-3.87549 -5.06159
-3.87504 -5.06618
-3.87488 -5.07081
-3.87416 -5.07539
-3.87293 -5.07984
-3.87165 -5.08425
-3.87034 -5.08868
-3.86881 -5.09301
-3.86698 -5.09724
-3.86534 -5.10155
-3.86309 -5.10558
-3.86096 -5.10968
-3.85985 -5.11136
-3.85675 -5.11701
-3.85347 -5.12168
-3.84971 -5.12601
-3.84668 -5.13108
-3.84331 -5.13458
-3.84048 -5.13851
-3.83726 -5.14162
-3.8346 -5.14522
-3.83146 -5.1484
-3.82789 -5.1511
-3.82197 -5.15645
-3.81629 -5.16208
-3.81036 -5.16742
-3.80426 -5.17257
-3.79847 -5.17807
-3.79528 -5.18049
-3.79209 -5.18291
-3.78645 -5.18858
-3.78055 -5.19395
-3.77734 -5.19635
-3.77414 -5.19876
-3.76813 -5.20401
-3.76227 -5.20943
-3.75639 -5.21484
-3.75028 -5.21997
-3.74421 -5.22515
-3.7384 -5.23064
-3.73221 -5.23569
-3.72927 -5.2387
-3.72927 -5.2387
-3.72969 -5.23929
-3.73005 -5.23991
-3.73079 -5.24032
-3.73092 -5.24107
-3.73156 -5.2416
-3.73139 -5.24244
-3.73204 -5.24301
-3.73186 -5.24381
-3.73221 -5.24449
-3.73239 -5.24522
-3.73198 -5.24596
-3.7323 -5.24669
-3.73232 -5.25199
-3.73234 -5.25729
-3.73201 -5.25801
-3.7321 -5.25878
-3.73154 -5.25941
-3.73173 -5.26023
-3.73108 -5.26078
-3.73074 -5.26142
-3.73099 -5.26236
-3.73036 -5.26286
-3.72974 -5.26331
-3.72936 -5.26394
-3.72591 -5.26902
-3.72247 -5.27409
-3.71902 -5.27917
-3.71558 -5.28424
-3.71466 -5.28441
-3.71468 -5.28541
-3.71398 -5.28574
-3.71354 -5.28634
-3.71265 -5.28635
-3.70812 -5.28975
-3.70359 -5.29315
-3.69905 -5.29655
-3.69852 -5.29712
-3.69757 -5.29696
-3.69707 -5.29761
-3.68995 -5.30121
-3.68282 -5.30482
-3.68196 -5.30464
-3.68137 -5.30505
-3.68072 -5.30533
-3.67518 -5.30701
-3.66965 -5.3087
-3.66412 -5.31038
-3.66348 -5.31086
-3.66273 -5.3108
-3.66204 -5.31122
-3.6613 -5.3115
-3.66056 -5.31124
-3.65982 -5.31113
-3.65906 -5.31125
-3.65836 -5.311
-3.65761 -5.31094
-3.65695 -5.31056
-3.65615 -5.31058
-3.65543 -5.31034
-3.65476 -5.30999
-3.65405 -5.3097
-3.65349 -5.30918
-3.65312 -5.30846
-3.65222 -5.30833
-3.65207 -5.30744
-3.652 -5.30735
-3.64883 -5.31009
-3.64564 -5.3125
-3.64244 -5.31491
-3.63969 -5.31783
-3.63694 -5.32075
-3.63091 -5.32597
-3.62469 -5.33099
-3.61851 -5.33605
-3.61577 -5.33897
-3.61302 -5.34189
-3.60983 -5.3443
-3.60664 -5.34672
-3.6007 -5.35205
-3.59465 -5.35726
-3.58863 -5.36251
-3.58587 -5.36541
-3.5831 -5.3683
-3.57702 -5.37347
-3.57086 -5.37855
-3.56519 -5.38419
-3.55906 -5.38931
-3.55319 -5.39473
-3.54715 -5.39994
-3.54396 -5.40236
-3.54078 -5.40479
-3.53505 -5.41036
-3.52887 -5.41542
-3.52313 -5.42097
-3.5173 -5.42643
-3.5141 -5.42884
-3.51091 -5.43126
-3.50514 -5.43678
-3.4993 -5.44223
-3.49312 -5.44729
-3.48713 -5.45256
-3.48117 -5.45788
-3.47534 -5.46332
-3.46913 -5.46835
-3.46322 -5.47373
-3.45746 -5.47925
-3.45151 -5.48457
-3.44521 -5.4895
-3.43937 -5.49495
-3.43358 -5.50045
-3.43036 -5.50284
-3.42714 -5.50522
-3.42124 -5.51059
-3.41555 -5.5162
-3.40949 -5.5214
-3.40342 -5.5266
-3.39742 -5.53186
-3.39165 -5.53738
-3.3856 -5.54258
-3.3795 -5.54773
-3.37366 -5.55319
-3.37047 -5.5556
-3.36728 -5.55801
-3.36156 -5.5636
-3.35577 -5.5691
-3.34954 -5.5741
-3.34349 -5.57931
-3.33764 -5.58475
-3.33139 -5.58973
-3.32865 -5.59266
-3.32591 -5.59559
-3.31985 -5.60078
-3.31385 -5.60604
-3.30791 -5.61137
-3.3047 -5.61377
-3.30149 -5.61616
-3.29585 -5.62184
-3.28968 -5.62691
-3.28695 -5.62965
-3.28676 -5.62904
-3.28587 -5.62884
-3.28542 -5.62824
-3.28481 -5.62781
-3.28397 -5.62773
-3.2834 -5.62727
-3.28293 -5.62661
-3.28212 -5.62658
-3.2816 -5.62586
-3.28076 -5.62601
-3.28003 -5.6259
-3.2793 -5.62583
-3.2786 -5.62541
-3.27786 -5.62519
-3.27711 -5.62578
-3.27637 -5.62578
-3.27171 -5.62639
-3.26706 -5.627
-3.26629 -5.62664
-3.26571 -5.62737
-3.26489 -5.62698
-3.26427 -5.62742
-3.25841 -5.62972
-3.25256 -5.63202
-3.2467 -5.63432
-3.24084 -5.63661
-3.2402 -5.63703
-3.23954 -5.63737
-3.23883 -5.63762
-3.23832 -5.63821
-3.23741 -5.63821
-3.2372 -5.63916
-3.23641 -5.6394
-3.23595 -5.64
-3.2322 -5.64398
-3.22845 -5.64795
-3.2247 -5.65192
-3.22471 -5.65291
-3.22396 -5.65322
-3.22338 -5.65371
-3.22331 -5.65453
-3.22005 -5.66061
-3.21679 -5.66669
-3.21353 -5.67277
-3.21027 -5.67886
-3.20701 -5.68494
-3.20688 -5.68571
-3.20689 -5.68651
-3.20632 -5.68709
-3.20597 -5.68777
-3.20588 -5.68853
-3.20602 -5.68931
-3.20572 -5.69003
-3.20623 -5.69079
-3.20582 -5.69155
-3.20572 -5.69233
-3.20598 -5.69306
-3.20667 -5.69366
-3.20645 -5.69451
-3.20664 -5.69525
-3.20705 -5.6959
-3.20786 -5.69632
-3.20778 -5.69724
-3.20827 -5.69783
-3.20899 -5.69823
-3.20902 -5.69829
-3.20586 -5.70081
-3.20008 -5.70632
-3.19389 -5.71137
-3.18807 -5.71684
-3.18228 -5.72234
-3.17615 -5.72746
-3.17038 -5.73298
-3.16406 -5.73789
-3.15794 -5.74301
-3.15513 -5.74586
-3.15231 -5.7487
-3.14606 -5.75367
-3.14018 -5.75908
-3.134 -5.76414
-3.13122 -5.76702
-3.12843 -5.76989
-3.12526 -5.77233
-3.12208 -5.77476
-3.11644 -5.78043
-3.11042 -5.78567
-3.10411 -5.79059
-3.0981 -5.79584
-3.09228 -5.80131
-3.08625 -5.80654
-3.08016 -5.81167
-3.07707 -5.81433
-3.07404 -5.81703
-3.0709 -5.81966
-3.06756 -5.82202
-3.06393 -5.82388
-3.06034 -5.8258
-3.05666 -5.82754
-3.05298 -5.8293
-3.0457 -5.83245
-3.03816 -5.835
-3.03097 -5.83837
-3.02361 -5.84132
-3.01636 -5.84456
-3.00919 -5.84797
-3.00182 -5.85093
-2.99451 -5.854
-2.98711 -5.85689
-2.97982 -5.86002
-2.97261 -5.86335
-2.96523 -5.86625
-2.9578 -5.86905
-2.95066 -5.87255
-2.94325 -5.87541
-2.93582 -5.87821
-2.92857 -5.88144
-2.92134 -5.88473
-2.91409 -5.88795
-2.90664 -5.8907
-2.89928 -5.89366
-2.89214 -5.89717
-2.88478 -5.90014
-2.87747 -5.90322
-2.87006 -5.90607
-2.86275 -5.90915
-2.85558 -5.91258
-2.84827 -5.91566
-2.84072 -5.91818
-2.83342 -5.92129
-2.82627 -5.92476
-2.8188 -5.92747
-2.8115 -5.93057
-2.80427 -5.93384
-2.79689 -5.93676
-2.78971 -5.94017
-2.78231 -5.94304
-2.77512 -5.9464
-2.76773 -5.94931
-2.76034 -5.95221
-2.75288 -5.95494
-2.74569 -5.95831
-2.73835 -5.96133
-2.73095 -5.96421
-2.72366 -5.96734
-2.71655 -5.9709
-2.70901 -5.97345
-2.70192 -5.97706
-2.69452 -5.97993
-2.68714 -5.98285
-2.67976 -5.98576
-2.67254 -5.98907
-2.6651 -5.99184
-2.65806 -5.99558
-2.65068 -5.99849
-2.64333 -6.00149
-2.63597 -6.00445
-2.62873 -6.00771
-2.62122 -6.01033
-2.61408 -6.01381
-2.60682 -6.01702
-2.59952 -6.02012
-2.59214 -6.02306
-2.58467 -6.02574
-2.57753 -6.02924
-2.57014 -6.03215
-2.56274 -6.03501
-2.55557 -6.03843
-2.54833 -6.04169
-2.54083 -6.04433
-2.53371 -6.04786
-2.52616 -6.05038
-2.51883 -6.05342
-2.51167 -6.05687
-2.50445 -6.06016
-2.49706 -6.06307
-2.48965 -6.06592
-2.48239 -6.06911
-2.47496 -6.07191
-2.46774 -6.07523
-2.46047 -6.07839
-2.45307 -6.08127
-2.44579 -6.08443
-2.43838 -6.08727
-2.43133 -6.09099
-2.42398 -6.09398
-2.41656 -6.09681
-2.40911 -6.09951
-2.40458 -6.10155
-2.39985 -6.10298
-2.39512 -6.10446
-2.39032 -6.10574
-2.3854 -6.10631
-2.38052 -6.10722
-2.37558 -6.10761
-2.37062 -6.10766
-2.36662 -6.10782
-2.36263 -6.10798
-2.35863 -6.10782
-2.35463 -6.10767
-2.34664 -6.1079
-2.33864 -6.1079
-2.33065 -6.10794
-2.32665 -6.10769
-2.32265 -6.10744
-2.31865 -6.10771
-2.31466 -6.10798
-2.31066 -6.10778
-2.30666 -6.10758
-2.29867 -6.10786
-2.29067 -6.10785
-2.28268 -6.10797
-2.27468 -6.10805
-2.27068 -6.1079
-2.26668 -6.10774
-2.25869 -6.10751
-2.25469 -6.10768
-2.2507 -6.10786
-2.2427 -6.10802
-2.23471 -6.10803
-2.22671 -6.10817
-2.22271 -6.10784
-2.21871 -6.10751
-2.21472 -6.10766
-2.21072 -6.10781
-2.20272 -6.10768
-2.19873 -6.10793
-2.19473 -6.10819
-2.18674 -6.10809
-2.17874 -6.10833
-2.17474 -6.10816
-2.17074 -6.10799
-2.16275 -6.10803
-2.15476 -6.10812
-2.14676 -6.10792
-2.14276 -6.1081
-2.13877 -6.10827
-2.13077 -6.10832
-2.12677 -6.10812
-2.12277 -6.10793
-2.11478 -6.10797
-2.10678 -6.10817
-2.09879 -6.1084
-2.09479 -6.1081
-2.09079 -6.10781
-2.0828 -6.10779
-2.0748 -6.10795
-2.07081 -6.10821
-2.06681 -6.10847
-2.05882 -6.10839
-2.05482 -6.10814
-2.05082 -6.10789
-2.04682 -6.10819
-2.04283 -6.10848
-2.03883 -6.10827
-2.03483 -6.10806
-2.02683 -6.10796
-2.01884 -6.10783
-2.01484 -6.10814
-2.01084 -6.10844
-2.00685 -6.10819
-2.00285 -6.10794
-1.99485 -6.10817
-1.98686 -6.10818
-1.97886 -6.10809
-1.97487 -6.10831
-1.97087 -6.10853
-1.96687 -6.10831
-1.96287 -6.1081
-1.95888 -6.1083
-1.95488 -6.1085
-1.94688 -6.10856
-1.94289 -6.10834
-1.93889 -6.10812
-1.93489 -6.10833
-1.93089 -6.10853
-1.9269 -6.10833
-1.9229 -6.10813
-1.9189 -6.10838
-1.9149 -6.10863
-1.90691 -6.10861
-1.89891 -6.10841
-1.89092 -6.10858
-1.88292 -6.10873
-1.87893 -6.1084
-1.87493 -6.10807
-1.87093 -6.10827
-1.86693 -6.10846
-1.85894 -6.10848
-1.85094 -6.10847
-1.84295 -6.10828
-1.83495 -6.10817
-1.83096 -6.10835
-1.82696 -6.10852
-1.81896 -6.10833
-1.81097 -6.10812
-1.80297 -6.10827
-1.79498 -6.10834
-1.78698 -6.10831
-1.78299 -6.10861
-1.77899 -6.10891
-1.77499 -6.10861
-1.77099 -6.10831
-1.763 -6.10824
-1.755 -6.10842
-1.75101 -6.1087
-1.74701 -6.10898
-1.74301 -6.10876
-1.73901 -6.10854
-1.73502 -6.10876
-1.73102 -6.10898
-1.72702 -6.1087
-1.72302 -6.10843
-1.71903 -6.10868
-1.71503 -6.10894
-1.70703 -6.10895
-1.70304 -6.10866
-1.69904 -6.10836
-1.69104 -6.10863
-1.68305 -6.10838
-1.67505 -6.1086
-1.66706 -6.10835
-1.65906 -6.10848
-1.65507 -6.10874
-1.65107 -6.109
-1.64707 -6.10877
-1.64307 -6.10855
-1.63508 -6.10855
-1.62708 -6.10884
-1.61909 -6.10886
-1.61109 -6.1087
-1.6031 -6.10844
-1.5951 -6.10853
-1.58711 -6.10851
-1.57911 -6.10853
-1.57512 -6.10879
-1.57112 -6.10905
-1.56712 -6.10878
-1.56312 -6.10852
-1.55913 -6.10875
-1.55513 -6.10897
-1.54713 -6.10874
-1.53914 -6.10873
-1.53514 -6.10896
-1.53114 -6.10918
-1.52315 -6.10901
-1.51915 -6.10878
-1.51515 -6.10855
-1.51116 -6.10876
-1.50716 -6.10897
-1.49916 -6.10876
-1.49117 -6.10878
-1.48317 -6.10879
-1.47918 -6.10907
-1.47518 -6.10935
-1.47118 -6.10898
-1.46718 -6.10862
-1.46319 -6.10881
-1.45919 -6.109
-1.45119 -6.10925
-1.4432 -6.10922
-1.4392 -6.10897
-1.4352 -6.10873
-1.42721 -6.10872
-1.42321 -6.10887
-1.41921 -6.10903
-1.41122 -6.10915
-1.40322 -6.10918
-1.39923 -6.10902
-1.39523 -6.10886
-1.39123 -6.10901
-1.38723 -6.10916
-1.37924 -6.10903
-1.37124 -6.1093
-1.36725 -6.10914
-1.36325 -6.10898
-1.35525 -6.10917
-1.34726 -6.10934
-1.34326 -6.10908
-1.33926 -6.10881
-1.33527 -6.10905
-1.33127 -6.10929
-1.32727 -6.10906
-1.32327 -6.10884
-1.31928 -6.1091
-1.31528 -6.10935
-1.31128 -6.10921
-1.30728 -6.10907
-1.30329 -6.10923
-1.29929 -6.1094
-1.29529 -6.10926
-1.29129 -6.10912
-1.2873 -6.10934
-1.2833 -6.10955
-1.2753 -6.10966
-1.26731 -6.10953
-1.26331 -6.10929
-1.25931 -6.10905
-1.25132 -6.10925
-1.24332 -6.109
-1.23533 -6.10907
-1.22733 -6.10904
-1.22334 -6.1092
-1.21934 -6.10937
-1.21134 -6.10912
-1.20335 -6.10928
-1.19935 -6.10954
-1.19535 -6.1098
-1.19136 -6.10945
-1.18736 -6.10909
-1.18336 -6.1093
-1.17936 -6.10951
-1.17137 -6.1094
-1.16337 -6.10925
-1.15538 -6.10938
-1.15138 -6.10961
-1.14738 -6.10983
-1.13939 -6.10985
-1.13539 -6.10963
-1.13139 -6.10941
-1.1274 -6.10965
-1.1234 -6.10988
-1.1154 -6.10968
-1.11141 -6.10953
-1.10741 -6.10938
-1.09941 -6.10957
-1.09542 -6.10942
-1.09142 -6.10926
-1.08742 -6.1095
-1.08342 -6.10975
-1.07943 -6.10961
-1.07543 -6.10947
-1.07143 -6.10972
-1.06743 -6.10997
-1.06344 -6.10965
-1.05944 -6.10933
-1.05144 -6.10925
-1.04345 -6.10929
-1.03945 -6.10961
-1.03545 -6.10993
-1.03146 -6.10979
-1.02746 -6.10965
-1.01946 -6.10948
-1.01147 -6.10944
-1.00747 -6.10975
-1.00347 -6.11006
-0.995478 -6.10989
-0.987483 -6.10988
-0.983485 -6.10962
-0.979487 -6.10937
-0.971492 -6.10953
-0.967495 -6.10974
-0.963498 -6.10994
-0.955503 -6.1101
-0.947508 -6.11007
-0.939513 -6.1102
-0.935515 -6.1099
-0.931517 -6.1096
-0.923522 -6.10972
-0.919525 -6.10998
-0.915528 -6.11024
-0.907533 -6.11018
-0.903535 -6.10984
-0.899537 -6.10951
-0.89554 -6.10975
-0.891543 -6.10999
-0.887545 -6.10983
-0.883547 -6.10967
-0.875552 -6.10968
-0.871555 -6.10984
-0.867558 -6.11
-0.859563 -6.11018
-0.851567 -6.10999
-0.843573 -6.11013
-0.835577 -6.11
-0.827583 -6.1102
-0.819588 -6.11036
-0.81559 -6.10998
-0.811592 -6.1096
-0.807595 -6.10998
-0.803598 -6.11036
-0.7996 -6.1101
-0.795602 -6.10985
-0.787607 -6.10965
-0.78361 -6.10996
-0.779613 -6.11027
-0.775615 -6.1101
-0.771617 -6.10994
-0.763622 -6.10973
-0.755627 -6.10975
-0.747632 -6.10988
-0.743635 -6.11009
-0.739637 -6.11029
-0.731642 -6.11019
-0.723647 -6.11013
-0.715652 -6.11022
-0.707658 -6.11049
-0.70366 -6.11024
-0.699662 -6.10998
-0.695665 -6.11024
-0.691668 -6.1105
-0.68767 -6.11025
-0.683672 -6.11
-0.679675 -6.11027
-0.675678 -6.11054
-0.667682 -6.1103
-0.659687 -6.11055
-0.65569 -6.11039
-0.651692 -6.11024
-0.643697 -6.11018
-0.635702 -6.11046
-0.631704 -6.11028
-0.627707 -6.1101
-0.62371 -6.11037
-0.619712 -6.11064
-0.615715 -6.11045
-0.611717 -6.11026
-0.603722 -6.11015
-0.599724 -6.11034
-0.595727 -6.11052
-0.591729 -6.11023
-0.587731 -6.10994
-0.579736 -6.10997
-0.571741 -6.11001
-0.567744 -6.11032
-0.563747 -6.11062
-0.555752 -6.11052
-0.547757 -6.11059
-0.543759 -6.11044
-0.539762 -6.1103
-0.535764 -6.11046
-0.531767 -6.11062
-0.523772 -6.11037
-0.519774 -6.11053
-0.515777 -6.1107
-0.511779 -6.11046
-0.507781 -6.11023
-0.499786 -6.11029
-0.495789 -6.11055
-0.491792 -6.11081
-0.483797 -6.1106
-0.475801 -6.11036
-0.467807 -6.11059
-0.463809 -6.11038
-0.459811 -6.11018
-0.451816 -6.11032
-0.443821 -6.11046
-0.439824 -6.11031
-0.435826 -6.11017
-0.431829 -6.11049
-0.427832 -6.1108
-0.419837 -6.11084
-0.415839 -6.1106
-0.411841 -6.11036
-0.403846 -6.11033
-0.395851 -6.11043
-0.387856 -6.11047
-0.383859 -6.11074
-0.379862 -6.11102
-0.371867 -6.11081
-0.367869 -6.11057
-0.363871 -6.11033
-0.359874 -6.11055
-0.355877 -6.11078
-0.347882 -6.11089
-0.343884 -6.11068
-0.339886 -6.11046
-0.335889 -6.11072
-0.331892 -6.11097
-0.327894 -6.1108
-0.323896 -6.11064
-0.315901 -6.11073
-0.307906 -6.11083
-0.299912 -6.11095
-0.291916 -6.1109
-0.283921 -6.11066
-0.279924 -6.11087
-0.275927 -6.11107
-0.267931 -6.11088
-0.259936 -6.11076
-0.251941 -6.11087
-0.243946 -6.11091
-0.235951 -6.11107
-0.227956 -6.1111
-0.219962 -6.1112
-0.211967 -6.11123
-0.207969 -6.11095
-0.203971 -6.11067
-0.195976 -6.11095
-0.191978 -6.11079
-0.187981 -6.11063
-0.183984 -6.11094
-0.179987 -6.11126
-0.175989 -6.11103
-0.171991 -6.11081
-0.163996 -6.11097
-0.159998 -6.11082
-0.156001 -6.11068
-0.152004 -6.11101
-0.148007 -6.11134
-0.144009 -6.1111
-0.140011 -6.11086
-0.132016 -6.11095
-0.124021 -6.11119
-0.116026 -6.11103
-0.112028 -6.11087
-0.10803 -6.11071
-0.104033 -6.11104
-0.100036 -6.11137
-0.0960385 -6.11113
-0.0920406 -6.11088
-0.084046 -6.11117
-0.0800482 -6.11101
-0.0760505 -6.11084
-0.0680557 -6.11104
-0.0640585 -6.11121
-0.0600612 -6.11139
-0.0560632 -6.11107
-0.0520652 -6.11075
-0.048068 -6.11097
-0.0440709 -6.11119
-0.0360761 -6.11138
-0.0280811 -6.11143
-0.0240832 -6.11117
-0.0200853 -6.1109
-0.0160883 -6.11121
-0.0120912 -6.11152
-0.0080933 -6.11125
-0.00409538 -6.11098
-9.81887e-05 -6.1112
0.003899 -6.11142
0.0078968 -6.11123
0.0118946 -6.11104
0.0158917 -6.11132
0.0198888 -6.11159
0.0278838 -6.11165
0.0358789 -6.11159
0.0398769 -6.11127
0.0438749 -6.11095
0.0478721 -6.11113
0.0518694 -6.11131
0.059864 -6.11155
0.0638618 -6.11136
0.0678596 -6.11117
0.0758545 -6.11126
0.0798523 -6.11112
0.08385 -6.11098
0.0918449 -6.11106
0.0958421 -6.11129
0.0998392 -6.11153
0.103837 -6.11132
0.107835 -6.11111
0.11583 -6.11133
0.119827 -6.1112
0.123825 -6.11106
0.13182 -6.11125
0.139815 -6.11132
0.14781 -6.11109
0.155805 -6.11124
0.1638 -6.11114
0.167797 -6.11148
0.171794 -6.11182
0.175792 -6.11167
0.17979 -6.11153
0.183787 -6.11136
0.187785 -6.1112
0.19578 -6.11114
0.203775 -6.11115
0.207772 -6.11148
0.211769 -6.11182
0.219765 -6.11163
0.22776 -6.11143
0.235755 -6.11121
0.24375 -6.11147
0.251745 -6.11141
0.25974 -6.11136
0.267735 -6.11129
0.271732 -6.11165
0.275729 -6.11201
0.283725 -6.11177
0.287722 -6.11162
0.29172 -6.11147
0.299715 -6.11161
0.30771 -6.11183
0.311707 -6.11167
0.315705 -6.11152
0.3237 -6.11168
0.331695 -6.11151
0.335692 -6.11168
0.33969 -6.11185
0.343688 -6.11169
0.347685 -6.11153
0.35568 -6.11146
0.363675 -6.11167
0.367684 -6.11178
0.367909 -6.11109
0.367806 -6.11035
0.367874 -6.10961
0.368013 -6.10887
0.368219 -6.10815
0.368805 -6.10757
0.368746 -6.10676
0.36883 -6.10596
0.369768 -6.10562
0.370141 -6.105
0.370184 -6.10412
0.370875 -6.10371
0.371142 -6.10294
0.375079 -6.09908
0.379015 -6.09521
0.379539 -6.09468
0.380584 -6.09477
0.380999 -6.09412
0.381508 -6.09355
0.382151 -6.09317
0.382924 -6.09306
0.383634 -6.09286
0.384198 -6.09222
0.390137 -6.09054
0.396075 -6.08886
0.402014 -6.08718
0.407953 -6.08549
0.40855 -6.08494
0.409357 -6.08512
0.410086 -6.08509
0.410791 -6.08496
0.411491 -6.08457
0.412226 -6.0851
0.412966 -6.08469
0.413715 -6.08464
0.414362 -6.08522
0.415071 -6.08535
0.421386 -6.08727
0.427702 -6.08919
0.434018 -6.09111
0.440334 -6.09303
0.44665 -6.09496
0.447199 -6.09558
0.452653 -6.09739
0.458108 -6.0992
0.463562 -6.10101
0.464183 -6.10148
0.465129 -6.10117
0.465491 -6.10214
0.466263 -6.10228
0.467039 -6.10248
0.467594 -6.10302
0.467834 -6.10389
0.468397 -6.10436
0.468937 -6.10487
0.46964 -6.10528
0.469791 -6.10609
0.470294 -6.10666
0.470219 -6.10754
0.471063 -6.10797
0.471408 -6.10866
0.471469 -6.10944
0.471517 -6.11021
0.471422 -6.11099
0.471951 -6.11169
0.471865 -6.11198
0.475605 -6.11214
0.4836 -6.11205
0.491595 -6.11223
0.49959 -6.11231
0.503587 -6.11214
0.507585 -6.11198
0.511583 -6.11182
0.515581 -6.11167
0.519578 -6.11203
0.523575 -6.1124
0.53157 -6.11226
0.539565 -6.11239
0.54756 -6.11224
0.555555 -6.11244
0.559553 -6.11206
0.563551 -6.11167
0.571546 -6.11194
0.579541 -6.11198
0.587536 -6.1118
0.591533 -6.11215
0.59553 -6.11251
0.599528 -6.11235
0.603525 -6.11219
0.61152 -6.11218
0.619515 -6.11236
0.62751 -6.11256
0.631508 -6.11224
0.635506 -6.11191
0.639503 -6.1121
0.6435 -6.11229
0.651495 -6.11235
0.659491 -6.11222
0.663488 -6.1124
0.667485 -6.11257
0.67548 -6.11235
0.683476 -6.11217
0.691471 -6.11192
0.695468 -6.11207
0.699466 -6.11222
0.70746 -6.11249
0.711458 -6.11221
0.715456 -6.11194
0.719453 -6.11227
0.72345 -6.1126
0.727448 -6.11236
0.731446 -6.11213
0.739441 -6.11233
0.747436 -6.11227
0.75543 -6.11254
0.759428 -6.11239
0.763426 -6.11224
0.767423 -6.11242
0.77142 -6.1126
0.779416 -6.11241
0.78741 -6.1127
0.791408 -6.11241
0.795406 -6.11212
0.803401 -6.11215
0.811396 -6.11229
0.819391 -6.11217
0.827386 -6.11211
0.835381 -6.11211
0.843376 -6.11217
0.851371 -6.11213
0.859366 -6.11219
0.863363 -6.11256
0.86736 -6.11292
0.871358 -6.11275
0.875356 -6.11258
0.883351 -6.11248
0.891346 -6.11239
0.895344 -6.11256
0.899341 -6.11273
0.907336 -6.11265
0.915331 -6.11269
0.923326 -6.11274
0.931321 -6.11292
0.939316 -6.11276
0.947311 -6.11283
0.955306 -6.11256
0.963301 -6.11244
0.967299 -6.11259
0.971296 -6.11274
0.979291 -6.11249
0.983289 -6.11277
0.987286 -6.11306
0.991284 -6.11273
0.995282 -6.11241
0.999279 -6.11275
1.00328 -6.1131
1.00727 -6.11288
1.01127 -6.11266
1.01927 -6.11262
1.02726 -6.11249
1.03126 -6.11277
1.03526 -6.11306
1.04325 -6.11281
1.04725 -6.11262
1.05125 -6.11243
1.05924 -6.11258
1.06324 -6.11276
1.06724 -6.11294
1.07523 -6.11317
1.07923 -6.11283
1.08323 -6.11249
1.09122 -6.11275
1.09922 -6.11278
1.10721 -6.11301
1.11121 -6.11287
1.11521 -6.11274
1.1232 -6.1129
1.1272 -6.11272
1.1312 -6.11253
1.13519 -6.1129
1.13919 -6.11326
1.14719 -6.11312
1.15118 -6.11287
1.15518 -6.11262
1.15918 -6.1129
1.16318 -6.11317
1.17117 -6.11337
1.17517 -6.11309
1.17917 -6.11282
1.18716 -6.11288
1.19516 -6.11276
1.19915 -6.11303
1.20315 -6.1133
1.21115 -6.11317
1.21914 -6.11322
1.22314 -6.11302
1.22714 -6.11282
1.23513 -6.11294
1.24313 -6.11297
1.25112 -6.11279
1.25912 -6.11303
1.26711 -6.11331
1.27111 -6.11316
1.27511 -6.11302
1.2831 -6.11276
1.2871 -6.11291
1.2911 -6.11306
1.29909 -6.11324
1.30309 -6.11303
1.30709 -6.11282
1.31508 -6.11304
1.32308 -6.11312
1.32707 -6.11333
1.33107 -6.11353
1.33507 -6.11331
1.33907 -6.11309
1.34706 -6.11285
1.35106 -6.11322
1.35506 -6.11359
1.35905 -6.11338
1.36305 -6.11317
1.37105 -6.11318
1.37904 -6.11315
1.38704 -6.11336
1.39503 -6.11332
1.39903 -6.11351
1.40303 -6.1137
1.40702 -6.11345
1.41102 -6.1132
1.41902 -6.11311
1.42701 -6.11337
1.43101 -6.11352
1.43501 -6.11367
1.439 -6.11351
1.443 -6.11336
1.451 -6.11341
1.45899 -6.11322
1.46699 -6.11338
1.47498 -6.11316
1.47898 -6.1134
1.48298 -6.11363
1.49097 -6.11383
1.49497 -6.11359
1.49897 -6.11335
1.50696 -6.11341
1.51496 -6.11363
1.52295 -6.11374
1.53095 -6.11374
1.53494 -6.11352
1.53894 -6.1133
1.54694 -6.11333
1.55493 -6.11339
1.56293 -6.11361
1.57092 -6.11363
1.57492 -6.11342
1.57892 -6.11321
1.58292 -6.11343
1.58691 -6.11366
1.59491 -6.1137
1.6029 -6.11347
1.6069 -6.11372
1.6109 -6.11397
1.61489 -6.11371
1.61889 -6.11345
1.62689 -6.11362
1.63488 -6.11348
1.64288 -6.11329
1.64688 -6.11353
1.65087 -6.11377
1.65487 -6.1136
1.65887 -6.11342
1.66287 -6.11362
1.66686 -6.11382
1.67486 -6.1138
1.68285 -6.11369
1.69085 -6.11362
1.69884 -6.11364
1.70684 -6.1136
1.71483 -6.11385
1.72283 -6.11363
1.73082 -6.11349
1.73482 -6.11386
1.73882 -6.11422
1.74282 -6.11391
1.74681 -6.11359
1.75481 -6.11352
1.75881 -6.11369
1.7628 -6.11386
1.7708 -6.11367
1.77879 -6.11364
1.78279 -6.11393
1.78679 -6.11421
1.79079 -6.11402
1.79478 -6.11383
1.79878 -6.11369
1.80278 -6.11354
1.80678 -6.1138
1.81077 -6.11407
1.81877 -6.11387
1.82277 -6.11405
1.82676 -6.11422
1.83076 -6.11403
1.83476 -6.11383
1.83876 -6.1141
1.84275 -6.11436
1.84675 -6.114
1.85075 -6.11364
1.85475 -6.11387
1.85874 -6.11411
1.86674 -6.11418
1.87473 -6.1144
1.87873 -6.11416
1.88273 -6.11392
1.89072 -6.11382
1.89472 -6.11405
1.89872 -6.11428
1.90671 -6.11419
1.91471 -6.114
1.91871 -6.1142
1.9227 -6.1144
1.9307 -6.11415
1.9347 -6.11433
1.93869 -6.11451
1.94269 -6.11432
1.94669 -6.11413
1.95069 -6.11433
1.95468 -6.11453
1.95868 -6.11424
1.96268 -6.11394
1.97067 -6.11412
1.97867 -6.11424
1.98666 -6.11428
1.99466 -6.11415
2.00265 -6.11411
2.01065 -6.11411
2.01465 -6.11427
2.01864 -6.11443
2.02664 -6.11429
2.03112 -6.11429
2.03561 -6.11413
2.03997 -6.11295
2.0445 -6.11289
2.0488 -6.11165
2.05329 -6.11104
2.05738 -6.10915
2.06183 -6.10829
2.06592 -6.10647
2.06984 -6.10426
2.07721 -6.10123
2.08443 -6.09786
2.09155 -6.0943
2.09865 -6.09068
2.106 -6.08759
2.11305 -6.08389
2.12008 -6.08012
2.12735 -6.07686
2.13459 -6.07355
2.1417 -6.06995
2.14913 -6.06703
2.15602 -6.06299
2.16344 -6.06003
2.17045 -6.05624
2.17773 -6.053
2.18496 -6.04966
2.19196 -6.04584
2.19936 -6.04287
2.20649 -6.03931
2.21359 -6.03569
2.22064 -6.03197
2.22804 -6.02899
2.23532 -6.02577
2.24237 -6.02204
2.24941 -6.01831
2.25655 -6.01479
2.26396 -6.01182
2.27111 -6.00832
2.27828 -6.00484
2.28547 -6.00143
2.29264 -5.99796
2.29966 -5.99417
2.30699 -5.99105
2.31424 -5.98776
2.32131 -5.98407
2.32845 -5.98055
2.33563 -5.9771
2.343 -5.97406
2.35008 -5.9704
2.35721 -5.96686
2.3644 -5.96343
2.37151 -5.95985
2.3787 -5.95641
2.38616 -5.95356
2.39308 -5.94956
2.40043 -5.94647
2.40775 -5.94334
2.41493 -5.93988
2.42194 -5.93608
2.42908 -5.93256
2.43624 -5.92906
2.44362 -5.92605
2.45064 -5.92226
2.45771 -5.9186
2.46494 -5.91526
2.47234 -5.91228
2.47928 -5.90833
2.48659 -5.90514
2.49367 -5.9015
2.50101 -5.89839
2.50826 -5.89509
2.51534 -5.89144
2.52251 -5.88797
2.52964 -5.88442
2.53691 -5.88117
2.54421 -5.87797
2.55115 -5.87402
2.55841 -5.87074
2.56565 -5.86743
2.57273 -5.86378
2.57986 -5.86023
2.58702 -5.85675
2.59427 -5.85344
2.60167 -5.85046
2.6088 -5.8469
2.61595 -5.8434
2.62322 -5.84015
2.63019 -5.83627
2.63757 -5.83324
2.64452 -5.8293
2.65185 -5.82617
2.65903 -5.82273
2.66635 -5.81958
2.67335 -5.81576
2.68055 -5.81236
2.68492 -5.80971
2.68966 -5.80769
2.69377 -5.80464
2.69807 -5.80186
2.70206 -5.79866
2.70565 -5.79502
2.71156 -5.78966
2.71759 -5.78445
2.72346 -5.77907
2.72914 -5.77347
2.73497 -5.76804
2.74054 -5.76234
2.74642 -5.75697
2.75212 -5.7514
2.75817 -5.7462
2.76367 -5.74042
2.76952 -5.73501
2.7753 -5.72952
2.78121 -5.72419
2.7874 -5.71914
2.79317 -5.71365
2.79883 -5.70803
2.80465 -5.70259
2.81063 -5.69732
2.81629 -5.69171
2.82231 -5.68649
2.82797 -5.68088
2.8337 -5.67534
2.83974 -5.67013
2.84526 -5.66437
2.85091 -5.65875
2.85692 -5.65351
2.86275 -5.64809
2.86848 -5.64255
2.87446 -5.63728
2.88004 -5.63158
2.88579 -5.62607
2.89206 -5.62111
2.89792 -5.61571
2.90324 -5.60974
2.90903 -5.60427
2.91503 -5.59902
2.92103 -5.59377
2.92654 -5.588
2.93249 -5.5827
2.93808 -5.57701
2.94423 -5.57193
2.95018 -5.56663
2.95559 -5.56075
2.96172 -5.55564
2.9675 -5.55015
2.97308 -5.54446
2.97911 -5.53925
2.98467 -5.53353
2.99041 -5.52801
2.99632 -5.52266
3.00233 -5.51742
3.00832 -5.51216
3.01403 -5.5066
3.01997 -5.50129
3.02531 -5.49534
3.03147 -5.49026
3.03711 -5.48463
3.04276 -5.47901
3.04901 -5.47402
3.05458 -5.46832
3.06031 -5.46278
3.06631 -5.45754
3.07224 -5.45221
3.07812 -5.44683
3.08384 -5.44129
3.08976 -5.43596
3.09519 -5.4301
3.10109 -5.42474
3.10714 -5.41955
3.11264 -5.41377
3.11838 -5.40824
3.12458 -5.40321
3.12995 -5.39729
3.13586 -5.39195
3.14201 -5.38686
3.14782 -5.38141
3.15329 -5.37559
3.15933 -5.37039
3.16511 -5.36491
3.17091 -5.35945
3.17657 -5.35384
3.18236 -5.34836
3.18819 -5.34294
3.19429 -5.33779
3.2002 -5.33245
3.20602 -5.32701
3.21166 -5.32137
3.21749 -5.31594
3.22327 -5.31046
3.22906 -5.30499
3.23472 -5.29938
3.24068 -5.29409
3.24656 -5.28871
3.252 -5.28287
3.25825 -5.27789
3.26397 -5.27234
3.26975 -5.26686
3.27559 -5.26144
3.28132 -5.2559
3.28742 -5.25077
3.29285 -5.24491
3.29875 -5.23955
3.30467 -5.23421
3.31018 -5.22845
3.31621 -5.22323
3.32193 -5.21769
3.32789 -5.2124
3.33357 -5.2068
3.33958 -5.20157
3.34518 -5.1959
3.35122 -5.19068
3.3569 -5.18509
3.3629 -5.17985
3.36845 -5.17412
3.37431 -5.16873
3.38016 -5.16332
3.38591 -5.1578
3.39183 -5.15247
3.39745 -5.14681
3.40339 -5.1415
3.40939 -5.13626
3.41508 -5.13067
3.4208 -5.12513
3.42118 -5.12451
3.42679 -5.11956
3.43194 -5.11413
3.43751 -5.10914
3.44291 -5.10397
3.44858 -5.0991
3.45384 -5.09378
3.45958 -5.08894
3.46309 -5.0852
3.46627 -5.08115
3.46935 -5.07704
3.47255 -5.07304
3.47525 -5.06866
3.47795 -5.06431
3.48023 -5.0597
3.48238 -5.05506
3.4839 -5.05015
3.48574 -5.04538
3.48722 -5.04046
3.48876 -5.03553
3.48947 -5.03044
3.48983 -5.02532
3.49014 -5.02019
3.49014 -5.01507
3.49063 -5.00727
3.49057 -4.99948
3.48989 -4.99169
3.49045 -4.9839
3.49032 -4.97611
3.48994 -4.96832
3.49006 -4.96053
3.48987 -4.95274
3.48942 -4.94495
3.48977 -4.93715
3.48925 -4.92937
3.48931 -4.92158
3.48894 -4.91379
3.48929 -4.90599
3.48908 -4.8982
3.4892 -4.89041
3.48898 -4.88262
3.48903 -4.87483
3.48909 -4.86704
3.48894 -4.85925
3.48827 -4.85146
3.48843 -4.84367
3.48853 -4.83588
3.48866 -4.82808
3.4881 -4.8203
3.48801 -4.81252
3.4881 -4.80732
3.48765 -4.80215
3.48635 -4.79712
3.48605 -4.79189
3.48439 -4.78698
3.48314 -4.78195
3.48141 -4.77707
3.47911 -4.77243
3.47677 -4.76781
3.47433 -4.76327
3.4714 -4.759
3.4685 -4.75474
3.46464 -4.74864
3.45997 -4.74314
3.4562 -4.73697
3.45259 -4.73309
3.4493 -4.72865
3.44594 -4.72426
3.44225 -4.72014
3.43703 -4.71431
3.43165 -4.70856
3.42561 -4.70332
3.42268 -4.7006
3.41975 -4.69788
3.41666 -4.69533
3.41358 -4.69278
3.40757 -4.6875
3.40469 -4.68471
3.40182 -4.68193
3.39587 -4.67658
3.38996 -4.67119
3.38681 -4.66871
3.38366 -4.66624
3.38059 -4.66367
3.37752 -4.66111
3.37164 -4.65568
3.36576 -4.65026
3.35988 -4.64483
3.35681 -4.64227
3.35373 -4.6397
3.34778 -4.63436
3.34487 -4.63161
3.34197 -4.62886
3.33893 -4.62626
3.33588 -4.62367
3.33304 -4.62084
3.3302 -4.61802
3.32706 -4.61553
3.32392 -4.61305
3.31804 -4.60763
3.312 -4.60237
3.30599 -4.5971
3.30312 -4.59431
3.30026 -4.59151
3.29428 -4.58619
3.28829 -4.58089
3.28237 -4.57551
3.2793 -4.57295
3.27623 -4.57038
3.27318 -4.56779
3.27014 -4.56519
3.26727 -4.5624
3.26441 -4.5596
3.25836 -4.55437
3.25232 -4.54912
3.2463 -4.54385
3.24348 -4.54101
3.24066 -4.53816
3.23751 -4.53569
3.23436 -4.53321
3.22841 -4.52786
3.22552 -4.52509
3.22263 -4.52232
3.21971 -4.51959
3.21679 -4.51685
3.21386 -4.51413
3.21093 -4.51141
3.20779 -4.50892
3.20466 -4.50643
3.20158 -4.50386
3.19851 -4.5013
3.19559 -4.49857
3.19266 -4.49584
3.18982 -4.49302
3.18697 -4.4902
3.18095 -4.48494
3.17495 -4.47965
3.17191 -4.47705
3.16887 -4.47444
3.16594 -4.47172
3.16301 -4.469
3.15711 -4.4636
3.15393 -4.46115
3.15076 -4.4587
3.14788 -4.45592
3.14501 -4.45313
3.14211 -4.45037
3.13921 -4.44761
3.13613 -4.44507
3.13304 -4.44252
3.13013 -4.43977
3.12722 -4.43703
3.12419 -4.43442
3.12116 -4.43181
3.11513 -4.42654
3.10911 -4.42128
3.10628 -4.41844
3.10346 -4.41561
3.10036 -4.41307
3.09726 -4.41054
3.09416 -4.408
3.09107 -4.40545
3.08823 -4.40264
3.08538 -4.39982
3.07942 -4.39448
3.07651 -4.39174
3.07361 -4.38899
3.07044 -4.38653
3.06727 -4.38408
3.06442 -4.38126
3.06158 -4.37844
3.05559 -4.37313
3.05247 -4.37062
3.04935 -4.36811
3.04653 -4.36527
3.0437 -4.36244
3.04053 -4.35998
3.03735 -4.35753
3.03448 -4.35475
3.0316 -4.35196
3.02869 -4.34923
3.02577 -4.34649
3.0198 -4.34116
3.0167 -4.33863
3.01359 -4.33611
3.01071 -4.33333
3.00783 -4.33055
3.00476 -4.32798
3.00169 -4.32541
2.99581 -4.31999
2.98993 -4.31456
2.98685 -4.31201
2.98378 -4.30945
2.97776 -4.30418
2.97483 -4.30145
2.9719 -4.29873
2.96884 -4.29616
2.96577 -4.29359
2.96297 -4.29072
2.96017 -4.28785
2.95709 -4.28529
2.95401 -4.28273
2.95111 -4.27999
2.9482 -4.27724
2.94514 -4.27466
2.94208 -4.27208
2.93917 -4.26934
2.93625 -4.2666
2.93029 -4.26127
2.92437 -4.25589
2.91845 -4.25051
2.91532 -4.24801
2.91219 -4.24551
2.90927 -4.24278
2.90635 -4.24004
2.90344 -4.23729
2.90053 -4.23455
2.89464 -4.22913
2.89154 -4.22661
2.88843 -4.22408
2.88534 -4.22153
2.88226 -4.21898
2.87631 -4.21363
2.8735 -4.21078
2.87068 -4.20793
2.86761 -4.20537
2.86454 -4.2028
2.85854 -4.19751
2.85263 -4.19212
2.84663 -4.18683
2.84357 -4.18426
2.8405 -4.18168
2.83757 -4.17896
2.83463 -4.17625
2.82858 -4.17101
2.82566 -4.16828
2.82273 -4.16555
2.81989 -4.16274
2.81704 -4.15992
2.81098 -4.1547
2.80503 -4.14936
2.79915 -4.14393
2.79592 -4.14154
2.79269 -4.13915
2.78994 -4.13623
2.78718 -4.13331
2.78415 -4.1307
2.78112 -4.12809
2.77508 -4.12285
2.76911 -4.11752
2.76319 -4.11215
2.76003 -4.10968
2.75688 -4.10721
2.75413 -4.10428
2.75139 -4.10134
2.7482 -4.09891
2.745 -4.09649
2.7422 -4.09362
2.7394 -4.09076
2.73622 -4.0883
2.73305 -4.08585
2.72716 -4.08045
2.72119 -4.07511
2.71826 -4.07239
2.71533 -4.06967
2.71224 -4.06713
2.70915 -4.06458
2.70624 -4.06184
2.70333 -4.05909
2.70041 -4.05636
2.69749 -4.05362
2.69155 -4.04826
2.68556 -4.04296
2.68245 -4.04044
2.67934 -4.03792
2.67644 -4.03516
2.67354 -4.03241
2.67065 -4.02964
2.66776 -4.02688
2.66459 -4.02441
2.66143 -4.02195
2.65868 -4.01902
2.65594 -4.01609
2.65284 -4.01355
2.64975 -4.01101
2.6437 -4.00578
2.63774 -4.00045
2.63172 -3.99518
2.62569 -3.98992
2.62265 -3.98732
2.61962 -3.98471
2.6167 -3.98197
2.61379 -3.97923
2.61095 -3.97641
2.60811 -3.97359
2.60499 -3.97107
2.60187 -3.96856
2.59884 -3.96595
2.59581 -3.96334
2.5929 -3.96059
2.58999 -3.95785
2.58709 -3.95509
2.5842 -3.95233
2.58109 -3.9498
2.57798 -3.94728
2.57517 -3.94442
2.57235 -3.94157
2.56629 -3.93635
2.56039 -3.93095
2.55728 -3.92843
2.55417 -3.9259
2.54821 -3.92057
2.54229 -3.9152
2.53935 -3.91248
2.53642 -3.90976
2.53329 -3.90725
2.53017 -3.90475
2.52726 -3.902
2.52435 -3.89925
2.5184 -3.89391
2.51235 -3.88868
2.50647 -3.88325
2.5036 -3.88046
2.50073 -3.87767
2.49754 -3.87524
2.49435 -3.87281
2.49153 -3.86996
2.48871 -3.86711
2.48275 -3.86178
2.47983 -3.85904
2.47692 -3.8563
2.47375 -3.85385
2.47057 -3.8514
2.46777 -3.84853
2.46498 -3.84566
2.46174 -3.84327
2.45851 -3.84089
2.45576 -3.83796
2.45302 -3.83503
2.44992 -3.8325
2.44681 -3.82997
2.44086 -3.82462
2.43799 -3.82184
2.43511 -3.81906
2.43192 -3.81662
2.42874 -3.81419
2.42281 -3.80882
2.41991 -3.80606
2.41701 -3.8033
2.41412 -3.80053
2.41123 -3.79776
2.40805 -3.79532
2.40487 -3.79288
2.40204 -3.79004
2.39922 -3.7872
2.39333 -3.78178
2.39016 -3.77933
2.38698 -3.77688
2.38111 -3.77145
2.37803 -3.7689
2.37495 -3.76634
2.36907 -3.76092
2.36621 -3.75811
2.36335 -3.75531
2.36031 -3.75272
2.35726 -3.75012
2.35128 -3.74481
2.34821 -3.74224
2.34514 -3.73968
2.34235 -3.7368
2.33955 -3.73393
2.33636 -3.73149
2.33318 -3.72905
2.33036 -3.72621
2.32753 -3.72337
2.32461 -3.72063
2.32169 -3.7179
2.31863 -3.71532
2.31557 -3.71274
2.31247 -3.71021
2.30937 -3.70768
2.30648 -3.70491
2.30359 -3.70215
2.29762 -3.69682
2.29167 -3.69148
2.28859 -3.68892
2.28551 -3.68636
2.28272 -3.68349
2.27992 -3.68061
2.27675 -3.67817
2.27357 -3.67572
2.27075 -3.67288
2.26792 -3.67003
2.26191 -3.66475
2.25599 -3.65938
2.25286 -3.65688
2.24973 -3.65438
2.24689 -3.65156
2.24404 -3.64874
2.23815 -3.64333
2.2321 -3.6381
2.22607 -3.63284
2.22293 -3.63035
2.21979 -3.62786
2.21697 -3.62502
2.21414 -3.62218
2.2111 -3.61958
2.20806 -3.61698
2.20521 -3.61417
2.20236 -3.61135
2.19919 -3.60891
2.19601 -3.60646
2.19006 -3.60112
2.18715 -3.59837
2.18425 -3.59561
2.1812 -3.59302
2.17816 -3.59042
2.17223 -3.58505
2.1693 -3.58233
2.16637 -3.5796
2.16345 -3.57687
2.16052 -3.57415
2.15458 -3.56879
2.15141 -3.56633
2.14825 -3.56388
2.14539 -3.56107
2.14253 -3.55827
2.13963 -3.55552
2.13672 -3.55276
2.1335 -3.55037
2.13027 -3.54798
2.1275 -3.54507
2.12473 -3.54217
2.12163 -3.53964
2.11853 -3.53711
2.11563 -3.53435
2.11273 -3.53159
2.10672 -3.52632
2.10383 -3.52355
2.10094 -3.52078
2.09778 -3.51832
2.09461 -3.51586
2.09181 -3.51299
2.089 -3.51013
2.08597 -3.50753
2.08293 -3.50492
2.07981 -3.50241
2.07669 -3.4999
2.07064 -3.49467
2.06784 -3.4918
2.06503 -3.48894
2.06199 -3.48634
2.05894 -3.48375
2.05305 -3.47834
2.04709 -3.473
2.044 -3.47046
2.04091 -3.46792
2.03491 -3.46263
2.03205 -3.45982
2.02919 -3.45702
2.02324 -3.45168
2.02012 -3.44916
2.01701 -3.44665
2.01432 -3.44388
2.01436 -3.4438
2.0144 -3.44292
2.0154 -3.44267
2.01524 -3.44173
2.01557 -3.44108
2.01579 -3.44039
2.01659 -3.43987
2.01638 -3.43905
2.01664 -3.43835
2.01718 -3.43766
2.01704 -3.43689
2.01681 -3.43615
2.01704 -3.43539
2.01699 -3.43464
2.01645 -3.43398
2.01569 -3.42877
2.01493 -3.42357
2.01472 -3.42286
2.01471 -3.42208
2.01392 -3.4216
2.01364 -3.42094
2.01393 -3.41995
2.01059 -3.41436
2.00725 -3.40876
2.00391 -3.40316
2.00057 -3.39757
2.00025 -3.39691
2.0002 -3.39601
1.99927 -3.39584
1.99883 -3.39525
1.99368 -3.38952
1.98854 -3.38379
1.98794 -3.38335
1.98718 -3.38315
1.98694 -3.38227
1.98632 -3.38187
1.98563 -3.3816
1.98486 -3.38154
1.98418 -3.38134
1.98357 -3.38095
1.98286 -3.38083
1.97612 -3.37884
1.96938 -3.37684
1.96264 -3.37485
1.9559 -3.37286
1.94916 -3.37087
1.94834 -3.37109
1.94769 -3.37055
1.94696 -3.37028
1.9462 -3.37031
1.94544 -3.37027
1.94472 -3.37069
1.94395 -3.37052
1.94328 -3.3709
1.94252 -3.37093
1.94188 -3.37132
1.94112 -3.37139
1.94054 -3.37188
1.93981 -3.37208
1.93918 -3.37245
1.93845 -3.37271
1.93796 -3.37328
1.93727 -3.37363
1.937 -3.3744
1.93683 -3.37459
1.93382 -3.37168
1.93067 -3.3692
1.92752 -3.36672
1.92155 -3.3614
1.91865 -3.35865
1.91574 -3.3559
1.90984 -3.3505
1.9039 -3.34515
1.90077 -3.34264
1.89765 -3.34013
1.89482 -3.3373
1.89199 -3.33446
1.8861 -3.32905
1.88306 -3.32644
1.88003 -3.32384
1.87687 -3.32138
1.8737 -3.31891
1.87096 -3.31598
1.86822 -3.31304
1.86503 -3.31061
1.86184 -3.30818
1.85905 -3.3053
1.85625 -3.30243
1.85022 -3.29718
1.84709 -3.29468
1.84397 -3.29217
1.84117 -3.2893
1.83837 -3.28643
1.83239 -3.28112
1.82916 -3.27873
1.82593 -3.27634
1.82311 -3.27349
1.8203 -3.27064
1.8174 -3.26788
1.8145 -3.26513
1.81144 -3.26254
1.80839 -3.25996
1.80529 -3.25743
1.80218 -3.2549
1.79927 -3.25215
1.79636 -3.24941
1.79347 -3.24664
1.79058 -3.24388
1.78743 -3.24139
1.78429 -3.23891
1.77836 -3.23354
1.77235 -3.22826
1.76944 -3.22552
1.76653 -3.22277
1.76361 -3.22003
1.7607 -3.21729
1.75477 -3.21193
1.75171 -3.20934
1.74866 -3.20676
1.74265 -3.20148
1.73672 -3.19611
1.73075 -3.19079
1.72785 -3.18803
1.72495 -3.18527
1.72174 -3.18286
1.71854 -3.18045
1.71255 -3.17514
1.70962 -3.17242
1.7067 -3.16969
1.70381 -3.16692
1.70092 -3.16414
1.69491 -3.15887
1.69183 -3.15632
1.68874 -3.15377
1.68271 -3.14851
1.67998 -3.14557
1.67725 -3.14262
1.67419 -3.14004
1.67112 -3.13747
1.66521 -3.13209
1.65924 -3.12676
1.65617 -3.12419
1.65311 -3.12162
1.64722 -3.1162
1.64125 -3.11088
1.63814 -3.10835
1.63503 -3.10583
1.63215 -3.10306
1.62926 -3.10029
1.6262 -3.09771
1.62315 -3.09513
1.61714 -3.08984
1.61123 -3.08445
1.60832 -3.0817
1.60542 -3.07896
1.60231 -3.07643
1.5992 -3.07391
1.59638 -3.07106
1.59356 -3.06822
1.59044 -3.06571
1.58732 -3.06319
1.58139 -3.05783
1.5786 -3.05495
1.57581 -3.05207
1.5727 -3.04954
1.5696 -3.04701
1.56653 -3.04444
1.56346 -3.04188
1.55741 -3.03664
1.55148 -3.03128
1.54862 -3.02847
1.54577 -3.02566
1.54263 -3.02317
1.5395 -3.02068
1.53358 -3.0153
1.53067 -3.01255
1.52776 -3.0098
1.5247 -3.00722
1.52164 -3.00465
1.51566 -2.99933
1.51286 -2.99646
1.51007 -2.99359
1.50698 -2.99105
1.50388 -2.98851
1.49788 -2.98322
1.49507 -2.98036
1.49226 -2.9775
1.48903 -2.97512
1.48579 -2.97274
1.48304 -2.96981
1.48029 -2.96689
1.47715 -2.9644
1.474 -2.96192
1.47116 -2.9591
1.46832 -2.95628
1.46519 -2.95378
1.46206 -2.95128
1.45902 -2.94868
1.45599 -2.94607
1.45011 -2.94064
1.44706 -2.93806
1.444 -2.93548
1.44114 -2.93267
1.43829 -2.92987
1.43518 -2.92734
1.43208 -2.92481
1.42926 -2.92197
1.42643 -2.91913
1.42045 -2.91382
1.41735 -2.91128
1.41426 -2.90874
1.41137 -2.90597
1.40849 -2.90319
1.40541 -2.90063
1.40234 -2.89806
1.3963 -2.89282
1.39353 -2.88992
1.39075 -2.88702
1.38762 -2.88452
1.38449 -2.88203
1.37855 -2.87667
1.37572 -2.87384
1.37288 -2.87101
1.36689 -2.86572
1.36377 -2.86321
1.36064 -2.8607
1.35466 -2.8554
1.34867 -2.85009
1.34273 -2.84473
1.33988 -2.84192
1.33703 -2.83911
1.33385 -2.83666
1.33067 -2.83422
1.32775 -2.83148
1.32483 -2.82875
1.32176 -2.82619
1.31868 -2.82363
1.31275 -2.81826
1.30997 -2.81537
1.30718 -2.81249
1.30126 -2.80711
1.29817 -2.80457
1.29507 -2.80203
1.28909 -2.79672
1.28601 -2.79417
1.28293 -2.79162
1.27704 -2.7862
1.27417 -2.78341
1.2713 -2.78061
1.26827 -2.77801
1.26523 -2.7754
1.25924 -2.7701
1.25633 -2.76736
1.25343 -2.76461
1.25034 -2.76206
1.24726 -2.75951
1.24435 -2.75675
1.24145 -2.754
1.23551 -2.74864
1.22952 -2.74335
1.22364 -2.73792
1.2205 -2.73543
1.21736 -2.73294
1.21449 -2.73015
1.21162 -2.72736
1.20869 -2.72464
1.20576 -2.72192
1.20264 -2.71941
1.19952 -2.71689
1.19356 -2.71156
1.18758 -2.70625
1.18455 -2.70364
1.18151 -2.70103
1.1786 -2.69829
1.17569 -2.69555
1.17264 -2.69296
1.16958 -2.69037
1.16677 -2.68752
1.16396 -2.68466
1.15802 -2.67931
1.15203 -2.674
1.14898 -2.67141
1.14593 -2.66882
1.14306 -2.66604
1.14018 -2.66326
1.13417 -2.65798
1.12823 -2.65262
1.12222 -2.64734
1.11904 -2.6449
1.11586 -2.64245
1.11301 -2.63964
1.11016 -2.63683
1.10708 -2.63428
1.10399 -2.63173
1.10116 -2.6289
1.09832 -2.62607
1.09241 -2.62069
1.08931 -2.61815
1.08621 -2.61562
1.08315 -2.61303
1.0801 -2.61045
1.0772 -2.6077
1.07429 -2.60494
1.07122 -2.60238
1.06815 -2.59981
1.06524 -2.59707
1.06232 -2.59433
1.05942 -2.59158
1.05652 -2.58882
1.05057 -2.58347
1.04739 -2.58103
1.04422 -2.57858
1.0383 -2.5732
1.03237 -2.56783
1.02954 -2.565
1.02671 -2.56216
1.02352 -2.55973
1.02032 -2.5573
1.0175 -2.55445
1.01469 -2.5516
1.01162 -2.54903
1.00856 -2.54646
1.00258 -2.54115
0.996546 -2.53589
0.99373 -2.53304
0.990914 -2.53019
0.984862 -2.52496
0.981719 -2.52247
0.978576 -2.51999
0.975644 -2.51727
0.972713 -2.51455
0.966671 -2.5093
0.960767 -2.50391
0.957962 -2.50104
0.955156 -2.49818
0.951935 -2.49578
0.948714 -2.49339
0.945797 -2.49065
0.942881 -2.48791
0.939947 -2.48519
0.937014 -2.48247
0.931056 -2.47713
0.925184 -2.4717
0.922113 -2.46914
0.919043 -2.46657
0.91618 -2.46377
0.913317 -2.46097
0.910409 -2.45845
0.910417 -2.45776
0.91123 -2.45742
0.911358 -2.45662
0.911762 -2.45599
0.911856 -2.45523
0.912609 -2.45472
0.91264 -2.45394
0.912861 -2.45322
0.913355 -2.45254
0.913475 -2.45178
0.91309 -2.45101
0.913513 -2.45024
0.913016 -2.44953
0.912927 -2.4488
0.912653 -2.4481
0.913178 -2.44718
0.912825 -2.44649
0.91237 -2.44585
0.910638 -2.44172
0.908906 -2.43758
0.908569 -2.43703
0.908363 -2.4364
0.905514 -2.43101
0.902665 -2.42561
0.899816 -2.42022
0.896967 -2.41483
0.89689 -2.41407
0.896169 -2.41371
0.89583 -2.41312
0.895474 -2.41252
0.895275 -2.41176
0.894481 -2.41157
0.888883 -2.40608
0.883285 -2.4006
0.883075 -2.39977
0.882276 -2.39962
0.881712 -2.3992
0.881104 -2.39885
0.880435 -2.39861
0.879935 -2.39803
0.879276 -2.39776
0.878631 -2.39746
0.871985 -2.39508
0.86534 -2.3927
0.858695 -2.39031
0.85205 -2.38793
0.845405 -2.38555
0.844601 -2.38572
0.843941 -2.38525
0.843194 -2.38524
0.842472 -2.38476
0.841709 -2.38476
0.840994 -2.38531
0.840196 -2.38491
0.839495 -2.38525
0.83872 -2.38524
0.838037 -2.38557
0.837422 -2.38604
0.836578 -2.38598
0.8362 -2.38684
0.835317 -2.3868
0.834856 -2.38743
0.834378 -2.388
0.833422 -2.38805
0.833191 -2.38886
0.832944 -2.38922
