0.0760022 -1.64043
0.0720157 -1.63774
0.0682647 -1.63471
0.0641642 -1.6322
0.0597811 -1.63023
0.0556394 -1.62774
0.0510823 -1.62621
0.0465262 -1.62468
0.042139 -1.62263
0.037465 -1.62151
0.0327305 -1.62076
0.0280701 -1.61941
0.0232665 -1.61896
0.0184551 -1.61895
0.0136593 -1.61828
0.00598957 -1.61827
-0.0016802 -1.61824
-0.00934996 -1.61898
-0.0170197 -1.61862
-0.0246895 -1.61874
-0.0323593 -1.61825
-0.0400325 -1.61855
-0.0450071 -1.61913
-0.0500495 -1.61886
-0.0548975 -1.62023
-0.0599744 -1.62029
-0.0647569 -1.62176
-0.0696783 -1.62281
-0.0742105 -1.62496
-0.0787927 -1.62687
-0.0833796 -1.62886
-0.0878365 -1.63107
-0.0921654 -1.63357
-0.0966547 -1.63586
-0.100654 -1.63885
-0.104629 -1.64191
-0.11058 -1.64716
-0.116344 -1.65263
-0.122651 -1.65746
-0.128588 -1.66273
-0.134926 -1.66752
-0.140689 -1.67299
-0.146861 -1.67798
-0.152819 -1.68322
-0.158899 -1.68832
-0.164897 -1.69352
-0.171089 -1.69848
-0.177373 -1.70334
-0.183304 -1.70861
-0.189655 -1.71339
-0.195708 -1.71852
-0.201441 -1.72403
-0.207542 -1.7291
-0.213531 -1.73431
-0.220006 -1.73894
-0.225757 -1.74443
-0.232062 -1.74926
-0.237837 -1.75472
-0.244142 -1.75955
-0.250253 -1.76461
-0.256331 -1.76971
-0.262033 -1.77525
-0.268493 -1.7799
-0.274323 -1.7853
-0.280426 -1.79037
-0.286258 -1.79576
-0.29249 -1.80068
-0.298603 -1.80573
-0.30448 -1.81107
-0.311045 -1.81559
-0.316785 -1.8211
-0.32303 -1.826
-0.328976 -1.83126
-0.335134 -1.83626
-0.340949 -1.84167
-0.34715 -1.84663
-0.353386 -1.85154
-0.359262 -1.85688
-0.36518 -1.86217
-0.371353 -1.86716
-0.377793 -1.87183
-0.383628 -1.87722
-0.389809 -1.88219
-0.395847 -1.88734
-0.401656 -1.89276
-0.408059 -1.89748
-0.414023 -1.90271
-0.420223 -1.90767
-0.426281 -1.91279
-0.432088 -1.91821
-0.438428 -1.923
-0.444335 -1.92831
-0.450274 -1.93357
-0.456677 -1.93828
-0.462539 -1.94364
-0.46864 -1.94871
-0.474762 -1.95376
-0.480485 -1.95928
-0.486595 -1.96435
-0.49291 -1.96917
-0.499068 -1.97417
-0.505135 -1.97928
-0.511132 -1.98448
-0.517357 -1.98941
-0.523135 -1.99486
-0.529072 -2.00013
-0.535512 -2.0048
-0.541461 -2.01005
-0.54741 -2.01531
-0.553371 -2.02055
-0.559829 -2.0252
-0.56573 -2.03051
-0.571819 -2.03559
-0.578053 -2.04051
-0.583978 -2.04579
-0.589913 -2.05106
-0.59615 -2.05597
-0.601935 -2.06142
-0.608384 -2.06608
-0.61444 -2.07121
-0.620526 -2.0763
-0.626135 -2.08195
-0.63238 -2.08686
-0.638431 -2.09199
-0.644618 -2.09696
-0.650459 -2.10234
-0.656572 -2.1074
-0.662919 -2.11218
-0.668685 -2.11765
-0.674766 -2.12275
-0.680883 -2.1278
-0.687187 -2.13263
-0.693205 -2.13781
-0.699019 -2.14322
-0.705042 -2.14838
-0.711321 -2.15325
-0.717675 -2.15802
-0.723472 -2.16345
-0.729521 -2.16859
-0.735654 -2.17362
-0.741686 -2.17878
-0.747595 -2.18408
-0.753954 -2.18884
-0.760044 -2.19393
-0.766068 -2.1991
-0.769625 -2.20198
-0.775472 -2.20743
-0.778231 -2.21033
-0.780991 -2.21323
-0.787084 -2.21841
-0.789882 -2.22127
-0.79268 -2.22413
-0.798655 -2.22944
-0.804602 -2.23478
-0.810706 -2.23995
-0.816368 -2.24559
-0.822115 -2.25115
-0.827971 -2.25659
-0.834076 -2.26175
-0.839899 -2.26723
-0.845589 -2.27285
-0.851581 -2.27814
-0.857341 -2.28368
-0.863382 -2.28891
-0.86911 -2.29449
-0.872193 -2.29704
-0.875277 -2.29959
-0.878062 -2.30246
-0.880848 -2.30534
-0.88676 -2.31071
-0.892612 -2.31616
-0.898389 -2.32168
-0.904298 -2.32706
-0.907401 -2.32959
-0.910504 -2.33212
-0.91331 -2.33497
-0.916116 -2.33782
-0.921906 -2.34333
-0.927986 -2.34852
-0.933728 -2.35408
-0.939755 -2.35934
-0.942542 -2.36221
-0.945329 -2.36508
-0.948493 -2.36754
-0.951657 -2.37001
-0.954388 -2.37294
-0.957118 -2.37587
-0.963241 -2.38102
-0.969251 -2.38629
-0.972044 -2.38916
-0.974836 -2.39202
-0.980932 -2.3972
-0.986765 -2.40266
-0.989508 -2.40558
-0.992252 -2.4085
-0.998154 -2.41389
-1.00125 -2.41643
-1.00434 -2.41897
-1.01002 -2.42459
-1.01313 -2.42711
-1.01624 -2.42963
-1.01903 -2.4325
-1.02183 -2.43537
-1.02771 -2.44078
-1.03363 -2.44614
-1.03951 -2.45156
-1.0423 -2.45443
-1.04509 -2.45729
-1.04828 -2.45972
-1.05148 -2.46215
-1.0573 -2.46762
-1.06008 -2.47051
-1.06285 -2.4734
-1.06595 -2.47593
-1.06905 -2.47846
-1.07177 -2.4814
-1.07449 -2.48435
-1.07764 -2.48683
-1.08079 -2.48931
-1.08649 -2.49491
-1.09249 -2.5002
-1.09522 -2.50313
-1.09795 -2.50606
-1.10402 -2.51127
-1.11009 -2.51648
-1.11594 -2.52192
-1.12174 -2.52742
-1.12778 -2.53265
-1.13056 -2.53553
-1.13334 -2.53841
-1.13914 -2.54391
-1.14493 -2.54941
-1.14805 -2.55193
-1.15117 -2.55444
-1.15711 -2.55979
-1.15989 -2.56266
-1.16268 -2.56554
-1.16855 -2.57096
-1.17461 -2.57617
-1.17737 -2.57907
-1.18014 -2.58196
-1.18324 -2.5845
-1.18633 -2.58704
-1.19207 -2.5926
-1.19809 -2.59786
-1.20409 -2.60315
-1.20987 -2.60866
-1.21575 -2.61407
-1.21854 -2.61695
-1.22132 -2.61982
-1.22733 -2.6251
-1.23328 -2.63043
-1.23909 -2.63592
-1.24472 -2.6416
-1.24785 -2.64409
-1.25099 -2.64659
-1.25696 -2.65191
-1.25974 -2.65478
-1.26253 -2.65765
-1.2686 -2.66285
-1.2744 -2.66835
-1.28029 -2.67375
-1.28603 -2.67932
-1.29198 -2.68465
-1.29781 -2.69012
-1.30362 -2.69561
-1.30965 -2.70086
-1.31546 -2.70634
-1.32146 -2.71163
-1.32731 -2.71707
-1.33006 -2.71998
-1.33281 -2.72289
-1.33877 -2.72821
-1.34453 -2.73375
-1.35048 -2.7391
-1.35633 -2.74453
-1.36241 -2.74973
-1.36827 -2.75516
-1.37134 -2.75774
-1.3744 -2.76031
-1.3802 -2.76581
-1.38293 -2.76874
-1.38566 -2.77167
-1.3888 -2.77416
-1.39195 -2.77664
-1.39767 -2.78222
-1.40333 -2.78788
-1.4091 -2.7934
-1.41497 -2.79883
-1.41814 -2.80128
-1.42131 -2.80374
-1.42407 -2.80664
-1.42683 -2.80954
-1.43294 -2.81471
-1.43573 -2.81757
-1.43853 -2.82043
-1.44456 -2.82567
-1.45039 -2.83114
-1.45607 -2.83678
-1.46196 -2.84217
-1.46511 -2.84465
-1.46826 -2.84713
-1.47398 -2.85272
-1.47981 -2.85818
-1.48563 -2.86366
-1.49162 -2.86895
-1.49765 -2.87419
-1.50339 -2.87976
-1.50917 -2.88528
-1.51522 -2.89051
-1.52098 -2.89604
-1.52661 -2.90173
-1.52972 -2.90426
-1.53282 -2.90678
-1.53845 -2.91247
-1.54454 -2.91765
-1.54731 -2.92054
-1.55008 -2.92344
-1.55321 -2.92593
-1.55635 -2.92842
-1.55909 -2.93135
-1.56182 -2.93428
-1.56497 -2.93676
-1.56812 -2.93924
-1.57375 -2.94492
-1.57969 -2.95027
-1.58543 -2.95583
-1.58849 -2.9584
-1.59156 -2.96097
-1.59431 -2.96388
-1.59707 -2.96678
-1.60304 -2.97209
-1.60906 -2.97735
-1.61183 -2.98025
-1.61459 -2.98314
-1.61775 -2.98561
-1.6209 -2.98809
-1.62362 -2.99103
-1.62634 -2.99398
-1.62948 -2.99647
-1.63262 -2.99896
-1.63836 -3.00452
-1.64117 -3.00737
-1.64398 -3.01022
-1.64712 -3.0127
-1.65026 -3.01519
-1.653 -3.01811
-1.65574 -3.02104
-1.66181 -3.02624
-1.66761 -3.03174
-1.6736 -3.03704
-1.67964 -3.04227
-1.68239 -3.04518
-1.68514 -3.04809
-1.68828 -3.05058
-1.69142 -3.05307
-1.69725 -3.05854
-1.70308 -3.06401
-1.70888 -3.06951
-1.7149 -3.07476
-1.7206 -3.08037
-1.72652 -3.08573
-1.73223 -3.09134
-1.73829 -3.09654
-1.744 -3.10214
-1.74984 -3.10759
-1.75574 -3.11299
-1.76183 -3.11818
-1.76462 -3.12104
-1.76741 -3.12391
-1.77324 -3.12938
-1.77635 -3.13189
-1.77946 -3.13441
-1.78526 -3.13992
-1.79088 -3.14561
-1.794 -3.14812
-1.79712 -3.15063
-1.79985 -3.15357
-1.80258 -3.1565
-1.80849 -3.16187
-1.81158 -3.16442
-1.81466 -3.16697
-1.81745 -3.16984
-1.82023 -3.17272
-1.82628 -3.17795
-1.83194 -3.18359
-1.83799 -3.18883
-1.8438 -3.19431
-1.84687 -3.19688
-1.84994 -3.19945
-1.85271 -3.20233
-1.85549 -3.20521
-1.86121 -3.21079
-1.86437 -3.21326
-1.86754 -3.21572
-1.87026 -3.21866
-1.87298 -3.22161
-1.87885 -3.22703
-1.88192 -3.2296
-1.88498 -3.23217
-1.89079 -3.23766
-1.8967 -3.24304
-1.90245 -3.24859
-1.90837 -3.25396
-1.91417 -3.25945
-1.91729 -3.26197
-1.9204 -3.26449
-1.9262 -3.26998
-1.92893 -3.27292
-1.93167 -3.27585
-1.93755 -3.28125
-1.94063 -3.28381
-1.94371 -3.28636
-1.94648 -3.28925
-1.94925 -3.29214
-1.95233 -3.2947
-1.9554 -3.29726
-1.96145 -3.30249
-1.96426 -3.30534
-1.96706 -3.30819
-1.97016 -3.31073
-1.97325 -3.31327
-1.97602 -3.31616
-1.97879 -3.31905
-1.98186 -3.32161
-1.98494 -3.32417
-1.99068 -3.32973
-1.99631 -3.33541
-1.99943 -3.33792
-2.00255 -3.34043
-2.0085 -3.34577
-2.01434 -3.35122
-2.01999 -3.35689
-2.02561 -3.36258
-2.02869 -3.36514
-2.03176 -3.3677
-2.03747 -3.37329
-2.04328 -3.37878
-2.04938 -3.38396
-2.05511 -3.38953
-2.06085 -3.39509
-2.064 -3.39757
-2.06716 -3.40004
-2.07282 -3.40569
-2.07894 -3.41084
-2.08165 -3.41379
-2.08436 -3.41675
-2.09017 -3.42224
-2.09327 -3.42477
-2.09636 -3.42731
-2.10215 -3.43283
-2.10523 -3.43538
-2.10831 -3.43793
-2.11109 -3.44081
-2.11386 -3.4437
-2.11991 -3.44893
-2.1258 -3.45433
-2.12854 -3.45725
-2.13129 -3.46016
-2.13714 -3.4656
-2.14029 -3.46809
-2.14343 -3.47058
-2.14919 -3.47611
-2.15511 -3.48148
-2.16081 -3.48709
-2.16388 -3.48966
-2.16694 -3.49223
-2.1727 -3.49777
-2.17855 -3.50322
-2.1843 -3.50876
-2.19006 -3.51431
-2.19315 -3.51686
-2.19623 -3.5194
-2.19899 -3.52231
-2.20175 -3.52521
-2.20768 -3.53057
-2.21369 -3.53584
-2.2195 -3.54133
-2.22561 -3.54648
-2.23147 -3.55192
-2.23742 -3.55725
-2.24327 -3.5627
-2.2491 -3.56817
-2.25476 -3.57382
-2.26057 -3.5793
-2.26366 -3.58184
-2.26675 -3.58438
-2.27267 -3.58976
-2.27854 -3.59518
-2.28425 -3.60077
-2.29016 -3.60616
-2.29589 -3.61173
-2.3019 -3.617
-2.30466 -3.6199
-2.30742 -3.6228
-2.31056 -3.62529
-2.31371 -3.62777
-2.31935 -3.63344
-2.32543 -3.63863
-2.33121 -3.64416
-2.33712 -3.64953
-2.33993 -3.65238
-2.34273 -3.65523
-2.34854 -3.66072
-2.35451 -3.66604
-2.36034 -3.6715
-2.36638 -3.67675
-2.37213 -3.68229
-2.37823 -3.68746
-2.38386 -3.69315
-2.38979 -3.69851
-2.39585 -3.70373
-2.40178 -3.70908
-2.40745 -3.71472
-2.41346 -3.71999
-2.41922 -3.72553
-2.42506 -3.73098
-2.43084 -3.7365
-2.43397 -3.739
-2.43711 -3.7415
-2.43977 -3.7445
-2.44244 -3.74751
-2.44844 -3.75279
-2.45426 -3.75827
-2.45739 -3.76076
-2.46052 -3.76326
-2.46617 -3.76893
-2.47228 -3.77409
-2.47503 -3.77699
-2.47779 -3.7799
-2.48362 -3.78536
-2.48941 -3.79088
-2.49254 -3.79338
-2.49567 -3.79588
-2.5016 -3.80122
-2.5074 -3.80673
-2.5133 -3.81212
-2.51927 -3.81743
-2.52505 -3.82296
-2.52782 -3.82585
-2.53059 -3.82873
-2.5364 -3.83422
-2.54247 -3.83942
-2.54825 -3.84494
-2.55139 -3.84743
-2.55453 -3.84992
-2.56038 -3.85536
-2.56308 -3.85834
-2.56577 -3.86131
-2.57163 -3.86674
-2.57476 -3.86925
-2.57788 -3.87175
-2.58355 -3.8774
-2.58939 -3.88284
-2.59251 -3.88536
-2.59562 -3.88788
-2.60126 -3.89355
-2.60721 -3.89889
-2.61303 -3.90437
-2.61909 -3.90958
-2.62181 -3.91252
-2.62454 -3.91546
-2.63056 -3.92072
-2.63647 -3.92609
-2.64246 -3.93139
-2.64819 -3.93697
-2.6539 -3.94256
-2.65996 -3.94777
-2.66576 -3.95327
-2.67177 -3.95855
-2.67774 -3.96386
-2.68345 -3.96946
-2.68941 -3.97478
-2.69532 -3.98015
-2.69807 -3.98307
-2.70081 -3.986
-2.70669 -3.9914
-2.7128 -3.99657
-2.71859 -4.00207
-2.72443 -4.00753
-2.73032 -4.01293
-2.7334 -4.01548
-2.73649 -4.01803
-2.74229 -4.02353
-2.74503 -4.02645
-2.74777 -4.02937
-2.7537 -4.03473
-2.75975 -4.03996
-2.76558 -4.04542
-2.77133 -4.05097
-2.77721 -4.05638
-2.78035 -4.05887
-2.78349 -4.06136
-2.78619 -4.06433
-2.78889 -4.0673
-2.79486 -4.07261
-2.79796 -4.07515
-2.80106 -4.07768
-2.80682 -4.08321
-2.81283 -4.08849
-2.81865 -4.09397
-2.82439 -4.09952
-2.82717 -4.10241
-2.82995 -4.10529
-2.83312 -4.10774
-2.83629 -4.1102
-2.83907 -4.11307
-2.84186 -4.11595
-2.84762 -4.12148
-2.85354 -4.12686
-2.85941 -4.13227
-2.86248 -4.13484
-2.86556 -4.1374
-2.8714 -4.14285
-2.87721 -4.14834
-2.88289 -4.15396
-2.88901 -4.15912
-2.89177 -4.16202
-2.89453 -4.16492
-2.90046 -4.17028
-2.9036 -4.17277
-2.90673 -4.17526
-2.91243 -4.18088
-2.91837 -4.18622
-2.924 -4.1919
-2.92983 -4.19736
-2.93299 -4.19984
-2.93614 -4.20232
-2.93887 -4.20524
-2.94161 -4.20817
-2.94767 -4.21338
-2.95367 -4.21867
-2.95951 -4.22412
-2.96225 -4.22705
-2.96498 -4.22997
-2.97104 -4.23519
-2.9771 -4.24041
-2.98286 -4.24595
-2.98885 -4.25124
-2.99468 -4.25671
-3.00039 -4.2623
-3.00624 -4.26775
-3.00931 -4.27031
-3.01238 -4.27288
-3.0181 -4.27847
-3.02409 -4.28376
-3.02971 -4.28946
-3.03551 -4.29495
-3.04163 -4.3001
-3.04752 -4.3055
-3.05317 -4.31116
-3.05928 -4.31632
-3.06526 -4.32163
-3.06802 -4.32452
-3.07079 -4.32742
-3.07665 -4.33285
-3.08266 -4.33812
-3.08871 -4.34335
-3.09451 -4.34884
-3.10034 -4.35431
-3.10315 -4.35716
-3.10596 -4.36001
-3.11179 -4.36547
-3.11788 -4.37065
-3.12397 -4.37584
-3.12965 -4.38147
-3.13539 -4.38703
-3.13852 -4.38954
-3.14164 -4.39204
-3.14438 -4.39496
-3.14712 -4.39789
-3.15308 -4.40322
-3.15879 -4.40881
-3.16471 -4.41418
-3.17067 -4.4195
-3.17377 -4.42203
-3.17687 -4.42457
-3.1796 -4.4275
-3.18233 -4.43043
-3.18542 -4.43297
-3.18852 -4.43551
-3.19416 -4.44118
-3.20018 -4.44644
-3.20598 -4.45194
-3.20878 -4.4548
-3.21158 -4.45765
-3.21477 -4.46009
-3.21796 -4.46253
-3.22375 -4.46803
-3.22956 -4.47352
-3.23522 -4.47917
-3.24116 -4.48452
-3.24728 -4.48967
-3.25008 -4.49252
-3.25289 -4.49537
-3.25877 -4.50078
-3.26467 -4.50617
-3.27032 -4.51184
-3.2734 -4.51439
-3.27648 -4.51694
-3.28244 -4.52227
-3.28837 -4.52763
-3.29408 -4.53322
-3.29986 -4.53874
-3.30557 -4.54434
-3.31141 -4.54978
-3.3146 -4.55223
-3.31778 -4.55467
-3.32365 -4.5601
-3.32941 -4.56563
-3.33527 -4.57107
-3.34124 -4.57638
-3.34395 -4.57933
-3.34667 -4.58229
-3.35275 -4.58748
-3.35884 -4.59266
-3.36476 -4.59803
-3.36747 -4.60099
-3.37017 -4.60394
-3.37329 -4.60646
-3.37641 -4.60897
-3.3792 -4.61183
-3.38199 -4.6147
-3.38786 -4.62013
-3.39376 -4.62552
-3.39951 -4.63107
-3.40257 -4.63364
-3.40564 -4.63621
-3.41151 -4.64163
-3.41431 -4.64449
-3.41711 -4.64735
-3.42301 -4.65273
-3.42613 -4.65525
-3.42924 -4.65777
-3.43201 -4.66066
-3.43478 -4.66355
-3.44078 -4.66883
-3.44657 -4.67434
-3.44965 -4.6769
-3.45272 -4.67946
-3.45862 -4.68485
-3.46438 -4.69039
-3.47004 -4.69604
-3.47581 -4.70157
-3.47892 -4.7041
-3.48202 -4.70663
-3.48764 -4.71232
-3.49077 -4.71482
-3.49391 -4.71731
-3.49976 -4.72275
-3.50247 -4.72571
-3.50517 -4.72867
-3.51129 -4.73382
-3.5141 -4.73668
-3.5169 -4.73953
-3.52292 -4.74479
-3.529 -4.74999
-3.53488 -4.7554
-3.54061 -4.76097
-3.54639 -4.76649
-3.5495 -4.76901
-3.55261 -4.77153
-3.55531 -4.7745
-3.558 -4.77747
-3.56388 -4.78288
-3.56699 -4.78541
-3.5701 -4.78793
-3.5729 -4.79079
-3.57569 -4.79365
-3.58153 -4.79911
-3.58465 -4.80162
-3.58777 -4.80413
-3.59052 -4.80704
-3.59327 -4.80995
-3.59725 -4.81339
-3.6027 -4.8189
-3.60796 -4.82458
-3.61373 -4.82978
-3.6186 -4.83584
-3.62443 -4.84098
-3.62624 -4.84355
-3.62989 -4.84702
-3.63338 -4.85065
-3.63595 -4.85451
-3.63942 -4.85766
-3.64193 -4.86153
-3.6444 -4.86543
-3.64632 -4.86964
-3.64857 -4.87364
-3.65039 -4.87787
-3.65224 -4.88205
-3.65377 -4.8864
-3.65556 -4.89067
-3.65666 -4.89514
-3.65776 -4.89963
-3.6583 -4.90421
-3.65929 -4.90875
-3.65908 -4.91337
-3.65909 -4.91797
-3.65943 -4.92563
-3.65982 -4.93328
-3.65938 -4.94094
-3.65937 -4.9486
-3.65987 -4.95625
-3.65995 -4.96391
-3.65951 -4.97156
-3.65968 -4.97922
-3.65997 -4.98687
-3.65933 -4.99453
-3.65973 -5.00219
-3.65999 -5.00984
-3.66006 -5.0175
-3.66005 -5.02516
-3.65983 -5.03281
-3.66025 -5.04047
-3.65996 -5.04812
-3.66026 -5.05578
-3.66003 -5.06344
-3.66027 -5.0711
-3.65974 -5.07589
-3.65958 -5.08069
-3.65866 -5.08541
-3.65818 -5.09019
-3.65728 -5.09491
-3.65636 -5.09967
-3.65455 -5.10413
-3.65303 -5.1087
-3.65109 -5.1131
-3.64868 -5.11726
-3.6463 -5.12143
-3.64377 -5.12548
-3.64095 -5.12937
-3.63865 -5.13366
-3.63506 -5.1369
-3.63209 -5.14068
-3.62751 -5.14544
-3.62589 -5.14705
-3.62061 -5.15287
-3.61461 -5.15798
-3.60948 -5.16397
-3.60381 -5.16941
-3.59824 -5.17495
-3.59493 -5.17798
-3.58903 -5.18331
-3.58304 -5.18856
-3.57712 -5.19388
-3.57152 -5.19955
-3.56543 -5.20469
-3.55967 -5.21019
-3.55359 -5.21533
-3.54785 -5.22085
-3.54163 -5.22584
-3.53609 -5.23158
-3.5301 -5.23683
-3.52444 -5.24243
-3.51835 -5.24756
-3.51248 -5.25294
-3.50661 -5.25831
-3.50072 -5.26367
-3.49484 -5.26903
-3.48886 -5.27429
-3.48297 -5.27964
-3.47713 -5.28505
-3.47102 -5.29017
-3.46529 -5.2957
-3.45945 -5.3011
-3.45332 -5.30619
-3.44745 -5.31156
-3.44195 -5.31735
-3.43615 -5.3228
-3.42989 -5.32774
-3.42429 -5.33342
-3.41797 -5.3383
-3.41227 -5.34387
-3.40632 -5.34915
-3.40033 -5.35439
-3.39469 -5.36002
-3.3887 -5.36527
-3.38271 -5.37051
-3.37687 -5.37592
-3.37098 -5.38128
-3.36537 -5.38694
-3.35924 -5.39203
-3.35341 -5.39745
-3.3476 -5.40289
-3.34153 -5.40804
-3.33602 -5.41382
-3.32983 -5.41884
-3.32419 -5.42446
-3.31799 -5.42948
-3.31208 -5.43481
-3.30631 -5.44029
-3.30027 -5.44549
-3.29469 -5.45118
-3.28879 -5.45652
-3.28292 -5.4619
-3.27712 -5.46735
-3.27087 -5.47231
-3.26539 -5.47812
-3.2591 -5.48303
-3.25321 -5.48838
-3.24743 -5.49386
-3.24149 -5.49916
-3.23586 -5.5048
-3.23005 -5.51023
-3.22385 -5.51525
-3.2179 -5.52054
-3.21209 -5.52597
-3.20647 -5.53163
-3.20037 -5.53675
-3.19456 -5.54219
-3.18841 -5.54726
-3.18273 -5.55284
-3.17696 -5.55834
-3.17081 -5.56341
-3.16524 -5.5691
-3.15909 -5.57418
-3.15327 -5.57961
-3.14738 -5.58496
-3.14168 -5.59052
-3.13532 -5.59536
-3.12989 -5.60122
-3.12358 -5.60611
-3.11816 -5.61198
-3.11195 -5.61699
-3.10623 -5.62253
-3.10012 -5.62764
-3.09432 -5.63308
-3.08871 -5.63874
-3.08274 -5.64401
-3.0769 -5.64942
-3.07065 -5.65438
-3.06498 -5.65997
-3.05881 -5.66502
-3.05323 -5.67072
-3.04716 -5.67588
-3.04141 -5.68138
-3.03522 -5.68641
-3.02956 -5.69201
-3.02372 -5.69742
-3.01769 -5.70263
-3.01171 -5.70787
-3.00581 -5.71322
-3.00019 -5.71887
-2.99426 -5.72417
-2.98819 -5.72934
-2.98254 -5.73495
-2.97634 -5.73997
-2.9706 -5.74549
-2.96499 -5.75114
-2.95904 -5.75644
-2.95313 -5.76177
-2.94692 -5.76677
-2.94148 -5.77261
-2.93541 -5.77777
-2.92937 -5.78296
-2.92358 -5.78843
-2.91764 -5.79372
-2.91197 -5.79932
-2.90607 -5.80466
-2.89982 -5.80962
-2.89401 -5.81506
-2.88841 -5.82074
-2.88236 -5.82591
-2.87658 -5.83139
-2.87048 -5.83651
-2.8646 -5.84187
-2.8589 -5.84745
-2.85552 -5.84982
-2.85253 -5.85267
-2.84918 -5.85505
-2.84581 -5.85744
-2.84221 -5.85943
-2.83866 -5.86151
-2.83493 -5.86325
-2.83129 -5.86518
-2.82412 -5.86853
-2.8168 -5.87153
-2.80959 -5.87479
-2.80216 -5.87754
-2.79497 -5.88084
-2.78773 -5.88402
-2.78045 -5.88712
-2.77316 -5.89019
-2.76607 -5.89372
-2.75884 -5.89693
-2.75128 -5.89937
-2.74429 -5.90314
-2.73683 -5.90582
-2.72968 -5.90921
-2.72237 -5.91225
-2.71514 -5.91545
-2.70773 -5.91824
-2.70051 -5.92148
-2.69349 -5.92519
-2.68616 -5.92815
-2.67898 -5.93148
-2.67147 -5.93404
-2.66431 -5.93741
-2.65695 -5.94033
-2.64973 -5.94357
-2.64242 -5.94659
-2.63541 -5.9503
-2.62812 -5.95338
-2.62068 -5.95609
-2.61344 -5.95929
-2.60623 -5.96255
-2.59892 -5.96558
-2.59188 -5.96921
-2.58436 -5.97175
-2.57726 -5.97526
-2.56996 -5.97831
-2.56281 -5.9817
-2.55547 -5.98466
-2.54808 -5.98751
-2.5409 -5.99083
-2.53362 -5.99393
-2.5263 -5.99692
-2.51913 -6.00028
-2.51187 -6.00342
-2.5045 -6.0063
-2.49742 -6.00987
-2.49024 -6.01318
-2.48272 -6.01572
-2.47568 -6.01938
-2.46827 -6.02216
-2.46099 -6.02526
-2.45381 -6.0286
-2.4464 -6.03137
-2.43942 -6.03516
-2.43188 -6.03765
-2.42462 -6.04081
-2.41735 -6.04392
-2.41016 -6.04724
-2.40297 -6.05053
-2.39561 -6.05343
-2.38843 -6.05676
-2.38114 -6.05982
-2.3739 -6.06303
-2.36685 -6.06664
-2.35939 -6.06933
-2.35229 -6.07282
-2.34479 -6.07543
-2.33778 -6.07913
-2.33035 -6.08189
-2.32314 -6.08514
-2.31594 -6.08841
-2.30873 -6.09169
-2.30127 -6.09437
-2.29413 -6.09777
-2.28672 -6.10058
-2.27953 -6.10387
-2.27246 -6.10744
-2.26499 -6.11007
-2.26018 -6.11191
-2.25547 -6.11403
-2.25046 -6.11524
-2.24541 -6.1161
-2.24041 -6.11743
-2.2353 -6.11814
-2.23015 -6.11815
-2.22502 -6.11856
-2.21702 -6.11855
-2.20902 -6.1184
-2.20103 -6.11837
-2.19703 -6.11847
-2.19303 -6.11857
-2.18903 -6.11838
-2.18503 -6.11819
-2.17704 -6.11802
-2.16904 -6.11795
-2.16504 -6.11807
-2.16104 -6.11818
-2.15704 -6.11842
-2.15304 -6.11866
-2.14905 -6.11832
-2.14505 -6.11799
-2.14105 -6.11829
-2.13705 -6.1186
-2.12905 -6.11845
-2.12505 -6.11833
-2.12106 -6.11821
-2.11306 -6.11833
-2.10506 -6.11819
-2.10106 -6.11806
-2.09706 -6.11793
-2.09307 -6.11808
-2.08907 -6.11822
-2.08107 -6.1181
-2.07707 -6.11792
-2.07307 -6.11773
-2.06907 -6.11788
-2.06508 -6.11802
-2.05708 -6.1179
-2.04908 -6.11784
-2.04508 -6.11794
-2.04108 -6.11805
-2.03709 -6.11787
-2.03309 -6.1177
-2.02909 -6.11791
-2.02509 -6.11812
-2.02109 -6.11781
-2.01709 -6.11751
-2.0091 -6.11747
-2.0011 -6.11752
-1.9971 -6.11776
-1.9931 -6.11799
-1.9891 -6.11782
-1.9851 -6.11764
-1.97711 -6.1178
-1.97311 -6.11763
-1.96911 -6.11746
-1.96511 -6.11759
-1.96111 -6.11771
-1.95711 -6.11752
-1.95312 -6.11732
-1.94512 -6.11738
-1.94112 -6.11753
-1.93712 -6.11768
-1.93312 -6.1175
-1.92912 -6.11732
-1.92113 -6.11746
-1.91713 -6.11765
-1.91313 -6.11784
-1.90913 -6.11755
-1.90513 -6.11727
-1.89714 -6.11732
-1.88914 -6.11747
-1.88114 -6.1175
-1.87314 -6.11738
-1.86515 -6.11733
-1.85715 -6.11728
-1.84915 -6.11727
-1.84515 -6.11745
-1.84115 -6.11763
-1.83316 -6.11753
-1.82516 -6.1175
-1.82116 -6.1173
-1.81716 -6.1171
-1.80917 -6.1169
-1.80517 -6.11721
-1.80117 -6.11751
-1.79717 -6.11726
-1.79317 -6.117
-1.78917 -6.11723
-1.78517 -6.11747
-1.77718 -6.11728
-1.77318 -6.11702
-1.76918 -6.11677
-1.76518 -6.11688
-1.76118 -6.11699
-1.75319 -6.11688
-1.74519 -6.11667
-1.74119 -6.11683
-1.73719 -6.117
-1.73319 -6.11712
-1.72919 -6.11724
-1.7212 -6.11725
-1.7172 -6.117
-1.7132 -6.11675
-1.7052 -6.11656
-1.7012 -6.11672
-1.69721 -6.11688
-1.69321 -6.11704
-1.68921 -6.11719
-1.68521 -6.11701
-1.68121 -6.11683
-1.67321 -6.11696
-1.66922 -6.11681
-1.66522 -6.11666
-1.66122 -6.11683
-1.65722 -6.117
-1.65322 -6.1167
-1.64922 -6.11639
-1.64522 -6.11662
-1.64123 -6.11684
-1.63723 -6.1167
-1.63323 -6.11656
-1.62523 -6.11667
-1.61723 -6.11645
-1.61324 -6.11668
-1.60924 -6.11692
-1.60524 -6.11664
-1.60124 -6.11637
-1.59324 -6.11645
-1.58525 -6.11625
-1.57725 -6.11612
-1.57325 -6.11635
-1.56925 -6.11658
-1.56125 -6.11654
-1.55726 -6.11629
-1.55326 -6.11604
-1.54526 -6.11611
-1.53726 -6.11595
-1.53326 -6.11631
-1.52926 -6.11667
-1.52527 -6.11638
-1.52127 -6.11609
-1.51327 -6.11586
-1.50927 -6.11599
-1.50527 -6.11613
-1.49728 -6.11621
-1.48928 -6.11638
-1.48528 -6.11611
-1.48128 -6.11584
-1.47329 -6.11576
-1.46529 -6.1158
-1.46129 -6.11611
-1.45729 -6.11642
-1.45329 -6.11629
-1.44929 -6.11616
-1.4453 -6.11601
-1.4413 -6.11586
-1.4333 -6.11574
-1.4253 -6.11588
-1.4213 -6.11609
-1.4173 -6.1163
-1.40931 -6.11629
-1.40531 -6.11602
-1.40131 -6.11575
-1.39331 -6.11562
-1.38932 -6.1158
-1.38532 -6.11598
-1.38132 -6.11609
-1.37732 -6.1162
-1.37332 -6.11591
-1.36932 -6.11561
-1.36532 -6.11573
-1.36132 -6.11585
-1.35333 -6.11567
-1.34533 -6.11553
-1.34133 -6.11564
-1.33733 -6.11575
-1.33334 -6.11557
-1.32934 -6.1154
-1.32534 -6.11564
-1.32134 -6.11588
-1.31334 -6.11582
-1.30534 -6.11568
-1.29735 -6.11583
-1.28935 -6.11591
-1.28535 -6.11564
-1.28135 -6.11537
-1.27336 -6.11518
-1.26536 -6.11516
-1.25736 -6.11515
-1.25336 -6.11544
-1.24936 -6.11573
-1.24537 -6.11547
-1.24137 -6.11522
-1.23737 -6.11543
-1.23337 -6.11565
-1.22937 -6.11552
-1.22537 -6.1154
-1.22137 -6.11552
-1.21738 -6.11563
-1.21338 -6.1154
-1.20938 -6.11518
-1.20138 -6.11509
-1.19338 -6.11523
-1.18539 -6.11521
-1.18139 -6.11537
-1.17739 -6.11553
-1.16939 -6.11542
-1.16539 -6.11514
-1.1614 -6.11486
-1.1534 -6.11498
-1.1494 -6.11509
-1.1454 -6.1152
-1.1414 -6.11507
-1.1374 -6.11494
-1.13341 -6.11515
-1.12941 -6.11537
-1.12141 -6.11525
-1.11741 -6.11512
-1.11341 -6.11499
-1.10941 -6.11512
-1.10541 -6.11525
-1.09742 -6.11505
-1.09342 -6.11477
-1.08942 -6.1145
-1.08542 -6.11475
-1.08142 -6.115
-1.07343 -6.1149
-1.06543 -6.11503
-1.06143 -6.11482
-1.05743 -6.11461
-1.05343 -6.11484
-1.04943 -6.11507
-1.04144 -6.115
-1.03744 -6.11487
-1.03344 -6.11475
-1.02944 -6.11455
-1.02545 -6.11435
-1.02145 -6.11463
-1.01745 -6.11491
-1.01345 -6.1146
-1.00945 -6.1143
-1.00145 -6.11431
-0.997454 -6.11463
-0.993455 -6.11495
-0.985458 -6.11479
-0.98146 -6.11455
-0.977462 -6.11431
-0.969465 -6.11418
-0.961468 -6.11417
-0.953471 -6.11418
-0.949471 -6.11442
-0.945472 -6.11467
-0.941474 -6.11438
-0.937477 -6.11409
-0.933477 -6.11429
-0.929478 -6.11449
-0.921481 -6.11436
-0.913485 -6.11415
-0.905487 -6.11423
-0.901489 -6.11406
-0.897491 -6.1139
-0.893491 -6.11425
-0.889491 -6.1146
-0.885494 -6.11422
-0.881497 -6.11384
-0.873499 -6.11388
-0.8695 -6.1141
-0.865501 -6.11432
-0.861503 -6.11415
-0.857504 -6.11398
-0.849507 -6.11402
-0.841511 -6.11383
-0.837511 -6.11397
-0.833512 -6.11411
-0.829514 -6.11392
-0.825516 -6.11372
-0.817519 -6.11382
-0.81352 -6.11392
-0.809521 -6.11401
-0.805523 -6.11385
-0.801525 -6.11369
-0.793528 -6.11364
-0.789529 -6.11377
-0.78553 -6.1139
-0.781531 -6.11374
-0.777533 -6.11359
-0.769536 -6.11375
-0.761538 -6.11381
-0.757539 -6.11397
-0.75354 -6.11413
-0.749542 -6.11399
-0.745543 -6.11386
-0.741544 -6.114
-0.737545 -6.11415
-0.733548 -6.11378
-0.72955 -6.1134
-0.725551 -6.11359
-0.721552 -6.11378
-0.717554 -6.11364
-0.713556 -6.11351
-0.709557 -6.11339
-0.705559 -6.11327
-0.697562 -6.11332
-0.689565 -6.11329
-0.685565 -6.1136
-0.681565 -6.1139
-0.677567 -6.11377
-0.673569 -6.11365
-0.665572 -6.11345
-0.661573 -6.11364
-0.657574 -6.11383
-0.649577 -6.11371
-0.645579 -6.11343
-0.641582 -6.11315
-0.637583 -6.11327
-0.633584 -6.1134
-0.625586 -6.11341
-0.61759 -6.11325
-0.609592 -6.1133
-0.601595 -6.11337
-0.593597 -6.1135
-0.589599 -6.11333
-0.585601 -6.11316
-0.581603 -6.11301
-0.577605 -6.11286
-0.573605 -6.11317
-0.569605 -6.11348
-0.565607 -6.11325
-0.56161 -6.11303
-0.55761 -6.11324
-0.553611 -6.11345
-0.549613 -6.11327
-0.545615 -6.11308
-0.537618 -6.11302
-0.52962 -6.11317
-0.521623 -6.11318
-0.513626 -6.11297
-0.509627 -6.11312
-0.505628 -6.11326
-0.50163 -6.11307
-0.497632 -6.11287
-0.489635 -6.11295
-0.485636 -6.11282
-0.481638 -6.11269
-0.477639 -6.11281
-0.47364 -6.11293
-0.465642 -6.11309
-0.457645 -6.11324
-0.453647 -6.11308
-0.449648 -6.11293
-0.441652 -6.11281
-0.433654 -6.11299
-0.429656 -6.11285
-0.425657 -6.11271
-0.41766 -6.11274
-0.413661 -6.11284
-0.409662 -6.11293
-0.405665 -6.11262
-0.401667 -6.11231
-0.393669 -6.11243
-0.38967 -6.1126
-0.385671 -6.11276
-0.381673 -6.11263
-0.377675 -6.11251
-0.369678 -6.1124
-0.36168 -6.11248
-0.357681 -6.11257
-0.353682 -6.11267
-0.349685 -6.11244
-0.345687 -6.11221
-0.341687 -6.11248
-0.337688 -6.11275
-0.329691 -6.11272
-0.325693 -6.11247
-0.321695 -6.11222
-0.317696 -6.11239
-0.313697 -6.11255
-0.3057 -6.11245
-0.297703 -6.11227
-0.289705 -6.11237
-0.281708 -6.11231
-0.27771 -6.11216
-0.273712 -6.11201
-0.269713 -6.11218
-0.265714 -6.11234
-0.261716 -6.11221
-0.257717 -6.11207
-0.253718 -6.11233
-0.249719 -6.11259
-0.24572 -6.11241
-0.241722 -6.11224
-0.237724 -6.11205
-0.233726 -6.11186
-0.229727 -6.11214
-0.225727 -6.11243
-0.221729 -6.11228
-0.217731 -6.11213
-0.209734 -6.11211
-0.205736 -6.11199
-0.201737 -6.11186
-0.197738 -6.1121
-0.193739 -6.11234
-0.189741 -6.11215
-0.185743 -6.11196
-0.181743 -6.11212
-0.177744 -6.11227
-0.173746 -6.11215
-0.169748 -6.11203
-0.16175 -6.1121
-0.153753 -6.11211
-0.145756 -6.11219
-0.141758 -6.11196
-0.13776 -6.11172
-0.129762 -6.11187
-0.121765 -6.11171
-0.117766 -6.11181
-0.113768 -6.11191
-0.10977 -6.11169
-0.105772 -6.11147
-0.0977744 -6.11148
-0.0897771 -6.1115
-0.0857781 -6.11163
-0.0817791 -6.11176
-0.07778 -6.11189
-0.073781 -6.11202
-0.0697834 -6.11169
-0.0657858 -6.11137
-0.0617869 -6.11148
-0.0577879 -6.1116
-0.0537897 -6.11146
-0.0497915 -6.11133
-0.0417945 -6.11124
-0.0337973 -6.11123
-0.0297984 -6.11133
-0.0257995 -6.11142
-0.0178025 -6.11135
-0.0138033 -6.11152
-0.00980411 -6.11169
-0.00580641 -6.11141
-0.0018087 -6.11112
0.0021905 -6.1113
0.0061897 -6.11148
0.0101878 -6.11132
0.0141859 -6.11117
0.0181849 -6.11129
0.022184 -6.11141
0.0301805 -6.11119
0.0341799 -6.11143
0.0381793 -6.11167
0.0421767 -6.11131
0.0461742 -6.11095
0.0541711 -6.11084
0.0581707 -6.11115
0.0621703 -6.11146
0.0661683 -6.11127
0.0701664 -6.11108
0.0741655 -6.11124
0.0781647 -6.11141
0.0861623 -6.11153
0.0901599 -6.1112
0.0941574 -6.11088
0.0981568 -6.11112
0.102156 -6.11136
0.106154 -6.11114
0.110152 -6.11092
0.11815 -6.11107
0.122149 -6.11117
0.126148 -6.11126
0.134144 -6.11111
0.142141 -6.111
0.146139 -6.11086
0.150138 -6.11072
0.154137 -6.11095
0.158136 -6.11119
0.162134 -6.11091
0.166132 -6.11063
0.170131 -6.11091
0.174131 -6.11119
0.178129 -6.11093
0.182126 -6.11068
0.190124 -6.11074
0.19812 -6.11054
0.20212 -6.11074
0.206119 -6.11095
0.210117 -6.11067
0.214114 -6.11038
0.218113 -6.11049
0.222112 -6.11059
0.226111 -6.11071
0.23011 -6.11084
0.238108 -6.11092
0.242105 -6.11059
0.246103 -6.11026
0.250103 -6.11052
0.254102 -6.11078
0.2581 -6.11059
0.262098 -6.11041
0.266097 -6.11058
0.270096 -6.11074
0.274094 -6.11057
0.278092 -6.1104
0.282092 -6.1106
0.286091 -6.1108
0.290089 -6.11057
0.294087 -6.11033
0.298086 -6.11047
0.302085 -6.1106
0.306083 -6.11038
0.310081 -6.11016
0.318078 -6.11019
0.322078 -6.11047
0.326077 -6.11075
0.330075 -6.11051
0.334073 -6.11027
0.34207 -6.1103
0.346068 -6.11012
0.350066 -6.10993
0.354065 -6.11015
0.358065 -6.11037
0.362063 -6.11017
0.366061 -6.10997
0.374059 -6.11014
0.378058 -6.11028
0.382057 -6.11043
0.386055 -6.1102
0.390053 -6.10997
0.394052 -6.11017
0.398051 -6.11036
0.406048 -6.11028
0.414045 -6.11016
0.422041 -6.10996
0.426041 -6.11012
0.43004 -6.11029
0.434037 -6.10998
0.438035 -6.10967
0.442034 -6.10986
0.446033 -6.11004
0.454031 -6.11009
0.462028 -6.11009
0.470025 -6.10986
0.474024 -6.11005
0.478023 -6.11024
0.482021 -6.11003
0.486019 -6.10981
0.490018 -6.11
0.494017 -6.11018
0.498016 -6.11006
0.502014 -6.10993
0.506012 -6.10973
0.51001 -6.10953
0.518007 -6.10943
0.526004 -6.10953
0.534001 -6.10936
0.538 -6.10959
0.542 -6.10982
0.545998 -6.10969
0.549996 -6.10956
0.553994 -6.10943
0.557992 -6.1093
0.561991 -6.10942
0.56599 -6.10953
0.573987 -6.1093
0.577986 -6.10958
0.581986 -6.10986
0.585984 -6.10959
0.589982 -6.10933
0.597979 -6.10935
0.601978 -6.10946
0.605977 -6.10957
0.613974 -6.10951
0.617973 -6.10962
0.621972 -6.10973
0.62597 -6.10949
0.629967 -6.10924
0.637964 -6.10917
0.641964 -6.10931
0.645963 -6.10944
0.649962 -6.10955
0.65396 -6.10965
0.657959 -6.10947
0.661957 -6.10928
0.669953 -6.10908
0.673952 -6.10922
0.677951 -6.10935
0.685949 -6.10954
0.689947 -6.10934
0.693945 -6.10915
0.701942 -6.10894
0.70994 -6.10913
0.717937 -6.10913
0.721935 -6.10893
0.725933 -6.10874
0.73393 -6.10872
0.737929 -6.10896
0.741929 -6.10921
0.745926 -6.10891
0.749924 -6.10861
0.753924 -6.109
0.757924 -6.10938
0.761921 -6.10901
0.765919 -6.10863
0.769918 -6.10884
0.773917 -6.10904
0.777915 -6.10891
0.781914 -6.10877
0.789911 -6.10892
0.793909 -6.10872
0.797907 -6.10853
0.801907 -6.10882
0.805906 -6.1091
0.809904 -6.10878
0.813902 -6.10845
0.817901 -6.10873
0.821901 -6.10901
0.825899 -6.10884
0.829897 -6.10867
0.837894 -6.10878
0.841892 -6.10857
0.84589 -6.10836
0.849889 -6.10856
0.853889 -6.10877
0.861885 -6.10855
0.869882 -6.10841
0.877879 -6.10826
0.881878 -6.10848
0.885877 -6.10871
0.893875 -6.10864
0.897873 -6.10874
0.901872 -6.10885
0.909869 -6.10872
0.913867 -6.1084
0.917864 -6.10808
0.921864 -6.10834
0.925863 -6.10859
0.933861 -6.10859
0.941858 -6.10851
0.949854 -6.10836
0.953854 -6.10854
0.957853 -6.10873
0.961851 -6.10855
0.965849 -6.10837
0.973846 -6.10831
0.977844 -6.10814
0.981842 -6.10797
0.985841 -6.10816
0.989841 -6.10836
0.997837 -6.10823
1.00184 -6.10839
1.00584 -6.10854
1.00983 -6.10833
1.01383 -6.10813
1.02183 -6.10799
1.02983 -6.10788
1.03382 -6.10819
1.03782 -6.10849
1.04582 -6.10842
1.04982 -6.1081
1.05382 -6.10779
1.05782 -6.10803
1.06182 -6.10827
1.06581 -6.10813
1.06981 -6.10799
1.07781 -6.10813
1.08181 -6.108
1.08581 -6.10787
1.0938 -6.10782
1.1018 -6.1079
1.1058 -6.10808
1.1098 -6.10826
1.1138 -6.10789
1.11779 -6.10753
1.12579 -6.1075
1.12979 -6.10777
1.13379 -6.10804
1.13779 -6.10784
1.14179 -6.10764
1.14579 -6.10782
1.14978 -6.10801
1.15778 -6.10785
1.16578 -6.10773
1.16978 -6.10785
1.17378 -6.10797
1.17777 -6.10783
1.18177 -6.10768
1.18577 -6.10781
1.18977 -6.10793
1.19377 -6.10782
1.19777 -6.1077
1.20576 -6.10751
1.20976 -6.10764
1.21376 -6.10778
1.22176 -6.10788
1.22976 -6.10784
1.23375 -6.10751
1.23775 -6.10717
1.24575 -6.10731
1.24975 -6.10753
1.25375 -6.10776
1.25775 -6.1075
1.26174 -6.10724
1.26974 -6.10736
1.27374 -6.10722
1.27774 -6.10709
1.28573 -6.10692
1.28973 -6.10712
1.29373 -6.10732
1.30173 -6.10738
1.30973 -6.10726
1.31372 -6.10709
1.31772 -6.10692
1.32172 -6.10723
1.32572 -6.10755
1.33372 -6.10736
1.34172 -6.10728
1.34971 -6.10717
1.35771 -6.10728
1.36171 -6.10707
1.36571 -6.10685
1.36971 -6.10696
1.3737 -6.10707
1.3777 -6.10686
1.3817 -6.10664
1.3857 -6.10699
1.3897 -6.10735
1.3937 -6.10695
1.39769 -6.10655
1.40169 -6.10666
1.40569 -6.10676
1.40969 -6.10664
1.41369 -6.10652
1.41769 -6.10672
1.42169 -6.10691
1.42968 -6.10704
1.43768 -6.107
1.44568 -6.10696
1.44968 -6.10671
1.45367 -6.10647
1.45767 -6.10657
1.46167 -6.10667
1.46967 -6.10665
1.47767 -6.10663
1.48566 -6.10669
1.49366 -6.10672
1.50166 -6.10674
1.50566 -6.10661
1.50966 -6.10647
1.51765 -6.10625
1.52165 -6.10648
1.52565 -6.10672
1.53365 -6.1067
1.54165 -6.10679
1.54964 -6.10675
1.55764 -6.10659
1.56564 -6.10675
1.56963 -6.10644
1.57363 -6.10614
1.57763 -6.1063
1.58163 -6.10646
1.58963 -6.10652
1.59363 -6.10628
1.59762 -6.10603
1.60162 -6.10633
1.60562 -6.10663
1.61362 -6.10646
1.61762 -6.10622
1.62162 -6.10598
1.62961 -6.10605
1.63761 -6.1062
1.64561 -6.10609
1.64961 -6.10594
1.6536 -6.10579
1.6576 -6.10595
1.6616 -6.1061
1.6696 -6.10608
1.6776 -6.10616
1.68159 -6.106
1.68559 -6.10585
1.69359 -6.10593
1.69759 -6.10581
1.70159 -6.10569
1.70559 -6.10581
1.70958 -6.10593
1.71758 -6.10584
1.72558 -6.10597
1.72958 -6.10579
1.73358 -6.1056
1.73757 -6.10588
1.74157 -6.10617
1.74557 -6.10595
1.74957 -6.10574
1.75357 -6.10589
1.75757 -6.10604
1.76557 -6.10605
1.77356 -6.10598
1.78156 -6.10583
1.78556 -6.10567
1.78956 -6.1055
1.79755 -6.10562
1.80155 -6.10574
1.80555 -6.10585
1.81355 -6.10584
1.82155 -6.10583
1.82554 -6.10553
1.82954 -6.10523
1.83354 -6.10555
1.83754 -6.10586
1.84154 -6.10555
1.84554 -6.10523
1.84954 -6.10554
1.85353 -6.10585
1.85753 -6.10555
1.86153 -6.10524
1.86953 -6.10514
1.87752 -6.10512
1.88152 -6.10535
1.88552 -6.10557
1.88952 -6.10532
1.89352 -6.10507
1.89752 -6.10517
1.90152 -6.10527
1.90951 -6.10513
1.91751 -6.10528
1.92551 -6.10532
1.93351 -6.10519
1.9375 -6.10505
1.9415 -6.10491
1.9455 -6.10524
1.9495 -6.10556
1.9575 -6.1054
1.9615 -6.10513
1.96549 -6.10486
1.96949 -6.10497
1.97349 -6.10507
1.97749 -6.10527
1.98149 -6.10547
1.98549 -6.10514
1.98948 -6.1048
1.99748 -6.1047
2.00148 -6.10502
2.00548 -6.10535
2.01348 -6.10528
2.02147 -6.10514
2.02947 -6.10528
2.03747 -6.10519
2.04147 -6.10493
2.04546 -6.10467
2.04946 -6.10489
2.05346 -6.10511
2.06146 -6.10493
2.06946 -6.10473
2.07745 -6.10454
2.08545 -6.10436
2.08945 -6.10474
2.09345 -6.10511
2.09745 -6.10474
2.10144 -6.10437
2.10544 -6.10463
2.10944 -6.10488
2.11744 -6.10473
2.12544 -6.10472
2.12944 -6.10454
2.13343 -6.10437
2.14143 -6.10445
2.14543 -6.10457
2.14943 -6.10469
2.15343 -6.10445
2.15742 -6.10422
2.16542 -6.10435
2.17342 -6.10415
2.17742 -6.10435
2.18142 -6.10456
2.18542 -6.10437
2.18941 -6.10418
2.19741 -6.10418
2.20141 -6.10436
2.20541 -6.10453
2.20941 -6.10463
2.21341 -6.10472
2.2174 -6.10444
2.2214 -6.10416
2.22541 -6.10438
2.22942 -6.10461
2.23389 -6.10426
2.23838 -6.10399
2.2428 -6.10318
2.2472 -6.10238
2.25156 -6.10132
2.2559 -6.10029
2.26032 -6.09936
2.26468 -6.09815
2.26851 -6.0957
2.2727 -6.0941
2.27635 -6.09245
2.27999 -6.0908
2.28357 -6.08901
2.28714 -6.08721
2.29436 -6.08376
2.29793 -6.08195
2.30149 -6.08014
2.30521 -6.07863
2.30892 -6.07712
2.3124 -6.07513
2.31589 -6.07315
2.31957 -6.07158
2.32326 -6.07002
2.32672 -6.06799
2.33018 -6.06596
2.33383 -6.06433
2.33748 -6.06269
2.34467 -6.05916
2.35186 -6.05566
2.35549 -6.05399
2.35913 -6.05232
2.36267 -6.05046
2.36622 -6.04861
2.37345 -6.04518
2.37716 -6.04366
2.38087 -6.04215
2.3843 -6.04006
2.38773 -6.03798
2.3915 -6.03657
2.39526 -6.03517
2.39875 -6.03319
2.40223 -6.03121
2.4059 -6.02961
2.40957 -6.02801
2.41675 -6.02447
2.42395 -6.02099
2.42742 -6.01899
2.4309 -6.01699
2.43463 -6.01551
2.43835 -6.01403
2.44189 -6.01216
2.44543 -6.01029
2.44911 -6.00872
2.45279 -6.00714
2.45627 -6.00513
2.45974 -6.00313
2.46345 -6.0016
2.46715 -6.00008
2.47079 -5.99841
2.47442 -5.99674
2.47796 -5.99488
2.48151 -5.99301
2.48515 -5.99136
2.4888 -5.98972
2.49226 -5.98769
2.49572 -5.98566
2.49944 -5.98417
2.50316 -5.98267
2.50666 -5.98073
2.51017 -5.97878
2.5138 -5.97711
2.51743 -5.97543
2.52466 -5.972
2.53189 -5.96858
2.53545 -5.96676
2.53902 -5.96494
2.54265 -5.96326
2.54628 -5.96158
2.54978 -5.95964
2.55329 -5.9577
2.55691 -5.95601
2.56054 -5.95432
2.56409 -5.95248
2.56764 -5.95064
2.57482 -5.9471
2.57844 -5.9454
2.58206 -5.9437
2.58572 -5.94209
2.58939 -5.94048
2.593 -5.93877
2.59662 -5.93707
2.60386 -5.93365
2.60738 -5.93175
2.61091 -5.92986
2.61807 -5.9263
2.62175 -5.92472
2.62543 -5.92314
2.62908 -5.92149
2.63272 -5.91984
2.63626 -5.91798
2.6398 -5.91611
2.64335 -5.91426
2.6469 -5.91242
2.65058 -5.91084
2.65426 -5.90926
2.65778 -5.90734
2.66129 -5.90542
2.66483 -5.90355
2.66837 -5.90168
2.67209 -5.90019
2.67581 -5.8987
2.68297 -5.89513
2.68654 -5.89331
2.6901 -5.89149
2.69373 -5.88981
2.69735 -5.88812
2.70085 -5.88616
2.70434 -5.8842
2.70806 -5.8827
2.71178 -5.8812
2.71531 -5.87931
2.71884 -5.87742
2.72253 -5.87586
2.72622 -5.8743
2.72984 -5.87261
2.73346 -5.87091
2.73691 -5.86887
2.74037 -5.86682
2.74399 -5.86513
2.74761 -5.86343
2.75124 -5.86175
2.75487 -5.86006
2.75842 -5.85821
2.76196 -5.85635
2.76558 -5.85465
2.76921 -5.85296
2.77642 -5.84951
2.77997 -5.84765
2.78352 -5.8458
2.78715 -5.84413
2.79078 -5.84245
2.79799 -5.83898
2.80522 -5.83555
2.80885 -5.83387
2.81248 -5.83218
2.81615 -5.83059
2.81982 -5.82899
2.82326 -5.82692
2.8267 -5.82485
2.83041 -5.82333
2.83412 -5.82182
2.83769 -5.82001
2.84126 -5.81821
2.84492 -5.81659
2.84858 -5.81497
2.85209 -5.81304
2.85559 -5.81111
2.85972 -5.80853
2.8642 -5.8066
2.86823 -5.80388
2.87227 -5.80117
2.87569 -5.79769
2.87969 -5.79489
2.8855 -5.78947
2.89118 -5.78392
2.89726 -5.77878
2.9032 -5.77351
2.90905 -5.76813
2.91451 -5.76233
2.92038 -5.75698
2.92617 -5.75153
2.93231 -5.74647
2.93804 -5.74097
2.94418 -5.7359
2.95 -5.73049
2.95541 -5.72464
2.96144 -5.71945
2.9672 -5.71398
2.97345 -5.70904
2.97899 -5.70332
2.98509 -5.69822
2.9908 -5.69268
2.9964 -5.68703
3.00235 -5.68177
3.00845 -5.67666
3.0142 -5.67118
3.02007 -5.66583
3.02559 -5.66009
3.03172 -5.65502
3.03761 -5.64968
3.0432 -5.64402
3.04906 -5.63866
3.05503 -5.63341
3.06118 -5.62836
3.06699 -5.62294
3.0726 -5.6173
3.07838 -5.61185
3.08454 -5.60681
3.09032 -5.60136
3.09607 -5.59587
3.10207 -5.59066
3.10781 -5.58515
3.11361 -5.57973
3.11953 -5.57443
3.12536 -5.56903
3.13136 -5.56381
3.1368 -5.55799
3.14287 -5.55285
3.14888 -5.54764
3.15431 -5.54182
3.16039 -5.53669
3.16608 -5.53114
3.17223 -5.52608
3.178 -5.52062
3.1838 -5.51519
3.1894 -5.50954
3.19534 -5.50426
3.20119 -5.49889
3.20701 -5.49348
3.21283 -5.48807
3.21908 -5.48313
3.22464 -5.47743
3.23079 -5.47238
3.23657 -5.46693
3.24253 -5.46167
3.24801 -5.45589
3.25394 -5.4506
3.26002 -5.44548
3.26579 -5.44001
3.2714 -5.43437
3.27718 -5.42892
3.28302 -5.42353
3.28891 -5.41819
3.29487 -5.41294
3.30053 -5.40736
3.30684 -5.40248
3.31246 -5.39685
3.31835 -5.39152
3.32432 -5.38627
3.32978 -5.38047
3.33579 -5.37527
3.34178 -5.37004
3.34762 -5.36466
3.35333 -5.35913
3.3592 -5.35377
3.36526 -5.34862
3.37095 -5.34307
3.37666 -5.33754
3.38253 -5.33218
3.38833 -5.32675
3.39447 -5.32169
3.40031 -5.31631
3.40583 -5.31057
3.41188 -5.30542
3.418 -5.30033
3.42365 -5.29473
3.42965 -5.28952
3.43515 -5.28376
3.44132 -5.27873
3.44715 -5.27334
3.45276 -5.2677
3.45864 -5.26234
3.46471 -5.25721
3.47063 -5.25191
3.47627 -5.2463
3.48206 -5.24086
3.48798 -5.23557
3.49394 -5.2303
3.49955 -5.22467
3.50546 -5.21935
3.51125 -5.21392
3.51719 -5.20864
3.52304 -5.20325
3.52889 -5.19788
3.53462 -5.19237
3.54058 -5.18712
3.54624 -5.18153
3.55228 -5.17636
3.55804 -5.17088
3.56383 -5.16544
3.56971 -5.1601
3.57543 -5.15458
3.58136 -5.14929
3.58762 -5.14435
3.5931 -5.13858
3.59908 -5.13334
3.60503 -5.12807
3.61099 -5.12281
3.61634 -5.1169
3.62226 -5.1116
3.62839 -5.10653
3.6344 -5.10133
3.64001 -5.09569
3.64563 -5.09006
3.65148 -5.08469
3.65567 -5.08072
3.66115 -5.07504
3.66677 -5.06949
3.67233 -5.06389
3.67542 -5.06003
3.67894 -5.05653
3.68186 -5.05255
3.68481 -5.04856
3.68678 -5.04399
3.68982 -5.04
3.69141 -5.0353
3.69328 -5.03076
3.69515 -5.02618
3.69703 -5.02157
3.69775 -5.01666
3.69893 -5.01187
3.69946 -5.00696
3.70016 -5.00207
3.70046 -4.99714
3.70052 -4.9922
3.69995 -4.98435
3.70024 -4.97649
3.70008 -4.96864
3.69993 -4.96078
3.6993 -4.95294
3.69984 -4.94507
3.69892 -4.93724
3.69885 -4.92938
3.69895 -4.92152
3.69862 -4.91367
3.69883 -4.90581
3.69852 -4.89796
3.6984 -4.89011
3.6978 -4.88227
3.6982 -4.8744
3.69764 -4.86656
3.69734 -4.85871
3.69764 -4.85085
3.69751 -4.84299
3.6968 -4.83515
3.69707 -4.82729
3.69674 -4.81944
3.69639 -4.81159
3.69637 -4.80374
3.69643 -4.79588
3.69646 -4.78801
3.69546 -4.78323
3.69561 -4.77836
3.69439 -4.77365
3.69368 -4.76889
3.69266 -4.76415
3.69174 -4.75935
3.68933 -4.75509
3.68773 -4.75055
3.68585 -4.74608
3.68344 -4.74191
3.68102 -4.73771
3.67886 -4.73333
3.6759 -4.7295
3.67293 -4.72565
3.6692 -4.72252
3.66615 -4.71875
3.66163 -4.7145
3.65714 -4.71023
3.65291 -4.70569
3.64839 -4.70187
3.64559 -4.69901
3.64278 -4.69614
3.63667 -4.69099
3.63344 -4.68861
3.63022 -4.68622
3.62735 -4.68343
3.62448 -4.68064
3.61829 -4.67558
3.61539 -4.67282
3.61249 -4.67006
3.6063 -4.66499
3.60016 -4.65987
3.59428 -4.65446
3.59114 -4.65197
3.588 -4.64949
3.58205 -4.64415
3.5762 -4.6387
3.57031 -4.63329
3.56409 -4.62826
3.55804 -4.62303
3.55518 -4.62023
3.55232 -4.61743
3.54918 -4.61495
3.54604 -4.61247
3.53983 -4.60743
3.53379 -4.60219
3.52783 -4.59686
3.52196 -4.59143
3.51883 -4.58894
3.51569 -4.58645
3.51282 -4.58366
3.50995 -4.58087
3.50374 -4.57583
3.50084 -4.57308
3.49793 -4.57032
3.49178 -4.56522
3.48576 -4.55995
3.4799 -4.55451
3.47672 -4.55208
3.47353 -4.54965
3.47071 -4.54681
3.46789 -4.54396
3.46477 -4.54146
3.46165 -4.53896
3.45575 -4.53355
3.44968 -4.52835
3.44373 -4.52301
3.43754 -4.51795
3.43162 -4.51258
3.42555 -4.50737
3.41948 -4.50217
3.41343 -4.49694
3.40735 -4.49175
3.4013 -4.48652
3.39528 -4.48127
3.38925 -4.47601
3.3834 -4.47056
3.38017 -4.46819
3.37693 -4.46582
3.37408 -4.463
3.37123 -4.46019
3.36811 -4.45769
3.36498 -4.45519
3.36208 -4.45243
3.35919 -4.44967
3.356 -4.44724
3.35282 -4.44481
3.34999 -4.44198
3.34715 -4.43915
3.34102 -4.43402
3.33503 -4.42872
3.329 -4.42347
3.32308 -4.4181
3.31693 -4.41299
3.31098 -4.40765
3.30503 -4.40231
3.30182 -4.3999
3.29862 -4.3975
3.29573 -4.39472
3.29285 -4.39195
3.28969 -4.38949
3.28654 -4.38702
3.28056 -4.38172
3.27767 -4.37895
3.27477 -4.37619
3.26875 -4.37093
3.26558 -4.36848
3.26241 -4.36603
3.25642 -4.36075
3.25357 -4.35793
3.25071 -4.35512
3.24459 -4.34999
3.23837 -4.34495
3.23551 -4.34216
3.23264 -4.33936
3.22666 -4.33406
3.22051 -4.32894
3.21459 -4.32357
3.21142 -4.32112
3.20826 -4.31866
3.20217 -4.31349
3.19608 -4.3083
3.19017 -4.30292
3.18395 -4.29788
3.18108 -4.2951
3.1782 -4.29232
3.17218 -4.28705
3.16601 -4.28197
3.16001 -4.27669
3.15401 -4.27141
3.14811 -4.26601
3.14498 -4.26351
3.14186 -4.26101
3.13894 -4.25827
3.13603 -4.25553
3.13291 -4.25303
3.1298 -4.25052
3.12383 -4.24519
3.12097 -4.2424
3.1181 -4.2396
3.11497 -4.23711
3.11185 -4.23461
3.10894 -4.23186
3.10604 -4.22911
3.10286 -4.22667
3.09968 -4.22424
3.09375 -4.21887
3.08772 -4.21362
3.08458 -4.21114
3.08145 -4.20866
3.07538 -4.20345
3.07256 -4.2006
3.06975 -4.19775
3.06374 -4.19247
3.05759 -4.18736
3.05149 -4.18219
3.04861 -4.17941
3.04573 -4.17664
3.03964 -4.17145
3.03647 -4.169
3.0333 -4.16656
3.02741 -4.16115
3.02129 -4.15601
3.01519 -4.15083
3.00921 -4.14553
3.00336 -4.14007
2.99746 -4.13468
2.99144 -4.12941
2.98832 -4.12692
2.98519 -4.12442
2.97931 -4.11901
2.97613 -4.11657
2.97296 -4.11412
2.97015 -4.11127
2.96733 -4.10841
2.96125 -4.10322
2.95813 -4.10072
2.95501 -4.09821
2.94887 -4.09309
2.94302 -4.08764
2.9368 -4.08261
2.93085 -4.07726
2.92482 -4.07201
2.91883 -4.06672
2.91266 -4.06164
2.90976 -4.05889
2.90686 -4.05613
2.90086 -4.05085
2.8947 -4.04574
2.88856 -4.04062
2.88262 -4.03527
2.87661 -4.03
2.87075 -4.02455
2.86467 -4.01936
2.85858 -4.01419
2.85273 -4.00873
2.84956 -4.00628
2.84639 -4.00383
2.84046 -3.99847
2.83447 -3.99318
2.82837 -3.98801
2.82222 -3.98289
2.81626 -3.97757
2.81023 -3.97232
2.80433 -3.96692
2.79828 -3.9617
2.79222 -3.95648
2.78602 -3.95142
2.77997 -3.9462
2.77387 -3.94103
2.76785 -3.93578
2.76195 -3.93037
2.7559 -3.92515
2.75302 -3.92237
2.75014 -3.9196
2.74392 -3.91456
2.73797 -3.90922
2.7318 -3.90413
2.72593 -3.8987
2.72276 -3.89625
2.71959 -3.89381
2.71371 -3.88839
2.7108 -3.88564
2.7079 -3.88289
2.70474 -3.88044
2.70157 -3.87798
2.69872 -3.87517
2.69587 -3.87235
2.68966 -3.86731
2.68373 -3.86195
2.68059 -3.85947
2.67746 -3.85698
2.67462 -3.85415
2.67179 -3.85132
2.66863 -3.84886
2.66547 -3.8464
2.66262 -3.84358
2.65977 -3.84077
2.6565 -3.83844
2.65323 -3.83611
2.6504 -3.83327
2.64757 -3.83044
2.64148 -3.82526
2.63832 -3.8228
2.63517 -3.82033
2.63226 -3.81758
2.62936 -3.81483
2.62328 -3.80964
2.61723 -3.80441
2.61114 -3.79923
2.60827 -3.79645
2.60539 -3.79366
2.60226 -3.79117
2.59912 -3.78868
2.59304 -3.78349
2.58713 -3.77811
2.58401 -3.77561
2.58088 -3.77311
2.57807 -3.77025
2.57526 -3.76739
2.57208 -3.76496
2.5689 -3.76253
2.5628 -3.75736
2.55993 -3.75456
2.55707 -3.75176
2.55393 -3.74928
2.55079 -3.7468
2.54788 -3.74406
2.54497 -3.74132
2.53907 -3.73591
2.53309 -3.73061
2.52707 -3.72535
2.52382 -3.723
2.52056 -3.72065
2.51765 -3.71791
2.51474 -3.71516
2.50873 -3.7099
2.50269 -3.70466
2.49661 -3.69947
2.49047 -3.69434
2.48759 -3.69156
2.4847 -3.68879
2.47883 -3.68336
2.47562 -3.68096
2.47242 -3.67855
2.46656 -3.6731
2.46056 -3.66783
2.45461 -3.66249
2.45144 -3.66004
2.44827 -3.65759
2.44546 -3.65474
2.44264 -3.65188
2.4365 -3.64677
2.43334 -3.64431
2.43018 -3.64185
2.42434 -3.63637
2.41817 -3.6313
2.4123 -3.62586
2.4061 -3.62081
2.40327 -3.61796
2.40045 -3.61512
2.39727 -3.61269
2.39408 -3.61026
2.38815 -3.6049
2.38501 -3.60242
2.38187 -3.59994
2.37902 -3.59713
2.37617 -3.59431
2.37017 -3.58903
2.36409 -3.58384
2.35802 -3.57864
2.35488 -3.57616
2.35174 -3.57368
2.34887 -3.57089
2.346 -3.56809
2.33977 -3.56307
2.33368 -3.55789
2.32776 -3.55251
2.32154 -3.54748
2.31866 -3.5447
2.31578 -3.54192
2.30981 -3.53661
2.30367 -3.53149
2.29782 -3.52604
2.29465 -3.52358
2.29149 -3.52113
2.28556 -3.51576
2.27951 -3.51054
2.27331 -3.50549
2.2705 -3.50263
2.2677 -3.49976
2.26451 -3.49733
2.26132 -3.49491
2.25541 -3.48952
2.24955 -3.48407
2.2434 -3.47897
2.23756 -3.4735
2.23441 -3.47104
2.23125 -3.46857
2.22518 -3.46338
2.22234 -3.46055
2.2195 -3.45772
2.21632 -3.45528
2.21314 -3.45285
2.20716 -3.44754
2.20123 -3.44218
2.19533 -3.43679
2.18929 -3.43155
2.18331 -3.42625
2.17718 -3.42111
2.1713 -3.41569
2.16811 -3.41327
2.16492 -3.41084
2.15874 -3.40576
2.1528 -3.40041
2.14673 -3.39521
2.14391 -3.39236
2.14109 -3.38951
2.13498 -3.38436
2.12876 -3.37933
2.12255 -3.37429
2.11976 -3.3714
2.11698 -3.36851
2.11376 -3.36613
2.11053 -3.36374
2.10768 -3.36093
2.10483 -3.35811
2.10164 -3.35569
2.09845 -3.35327
2.09238 -3.34806
2.08957 -3.34521
2.08675 -3.34236
2.08356 -3.33994
2.08036 -3.33752
2.07435 -3.33225
2.07154 -3.32939
2.06873 -3.32653
2.06561 -3.32402
2.0625 -3.32152
2.05665 -3.31605
2.05349 -3.3136
2.05033 -3.31115
2.04423 -3.30597
2.04137 -3.30317
2.03851 -3.30037
2.03255 -3.29504
2.02936 -3.29261
2.02617 -3.29019
2.02328 -3.28742
2.02039 -3.28465
2.0144 -3.27937
2.00839 -3.27409
2.0022 -3.26903
1.99929 -3.26628
1.99638 -3.26353
1.99325 -3.26104
1.99012 -3.25855
1.98403 -3.25337
1.98112 -3.25063
1.97821 -3.24788
1.97505 -3.24542
1.9719 -3.24296
1.96585 -3.23773
1.95989 -3.23241
1.9537 -3.22734
1.95089 -3.22448
1.94809 -3.22161
1.94196 -3.21647
1.9361 -3.21103
1.93003 -3.20583
1.9269 -3.20334
1.92376 -3.20085
1.92087 -3.19809
1.91797 -3.19533
1.91181 -3.19024
1.9057 -3.18507
1.90256 -3.1826
1.89941 -3.18012
1.8966 -3.17727
1.89378 -3.17442
1.89062 -3.17196
1.88746 -3.1695
1.88139 -3.1643
1.87555 -3.15883
1.86947 -3.15364
1.86331 -3.14854
1.85742 -3.14313
1.85156 -3.13769
1.84836 -3.13528
1.84515 -3.13287
1.83919 -3.12755
1.8333 -3.12214
1.82711 -3.11707
1.82104 -3.11187
1.81814 -3.10912
1.81523 -3.10637
1.8094 -3.1009
1.80625 -3.09842
1.80311 -3.09595
1.79725 -3.09049
1.79109 -3.0854
1.78796 -3.08291
1.78483 -3.08042
1.78205 -3.07752
1.77928 -3.07462
1.77605 -3.07223
1.77283 -3.06985
1.76692 -3.06446
1.76089 -3.05922
1.75466 -3.05419
1.7488 -3.04875
1.74592 -3.04597
1.74305 -3.04318
1.73983 -3.04079
1.73662 -3.0384
1.73373 -3.03563
1.73083 -3.03286
1.72771 -3.03036
1.7246 -3.02785
1.7217 -3.02509
1.71881 -3.02233
1.71277 -3.01708
1.70671 -3.01187
1.70355 -3.00942
1.70038 -3.00696
1.69443 -3.00163
1.68851 -2.99626
1.68243 -2.99106
1.67959 -2.98824
1.67674 -2.98543
1.67065 -2.98024
1.66462 -2.975
1.65853 -2.96982
1.65259 -2.96446
1.64946 -2.96197
1.64633 -2.95948
1.64342 -2.95673
1.64051 -2.95399
1.63732 -2.95157
1.63412 -2.94916
1.6313 -2.9463
1.62849 -2.94345
1.62535 -2.94097
1.62221 -2.93848
1.61626 -2.93315
1.6102 -2.92793
1.60402 -2.92285
1.60112 -2.9201
1.59822 -2.91734
1.592 -2.91231
1.58585 -2.9072
1.58298 -2.90441
1.5801 -2.90163
1.574 -2.89646
1.56805 -2.89113
1.56204 -2.88585
1.55605 -2.88055
1.54997 -2.87536
1.54375 -2.87034
1.54088 -2.86754
1.53802 -2.86475
1.53186 -2.85964
1.52589 -2.85433
1.51984 -2.8491
1.51385 -2.84381
1.50784 -2.83853
1.5047 -2.83606
1.50155 -2.83358
1.49565 -2.82819
1.4897 -2.82284
1.48355 -2.81774
1.47761 -2.81239
1.47172 -2.80697
1.46856 -2.80452
1.46539 -2.80207
1.45955 -2.79661
1.45333 -2.79157
1.44746 -2.78615
1.44159 -2.78071
1.43833 -2.77836
1.43508 -2.77601
1.43228 -2.77314
1.42947 -2.77028
1.42336 -2.76512
1.42017 -2.76271
1.41697 -2.76029
1.41416 -2.75743
1.41135 -2.75457
1.40813 -2.75218
1.40491 -2.7498
1.40203 -2.74701
1.39915 -2.74423
1.3932 -2.73889
1.38715 -2.73367
1.38399 -2.73121
1.38083 -2.72875
1.37494 -2.72335
1.36885 -2.71816
1.36273 -2.71301
1.35986 -2.71023
1.35698 -2.70745
1.35082 -2.70235
1.34464 -2.69728
1.34174 -2.69451
1.33885 -2.69175
1.3357 -2.68928
1.33254 -2.68682
1.32649 -2.6816
1.32061 -2.67617
1.31475 -2.67074
1.30869 -2.66552
1.30268 -2.66025
1.29654 -2.65513
1.29365 -2.65236
1.29075 -2.64959
1.28751 -2.64723
1.28427 -2.64487
1.28141 -2.64207
1.27854 -2.63927
1.27252 -2.63402
1.26937 -2.63154
1.26623 -2.62907
1.26029 -2.62372
1.2543 -2.61842
1.2514 -2.61566
1.24849 -2.61291
1.24249 -2.60763
1.23935 -2.60516
1.23621 -2.60268
1.23016 -2.59745
1.22426 -2.59205
1.21836 -2.58665
1.21521 -2.58418
1.21206 -2.58172
1.20605 -2.57645
1.19985 -2.57139
1.19698 -2.5686
1.1941 -2.56582
1.18808 -2.56056
1.18187 -2.55552
1.17902 -2.5527
1.17617 -2.54989
1.17293 -2.54752
1.16969 -2.54516
1.16691 -2.54227
1.16413 -2.53937
1.15805 -2.53418
1.15191 -2.52905
1.14879 -2.52655
1.14568 -2.52404
1.14279 -2.52127
1.13991 -2.51849
1.13376 -2.51337
1.12759 -2.50829
1.12473 -2.50549
1.12187 -2.50269
1.11869 -2.50026
1.1155 -2.49782
1.10963 -2.4924
1.10356 -2.4872
1.09766 -2.4818
1.09448 -2.47936
1.0913 -2.47692
1.08851 -2.47404
1.08573 -2.47115
1.08257 -2.46869
1.07942 -2.46622
1.07342 -2.46094
1.0675 -2.45557
1.06148 -2.4503
1.05834 -2.44782
1.0552 -2.44534
1.04919 -2.44007
1.04314 -2.43485
1.03725 -2.42944
1.03111 -2.42431
1.02825 -2.42152
1.02538 -2.41872
1.01926 -2.41357
1.01341 -2.40812
1.00724 -2.40303
1.00112 -2.39789
0.995281 -2.39242
0.989228 -2.3872
0.983128 -2.38203
0.979937 -2.37961
0.976745 -2.37719
0.9708 -2.37184
0.967894 -2.36909
0.964988 -2.36634
0.959071 -2.36096
0.955855 -2.35857
0.952638 -2.35618
0.949776 -2.35338
0.946914 -2.35058
0.943766 -2.34811
0.940619 -2.34563
0.937725 -2.34287
0.93483 -2.34011
0.928893 -2.33475
0.925773 -2.33225
0.922652 -2.32975
0.916722 -2.32438
0.913594 -2.32189
0.910466 -2.31939
0.907584 -2.31662
0.904702 -2.31384
0.901556 -2.31137
0.89841 -2.30889
0.892498 -2.30351
0.886423 -2.29831
0.880471 -2.29297
0.874462 -2.2877
0.868402 -2.28249
0.865275 -2.27999
0.862149 -2.27749
0.85628 -2.27206
0.850382 -2.26666
0.847206 -2.26422
0.844029 -2.26178
0.841259 -2.25888
0.838489 -2.25597
0.835258 -2.2536
0.832026 -2.25122
0.826158 -2.24579
0.819971 -2.24072
0.817178 -2.23784
0.814385 -2.23496
0.808255 -2.22983
0.805063 -2.22741
0.801871 -2.22498
0.798979 -2.22222
0.796088 -2.21945
0.790167 -2.21408
0.786997 -2.21163
0.783828 -2.20918
0.78095 -2.2064
0.778071 -2.20362
0.774921 -2.20115
0.77177 -2.19869
0.765758 -2.19342
0.762918 -2.19059
0.760077 -2.18777
0.756959 -2.18526
0.75384 -2.18276
0.747846 -2.17747
0.741764 -2.17228
0.738871 -2.16951
0.735978 -2.16675
0.732851 -2.16425
0.729725 -2.16176
0.72655 -2.15885
0.72031 -2.15384
0.717118 -2.15143
0.713926 -2.14902
0.707742 -2.14394
0.701401 -2.13907
0.698324 -2.13651
0.695248 -2.13395
0.692045 -2.13156
0.688843 -2.12916
0.685847 -2.1265
0.682851 -2.12384
0.67661 -2.11884
0.670274 -2.11396
0.66707 -2.11156
0.663867 -2.10916
0.657669 -2.1041
0.654631 -2.1015
0.651592 -2.0989
0.645313 -2.09394
0.642085 -2.09158
0.638857 -2.08921
0.63262 -2.0842
0.629551 -2.08164
0.626482 -2.07907
0.623179 -2.0768
0.619876 -2.07452
0.613656 -2.0695
0.610649 -2.06685
0.607642 -2.06421
0.604573 -2.06164
0.601505 -2.05907
0.598311 -2.05667
0.595117 -2.05426
0.588789 -2.04936
0.585609 -2.04694
0.582428 -2.04451
0.579447 -2.04183
0.576466 -2.03916
0.573265 -2.03676
0.570065 -2.03436
0.56374 -2.02946
0.557419 -2.02456
0.554399 -2.02193
0.55138 -2.0193
0.548137 -2.01695
0.544895 -2.0146
0.538553 -2.00973
0.532385 -2.00463
0.52942 -2.00194
0.526456 -1.99924
0.523182 -1.99693
0.519909 -1.99462
0.513732 -1.98954
0.510532 -1.98714
0.507332 -1.98474
0.504421 -1.98197
0.50151 -1.97921
0.49829 -1.97683
0.495071 -1.97445
0.491837 -1.97209
0.488604 -1.96973
0.485585 -1.96711
0.482565 -1.96448
0.476363 -1.95943
0.470202 -1.95432
0.466892 -1.95206
0.463581 -1.9498
0.457407 -1.94471
0.454441 -1.94201
0.451475 -1.93932
0.448222 -1.93698
0.444969 -1.93465
0.441903 -1.93208
0.438838 -1.92951
0.432596 -1.92451
0.429331 -1.92219
0.426066 -1.91987
0.419811 -1.91488
0.416742 -1.91232
0.413673 -1.90975
0.410674 -1.9071
0.407676 -1.90444
0.40449 -1.90202
0.401304 -1.8996
0.395055 -1.89461
0.388801 -1.88963
0.385601 -1.88722
0.382402 -1.88482
0.379357 -1.88222
0.376313 -1.87963
0.373052 -1.8773
0.36979 -1.87498
0.366859 -1.87224
0.363927 -1.8695
0.360672 -1.86717
0.357417 -1.86484
0.35441 -1.86219
0.351402 -1.85955
0.348067 -1.85732
0.344732 -1.85509
0.33852 -1.85005
0.335582 -1.84732
0.332644 -1.84459
0.326354 -1.83965
0.320007 -1.83478
0.316945 -1.8322
0.313882 -1.82963
0.310685 -1.82722
0.307488 -1.82482
0.301304 -1.81974
0.297979 -1.8175
0.294655 -1.81525
0.29175 -1.81248
0.288845 -1.80971
0.282567 -1.80475
0.279296 -1.80244
0.276024 -1.80013
0.269829 -1.79507
0.266786 -1.79247
0.263744 -1.78987
0.257512 -1.78485
0.254274 -1.7825
0.251035 -1.78015
0.24797 -1.77758
0.244906 -1.77501
0.24169 -1.77262
0.238475 -1.77024
0.232284 -1.76518
0.229081 -1.76278
0.225878 -1.76038
0.222878 -1.75773
0.219878 -1.75508
0.213635 -1.75008
0.21042 -1.74769
0.207205 -1.74531
0.20425 -1.7426
0.201296 -1.73989
0.194988 -1.73497
0.191806 -1.73255
0.188624 -1.73012
0.18228 -1.72525
0.179205 -1.72269
0.17613 -1.72013
0.172859 -1.71782
0.169588 -1.71551
0.166676 -1.71274
0.163765 -1.70998
0.1605 -1.70766
0.157234 -1.70534
0.154159 -1.70278
0.151083 -1.70023
0.147886 -1.69782
0.14469 -1.69542
0.141724 -1.69272
0.138759 -1.69002
0.1354 -1.68782
0.132041 -1.68562
0.125829 -1.68058
0.119665 -1.67548
0.113455 -1.67044
0.11047 -1.66777
0.107486 -1.6651
0.104169 -1.66284
0.100851 -1.66059
0.0945398 -1.65567
0.0916421 -1.65289
0.0887444 -1.65011
0.0854233 -1.64786
0.0821021 -1.64561
0.0790522 -1.64302
0.0760022 -1.64043
