-0.0427387 -1.65804
-0.0459213 -1.65529
-0.0523581 -1.65058
-0.0585973 -1.64562
-0.0615441 -1.64291
-0.064491 -1.64021
-0.0687292 -1.63788
-0.0725328 -1.635
-0.0764024 -1.6321
-0.0806656 -1.62988
-0.0849194 -1.62764
-0.0894826 -1.62613
-0.094038 -1.62462
-0.0984099 -1.62252
-0.103103 -1.62151
-0.107749 -1.6202
-0.112589 -1.62013
-0.117303 -1.61944
-0.122077 -1.61881
-0.126873 -1.61853
-0.134121 -1.61828
-0.141369 -1.61895
-0.148617 -1.61859
-0.155865 -1.61848
-0.163113 -1.61882
-0.170361 -1.61859
-0.177609 -1.61828
-0.184857 -1.61862
-0.189687 -1.61898
-0.194571 -1.61881
-0.199347 -1.61961
-0.204049 -1.62075
-0.208898 -1.62131
-0.213432 -1.62304
-0.218023 -1.62458
-0.222623 -1.62609
-0.226946 -1.62827
-0.231332 -1.63028
-0.235525 -1.6327
-0.239902 -1.63486
-0.243576 -1.63804
-0.247665 -1.64066
-0.253786 -1.64573
-0.259974 -1.65072
-0.266072 -1.65582
-0.272171 -1.66092
-0.278397 -1.66586
-0.284764 -1.67062
-0.290677 -1.67595
-0.297017 -1.68075
-0.303469 -1.68541
-0.309243 -1.69092
-0.315821 -1.69542
-0.321978 -1.70045
-0.328 -1.70564
-0.334173 -1.71065
-0.340385 -1.71561
-0.34654 -1.72064
-0.352724 -1.72563
-0.358929 -1.7306
-0.365437 -1.73519
-0.371382 -1.74048
-0.377479 -1.74558
-0.383756 -1.75046
-0.39011 -1.75524
-0.396132 -1.76043
-0.402323 -1.76542
-0.4085 -1.77042
-0.414671 -1.77543
-0.420807 -1.78048
-0.427194 -1.78522
-0.433048 -1.79063
-0.439464 -1.79533
-0.445548 -1.80045
-0.452095 -1.80499
-0.457861 -1.8105
-0.46432 -1.81515
-0.470289 -1.82042
-0.476513 -1.82536
-0.482688 -1.83036
-0.489219 -1.83493
-0.494971 -1.84046
-0.501313 -1.84525
-0.507648 -1.85006
-0.51366 -1.85526
-0.519702 -1.86043
-0.525891 -1.86542
-0.53223 -1.87022
-0.538622 -1.87496
-0.544467 -1.88037
-0.550991 -1.88494
-0.556852 -1.89034
-0.563109 -1.89524
-0.569697 -1.89973
-0.575662 -1.905
-0.581664 -1.91022
-0.58797 -1.91506
-0.594108 -1.92011
-0.600591 -1.92473
-0.606671 -1.92985
-0.612894 -1.9348
-0.618819 -1.94011
-0.62516 -1.94491
-0.631154 -1.95014
-0.637543 -1.95488
-0.643549 -1.96009
-0.649994 -1.96476
-0.656153 -1.96978
-0.662314 -1.97481
-0.668652 -1.97961
-0.674444 -1.98509
-0.680899 -1.98975
-0.687167 -1.99464
-0.692992 -2.00007
-0.699283 -2.00493
-0.705444 -2.00996
-0.711765 -2.01478
-0.717909 -2.01982
-0.723996 -2.02494
-0.730416 -2.02964
-0.736558 -2.03468
-0.742738 -2.03968
-0.749 -2.04458
-0.755272 -2.04946
-0.76125 -2.05471
-0.767756 -2.0593
-0.773898 -2.06435
-0.780128 -2.06928
-0.786125 -2.07451
-0.789224 -2.07698
-0.788731 -2.07723
-0.788281 -2.07783
-0.78789 -2.07848
-0.787458 -2.0791
-0.787277 -2.07985
-0.787331 -2.08067
-0.78705 -2.08135
-0.786852 -2.08205
-0.786587 -2.08275
-0.786786 -2.08352
-0.786262 -2.08421
-0.786245 -2.08496
-0.786292 -2.08572
-0.786231 -2.08648
-0.787049 -2.0871
-0.786866 -2.0879
-0.787163 -2.08858
-0.78873 -2.09276
-0.790297 -2.09694
-0.790201 -2.09773
-0.790731 -2.09827
-0.790947 -2.09894
-0.791484 -2.09944
-0.7938 -2.10319
-0.796116 -2.10695
-0.79906 -2.11158
-0.802004 -2.11622
-0.804948 -2.12085
-0.807983 -2.12468
-0.811017 -2.12851
-0.811358 -2.12914
-0.81148 -2.12997
-0.812022 -2.13047
-0.812827 -2.13068
-0.813541 -2.13094
-0.813749 -2.13183
-0.814696 -2.13171
-0.814918 -2.13273
-0.815769 -2.13267
-0.816474 -2.13284
-0.817135 -2.13309
-0.823754 -2.13522
-0.830373 -2.13735
-0.836991 -2.13948
-0.84361 -2.1416
-0.850228 -2.14373
-0.856847 -2.14586
-0.857596 -2.14596
-0.858335 -2.14606
-0.859021 -2.1465
-0.859784 -2.1465
-0.860545 -2.14633
-0.86128 -2.14608
-0.862051 -2.14638
-0.86281 -2.14632
-0.863485 -2.14587
-0.864138 -2.14546
-0.864827 -2.14522
-0.865709 -2.14539
-0.866352 -2.14497
-0.866823 -2.14428
-0.867506 -2.14396
-0.867909 -2.14327
-0.868732 -2.14309
-0.868936 -2.14224
-0.869561 -2.14186
-0.872677 -2.14445
-0.879092 -2.14915
-0.885048 -2.15443
-0.891374 -2.15924
-0.897537 -2.16426
-0.903815 -2.16914
-0.909752 -2.17444
-0.91626 -2.17903
-0.922456 -2.18401
-0.928555 -2.18911
-0.934875 -2.19393
-0.940689 -2.19938
-0.94451 -2.20226
-0.950668 -2.20734
-0.956363 -2.21295
-0.962604 -2.21795
-0.968407 -2.22344
-0.974434 -2.22868
-0.980401 -2.23398
-0.986506 -2.23913
-0.989294 -2.242
-0.992082 -2.24488
-0.998173 -2.25004
-1.00441 -2.25504
-1.00717 -2.25795
-1.00993 -2.26085
-1.01608 -2.26594
-1.0221 -2.27119
-1.02802 -2.27655
-1.03397 -2.28187
-1.03989 -2.28723
-1.04576 -2.29265
-1.05171 -2.29796
-1.05488 -2.30041
-1.05804 -2.30286
-1.0639 -2.30828
-1.06973 -2.31375
-1.076 -2.31872
-1.082 -2.32398
-1.08482 -2.32682
-1.08763 -2.32966
-1.09353 -2.33504
-1.09674 -2.33744
-1.09994 -2.33985
-1.10563 -2.34546
-1.11181 -2.35052
-1.11789 -2.35571
-1.1236 -2.3613
-1.12975 -2.3664
-1.13542 -2.37203
-1.1413 -2.37744
-1.14738 -2.38262
-1.15368 -2.38754
-1.1596 -2.3929
-1.16533 -2.39848
-1.17153 -2.40351
-1.17726 -2.40909
-1.18318 -2.41445
-1.18948 -2.41937
-1.1953 -2.42485
-1.20105 -2.4304
-1.20729 -2.43539
-1.21342 -2.44052
-1.21919 -2.44604
-1.22524 -2.45125
-1.23089 -2.45691
-1.23396 -2.45971
-1.2343 -2.45938
-1.23443 -2.45846
-1.23518 -2.45816
-1.2358 -2.45774
-1.23646 -2.45739
-1.23704 -2.45694
-1.23764 -2.45648
-1.23824 -2.45597
-1.23892 -2.45564
-1.23976 -2.45583
-1.24039 -2.45526
-1.24114 -2.45517
-1.24192 -2.4555
-1.24264 -2.45515
-1.24337 -2.45537
-1.24413 -2.45517
-1.24916 -2.45557
-1.2542 -2.45596
-1.25492 -2.4559
-1.25567 -2.45585
-1.25631 -2.45623
-1.25688 -2.45676
-1.25768 -2.45664
-1.25831 -2.45698
-1.25907 -2.45708
-1.26455 -2.46004
-1.27003 -2.463
-1.27551 -2.46596
-1.28099 -2.46892
-1.28125 -2.46989
-1.28732 -2.4738
-1.28822 -2.47376
-1.28857 -2.47446
-1.28883 -2.47519
-1.28939 -2.4756
-1.28989 -2.47608
-1.29018 -2.47671
-1.2907 -2.4772
-1.29357 -2.48107
-1.29643 -2.48495
-1.29678 -2.48551
-1.30015 -2.4912
-1.30352 -2.49688
-1.30689 -2.50257
-1.31026 -2.50826
-1.31363 -2.51395
-1.31343 -2.51488
-1.31438 -2.5153
-1.31462 -2.51603
-1.3149 -2.51676
-1.31468 -2.51758
-1.31451 -2.51835
-1.31527 -2.51904
-1.31496 -2.51981
-1.31487 -2.52056
-1.31514 -2.52135
-1.31453 -2.522
-1.31461 -2.52278
-1.3144 -2.5235
-1.31448 -2.52434
-1.31368 -2.52481
-1.31382 -2.52572
-1.3129 -2.52604
-1.31258 -2.5267
-1.31213 -2.52729
-1.3117 -2.52789
-1.31163 -2.52795
-1.3147 -2.53087
-1.32063 -2.53621
-1.32651 -2.54161
-1.33272 -2.54665
-1.33838 -2.55229
-1.34466 -2.55724
-1.35038 -2.56283
-1.35626 -2.56823
-1.36236 -2.57338
-1.36859 -2.57839
-1.37138 -2.58127
-1.37416 -2.58415
-1.38046 -2.58908
-1.38638 -2.59443
-1.3921 -2.60001
-1.3953 -2.60243
-1.3985 -2.60484
-1.4044 -2.61021
-1.41028 -2.61562
-1.41641 -2.62074
-1.42206 -2.6264
-1.42791 -2.63183
-1.43406 -2.63694
-1.4402 -2.64205
-1.44584 -2.64772
-1.449 -2.65017
-1.45217 -2.65262
-1.45823 -2.65781
-1.46403 -2.6633
-1.46995 -2.66866
-1.47578 -2.67412
-1.48168 -2.67951
-1.48487 -2.68193
-1.48805 -2.68435
-1.49402 -2.68965
-1.49983 -2.69513
-1.50563 -2.70062
-1.51152 -2.70601
-1.51778 -2.71099
-1.52377 -2.71626
-1.52968 -2.72164
-1.5357 -2.72688
-1.54157 -2.73229
-1.54742 -2.73773
-1.55349 -2.74292
-1.55928 -2.74843
-1.56548 -2.75347
-1.57161 -2.75859
-1.57442 -2.76144
-1.57722 -2.76429
-1.58318 -2.76961
-1.5892 -2.77486
-1.5952 -2.78012
-1.60131 -2.78526
-1.60717 -2.79068
-1.61033 -2.79314
-1.61348 -2.7956
-1.61929 -2.80109
-1.62534 -2.8063
-1.63126 -2.81166
-1.63714 -2.81705
-1.6431 -2.82237
-1.64908 -2.82766
-1.65528 -2.8327
-1.661 -2.83828
-1.66678 -2.8438
-1.67299 -2.84883
-1.67917 -2.85389
-1.68503 -2.85933
-1.69089 -2.86475
-1.69677 -2.87015
-1.703 -2.87515
-1.70578 -2.87804
-1.70856 -2.88092
-1.71449 -2.88626
-1.72068 -2.89132
-1.72655 -2.89674
-1.73253 -2.90202
-1.7357 -2.90447
-1.73886 -2.90692
-1.74465 -2.91242
-1.75032 -2.91806
-1.75652 -2.92311
-1.76241 -2.9285
-1.76856 -2.93359
-1.77455 -2.93887
-1.78046 -2.94424
-1.78666 -2.94928
-1.78945 -2.95216
-1.79223 -2.95503
-1.79812 -2.96043
-1.80406 -2.96576
-1.81028 -2.97078
-1.81638 -2.97594
-1.81917 -2.9788
-1.82197 -2.98167
-1.82826 -2.9866
-1.83402 -2.99214
-1.83996 -2.99748
-1.84602 -3.00268
-1.85226 -3.00767
-1.85795 -3.01329
-1.86396 -3.01855
-1.87021 -3.02353
-1.87615 -3.02887
-1.87896 -3.03172
-1.88177 -3.03456
-1.88497 -3.03698
-1.88816 -3.03939
-1.89403 -3.04481
-1.90001 -3.05009
-1.9028 -3.05296
-1.90559 -3.05583
-1.91163 -3.06106
-1.91779 -3.06615
-1.924 -3.07118
-1.92676 -3.07408
-1.92951 -3.07699
-1.93548 -3.08229
-1.93866 -3.08473
-1.94184 -3.08716
-1.94788 -3.09238
-1.95381 -3.09772
-1.95971 -3.10311
-1.96576 -3.10831
-1.97175 -3.11359
-1.97451 -3.11649
-1.97728 -3.11939
-1.98044 -3.12184
-1.9836 -3.12429
-1.98641 -3.12714
-1.98923 -3.12999
-1.99519 -3.1353
-2.00126 -3.14049
-2.00712 -3.14591
-2.01331 -3.15096
-2.01913 -3.15643
-2.02535 -3.16145
-2.03109 -3.16701
-2.03427 -3.16944
-2.03745 -3.17188
-2.04324 -3.17737
-2.04902 -3.18289
-2.0549 -3.1883
-2.06086 -3.19361
-2.06695 -3.19878
-2.073 -3.20399
-2.07909 -3.20914
-2.08518 -3.21432
-2.08798 -3.21717
-2.09079 -3.22002
-2.097 -3.22505
-2.10284 -3.2305
-2.10889 -3.23571
-2.11479 -3.2411
-2.12066 -3.2465
-2.12649 -3.25196
-2.13253 -3.25719
-2.13864 -3.26233
-2.14458 -3.26767
-2.15058 -3.27293
-2.15669 -3.27808
-2.1624 -3.28367
-2.16839 -3.28894
-2.17456 -3.29403
-2.18068 -3.29915
-2.18344 -3.30206
-2.1862 -3.30496
-2.19221 -3.31022
-2.19822 -3.31548
-2.20451 -3.32042
-2.21016 -3.32608
-2.21645 -3.33102
-2.22213 -3.33665
-2.22811 -3.34194
-2.23411 -3.3472
-2.24006 -3.35253
-2.24629 -3.35753
-2.25216 -3.36295
-2.25823 -3.36813
-2.26435 -3.37327
-2.27011 -3.3788
-2.27625 -3.38391
-2.279 -3.38683
-2.28174 -3.38976
-2.2879 -3.39485
-2.29414 -3.39984
-2.30001 -3.40526
-2.30584 -3.41072
-2.31196 -3.41585
-2.31765 -3.42146
-2.32383 -3.42653
-2.32956 -3.4321
-2.33274 -3.43453
-2.33593 -3.43695
-2.34169 -3.44249
-2.34746 -3.44802
-2.35354 -3.45319
-2.35941 -3.4586
-2.36551 -3.46376
-2.37136 -3.4692
-2.37743 -3.47439
-2.38362 -3.47944
-2.38937 -3.48498
-2.39534 -3.49029
-2.40146 -3.49542
-2.40735 -3.50081
-2.41326 -3.50618
-2.41913 -3.5116
-2.42234 -3.51399
-2.42556 -3.51637
-2.43146 -3.52175
-2.43744 -3.52705
-2.44024 -3.52991
-2.44304 -3.53276
-2.44908 -3.53799
-2.45528 -3.54302
-2.461 -3.54861
-2.46712 -3.55375
-2.47305 -3.55909
-2.47889 -3.56454
-2.48495 -3.56974
-2.49073 -3.57525
-2.49393 -3.57767
-2.49712 -3.58008
-2.50319 -3.58526
-2.50899 -3.59076
-2.51464 -3.59642
-2.52074 -3.60158
-2.5268 -3.60678
-2.53253 -3.61234
-2.53863 -3.6175
-2.54448 -3.62294
-2.54765 -3.62538
-2.55083 -3.62781
-2.55683 -3.63308
-2.5626 -3.63861
-2.56853 -3.64395
-2.57457 -3.64918
-2.58045 -3.65458
-2.58643 -3.65987
-2.59249 -3.66506
-2.59866 -3.67014
-2.60435 -3.67576
-2.61049 -3.68087
-2.61643 -3.6862
-2.62225 -3.69167
-2.62812 -3.69709
-2.63431 -3.70214
-2.64001 -3.70775
-2.64622 -3.71278
-2.65243 -3.71781
-2.65518 -3.72072
-2.65793 -3.72364
-2.66391 -3.72893
-2.66708 -3.73137
-2.67026 -3.7338
-2.67307 -3.73665
-2.67588 -3.7395
-2.68184 -3.74481
-2.68803 -3.74986
-2.6939 -3.75528
-2.69983 -3.76063
-2.703 -3.76306
-2.70617 -3.7655
-2.71214 -3.77081
-2.71792 -3.77632
-2.7239 -3.78161
-2.73001 -3.78676
-2.73585 -3.79221
-2.74199 -3.79731
-2.74783 -3.80276
-2.7535 -3.8084
-2.75975 -3.81339
-2.76547 -3.81897
-2.77141 -3.8243
-2.77462 -3.8267
-2.77783 -3.82909
-2.78368 -3.83454
-2.78935 -3.84018
-2.79548 -3.84529
-2.80141 -3.85064
-2.80728 -3.85605
-2.8134 -3.86118
-2.81944 -3.86641
-2.82547 -3.87165
-2.83115 -3.87727
-2.83745 -3.8822
-2.84352 -3.88739
-2.84628 -3.89029
-2.84904 -3.89319
-2.85525 -3.89823
-2.86117 -3.90359
-2.86713 -3.90889
-2.87318 -3.91411
-2.87893 -3.91966
-2.88521 -3.92461
-2.89088 -3.93025
-2.89716 -3.9352
-2.90326 -3.94036
-2.90606 -3.94321
-2.90886 -3.94607
-2.91472 -3.9515
-2.92093 -3.95653
-2.92699 -3.96173
-2.93264 -3.96739
-2.93881 -3.97246
-2.94488 -3.97765
-2.95101 -3.98278
-2.95689 -3.98817
-2.96258 -3.9938
-2.96871 -3.99891
-2.97489 -4.00398
-2.98055 -4.00963
-2.9868 -4.01461
-2.99265 -4.02005
-2.99854 -4.02544
-3.00465 -4.03058
-3.01065 -4.03586
-3.0164 -4.0414
-3.02233 -4.04675
-3.02826 -4.05209
-3.03427 -4.05735
-3.04038 -4.0625
-3.04611 -4.06807
-3.04932 -4.07046
-3.05254 -4.07285
-3.05822 -4.07848
-3.06433 -4.08361
-3.07041 -4.08879
-3.07607 -4.09445
-3.08235 -4.0994
-3.08511 -4.1023
-3.08786 -4.10521
-3.09392 -4.11042
-3.0971 -4.11284
-3.10029 -4.11527
-3.10307 -4.11815
-3.10586 -4.12102
-3.11178 -4.12637
-3.118 -4.13139
-3.12405 -4.1366
-3.13005 -4.14187
-3.13598 -4.14722
-3.14204 -4.15242
-3.14484 -4.15528
-3.14764 -4.15814
-3.1539 -4.16312
-3.15987 -4.16841
-3.16593 -4.17361
-3.17157 -4.17929
-3.17786 -4.18422
-3.18375 -4.18961
-3.18976 -4.19488
-3.19561 -4.20031
-3.2016 -4.20558
-3.20763 -4.21083
-3.21338 -4.21638
-3.21962 -4.22137
-3.22533 -4.22696
-3.23123 -4.23234
-3.23751 -4.2373
-3.24355 -4.24252
-3.24955 -4.24779
-3.25535 -4.25328
-3.26141 -4.25848
-3.26421 -4.26133
-3.26702 -4.26418
-3.27024 -4.26657
-3.27345 -4.26896
-3.27916 -4.27456
-3.28514 -4.27985
-3.29109 -4.28517
-3.29724 -4.29027
-3.30299 -4.29582
-3.30885 -4.30125
-3.31513 -4.3062
-3.32107 -4.31154
-3.32722 -4.31663
-3.33305 -4.32209
-3.33891 -4.32751
-3.34477 -4.33294
-3.35098 -4.33797
-3.35681 -4.34343
-3.36269 -4.34883
-3.36881 -4.35396
-3.3745 -4.35958
-3.3777 -4.36199
-3.38089 -4.3644
-3.38666 -4.36993
-3.39259 -4.37528
-3.39835 -4.38082
-3.40441 -4.38602
-3.4076 -4.38844
-3.41078 -4.39087
-3.41664 -4.39629
-3.42236 -4.40188
-3.42849 -4.407
-3.43446 -4.4123
-3.44067 -4.41733
-3.44645 -4.42285
-3.4521 -4.42851
-3.45531 -4.4309
-3.45853 -4.43329
-3.46421 -4.43891
-3.47028 -4.4441
-3.47602 -4.44966
-3.47925 -4.45204
-3.48247 -4.45442
-3.4852 -4.45736
-3.48793 -4.4603
-3.49413 -4.46534
-3.4999 -4.47087
-3.50598 -4.47604
-3.51183 -4.48149
-3.5179 -4.48667
-3.52108 -4.4891
-3.52425 -4.49154
-3.52995 -4.49715
-3.53574 -4.50265
-3.5389 -4.5051
-3.54206 -4.50756
-3.54487 -4.51041
-3.54767 -4.51326
-3.5538 -4.51839
-3.56002 -4.5234
-3.56582 -4.5289
-3.57187 -4.53411
-3.57793 -4.53931
-3.58381 -4.54471
-3.58976 -4.55004
-3.59587 -4.55518
-3.59866 -4.55805
-3.60144 -4.56093
-3.60766 -4.56595
-3.61365 -4.57123
-3.61977 -4.57636
-3.62566 -4.58176
-3.6315 -4.5872
-3.63772 -4.59222
-3.64352 -4.59772
-3.64955 -4.60295
-3.65531 -4.60848
-3.66116 -4.61393
-3.66416 -4.6164
-3.6639 -4.61702
-3.66338 -4.61755
-3.66294 -4.61816
-3.66281 -4.61895
-3.66198 -4.61936
-3.66213 -4.62025
-3.6619 -4.62096
-3.66147 -4.6216
-3.66131 -4.62234
-3.66108 -4.62306
-3.66112 -4.62383
-3.66113 -4.62458
-3.6611 -4.62534
-3.66142 -4.63063
-3.66173 -4.63593
-3.66213 -4.6366
-3.6619 -4.63735
-3.66216 -4.63803
-3.66229 -4.63874
-3.66253 -4.63942
-3.66286 -4.64007
-3.66351 -4.64054
-3.66349 -4.64135
-3.66713 -4.64704
-3.67076 -4.65272
-3.6744 -4.6584
-3.67804 -4.66409
-3.67849 -4.66464
-3.67943 -4.6648
-3.67976 -4.66542
-3.68387 -4.67045
-3.68468 -4.67064
-3.68512 -4.6712
-3.68581 -4.67148
-3.6865 -4.6717
-3.68703 -4.67215
-3.68746 -4.67282
-3.6882 -4.67293
-3.69484 -4.67558
-3.70148 -4.67824
-3.70813 -4.68089
-3.71477 -4.68355
-3.72141 -4.6862
-3.72806 -4.68886
-3.72886 -4.68885
-3.72952 -4.68925
-3.73034 -4.68909
-3.73105 -4.68934
-3.73178 -4.68949
-3.73254 -4.6892
-3.73328 -4.68984
-3.73404 -4.68979
-3.73479 -4.68957
-3.73548 -4.68912
-3.73625 -4.68914
-3.73686 -4.68857
-3.73756 -4.68834
-3.73847 -4.68854
-3.73885 -4.68763
-3.73963 -4.68749
-3.74043 -4.68731
-3.74101 -4.68679
-3.74115 -4.68582
-3.74164 -4.68528
-3.74186 -4.68497
-3.74494 -4.68792
-3.75118 -4.69291
-3.75693 -4.69845
-3.76299 -4.70365
-3.76905 -4.70885
-3.77486 -4.71434
-3.78053 -4.71997
-3.78663 -4.72513
-3.79289 -4.7301
-3.79859 -4.73571
-3.80466 -4.7409
-3.81072 -4.7461
-3.8168 -4.75127
-3.82257 -4.7568
-3.82853 -4.76211
-3.83198 -4.76606
-3.83607 -4.76937
-3.83944 -4.77337
-3.84276 -4.77743
-3.84552 -4.78187
-3.8485 -4.78618
-3.85044 -4.79107
-3.85295 -4.79562
-3.85528 -4.80032
-3.85716 -4.80522
-3.85858 -4.81025
-3.86003 -4.8153
-3.86089 -4.82045
-3.86115 -4.82567
-3.86182 -4.83086
-3.86219 -4.83608
-3.86185 -4.84394
-3.8621 -4.85179
-3.8627 -4.85964
-3.86264 -4.8675
-3.86229 -4.87535
-3.86242 -4.88321
-3.86275 -4.89106
-3.86256 -4.89891
-3.86285 -4.90677
-3.86245 -4.91462
-3.86318 -4.92247
-3.86253 -4.93033
-3.86301 -4.93818
-3.86285 -4.94604
-3.86276 -4.9539
-3.86299 -4.96175
-3.86343 -4.9696
-3.86322 -4.97746
-3.86369 -4.98531
-3.86358 -4.99316
-3.86375 -5.00101
-3.86316 -5.00887
-3.86358 -5.01673
-3.86329 -5.02458
-3.86351 -5.03244
-3.86408 -5.04029
-3.86348 -5.04814
-3.86432 -5.05599
-3.86404 -5.06385
-3.8638 -5.07171
-3.86383 -5.07956
-3.86435 -5.08741
-3.8639 -5.09525
-3.86421 -5.10004
-3.86388 -5.10481
-3.86313 -5.10952
-3.86238 -5.11422
-3.86133 -5.11888
-3.86076 -5.12369
-3.85866 -5.12801
-3.85763 -5.13274
-3.85576 -5.13714
-3.85343 -5.14132
-3.85105 -5.14546
-3.84857 -5.14952
-3.8459 -5.15348
-3.84333 -5.15753
-3.84021 -5.16114
-3.83699 -5.16467
-3.83346 -5.16789
-3.83016 -5.17135
-3.82421 -5.17662
-3.81809 -5.18171
-3.81207 -5.1869
-3.80635 -5.19244
-3.80002 -5.19729
-3.79412 -5.20262
-3.78811 -5.20784
-3.78245 -5.21345
-3.77618 -5.21835
-3.77008 -5.22346
-3.76417 -5.22879
-3.7581 -5.23393
-3.75254 -5.23965
-3.74647 -5.24479
-3.74021 -5.24971
-3.73419 -5.25492
-3.7286 -5.2606
-3.72258 -5.2658
-3.71625 -5.27065
-3.71046 -5.27611
-3.70442 -5.28128
-3.69835 -5.28643
-3.69227 -5.29155
-3.68652 -5.29706
-3.68032 -5.30205
-3.67459 -5.30759
-3.6687 -5.31293
-3.66273 -5.31818
-3.65645 -5.32309
-3.65035 -5.3282
-3.64454 -5.33363
-3.63889 -5.33925
-3.63288 -5.34446
-3.62692 -5.34973
-3.62067 -5.35466
-3.61445 -5.35963
-3.60849 -5.3649
-3.60294 -5.37063
-3.597 -5.37593
-3.5906 -5.38069
-3.585 -5.38636
-3.57854 -5.39107
-3.57307 -5.39689
-3.56708 -5.40212
-3.56064 -5.40684
-3.55471 -5.41215
-3.54883 -5.4175
-3.54297 -5.42288
-3.53702 -5.42816
-3.5308 -5.43313
-3.52486 -5.43842
-3.51881 -5.44358
-3.51284 -5.44884
-3.50702 -5.45426
-3.50092 -5.45937
-3.49497 -5.46465
-3.48908 -5.47
-3.48286 -5.47497
-3.47695 -5.48029
-3.4709 -5.48545
-3.46502 -5.49081
-3.45921 -5.49625
-3.45334 -5.50162
-3.44712 -5.50659
-3.44127 -5.51198
-3.43533 -5.51727
-3.42928 -5.52244
-3.42324 -5.52762
-3.41715 -5.53273
-3.4115 -5.53834
-3.40535 -5.5434
-3.39948 -5.54876
-3.3934 -5.5539
-3.38715 -5.55883
-3.38106 -5.56395
-3.37553 -5.56971
-3.36923 -5.57459
-3.36318 -5.57976
-3.35723 -5.58503
-3.35124 -5.59026
-3.3456 -5.5959
-3.3392 -5.60066
-3.33337 -5.60607
-3.3276 -5.61156
-3.32142 -5.61657
-3.31538 -5.62175
-3.30936 -5.62695
-3.30373 -5.63259
-3.29758 -5.63764
-3.29158 -5.64286
-3.28855 -5.64559
-3.28849 -5.64551
-3.2879 -5.64505
-3.2877 -5.64422
-3.28701 -5.64386
-3.28654 -5.64324
-3.28564 -5.64322
-3.28521 -5.64252
-3.2844 -5.64245
-3.28375 -5.64209
-3.28303 -5.64193
-3.28227 -5.6419
-3.28173 -5.64099
-3.28087 -5.64151
-3.28013 -5.64156
-3.27941 -5.64153
-3.27866 -5.64087
-3.27791 -5.64103
-3.27719 -5.64139
-3.27652 -5.64182
-3.27216 -5.64288
-3.26781 -5.64395
-3.26738 -5.6443
-3.26673 -5.64387
-3.25931 -5.64677
-3.25863 -5.64707
-3.2578 -5.64704
-3.2519 -5.64992
-3.246 -5.6528
-3.2401 -5.65568
-3.2342 -5.65856
-3.2283 -5.66144
-3.22782 -5.66218
-3.22695 -5.66212
-3.22621 -5.66237
-3.22588 -5.66322
-3.22521 -5.66357
-3.22493 -5.66437
-3.22408 -5.66457
-3.22347 -5.66505
-3.22357 -5.66607
-3.22262 -5.66633
-3.22281 -5.6673
-3.22206 -5.66776
-3.21941 -5.67441
-3.21677 -5.68105
-3.21412 -5.6877
-3.21148 -5.69435
-3.20883 -5.701
-3.20835 -5.70161
-3.20775 -5.70221
-3.20818 -5.70311
-3.2076 -5.70375
-3.20732 -5.70448
-3.20774 -5.70528
-3.2077 -5.70602
-3.20806 -5.70675
-3.20817 -5.70747
-3.20788 -5.70826
-3.20811 -5.70898
-3.20869 -5.70958
-3.20828 -5.71053
-3.2088 -5.71114
-3.20962 -5.71156
-3.20991 -5.71224
-3.21027 -5.71289
-3.2105 -5.71366
-3.21076 -5.71392
-3.2079 -5.71632
-3.2016 -5.7212
-3.19584 -5.7267
-3.18971 -5.73177
-3.1841 -5.73744
-3.1777 -5.7422
-3.17194 -5.74769
-3.16613 -5.75314
-3.16007 -5.75829
-3.15415 -5.7636
-3.14772 -5.76832
-3.14204 -5.77391
-3.13606 -5.77916
-3.12991 -5.78421
-3.1239 -5.78942
-3.11823 -5.79502
-3.1118 -5.79975
-3.10607 -5.80528
-3.09986 -5.81023
-3.09666 -5.81361
-3.09277 -5.8161
-3.08896 -5.81871
-3.0853 -5.82159
-3.08102 -5.82336
-3.07697 -5.82555
-3.07272 -5.82733
-3.06857 -5.82938
-3.0611 -5.83206
-3.05356 -5.83458
-3.04625 -5.83769
-3.03862 -5.83994
-3.03112 -5.84256
-3.02383 -5.84574
-3.01622 -5.84805
-3.00892 -5.85122
-3.00151 -5.85405
-2.99391 -5.85641
-2.98653 -5.85934
-2.97899 -5.86184
-2.97162 -5.86479
-2.96411 -5.86739
-2.95657 -5.86988
-2.94921 -5.87288
-2.9417 -5.87545
-2.93435 -5.87847
-2.92682 -5.881
-2.91923 -5.88337
-2.91196 -5.88659
-2.90442 -5.88911
-2.89709 -5.89219
-2.88942 -5.89433
-2.88207 -5.89735
-2.8747 -5.90031
-2.8672 -5.90291
-2.85957 -5.90516
-2.85232 -5.90847
-2.84487 -5.91121
-2.83743 -5.91398
-2.82997 -5.91671
-2.8225 -5.91939
-2.81506 -5.92216
-2.80757 -5.9248
-2.8001 -5.9275
-2.79259 -5.93007
-2.78501 -5.93247
-2.77759 -5.93529
-2.77009 -5.93791
-2.76278 -5.94104
-2.75519 -5.94339
-2.74768 -5.94597
-2.74021 -5.94867
-2.73277 -5.95144
-2.72536 -5.9543
-2.71805 -5.95743
-2.71056 -5.96006
-2.70313 -5.96286
-2.69553 -5.96521
-2.68805 -5.96788
-2.68068 -5.97083
-2.67317 -5.9734
-2.66582 -5.97642
-2.65831 -5.979
-2.65078 -5.98155
-2.64351 -5.98479
-2.63597 -5.98729
-2.62837 -5.98962
-2.62112 -5.99292
-2.61348 -5.99514
-2.60612 -5.99814
-2.59875 -6.0011
-2.59124 -6.00368
-2.5836 -6.0059
-2.57622 -6.00885
-2.56884 -6.01178
-2.56138 -6.01451
-2.55384 -6.01701
-2.54644 -6.01987
-2.53885 -6.02224
-2.5314 -6.025
-2.524 -6.02787
-2.51653 -6.03058
-2.50905 -6.03322
-2.5018 -6.03653
-2.49413 -6.03867
-2.48685 -6.04187
-2.47944 -6.04474
-2.47189 -6.04722
-2.46444 -6.04994
-2.45703 -6.05281
-2.4496 -6.0556
-2.442 -6.05793
-2.43466 -6.06099
-2.42711 -6.06346
-2.41978 -6.06653
-2.41222 -6.06897
-2.40476 -6.07171
-2.39735 -6.07457
-2.38994 -6.0774
-2.38239 -6.07989
-2.37482 -6.0823
-2.36731 -6.08489
-2.35999 -6.08799
-2.35252 -6.09067
-2.34506 -6.0934
-2.33773 -6.09649
-2.33016 -6.09889
-2.3226 -6.1013
-2.31843 -6.10255
-2.31441 -6.10434
-2.31008 -6.10492
-2.30587 -6.10602
-2.30153 -6.10645
-2.29725 -6.10741
-2.2929 -6.10764
-2.28854 -6.10805
-2.28454 -6.10797
-2.28054 -6.10788
-2.27654 -6.1077
-2.27254 -6.10753
-2.26454 -6.10748
-2.26054 -6.1074
-2.25654 -6.10732
-2.24855 -6.10744
-2.24055 -6.10743
-2.23255 -6.1076
-2.22455 -6.10751
-2.22055 -6.10776
-2.21655 -6.108
-2.20856 -6.10799
-2.20456 -6.1078
-2.20056 -6.10762
-2.19656 -6.10783
-2.19256 -6.10804
-2.18856 -6.10796
-2.18456 -6.10788
-2.18056 -6.10779
-2.17656 -6.1077
-2.16856 -6.10774
-2.16456 -6.10799
-2.16057 -6.10825
-2.15257 -6.10822
-2.14857 -6.10803
-2.14457 -6.10784
-2.13657 -6.10788
-2.13257 -6.10771
-2.12857 -6.10754
-2.12057 -6.10765
-2.11657 -6.10785
-2.11258 -6.10806
-2.10858 -6.10789
-2.10458 -6.10772
-2.09658 -6.1078
-2.09258 -6.10771
-2.08858 -6.10762
-2.08058 -6.10763
-2.07658 -6.10797
-2.07258 -6.10832
-2.06859 -6.10803
-2.06459 -6.10775
-2.06059 -6.10802
-2.05659 -6.10829
-2.05259 -6.10797
-2.04859 -6.10765
-2.04059 -6.10765
-2.03659 -6.10776
-2.03259 -6.10787
-2.02859 -6.10805
-2.02459 -6.10823
-2.0206 -6.10803
-2.0166 -6.10782
-2.0086 -6.10787
-2.0046 -6.108
-2.0006 -6.10813
-1.9926 -6.10821
-1.9886 -6.10831
-1.9846 -6.10841
-1.9806 -6.10828
-1.97661 -6.10815
-1.96861 -6.10808
-1.96061 -6.10825
-1.95661 -6.10809
-1.95261 -6.10794
-1.94461 -6.10803
-1.94061 -6.10822
-1.93661 -6.10841
-1.93261 -6.10822
-1.92862 -6.10803
-1.92462 -6.10817
-1.92062 -6.10832
-1.91662 -6.10845
-1.91262 -6.10858
-1.90862 -6.10845
-1.90462 -6.10832
-1.89662 -6.10838
-1.88862 -6.10854
-1.88462 -6.10823
-1.88063 -6.10792
-1.87263 -6.1079
-1.86463 -6.10797
-1.86063 -6.10811
-1.85663 -6.10825
-1.85263 -6.10837
-1.84863 -6.10848
-1.84463 -6.10861
-1.84063 -6.10874
-1.83664 -6.10842
-1.83264 -6.10811
-1.82464 -6.10803
-1.81664 -6.10814
-1.80864 -6.10809
-1.80464 -6.10831
-1.80064 -6.10853
-1.79264 -6.10849
-1.78465 -6.10834
-1.78065 -6.1085
-1.77665 -6.10865
-1.77265 -6.10876
-1.76865 -6.10886
-1.76065 -6.10871
-1.75665 -6.10858
-1.75265 -6.10846
-1.74466 -6.10858
-1.73666 -6.10863
-1.72866 -6.10875
-1.72066 -6.10875
-1.71666 -6.1085
-1.71266 -6.10826
-1.70466 -6.10832
-1.70066 -6.10858
-1.69667 -6.10883
-1.69267 -6.10867
-1.68867 -6.10851
-1.68467 -6.10837
-1.68067 -6.10822
-1.67667 -6.10846
-1.67267 -6.1087
-1.66867 -6.1086
-1.66467 -6.1085
-1.66067 -6.10866
-1.65667 -6.10881
-1.64868 -6.1088
-1.64068 -6.10885
-1.63268 -6.10901
-1.62868 -6.10893
-1.62468 -6.10885
-1.62068 -6.10874
-1.61668 -6.10863
-1.61268 -6.10874
-1.60868 -6.10884
-1.60469 -6.10895
-1.60069 -6.10907
-1.59269 -6.10894
-1.58869 -6.10885
-1.58469 -6.10876
-1.57669 -6.10863
-1.57269 -6.10873
-1.56869 -6.10883
-1.56469 -6.10866
-1.56069 -6.10849
-1.5567 -6.1086
-1.5527 -6.10871
-1.5447 -6.10875
-1.5407 -6.10897
-1.5367 -6.10919
-1.5327 -6.10889
-1.5287 -6.10859
-1.5247 -6.10882
-1.5207 -6.10904
-1.5167 -6.10887
-1.5127 -6.10869
-1.50471 -6.10869
-1.50071 -6.10898
-1.49671 -6.10926
-1.49271 -6.10906
-1.48871 -6.10885
-1.48071 -6.10881
-1.47671 -6.10903
-1.47271 -6.10926
-1.46871 -6.10905
-1.46472 -6.10884
-1.45672 -6.10873
-1.45272 -6.10892
-1.44872 -6.10911
-1.44472 -6.10893
-1.44072 -6.10875
-1.43272 -6.10867
-1.42872 -6.10881
-1.42472 -6.10895
-1.42072 -6.10908
-1.41673 -6.10921
-1.41273 -6.10907
-1.40873 -6.10894
-1.40473 -6.10918
-1.40073 -6.10943
-1.39673 -6.10925
-1.39273 -6.10908
-1.38873 -6.10919
-1.38473 -6.10929
-1.38073 -6.10908
-1.37673 -6.10886
-1.37274 -6.10913
-1.36874 -6.1094
-1.36474 -6.10912
-1.36074 -6.10885
-1.35274 -6.10901
-1.34874 -6.10891
-1.34474 -6.10882
-1.34074 -6.10916
-1.33674 -6.10951
-1.33274 -6.10922
-1.32874 -6.10894
-1.32075 -6.10905
-1.31675 -6.10897
-1.31275 -6.10889
-1.30875 -6.10916
-1.30475 -6.10943
-1.30075 -6.10933
-1.29675 -6.10924
-1.29275 -6.10908
-1.28875 -6.10892
-1.28075 -6.10897
-1.27276 -6.10891
-1.26476 -6.10888
-1.25676 -6.10892
-1.24876 -6.10887
-1.24476 -6.10904
-1.24076 -6.10922
-1.23676 -6.10942
-1.23277 -6.10962
-1.22477 -6.10953
-1.22077 -6.10925
-1.21677 -6.10897
-1.21277 -6.10915
-1.20877 -6.10932
-1.20077 -6.10943
-1.19677 -6.10923
-1.19277 -6.10903
-1.18477 -6.10902
-1.18078 -6.10912
-1.17678 -6.10922
-1.17278 -6.10933
-1.16878 -6.10945
-1.16478 -6.10932
-1.16078 -6.10919
-1.15278 -6.10925
-1.14878 -6.10915
-1.14478 -6.10906
-1.14078 -6.1092
-1.13679 -6.10933
-1.13279 -6.10959
-1.12879 -6.10984
-1.12479 -6.10947
-1.12079 -6.10911
-1.11679 -6.10948
-1.11279 -6.10984
-1.10879 -6.10957
-1.10479 -6.10929
-1.10079 -6.10938
-1.09679 -6.10947
-1.0928 -6.1094
-1.0888 -6.10932
-1.0808 -6.10942
-1.0768 -6.10931
-1.0728 -6.1092
-1.0688 -6.10938
-1.0648 -6.10957
-1.0608 -6.10938
-1.0568 -6.1092
-1.0528 -6.1093
-1.0488 -6.10939
-1.04081 -6.10942
-1.03681 -6.10964
-1.03281 -6.10986
-1.02881 -6.1096
-1.02481 -6.10933
-1.02081 -6.10945
-1.01681 -6.10956
-1.01281 -6.10967
-1.00881 -6.10979
-1.00481 -6.10962
-1.00081 -6.10945
-0.996816 -6.10972
-0.992817 -6.10999
-0.988818 -6.10966
-0.984818 -6.10933
-0.980819 -6.1097
-0.976821 -6.11007
-0.972822 -6.10995
-0.968822 -6.10982
-0.964823 -6.10972
-0.960824 -6.10962
-0.956825 -6.1098
-0.952826 -6.10998
-0.944828 -6.10996
-0.940828 -6.10981
-0.936829 -6.10965
-0.932829 -6.10954
-0.92883 -6.10943
-0.920832 -6.10942
-0.912834 -6.10953
-0.908835 -6.10969
-0.904836 -6.10986
-0.900836 -6.10965
-0.896837 -6.10943
-0.892838 -6.10961
-0.888839 -6.10978
-0.88484 -6.10994
-0.880841 -6.11011
-0.876842 -6.11003
-0.872843 -6.10995
-0.868843 -6.10981
-0.864844 -6.10967
-0.860845 -6.10958
-0.856846 -6.10949
-0.852847 -6.10975
-0.848848 -6.11
-0.844849 -6.10982
-0.840849 -6.10964
-0.832851 -6.10965
-0.824853 -6.10964
-0.820854 -6.10987
-0.816855 -6.11009
-0.812855 -6.10987
-0.808856 -6.10965
-0.804857 -6.10993
-0.800859 -6.11021
-0.796859 -6.10996
-0.792859 -6.10971
-0.788861 -6.10987
-0.784862 -6.11004
-0.776863 -6.10993
-0.772864 -6.11017
-0.768866 -6.11041
-0.764866 -6.11026
-0.760867 -6.11012
-0.756868 -6.10995
-0.752868 -6.10978
-0.74487 -6.10978
-0.740871 -6.11006
-0.736872 -6.11033
-0.732873 -6.11022
-0.728874 -6.11011
-0.720876 -6.11017
-0.712877 -6.11034
-0.708878 -6.11003
-0.704878 -6.10972
-0.70088 -6.11011
-0.696881 -6.1105
-0.688883 -6.11038
-0.684883 -6.11021
-0.680884 -6.11004
-0.672886 -6.11003
-0.668887 -6.11015
-0.664888 -6.11027
-0.65689 -6.1104
-0.65289 -6.11015
-0.64889 -6.1099
-0.644892 -6.11013
-0.640893 -6.11037
-0.636893 -6.11016
-0.632894 -6.10994
-0.628895 -6.11006
-0.624896 -6.11017
-0.620897 -6.11032
-0.616898 -6.11048
-0.612899 -6.11027
-0.608899 -6.11006
-0.6049 -6.11035
-0.600902 -6.11064
-0.596902 -6.1103
-0.592902 -6.10997
-0.584904 -6.11015
-0.576906 -6.11014
-0.572907 -6.11034
-0.568908 -6.11054
-0.564909 -6.11039
-0.56091 -6.11024
-0.552911 -6.1101
-0.548912 -6.1103
-0.544914 -6.11051
-0.540914 -6.1103
-0.536915 -6.11008
-0.528916 -6.10999
-0.520918 -6.11016
-0.516919 -6.11034
-0.51292 -6.11052
-0.508698 -6.11042
-0.508619 -6.1106
-0.509056 -6.1114
-0.508531 -6.11206
-0.508396 -6.11278
-0.508699 -6.11365
-0.508261 -6.1143
-0.50786 -6.11494
-0.50764 -6.11566
-0.507239 -6.11629
-0.506872 -6.11695
-0.506153 -6.11732
-0.505678 -6.11787
-0.505556 -6.11879
-0.501614 -6.12262
-0.497672 -6.12645
-0.496891 -6.12665
-0.49661 -6.12747
-0.495723 -6.12744
-0.495503 -6.12848
-0.494602 -6.12833
-0.494018 -6.12878
-0.493258 -6.12879
-0.492684 -6.12935
-0.491909 -6.12919
-0.491222 -6.12937
-0.483349 -6.13067
-0.475477 -6.13196
-0.467604 -6.13326
-0.459731 -6.13456
-0.459029 -6.13486
-0.458297 -6.13512
-0.457557 -6.13473
-0.456827 -6.13468
-0.452753 -6.13453
-0.448679 -6.13438
-0.448033 -6.13423
-0.447313 -6.13448
-0.446618 -6.13447
-0.446093 -6.13388
-0.445359 -6.13398
-0.440099 -6.13215
-0.434839 -6.13031
-0.429579 -6.12848
-0.429134 -6.12779
-0.423596 -6.12561
-0.418058 -6.12344
-0.412519 -6.12126
-0.411868 -6.12091
-0.411055 -6.12083
-0.410668 -6.12006
-0.409802 -6.11999
-0.409337 -6.11938
-0.408885 -6.11878
-0.408108 -6.11849
-0.407448 -6.11804
-0.406881 -6.1175
-0.406726 -6.11669
-0.406455 -6.11599
-0.405866 -6.11543
-0.406076 -6.11454
-0.405774 -6.11387
-0.404937 -6.1133
-0.404967 -6.11251
-0.40508 -6.11174
-0.405101 -6.11099
-0.404856 -6.11064
-0.400945 -6.11093
-0.396945 -6.11058
-0.392945 -6.11023
-0.384947 -6.11037
-0.380949 -6.11061
-0.37695 -6.11085
-0.37295 -6.11056
-0.368951 -6.11027
-0.364952 -6.11045
-0.360953 -6.11063
-0.356954 -6.1108
-0.352955 -6.11097
-0.348956 -6.11071
-0.344956 -6.11046
-0.340957 -6.11057
-0.336958 -6.11068
-0.332959 -6.1106
-0.32896 -6.11053
-0.324961 -6.11073
-0.320962 -6.11094
-0.316962 -6.11066
-0.312963 -6.11039
-0.304965 -6.11049
-0.300966 -6.1106
-0.296967 -6.11072
-0.288968 -6.11058
-0.28097 -6.1106
-0.276971 -6.11075
-0.272972 -6.11089
-0.268973 -6.11072
-0.264973 -6.11054
-0.260974 -6.1108
-0.256976 -6.11106
-0.248977 -6.11093
-0.240979 -6.11085
-0.236979 -6.1107
-0.23298 -6.11055
-0.224982 -6.11072
-0.216984 -6.11078
-0.208986 -6.11089
-0.204986 -6.11075
-0.200987 -6.11061
-0.192989 -6.11056
-0.18899 -6.11085
-0.184991 -6.11115
-0.180992 -6.11084
-0.176992 -6.11054
-0.168994 -6.11056
-0.164995 -6.11077
-0.160996 -6.11099
-0.156997 -6.11114
-0.152998 -6.1113
-0.148999 -6.11102
-0.144999 -6.11073
-0.137001 -6.11058
-0.133002 -6.11083
-0.129003 -6.11107
-0.125004 -6.11091
-0.121004 -6.11075
-0.117005 -6.11086
-0.113006 -6.11097
-0.109007 -6.1112
-0.105009 -6.11143
-0.101009 -6.11117
-0.0970095 -6.11092
-0.0890112 -6.11092
-0.0810128 -6.11086
-0.077014 -6.11102
-0.0730151 -6.11119
-0.0690157 -6.11103
-0.0650163 -6.11088
-0.0610174 -6.11103
-0.0570185 -6.11119
-0.0530191 -6.11102
-0.0490197 -6.11085
-0.0410213 -6.11079
-0.0370224 -6.111
-0.0330236 -6.11121
-0.0250252 -6.11115
-0.0170272 -6.11132
-0.0130277 -6.1111
-0.00902819 -6.11087
-0.00502957 -6.11121
-0.00103095 -6.11155
0.00296855 -6.11132
0.00696805 -6.11109
0.0149662 -6.11119
0.0229646 -6.11115
0.0269634 -6.11134
0.0309622 -6.11154
0.0349615 -6.11146
0.0389608 -6.11138
0.0469591 -6.11137
0.0509585 -6.11122
0.0549579 -6.11107
0.062956 -6.11115
0.0669553 -6.11106
0.0709546 -6.11097
0.0789529 -6.11096
0.0829515 -6.11133
0.0869501 -6.11169
0.0909498 -6.11135
0.0949494 -6.11101
0.0989482 -6.11127
0.102947 -6.11153
0.106946 -6.11143
0.110946 -6.11133
0.114944 -6.11152
0.118943 -6.11171
0.122943 -6.11151
0.126942 -6.1113
0.130941 -6.1115
0.13494 -6.1117
0.138939 -6.1116
0.142938 -6.1115
0.150937 -6.11145
0.154936 -6.11126
0.158936 -6.11108
0.162934 -6.11133
0.166933 -6.11158
0.170933 -6.11147
0.174932 -6.11136
0.178931 -6.11148
0.18293 -6.1116
0.190928 -6.11168
0.198926 -6.11174
0.206925 -6.11163
0.210924 -6.11177
0.214922 -6.11192
0.218922 -6.11157
0.222922 -6.11121
0.226921 -6.11143
0.230919 -6.11166
0.234919 -6.11153
0.238918 -6.11141
0.242917 -6.11132
0.246917 -6.11123
0.250916 -6.11142
0.254914 -6.1116
0.262913 -6.11153
0.270911 -6.11159
0.27891 -6.11146
0.286908 -6.11159
0.294906 -6.11146
0.298905 -6.11171
0.302904 -6.11196
0.310902 -6.11186
0.314902 -6.11163
0.318901 -6.1114
0.3229 -6.11173
0.326898 -6.11206
0.330898 -6.11195
0.334897 -6.11184
0.338896 -6.11197
0.342895 -6.11209
0.346895 -6.11185
0.350894 -6.1116
0.354893 -6.1117
0.358892 -6.1118
0.36689 -6.11194
0.370889 -6.11183
0.374889 -6.11172
0.382887 -6.11171
0.390885 -6.11173
0.394885 -6.11161
0.398884 -6.11149
0.402883 -6.11169
0.406882 -6.11189
0.410881 -6.11203
0.41488 -6.11217
0.418879 -6.11197
0.422878 -6.11177
0.426877 -6.11193
0.430876 -6.11209
0.438874 -6.11215
0.442874 -6.11187
0.446874 -6.11159
0.450872 -6.1118
0.454871 -6.11202
0.45887 -6.11214
0.462869 -6.11225
0.470868 -6.11221
0.478866 -6.11232
0.482865 -6.11213
0.486865 -6.11194
0.494863 -6.11185
0.498862 -6.11208
0.502861 -6.1123
0.50686 -6.11211
0.510859 -6.11192
0.514858 -6.11209
0.518857 -6.11226
0.522857 -6.11195
0.526857 -6.11163
0.534855 -6.11165
0.542853 -6.11174
0.546852 -6.11186
0.550851 -6.11197
0.558849 -6.11204
0.562848 -6.11218
0.566847 -6.11233
0.570846 -6.11212
0.574846 -6.11191
0.578845 -6.11182
0.582844 -6.11172
0.586843 -6.112
0.590842 -6.11228
0.594841 -6.11212
0.598841 -6.11197
0.60284 -6.11215
0.606838 -6.11234
0.610838 -6.1122
0.614837 -6.11206
0.622835 -6.11203
0.626835 -6.11191
0.630834 -6.11179
0.634833 -6.11212
0.638831 -6.11245
0.642831 -6.11226
0.64683 -6.11206
0.654829 -6.11211
0.658827 -6.11223
0.662826 -6.11234
0.670825 -6.11239
0.678823 -6.11231
0.682822 -6.11215
0.686822 -6.112
0.69482 -6.11205
0.698819 -6.11215
0.702818 -6.11224
0.706817 -6.11234
0.710816 -6.11245
0.718814 -6.11241
0.726813 -6.11228
0.730812 -6.11243
0.734811 -6.11258
0.742809 -6.11244
0.750807 -6.1126
0.754807 -6.11242
0.758806 -6.11223
0.762805 -6.11247
0.766804 -6.1127
0.774802 -6.11257
0.7828 -6.11267
0.790799 -6.11262
0.794798 -6.11238
0.798798 -6.11215
0.802797 -6.1124
0.806795 -6.11265
0.814794 -6.11255
0.822792 -6.11243
0.826791 -6.1126
0.83079 -6.11277
0.838789 -6.11265
0.846787 -6.11273
0.850786 -6.11253
0.854786 -6.11233
0.862784 -6.11223
0.866783 -6.11251
0.870781 -6.1128
0.87878 -6.11287
0.882779 -6.11254
0.886779 -6.1122
0.890778 -6.11241
0.894777 -6.11262
0.902775 -6.11278
0.906774 -6.11251
0.910774 -6.11225
0.914772 -6.11261
0.918771 -6.11298
0.92277 -6.1129
0.92677 -6.11282
0.930769 -6.11256
0.934769 -6.1123
0.938767 -6.11266
0.942766 -6.11302
0.946765 -6.11287
0.950765 -6.11272
0.958763 -6.11268
0.966761 -6.11282
0.974759 -6.113
0.978758 -6.11288
0.982758 -6.11276
0.986757 -6.11265
0.990756 -6.11254
0.994755 -6.11283
0.998754 -6.11312
1.00675 -6.11304
1.01475 -6.11313
1.01875 -6.11276
1.02275 -6.11238
1.03075 -6.11239
1.03875 -6.11254
1.04274 -6.11274
1.04674 -6.11294
1.05474 -6.11286
1.06274 -6.11278
1.06674 -6.11298
1.07074 -6.11319
1.07474 -6.11303
1.07874 -6.11287
1.08674 -6.11288
1.09073 -6.11297
1.09473 -6.11306
1.10273 -6.11309
1.11073 -6.113
1.11873 -6.11301
1.12273 -6.1131
1.12673 -6.1132
1.13073 -6.11288
1.13473 -6.11257
1.13872 -6.11281
1.14272 -6.11305
1.15072 -6.11294
1.15472 -6.11308
1.15872 -6.11323
1.16272 -6.11313
1.16672 -6.11302
1.17072 -6.11291
1.17472 -6.1128
1.17872 -6.1129
1.18271 -6.113
1.18671 -6.1132
1.19071 -6.1134
1.19871 -6.11339
1.20271 -6.11318
1.20671 -6.11298
1.21071 -6.11321
1.21471 -6.11344
1.21871 -6.11313
1.22271 -6.11282
1.22671 -6.11304
1.2307 -6.11325
1.2347 -6.11315
1.2387 -6.11305
1.2427 -6.11317
1.2467 -6.11329
1.2507 -6.11317
1.2547 -6.11306
1.2587 -6.11324
1.2627 -6.11342
1.2707 -6.11335
1.27469 -6.11314
1.27869 -6.11294
1.28269 -6.11325
1.28669 -6.11357
1.29069 -6.11348
1.29469 -6.11339
1.30269 -6.11343
1.31069 -6.11349
1.31469 -6.11326
1.31869 -6.11303
1.32668 -6.11308
1.33068 -6.11329
1.33468 -6.11349
1.33868 -6.11333
1.34268 -6.11316
1.35068 -6.11312
1.35468 -6.11326
1.35868 -6.11339
1.36268 -6.1132
1.36668 -6.11302
1.37067 -6.11326
1.37467 -6.1135
1.38267 -6.11357
1.39067 -6.11359
1.39867 -6.11352
1.40667 -6.11339
1.41466 -6.11344
1.42266 -6.11331
1.42666 -6.11317
1.43066 -6.11303
1.43466 -6.11328
1.43866 -6.11353
1.44666 -6.11341
1.45066 -6.11356
1.45466 -6.11371
1.45866 -6.11345
1.46265 -6.11318
1.46665 -6.11335
1.47065 -6.11351
1.47865 -6.1136
1.48665 -6.11377
1.49065 -6.11356
1.49465 -6.11334
1.50265 -6.11331
1.51064 -6.11339
1.51864 -6.1135
1.52264 -6.11336
1.52664 -6.11322
1.53064 -6.11345
1.53464 -6.11367
1.54264 -6.11383
1.54664 -6.11372
1.55064 -6.1136
1.55463 -6.11379
1.55863 -6.11398
1.56263 -6.11375
1.56663 -6.11351
1.57063 -6.11339
1.57463 -6.11327
1.57863 -6.11348
1.58263 -6.11369
1.58663 -6.11381
1.59063 -6.11393
1.59862 -6.11395
1.60262 -6.11369
1.60662 -6.11344
1.61462 -6.11356
1.61862 -6.11349
1.62262 -6.11341
1.62662 -6.11358
1.63062 -6.11376
1.63862 -6.11385
1.64262 -6.11395
1.64661 -6.11404
1.65061 -6.11373
1.65461 -6.11341
1.65861 -6.11356
1.66261 -6.11371
1.67061 -6.11361
1.67861 -6.11375
1.68261 -6.11361
1.68661 -6.11348
1.69061 -6.11363
1.6946 -6.11379
1.6986 -6.11369
1.7026 -6.1136
1.7106 -6.11367
1.7186 -6.11368
1.7226 -6.1136
1.7266 -6.11351
1.7306 -6.1136
1.7346 -6.11369
1.73859 -6.11394
1.74259 -6.11419
1.74659 -6.1139
1.75059 -6.11361
1.75459 -6.11383
1.75859 -6.11406
1.76259 -6.11391
1.76659 -6.11377
1.77059 -6.11393
1.77459 -6.11408
1.77859 -6.11388
1.78259 -6.11367
1.78658 -6.11396
1.79058 -6.11425
1.79458 -6.11399
1.79858 -6.11372
1.80258 -6.11398
1.80658 -6.11423
1.81058 -6.11403
1.81458 -6.11382
1.81858 -6.11411
1.82258 -6.1144
1.82658 -6.11425
1.83058 -6.1141
1.83457 -6.11387
1.83857 -6.11365
1.84257 -6.11387
1.84657 -6.1141
1.85057 -6.11398
1.85457 -6.11386
1.85857 -6.11404
1.86257 -6.11423
1.86657 -6.11402
1.87057 -6.11381
1.87457 -6.11398
1.87856 -6.11415
1.88256 -6.11431
1.88656 -6.11447
1.89056 -6.11433
1.89456 -6.11419
1.90256 -6.1141
1.91056 -6.11413
1.91456 -6.11395
1.91856 -6.11378
1.92256 -6.11407
1.92655 -6.11435
1.93055 -6.11426
1.93455 -6.11417
1.93855 -6.11429
1.94255 -6.11441
1.95055 -6.11431
1.95455 -6.11418
1.95855 -6.11404
1.96255 -6.11427
1.96655 -6.11449
1.97454 -6.11445
1.98253 -6.11406
1.98749 -6.11429
1.99243 -6.1139
1.99735 -6.11346
2.00225 -6.11263
2.00693 -6.11098
2.01169 -6.10972
2.01649 -6.10848
2.02101 -6.10647
2.02831 -6.10326
2.03575 -6.1004
2.04301 -6.0971
2.05051 -6.09435
2.05786 -6.09127
2.06525 -6.08826
2.07265 -6.08531
2.08002 -6.08225
2.08729 -6.07897
2.09456 -6.07569
2.10194 -6.07268
2.10931 -6.06965
2.11664 -6.06649
2.124 -6.06345
2.13143 -6.06054
2.13873 -6.05733
2.14254 -6.05611
2.14635 -6.05489
2.15365 -6.05169
2.16101 -6.04861
2.16828 -6.04533
2.17583 -6.04272
2.18319 -6.03966
2.19038 -6.03619
2.1978 -6.03326
2.20514 -6.03014
2.21238 -6.02679
2.21982 -6.02393
2.2273 -6.02116
2.23452 -6.01775
2.24183 -6.01457
2.24944 -6.01211
2.25673 -6.00887
2.26389 -6.00531
2.27144 -6.0027
2.27862 -5.99921
2.28602 -5.99624
2.29341 -5.99323
2.30087 -5.99042
2.30831 -5.98755
2.31556 -5.98423
2.32307 -5.98152
2.33021 -5.97792
2.33771 -5.9752
2.34496 -5.97186
2.35246 -5.96914
2.35984 -5.96612
2.36723 -5.96312
2.37446 -5.95974
2.3818 -5.95662
2.38935 -5.95402
2.39289 -5.95216
2.39644 -5.9503
2.40383 -5.9473
2.41131 -5.94453
2.41853 -5.94113
2.4259 -5.9381
2.43336 -5.93528
2.44087 -5.93257
2.44812 -5.92924
2.45546 -5.92611
2.46283 -5.92308
2.47029 -5.92025
2.4775 -5.91683
2.48486 -5.91377
2.49238 -5.91109
2.49974 -5.90802
2.50707 -5.90488
2.51445 -5.90185
2.52175 -5.89865
2.52919 -5.89579
2.53651 -5.89262
2.54373 -5.88922
2.55121 -5.88644
2.55843 -5.88304
2.56582 -5.88005
2.57317 -5.87696
2.58061 -5.87408
2.58798 -5.87104
2.59522 -5.86768
2.60264 -5.86476
2.60993 -5.86153
2.61741 -5.85876
2.62488 -5.85596
2.63225 -5.85291
2.63965 -5.84994
2.64676 -5.84628
2.65429 -5.84361
2.66163 -5.8405
2.66892 -5.83727
2.67635 -5.83437
2.6838 -5.83154
2.69095 -5.82795
2.69833 -5.82495
2.70569 -5.82187
2.71319 -5.81913
2.72062 -5.81624
2.72803 -5.81327
2.73181 -5.81101
2.73595 -5.80948
2.73944 -5.80678
2.74334 -5.8048
2.74678 -5.80209
2.75062 -5.79993
2.7537 -5.79679
2.75738 -5.79436
2.76316 -5.78887
2.7689 -5.78335
2.7747 -5.7779
2.78075 -5.77271
2.7867 -5.76741
2.79218 -5.76161
2.79816 -5.75634
2.80391 -5.75083
2.80978 -5.74545
2.81598 -5.74043
2.82181 -5.735
2.82728 -5.72918
2.83351 -5.72419
2.83912 -5.71852
2.84493 -5.71308
2.85109 -5.70801
2.85678 -5.70243
2.86248 -5.69686
2.86845 -5.69159
2.87436 -5.68625
2.88013 -5.68076
2.88608 -5.67547
2.89187 -5.67
2.89788 -5.66477
2.90379 -5.65943
2.90941 -5.65377
2.91561 -5.64875
2.92115 -5.64301
2.92715 -5.63776
2.93303 -5.63239
2.93908 -5.62721
2.94453 -5.62137
2.95068 -5.61629
2.95657 -5.61094
2.96248 -5.60559
2.96841 -5.60028
2.97392 -5.5945
2.97999 -5.58933
2.98576 -5.58385
2.99178 -5.57863
2.99768 -5.57328
3.00344 -5.56777
3.00905 -5.56211
3.01501 -5.55682
3.02117 -5.55176
3.02691 -5.54624
3.03277 -5.54084
3.03859 -5.5354
3.04415 -5.52969
3.05032 -5.52463
3.056 -5.51905
3.06213 -5.51394
3.06787 -5.50842
3.0735 -5.50277
3.07966 -5.4977
3.08526 -5.49203
3.09133 -5.48687
3.09702 -5.48129
3.10286 -5.47587
3.10893 -5.4707
3.11449 -5.46499
3.12083 -5.46012
3.12642 -5.45443
3.13232 -5.44908
3.13803 -5.44352
3.14413 -5.43839
3.14991 -5.43291
3.15575 -5.42749
3.1618 -5.42231
3.16765 -5.41691
3.17315 -5.41112
3.17912 -5.40585
3.18524 -5.40074
3.19079 -5.39501
3.19664 -5.38961
3.20271 -5.38444
3.20854 -5.37901
3.21441 -5.37363
3.22019 -5.36815
3.22633 -5.36306
3.23178 -5.35722
3.23765 -5.35184
3.24372 -5.34667
3.24938 -5.34106
3.25557 -5.33603
3.26108 -5.33026
3.26695 -5.32487
3.27309 -5.31978
3.279 -5.31445
3.28462 -5.30879
3.29058 -5.3035
3.29633 -5.29799
3.30206 -5.29246
3.30828 -5.28746
3.31416 -5.28209
3.32 -5.27667
3.32564 -5.27104
3.33153 -5.26568
3.33726 -5.26015
3.34303 -5.25465
3.34913 -5.24952
3.3548 -5.24392
3.36102 -5.23892
3.36678 -5.23342
3.37282 -5.22821
3.37841 -5.22253
3.38453 -5.21742
3.39009 -5.2117
3.39583 -5.20617
3.40203 -5.20116
3.40785 -5.19572
3.41348 -5.19007
3.41944 -5.18479
3.42532 -5.17941
3.43131 -5.17416
3.43716 -5.16876
3.44266 -5.16298
3.44857 -5.15763
3.45439 -5.1522
3.46063 -5.14723
3.46661 -5.14194
3.46941 -5.13816
3.47301 -5.13515
3.47587 -5.13147
3.47881 -5.12786
3.48142 -5.124
3.48404 -5.12015
3.48605 -5.11594
3.48845 -5.11195
3.49021 -5.10764
3.49221 -5.10343
3.49336 -5.0989
3.49539 -5.09463
3.49622 -5.09005
3.49699 -5.08546
3.49771 -5.08086
3.49837 -5.07624
3.49885 -5.0716
3.4983 -5.06693
3.49839 -5.05896
3.49816 -5.051
3.49867 -5.04303
3.4986 -5.03507
3.49802 -5.02711
3.49795 -5.01914
3.49763 -5.01118
3.49804 -5.00321
3.4982 -4.99524
3.49784 -4.98728
3.49726 -4.97932
3.49759 -4.97135
3.49767 -4.96339
3.49722 -4.95543
3.49735 -4.94746
3.49736 -4.93949
3.49704 -4.93153
3.49708 -4.92356
3.49683 -4.9156
3.49678 -4.90764
3.49685 -4.89967
3.49686 -4.89171
3.49684 -4.88374
3.49605 -4.87578
3.4959 -4.86782
3.49599 -4.85985
3.49584 -4.85189
3.49617 -4.84392
3.49577 -4.83596
3.4955 -4.828
3.49578 -4.82003
3.49568 -4.81206
3.49553 -4.8041
3.49579 -4.79613
3.49529 -4.78817
3.49554 -4.7802
3.49544 -4.77224
3.4947 -4.7643
3.49488 -4.75905
3.49415 -4.75389
3.49324 -4.74875
3.49296 -4.74346
3.49145 -4.73846
3.48974 -4.73352
3.48767 -4.72872
3.48621 -4.72365
3.48351 -4.71916
3.48087 -4.71469
3.47797 -4.71034
3.47516 -4.70597
3.47204 -4.70176
3.46883 -4.69761
3.46476 -4.6943
3.46127 -4.69038
3.45525 -4.68513
3.4491 -4.68002
3.44321 -4.67461
3.4401 -4.67209
3.43699 -4.66958
3.43109 -4.66418
3.42499 -4.65902
3.41916 -4.65354
3.4163 -4.65074
3.41344 -4.64794
3.41023 -4.64554
3.40701 -4.64314
3.40426 -4.64022
3.40151 -4.6373
3.39535 -4.63219
3.38935 -4.62691
3.38318 -4.62182
3.37719 -4.61653
3.3712 -4.61124
3.36506 -4.60611
3.35922 -4.60065
3.35638 -4.59782
3.35355 -4.595
3.34739 -4.58989
3.34425 -4.58742
3.3411 -4.58494
3.33522 -4.57952
3.32918 -4.57428
3.32634 -4.57146
3.3235 -4.56864
3.31753 -4.56332
3.31435 -4.56089
3.31116 -4.55846
3.30837 -4.55558
3.30558 -4.55271
3.29956 -4.54745
3.29634 -4.54506
3.29312 -4.54266
3.29029 -4.53982
3.28747 -4.53698
3.28435 -4.53448
3.28122 -4.53198
3.27833 -4.52922
3.27544 -4.52645
3.26933 -4.5213
3.26622 -4.51878
3.26312 -4.51625
3.26032 -4.51338
3.25753 -4.51051
3.25135 -4.50542
3.24517 -4.50034
3.23933 -4.49488
3.23348 -4.48943
3.23031 -4.48698
3.22714 -4.48454
3.22425 -4.48177
3.22136 -4.47901
3.21553 -4.47353
3.20953 -4.46824
3.20634 -4.46582
3.20314 -4.4634
3.20037 -4.4605
3.1976 -4.4576
3.19149 -4.45245
3.18529 -4.44739
3.17914 -4.44228
3.17317 -4.43697
3.16725 -4.43159
3.16439 -4.42893
3.16468 -4.42857
3.16504 -4.42792
3.16562 -4.4274
3.16616 -4.42684
3.16619 -4.42602
3.16637 -4.4253
3.16647 -4.42457
3.16714 -4.42399
3.1668 -4.42317
3.16753 -4.42252
3.16775 -4.42178
3.16771 -4.42101
3.16727 -4.42028
3.16723 -4.41955
3.16692 -4.41885
3.16612 -4.41368
3.16531 -4.40851
3.16494 -4.40787
3.16501 -4.40711
3.16457 -4.40652
3.16439 -4.40584
3.16455 -4.40495
3.16416 -4.40432
3.1634 -4.40397
3.16316 -4.40325
3.1624 -4.40297
3.15725 -4.39693
3.1521 -4.39089
3.14696 -4.38485
3.14652 -4.38426
3.14342 -4.38142
3.14032 -4.37857
3.14005 -4.37789
3.1398 -4.37712
3.13919 -4.37679
3.13867 -4.37632
3.13796 -4.3762
3.13303 -4.37357
3.12811 -4.37094
3.12318 -4.36832
3.12253 -4.36827
3.11554 -4.36449
3.10856 -4.3607
3.10157 -4.35692
3.10083 -4.3567
3.10004 -4.3567
3.09948 -4.35599
3.09876 -4.35572
3.09796 -4.35591
3.09725 -4.35548
3.09648 -4.35564
3.09574 -4.35582
3.09497 -4.35547
3.09419 -4.35539
3.09355 -4.35603
3.0929 -4.35642
3.09209 -4.3563
3.09136 -4.35647
3.0907 -4.35681
3.09013 -4.3573
3.08921 -4.35723
3.08872 -4.35785
3.08812 -4.3583
3.08748 -4.35871
3.08715 -4.35942
3.08663 -4.35995
3.08658 -4.35998
3.08355 -4.3573
3.07769 -4.35186
3.07155 -4.34673
3.06844 -4.34422
3.06532 -4.34172
3.05938 -4.33637
3.05353 -4.33091
3.04761 -4.32554
3.04176 -4.32009
3.0356 -4.31499
3.02957 -4.30974
3.02347 -4.30456
3.01758 -4.29916
3.01176 -4.29368
3.00565 -4.28852
2.99971 -4.28317
2.99373 -4.27786
2.98759 -4.27274
2.98444 -4.27027
2.98129 -4.2678
2.97531 -4.2625
2.96937 -4.25714
2.96347 -4.25175
2.95737 -4.24658
2.9515 -4.24115
2.94569 -4.23565
2.93971 -4.23035
2.9366 -4.22784
2.93348 -4.22533
2.92752 -4.22001
2.92149 -4.21475
2.91861 -4.21197
2.91573 -4.20919
2.91259 -4.20672
2.90945 -4.20424
2.90336 -4.19905
2.89747 -4.19365
2.89156 -4.18826
2.88562 -4.18291
2.87945 -4.17782
2.87339 -4.17261
2.8705 -4.16984
2.86762 -4.16707
2.86143 -4.16199
2.85546 -4.15668
2.85259 -4.1539
2.84972 -4.15111
2.84659 -4.14861
2.84347 -4.14611
2.84066 -4.14325
2.83785 -4.14039
2.83172 -4.13526
2.82578 -4.12991
2.81963 -4.1248
2.81674 -4.12204
2.81385 -4.11927
2.81074 -4.11675
2.80763 -4.11424
2.80161 -4.10897
2.79579 -4.10349
2.79265 -4.10101
2.7895 -4.09853
2.78663 -4.09575
2.78375 -4.09297
2.77755 -4.08791
2.77473 -4.08507
2.77191 -4.08223
2.76579 -4.07708
2.75973 -4.07186
2.75364 -4.06668
2.74776 -4.06126
2.74178 -4.05597
2.73581 -4.05065
2.72989 -4.04527
2.72369 -4.04022
2.71777 -4.03485
2.71161 -4.02974
2.70554 -4.02454
2.70266 -4.02176
2.69979 -4.01898
2.69666 -4.01649
2.69352 -4.01399
2.68767 -4.00854
2.68168 -4.00326
2.67573 -3.99792
2.66972 -3.99265
2.66384 -3.98722
2.65798 -3.98179
2.65183 -3.97668
2.64573 -3.9715
2.64286 -3.96872
2.63998 -3.96594
2.63398 -3.96066
2.6308 -3.95822
2.62762 -3.95578
2.62477 -3.95298
2.62191 -3.95017
2.61872 -3.94774
2.61553 -3.94532
2.60965 -3.93991
2.6036 -3.93467
2.59759 -3.92941
2.59176 -3.92393
2.58594 -3.91844
2.58275 -3.91602
2.57956 -3.9136
2.57673 -3.91076
2.5739 -3.90793
2.56785 -3.9027
2.56182 -3.89746
2.55575 -3.89225
2.55291 -3.88943
2.55006 -3.88662
2.54686 -3.8842
2.54366 -3.88179
2.53766 -3.87651
2.53477 -3.87374
2.53188 -3.87097
2.52569 -3.86591
2.51984 -3.86046
2.51672 -3.85795
2.51361 -3.85544
2.51072 -3.85267
2.50783 -3.8499
2.50471 -3.84739
2.50159 -3.84489
2.49871 -3.84212
2.49582 -3.83935
2.48964 -3.83427
2.48685 -3.83139
2.48406 -3.82851
2.47805 -3.82324
2.47489 -3.82079
2.47172 -3.81834
2.46886 -3.81553
2.466 -3.81273
2.46009 -3.80735
2.45407 -3.80209
2.45094 -3.7996
2.44782 -3.7971
2.44177 -3.79186
2.43586 -3.78649
2.42988 -3.78118
2.42381 -3.77597
2.41793 -3.77056
2.41205 -3.76514
2.40587 -3.76007
2.4 -3.75463
2.39398 -3.74938
2.38815 -3.7439
2.38497 -3.74146
2.38179 -3.73902
2.37585 -3.73368
2.36994 -3.72829
2.36402 -3.72292
2.36089 -3.72042
2.35777 -3.71792
2.35188 -3.71252
2.34596 -3.70714
2.33995 -3.70187
2.33375 -3.69681
2.32787 -3.6914
2.32504 -3.68856
2.32222 -3.68572
2.31624 -3.68041
2.31004 -3.67535
2.30387 -3.67027
2.29787 -3.66499
2.29179 -3.65979
2.2889 -3.65703
2.28601 -3.65426
2.2799 -3.6491
2.27401 -3.64369
2.26812 -3.63829
2.26199 -3.63316
2.25609 -3.62776
2.25294 -3.62529
2.2498 -3.62281
2.24697 -3.61997
2.24415 -3.61713
2.23798 -3.61204
2.23183 -3.60692
2.229 -3.6041
2.22616 -3.60127
2.22003 -3.59613
2.21409 -3.59078
2.20823 -3.58534
2.20218 -3.58012
2.19904 -3.57763
2.19591 -3.57515
2.18993 -3.56984
2.18408 -3.56439
2.17805 -3.55914
2.17201 -3.5539
2.1659 -3.54875
2.16011 -3.54323
2.15428 -3.53775
2.15108 -3.53534
2.14787 -3.53293
2.14504 -3.5301
2.14221 -3.52726
2.13904 -3.52481
2.13587 -3.52237
2.13312 -3.51945
2.13036 -3.51653
2.12716 -3.51412
2.12395 -3.51172
2.11814 -3.50622
2.11502 -3.50371
2.1119 -3.50121
2.10593 -3.49589
2.10308 -3.49308
2.10022 -3.49027
2.09706 -3.48782
2.0939 -3.48536
2.09109 -3.48251
2.08827 -3.47966
2.08232 -3.47432
2.07918 -3.47184
2.07604 -3.46936
2.06989 -3.46424
2.06704 -3.46143
2.06419 -3.45862
2.05798 -3.45357
2.05512 -3.45078
2.05225 -3.44799
2.04911 -3.44551
2.04596 -3.44303
2.04017 -3.43751
2.03412 -3.43229
2.03126 -3.42949
2.02841 -3.42668
2.02238 -3.42143
2.01923 -3.41896
2.01608 -3.41649
2.01324 -3.41367
2.0104 -3.41084
2.00723 -3.40839
2.00407 -3.40594
1.99814 -3.40058
1.99231 -3.3951
1.98613 -3.39003
1.98006 -3.38482
1.97723 -3.38198
1.97441 -3.37914
1.97124 -3.3767
1.96807 -3.37425
1.96203 -3.36901
1.95599 -3.36377
1.9532 -3.36089
1.95042 -3.358
1.94436 -3.35279
1.93825 -3.34764
1.93511 -3.34515
1.93198 -3.34266
1.92915 -3.33982
1.92633 -3.33698
1.92028 -3.33175
1.91438 -3.32635
1.90821 -3.32126
1.90225 -3.31593
1.8963 -3.31059
1.89019 -3.30544
1.88427 -3.30007
1.88138 -3.2973
1.87849 -3.29453
1.87538 -3.29202
1.87227 -3.2895
1.86627 -3.28422
1.86026 -3.27895
1.85416 -3.27378
1.84822 -3.26843
1.84533 -3.26567
1.84244 -3.2629
1.83643 -3.25763
1.83027 -3.25252
1.82445 -3.24704
1.81836 -3.24187
1.81525 -3.23935
1.81214 -3.23683
1.80606 -3.23164
1.80007 -3.22634
1.79409 -3.22104
1.78821 -3.21563
1.78538 -3.21279
1.78254 -3.20996
1.77648 -3.20476
1.77051 -3.19943
1.76732 -3.19701
1.76413 -3.19458
1.75825 -3.18916
1.75537 -3.18639
1.75249 -3.18361
1.74937 -3.18111
1.74624 -3.17861
1.74026 -3.17331
1.73445 -3.16782
1.72855 -3.16242
1.72262 -3.15706
1.7165 -3.15191
1.71059 -3.14652
1.70452 -3.14132
1.70134 -3.13889
1.69815 -3.13645
1.69537 -3.13357
1.69259 -3.13068
1.68664 -3.12534
1.68047 -3.12025
1.67447 -3.11497
1.6684 -3.10976
1.66252 -3.10435
1.6594 -3.10185
1.65628 -3.09934
1.65342 -3.09654
1.65056 -3.09374
1.64739 -3.09129
1.64422 -3.08884
1.6382 -3.08358
1.63534 -3.08078
1.63248 -3.07799
1.62649 -3.07269
1.6203 -3.06763
1.6143 -3.06234
1.61149 -3.05948
1.60868 -3.05662
1.60265 -3.05138
1.59657 -3.04619
1.59342 -3.04372
1.59026 -3.04125
1.5875 -3.03835
1.58473 -3.03544
1.58161 -3.03294
1.57849 -3.03044
1.57263 -3.02499
1.56663 -3.01971
1.56348 -3.01724
1.56033 -3.01476
1.55751 -3.01192
1.55468 -3.00908
1.55151 -3.00664
1.54834 -3.0042
1.54224 -2.99902
1.53935 -2.99625
1.53647 -2.99348
1.53053 -2.98813
1.52471 -2.98264
1.51876 -2.97731
1.51266 -2.97214
1.50646 -2.96708
1.50065 -2.96159
1.49748 -2.95913
1.49432 -2.95668
1.48836 -2.95135
1.4824 -2.94602
1.47953 -2.94323
1.47666 -2.94044
1.47075 -2.93506
1.4648 -2.92972
1.46162 -2.92729
1.45843 -2.92485
1.45562 -2.922
1.45281 -2.91915
1.44679 -2.91389
1.44076 -2.90863
1.43459 -2.90355
1.42857 -2.89829
1.42244 -2.89316
1.41665 -2.88764
1.41072 -2.88227
1.40473 -2.87698
1.4016 -2.87448
1.39848 -2.87198
1.39266 -2.8665
1.38931 -2.86378
1.38968 -2.86336
1.39029 -2.8629
1.39084 -2.86237
1.39117 -2.86171
1.39147 -2.86103
1.39144 -2.86024
1.39221 -2.85972
1.39218 -2.85895
1.39232 -2.85823
1.39257 -2.85752
1.39224 -2.85676
1.39292 -2.85603
1.39276 -2.85529
1.3927 -2.85454
1.39238 -2.85384
1.39131 -2.84872
1.39024 -2.8436
1.39023 -2.84288
1.39013 -2.84217
1.39015 -2.84138
1.3898 -2.84074
1.38927 -2.8402
1.38913 -2.83945
1.38887 -2.83874
1.38503 -2.83351
1.38118 -2.82828
1.37734 -2.82305
1.3735 -2.81782
1.36966 -2.81259
1.36963 -2.81164
1.36914 -2.81105
1.36842 -2.8107
1.36791 -2.81014
1.36706 -2.81003
1.36667 -2.80927
1.36612 -2.80871
1.36547 -2.80832
1.35983 -2.80559
1.35418 -2.80286
1.34853 -2.80013
1.34289 -2.79739
1.34237 -2.79669
1.34164 -2.7965
1.34093 -2.79627
1.33518 -2.79478
1.32943 -2.7933
1.32369 -2.79181
1.32299 -2.79151
1.32221 -2.79172
1.32151 -2.79121
1.32075 -2.79101
1.32003 -2.7916
1.31929 -2.79154
1.31859 -2.79175
1.31768 -2.79119
1.31706 -2.79177
1.31648 -2.79232
1.31561 -2.79219
1.31486 -2.7924
1.31421 -2.79281
1.31362 -2.79329
1.31316 -2.79392
1.3124 -2.7942
1.31213 -2.79498
1.3114 -2.79534
1.31139 -2.79536
1.30845 -2.79278
1.30259 -2.78735
1.29652 -2.78214
1.29366 -2.77935
1.29079 -2.77655
1.28492 -2.77113
1.27883 -2.76595
1.27282 -2.76067
1.26663 -2.7556
1.26378 -2.7528
1.26092 -2.74999
1.25496 -2.74467
1.2489 -2.73946
1.24569 -2.73705
1.24249 -2.73464
1.23667 -2.72915
1.23065 -2.72389
1.22781 -2.72107
1.22497 -2.71825
1.2188 -2.71316
1.21265 -2.70805
1.20686 -2.70253
1.20067 -2.69745
1.19469 -2.69215
1.18871 -2.68685
1.18252 -2.68178
1.17667 -2.67633
1.17077 -2.67093
1.16492 -2.66548
1.15897 -2.66015
1.15292 -2.65492
1.14974 -2.65248
1.14656 -2.65004
1.14052 -2.64481
1.13769 -2.64198
1.13486 -2.63914
1.13174 -2.63663
1.12862 -2.63412
1.12271 -2.62874
1.11986 -2.62593
1.11701 -2.62313
1.1138 -2.62072
1.1106 -2.61831
1.10772 -2.61553
1.10484 -2.61275
1.09895 -2.60734
1.09583 -2.60483
1.09272 -2.60233
1.08672 -2.59704
1.08077 -2.5917
1.07493 -2.58624
1.06895 -2.58094
1.06305 -2.57554
1.05701 -2.57031
1.0509 -2.56515
1.04471 -2.56008
1.0389 -2.55458
1.03299 -2.5492
1.02698 -2.54392
1.02382 -2.54147
1.02065 -2.53902
1.01786 -2.53614
1.01507 -2.53326
1.00906 -2.52799
1.00592 -2.52551
1.00278 -2.52303
0.996702 -2.51783
0.993835 -2.51504
0.990967 -2.51225
0.987851 -2.50974
0.984736 -2.50723
0.981908 -2.50439
0.97908 -2.50156
0.9729 -2.49648
0.967076 -2.491
0.961138 -2.48564
0.957889 -2.48329
0.95464 -2.48093
0.951793 -2.47811
0.948946 -2.4753
0.945805 -2.47282
0.942664 -2.47034
0.939916 -2.46741
0.937168 -2.46448
0.931155 -2.45921
0.925137 -2.45395
0.92195 -2.45152
0.918762 -2.4491
0.912802 -2.44377
0.906711 -2.43859
0.903946 -2.43568
0.901181 -2.43277
0.897947 -2.4304
0.894712 -2.42802
0.891925 -2.42514
0.889137 -2.42226
0.883047 -2.41708
0.876994 -2.41186
0.871052 -2.40651
0.867877 -2.40407
0.864703 -2.40162
0.861883 -2.39878
0.859063 -2.39593
0.853137 -2.39057
0.847029 -2.38541
0.843886 -2.38293
0.840742 -2.38045
0.837883 -2.37765
0.835024 -2.37485
0.828948 -2.36965
0.822982 -2.36433
0.819879 -2.36181
0.816775 -2.35929
0.810937 -2.35382
0.808072 -2.35103
0.805207 -2.34823
0.80206 -2.34576
0.798913 -2.34328
0.796042 -2.3405
0.793171 -2.33771
0.787063 -2.33255
0.781232 -2.32708
0.777996 -2.3247
0.77476 -2.32233
0.771913 -2.31951
0.769065 -2.3167
0.763264 -2.31119
0.760075 -2.30877
0.756885 -2.30634
0.750967 -2.30097
0.745048 -2.29559
0.739064 -2.29029
0.733146 -2.28492
0.727149 -2.27963
0.723972 -2.27719
0.720795 -2.27475
0.718019 -2.27185
0.715243 -2.26896
0.712087 -2.2665
0.708931 -2.26403
0.703141 -2.25851
0.696978 -2.25341
0.691191 -2.24789
0.688033 -2.24543
0.684876 -2.24297
0.678975 -2.23757
0.673016 -2.23224
0.666973 -2.22701
0.660879 -2.22183
0.65485 -2.21659
0.649028 -2.2111
0.643205 -2.20562
0.640082 -2.20312
0.636959 -2.20062
0.631076 -2.1952
0.625031 -2.18997
0.618935 -2.18481
0.615198 -2.18141
0.609226 -2.17611
0.602898 -2.17127
0.596707 -2.16624
0.59029 -2.16151
0.583827 -2.15683
0.580924 -2.15408
0.578021 -2.15132
0.571433 -2.1468
0.565199 -2.14183
0.559047 -2.13676
0.552641 -2.13201
0.546577 -2.12683
0.540587 -2.12156
0.534285 -2.11668
0.52811 -2.11163
0.524779 -2.10942
0.521447 -2.10721
0.51555 -2.10182
0.509382 -2.09677
0.503087 -2.09188
0.496675 -2.08713
0.49043 -2.08218
0.484292 -2.07709
0.477884 -2.07234
0.471682 -2.06733
0.465738 -2.062
0.45953 -2.057
0.45313 -2.05225
0.447023 -2.04712
0.443691 -2.04491
0.440359 -2.04269
0.43425 -2.03757
0.427928 -2.03271
0.422106 -2.02723
0.41578 -2.02237
0.409178 -2.01787
0.403244 -2.01253
0.39718 -2.00734
0.390574 -2.00285
0.384547 -1.99762
0.378387 -1.99256
0.372205 -1.98753
0.365593 -1.98303
0.359391 -1.97803
0.353521 -1.9726
0.346896 -1.96813
0.34091 -1.96285
0.334773 -1.95776
0.328306 -1.95308
0.322145 -1.94802
0.315727 -1.94329
0.309756 -1.93799
0.303446 -1.93312
0.297215 -1.92815
0.291127 -1.923
0.287787 -1.92079
0.284447 -1.91859
0.27852 -1.91324
0.272001 -1.90863
0.266165 -1.90316
0.25967 -1.89852
0.253261 -1.89378
0.247226 -1.88856
0.240769 -1.88387
0.234933 -1.8784
0.228494 -1.87369
0.222317 -1.86866
0.216002 -1.86379
0.209977 -1.85856
0.203813 -1.85351
0.197303 -1.84889
0.190989 -1.84402
0.185061 -1.83867
0.178766 -1.83378
0.172487 -1.82887
0.166209 -1.82395
0.159801 -1.81921
0.153679 -1.8141
0.147235 -1.8094
0.14118 -1.8042
0.134852 -1.79935
0.128869 -1.79407
0.122668 -1.78906
0.116097 -1.78452
0.110278 -1.77903
0.103834 -1.77433
0.0977932 -1.76912
0.0944606 -1.7669
0.091128 -1.76469
0.0849542 -1.75965
0.0786069 -1.75482
0.0727759 -1.74935
0.066294 -1.7447
0.0601522 -1.73961
0.0536789 -1.73495
0.0475156 -1.72989
0.0412307 -1.72499
0.038407 -1.72261
0.038284 -1.72281
0.0374715 -1.72312
0.0372423 -1.72394
0.0367477 -1.72454
0.0357932 -1.72459
0.0354432 -1.72539
0.0348305 -1.72587
0.0337942 -1.72557
0.0331448 -1.72591
0.0327039 -1.72682
0.031951 -1.72701
0.0311117 -1.72683
0.0303809 -1.72702
0.0296487 -1.72728
0.0288894 -1.72747
0.0281182 -1.72717
0.0234203 -1.72698
0.0187225 -1.7268
0.0180185 -1.72684
0.0173726 -1.72633
0.0166982 -1.72621
0.0159534 -1.72635
0.00943945 -1.72432
0.00292545 -1.72229
-0.00358854 -1.72026
-0.0101025 -1.71823
-0.010784 -1.71797
-0.0113666 -1.71747
-0.0119928 -1.71713
-0.0126062 -1.71677
-0.0134 -1.71671
-0.0141873 -1.71655
-0.0144192 -1.71565
-0.0153399 -1.71559
-0.015761 -1.71496
-0.0204928 -1.70942
-0.0252246 -1.70388
-0.025732 -1.70335
-0.0266703 -1.70317
-0.0269699 -1.70246
-0.0270125 -1.70162
-0.0298469 -1.69682
-0.0326814 -1.69203
-0.0355158 -1.68723
-0.0355409 -1.68645
-0.0384478 -1.68116
-0.0413547 -1.67587
-0.0442616 -1.67058
-0.044339 -1.66979
-0.0448586 -1.66919
-0.0449138 -1.66841
-0.0449607 -1.66765
-0.0452577 -1.66695
-0.0453126 -1.6662
-0.0454671 -1.66546
-0.0452662 -1.6647
-0.0449766 -1.66398
-0.0448092 -1.66326
-0.0448706 -1.66252
-0.0450649 -1.66172
-0.0446473 -1.66105
-0.0443994 -1.66035
-0.0441245 -1.65966
-0.0438001 -1.65898
-0.043442 -1.65832
-0.0427387 -1.65804
