3.38705 -4.688
3.38675 -4.68829
3.38611 -4.6887
3.38542 -4.68904
3.38489 -4.68955
3.38451 -4.69031
3.38357 -4.69022
3.38311 -4.69093
3.3823 -4.69094
3.38155 -4.69103
3.38091 -4.69146
3.38025 -4.69189
3.37943 -4.69158
3.37871 -4.69173
3.37797 -4.69172
3.37724 -4.69164
3.37653 -4.69135
3.37169 -4.69098
3.36686 -4.69062
3.36615 -4.69068
3.36555 -4.69006
3.3648 -4.69021
3.36419 -4.68982
3.35809 -4.68757
3.352 -4.68532
3.34591 -4.68307
3.33981 -4.68082
3.33927 -4.68021
3.33859 -4.67996
3.33808 -4.67939
3.33747 -4.67902
3.33694 -4.67854
3.33633 -4.67816
3.33545 -4.67803
3.33529 -4.67716
3.33501 -4.67646
3.33407 -4.67626
3.33048 -4.67067
3.32688 -4.66508
3.32329 -4.65949
3.3197 -4.6539
3.31611 -4.64831
3.31607 -4.64753
3.31571 -4.64695
3.31308 -4.64189
3.31045 -4.63684
3.30782 -4.63178
3.30781 -4.63096
3.30766 -4.63024
3.30705 -4.62967
3.30688 -4.62895
3.30708 -4.62815
3.30689 -4.62744
3.30675 -4.62672
3.30665 -4.62599
3.30638 -4.62523
3.30652 -4.62449
3.30664 -4.62374
3.30723 -4.6231
3.30708 -4.62229
3.30744 -4.62162
3.30807 -4.62108
3.30802 -4.62024
3.30831 -4.61953
3.30895 -4.61906
3.30964 -4.61865
3.30973 -4.61792
3.30681 -4.61548
3.30393 -4.6127
3.30105 -4.60992
3.298 -4.60734
3.29494 -4.60475
3.29188 -4.60218
3.28882 -4.5996
3.28299 -4.59412
3.28012 -4.59133
3.27725 -4.58854
3.2714 -4.58309
3.26833 -4.58052
3.26526 -4.57795
3.25939 -4.57252
3.25626 -4.57002
3.25313 -4.56752
3.25033 -4.56465
3.24752 -4.56179
3.24444 -4.55924
3.24136 -4.55669
3.23833 -4.55407
3.2353 -4.55146
3.23247 -4.54862
3.22964 -4.54579
3.22654 -4.54326
3.22344 -4.54072
3.22054 -4.53797
3.21764 -4.53521
3.21461 -4.5326
3.21157 -4.53
3.2057 -4.52456
3.20287 -4.52174
3.20003 -4.51891
3.1941 -4.51354
3.18824 -4.5081
3.18513 -4.50558
3.18202 -4.50305
3.17912 -4.5003
3.17622 -4.49754
3.17317 -4.49495
3.17013 -4.49236
3.16722 -4.48961
3.16431 -4.48687
3.15838 -4.48149
3.1555 -4.47872
3.15262 -4.47594
3.14954 -4.47339
3.14645 -4.47084
3.1405 -4.46549
3.13747 -4.46289
3.13443 -4.46028
3.13155 -4.45751
3.12867 -4.45473
3.12558 -4.45218
3.1225 -4.44963
3.11657 -4.44426
3.11382 -4.44133
3.11107 -4.43841
3.108 -4.43585
3.10493 -4.43328
3.10204 -4.43051
3.09916 -4.42773
3.09596 -4.42531
3.09276 -4.42289
3.08988 -4.42011
3.087 -4.41733
3.08097 -4.41207
3.07499 -4.40676
3.06905 -4.40141
3.06617 -4.39863
3.06329 -4.39585
3.05741 -4.39043
3.0543 -4.38791
3.05119 -4.38539
3.04529 -4.37998
3.04243 -4.37719
3.03956 -4.37439
3.03649 -4.37183
3.03341 -4.36927
3.03059 -4.36643
3.02777 -4.36358
3.02465 -4.36107
3.02154 -4.35855
3.01871 -4.35571
3.01588 -4.35288
3.00991 -4.34756
3.00407 -4.34209
3.001 -4.33952
2.99794 -4.33695
2.99206 -4.33152
2.98602 -4.32628
2.97999 -4.32102
2.97716 -4.31819
2.97433 -4.31535
2.9712 -4.31286
2.96806 -4.31036
2.96521 -4.30755
2.96236 -4.30474
2.95932 -4.30214
2.95628 -4.29954
2.95341 -4.29676
2.95053 -4.29398
2.94458 -4.28863
2.94155 -4.28602
2.93852 -4.28341
2.93547 -4.28082
2.93242 -4.27822
2.92953 -4.27546
2.92663 -4.2727
2.92077 -4.26725
2.91768 -4.26472
2.91458 -4.26218
2.9118 -4.25929
2.90902 -4.25641
2.90318 -4.25093
2.9001 -4.24838
2.89702 -4.24583
2.89415 -4.24304
2.89128 -4.24025
2.88812 -4.23778
2.88496 -4.23531
2.88212 -4.23249
2.87927 -4.22968
2.87617 -4.22714
2.87307 -4.22461
2.87025 -4.22177
2.86742 -4.21894
2.8643 -4.21642
2.86118 -4.21391
2.85836 -4.21107
2.85554 -4.20822
2.85239 -4.20574
2.84925 -4.20325
2.84648 -4.20036
2.8437 -4.19746
2.84065 -4.19488
2.83759 -4.19229
2.83169 -4.18689
2.82866 -4.18429
2.82562 -4.18168
2.82279 -4.17885
2.81997 -4.17601
2.81405 -4.17062
2.8109 -4.16815
2.80775 -4.16567
2.80496 -4.16279
2.80217 -4.15991
2.79911 -4.15734
2.79604 -4.15477
2.79004 -4.14948
2.78714 -4.14673
2.78424 -4.14397
2.78114 -4.14143
2.77805 -4.13889
2.77209 -4.13355
2.76625 -4.12809
2.7603 -4.12275
2.75747 -4.11991
2.75464 -4.11707
2.75146 -4.11463
2.74828 -4.11219
2.74544 -4.10937
2.7426 -4.10654
2.73956 -4.10395
2.73651 -4.10135
2.73064 -4.09592
2.72461 -4.09066
2.71876 -4.0852
2.71571 -4.08261
2.71266 -4.08003
2.70677 -4.07461
2.70085 -4.06924
2.69795 -4.06648
2.69505 -4.06372
2.69218 -4.06093
2.68932 -4.05814
2.68627 -4.05555
2.68322 -4.05296
2.68015 -4.05039
2.67708 -4.04783
2.67429 -4.04494
2.67151 -4.04206
2.66551 -4.03677
2.6626 -4.03403
2.65969 -4.03128
2.65373 -4.02595
2.65064 -4.0234
2.64755 -4.02085
2.64465 -4.0181
2.64175 -4.01534
2.6387 -4.01276
2.63564 -4.01017
2.62964 -4.00488
2.62373 -3.99949
2.61785 -3.99407
2.61501 -3.99125
2.61217 -3.98843
2.60909 -3.98588
2.606 -3.98333
2.60311 -3.98056
2.60023 -3.97778
2.59706 -3.97533
2.59389 -3.97287
2.58791 -3.96756
2.5851 -3.9647
2.58229 -3.96185
2.57625 -3.9566
2.5704 -3.95114
2.56736 -3.94855
2.56432 -3.94595
2.56142 -3.94319
2.55853 -3.94042
2.5555 -3.93781
2.55247 -3.9352
2.54964 -3.93236
2.54681 -3.92953
2.54084 -3.92422
2.53482 -3.91894
2.53179 -3.91633
2.52877 -3.91371
2.52586 -3.91096
2.52295 -3.90822
2.51698 -3.9029
2.51102 -3.89756
2.50497 -3.89232
2.5021 -3.88954
2.49923 -3.88675
2.49614 -3.8842
2.49305 -3.88166
2.49025 -3.87879
2.48745 -3.87593
2.48428 -3.87347
2.48112 -3.87101
2.47831 -3.86815
2.4755 -3.86529
2.47235 -3.86281
2.4692 -3.86033
2.46641 -3.85746
2.46361 -3.85459
2.46054 -3.85203
2.45747 -3.84946
2.45456 -3.84671
2.45165 -3.84397
2.44875 -3.84121
2.44586 -3.83845
2.44264 -3.83604
2.43943 -3.83363
2.43661 -3.83079
2.43379 -3.82795
2.42789 -3.82254
2.42483 -3.81997
2.42176 -3.8174
2.41892 -3.81458
2.41607 -3.81176
2.41006 -3.80648
2.40422 -3.80101
2.40113 -3.79847
2.39803 -3.79594
2.39517 -3.79314
2.39231 -3.79034
2.38927 -3.78774
2.38623 -3.78514
2.38029 -3.77978
2.37743 -3.77698
2.37457 -3.77419
2.3715 -3.77162
2.36843 -3.76905
2.36557 -3.76625
2.3627 -3.76345
2.35968 -3.76084
2.35665 -3.75822
2.35062 -3.75297
2.34773 -3.7502
2.34484 -3.74744
2.34167 -3.74498
2.33851 -3.74251
2.33257 -3.73715
2.32977 -3.73428
2.32698 -3.73141
2.32387 -3.72888
2.32077 -3.72635
2.31475 -3.72108
2.31188 -3.71829
2.30901 -3.7155
2.30306 -3.71016
2.30023 -3.70732
2.29741 -3.70449
2.29437 -3.70188
2.29133 -3.69928
2.28536 -3.69396
2.28225 -3.69144
2.27914 -3.68892
2.27331 -3.68344
2.26742 -3.67803
2.26148 -3.67267
2.25562 -3.66722
2.2496 -3.66196
2.24356 -3.65671
2.24071 -3.6539
2.23787 -3.65108
2.23472 -3.6486
2.23156 -3.64613
2.2288 -3.64323
2.22603 -3.64032
2.22299 -3.63772
2.21995 -3.63512
2.21392 -3.62987
2.21089 -3.62726
2.20786 -3.62465
2.2051 -3.62173
2.20235 -3.61881
2.19928 -3.61624
2.19622 -3.61367
2.19318 -3.61106
2.19015 -3.60845
2.18414 -3.60317
2.18131 -3.60034
2.17848 -3.5975
2.17542 -3.59493
2.17235 -3.59236
2.1695 -3.58954
2.16666 -3.58673
2.16063 -3.58147
2.15474 -3.57606
2.15171 -3.57345
2.14868 -3.57084
2.14559 -3.56828
2.14251 -3.56573
2.13969 -3.56289
2.13687 -3.56005
2.13397 -3.55728
2.13108 -3.55452
2.12801 -3.55196
2.12493 -3.5494
2.12204 -3.54663
2.11916 -3.54386
2.11597 -3.54142
2.11278 -3.53898
2.10695 -3.53351
2.10104 -3.52812
2.09814 -3.52536
2.09525 -3.52259
2.09218 -3.52003
2.08911 -3.51746
2.08326 -3.51201
2.08044 -3.50916
2.07763 -3.50631
2.07441 -3.5039
2.0712 -3.50149
2.06844 -3.49859
2.06567 -3.49568
2.05976 -3.49029
2.05371 -3.48506
2.04783 -3.47963
2.04471 -3.47712
2.04159 -3.47462
2.03569 -3.46921
2.03285 -3.46639
2.03002 -3.46356
2.02689 -3.46106
2.02376 -3.45856
2.01786 -3.45316
2.01495 -3.4504
2.01205 -3.44765
2.00899 -3.44507
2.00593 -3.44249
2.00318 -3.43958
2.00042 -3.43666
1.99735 -3.43409
1.99429 -3.43152
1.98834 -3.42618
1.98543 -3.42343
1.98252 -3.42069
1.97945 -3.41812
1.97638 -3.41556
1.97039 -3.41025
1.96444 -3.4049
1.96165 -3.40203
1.95886 -3.39915
1.95572 -3.39666
1.95258 -3.39417
1.94664 -3.38882
1.94374 -3.38606
1.94085 -3.38329
1.93775 -3.38076
1.93465 -3.37822
1.9319 -3.3753
1.92914 -3.37239
1.92599 -3.36991
1.92283 -3.36744
1.91681 -3.36218
1.91392 -3.35941
1.91102 -3.35665
1.90506 -3.35132
1.89918 -3.3459
1.89323 -3.34055
1.88731 -3.33518
1.88449 -3.33234
1.88166 -3.32949
1.87847 -3.32706
1.87528 -3.32463
1.86945 -3.31915
1.86656 -3.31639
1.86366 -3.31362
1.86075 -3.31088
1.85784 -3.30814
1.85179 -3.3029
1.84867 -3.30039
1.84554 -3.29789
1.84273 -3.29504
1.83992 -3.29218
1.83404 -3.28676
1.82818 -3.28132
1.82226 -3.27594
1.8191 -3.27347
1.81593 -3.27101
1.81003 -3.26561
1.80724 -3.26273
1.80445 -3.25985
1.80133 -3.25734
1.79821 -3.25483
1.79517 -3.25223
1.79213 -3.24963
1.7893 -3.24679
1.78648 -3.24396
1.78064 -3.23849
1.77752 -3.23598
1.7744 -3.23346
1.77157 -3.23063
1.76875 -3.22779
1.76277 -3.22248
1.7597 -3.2199
1.75664 -3.21733
1.75359 -3.21474
1.75053 -3.21216
1.74468 -3.2067
1.74188 -3.20384
1.73907 -3.20098
1.73591 -3.19852
1.73274 -3.19605
1.72993 -3.1932
1.72712 -3.19034
1.72403 -3.1878
1.72095 -3.18525
1.71506 -3.17984
1.71215 -3.17709
1.70924 -3.17435
1.70621 -3.17174
1.70318 -3.16912
1.70036 -3.16628
1.69754 -3.16344
1.6945 -3.16083
1.69147 -3.15823
1.68843 -3.15562
1.68539 -3.15302
1.67955 -3.14755
1.67371 -3.14209
1.67062 -3.13954
1.66753 -3.13699
1.6615 -3.13173
1.65866 -3.12891
1.65583 -3.12609
1.64999 -3.12062
1.64685 -3.11813
1.64371 -3.11564
1.64086 -3.11283
1.63801 -3.11002
1.63209 -3.10463
1.62899 -3.1021
1.62589 -3.09957
1.61998 -3.09418
1.61411 -3.08875
1.61105 -3.08617
1.60799 -3.08359
1.60511 -3.08081
1.60224 -3.07802
1.59628 -3.07269
1.59322 -3.07011
1.59016 -3.06754
1.58725 -3.06479
1.58434 -3.06204
1.58146 -3.05927
1.57857 -3.0565
1.57567 -3.05374
1.57277 -3.05099
1.56676 -3.04571
1.56362 -3.04322
1.56048 -3.04073
1.55462 -3.03528
1.55185 -3.03239
1.54907 -3.02949
1.5459 -3.02704
1.54273 -3.02458
1.53996 -3.02168
1.53719 -3.01878
1.53414 -3.01619
1.53109 -3.0136
1.52505 -3.00836
1.51916 -3.00295
1.51318 -2.99763
1.50728 -2.99223
1.50424 -2.98964
1.50119 -2.98704
1.49527 -2.98167
1.49223 -2.97907
1.48918 -2.97647
1.48628 -2.97372
1.48337 -2.97097
1.47736 -2.9657
1.47455 -2.96284
1.47174 -2.95998
1.46869 -2.9574
1.46563 -2.95482
1.46273 -2.95206
1.45983 -2.9493
1.45674 -2.94677
1.45364 -2.94423
1.44762 -2.93896
1.44476 -2.93617
1.44189 -2.93337
1.43904 -2.93056
1.43619 -2.92775
1.43299 -2.92533
1.42978 -2.92291
1.42705 -2.91997
1.42432 -2.91702
1.42118 -2.91454
1.41804 -2.91205
1.415 -2.90945
1.41195 -2.90685
1.4092 -2.90393
1.40646 -2.90101
1.40341 -2.89842
1.40036 -2.89583
1.39724 -2.89331
1.39413 -2.89079
1.39142 -2.88782
1.38871 -2.88486
1.38562 -2.88231
1.38254 -2.87976
1.37662 -2.87437
1.37353 -2.87184
1.37043 -2.8693
1.36763 -2.86644
1.36482 -2.86357
1.35882 -2.85828
1.3557 -2.85578
1.35257 -2.85328
1.34982 -2.85035
1.34708 -2.84742
1.34398 -2.84488
1.34088 -2.84235
1.33784 -2.83975
1.33481 -2.83714
1.33207 -2.83421
1.32932 -2.83128
1.3261 -2.82888
1.32288 -2.82648
1.3201 -2.82359
1.31732 -2.8207
1.31423 -2.81816
1.31113 -2.81562
1.30826 -2.81284
1.30539 -2.81005
1.3023 -2.8075
1.29921 -2.80495
1.29638 -2.80212
1.29355 -2.79929
1.28759 -2.79396
1.28162 -2.78864
1.27853 -2.78609
1.27545 -2.78353
1.27257 -2.78076
1.26968 -2.77798
1.2638 -2.77257
1.25783 -2.76724
1.25191 -2.76186
1.24881 -2.75933
1.24571 -2.7568
1.24295 -2.75388
1.24019 -2.75097
1.23427 -2.7456
1.23122 -2.74301
1.22817 -2.74042
1.22506 -2.7379
1.22194 -2.73538
1.21611 -2.7299
1.21025 -2.72446
1.20734 -2.72171
1.20443 -2.71897
1.19844 -2.71367
1.19242 -2.70841
1.18937 -2.70581
1.18633 -2.70321
1.18042 -2.69782
1.17756 -2.69503
1.1747 -2.69223
1.17159 -2.6897
1.16849 -2.68717
1.16566 -2.68433
1.16284 -2.68149
1.157 -2.67602
1.15383 -2.67356
1.15067 -2.6711
1.14779 -2.66832
1.14492 -2.66553
1.14188 -2.66293
1.13883 -2.66034
1.13594 -2.65757
1.13305 -2.65481
1.12999 -2.65223
1.12693 -2.64965
1.12092 -2.64437
1.11809 -2.64154
1.11525 -2.63872
1.10941 -2.63325
1.10633 -2.63069
1.10326 -2.62813
1.09739 -2.62269
1.09451 -2.61991
1.09163 -2.61714
1.0858 -2.61166
1.08258 -2.60926
1.07936 -2.60686
1.07349 -2.60142
1.06756 -2.59606
1.06466 -2.5933
1.06176 -2.59055
1.05868 -2.58798
1.05561 -2.58542
1.05289 -2.58246
1.05018 -2.5795
1.04419 -2.5742
1.04108 -2.57167
1.03798 -2.56914
1.03212 -2.5637
1.02621 -2.55831
1.02036 -2.55285
1.01448 -2.54743
1.01134 -2.54494
1.00819 -2.54246
1.00226 -2.53709
0.999459 -2.53423
0.996653 -2.53137
0.993609 -2.52877
0.990566 -2.52618
0.98769 -2.52339
0.984815 -2.52061
0.981597 -2.51821
0.978379 -2.5158
0.972502 -2.51038
0.969728 -2.50748
0.966953 -2.50459
0.963766 -2.50215
0.960578 -2.49971
0.957708 -2.49692
0.954838 -2.49414
0.952026 -2.49128
0.949213 -2.48843
0.946109 -2.4859
0.943005 -2.48337
0.937087 -2.47799
0.934243 -2.47517
0.9314 -2.47235
0.925451 -2.46701
0.92222 -2.46462
0.918988 -2.46223
0.913151 -2.45676
0.907235 -2.45138
0.901252 -2.44607
0.895293 -2.44073
0.892474 -2.43789
0.889654 -2.43504
0.886597 -2.43246
0.88354 -2.42988
0.877632 -2.42449
0.871746 -2.41907
0.868873 -2.41629
0.865999 -2.4135
0.86296 -2.4109
0.859921 -2.4083
0.856795 -2.4058
0.853669 -2.40329
0.850939 -2.40035
0.84821 -2.3974
0.845021 -2.39497
0.841832 -2.39253
0.838967 -2.38973
0.836103 -2.38694
0.833209 -2.38418
0.830315 -2.38142
0.824347 -2.37609
0.818487 -2.37064
0.815433 -2.36806
0.812379 -2.36548
0.806329 -2.36024
0.803277 -2.35765
0.800225 -2.35507
0.797503 -2.35211
0.794781 -2.34916
0.788779 -2.34387
0.78561 -2.34142
0.782441 -2.33896
0.776499 -2.3336
0.773765 -2.33066
0.77103 -2.32773
0.767855 -2.32528
0.764679 -2.32282
0.761868 -2.31997
0.759056 -2.31712
0.755985 -2.31455
0.752914 -2.31199
0.750031 -2.30921
0.747147 -2.30644
0.74126 -2.30102
0.738226 -2.29842
0.735192 -2.29581
0.72928 -2.29042
0.723411 -2.28499
0.717414 -2.27969
0.71434 -2.27713
0.711266 -2.27457
0.705408 -2.26912
0.702506 -2.26637
0.699604 -2.26361
0.696484 -2.2611
0.693364 -2.25859
0.690522 -2.25577
0.68768 -2.25295
0.6846 -2.25039
0.68152 -2.24784
0.675589 -2.24247
0.669586 -2.23719
0.66777 -2.23478
0.66165 -2.22969
0.65557 -2.22456
0.649392 -2.21954
0.64312 -2.21463
0.637127 -2.20939
0.631201 -2.20408
0.625142 -2.19892
0.619012 -2.19385
0.61289 -2.18876
0.607055 -2.18334
0.600941 -2.17825
0.595011 -2.17294
0.588557 -2.16824
0.582938 -2.16257
0.576839 -2.15746
0.57069 -2.1524
0.564306 -2.14763
0.558571 -2.14209
0.552528 -2.13691
0.546444 -2.13178
0.540197 -2.12685
0.533959 -2.1219
0.528055 -2.11656
0.521929 -2.11148
0.516137 -2.10601
0.509897 -2.10106
0.503764 -2.09599
0.497635 -2.09091
0.491654 -2.08566
0.485518 -2.0806
0.479368 -2.07554
0.473736 -2.06988
0.467591 -2.06483
0.461176 -2.06009
0.455164 -2.05487
0.449064 -2.04976
0.443137 -2.04445
0.437059 -2.03931
0.430872 -2.03431
0.425166 -2.02873
0.419061 -2.02363
0.412677 -2.01885
0.406697 -2.0136
0.400855 -2.00819
0.394919 -2.00288
0.388412 -1.99825
0.382427 -1.99301
0.376456 -1.98775
0.370629 -1.98232
0.364202 -1.97759
0.358204 -1.97236
0.352524 -1.96676
0.345998 -1.96215
0.3403 -1.95656
0.334343 -1.95129
0.328214 -1.94621
0.322127 -1.94108
0.315911 -1.93611
0.309903 -1.93089
0.303564 -1.92606
0.297645 -1.92074
0.291476 -1.91571
0.285792 -1.91011
0.279622 -1.90509
0.273279 -1.90026
0.267263 -1.89505
0.261089 -1.89003
0.255057 -1.88484
0.249167 -1.87948
0.243388 -1.87399
0.236818 -1.86944
0.230935 -1.86407
0.224982 -1.85879
0.218816 -1.85376
0.212644 -1.84873
0.206532 -1.84364
0.200729 -1.83818
0.194595 -1.83311
0.188364 -1.82815
0.182573 -1.82268
0.176371 -1.81769
0.170415 -1.81241
0.164368 -1.80724
0.158033 -1.8024
0.15207 -1.79713
0.146141 -1.79182
0.139985 -1.78678
0.134196 -1.7813
0.127871 -1.77645
0.122115 -1.77094
0.115696 -1.7662
0.109644 -1.76104
0.103631 -1.75583
0.0974854 -1.75077
0.0914005 -1.74564
0.0853422 -1.74048
0.0795695 -1.73499
0.0733567 -1.73001
0.0672274 -1.72493
0.0611622 -1.71978
0.0553748 -1.71431
0.0493424 -1.70912
0.0431982 -1.70406
0.0371044 -1.69894
0.0311496 -1.69366
0.0247801 -1.68887
0.0185498 -1.68391
0.0126447 -1.67857
0.0066299 -1.67336
0.000434319 -1.66836
-0.00552583 -1.66309
-0.0115393 -1.65788
-0.0175905 -1.65271
-0.0236876 -1.6476
-0.0296768 -1.64235
-0.0337489 -1.63939
-0.0376406 -1.63618
-0.0419524 -1.63359
-0.0462533 -1.63098
-0.0506525 -1.62853
-0.0552746 -1.62651
-0.0601455 -1.62518
-0.0646691 -1.62281
-0.0695875 -1.62174
-0.0744405 -1.62027
-0.0794272 -1.61961
-0.0844341 -1.61901
-0.0894649 -1.61892
-0.0944853 -1.61863
-0.101431 -1.61875
-0.108377 -1.61861
-0.115323 -1.61884
-0.122268 -1.61876
-0.129214 -1.61861
-0.13616 -1.61832
-0.143105 -1.61862
-0.147956 -1.61862
-0.15281 -1.61891
-0.157552 -1.61997
-0.162405 -1.62036
-0.167158 -1.62132
-0.171822 -1.6227
-0.176478 -1.62406
-0.180967 -1.62593
-0.185256 -1.6282
-0.189761 -1.63003
-0.193871 -1.6326
-0.197819 -1.63537
-0.201879 -1.63803
-0.205697 -1.64099
-0.212094 -1.64578
-0.218344 -1.65075
-0.224582 -1.65574
-0.230531 -1.66108
-0.236967 -1.66582
-0.243388 -1.67058
-0.249586 -1.67562
-0.255731 -1.68072
-0.261763 -1.68596
-0.267846 -1.69114
-0.274066 -1.69615
-0.280373 -1.70105
-0.286598 -1.70605
-0.292689 -1.71122
-0.299054 -1.71605
-0.305548 -1.72072
-0.308429 -1.7235
-0.311311 -1.72629
-0.317542 -1.73129
-0.320804 -1.7336
-0.324066 -1.73592
-0.330434 -1.74074
-0.333331 -1.74351
-0.336227 -1.74628
-0.34245 -1.75129
-0.348847 -1.75608
-0.355048 -1.76111
-0.361063 -1.76637
-0.367503 -1.77111
-0.373726 -1.77611
-0.379873 -1.78121
-0.386116 -1.78619
-0.392336 -1.7912
-0.39875 -1.79597
-0.404669 -1.80135
-0.410973 -1.80625
-0.417042 -1.81145
-0.420325 -1.81374
-0.423608 -1.81603
-0.426518 -1.81878
-0.429428 -1.82153
-0.43272 -1.82381
-0.436013 -1.82609
-0.442083 -1.83128
-0.448293 -1.83631
-0.454342 -1.84153
-0.457664 -1.84377
-0.460986 -1.84601
-0.46705 -1.85121
-0.473399 -1.85606
-0.479474 -1.86125
-0.485394 -1.86663
-0.488698 -1.86889
-0.492003 -1.87115
-0.494916 -1.8739
-0.497828 -1.87665
-0.504051 -1.88166
-0.51049 -1.88639
-0.51693 -1.89113
-0.52307 -1.89624
-0.529294 -1.90124
-0.535569 -1.90618
-0.541618 -1.9114
-0.547899 -1.91634
-0.554106 -1.92136
-0.560133 -1.92661
-0.566324 -1.93165
-0.572693 -1.93648
-0.578887 -1.94152
-0.584884 -1.9468
-0.591209 -1.95168
-0.597302 -1.95685
-0.600603 -1.95911
-0.603904 -1.96138
-0.609928 -1.96663
-0.616317 -1.97143
-0.622412 -1.9766
-0.628722 -1.98149
-0.634742 -1.98675
-0.641021 -1.99168
-0.647032 -1.99695
-0.653529 -2.00162
-0.659681 -2.00671
-0.665733 -2.01193
-0.669056 -2.01417
-0.672379 -2.01641
-0.675298 -2.01915
-0.678217 -2.02189
-0.684323 -2.02704
-0.687585 -2.02936
-0.690846 -2.03167
-0.697024 -2.03673
-0.703209 -2.04179
-0.709303 -2.04695
-0.7158 -2.05162
-0.721958 -2.0567
-0.727886 -2.06207
-0.734101 -2.06709
-0.737377 -2.06939
-0.740652 -2.07168
-0.746644 -2.07698
-0.752844 -2.08201
-0.759317 -2.0867
-0.765239 -2.09208
-0.771375 -2.0972
-0.777854 -2.10188
-0.783835 -2.10719
-0.790011 -2.11225
-0.796337 -2.11713
-0.802824 -2.1218
-0.809108 -2.12673
-0.815287 -2.13179
-0.821586 -2.1367
-0.82752 -2.14207
-0.833603 -2.14725
-0.840025 -2.152
-0.845968 -2.15736
-0.849239 -2.15966
-0.852511 -2.16196
-0.858653 -2.16707
-0.864889 -2.17206
-0.865939 -2.17258
-0.870798 -2.1772
-0.876271 -2.18107
-0.881406 -2.18536
-0.886548 -2.18963
-0.891598 -2.19402
-0.893171 -2.19563
-0.89636 -2.19806
-0.89955 -2.20048
-0.90246 -2.20322
-0.905371 -2.20597
-0.911489 -2.21112
-0.917425 -2.21648
-0.923308 -2.22189
-0.926546 -2.22426
-0.929784 -2.22663
-0.93269 -2.22938
-0.935597 -2.23213
-0.941623 -2.23738
-0.947529 -2.24278
-0.950748 -2.24516
-0.953968 -2.24755
-0.956759 -2.25044
-0.959549 -2.25332
-0.96279 -2.25569
-0.96603 -2.25805
-0.968842 -2.26091
-0.971654 -2.26377
-0.977805 -2.26888
-0.983908 -2.27404
-0.989878 -2.27936
-0.995858 -2.28467
-0.998999 -2.28715
-1.00214 -2.28963
-1.00804 -2.29502
-1.01413 -2.3002
-1.0173 -2.30265
-1.02047 -2.3051
-1.02651 -2.31033
-1.03244 -2.3157
-1.03536 -2.31843
-1.03829 -2.32116
-1.04427 -2.32647
-1.04741 -2.32894
-1.05056 -2.33142
-1.05346 -2.33417
-1.05637 -2.33692
-1.0596 -2.3393
-1.06282 -2.34168
-1.06573 -2.34443
-1.06864 -2.34717
-1.07465 -2.35245
-1.07784 -2.35487
-1.08104 -2.35728
-1.08706 -2.36254
-1.08989 -2.36539
-1.09271 -2.36823
-1.09871 -2.37352
-1.10195 -2.37588
-1.10519 -2.37825
-1.11128 -2.38342
-1.11414 -2.38623
-1.117 -2.38904
-1.12303 -2.39428
-1.12914 -2.39944
-1.13521 -2.40464
-1.13835 -2.40712
-1.1415 -2.40959
-1.1444 -2.41234
-1.14731 -2.41509
-1.15047 -2.41755
-1.15363 -2.42001
-1.15961 -2.42531
-1.16253 -2.42806
-1.16544 -2.4308
-1.17135 -2.43619
-1.17755 -2.44123
-1.18359 -2.44647
-1.18964 -2.45171
-1.19586 -2.45673
-1.20204 -2.46181
-1.20489 -2.46463
-1.20773 -2.46745
-1.21372 -2.47275
-1.21979 -2.47795
-1.22293 -2.48043
-1.22608 -2.4829
-1.22897 -2.48567
-1.23185 -2.48844
-1.23504 -2.49087
-1.23822 -2.4933
-1.24443 -2.49835
-1.24732 -2.50111
-1.25022 -2.50387
-1.25629 -2.50908
-1.26216 -2.51451
-1.26533 -2.51696
-1.26849 -2.51941
-1.27467 -2.52449
-1.27746 -2.52737
-1.28026 -2.53025
-1.28643 -2.53534
-1.29254 -2.54049
-1.29863 -2.54567
-1.30175 -2.54818
-1.30487 -2.55068
-1.30772 -2.5535
-1.31056 -2.55632
-1.31665 -2.5615
-1.32267 -2.56677
-1.32588 -2.56916
-1.32909 -2.57156
-1.33197 -2.57434
-1.33485 -2.57712
-1.33799 -2.57961
-1.34112 -2.58209
-1.34711 -2.5874
-1.35311 -2.59267
-1.35603 -2.59541
-1.35895 -2.59814
-1.36211 -2.6006
-1.36526 -2.60307
-1.37142 -2.60817
-1.37432 -2.61093
-1.37721 -2.61369
-1.3831 -2.6191
-1.38633 -2.62148
-1.38956 -2.62386
-1.39561 -2.62909
-1.4017 -2.63426
-1.40453 -2.6371
-1.40736 -2.63994
-1.41345 -2.64512
-1.41951 -2.65034
-1.4255 -2.65564
-1.42871 -2.65804
-1.43192 -2.66044
-1.43785 -2.6658
-1.44378 -2.67116
-1.44987 -2.67634
-1.45597 -2.68151
-1.45886 -2.68428
-1.46175 -2.68705
-1.46786 -2.69221
-1.471 -2.69468
-1.47414 -2.69716
-1.47727 -2.69966
-1.48039 -2.70216
-1.48646 -2.70737
-1.48923 -2.71028
-1.49199 -2.71319
-1.49512 -2.71569
-1.49824 -2.71819
-1.50437 -2.72332
-1.51051 -2.72844
-1.51337 -2.73125
-1.51623 -2.73406
-1.51942 -2.73647
-1.52261 -2.73889
-1.52881 -2.74395
-1.53167 -2.74676
-1.53452 -2.74957
-1.54059 -2.75478
-1.54656 -2.76009
-1.54974 -2.76253
-1.55291 -2.76497
-1.559 -2.77015
-1.56494 -2.7755
-1.56782 -2.77829
-1.57069 -2.78107
-1.57674 -2.78631
-1.58297 -2.79132
-1.58915 -2.7964
-1.59208 -2.79912
-1.595 -2.80185
-1.60099 -2.80715
-1.60412 -2.80965
-1.60724 -2.81214
-1.61341 -2.81724
-1.61625 -2.82007
-1.61909 -2.82289
-1.62524 -2.828
-1.6314 -2.8331
-1.63432 -2.83583
-1.63724 -2.83857
-1.6405 -2.84091
-1.64376 -2.84325
-1.64965 -2.84867
-1.65563 -2.85397
-1.66162 -2.85926
-1.66475 -2.86175
-1.66789 -2.86424
-1.67079 -2.867
-1.67369 -2.86976
-1.67958 -2.87517
-1.6857 -2.88031
-1.69174 -2.88555
-1.69772 -2.89085
-1.70093 -2.89325
-1.70414 -2.89566
-1.71028 -2.90077
-1.7163 -2.90603
-1.71915 -2.90886
-1.72199 -2.91168
-1.7252 -2.91407
-1.72842 -2.91647
-1.73126 -2.91929
-1.73411 -2.92211
-1.73733 -2.9245
-1.74055 -2.92688
-1.74348 -2.92961
-1.74641 -2.93234
-1.75251 -2.9375
-1.75873 -2.94252
-1.76462 -2.94794
-1.77075 -2.95308
-1.77666 -2.95846
-1.77958 -2.96119
-1.7825 -2.96393
-1.78848 -2.96924
-1.79453 -2.97446
-1.79768 -2.97693
-1.80083 -2.97941
-1.80682 -2.9847
-1.81302 -2.98975
-1.81916 -2.99487
-1.82202 -2.99768
-1.82487 -3.0005
-1.82805 -3.00293
-1.83123 -3.00536
-1.83728 -3.01058
-1.84021 -3.0133
-1.84314 -3.01603
-1.84629 -3.0185
-1.84944 -3.02097
-1.85228 -3.0238
-1.85512 -3.02662
-1.86125 -3.03176
-1.86442 -3.0342
-1.8676 -3.03664
-1.87354 -3.04199
-1.87959 -3.04721
-1.88251 -3.04995
-1.88543 -3.05268
-1.89163 -3.05773
-1.89785 -3.06276
-1.90383 -3.06808
-1.90675 -3.07081
-1.90968 -3.07354
-1.91282 -3.07602
-1.91595 -3.0785
-1.91886 -3.08125
-1.92177 -3.08399
-1.92496 -3.08642
-1.92814 -3.08885
-1.93099 -3.09167
-1.93384 -3.09448
-1.93983 -3.09978
-1.94586 -3.10503
-1.94909 -3.1074
-1.95233 -3.10977
-1.95828 -3.11511
-1.96114 -3.11791
-1.96401 -3.12071
-1.97015 -3.12583
-1.97631 -3.13093
-1.97924 -3.13366
-1.98217 -3.13638
-1.98539 -3.13876
-1.98862 -3.14114
-1.99461 -3.14643
-2.00071 -3.1516
-2.0036 -3.15437
-2.00649 -3.15715
-2.0126 -3.1623
-2.01872 -3.16744
-2.02495 -3.17246
-2.02774 -3.17535
-2.03054 -3.17823
-2.03662 -3.18342
-2.04263 -3.18869
-2.04579 -3.19114
-2.04895 -3.1936
-2.05208 -3.19609
-2.05521 -3.19859
-2.05814 -3.20131
-2.06106 -3.20404
-2.06699 -3.20941
-2.07319 -3.21446
-2.07914 -3.2198
-2.085 -3.22525
-2.08826 -3.22759
-2.09151 -3.22994
-2.09754 -3.2352
-2.10344 -3.24059
-2.10959 -3.2457
-2.11554 -3.25105
-2.12177 -3.25606
-2.12456 -3.25895
-2.12735 -3.26184
-2.13349 -3.26696
-2.1395 -3.27223
-2.1427 -3.27464
-2.14591 -3.27704
-2.14874 -3.27988
-2.15157 -3.28271
-2.15762 -3.28795
-2.16081 -3.29037
-2.164 -3.29279
-2.17 -3.29807
-2.17601 -3.30335
-2.17892 -3.30609
-2.18183 -3.30883
-2.18506 -3.31121
-2.18829 -3.31358
-2.19431 -3.31885
-2.19715 -3.32168
-2.19999 -3.3245
-2.20622 -3.32952
-2.20935 -3.33201
-2.21248 -3.3345
-2.21534 -3.33731
-2.2182 -3.34011
-2.22431 -3.34526
-2.23047 -3.35037
-2.23335 -3.35315
-2.23623 -3.35594
-2.23939 -3.35839
-2.24256 -3.36083
-2.24856 -3.36612
-2.25148 -3.36885
-2.2544 -3.37159
-2.25764 -3.37396
-2.26087 -3.37633
-2.26374 -3.37912
-2.26662 -3.3819
-2.27267 -3.38713
-2.27875 -3.39232
-2.28477 -3.39758
-2.29096 -3.40264
-2.29389 -3.40537
-2.29681 -3.4081
-2.30284 -3.41335
-2.30896 -3.4185
-2.31488 -3.42388
-2.31804 -3.42633
-2.3212 -3.42879
-2.32722 -3.43405
-2.3333 -3.43924
-2.3362 -3.442
-2.33909 -3.44477
-2.34232 -3.44714
-2.34556 -3.44951
-2.35157 -3.45478
-2.35441 -3.45761
-2.35725 -3.46044
-2.36037 -3.46293
-2.3635 -3.46543
-2.36955 -3.47066
-2.37268 -3.47314
-2.37582 -3.47563
-2.38176 -3.48098
-2.38778 -3.48624
-2.39382 -3.49148
-2.39674 -3.49422
-2.39965 -3.49696
-2.40579 -3.50208
-2.40899 -3.50449
-2.41219 -3.50691
-2.41821 -3.51217
-2.42416 -3.51751
-2.43004 -3.52294
-2.43621 -3.52802
-2.43909 -3.5308
-2.44198 -3.53357
-2.44815 -3.53866
-2.4541 -3.544
-2.46021 -3.54916
-2.46344 -3.55154
-2.46666 -3.55392
-2.46959 -3.55664
-2.47252 -3.55936
-2.47854 -3.56462
-2.48471 -3.56972
-2.49072 -3.57499
-2.49669 -3.58031
-2.50285 -3.58541
-2.50881 -3.59074
-2.51473 -3.59611
-2.52095 -3.60114
-2.52694 -3.60644
-2.53306 -3.61158
-2.53927 -3.61662
-2.54518 -3.62201
-2.5511 -3.62739
-2.55422 -3.62989
-2.55734 -3.63239
-2.56021 -3.63518
-2.56309 -3.63797
-2.56622 -3.64046
-2.56936 -3.64294
-2.57534 -3.64824
-2.57847 -3.65074
-2.5816 -3.65323
-2.58449 -3.656
-2.58738 -3.65877
-2.59326 -3.66419
-2.59643 -3.66664
-2.59959 -3.6691
-2.60564 -3.67432
-2.60856 -3.67705
-2.61148 -3.67979
-2.61758 -3.68496
-2.62375 -3.69005
-2.62984 -3.69523
-2.6359 -3.70044
-2.64209 -3.7055
-2.64796 -3.71095
-2.65385 -3.71635
-2.65994 -3.72154
-2.66591 -3.72686
-2.66905 -3.72934
-2.67219 -3.73182
-2.67827 -3.737
-2.68414 -3.74244
-2.68732 -3.74488
-2.6905 -3.74731
-2.69332 -3.75016
-2.69614 -3.75301
-2.69936 -3.7554
-2.70258 -3.75779
-2.70539 -3.76065
-2.7082 -3.76351
-2.71139 -3.76593
-2.71458 -3.76835
-2.7175 -3.77108
-2.72042 -3.77382
-2.72656 -3.77895
-2.73277 -3.78398
-2.73569 -3.78671
-2.73861 -3.78945
-2.74173 -3.79195
-2.74485 -3.79446
-2.7509 -3.79969
-2.75699 -3.80487
-2.75983 -3.80769
-2.76268 -3.81051
-2.76582 -3.81299
-2.76897 -3.81546
-2.77495 -3.82076
-2.77809 -3.82324
-2.78124 -3.82572
-2.78414 -3.82847
-2.78705 -3.83122
-2.79319 -3.83634
-2.79932 -3.84147
-2.80543 -3.84663
-2.80827 -3.84945
-2.81112 -3.85227
-2.81427 -3.85475
-2.81741 -3.85722
-2.82339 -3.86253
-2.82651 -3.86503
-2.82963 -3.86754
-2.83561 -3.87284
-2.83851 -3.8756
-2.84141 -3.87836
-2.84759 -3.88343
-2.85074 -3.88591
-2.85388 -3.88838
-2.85678 -3.89114
-2.85968 -3.8939
-2.86571 -3.89915
-2.87168 -3.90447
-2.87486 -3.9069
-2.87804 -3.90933
-2.88401 -3.91465
-2.89001 -3.91994
-2.89599 -3.92525
-2.89892 -3.92797
-2.90184 -3.9307
-2.90803 -3.93577
-2.91426 -3.94079
-2.92029 -3.94604
-2.92647 -3.95111
-2.93245 -3.95642
-2.93837 -3.96179
-2.94455 -3.96687
-2.95059 -3.97211
-2.95351 -3.97484
-2.95643 -3.97758
-2.96256 -3.98271
-2.96569 -3.98521
-2.96881 -3.9877
-2.97477 -3.99304
-2.9777 -3.99576
-2.98063 -3.99849
-2.98651 -4.00391
-2.98977 -4.00625
-2.99303 -4.00859
-2.9989 -4.01403
-3.00493 -4.01928
-3.01104 -4.02443
-3.01703 -4.02973
-3.02289 -4.03517
-3.02609 -4.03759
-3.02928 -4.04
-3.03221 -4.04273
-3.03514 -4.04545
-3.03826 -4.04795
-3.04139 -4.05045
-3.04428 -4.05321
-3.04718 -4.05597
-3.0533 -4.06112
-3.05646 -4.06358
-3.05962 -4.06603
-3.06245 -4.06888
-3.06527 -4.07172
-3.07126 -4.07701
-3.0745 -4.07938
-3.07774 -4.08174
-3.08064 -4.08451
-3.08353 -4.08727
-3.0895 -4.09259
-3.09262 -4.0951
-3.09574 -4.0976
-3.10186 -4.10274
-3.10776 -4.10814
-3.11066 -4.1109
-3.11356 -4.11366
-3.11672 -4.11612
-3.11988 -4.11857
-3.12596 -4.12376
-3.13188 -4.12914
-3.13505 -4.13159
-3.13822 -4.13403
-3.14414 -4.13941
-3.1503 -4.14451
-3.15313 -4.14735
-3.15595 -4.15019
-3.16203 -4.15539
-3.16807 -4.16062
-3.17425 -4.1657
-3.18048 -4.17073
-3.18663 -4.17583
-3.18949 -4.17864
-3.19235 -4.18144
-3.1983 -4.18678
-3.20155 -4.18914
-3.2048 -4.19149
-3.21068 -4.19691
-3.21682 -4.20203
-3.22289 -4.20724
-3.2257 -4.2101
-3.22852 -4.21295
-3.2317 -4.21538
-3.23489 -4.21781
-3.24088 -4.22311
-3.24694 -4.22832
-3.24985 -4.23106
-3.25276 -4.23381
-3.25884 -4.23901
-3.26488 -4.24424
-3.26813 -4.24659
-3.27137 -4.24895
-3.27416 -4.25183
-3.27696 -4.25472
-3.28008 -4.25721
-3.28321 -4.25971
-3.28945 -4.26472
-3.29546 -4.26999
-3.30161 -4.2751
-3.30449 -4.27788
-3.30737 -4.28066
-3.31332 -4.286
-3.31645 -4.28849
-3.31957 -4.29099
-3.32547 -4.2964
-3.32865 -4.29883
-3.33184 -4.30125
-3.33789 -4.30648
-3.34384 -4.31182
-3.34674 -4.31458
-3.34964 -4.31733
-3.35568 -4.32257
-3.3619 -4.32761
-3.368 -4.33277
-3.3741 -4.33794
-3.37698 -4.34072
-3.37986 -4.3435
-3.38584 -4.34881
-3.39189 -4.35404
-3.39515 -4.35638
-3.39841 -4.35872
-3.40442 -4.36399
-3.40726 -4.36682
-3.41009 -4.36966
-3.41333 -4.37202
-3.41658 -4.37438
-3.42254 -4.37971
-3.42857 -4.38496
-3.43465 -4.39015
-3.43754 -4.39291
-3.44044 -4.39568
-3.44362 -4.39811
-3.44681 -4.40053
-3.44974 -4.40325
-3.45267 -4.40598
-3.4556 -4.4087
-3.45853 -4.41143
-3.4647 -4.41651
-3.47086 -4.4216
-3.47676 -4.42701
-3.47996 -4.42942
-3.48315 -4.43184
-3.48606 -4.43459
-3.48897 -4.43733
-3.49493 -4.44266
-3.50092 -4.44796
-3.50689 -4.45329
-3.51009 -4.45569
-3.5133 -4.45809
-3.51922 -4.46346
-3.52533 -4.46863
-3.53129 -4.47396
-3.53444 -4.47642
-3.5376 -4.47888
-3.54042 -4.48173
-3.54323 -4.48459
-3.54646 -4.48697
-3.54968 -4.48935
-3.55258 -4.49211
-3.55548 -4.49487
-3.56136 -4.5003
-3.56747 -4.50545
-3.57061 -4.50793
-3.57376 -4.5104
-3.57668 -4.51313
-3.57961 -4.51586
-3.58558 -4.52118
-3.58873 -4.52365
-3.59188 -4.52612
-3.59808 -4.53116
-3.604 -4.53655
-3.60996 -4.54188
-3.61606 -4.54704
-3.61897 -4.54979
-3.62188 -4.55254
-3.6251 -4.55492
-3.62832 -4.55731
-3.63125 -4.56004
-3.63418 -4.56276
-3.64034 -4.56786
-3.64321 -4.57065
-3.64608 -4.57344
-3.64931 -4.57582
-3.65254 -4.5782
-3.65862 -4.58338
-3.66465 -4.58864
-3.67055 -4.59403
-3.67644 -4.59944
-3.68247 -4.60469
-3.68564 -4.60713
-3.68882 -4.60958
-3.69172 -4.61233
-3.69463 -4.61508
-3.70075 -4.62023
-3.70365 -4.62298
-3.70655 -4.62573
-3.70971 -4.6282
-3.71287 -4.63066
-3.71579 -4.63338
-3.71872 -4.63611
-3.72188 -4.63857
-3.72504 -4.64103
-3.73115 -4.64619
-3.73398 -4.64902
-3.73682 -4.65185
-3.74287 -4.65707
-3.74606 -4.65949
-3.74925 -4.66192
-3.75544 -4.66698
-3.76133 -4.6724
-3.76742 -4.67758
-3.77029 -4.68036
-3.77317 -4.68315
-3.7764 -4.68552
-3.77963 -4.68789
-3.78561 -4.69321
-3.78852 -4.69596
-3.79143 -4.6987
-3.7973 -4.70413
-3.80336 -4.70935
-3.80957 -4.7144
-3.81578 -4.71943
-3.81868 -4.72219
-3.82158 -4.72495
-3.82475 -4.7274
-3.82793 -4.72984
-3.83115 -4.73326
-3.83443 -4.7366
-3.83797 -4.73973
-3.84093 -4.74339
-3.84352 -4.74731
-3.84648 -4.75099
-3.84839 -4.75531
-3.85106 -4.75919
-3.85313 -4.7634
-3.85509 -4.76768
-3.85682 -4.77204
-3.8583 -4.77652
-3.85941 -4.78107
-3.86015 -4.7857
-3.86107 -4.79031
-3.86191 -4.79493
-3.86219 -4.79961
-3.86254 -4.8043
-3.86214 -4.81201
-3.86266 -4.81971
-3.86309 -4.82741
-3.8628 -4.83512
-3.86316 -4.84282
-3.86339 -4.85052
-3.86331 -4.85823
-3.86297 -4.86594
-3.8632 -4.87364
-3.86314 -4.88135
-3.86319 -4.88905
-3.86364 -4.89675
-3.86393 -4.90446
-3.86373 -4.91217
-3.8639 -4.91987
-3.8643 -4.92757
-3.86444 -4.93527
-3.864 -4.94299
-3.86443 -4.95069
-3.86458 -4.95839
-3.86488 -4.96609
-3.86445 -4.97381
-3.86455 -4.98151
-3.86487 -4.98921
-3.86504 -4.99692
-3.86528 -5.00462
-3.86566 -5.01234
-3.86491 -5.01732
-3.86509 -5.02236
-3.86419 -5.02729
-3.86385 -5.03233
-3.86269 -5.03721
-3.86084 -5.04187
-3.85958 -5.04674
-3.8576 -5.05134
-3.85603 -5.05555
-3.85397 -5.06031
-3.85162 -5.06493
-3.85105 -5.06691
-3.84851 -5.07119
-3.84563 -5.07525
-3.84274 -5.07931
-3.83972 -5.08325
-3.83648 -5.08703
-3.83282 -5.09038
-3.82954 -5.09418
-3.82569 -5.09734
-3.81964 -5.10252
-3.81317 -5.10716
-3.807 -5.11219
-3.80109 -5.11753
-3.79476 -5.12236
-3.7886 -5.1274
-3.78221 -5.13215
-3.77622 -5.13739
-3.77 -5.14236
-3.76386 -5.14742
-3.75758 -5.15232
-3.75159 -5.15756
-3.7455 -5.16269
-3.7391 -5.16742
-3.73281 -5.1723
-3.72696 -5.17772
-3.72058 -5.18249
-3.71437 -5.18746
-3.70835 -5.19266
-3.70187 -5.19731
-3.69605 -5.20277
-3.68989 -5.20781
-3.68344 -5.21248
-3.67713 -5.21734
-3.67134 -5.22283
-3.66515 -5.22782
-3.65889 -5.23274
-3.65269 -5.23773
-3.64635 -5.24255
-3.64034 -5.24777
-3.63394 -5.25251
-3.62789 -5.25768
-3.62155 -5.2625
-3.61577 -5.268
-3.60949 -5.27289
-3.60342 -5.27803
-3.59714 -5.28293
-3.59107 -5.28807
-3.58472 -5.29288
-3.57831 -5.29761
-3.57231 -5.30284
-3.56625 -5.308
-3.5598 -5.31268
-3.55368 -5.31776
-3.54748 -5.32276
-3.54151 -5.32802
-3.53538 -5.3331
-3.52893 -5.33778
-3.52309 -5.3432
-3.51657 -5.3478
-3.51044 -5.35287
-3.50454 -5.35824
-3.4982 -5.36304
-3.49198 -5.36801
-3.48599 -5.37326
-3.47969 -5.37812
-3.47355 -5.38318
-3.46717 -5.38795
-3.46108 -5.39307
-3.45476 -5.39791
-3.44857 -5.40291
-3.44277 -5.40839
-3.4366 -5.41341
-3.43007 -5.41799
-3.42413 -5.4233
-3.41786 -5.4282
-3.41173 -5.43328
-3.40544 -5.43815
-3.39913 -5.44301
-3.3931 -5.4482
-3.38678 -5.45304
-3.38073 -5.45822
-3.37475 -5.46348
-3.36833 -5.4682
-3.36246 -5.47359
-3.35598 -5.47823
-3.35001 -5.4835
-3.34375 -5.48842
-3.33729 -5.49309
-3.33113 -5.49812
-3.32539 -5.50367
-3.31913 -5.50858
-3.31264 -5.51321
-3.30641 -5.51817
-3.30047 -5.52348
-3.2943 -5.5285
-3.28828 -5.53371
-3.282 -5.5386
-3.27586 -5.54365
-3.26941 -5.54834
-3.26314 -5.55324
-3.25696 -5.55825
-3.2508 -5.56328
-3.24495 -5.5687
-3.23871 -5.57365
-3.23249 -5.57861
-3.22647 -5.58381
-3.21998 -5.58845
-3.21406 -5.59378
-3.20792 -5.59884
-3.20172 -5.60383
-3.19552 -5.60882
-3.18936 -5.61386
-3.18295 -5.61858
-3.17669 -5.6235
-3.17045 -5.62844
-3.16433 -5.63352
-3.15852 -5.63899
-3.15226 -5.6439
-3.14581 -5.64858
-3.13982 -5.65383
-3.13342 -5.65857
-3.12724 -5.66359
-3.1213 -5.66889
-3.11531 -5.67414
-3.10906 -5.67907
-3.10253 -5.68364
-3.09654 -5.6889
-3.09048 -5.69405
-3.08438 -5.69916
-3.07787 -5.70377
-3.07178 -5.70889
-3.06577 -5.71412
-3.05965 -5.7192
-3.05351 -5.72426
-3.04724 -5.72916
-3.04093 -5.73401
-3.03491 -5.73922
-3.0284 -5.74383
-3.02221 -5.74882
-3.01639 -5.75428
-3.01026 -5.75936
-3.00375 -5.76397
-2.99762 -5.76903
-2.99142 -5.77402
-2.98512 -5.77889
-2.97933 -5.78438
-2.97279 -5.78894
-2.96707 -5.79362
-2.96338 -5.79569
-2.95982 -5.79797
-2.95661 -5.80083
-2.94968 -5.80465
-2.9429 -5.80873
-2.93585 -5.81235
-2.92913 -5.81654
-2.92237 -5.82064
-2.9155 -5.82457
-2.90838 -5.82807
-2.90171 -5.83234
-2.89481 -5.83621
-2.88785 -5.83997
-2.88104 -5.84401
-2.87426 -5.84809
-2.86717 -5.85163
-2.86039 -5.85571
-2.85369 -5.85993
-2.84696 -5.8641
-2.83977 -5.86747
-2.83325 -5.872
-2.82632 -5.87583
-2.81954 -5.8799
-2.8127 -5.88389
-2.80558 -5.88737
-2.79879 -5.89143
-2.79178 -5.89511
-2.78511 -5.89938
-2.77837 -5.90354
-2.77151 -5.90748
-2.76452 -5.9112
-2.75753 -5.91491
-2.75083 -5.91913
-2.74418 -5.92343
-2.73708 -5.92697
-2.73034 -5.93112
-2.72354 -5.93516
-2.71659 -5.93895
-2.70959 -5.94264
-2.70293 -5.94694
-2.69596 -5.95069
-2.6893 -5.95498
-2.68224 -5.95858
-2.67525 -5.96229
-2.66876 -5.96687
-2.66164 -5.97036
-2.65484 -5.97441
-2.64792 -5.97824
-2.64133 -5.98265
-2.63448 -5.98661
-2.62757 -5.99047
-2.62052 -5.99409
-2.61367 -5.99805
-2.60709 -6.00248
-2.60024 -6.00643
-2.59314 -6.00997
-2.58617 -6.01372
-2.57955 -6.01808
-2.57262 -6.0219
-2.56585 -6.02599
-2.55896 -6.02987
-2.55189 -6.03346
-2.54508 -6.03748
-2.53843 -6.04179
-2.53135 -6.04535
-2.52478 -6.0498
-2.51779 -6.05351
-2.51076 -6.05717
-2.50425 -6.06171
-2.49717 -6.06527
-2.49052 -6.06958
-2.48362 -6.07346
-2.47666 -6.07721
-2.46967 -6.08094
-2.46295 -6.08512
-2.45616 -6.0892
-2.45142 -6.09133
-2.44698 -6.09412
-2.44196 -6.09556
-2.43717 -6.09756
-2.43221 -6.09912
-2.42708 -6.09989
-2.42205 -6.10132
-2.41689 -6.10186
-2.41171 -6.10237
-2.40652 -6.10283
-2.40252 -6.10258
-2.39853 -6.10234
-2.39054 -6.10272
-2.38255 -6.10296
-2.37455 -6.10286
-2.37056 -6.10265
-2.36656 -6.10244
-2.36257 -6.10267
-2.35857 -6.1029
-2.35058 -6.10307
-2.34658 -6.10276
-2.34259 -6.10244
-2.3346 -6.10258
-2.32661 -6.10276
-2.31861 -6.10244
-2.31462 -6.10279
-2.31062 -6.10314
-2.30663 -6.10292
-2.30263 -6.1027
-2.29464 -6.10262
-2.28665 -6.1028
-2.27866 -6.10311
-2.27466 -6.10292
-2.27067 -6.10273
-2.26268 -6.10297
-2.25468 -6.1027
-2.24669 -6.10292
-2.2427 -6.10312
-2.2387 -6.10333
-2.23071 -6.103
-2.22272 -6.10312
-2.21473 -6.10316
-2.20674 -6.10329
-2.19875 -6.10342
-2.19075 -6.10348
-2.18276 -6.10321
-2.17477 -6.10347
-2.16678 -6.10345
-2.15879 -6.10373
-2.1508 -6.10372
-2.1468 -6.10348
-2.14281 -6.10324
-2.13482 -6.10357
-2.13082 -6.10334
-2.12682 -6.1031
-2.12283 -6.10336
-2.11883 -6.10362
-2.11084 -6.10345
-2.10285 -6.10357
-2.09486 -6.10344
-2.08687 -6.10325
-2.08287 -6.10365
-2.07888 -6.10404
-2.07089 -6.10395
-2.06289 -6.10379
-2.0549 -6.10408
-2.04691 -6.10375
-2.03892 -6.10367
-2.03093 -6.10368
-2.02294 -6.10383
-2.01495 -6.10396
-2.00696 -6.1043
-1.99896 -6.10426
-1.99497 -6.10408
-1.99097 -6.10389
-1.98698 -6.10411
-1.98298 -6.10433
-1.97899 -6.1041
-1.97499 -6.10387
-1.97099 -6.10409
-1.967 -6.10431
-1.95901 -6.10398
-1.95102 -6.10424
-1.94302 -6.10433
-1.93503 -6.10425
-1.92704 -6.10446
-1.91905 -6.10436
-1.91106 -6.10458
-1.90706 -6.10441
-1.90307 -6.10423
-1.89508 -6.10435
-1.88708 -6.10428
-1.87909 -6.1043
-1.8751 -6.10453
-1.8711 -6.10476
-1.86711 -6.10445
-1.86311 -6.10413
-1.85512 -6.10451
-1.85112 -6.10432
-1.84713 -6.10413
-1.84313 -6.10437
-1.83914 -6.10461
-1.83115 -6.10455
-1.82316 -6.10477
-1.81516 -6.10499
-1.80717 -6.10476
-1.80318 -6.10454
-1.79918 -6.10432
-1.79119 -6.10443
-1.7832 -6.10473
-1.77521 -6.10509
-1.76722 -6.10489
-1.75922 -6.10473
-1.75123 -6.10505
-1.74324 -6.1052
-1.73925 -6.10502
-1.73525 -6.10483
-1.72726 -6.10499
-1.72326 -6.10478
-1.71927 -6.10458
-1.71128 -6.10477
-1.70728 -6.10506
-1.70329 -6.10535
-1.69929 -6.10509
-1.69529 -6.10483
-1.6873 -6.10507
-1.67931 -6.10482
-1.67532 -6.10513
-1.67132 -6.10545
-1.66732 -6.10521
-1.66333 -6.10496
-1.65534 -6.10534
-1.64735 -6.10515
-1.63936 -6.10527
-1.63136 -6.10518
-1.62337 -6.10539
-1.61938 -6.10516
-1.61538 -6.10493
-1.60739 -6.10507
-1.60339 -6.10533
-1.5994 -6.10558
-1.59141 -6.10565
-1.58741 -6.10542
-1.58342 -6.10518
-1.57542 -6.1052
-1.57143 -6.10544
-1.56743 -6.10567
-1.56344 -6.10549
-1.55944 -6.1053
-1.55545 -6.10555
-1.55145 -6.10579
-1.54346 -6.10581
-1.53547 -6.1057
-1.52748 -6.10575
-1.52348 -6.1055
-1.51948 -6.10525
-1.51149 -6.10534
-1.5035 -6.1054
-1.49551 -6.1055
-1.49152 -6.1057
-1.48752 -6.10591
-1.47953 -6.10595
-1.47154 -6.10577
-1.46355 -6.10552
-1.45556 -6.10591
-1.44756 -6.10594
-1.43957 -6.10633
-1.43558 -6.10613
-1.43158 -6.10593
-1.42359 -6.10594
-1.4156 -6.10608
-1.40761 -6.10633
-1.40361 -6.10608
-1.39962 -6.10584
-1.39162 -6.10593
-1.38363 -6.10578
-1.37964 -6.10606
-1.37564 -6.10634
-1.36765 -6.10602
-1.36366 -6.10628
-1.35966 -6.10655
-1.35167 -6.10646
-1.34368 -6.10654
-1.33968 -6.10636
-1.33569 -6.10617
-1.3277 -6.10648
-1.3237 -6.10625
-1.3197 -6.10603
-1.31171 -6.10624
-1.30372 -6.10637
-1.29573 -6.10668
-1.29173 -6.10648
-1.28774 -6.10627
-1.28374 -6.10648
-1.27975 -6.1067
-1.27575 -6.10651
-1.27175 -6.10632
-1.26776 -6.10654
-1.26376 -6.10675
-1.25577 -6.10676
-1.24778 -6.10653
-1.23979 -6.10671
-1.2318 -6.10652
-1.22381 -6.10644
-1.21582 -6.10675
-1.20783 -6.1068
-1.19983 -6.10694
-1.19184 -6.10682
-1.18385 -6.10676
-1.17586 -6.10675
-1.16787 -6.10689
-1.15988 -6.10721
-1.15189 -6.10694
-1.14389 -6.10688
-1.1359 -6.10681
-1.12791 -6.10721
-1.12392 -6.10697
-1.11992 -6.10674
-1.11593 -6.10705
-1.11193 -6.10736
-1.10793 -6.10704
-1.10394 -6.10673
-1.09994 -6.10703
-1.09595 -6.10733
-1.08796 -6.10749
-1.08396 -6.10716
-1.07996 -6.10683
-1.07197 -6.10686
-1.06798 -6.10714
-1.06398 -6.10741
-1.05599 -6.1071
-1.048 -6.10742
-1.04001 -6.10739
-1.03601 -6.10722
-1.03202 -6.10704
-1.02802 -6.10734
-1.02403 -6.10765
-1.02003 -6.10738
-1.01603 -6.10712
-1.00804 -6.10744
-1.00005 -6.10724
-0.992059 -6.10717
-0.984068 -6.10719
-0.980073 -6.10739
-0.976078 -6.10759
-0.968087 -6.10769
-0.96409 -6.10748
-0.960094 -6.10727
-0.956099 -6.1075
-0.952104 -6.10774
-0.944113 -6.10784
-0.936122 -6.10785
-0.928131 -6.1079
-0.92014 -6.10809
-0.916143 -6.10779
-0.912146 -6.10748
-0.904156 -6.10786
-0.896164 -6.1077
-0.892169 -6.10794
-0.888175 -6.10817
-0.884178 -6.1079
-0.880181 -6.10763
-0.872191 -6.10798
-0.8642 -6.10799
-0.856209 -6.10809
-0.848217 -6.1081
-0.840227 -6.10839
-0.832235 -6.10836
-0.828239 -6.10812
-0.824242 -6.10789
-0.820247 -6.1081
-0.816252 -6.10831
-0.80826 -6.10807
-0.80027 -6.1083
-0.792278 -6.10831
-0.784287 -6.10838
-0.780291 -6.10818
-0.776294 -6.10798
-0.768303 -6.10808
-0.760313 -6.10831
-0.752321 -6.10829
-0.74433 -6.10826
-0.736339 -6.10843
-0.728347 -6.10836
-0.720357 -6.1087
-0.712365 -6.1084
-0.704373 -6.10838
-0.696382 -6.10839
-0.688391 -6.10851
-0.680399 -6.10845
-0.676404 -6.10866
-0.672409 -6.10887
-0.664419 -6.10906
-0.660422 -6.10876
-0.656425 -6.10845
-0.648434 -6.10854
-0.640443 -6.10859
-0.632451 -6.10854
-0.624461 -6.10882
-0.61647 -6.10886
-0.608478 -6.10873
-0.600488 -6.10907
-0.592495 -6.10876
-0.584505 -6.10909
-0.576513 -6.10904
-0.568521 -6.10893
-0.560531 -6.10911
-0.55254 -6.10931
-0.548543 -6.10904
-0.544547 -6.10877
-0.540552 -6.10911
-0.536558 -6.10945
-0.528566 -6.10937
-0.520575 -6.10954
-0.512583 -6.10938
-0.504591 -6.10906
-0.500596 -6.10932
-0.496601 -6.10957
-0.488609 -6.10933
-0.480618 -6.10947
-0.472626 -6.10928
-0.464634 -6.10922
-0.456643 -6.1092
-0.452648 -6.10946
-0.448653 -6.10972
-0.440662 -6.1098
-0.432671 -6.10983
-0.424679 -6.10961
-0.420682 -6.10939
-0.416686 -6.10916
-0.412691 -6.10944
-0.408696 -6.10972
-0.400704 -6.10947
-0.396709 -6.10975
-0.392715 -6.11003
-0.384723 -6.11001
-0.380727 -6.10972
-0.37673 -6.10943
-0.372735 -6.10965
-0.36874 -6.10987
-0.360748 -6.10965
-0.352756 -6.10951
-0.344765 -6.10976
-0.336774 -6.10969
-0.328782 -6.10952
-0.324787 -6.10984
-0.320793 -6.11016
-0.312801 -6.11004
-0.304809 -6.10993
-0.296818 -6.10993
-0.288826 -6.10981
-0.284831 -6.11002
-0.280836 -6.11023
-0.272845 -6.11037
-0.268849 -6.11017
-0.264852 -6.10996
-0.256862 -6.11018
-0.248871 -6.11037
-0.240878 -6.11003
-0.236883 -6.11026
-0.232888 -6.11048
-0.228892 -6.11023
-0.224895 -6.10998
-0.216903 -6.10987
-0.212909 -6.1101
-0.208914 -6.11034
-0.200922 -6.11019
-0.192931 -6.11038
-0.18494 -6.11052
-0.180944 -6.11027
-0.176947 -6.11002
-0.172953 -6.11037
-0.168958 -6.11072
-0.164961 -6.11042
-0.160965 -6.11013
-0.152975 -6.1105
-0.144984 -6.11081
-0.136993 -6.1108
-0.129001 -6.11073
-0.121009 -6.11055
-0.113018 -6.11056
-0.105027 -6.11082
-0.0970364 -6.11093
-0.0890448 -6.11087
-0.0850485 -6.1107
-0.0810521 -6.11052
-0.0730618 -6.11081
-0.0650696 -6.11059
-0.0570782 -6.1106
-0.0530834 -6.11084
-0.0490885 -6.11107
-0.0450921 -6.11088
-0.0410958 -6.11069
-0.0371011 -6.11099
-0.0331065 -6.11129
-0.025115 -6.11126
-0.0211182 -6.11096
-0.0171215 -6.11066
-0.0131267 -6.11091
-0.00913183 -6.11115
-0.00114087 -6.11127
0.00685038 -6.11131
0.0148424 -6.11114
0.0188387 -6.11096
0.0228351 -6.11077
0.0308262 -6.11084
0.0388168 -6.11107
0.0468087 -6.11094
0.0547998 -6.11103
0.0627906 -6.11118
0.0707815 -6.11132
0.078772 -6.11156
0.0827685 -6.11134
0.086765 -6.11111
0.0947564 -6.11112
0.102746 -6.1115
0.110737 -6.11179
0.118729 -6.11147
0.12672 -6.11177
0.130716 -6.11147
0.134713 -6.11117
0.138708 -6.11155
0.142702 -6.11193
0.150694 -6.11176
0.158685 -6.11187
0.166676 -6.11196
0.174668 -6.11175
0.182658 -6.11207
0.186655 -6.11184
0.190651 -6.11162
0.198643 -6.1116
0.202638 -6.11185
0.206632 -6.1121
0.214624 -6.11199
0.222615 -6.11218
0.226612 -6.11183
0.230609 -6.11148
0.234603 -6.11187
0.238597 -6.11226
0.242594 -6.11204
0.24659 -6.11182
0.254582 -6.1117
0.262573 -6.11195
0.270563 -6.11215
0.278555 -6.11197
0.286547 -6.11204
0.294538 -6.11215
0.302529 -6.11218
0.310521 -6.11188
0.318513 -6.11177
0.326504 -6.11187
0.334496 -6.11181
0.342486 -6.11207
0.350476 -6.11247
0.354473 -6.11228
0.358469 -6.1121
0.36646 -6.11219
0.37445 -6.11256
0.382442 -6.11252
0.386438 -6.11233
0.390434 -6.11214
0.394429 -6.1124
0.398424 -6.11267
0.406416 -6.11235
0.410411 -6.11258
0.414406 -6.1128
0.418403 -6.11251
0.4224 -6.11221
0.426395 -6.11243
0.430389 -6.11265
0.438382 -6.11236
0.442377 -6.11259
0.446372 -6.11282
0.454364 -6.11267
0.462356 -6.1125
0.470346 -6.11269
0.478338 -6.11255
0.48633 -6.11239
0.490325 -6.11277
0.494319 -6.11314
0.50231 -6.11309
0.510303 -6.11287
0.518293 -6.11325
0.526284 -6.11314
0.530281 -6.11292
0.534277 -6.1127
0.542268 -6.11297
0.550259 -6.11293
0.55825 -6.11328
0.562246 -6.11309
0.566242 -6.11289
0.574233 -6.11305
0.582225 -6.1128
0.590216 -6.1131
0.598206 -6.11339
0.606197 -6.11346
0.614189 -6.11345
0.62218 -6.1134
0.626177 -6.11321
0.630173 -6.11302
0.638164 -6.11325
0.646155 -6.11321
0.654146 -6.11329
0.662138 -6.1133
0.670128 -6.11354
0.678119 -6.11365
0.686111 -6.11344
0.694103 -6.11332
0.702094 -6.11343
0.706089 -6.11363
0.710084 -6.11384
0.718076 -6.11357
0.726068 -6.11349
0.734058 -6.11381
0.738055 -6.11354
0.742052 -6.11327
0.750043 -6.11333
0.758033 -6.11358
0.766024 -6.1139
0.774015 -6.11376
0.782007 -6.11361
0.786002 -6.11383
0.789997 -6.11404
0.797989 -6.11402
0.805981 -6.11372
0.809976 -6.11396
0.813971 -6.11421
0.821962 -6.11424
0.829955 -6.11395
0.833951 -6.11377
0.837947 -6.11359
0.841942 -6.11387
0.845937 -6.11414
0.853929 -6.11386
0.861921 -6.11374
0.865916 -6.11399
0.869911 -6.11423
0.877902 -6.11416
0.885893 -6.11443
0.893885 -6.11416
0.901877 -6.11392
0.909867 -6.11423
0.913862 -6.11444
0.917857 -6.11464
0.925849 -6.11451
0.929846 -6.11427
0.933842 -6.11402
0.937837 -6.11436
0.941831 -6.1147
0.949823 -6.11462
0.957814 -6.11462
0.965806 -6.11454
0.973797 -6.11482
0.977793 -6.11451
0.98179 -6.1142
0.985785 -6.1145
0.989779 -6.11481
0.993776 -6.11449
0.997773 -6.11416
1.00576 -6.11443
1.01376 -6.11436
1.02175 -6.11476
1.02974 -6.11502
1.03773 -6.11489
1.04572 -6.1149
1.05371 -6.1149
1.0617 -6.11513
1.0657 -6.11481
1.06969 -6.11448
1.07369 -6.11474
1.07768 -6.115
1.08568 -6.11477
1.09367 -6.11479
1.09766 -6.115
1.10166 -6.11522
1.10965 -6.11495
1.11764 -6.11519
1.12563 -6.11534
1.12963 -6.11509
1.13362 -6.11484
1.14162 -6.11499
1.14961 -6.11475
1.1576 -6.11482
1.16559 -6.11482
1.17358 -6.11503
1.18157 -6.1153
1.18557 -6.11511
1.18956 -6.11492
1.19356 -6.11513
1.19755 -6.11534
1.20554 -6.11544
1.21354 -6.11557
1.21753 -6.1153
1.22153 -6.11502
1.22552 -6.11523
1.22952 -6.11545
1.23751 -6.11539
1.2455 -6.11522
1.25349 -6.11547
1.26148 -6.11547
1.26948 -6.11519
1.27747 -6.11534
1.28546 -6.11557
1.29345 -6.11543
1.29744 -6.11572
1.30144 -6.11601
1.30544 -6.11581
1.30943 -6.11561
1.31742 -6.11546
1.32542 -6.11541
1.33341 -6.11564
1.3414 -6.11603
1.34939 -6.11611
1.35738 -6.11578
1.36137 -6.11601
1.36537 -6.11624
1.36937 -6.11602
1.37336 -6.1158
1.37736 -6.11602
1.38135 -6.11625
1.38535 -6.11606
1.38935 -6.11587
1.39734 -6.1162
1.40133 -6.11597
1.40533 -6.11573
1.41332 -6.11584
1.42131 -6.11602
1.4293 -6.11639
1.4333 -6.11608
1.43729 -6.11577
1.44129 -6.11609
1.44528 -6.11642
1.45328 -6.11614
1.46127 -6.11629
1.46926 -6.11628
1.47725 -6.11632
1.48524 -6.11632
1.49323 -6.11641
1.50122 -6.11645
1.50921 -6.11634
1.51721 -6.1164
1.5252 -6.11649
1.53319 -6.1165
1.54118 -6.11639
1.54917 -6.11629
1.55317 -6.11658
1.55716 -6.11688
1.56116 -6.11669
1.56515 -6.11649
1.57315 -6.11647
1.58114 -6.11656
1.58913 -6.11655
1.59712 -6.11639
1.60511 -6.11657
1.6131 -6.11673
1.62109 -6.11663
1.62908 -6.11665
1.63708 -6.11651
1.64107 -6.11687
1.64506 -6.11724
1.64906 -6.117
1.65306 -6.11676
1.66105 -6.11692
1.66904 -6.11696
1.67703 -6.11689
1.68502 -6.11711
1.69301 -6.11708
1.70101 -6.11693
1.709 -6.11708
1.71699 -6.11701
1.72498 -6.11684
1.73297 -6.11714
1.74096 -6.11734
1.74895 -6.11732
1.75694 -6.11746
1.76494 -6.11735
1.77293 -6.11724
1.78092 -6.11761
1.78891 -6.11736
1.7969 -6.11719
1.80489 -6.11734
1.81288 -6.11714
1.82088 -6.11708
1.82487 -6.11737
1.82887 -6.11766
1.83686 -6.11755
1.84485 -6.11776
1.84884 -6.11753
1.85284 -6.11731
1.85684 -6.11759
1.86083 -6.11787
1.86882 -6.11762
1.87681 -6.11799
1.8848 -6.11793
1.8928 -6.11762
1.90079 -6.11774
1.90878 -6.11755
1.91677 -6.11774
1.92476 -6.11799
1.93275 -6.11781
1.94074 -6.11816
1.94474 -6.11788
1.94874 -6.11761
1.95673 -6.11785
1.96472 -6.11792
1.97271 -6.11826
1.97671 -6.11795
1.9807 -6.11764
1.9847 -6.11798
1.98869 -6.11833
1.99668 -6.11825
2.00467 -6.11816
2.01267 -6.11814
2.02066 -6.11821
2.02465 -6.11801
2.02865 -6.11782
2.03664 -6.11789
2.04463 -6.11822
2.05262 -6.11826
2.0606 -6.11792
2.06518 -6.11779
2.06974 -6.11759
2.07431 -6.11717
2.0789 -6.1168
2.08331 -6.11552
2.08794 -6.11501
2.09217 -6.11319
2.09655 -6.11183
2.10081 -6.11011
2.10493 -6.1081
2.11209 -6.10459
2.11918 -6.10095
2.12648 -6.09775
2.13373 -6.09443
2.14079 -6.09073
2.14803 -6.08741
2.15497 -6.08347
2.16205 -6.07981
2.1694 -6.07669
2.17651 -6.0731
2.18371 -6.06968
2.19097 -6.06639
2.19786 -6.06235
2.20495 -6.05871
2.21234 -6.05569
2.21954 -6.05226
2.22658 -6.04853
2.23383 -6.04521
2.24081 -6.04134
2.2479 -6.03771
2.25508 -6.03426
2.26233 -6.03095
2.26948 -6.02742
2.27684 -6.02434
2.28375 -6.02034
2.29114 -6.01732
2.2983 -6.01381
2.30537 -6.01013
2.31264 -6.00686
2.31973 -6.00323
2.32676 -5.99947
2.33393 -5.996
2.34119 -5.9927
2.34811 -5.98871
2.35529 -5.98525
2.36261 -5.98209
2.36985 -5.97877
2.37695 -5.97515
2.38417 -5.97177
2.39128 -5.96818
2.39847 -5.96474
2.40556 -5.96109
2.41267 -5.95749
2.41966 -5.95365
2.42706 -5.95065
2.4341 -5.9469
2.44142 -5.94373
2.44853 -5.94014
2.45566 -5.93659
2.46282 -5.93309
2.46998 -5.9296
2.4769 -5.9256
2.48404 -5.92207
2.49147 -5.91913
2.49867 -5.91571
2.50558 -5.9117
2.51268 -5.9081
2.52013 -5.9052
2.52708 -5.90127
2.53434 -5.89797
2.54127 -5.89402
2.54862 -5.89091
2.55588 -5.88762
2.56306 -5.88415
2.57023 -5.88069
2.5774 -5.8772
2.58428 -5.87314
2.59154 -5.86986
2.59862 -5.86619
2.60577 -5.86267
2.61298 -5.85929
2.62013 -5.85577
2.62719 -5.85207
2.63453 -5.84893
2.64168 -5.84543
2.64861 -5.84146
2.65599 -5.8384
2.66318 -5.83496
2.66671 -5.83277
2.67057 -5.83113
2.67369 -5.82833
2.67746 -5.8265
2.68066 -5.82385
2.68366 -5.82098
2.6897 -5.81577
2.69585 -5.81067
2.70204 -5.80562
2.70805 -5.80036
2.71429 -5.79538
2.72031 -5.79014
2.72636 -5.78493
2.73261 -5.77995
2.73838 -5.77441
2.74159 -5.77203
2.74481 -5.76965
2.75084 -5.76442
2.75678 -5.75908
2.76297 -5.75403
2.76918 -5.74901
2.77511 -5.74366
2.78128 -5.73859
2.78736 -5.73341
2.79338 -5.72818
2.79948 -5.72302
2.80571 -5.71802
2.8118 -5.71286
2.81467 -5.71007
2.81754 -5.70728
2.82369 -5.70219
2.82973 -5.69697
2.8359 -5.69191
2.84221 -5.687
2.84807 -5.68156
2.85414 -5.67638
2.86013 -5.67109
2.8664 -5.66615
2.87255 -5.66106
2.87879 -5.65606
2.8816 -5.65321
2.88442 -5.65036
2.89069 -5.64542
2.89691 -5.6404
2.90291 -5.63514
2.90881 -5.62974
2.91494 -5.62464
2.91815 -5.62225
2.92136 -5.61986
2.92725 -5.61447
2.93357 -5.60957
2.93948 -5.6042
2.94528 -5.59869
2.95145 -5.59362
2.95771 -5.58865
2.96379 -5.58349
2.97002 -5.57849
2.9761 -5.57332
2.98221 -5.56817
2.98809 -5.56276
2.99438 -5.55783
3.00027 -5.55243
3.00625 -5.54715
3.01261 -5.5423
3.01857 -5.53699
3.02476 -5.53194
3.03064 -5.52652
3.03697 -5.52165
3.04292 -5.51632
3.04877 -5.51087
3.05513 -5.50603
3.06127 -5.50093
3.06715 -5.49552
3.07342 -5.49057
3.0763 -5.48779
3.07917 -5.48501
3.08542 -5.48003
3.09164 -5.47502
3.09768 -5.46979
3.10389 -5.46478
3.10675 -5.46198
3.10961 -5.45918
3.11594 -5.45429
3.12218 -5.44931
3.12504 -5.44651
3.1279 -5.44371
3.13397 -5.43853
3.1401 -5.43341
3.14634 -5.42843
3.15259 -5.42344
3.15847 -5.41804
3.16463 -5.41296
3.17053 -5.40757
3.17689 -5.40273
3.18306 -5.39766
3.18893 -5.39224
3.19504 -5.3871
3.20121 -5.38203
3.20722 -5.37677
3.2133 -5.3716
3.21918 -5.36619
3.22524 -5.36099
3.23132 -5.35581
3.23755 -5.35081
3.24364 -5.34566
3.25001 -5.34083
3.2561 -5.33566
3.26202 -5.3303
3.26816 -5.32519
3.27429 -5.32008
3.28043 -5.31498
3.2865 -5.30979
3.29233 -5.30431
3.29858 -5.29934
3.30143 -5.29654
3.30429 -5.29373
3.30757 -5.29143
3.31085 -5.28912
3.31695 -5.28398
3.32275 -5.27846
3.32878 -5.27323
3.33492 -5.26814
3.34119 -5.26318
3.34727 -5.25801
3.35307 -5.25251
3.35923 -5.24742
3.36514 -5.24204
3.36841 -5.23973
3.37169 -5.23742
3.37766 -5.23213
3.38388 -5.22712
3.38993 -5.2219
3.39573 -5.2164
3.40174 -5.21115
3.40779 -5.20594
3.41403 -5.20095
3.42032 -5.19602
3.42612 -5.19052
3.42934 -5.18814
3.43256 -5.18577
3.43835 -5.18025
3.44453 -5.17519
3.45062 -5.17003
3.45675 -5.16491
3.46273 -5.15962
3.46874 -5.15438
3.47264 -5.15118
3.47641 -5.14781
3.47964 -5.14396
3.4825 -5.13982
3.48685 -5.13495
3.49082 -5.12979
3.4948 -5.12464
3.49764 -5.12132
3.49895 -5.11849
3.50199 -5.11423
3.50479 -5.10982
3.50723 -5.10519
3.5095 -5.10048
3.51126 -5.09556
3.51355 -5.0908
3.51483 -5.08573
3.51571 -5.08057
3.51671 -5.07543
3.51775 -5.07027
3.51779 -5.06503
3.51781 -5.05981
3.518 -5.05182
3.51748 -5.04384
3.51779 -5.03985
3.5181 -5.03585
3.51762 -5.02787
3.51806 -5.01989
3.51757 -5.01191
3.51802 -5.00392
3.51775 -4.99594
3.51724 -4.98796
3.51748 -4.98397
3.51773 -4.97997
3.51741 -4.97199
3.51743 -4.96401
3.51705 -4.95603
3.51712 -4.94805
3.5169 -4.94006
3.51696 -4.93208
3.51687 -4.9241
3.51693 -4.91611
3.51693 -4.90813
3.51737 -4.90015
3.51709 -4.89616
3.5168 -4.89217
3.51722 -4.88418
3.5173 -4.8762
3.51692 -4.86822
3.51675 -4.86023
3.51693 -4.85224
3.51625 -4.84775
3.51618 -4.84325
3.51563 -4.83877
3.51472 -4.83436
3.51387 -4.82993
3.51331 -4.82539
3.51154 -4.82122
3.51013 -4.81692
3.50834 -4.81278
3.50647 -4.80867
3.50413 -4.8048
3.50218 -4.80072
3.49945 -4.79709
3.49759 -4.79292
3.49502 -4.78884
3.49209 -4.785
3.48882 -4.78145
3.48612 -4.77739
3.48223 -4.77447
3.47893 -4.77096
3.47292 -4.76568
3.46693 -4.76039
3.46404 -4.75761
3.46116 -4.75484
3.4552 -4.7495
3.4493 -4.74411
3.44332 -4.73879
3.43735 -4.73347
3.43432 -4.73086
3.43128 -4.72825
3.42853 -4.72534
3.42577 -4.72242
3.41986 -4.71703
3.41682 -4.71443
3.41378 -4.71184
3.4078 -4.70652
3.40188 -4.70114
3.39878 -4.69861
3.39568 -4.69607
3.39285 -4.69324
3.39003 -4.6904
3.38705 -4.688
