1.98552 -3.43531
1.9825 -3.43229
1.97929 -3.42988
1.97608 -3.42748
1.97035 -3.4219
1.96434 -3.41663
1.95812 -3.4116
1.95539 -3.40866
1.95266 -3.40572
1.94941 -3.40336
1.94616 -3.401
1.94033 -3.39553
1.93448 -3.3901
1.92848 -3.38482
1.9227 -3.37929
1.91957 -3.37681
1.91643 -3.37432
1.9107 -3.36873
1.90753 -3.36629
1.90436 -3.36384
1.89859 -3.35831
1.89244 -3.35321
1.88959 -3.3504
1.88674 -3.34759
1.88066 -3.3424
1.87462 -3.33717
1.86887 -3.33161
1.86278 -3.32644
1.85657 -3.3214
1.85375 -3.31856
1.85092 -3.31572
1.84494 -3.31043
1.84173 -3.30802
1.83853 -3.30562
1.83249 -3.30039
1.82671 -3.29486
1.82091 -3.28936
1.81772 -3.28694
1.81452 -3.28451
1.80855 -3.27921
1.80269 -3.27377
1.79675 -3.26843
1.79392 -3.2656
1.79109 -3.26276
1.78505 -3.25754
1.77908 -3.25223
1.77302 -3.24702
1.76688 -3.2419
1.76115 -3.23631
1.75491 -3.23131
1.74919 -3.22572
1.74607 -3.22323
1.74294 -3.22073
1.73699 -3.2154
1.73113 -3.20997
1.72799 -3.20748
1.72485 -3.205
1.72206 -3.20213
1.71927 -3.19925
1.71612 -3.19678
1.71298 -3.1943
1.70711 -3.18887
1.70105 -3.18367
1.69502 -3.17843
1.68887 -3.17332
1.68601 -3.17053
1.68315 -3.16773
1.67718 -3.16242
1.6714 -3.15689
1.66823 -3.15445
1.66505 -3.15201
1.65921 -3.14656
1.65323 -3.14126
1.64746 -3.13571
1.64143 -3.13047
1.63823 -3.12806
1.63503 -3.12565
1.63218 -3.12284
1.62933 -3.12004
1.62324 -3.11486
1.61743 -3.10937
1.61425 -3.10693
1.61107 -3.1045
1.60515 -3.09914
1.60233 -3.09629
1.59951 -3.09345
1.59362 -3.08805
1.59046 -3.0856
1.58729 -3.08315
1.58132 -3.07783
1.57847 -3.07503
1.57561 -3.07223
1.56938 -3.06722
1.56654 -3.0644
1.5637 -3.06158
1.56047 -3.0592
1.55724 -3.05682
1.55147 -3.05129
1.54528 -3.04622
1.54244 -3.0434
1.53961 -3.04057
1.53643 -3.03814
1.53326 -3.0357
1.52728 -3.03039
1.52445 -3.02756
1.52163 -3.02473
1.51569 -3.01938
1.5098 -3.01398
1.50366 -3.00886
1.49752 -3.00374
1.49177 -2.99818
1.48858 -2.99576
1.48538 -2.99334
1.48256 -2.9905
1.47975 -2.98765
1.47367 -2.98246
1.46789 -2.97695
1.46167 -2.97191
1.45567 -2.96664
1.44994 -2.96106
1.44678 -2.95859
1.44363 -2.95613
1.44079 -2.95331
1.43794 -2.9505
1.43169 -2.94551
1.42578 -2.94013
1.41999 -2.93462
1.41394 -2.92939
1.40796 -2.9241
1.40194 -2.91884
1.39575 -2.91378
1.39292 -2.91095
1.39009 -2.90812
1.38694 -2.90565
1.3838 -2.90317
1.37799 -2.89768
1.37182 -2.89259
1.36606 -2.88705
1.35986 -2.88199
1.35386 -2.87672
1.35105 -2.87387
1.34824 -2.87102
1.3451 -2.86853
1.34197 -2.86605
1.33614 -2.86058
1.33011 -2.85534
1.32394 -2.85025
1.31808 -2.84482
1.3121 -2.83952
1.3061 -2.83424
1.29988 -2.82922
1.29706 -2.82637
1.29425 -2.82352
1.28811 -2.8184
1.28199 -2.81326
1.276 -2.80797
1.27002 -2.80268
1.26428 -2.79711
1.25819 -2.79193
1.25201 -2.78685
1.24627 -2.78129
1.24029 -2.77599
1.23431 -2.77068
1.22826 -2.76547
1.2254 -2.76267
1.22255 -2.75986
1.21657 -2.75456
1.21036 -2.74952
1.20416 -2.74447
1.20141 -2.74155
1.19867 -2.73862
1.19547 -2.73621
1.19228 -2.73379
1.18642 -2.72835
1.18066 -2.7228
1.17753 -2.72031
1.1744 -2.71782
1.16859 -2.71232
1.16247 -2.70719
1.15962 -2.70439
1.15676 -2.70158
1.15352 -2.69922
1.15028 -2.69686
1.14448 -2.69135
1.13867 -2.68586
1.13285 -2.68038
1.12969 -2.67792
1.12653 -2.67546
1.12068 -2.67002
1.1149 -2.6645
1.11165 -2.66213
1.10841 -2.65977
1.10256 -2.65432
1.09971 -2.65152
1.09685 -2.64872
1.09089 -2.6434
1.08469 -2.63834
1.0787 -2.63306
1.07291 -2.62755
1.06971 -2.62513
1.06651 -2.62272
1.06368 -2.61989
1.06085 -2.61707
1.05502 -2.6116
1.04898 -2.60636
1.04583 -2.60389
1.04269 -2.60141
1.03675 -2.59606
1.03069 -2.59086
1.02481 -2.58545
1.01893 -2.58003
1.01275 -2.57496
1.00696 -2.56944
1.00107 -2.56404
0.995181 -2.55865
0.988977 -2.5536
0.98585 -2.55111
0.982723 -2.54861
0.976923 -2.54311
0.971121 -2.53761
0.967944 -2.53517
0.964766 -2.53273
0.958878 -2.52733
0.9561 -2.52444
0.953322 -2.52155
0.950185 -2.51907
0.947048 -2.51659
0.941001 -2.51136
0.934884 -2.50622
0.932026 -2.50342
0.929168 -2.50062
0.923405 -2.49508
0.917198 -2.49003
0.911201 -2.48475
0.905009 -2.4797
0.899144 -2.47427
0.896288 -2.47147
0.893431 -2.46867
0.887383 -2.46344
0.884239 -2.46097
0.881095 -2.45849
0.875024 -2.4533
0.87225 -2.4504
0.869476 -2.44751
0.863359 -2.44236
0.857469 -2.43696
0.854319 -2.43449
0.851169 -2.43203
0.845347 -2.42655
0.839579 -2.42101
0.833594 -2.41572
0.827432 -2.41062
0.821551 -2.40521
0.818369 -2.40278
0.815186 -2.40035
0.809391 -2.39484
0.803498 -2.38944
0.797398 -2.38428
0.794552 -2.38147
0.791706 -2.37866
0.785752 -2.37333
0.779586 -2.36824
0.77366 -2.36288
0.767799 -2.35744
0.761723 -2.35225
0.755544 -2.34718
0.749609 -2.34183
0.743737 -2.33641
0.7379 -2.33095
0.731779 -2.32581
0.725706 -2.32062
0.71975 -2.31529
0.716611 -2.31281
0.713472 -2.31033
0.707598 -2.30491
0.701787 -2.29942
0.695743 -2.29419
0.689576 -2.2891
0.683786 -2.28359
0.67791 -2.27817
0.671891 -2.27292
0.665906 -2.26763
0.659901 -2.26235
0.654015 -2.25695
0.647966 -2.25173
0.644798 -2.24928
0.641631 -2.24683
0.635693 -2.24148
0.629945 -2.23592
0.629775 -2.23562
0.623557 -2.23067
0.617854 -2.22513
0.611778 -2.22002
0.605922 -2.21465
0.599819 -2.20957
0.593836 -2.20435
0.587697 -2.19931
0.581822 -2.19397
0.575797 -2.1888
0.570051 -2.18331
0.563945 -2.17823
0.558125 -2.17283
0.552058 -2.16771
0.546286 -2.16225
0.540406 -2.15691
0.534281 -2.15186
0.528363 -2.14656
0.522369 -2.14136
0.516435 -2.13608
0.510249 -2.1311
0.504302 -2.12584
0.498353 -2.12058
0.492692 -2.11499
0.486763 -2.10971
0.480707 -2.10458
0.474848 -2.09922
0.468605 -2.0943
0.46289 -2.08877
0.456816 -2.08366
0.450587 -2.07872
0.444694 -2.0734
0.439025 -2.06782
0.432872 -2.0628
0.426915 -2.05755
0.421197 -2.05203
0.415035 -2.04702
0.409285 -2.04153
0.403029 -2.03663
0.397083 -2.03137
0.391014 -2.02624
0.384929 -2.02114
0.379137 -2.01571
0.373082 -2.01057
0.367468 -2.00493
0.361516 -1.99968
0.355581 -1.9944
0.349456 -1.98935
0.34318 -1.98446
0.337307 -1.97912
0.331387 -1.97383
0.32538 -1.96864
0.319347 -1.96348
0.31377 -1.9578
0.307671 -1.95271
0.301895 -1.94726
0.295802 -1.94216
0.289724 -1.93705
0.283708 -1.93187
0.277624 -1.92677
0.272116 -1.92101
0.265996 -1.91595
0.26001 -1.91073
0.254153 -1.90537
0.247931 -1.90042
0.241916 -1.89524
0.236157 -1.88977
0.230047 -1.88469
0.224027 -1.87952
0.218401 -1.87389
0.21228 -1.86883
0.20617 -1.86376
0.200152 -1.85858
0.194189 -1.85334
0.188251 -1.84807
0.182351 -1.84276
0.176219 -1.83771
0.170387 -1.83232
0.164328 -1.82719
0.158654 -1.82162
0.15264 -1.81643
0.146529 -1.81136
0.140754 -1.8059
0.134628 -1.80085
0.12894 -1.7953
0.122811 -1.79024
0.116977 -1.78485
0.110715 -1.77995
0.104648 -1.77483
0.0992055 -1.769
0.093057 -1.76397
0.0871148 -1.7587
0.0808622 -1.75379
0.075294 -1.7481
0.0693058 -1.74289
0.0630892 -1.73794
0.0573863 -1.7324
0.0513484 -1.72724
0.0453566 -1.72203
0.0392987 -1.7169
0.0334246 -1.71156
0.0274706 -1.70631
0.0211814 -1.70144
0.0156564 -1.6957
0.00963259 -1.69053
0.00372371 -1.68522
-0.00237132 -1.68013
-0.00822473 -1.67477
-0.014154 -1.66949
-0.0201779 -1.66431
-0.0261399 -1.65907
-0.0322872 -1.65404
-0.0382769 -1.64883
-0.044376 -1.64377
-0.048108 -1.64019
-0.0520774 -1.63686
-0.0565887 -1.63436
-0.0609224 -1.63158
-0.065641 -1.62951
-0.070184 -1.62711
-0.0750473 -1.62542
-0.079756 -1.6233
-0.084735 -1.62199
-0.0896795 -1.62042
-0.0947762 -1.6197
-0.0999085 -1.6193
-0.105049 -1.61902
-0.110183 -1.61884
-0.117195 -1.61862
-0.124207 -1.61902
-0.131219 -1.61854
-0.13823 -1.61848
-0.145242 -1.61858
-0.152254 -1.61862
-0.157207 -1.61903
-0.162199 -1.61896
-0.16714 -1.6195
-0.172024 -1.62049
-0.176796 -1.62188
-0.181561 -1.62322
-0.186211 -1.62497
-0.191046 -1.62626
-0.195437 -1.62859
-0.19973 -1.63103
-0.204138 -1.63335
-0.208239 -1.63611
-0.212466 -1.63875
-0.216559 -1.6416
-0.222571 -1.64686
-0.228539 -1.65217
-0.234702 -1.65724
-0.240847 -1.66234
-0.247151 -1.66725
-0.253178 -1.67249
-0.259347 -1.67756
-0.265443 -1.68272
-0.271698 -1.68769
-0.277717 -1.69293
-0.283663 -1.69827
-0.28983 -1.70334
-0.295907 -1.70852
-0.302046 -1.71363
-0.305289 -1.71597
-0.308531 -1.71832
-0.314361 -1.7238
-0.320736 -1.72862
-0.323578 -1.73144
-0.326419 -1.73427
-0.329678 -1.7366
-0.332936 -1.73892
-0.339172 -1.74391
-0.342036 -1.74671
-0.344899 -1.74951
-0.348146 -1.75185
-0.351393 -1.75419
-0.35751 -1.75932
-0.36368 -1.76439
-0.369603 -1.76976
-0.375652 -1.77497
-0.381625 -1.78028
-0.384874 -1.78261
-0.388124 -1.78495
-0.39405 -1.79031
-0.400166 -1.79544
-0.406438 -1.80039
-0.412404 -1.8057
-0.418464 -1.8109
-0.421727 -1.81322
-0.42499 -1.81554
-0.431116 -1.82067
-0.434022 -1.82341
-0.436927 -1.82616
-0.442905 -1.83146
-0.44929 -1.83627
-0.455548 -1.84124
-0.461409 -1.84668
-0.467587 -1.85174
-0.473579 -1.85702
-0.476848 -1.85933
-0.480118 -1.86164
-0.486116 -1.86692
-0.492188 -1.8721
-0.49832 -1.87722
-0.50455 -1.88221
-0.510777 -1.88721
-0.516922 -1.89231
-0.523026 -1.89746
-0.528971 -1.9028
-0.534958 -1.90809
-0.54101 -1.9133
-0.547412 -1.91809
-0.55333 -1.92346
-0.559433 -1.92861
-0.565814 -1.93342
-0.571789 -1.93872
-0.578166 -1.94354
-0.583998 -1.94902
-0.590228 -1.95401
-0.59614 -1.95939
-0.599427 -1.96168
-0.602713 -1.96398
-0.605574 -1.96678
-0.608435 -1.96958
-0.614718 -1.97452
-0.620738 -1.97976
-0.626814 -1.98494
-0.633158 -1.9898
-0.639453 -1.99472
-0.645577 -1.99985
-0.651506 -2.0052
-0.657884 -2.01002
-0.660733 -2.01284
-0.663581 -2.01566
-0.669862 -2.02059
-0.675939 -2.02577
-0.68226 -2.03066
-0.688468 -2.03568
-0.694604 -2.04079
-0.700635 -2.04603
-0.706654 -2.05128
-0.712695 -2.0565
-0.715933 -2.05885
-0.71917 -2.0612
-0.721998 -2.06405
-0.724827 -2.06689
-0.731183 -2.07173
-0.737176 -2.07701
-0.743381 -2.08204
-0.749753 -2.08687
-0.752643 -2.08957
-0.752272 -2.0896
-0.752006 -2.09037
-0.751609 -2.091
-0.751527 -2.09182
-0.750695 -2.0922
-0.750643 -2.09301
-0.74991 -2.09352
-0.749816 -2.0943
-0.749773 -2.09507
-0.749778 -2.09584
-0.749884 -2.0966
-0.749805 -2.09733
-0.749713 -2.09807
-0.749967 -2.09879
-0.750503 -2.10401
-0.751038 -2.10923
-0.751217 -2.10991
-0.751183 -2.11062
-0.751082 -2.11138
-0.751767 -2.11191
-0.751696 -2.11268
-0.751749 -2.11344
-0.75231 -2.11396
-0.752435 -2.11472
-0.755787 -2.12008
-0.759139 -2.12543
-0.76249 -2.13079
-0.765842 -2.13614
-0.766428 -2.13664
-0.766458 -2.13749
-0.767335 -2.13775
-0.767478 -2.13858
-0.767957 -2.13915
-0.768515 -2.13965
-0.769506 -2.13958
-0.769965 -2.14016
-0.770343 -2.14094
-0.771342 -2.14063
-0.77195 -2.141
-0.777838 -2.1437
-0.783725 -2.14639
-0.789613 -2.14908
-0.7955 -2.15177
-0.801388 -2.15446
-0.802298 -2.1541
-0.802747 -2.15489
-0.808371 -2.15665
-0.813995 -2.15842
-0.819619 -2.16018
-0.820453 -2.16002
-0.821209 -2.16006
-0.821908 -2.16042
-0.822698 -2.16004
-0.823425 -2.16031
-0.824172 -2.16028
-0.8249 -2.16006
-0.825658 -2.16011
-0.826444 -2.16017
-0.827013 -2.15941
-0.827768 -2.15935
-0.828566 -2.15931
-0.829094 -2.15868
-0.829732 -2.1583
-0.830304 -2.15782
-0.830824 -2.15729
-0.831744 -2.15722
-0.832128 -2.15652
-0.832517 -2.1563
-0.835485 -2.1586
-0.841706 -2.16361
-0.847754 -2.16882
-0.853998 -2.1738
-0.860019 -2.17905
-0.866189 -2.18412
-0.872346 -2.1892
-0.878398 -2.19441
-0.878699 -2.1953
-0.881925 -2.19768
-0.885152 -2.20006
-0.891178 -2.20531
-0.897283 -2.21048
-0.903411 -2.21562
-0.90964 -2.22063
-0.912505 -2.22344
-0.915369 -2.22624
-0.921491 -2.23138
-0.927501 -2.23666
-0.93064 -2.23914
-0.93378 -2.24162
-0.939907 -2.24676
-0.945869 -2.25209
-0.949055 -2.25451
-0.95224 -2.25694
-0.955154 -2.25968
-0.958068 -2.26243
-0.964178 -2.26759
-0.970426 -2.27258
-0.976467 -2.27782
-0.982458 -2.28312
-0.988657 -2.28817
-0.994709 -2.2934
-1.00085 -2.29853
-1.00401 -2.30097
-1.00718 -2.30342
-1.01001 -2.30627
-1.01284 -2.30911
-1.01608 -2.31147
-1.01932 -2.31383
-1.02219 -2.31663
-1.02505 -2.31944
-1.02825 -2.32184
-1.03146 -2.32425
-1.03766 -2.3293
-1.04057 -2.33205
-1.04347 -2.3348
-1.04972 -2.33979
-1.05265 -2.34252
-1.05558 -2.34525
-1.05877 -2.34768
-1.06195 -2.3501
-1.0649 -2.3528
-1.06786 -2.3555
-1.07081 -2.3582
-1.07377 -2.36089
-1.07984 -2.36609
-1.08605 -2.37113
-1.09222 -2.37622
-1.0954 -2.37865
-1.09858 -2.38108
-1.10145 -2.38388
-1.10432 -2.38668
-1.11051 -2.39175
-1.11372 -2.39414
-1.11693 -2.39654
-1.12301 -2.40173
-1.12909 -2.40692
-1.13192 -2.40977
-1.13476 -2.41261
-1.141 -2.41761
-1.14714 -2.42272
-1.15011 -2.42541
-1.15307 -2.4281
-1.15634 -2.43042
-1.15961 -2.43274
-1.16248 -2.43554
-1.16535 -2.43835
-1.16853 -2.44078
-1.1717 -2.44321
-1.17779 -2.4484
-1.18072 -2.45113
-1.18365 -2.45386
-1.18979 -2.45898
-1.19297 -2.46141
-1.19615 -2.46384
-1.20209 -2.46919
-1.20812 -2.47444
-1.21427 -2.47956
-1.22034 -2.48476
-1.22656 -2.48979
-1.23251 -2.49514
-1.23567 -2.4976
-1.23882 -2.50006
-1.24164 -2.50292
-1.24446 -2.50578
-1.24759 -2.50826
-1.25073 -2.51074
-1.25689 -2.51585
-1.25986 -2.51853
-1.26282 -2.52121
-1.26605 -2.52359
-1.26927 -2.52598
-1.27523 -2.53131
-1.28128 -2.53653
-1.28735 -2.54174
-1.29357 -2.54676
-1.2997 -2.5519
-1.30261 -2.55465
-1.30553 -2.5574
-1.30875 -2.55977
-1.31198 -2.56215
-1.31802 -2.56739
-1.32091 -2.57016
-1.3238 -2.57293
-1.32694 -2.57541
-1.33008 -2.57789
-1.33603 -2.58324
-1.34212 -2.58842
-1.34528 -2.59087
-1.34844 -2.59333
-1.35139 -2.59603
-1.35434 -2.59874
-1.36041 -2.60395
-1.3664 -2.60924
-1.36966 -2.61158
-1.37292 -2.61392
-1.37579 -2.61671
-1.37867 -2.6195
-1.38467 -2.62479
-1.3879 -2.62716
-1.39113 -2.62954
-1.39708 -2.63488
-1.40328 -2.63994
-1.40619 -2.64268
-1.4091 -2.64543
-1.41234 -2.64779
-1.41558 -2.65016
-1.41847 -2.65293
-1.42135 -2.65571
-1.42757 -2.66074
-1.43365 -2.66594
-1.43659 -2.66864
-1.43954 -2.67135
-1.44578 -2.67636
-1.44891 -2.67885
-1.45205 -2.68133
-1.45812 -2.68653
-1.46416 -2.69177
-1.4704 -2.69678
-1.47334 -2.69949
-1.47627 -2.70221
-1.47947 -2.70462
-1.48267 -2.70703
-1.48867 -2.71232
-1.49161 -2.71504
-1.49454 -2.71776
-1.50057 -2.72302
-1.50378 -2.72541
-1.50699 -2.72781
-1.51293 -2.73317
-1.51914 -2.73821
-1.52536 -2.74324
-1.52819 -2.74608
-1.53102 -2.74892
-1.53424 -2.75131
-1.53745 -2.7537
-1.54041 -2.7564
-1.54336 -2.75909
-1.54654 -2.76153
-1.54971 -2.76398
-1.55571 -2.76926
-1.56192 -2.77431
-1.56791 -2.7796
-1.57083 -2.78234
-1.57374 -2.78509
-1.57999 -2.79008
-1.58317 -2.79251
-1.58635 -2.79494
-1.59247 -2.80009
-1.59527 -2.80297
-1.59806 -2.80586
-1.60427 -2.81091
-1.61047 -2.81595
-1.61341 -2.81867
-1.61635 -2.82139
-1.61955 -2.82379
-1.62276 -2.82619
-1.62568 -2.82892
-1.62861 -2.83166
-1.63472 -2.83681
-1.63795 -2.83918
-1.64119 -2.84155
-1.64404 -2.84437
-1.64689 -2.84718
-1.65312 -2.8522
-1.65915 -2.85746
-1.66232 -2.8599
-1.66549 -2.86235
-1.67149 -2.86762
-1.67764 -2.87274
-1.68365 -2.87802
-1.68978 -2.88315
-1.69293 -2.88562
-1.69608 -2.88809
-1.70216 -2.89327
-1.70818 -2.89854
-1.71433 -2.90365
-1.71726 -2.90638
-1.72018 -2.90912
-1.72334 -2.91158
-1.72649 -2.91404
-1.72944 -2.91674
-1.73238 -2.91945
-1.73841 -2.92471
-1.74449 -2.9299
-1.7477 -2.9323
-1.75092 -2.93469
-1.75698 -2.93991
-1.75984 -2.94271
-1.76271 -2.94551
-1.76876 -2.95073
-1.77494 -2.95581
-1.77812 -2.95824
-1.7813 -2.96067
-1.78756 -2.96566
-1.79046 -2.96842
-1.79337 -2.97117
-1.79959 -2.9762
-1.8058 -2.98124
-1.80875 -2.98394
-1.81169 -2.98665
-1.81771 -2.99192
-1.82377 -2.99714
-1.8269 -2.99962
-1.83003 -3.00211
-1.83601 -3.00742
-1.8421 -3.01261
-1.84806 -3.01795
-1.85121 -3.02041
-1.85436 -3.02287
-1.86046 -3.02804
-1.86641 -3.03339
-1.87262 -3.03844
-1.87577 -3.04091
-1.87891 -3.04338
-1.88501 -3.04855
-1.89119 -3.05363
-1.89728 -3.05881
-1.9002 -3.06155
-1.90312 -3.06429
-1.90629 -3.06672
-1.90947 -3.06916
-1.9155 -3.0744
-1.92146 -3.07974
-1.92761 -3.08485
-1.93375 -3.08998
-1.93988 -3.09511
-1.94589 -3.10039
-1.94902 -3.10288
-1.95216 -3.10536
-1.95503 -3.10815
-1.95791 -3.11094
-1.96398 -3.11615
-1.97021 -3.12116
-1.97621 -3.12645
-1.98233 -3.1316
-1.98829 -3.13693
-1.99154 -3.13928
-1.99479 -3.14163
-2.00085 -3.14684
-2.00697 -3.15199
-2.00993 -3.15468
-2.01289 -3.15737
-2.01606 -3.15982
-2.01922 -3.16227
-2.02517 -3.16762
-2.03128 -3.17277
-2.03742 -3.1779
-2.04038 -3.18059
-2.04334 -3.18328
-2.0465 -3.18573
-2.04967 -3.18819
-2.05258 -3.19093
-2.0555 -3.19367
-2.06156 -3.19889
-2.06775 -3.20395
-2.07376 -3.20923
-2.07981 -3.21445
-2.08606 -3.21945
-2.09206 -3.22474
-2.09803 -3.23007
-2.10424 -3.2351
-2.11035 -3.24026
-2.11639 -3.2455
-2.11962 -3.24787
-2.12286 -3.25024
-2.12576 -3.253
-2.12865 -3.25576
-2.13483 -3.26084
-2.13778 -3.26354
-2.14074 -3.26624
-2.14682 -3.27143
-2.15002 -3.27384
-2.15322 -3.27625
-2.15611 -3.27902
-2.15901 -3.28178
-2.16505 -3.28703
-2.16827 -3.28941
-2.17149 -3.29179
-2.17442 -3.29452
-2.17734 -3.29726
-2.18051 -3.2997
-2.18367 -3.30215
-2.18991 -3.30716
-2.19279 -3.30995
-2.19567 -3.31273
-2.19883 -3.31518
-2.202 -3.31763
-2.20819 -3.3227
-2.21416 -3.32801
-2.21707 -3.33077
-2.21997 -3.33353
-2.22317 -3.33594
-2.22637 -3.33835
-2.22932 -3.34105
-2.23227 -3.34375
-2.23842 -3.34887
-2.24449 -3.35407
-2.24762 -3.35655
-2.25076 -3.35904
-2.25686 -3.36421
-2.2628 -3.36956
-2.26576 -3.37225
-2.26872 -3.37494
-2.27195 -3.37732
-2.27517 -3.3797
-2.28112 -3.38504
-2.28722 -3.39021
-2.29019 -3.3929
-2.29315 -3.39559
-2.2964 -3.39794
-2.29964 -3.40029
-2.30254 -3.40307
-2.30543 -3.40584
-2.30856 -3.40832
-2.3117 -3.4108
-2.3178 -3.41597
-2.32389 -3.42115
-2.33008 -3.42622
-2.33291 -3.42906
-2.33574 -3.4319
-2.33903 -3.43421
-2.34231 -3.43652
-2.34832 -3.4418
-2.35427 -3.44714
-2.36044 -3.45224
-2.36664 -3.45728
-2.37276 -3.46243
-2.37872 -3.46777
-2.3849 -3.47284
-2.39093 -3.4781
-2.39696 -3.48335
-2.40321 -3.48834
-2.40615 -3.49105
-2.4091 -3.49376
-2.41227 -3.49621
-2.41543 -3.49865
-2.4216 -3.50375
-2.42766 -3.50896
-2.4306 -3.51168
-2.43354 -3.51439
-2.43967 -3.51952
-2.44564 -3.52484
-2.45178 -3.52997
-2.45786 -3.53516
-2.46394 -3.54036
-2.4669 -3.54304
-2.46987 -3.54573
-2.47313 -3.54807
-2.47639 -3.5504
-2.48235 -3.55574
-2.48831 -3.56107
-2.49428 -3.5664
-2.50043 -3.5715
-2.50659 -3.57661
-2.51282 -3.58162
-2.51578 -3.58431
-2.51874 -3.587
-2.52198 -3.58936
-2.52522 -3.59173
-2.52808 -3.59453
-2.53095 -3.59733
-2.53412 -3.59977
-2.5373 -3.6022
-2.54352 -3.60723
-2.54639 -3.61004
-2.54925 -3.61284
-2.55548 -3.61786
-2.5617 -3.62288
-2.56765 -3.62823
-2.57361 -3.63357
-2.57674 -3.63605
-2.57988 -3.63854
-2.58582 -3.64389
-2.58896 -3.64637
-2.5921 -3.64885
-2.59503 -3.65158
-2.59795 -3.65431
-2.60398 -3.65956
-2.61019 -3.6646
-2.61332 -3.66709
-2.61646 -3.66958
-2.62271 -3.67457
-2.62868 -3.67989
-2.6349 -3.68493
-2.64092 -3.69019
-2.64711 -3.69525
-2.65001 -3.69801
-2.65291 -3.70078
-2.6589 -3.70607
-2.66207 -3.70851
-2.66524 -3.71096
-2.66818 -3.71368
-2.67111 -3.7164
-2.67432 -3.7188
-2.67752 -3.7212
-2.68367 -3.72632
-2.68651 -3.72915
-2.68935 -3.73198
-2.69258 -3.73435
-2.69582 -3.73672
-2.70188 -3.74193
-2.70482 -3.74465
-2.70775 -3.74737
-2.71093 -3.74981
-2.7141 -3.75224
-2.7201 -3.75753
-2.72624 -3.76265
-2.73241 -3.76774
-2.73531 -3.77051
-2.7382 -3.77328
-2.74428 -3.77847
-2.7504 -3.78362
-2.75363 -3.786
-2.75685 -3.78838
-2.76296 -3.79354
-2.76588 -3.79628
-2.76879 -3.79902
-2.77479 -3.80432
-2.78083 -3.80955
-2.78399 -3.81201
-2.78715 -3.81447
-2.79332 -3.81955
-2.79947 -3.82467
-2.80559 -3.82981
-2.80848 -3.83258
-2.81137 -3.83535
-2.81738 -3.84063
-2.82058 -3.84303
-2.82378 -3.84544
-2.82673 -3.84815
-2.82967 -3.85086
-2.83291 -3.85322
-2.83615 -3.85558
-2.83908 -3.85831
-2.842 -3.86105
-2.84515 -3.86352
-2.84829 -3.866
-2.85113 -3.86883
-2.85397 -3.87166
-2.86012 -3.87678
-2.86636 -3.88178
-2.86952 -3.88423
-2.87268 -3.88669
-2.87883 -3.8918
-2.88166 -3.89465
-2.88448 -3.8975
-2.88766 -3.89993
-2.89083 -3.90237
-2.8969 -3.90758
-2.90004 -3.91006
-2.90318 -3.91254
-2.90607 -3.91531
-2.90897 -3.91808
-2.91506 -3.92325
-2.92117 -3.92841
-2.92437 -3.93082
-2.92757 -3.93322
-2.9305 -3.93596
-2.93342 -3.93869
-2.93636 -3.94141
-2.9393 -3.94413
-2.94249 -3.94654
-2.94569 -3.94895
-2.94865 -3.95164
-2.9516 -3.95434
-2.95777 -3.95943
-2.96385 -3.96462
-2.96999 -3.96975
-2.97617 -3.97482
-2.97913 -3.97752
-2.98208 -3.98021
-2.9853 -3.9826
-2.98852 -3.98498
-2.99466 -3.99011
-2.99759 -3.99284
-3.00052 -3.99556
-3.00658 -4.00078
-3.01283 -4.00578
-3.01906 -4.01079
-3.02505 -4.01609
-3.03115 -4.02126
-3.03403 -4.02404
-3.03692 -4.02681
-3.04017 -4.02916
-3.04342 -4.03151
-3.04635 -4.03424
-3.04928 -4.03697
-3.0553 -4.04223
-3.0613 -4.04752
-3.06453 -4.04989
-3.06777 -4.05226
-3.07062 -4.05508
-3.07347 -4.0579
-3.07953 -4.06311
-3.08272 -4.06553
-3.08591 -4.06796
-3.08885 -4.07066
-3.0918 -4.07337
-3.09782 -4.07863
-3.10393 -4.08379
-3.10711 -4.08622
-3.11029 -4.08866
-3.11652 -4.09367
-3.12255 -4.09893
-3.12867 -4.10407
-3.13489 -4.10909
-3.14083 -4.11445
-3.1468 -4.11978
-3.15281 -4.12506
-3.15894 -4.13019
-3.165 -4.1354
-3.16824 -4.13777
-3.17147 -4.14014
-3.17755 -4.14534
-3.18356 -4.15061
-3.18646 -4.15336
-3.18937 -4.15612
-3.19257 -4.15853
-3.19577 -4.16094
-3.20176 -4.16623
-3.20801 -4.17123
-3.21097 -4.17392
-3.21393 -4.17662
-3.21988 -4.18195
-3.22306 -4.18438
-3.22624 -4.18682
-3.23221 -4.19215
-3.23513 -4.19488
-3.23805 -4.19762
-3.24127 -4.20001
-3.24448 -4.2024
-3.24742 -4.20512
-3.25036 -4.20783
-3.2535 -4.2103
-3.25665 -4.21277
-3.26277 -4.21792
-3.26892 -4.22303
-3.27178 -4.22585
-3.27463 -4.22866
-3.2779 -4.23099
-3.28117 -4.23331
-3.2873 -4.23845
-3.29018 -4.24124
-3.29306 -4.24402
-3.299 -4.24938
-3.30517 -4.25446
-3.30843 -4.25681
-3.31168 -4.25915
-3.31772 -4.26439
-3.32064 -4.26712
-3.32357 -4.26986
-3.32672 -4.27233
-3.32987 -4.27479
-3.33275 -4.27758
-3.33563 -4.28036
-3.33881 -4.28279
-3.342 -4.28522
-3.34489 -4.28799
-3.34778 -4.29076
-3.35095 -4.29321
-3.35411 -4.29565
-3.36023 -4.3008
-3.36317 -4.30352
-3.36611 -4.30624
-3.36926 -4.3087
-3.37241 -4.31117
-3.37536 -4.31387
-3.37831 -4.31657
-3.38451 -4.32163
-3.39054 -4.32688
-3.39655 -4.33216
-3.39971 -4.33461
-3.40287 -4.33706
-3.40889 -4.34233
-3.4121 -4.34473
-3.4153 -4.34713
-3.41816 -4.34994
-3.42102 -4.35275
-3.42721 -4.35781
-3.43326 -4.36304
-3.43648 -4.36543
-3.43969 -4.36782
-3.44567 -4.37313
-3.44855 -4.37592
-3.45143 -4.3787
-3.45762 -4.38377
-3.46386 -4.38878
-3.46986 -4.39406
-3.47601 -4.39917
-3.47896 -4.40188
-3.48191 -4.40458
-3.48517 -4.40691
-3.48844 -4.40924
-3.49135 -4.41199
-3.49426 -4.41474
-3.49746 -4.41715
-3.50065 -4.41957
-3.50673 -4.42476
-3.50955 -4.42762
-3.51237 -4.43047
-3.51858 -4.43551
-3.52175 -4.43796
-3.52491 -4.44041
-3.52781 -4.44318
-3.5307 -4.44595
-3.53687 -4.45104
-3.54304 -4.45612
-3.54906 -4.46139
-3.5551 -4.46663
-3.56123 -4.47176
-3.56737 -4.47688
-3.57358 -4.48192
-3.57956 -4.48724
-3.58579 -4.49226
-3.58875 -4.49494
-3.59172 -4.49763
-3.59785 -4.50276
-3.60108 -4.50514
-3.6043 -4.50752
-3.61035 -4.51275
-3.61324 -4.51552
-3.61614 -4.51828
-3.61936 -4.52066
-3.62258 -4.52305
-3.62543 -4.52588
-3.62827 -4.52871
-3.63154 -4.53103
-3.63481 -4.53335
-3.64089 -4.53854
-3.64381 -4.54128
-3.64673 -4.54402
-3.65286 -4.54915
-3.65903 -4.55425
-3.66501 -4.55956
-3.67123 -4.56459
-3.67417 -4.5673
-3.67711 -4.57001
-3.68319 -4.57521
-3.6893 -4.58037
-3.69538 -4.58556
-3.70137 -4.59086
-3.70457 -4.59327
-3.70777 -4.59567
-3.71377 -4.60096
-3.72 -4.60598
-3.72291 -4.60873
-3.72582 -4.61147
-3.73191 -4.61666
-3.73512 -4.61906
-3.73832 -4.62146
-3.74437 -4.6267
-3.74725 -4.62948
-3.75014 -4.63226
-3.75329 -4.63472
-3.75644 -4.63719
-3.7596 -4.63964
-3.76277 -4.64208
-3.76567 -4.64485
-3.76857 -4.64761
-3.77455 -4.65292
-3.78075 -4.65797
-3.7868 -4.6632
-3.79004 -4.66557
-3.79328 -4.66793
-3.79619 -4.67068
-3.79909 -4.67343
-3.80531 -4.67846
-3.81134 -4.68371
-3.81759 -4.6887
-3.82374 -4.69381
-3.82658 -4.69665
-3.82942 -4.69948
-3.83259 -4.70192
-3.83576 -4.70437
-3.84182 -4.70959
-3.84516 -4.71294
-3.84882 -4.71597
-3.85203 -4.71946
-3.85497 -4.72316
-3.85785 -4.72692
-3.86093 -4.73058
-3.86291 -4.73491
-3.86515 -4.73905
-3.86756 -4.74314
-3.86946 -4.74748
-3.87102 -4.75195
-3.87291 -4.75632
-3.87373 -4.761
-3.87474 -4.7656
-3.87619 -4.77016
-3.87626 -4.77491
-3.8769 -4.77962
-3.87675 -4.78435
-3.87707 -4.79214
-3.87756 -4.79992
-3.87774 -4.8077
-3.87794 -4.81549
-3.87807 -4.82328
-3.87788 -4.83107
-3.87766 -4.83886
-3.87838 -4.84664
-3.87777 -4.85443
-3.87859 -4.86221
-3.87875 -4.87
-3.8782 -4.87779
-3.87872 -4.88557
-3.87904 -4.89336
-3.87852 -4.90115
-3.8791 -4.90893
-3.87906 -4.91672
-3.87911 -4.92451
-3.87894 -4.9323
-3.87907 -4.94009
-3.87926 -4.94787
-3.87948 -4.95566
-3.87945 -4.96345
-3.88015 -4.97123
-3.8803 -4.97901
-3.87997 -4.98681
-3.88005 -4.99459
-3.88042 -5.00238
-3.88068 -5.01016
-3.88057 -5.01795
-3.88052 -5.02574
-3.88071 -5.03352
-3.88065 -5.03831
-3.88035 -5.04308
-3.87988 -5.04785
-3.87921 -5.05259
-3.87799 -5.05722
-3.87695 -5.06188
-3.87563 -5.06648
-3.87423 -5.07108
-3.87204 -5.07535
-3.87002 -5.07967
-3.86758 -5.08379
-3.86529 -5.08797
-3.86277 -5.09205
-3.85978 -5.09576
-3.85689 -5.09958
-3.85379 -5.10322
-3.85047 -5.10668
-3.84705 -5.11004
-3.84305 -5.1127
-3.8394 -5.11579
-3.83295 -5.12051
-3.82652 -5.12526
-3.82342 -5.12779
-3.82032 -5.13031
-3.81368 -5.13477
-3.80721 -5.13947
-3.80075 -5.14416
-3.7941 -5.14861
-3.7877 -5.1534
-3.7812 -5.15804
-3.77465 -5.16262
-3.76827 -5.16743
-3.76171 -5.172
-3.75867 -5.17461
-3.75563 -5.17723
-3.74903 -5.18174
-3.74253 -5.18639
-3.7359 -5.19085
-3.72936 -5.19545
-3.72299 -5.20028
-3.71638 -5.20478
-3.71333 -5.20738
-3.71028 -5.20998
-3.70388 -5.21476
-3.69739 -5.21943
-3.694 -5.22155
-3.6906 -5.22367
-3.68752 -5.22622
-3.68443 -5.22878
-3.68103 -5.2309
-3.67763 -5.23301
-3.67117 -5.23771
-3.66809 -5.24027
-3.66501 -5.24283
-3.66166 -5.24502
-3.65831 -5.2472
-3.65521 -5.24974
-3.65212 -5.25228
-3.64562 -5.25692
-3.63902 -5.26144
-3.63271 -5.26634
-3.62613 -5.27089
-3.61964 -5.27555
-3.61303 -5.28005
-3.60646 -5.28459
-3.60338 -5.28715
-3.60029 -5.2897
-3.59389 -5.29449
-3.5905 -5.29661
-3.58711 -5.29874
-3.584 -5.30127
-3.5809 -5.3038
-3.57423 -5.30821
-3.56782 -5.31299
-3.56151 -5.31789
-3.55812 -5.32002
-3.55473 -5.32215
-3.5517 -5.32478
-3.54867 -5.3274
-3.54198 -5.3318
-3.53543 -5.33637
-3.52916 -5.34134
-3.52275 -5.34611
-3.51932 -5.34818
-3.51588 -5.35025
-3.50963 -5.35525
-3.50332 -5.36015
-3.49669 -5.36461
-3.49357 -5.36713
-3.49046 -5.36964
-3.487 -5.37168
-3.48355 -5.37373
-3.4771 -5.37845
-3.47399 -5.38096
-3.47087 -5.38346
-3.46418 -5.38785
-3.45767 -5.39248
-3.45137 -5.3974
-3.44476 -5.4019
-3.43847 -5.40684
-3.43182 -5.41128
-3.42874 -5.41384
-3.42566 -5.41641
-3.42226 -5.41852
-3.41886 -5.42063
-3.41247 -5.42543
-3.40941 -5.42802
-3.40635 -5.4306
-3.39966 -5.43499
-3.39327 -5.43979
-3.38694 -5.44467
-3.38032 -5.44917
-3.37366 -5.45359
-3.3706 -5.45617
-3.36754 -5.45876
-3.36413 -5.46086
-3.36072 -5.46297
-3.35428 -5.46769
-3.35119 -5.47024
-3.3481 -5.47279
-3.34155 -5.47736
-3.33502 -5.48197
-3.32875 -5.48694
-3.32219 -5.49151
-3.31879 -5.49361
-3.31538 -5.49572
-3.30898 -5.50052
-3.30264 -5.50538
-3.29607 -5.50994
-3.28971 -5.51477
-3.28323 -5.51944
-3.27681 -5.5242
-3.27028 -5.52882
-3.2639 -5.53363
-3.25728 -5.53811
-3.25416 -5.54061
-3.25104 -5.54312
-3.24451 -5.54772
-3.23797 -5.55231
-3.23149 -5.557
-3.22485 -5.56145
-3.22174 -5.56397
-3.21863 -5.56649
-3.21221 -5.57124
-3.20881 -5.57336
-3.20542 -5.57548
-3.20237 -5.57809
-3.19932 -5.58069
-3.19591 -5.5828
-3.19251 -5.58491
-3.18943 -5.58747
-3.18635 -5.59003
-3.1798 -5.5946
-3.17332 -5.59928
-3.16686 -5.60398
-3.1602 -5.60841
-3.15716 -5.61103
-3.15413 -5.61365
-3.15074 -5.61579
-3.14735 -5.61792
-3.14109 -5.6229
-3.13464 -5.62761
-3.13125 -5.62975
-3.12787 -5.63189
-3.12479 -5.63444
-3.1217 -5.63699
-3.11528 -5.64175
-3.10862 -5.64618
-3.10225 -5.65101
-3.09566 -5.65554
-3.08928 -5.66034
-3.08294 -5.66521
-3.07953 -5.66732
-3.07613 -5.66943
-3.06987 -5.67442
-3.06325 -5.6789
-3.05682 -5.68364
-3.05028 -5.68823
-3.04382 -5.69294
-3.04072 -5.69547
-3.03761 -5.69799
-3.03426 -5.70017
-3.03091 -5.70236
-3.02781 -5.70489
-3.02471 -5.70742
-3.02135 -5.7096
-3.018 -5.71178
-3.01174 -5.71675
-3.0051 -5.72121
-2.99882 -5.72616
-2.99241 -5.73093
-2.98595 -5.73564
-2.9793 -5.74009
-2.973 -5.745
-2.96958 -5.7471
-2.96616 -5.74919
-2.95964 -5.7538
-2.95321 -5.75855
-2.95011 -5.76109
-2.94702 -5.76363
-2.94047 -5.7682
-2.93416 -5.77312
-2.93082 -5.77531
-2.92747 -5.77751
-2.92095 -5.78213
-2.91785 -5.78465
-2.91474 -5.78718
-2.91295 -5.78782
-2.90657 -5.79261
-2.89983 -5.79689
-2.89328 -5.80143
-2.8869 -5.80621
-2.88023 -5.81059
-2.87716 -5.81315
-2.87409 -5.81572
-2.87062 -5.81771
-2.86715 -5.81969
-2.86083 -5.82457
-2.85424 -5.82905
-2.84758 -5.83343
-2.84136 -5.83846
-2.83462 -5.84272
-2.82819 -5.84744
-2.82159 -5.85191
-2.81492 -5.85628
-2.80846 -5.86094
-2.80177 -5.8653
-2.79546 -5.87017
-2.78895 -5.87477
-2.78231 -5.8792
-2.77578 -5.88376
-2.76929 -5.88839
-2.76264 -5.89279
-2.756 -5.8972
-2.74957 -5.90191
-2.74314 -5.90662
-2.73672 -5.91136
-2.73004 -5.91572
-2.7236 -5.92041
-2.71716 -5.92511
-2.71029 -5.9292
-2.70387 -5.93392
-2.69718 -5.93827
-2.69082 -5.94308
-2.68446 -5.9479
-2.6777 -5.95213
-2.67144 -5.95709
-2.66474 -5.96142
-2.65797 -5.96564
-2.6515 -5.9703
-2.64487 -5.97473
-2.63854 -5.97959
-2.63188 -5.98397
-2.62526 -5.98842
-2.61885 -5.99317
-2.61223 -5.9976
-2.60604 -6.00265
-2.59937 -6.00702
-2.59294 -6.01174
-2.58638 -6.01627
-2.57978 -6.02074
-2.57312 -6.02513
-2.56687 -6.03009
-2.56 -6.03418
-2.55381 -6.03924
-2.5469 -6.04327
-2.54038 -6.04785
-2.53415 -6.05284
-2.52757 -6.05734
-2.52104 -6.06193
-2.51429 -6.06618
-2.50777 -6.07076
-2.50109 -6.07512
-2.49486 -6.08012
-2.48805 -6.08426
-2.48383 -6.08702
-2.4797 -6.08996
-2.47511 -6.09207
-2.47058 -6.09425
-2.46586 -6.09605
-2.46106 -6.0975
-2.45621 -6.0989
-2.45135 -6.10018
-2.44642 -6.10133
-2.44143 -6.10218
-2.43637 -6.10198
-2.43134 -6.10277
-2.42734 -6.1026
-2.42334 -6.10244
-2.41934 -6.10266
-2.41534 -6.10289
-2.41134 -6.10271
-2.40734 -6.10253
-2.40334 -6.10268
-2.39934 -6.10283
-2.39534 -6.10259
-2.39134 -6.10236
-2.38734 -6.10258
-2.38334 -6.10279
-2.37934 -6.10266
-2.37534 -6.10253
-2.37134 -6.10279
-2.36734 -6.10306
-2.36334 -6.10296
-2.35934 -6.10286
-2.35534 -6.10271
-2.35134 -6.10256
-2.34734 -6.10276
-2.34334 -6.10297
-2.33934 -6.10286
-2.33534 -6.10275
-2.33134 -6.10282
-2.32734 -6.10288
-2.32334 -6.10278
-2.31934 -6.10268
-2.31534 -6.10274
-2.31134 -6.1028
-2.30734 -6.103
-2.30334 -6.10319
-2.29934 -6.10299
-2.29534 -6.10278
-2.29134 -6.10282
-2.28734 -6.10286
-2.28334 -6.10311
-2.27934 -6.10335
-2.27534 -6.10332
-2.27134 -6.10329
-2.26734 -6.10333
-2.26334 -6.10337
-2.25934 -6.10318
-2.25534 -6.10299
-2.25134 -6.10325
-2.24734 -6.10352
-2.24334 -6.10346
-2.23934 -6.10341
-2.23534 -6.1034
-2.23134 -6.10338
-2.22734 -6.10322
-2.22334 -6.10307
-2.21934 -6.103
-2.21534 -6.10294
-2.21134 -6.10302
-2.20734 -6.1031
-2.20334 -6.10333
-2.19934 -6.10356
-2.19534 -6.10346
-2.19134 -6.10336
-2.18734 -6.10343
-2.18334 -6.10349
-2.17534 -6.10351
-2.17134 -6.10337
-2.16734 -6.10324
-2.16334 -6.10324
-2.15934 -6.10325
-2.15534 -6.10342
-2.15134 -6.10359
-2.14734 -6.10341
-2.14334 -6.10323
-2.13934 -6.10359
-2.13535 -6.10395
-2.13134 -6.10361
-2.12734 -6.10327
-2.12334 -6.10361
-2.11935 -6.10394
-2.11535 -6.10394
-2.11135 -6.10394
-2.10734 -6.10372
-2.10334 -6.10351
-2.09934 -6.1037
-2.09534 -6.10389
-2.09134 -6.10369
-2.08734 -6.10349
-2.08334 -6.1036
-2.07934 -6.10371
-2.07534 -6.10373
-2.07134 -6.10375
-2.06734 -6.10373
-2.06334 -6.10371
-2.05934 -6.10361
-2.05534 -6.1035
-2.04734 -6.10354
-2.04334 -6.1039
-2.03935 -6.10425
-2.03535 -6.10412
-2.03134 -6.10399
-2.02734 -6.10402
-2.02335 -6.10404
-2.01934 -6.10383
-2.01534 -6.10362
-2.01134 -6.10399
-2.00735 -6.10436
-2.00335 -6.10421
-1.99934 -6.10406
-1.99535 -6.10415
-1.99135 -6.10424
-1.98735 -6.10423
-1.98335 -6.10421
-1.97935 -6.10419
-1.97535 -6.10416
-1.97135 -6.10428
-1.96735 -6.10439
-1.96335 -6.10448
-1.95935 -6.10457
-1.95535 -6.10426
-1.95134 -6.10396
-1.94734 -6.1041
-1.94335 -6.10424
-1.93935 -6.10426
-1.93535 -6.10428
-1.93134 -6.10414
-1.92734 -6.10401
-1.92335 -6.10431
-1.91935 -6.10462
-1.91535 -6.10438
-1.91134 -6.10414
-1.90735 -6.10424
-1.90335 -6.10434
-1.89935 -6.10423
-1.89534 -6.10411
-1.89135 -6.10425
-1.88735 -6.10438
-1.88335 -6.1045
-1.87935 -6.10462
-1.87535 -6.10465
-1.87135 -6.10469
-1.86735 -6.10459
-1.86335 -6.10448
-1.85935 -6.10447
-1.85535 -6.10446
-1.85135 -6.10437
-1.84735 -6.10429
-1.84335 -6.1045
-1.83935 -6.10472
-1.83535 -6.10468
-1.83135 -6.10464
-1.82735 -6.10449
-1.82335 -6.10433
-1.81535 -6.10437
-1.81135 -6.10457
-1.80735 -6.10476
-1.80335 -6.10495
-1.79935 -6.10513
-1.79535 -6.10487
-1.79135 -6.10461
-1.78735 -6.10478
-1.78335 -6.10495
-1.77935 -6.10494
-1.77535 -6.10494
-1.77135 -6.10503
-1.76735 -6.10512
-1.76335 -6.10495
-1.75935 -6.10477
-1.75535 -6.10499
-1.75135 -6.10521
-1.74735 -6.10517
-1.74335 -6.10514
-1.73935 -6.10497
-1.73535 -6.10481
-1.73135 -6.10473
-1.72735 -6.10466
-1.72335 -6.10488
-1.71935 -6.10509
-1.71535 -6.10524
-1.71135 -6.10539
-1.70735 -6.10511
-1.70335 -6.10484
-1.69935 -6.10492
-1.69535 -6.10501
-1.69135 -6.10496
-1.68735 -6.1049
-1.68335 -6.10489
-1.67935 -6.10488
-1.67535 -6.10509
-1.67135 -6.1053
-1.66735 -6.1054
-1.66335 -6.10551
-1.65935 -6.10522
-1.65535 -6.10494
-1.65135 -6.10498
-1.64735 -6.10502
-1.64335 -6.10535
-1.63935 -6.10568
-1.63535 -6.10559
-1.63135 -6.1055
-1.62735 -6.1053
-1.62335 -6.10511
-1.61935 -6.10522
-1.61535 -6.10534
-1.60735 -6.10537
-1.59935 -6.1054
-1.59535 -6.10555
-1.59135 -6.1057
-1.58735 -6.10549
-1.58335 -6.10527
-1.57535 -6.1053
-1.57135 -6.10527
-1.56735 -6.10525
-1.56335 -6.10536
-1.55935 -6.10547
-1.55535 -6.10564
-1.55135 -6.1058
-1.54735 -6.10574
-1.54335 -6.10567
-1.53935 -6.10557
-1.53535 -6.10546
-1.53135 -6.10573
-1.52735 -6.106
-1.52335 -6.1057
-1.51935 -6.10541
-1.51535 -6.10566
-1.51135 -6.10591
-1.50735 -6.10574
-1.50335 -6.10557
-1.49935 -6.10586
-1.49535 -6.10616
-1.49135 -6.10584
-1.48735 -6.10551
-1.48335 -6.10583
-1.47935 -6.10615
-1.47535 -6.10602
-1.47135 -6.1059
-1.46735 -6.10605
-1.46335 -6.10621
-1.45935 -6.10588
-1.45535 -6.10556
-1.45135 -6.10584
-1.44735 -6.10613
-1.44335 -6.10597
-1.43935 -6.10582
-1.43535 -6.10583
-1.43135 -6.10583
-1.42735 -6.10593
-1.42335 -6.10602
-1.41935 -6.10613
-1.41535 -6.10623
-1.41135 -6.1062
-1.40735 -6.10616
-1.40335 -6.10612
-1.39935 -6.10607
-1.39535 -6.10602
-1.39135 -6.10596
-1.38735 -6.10625
-1.38335 -6.10653
-1.37935 -6.1063
-1.37535 -6.10608
-1.37135 -6.10618
-1.36735 -6.10629
-1.36335 -6.1064
-1.35935 -6.10651
-1.35535 -6.1065
-1.35135 -6.10649
-1.34735 -6.10657
-1.34335 -6.10664
-1.33935 -6.10668
-1.33535 -6.10672
-1.33135 -6.10666
-1.32735 -6.10661
-1.32335 -6.10666
-1.31935 -6.10671
-1.31535 -6.10653
-1.31135 -6.10636
-1.30735 -6.10656
-1.30335 -6.10675
-1.29935 -6.10649
-1.29535 -6.10623
-1.28735 -6.10626
-1.28335 -6.10641
-1.27935 -6.10656
-1.27535 -6.10642
-1.27135 -6.10628
-1.26735 -6.10626
-1.26335 -6.10625
-1.25935 -6.10628
-1.25535 -6.10631
-1.25135 -6.10655
-1.24735 -6.1068
-1.24335 -6.10679
-1.23935 -6.10679
-1.23535 -6.10687
-1.23135 -6.10695
-1.22735 -6.1067
-1.22335 -6.10645
-1.21935 -6.10665
-1.21535 -6.10684
-1.21135 -6.10682
-1.20735 -6.1068
-1.20335 -6.10675
-1.19935 -6.10671
-1.19535 -6.10695
-1.19135 -6.10719
-1.18735 -6.10712
-1.18335 -6.10705
-1.17935 -6.10703
-1.17535 -6.10702
-1.17135 -6.10704
-1.16735 -6.10707
-1.16335 -6.10722
-1.15935 -6.10736
-1.15535 -6.10732
-1.15135 -6.10728
-1.14735 -6.10731
-1.14335 -6.10735
-1.13935 -6.10705
-1.13535 -6.10676
-1.13135 -6.10679
-1.12735 -6.10681
-1.12335 -6.10688
-1.11935 -6.10696
-1.11535 -6.10712
-1.11135 -6.10728
-1.10735 -6.10727
-1.10335 -6.10727
-1.09935 -6.10709
-1.09535 -6.1069
-1.09135 -6.10722
-1.08735 -6.10753
-1.08335 -6.10742
-1.07935 -6.10732
-1.07535 -6.10725
-1.07135 -6.10719
-1.06735 -6.10722
-1.06335 -6.10724
-1.05935 -6.10731
-1.05535 -6.10737
-1.05135 -6.10735
-1.04735 -6.10734
-1.04335 -6.10757
-1.03935 -6.1078
-1.03535 -6.10773
-1.03135 -6.10767
-1.02735 -6.10739
-1.02335 -6.10712
-1.01935 -6.10719
-1.01535 -6.10725
-1.01135 -6.10755
-1.00735 -6.10785
-1.00335 -6.10772
-0.999353 -6.10759
-0.995352 -6.10754
-0.991352 -6.10748
-0.987353 -6.10764
-0.983353 -6.10779
-0.979353 -6.10774
-0.975353 -6.10769
-0.971353 -6.10783
-0.967354 -6.10798
-0.963354 -6.10798
-0.959354 -6.10799
-0.955353 -6.10777
-0.951352 -6.10755
-0.947352 -6.10754
-0.943352 -6.10753
-0.939353 -6.1078
-0.935354 -6.10808
-0.931354 -6.10801
-0.927354 -6.10794
-0.923354 -6.10799
-0.919354 -6.10804
-0.915354 -6.10804
-0.911354 -6.10803
-0.903354 -6.10806
-0.895354 -6.10808
-0.891353 -6.10793
-0.887353 -6.10778
-0.883353 -6.10771
-0.879352 -6.10764
-0.875353 -6.10786
-0.871354 -6.10808
-0.867353 -6.1079
-0.863352 -6.10773
-0.859352 -6.1077
-0.855352 -6.10766
-0.851353 -6.10782
-0.847353 -6.10798
-0.843353 -6.10794
-0.839353 -6.1079
-0.835353 -6.10802
-0.831354 -6.10814
-0.827353 -6.10796
-0.823352 -6.10777
-0.819353 -6.10786
-0.815353 -6.10795
-0.807353 -6.10798
-0.803354 -6.10828
-0.799355 -6.10858
-0.795355 -6.10846
-0.791354 -6.10835
-0.787354 -6.10831
-0.783354 -6.10827
-0.779354 -6.10815
-0.775353 -6.10804
-0.771354 -6.10834
-0.767355 -6.10864
-0.763355 -6.10845
-0.759354 -6.10827
-0.751354 -6.10831
-0.747354 -6.10835
-0.743354 -6.10839
-0.739354 -6.10823
-0.735353 -6.10808
-0.731354 -6.10839
-0.727355 -6.10869
-0.723355 -6.10852
-0.719354 -6.10835
-0.715354 -6.10843
-0.711355 -6.10851
-0.707355 -6.10864
-0.703355 -6.10878
-0.695355 -6.10879
-0.691356 -6.10889
-0.687356 -6.10899
-0.683355 -6.10867
-0.679354 -6.10836
-0.675355 -6.10867
-0.671356 -6.10897
-0.667356 -6.10904
-0.663356 -6.1091
-0.659356 -6.1091
-0.655356 -6.10909
-0.651356 -6.10892
-0.647355 -6.10874
-0.643355 -6.10877
-0.639355 -6.10881
-0.635355 -6.10869
-0.631354 -6.10858
-0.627355 -6.10871
-0.623355 -6.10884
-0.619356 -6.10906
-0.615357 -6.10927
-0.611356 -6.10908
-0.607355 -6.10888
-0.603356 -6.10905
-0.599356 -6.10922
-0.595356 -6.10898
-0.591355 -6.10875
-0.587355 -6.10888
-0.583356 -6.109
-0.579356 -6.10916
-0.575357 -6.10931
-0.571356 -6.10899
-0.567354 -6.10867
-0.563355 -6.10893
-0.559356 -6.10919
-0.555356 -6.10926
-0.551357 -6.10933
-0.547356 -6.10908
-0.543355 -6.10884
-0.539356 -6.1092
-0.535357 -6.10956
-0.531356 -6.10927
-0.527355 -6.10897
-0.523355 -6.10894
-0.519355 -6.10891
-0.515355 -6.10889
-0.511355 -6.10887
-0.507355 -6.10897
-0.503356 -6.10907
-0.499356 -6.10915
-0.495356 -6.10923
-0.491357 -6.10939
-0.487357 -6.10956
-0.483356 -6.10937
-0.479356 -6.10918
-0.475356 -6.1091
-0.471355 -6.10902
-0.467356 -6.10924
-0.463357 -6.10947
-0.459356 -6.10927
-0.455355 -6.10908
-0.451356 -6.10931
-0.447357 -6.10953
-0.443357 -6.10943
-0.439356 -6.10933
-0.435357 -6.10958
-0.431358 -6.10983
-0.427357 -6.10968
-0.423357 -6.10952
-0.419357 -6.1097
-0.415358 -6.10988
-0.411358 -6.10987
-0.407358 -6.10986
-0.403357 -6.10967
-0.399356 -6.10949
-0.395357 -6.10966
-0.391358 -6.10984
-0.387357 -6.10974
-0.383357 -6.10964
-0.379357 -6.10953
-0.375356 -6.10941
-0.371357 -6.10962
-0.367358 -6.10983
-0.363357 -6.1097
-0.359357 -6.10956
-0.355357 -6.10961
-0.351357 -6.10965
-0.347358 -6.10992
-0.343359 -6.11018
-0.339358 -6.11002
-0.335357 -6.10985
-0.331358 -6.10993
-0.327358 -6.11001
-0.323357 -6.10984
-0.319357 -6.10967
-0.315357 -6.10982
-0.311358 -6.10996
-0.307358 -6.11012
-0.303359 -6.11028
-0.299359 -6.11023
-0.295358 -6.11018
-0.291358 -6.11009
-0.287358 -6.10999
-0.283358 -6.10996
-0.279358 -6.10994
-0.275358 -6.11008
-0.271358 -6.11022
-0.263359 -6.11024
-0.259359 -6.1104
-0.25536 -6.11055
-0.251359 -6.11051
-0.247359 -6.11046
-0.243359 -6.11036
-0.239358 -6.11025
-0.235359 -6.11041
-0.23136 -6.11058
-0.22336 -6.1106
-0.219359 -6.11047
-0.215359 -6.11034
-0.211358 -6.11018
-0.207357 -6.11003
-0.203359 -6.11034
-0.19936 -6.11065
-0.195359 -6.11038
-0.191358 -6.11011
-0.187359 -6.11038
-0.18336 -6.11065
-0.17936 -6.11065
-0.175359 -6.11064
-0.17136 -6.1107
-0.16736 -6.11075
-0.163359 -6.11058
-0.159359 -6.11041
-0.155359 -6.11047
-0.151359 -6.11053
-0.147359 -6.1105
-0.143359 -6.11046
-0.139359 -6.11067
-0.13536 -6.11088
-0.13136 -6.1108
-0.12736 -6.11071
-0.123359 -6.11064
-0.119359 -6.11056
-0.115359 -6.11052
-0.111359 -6.11049
-0.107359 -6.11072
-0.10336 -6.11095
-0.0993597 -6.1108
-0.0953591 -6.11065
-0.0913591 -6.11063
-0.087359 -6.11062
-0.0833588 -6.11055
-0.0793585 -6.11049
-0.0753592 -6.1107
-0.07136 -6.11092
-0.0673592 -6.11071
-0.0633585 -6.1105
-0.059359 -6.11066
-0.0553596 -6.11083
-0.05136 -6.11094
-0.0473603 -6.11105
-0.0433596 -6.11085
-0.0393589 -6.11065
-0.0353597 -6.11088
-0.0313605 -6.11111
-0.0233605 -6.11113
-0.0193603 -6.11109
-0.0153602 -6.11105
-0.0113605 -6.11116
-0.00736088 -6.11126
-0.00335991 -6.11099
0.000641051 -6.11072
0.00464099 -6.11074
0.00864093 -6.11077
0.0126401 -6.11101
0.0166393 -6.11125
0.0206394 -6.11121
0.0246396 -6.11117
0.0286398 -6.11111
0.0326401 -6.11105
0.0366403 -6.11099
0.0406405 -6.11094
0.0486404 -6.11097
0.0526403 -6.11101
0.0566401 -6.11106
0.0606399 -6.11112
0.0646397 -6.11119
0.068639 -6.11141
0.0726382 -6.11163
0.0766385 -6.11154
0.0806389 -6.11145
0.0846397 -6.11122
0.0886405 -6.11099
0.0926397 -6.11123
0.0966389 -6.11147
0.10064 -6.11127
0.10464 -6.11107
0.10864 -6.11125
0.112639 -6.11143
0.116639 -6.11153
0.120638 -6.11162
0.124639 -6.1116
0.128639 -6.11158
0.132638 -6.11171
0.136638 -6.11184
0.140638 -6.11182
0.144638 -6.11181
0.148639 -6.11165
0.152639 -6.11148
0.156638 -6.11166
0.160638 -6.11184
0.164638 -6.11172
0.168639 -6.1116
0.172638 -6.11173
0.176638 -6.11186
0.180638 -6.11173
0.184639 -6.1116
0.188638 -6.11172
0.192638 -6.11183
0.196638 -6.11199
0.200637 -6.11215
0.204637 -6.11212
0.208637 -6.1121
0.212638 -6.11186
0.216639 -6.11161
0.220638 -6.11187
0.224637 -6.11213
0.228637 -6.11218
0.232637 -6.11223
0.236638 -6.11201
0.240638 -6.11179
0.244639 -6.11171
0.248639 -6.11164
0.252639 -6.11161
0.256639 -6.11158
0.260639 -6.11179
0.264638 -6.11199
0.268637 -6.11211
0.272637 -6.11222
0.276637 -6.11214
0.280638 -6.11206
0.284638 -6.11202
0.288638 -6.11197
0.292638 -6.112
0.296638 -6.11203
0.300637 -6.11217
0.304637 -6.11231
0.308637 -6.1123
0.312637 -6.11229
0.316637 -6.11242
0.320636 -6.11254
0.324637 -6.11221
0.328639 -6.11189
0.332638 -6.11209
0.336637 -6.1123
0.344637 -6.11232
0.352637 -6.11236
0.356637 -6.11231
0.360637 -6.11226
0.364637 -6.1124
0.368636 -6.11254
0.372637 -6.11228
0.376638 -6.11201
0.380638 -6.11214
0.384637 -6.11226
0.388637 -6.11243
0.392636 -6.11259
0.396636 -6.1127
0.400636 -6.11281
0.408636 -6.11283
0.412636 -6.11269
0.416637 -6.11254
0.420636 -6.11274
0.424635 -6.11294
0.428636 -6.11279
0.432636 -6.11265
0.436636 -6.11281
0.440635 -6.11298
0.444635 -6.11293
0.448636 -6.11289
0.452637 -6.11258
0.456638 -6.11227
0.460636 -6.11267
0.464635 -6.11306
0.468636 -6.11282
0.472637 -6.11258
0.476636 -6.11267
0.480636 -6.11276
0.484635 -6.11296
0.488635 -6.11316
0.492635 -6.11311
0.496635 -6.11306
0.500636 -6.11276
0.504637 -6.11245
0.508636 -6.11276
0.512635 -6.11307
0.516635 -6.11316
0.520635 -6.11324
0.524636 -6.1129
0.528637 -6.11256
0.532636 -6.11292
0.536635 -6.11329
0.540635 -6.11327
0.544635 -6.11325
0.548635 -6.11308
0.552636 -6.11291
0.556636 -6.11279
0.560637 -6.11266
0.564636 -6.11296
0.568635 -6.11327
0.572635 -6.11307
0.576636 -6.11288
0.580636 -6.11291
0.584636 -6.11295
0.588636 -6.11304
0.592635 -6.11313
0.596635 -6.11327
0.600634 -6.1134
0.604634 -6.1134
0.608635 -6.1134
0.612635 -6.11339
0.616635 -6.11338
0.620635 -6.11336
0.624635 -6.11335
0.628635 -6.11338
0.632635 -6.11341
0.636635 -6.11332
0.640635 -6.11323
0.644635 -6.11329
0.648635 -6.11334
0.652719 -6.11318
0.652929 -6.11266
0.652485 -6.11188
0.652791 -6.11117
0.652974 -6.11045
0.65326 -6.10976
0.653576 -6.10909
0.653857 -6.1084
0.65439 -6.10785
0.654406 -6.10701
0.655034 -6.10653
0.655183 -6.10571
0.65618 -6.10559
0.656507 -6.10489
0.657243 -6.10461
0.661061 -6.10143
0.664879 -6.09825
0.665231 -6.09755
0.665859 -6.09718
0.66635 -6.09659
0.667108 -6.09646
0.667703 -6.09602
0.668489 -6.09603
0.669122 -6.09565
0.6756 -6.09396
0.682078 -6.09228
0.688556 -6.09059
0.695034 -6.0889
0.701512 -6.08722
0.702224 -6.0871
0.702919 -6.08687
0.703656 -6.08692
0.70438 -6.08698
0.705095 -6.08707
0.705833 -6.08677
0.706486 -6.08739
0.707209 -6.08736
0.707935 -6.0874
0.713894 -6.08916
0.719852 -6.09091
0.725811 -6.09266
0.731769 -6.09442
0.732434 -6.09466
0.733249 -6.0945
0.733868 -6.0949
0.739185 -6.09772
0.744502 -6.10055
0.749818 -6.10338
0.750665 -6.10336
0.751064 -6.10416
0.75198 -6.10412
0.752557 -6.10462
0.752781 -6.1055
0.75326 -6.10605
0.753779 -6.10656
0.754454 -6.10697
0.754781 -6.10765
0.755138 -6.1083
0.755715 -6.10884
0.755599 -6.10971
0.756108 -6.11031
0.756577 -6.11096
0.756634 -6.11173
0.756264 -6.11256
0.756283 -6.11329
0.756595 -6.11386
0.760634 -6.11371
0.764634 -6.11378
0.768634 -6.11385
0.772633 -6.11393
0.776633 -6.11402
0.780634 -6.11387
0.784634 -6.11371
0.788634 -6.11366
0.792635 -6.11361
0.796634 -6.11384
0.800633 -6.11407
0.804633 -6.11415
0.808633 -6.11423
0.812633 -6.11414
0.816633 -6.11406
0.820634 -6.11396
0.824634 -6.11386
0.828634 -6.11379
0.832634 -6.11373
0.836634 -6.1138
0.840634 -6.11387
0.844633 -6.11406
0.848633 -6.11425
0.852633 -6.11429
0.856632 -6.11434
0.864632 -6.11435
0.868633 -6.11404
0.872635 -6.11372
0.876634 -6.11402
0.880633 -6.11432
0.884633 -6.11419
0.888633 -6.11406
0.892633 -6.11428
0.896632 -6.11451
0.900632 -6.11451
0.904632 -6.11452
0.908633 -6.11436
0.912633 -6.11421
0.916633 -6.11414
0.920634 -6.11407
0.924633 -6.11423
0.928633 -6.1144
0.932633 -6.11435
0.936633 -6.11431
0.940632 -6.11446
0.944632 -6.11461
0.948632 -6.11467
0.952631 -6.11472
0.956632 -6.11444
0.960633 -6.11416
0.964633 -6.11426
0.968633 -6.11435
0.972633 -6.11444
0.976632 -6.11454
0.980632 -6.11458
0.984632 -6.11462
0.988632 -6.11457
0.992632 -6.11451
0.996632 -6.11454
1.00063 -6.11457
1.00463 -6.11463
1.00863 -6.11469
1.01263 -6.1147
1.01663 -6.11471
1.02063 -6.11473
1.02463 -6.11476
1.02863 -6.11486
1.03263 -6.11495
1.03663 -6.115
1.04063 -6.11504
1.04463 -6.11508
1.04863 -6.11512
1.05663 -6.11514
1.06063 -6.11482
1.06463 -6.1145
1.06863 -6.11483
1.07263 -6.11516
1.07663 -6.11494
1.08063 -6.11472
1.08463 -6.11496
1.08863 -6.1152
1.09263 -6.11505
1.09663 -6.1149
1.10063 -6.11486
1.10463 -6.11482
1.10863 -6.11507
1.11263 -6.11532
1.11663 -6.11512
1.12063 -6.11492
1.12463 -6.11481
1.12863 -6.1147
1.13263 -6.115
1.13663 -6.1153
1.14063 -6.11511
1.14463 -6.11492
1.14863 -6.11518
1.15263 -6.11544
1.15663 -6.1153
1.16063 -6.11517
1.16463 -6.11532
1.16863 -6.11547
1.17263 -6.11522
1.17663 -6.11497
1.18063 -6.11523
1.18463 -6.11548
1.18863 -6.11543
1.19263 -6.11537
1.19663 -6.1155
1.20063 -6.11564
1.20463 -6.11563
1.20863 -6.11561
1.21263 -6.11551
1.21663 -6.11542
1.22063 -6.11526
1.22463 -6.1151
1.22863 -6.1154
1.23263 -6.11571
1.23663 -6.11567
1.24063 -6.11563
1.24463 -6.11559
1.24863 -6.11555
1.25263 -6.11569
1.25663 -6.11583
1.26063 -6.1157
1.26463 -6.11558
1.26863 -6.11553
1.27263 -6.11549
1.27663 -6.11566
1.28063 -6.11582
1.28863 -6.11585
1.29663 -6.11588
1.30063 -6.11558
1.30463 -6.11528
1.30863 -6.11558
1.31263 -6.11588
1.32063 -6.11591
1.32463 -6.11589
1.32863 -6.11587
1.33263 -6.11572
1.33663 -6.11557
1.34063 -6.1156
1.34463 -6.11563
1.34863 -6.1159
1.35263 -6.11617
1.35663 -6.11615
1.36063 -6.11612
1.36463 -6.11594
1.36863 -6.11575
1.37263 -6.116
1.37663 -6.11624
1.38063 -6.11606
1.38463 -6.11587
1.38863 -6.11582
1.39263 -6.11576
1.39663 -6.11597
1.40063 -6.11618
1.40463 -6.11627
1.40863 -6.11636
1.41263 -6.11623
1.41663 -6.1161
1.42063 -6.11595
1.42463 -6.1158
1.42863 -6.11596
1.43263 -6.11612
1.43663 -6.11621
1.44063 -6.11629
1.44463 -6.11623
1.44863 -6.11617
1.45263 -6.11598
1.45663 -6.11579
1.46063 -6.11581
1.46463 -6.11583
1.46863 -6.11603
1.47263 -6.11623
1.47663 -6.11641
1.48063 -6.11659
1.48463 -6.1164
1.48863 -6.11622
1.49263 -6.11643
1.49663 -6.11664
1.50063 -6.11653
1.50463 -6.11643
1.50863 -6.1164
1.51263 -6.11636
1.51663 -6.1163
1.52063 -6.11624
1.52463 -6.1165
1.52863 -6.11676
1.53263 -6.11671
1.53663 -6.11666
1.54062 -6.1167
1.54063 -6.11672
1.54048 -6.11748
1.54106 -6.11816
1.54117 -6.11887
1.54128 -6.11959
1.54099 -6.12046
1.54152 -6.12106
1.5418 -6.12174
1.54189 -6.12254
1.54259 -6.12299
1.54273 -6.12379
1.54303 -6.12452
1.54378 -6.12486
1.544 -6.12571
1.54491 -6.12581
1.54535 -6.12646
1.54604 -6.12677
1.54679 -6.12693
1.54715 -6.12787
1.5513 -6.12961
1.55545 -6.13135
1.55574 -6.13212
1.55629 -6.13231
1.55691 -6.13228
1.56096 -6.13368
1.56501 -6.13507
1.56571 -6.1352
1.56648 -6.13498
1.57199 -6.13605
1.57751 -6.13713
1.58302 -6.1382
1.58372 -6.1387
1.58449 -6.13856
1.592 -6.13905
1.59951 -6.13954
1.60025 -6.13984
1.60102 -6.13995
1.60179 -6.13994
1.60248 -6.13949
1.60322 -6.13937
1.60386 -6.13892
1.61042 -6.13686
1.61699 -6.13479
1.62355 -6.13272
1.63012 -6.13066
1.63669 -6.12859
1.63732 -6.12812
1.63787 -6.12756
1.63854 -6.12723
1.63921 -6.12691
1.63977 -6.12642
1.64056 -6.12618
1.64092 -6.12548
1.64142 -6.12493
1.64201 -6.12445
1.64267 -6.12399
1.64278 -6.12317
1.64341 -6.12266
1.64366 -6.12194
1.64383 -6.1212
1.644 -6.12047
1.64459 -6.11984
1.64437 -6.11903
1.64492 -6.11833
1.64457 -6.11756
1.64437 -6.11691
1.64863 -6.11674
1.65263 -6.11696
1.65663 -6.11717
1.66063 -6.11696
1.66463 -6.11674
1.66863 -6.11688
1.67263 -6.11702
1.67663 -6.11685
1.68063 -6.11667
1.68463 -6.11698
1.68863 -6.11729
1.69263 -6.11715
1.69663 -6.11701
1.70063 -6.11707
1.70463 -6.11712
1.70863 -6.11727
1.71263 -6.11742
1.71663 -6.11712
1.72063 -6.11682
1.72463 -6.11679
1.72863 -6.11676
1.73263 -6.11681
1.73663 -6.11685
1.74063 -6.11708
1.74463 -6.11731
1.74863 -6.11708
1.75263 -6.11686
1.75663 -6.11705
1.76063 -6.11724
1.76463 -6.11738
1.76863 -6.11751
1.77263 -6.11744
1.77663 -6.11738
1.78463 -6.11741
1.78863 -6.11721
1.79263 -6.11701
1.79663 -6.11706
1.80063 -6.11712
1.80463 -6.11724
1.80863 -6.11736
1.81263 -6.11736
1.81663 -6.11736
1.82063 -6.11746
1.82463 -6.11755
1.82863 -6.11762
1.83263 -6.11768
1.83663 -6.11759
1.84063 -6.1175
1.84463 -6.11759
1.84863 -6.11768
1.85263 -6.11753
1.85663 -6.11737
1.86063 -6.11754
1.86463 -6.1177
1.86863 -6.11765
1.87263 -6.1176
1.87663 -6.11761
1.88063 -6.11761
1.88463 -6.11773
1.88862 -6.11785
1.89263 -6.11773
1.89663 -6.11761
1.90063 -6.11767
1.90463 -6.11773
1.90863 -6.11759
1.91263 -6.11745
1.91663 -6.11771
1.92062 -6.11798
1.92462 -6.11796
1.92862 -6.11794
1.93263 -6.11786
1.93663 -6.11777
1.94063 -6.11782
1.94463 -6.11786
1.94863 -6.1177
1.95263 -6.11754
1.95663 -6.11759
1.96063 -6.11764
1.96463 -6.11763
1.96863 -6.11763
1.97262 -6.11798
1.97662 -6.11833
1.98062 -6.1183
1.98462 -6.11827
1.98862 -6.11825
1.99262 -6.11824
1.99662 -6.11807
2.00063 -6.11789
2.00463 -6.11787
2.00863 -6.11786
2.01262 -6.11814
2.01662 -6.11842
2.02062 -6.1184
2.02462 -6.11838
2.02862 -6.11825
2.03262 -6.11813
2.04062 -6.11816
2.04462 -6.11837
2.04862 -6.11857
2.05262 -6.11856
2.05662 -6.11855
2.06062 -6.11835
2.06462 -6.11814
2.06919 -6.11822
2.07369 -6.11754
2.07826 -6.11734
2.08272 -6.11645
2.08715 -6.11536
2.09167 -6.11466
2.0961 -6.11352
2.10026 -6.11164
2.10446 -6.10986
2.10863 -6.10804
2.11258 -6.10575
2.11672 -6.10383
2.12341 -6.09952
2.1303 -6.09552
2.13714 -6.09146
2.14392 -6.08729
2.15078 -6.08324
2.15752 -6.07901
2.16455 -6.07526
2.17109 -6.07069
2.17785 -6.06649
2.18464 -6.06233
2.19161 -6.05848
2.19837 -6.05427
2.20544 -6.05058
2.21223 -6.04643
2.21881 -6.04192
2.22578 -6.03807
2.23252 -6.03383
2.23924 -6.02958
2.24628 -6.02583
2.25276 -6.02116
2.25972 -6.01729
2.26651 -6.01314
2.27339 -6.00914
2.2803 -6.00519
2.28699 -6.00086
2.29366 -5.99651
2.30043 -5.99233
2.30744 -5.98854
2.3141 -5.98417
2.32095 -5.98011
2.32798 -5.97636
2.3346 -5.97193
2.34152 -5.968
2.34834 -5.96389
2.35529 -5.95999
2.36202 -5.95574
2.36887 -5.9517
2.37552 -5.94731
2.38218 -5.94294
2.38898 -5.9388
2.39613 -5.93524
2.40273 -5.93078
2.40949 -5.92658
2.41637 -5.92258
2.42318 -5.91846
2.42994 -5.91425
2.43678 -5.91018
2.44368 -5.90621
2.45046 -5.90203
2.45712 -5.89767
2.46414 -5.8939
2.47067 -5.88931
2.47781 -5.88574
2.48453 -5.88147
2.49141 -5.87746
2.498 -5.87299
2.50497 -5.86914
2.51168 -5.86484
2.51849 -5.86072
2.52531 -5.85663
2.53212 -5.85251
2.53887 -5.84828
2.5457 -5.84419
2.5525 -5.84006
2.55936 -5.83603
2.56635 -5.83218
2.56999 -5.82984
2.57334 -5.82706
2.57999 -5.82268
2.58625 -5.81777
2.59262 -5.813
2.59887 -5.80807
2.60568 -5.80389
2.61215 -5.79927
2.61847 -5.79443
2.62474 -5.78953
2.63143 -5.78519
2.63746 -5.77996
2.64392 -5.77531
2.65052 -5.77087
2.65681 -5.76598
2.66343 -5.76156
2.66993 -5.75697
2.67621 -5.75208
2.68251 -5.74722
2.68917 -5.74284
2.6953 -5.73774
2.70176 -5.7331
2.70818 -5.72841
2.71497 -5.72421
2.72107 -5.71907
2.72773 -5.7147
2.73419 -5.71006
2.74039 -5.70505
2.74703 -5.70065
2.7534 -5.69588
2.75991 -5.6913
2.76604 -5.68621
2.77256 -5.68165
2.77914 -5.67716
2.78522 -5.672
2.79197 -5.66775
2.79849 -5.66319
2.80485 -5.6584
2.81113 -5.65352
2.81744 -5.64866
2.82405 -5.64423
2.83041 -5.63945
2.83681 -5.63472
2.84318 -5.62996
2.84988 -5.62563
2.85614 -5.62071
2.86275 -5.61627
2.86914 -5.61154
2.87529 -5.60647
2.88172 -5.60179
2.88816 -5.59711
2.89472 -5.5926
2.90093 -5.58762
2.90776 -5.58347
2.91414 -5.57872
2.92063 -5.57412
2.9268 -5.56908
2.93325 -5.56442
2.93946 -5.55942
2.94598 -5.55486
2.9523 -5.55003
2.95911 -5.54587
2.96516 -5.54065
2.97199 -5.53652
2.97846 -5.53188
2.9845 -5.52666
2.99107 -5.52217
2.99762 -5.51765
3.0038 -5.51263
3.01024 -5.50794
3.01659 -5.50315
3.02325 -5.49878
3.0297 -5.49412
3.03619 -5.48952
3.04249 -5.48466
3.04874 -5.47972
3.05558 -5.47559
3.06194 -5.47082
3.06806 -5.46571
3.07461 -5.46119
3.08083 -5.45622
3.08768 -5.4521
3.09392 -5.44715
3.10055 -5.44275
3.10652 -5.43742
3.11337 -5.43332
3.11978 -5.4286
3.12609 -5.42375
3.13264 -5.41923
3.13905 -5.41451
3.14526 -5.40953
3.1519 -5.40513
3.15826 -5.40034
3.16476 -5.39576
3.17114 -5.39101
3.17723 -5.38585
3.18392 -5.38152
3.1901 -5.37649
3.19656 -5.37185
3.20295 -5.36711
3.20962 -5.36275
3.21583 -5.35776
3.22244 -5.35332
3.22875 -5.34848
3.23521 -5.34383
3.24187 -5.33946
3.24817 -5.3346
3.25454 -5.32982
3.26082 -5.32494
3.2672 -5.32018
3.27381 -5.31574
3.2801 -5.31086
3.28687 -5.30665
3.29325 -5.30189
3.29951 -5.29697
3.30582 -5.29211
3.31244 -5.2877
3.31869 -5.28277
3.3252 -5.27819
3.33147 -5.27328
3.33825 -5.26907
3.34451 -5.26415
3.35087 -5.25936
3.35737 -5.25478
3.36359 -5.2498
3.37005 -5.24517
3.37685 -5.24099
3.38297 -5.23588
3.38953 -5.23136
3.39594 -5.22665
3.40212 -5.22162
3.4089 -5.21741
3.415 -5.21228
3.42149 -5.20767
3.42806 -5.20318
3.43435 -5.1983
3.44086 -5.19373
3.44742 -5.18922
3.45356 -5.18413
3.46016 -5.17968
3.46681 -5.17527
3.47034 -5.17212
3.47422 -5.16934
3.47722 -5.16565
3.48102 -5.16272
3.48382 -5.1589
3.48695 -5.15534
3.48977 -5.15154
3.4925 -5.14765
3.49435 -5.14327
3.49708 -5.13936
3.49888 -5.13498
3.50061 -5.1306
3.50193 -5.12605
3.50405 -5.12175
3.50498 -5.11711
3.50593 -5.11248
3.50669 -5.10781
3.50693 -5.10311
3.50781 -5.09841
3.50749 -5.09367
3.50724 -5.08577
3.50774 -5.07787
3.50747 -5.06997
3.50721 -5.06208
3.50706 -5.05418
3.50753 -5.04628
3.5075 -5.03838
3.50721 -5.03048
3.50761 -5.02258
3.50751 -5.01468
3.50728 -5.00678
3.50712 -4.99888
3.50728 -4.99098
3.50687 -4.98309
3.50704 -4.97519
3.50721 -4.96729
3.50668 -4.95939
3.50691 -4.95149
3.50645 -4.94359
3.50648 -4.93569
3.50648 -4.92779
3.5065 -4.91989
3.50688 -4.91199
3.50635 -4.9041
3.50639 -4.8962
3.50657 -4.8883
3.50633 -4.8804
3.50659 -4.8725
3.50593 -4.8646
3.50593 -4.8567
3.50621 -4.8488
3.50625 -4.8409
3.50634 -4.833
3.50619 -4.8251
3.50611 -4.82043
3.50533 -4.81582
3.50526 -4.81111
3.50423 -4.80655
3.50285 -4.80208
3.50227 -4.79739
3.50024 -4.79315
3.49906 -4.78861
3.49714 -4.78436
3.49539 -4.77999
3.49302 -4.77596
3.49079 -4.77183
3.48798 -4.76809
3.48517 -4.76435
3.48216 -4.76078
3.47895 -4.7574
3.47559 -4.75416
3.47231 -4.75083
3.46639 -4.74548
3.4605 -4.74008
3.45435 -4.73496
3.44863 -4.72937
3.4426 -4.72413
3.43664 -4.71881
3.43061 -4.71356
3.42746 -4.71109
3.42432 -4.70862
3.42152 -4.70576
3.41871 -4.7029
3.41259 -4.69776
3.40946 -4.69526
3.40634 -4.69277
3.40357 -4.68987
3.40079 -4.68698
3.39761 -4.68455
3.39442 -4.68212
3.38845 -4.67681
3.38566 -4.67394
3.38286 -4.67107
3.37971 -4.6686
3.37657 -4.66613
3.37078 -4.66061
3.36456 -4.65558
3.35861 -4.65025
3.35576 -4.64744
3.35291 -4.64463
3.34686 -4.63941
3.34083 -4.63417
3.33492 -4.62879
3.32869 -4.62378
3.32254 -4.61867
3.31975 -4.6158
3.31695 -4.61293
3.31072 -4.60791
3.30491 -4.60243
3.29885 -4.59722
3.29272 -4.59209
3.28692 -4.58658
3.28079 -4.58145
3.27466 -4.57632
3.26874 -4.57096
3.26591 -4.56813
3.26307 -4.5653
3.25694 -4.56018
3.25115 -4.55466
3.24492 -4.54965
3.239 -4.54428
3.23315 -4.53883
3.23002 -4.53635
3.22688 -4.53387
3.22111 -4.52833
3.21522 -4.52293
3.21207 -4.52045
3.20893 -4.51798
3.20312 -4.51249
3.19997 -4.51002
3.19683 -4.50754
3.19109 -4.50196
3.18824 -4.49916
3.18538 -4.49636
3.18213 -4.494
3.17889 -4.49164
3.17301 -4.48623
3.16726 -4.48067
3.16102 -4.47567
3.15822 -4.4728
3.15543 -4.46992
3.14941 -4.46467
3.14625 -4.46221
3.14309 -4.45975
3.1373 -4.45424
3.13416 -4.45176
3.13102 -4.44928
3.12827 -4.44636
3.12553 -4.44343
3.12231 -4.44104
3.1191 -4.43864
3.11626 -4.43582
3.11341 -4.43301
3.11025 -4.43056
3.10708 -4.42811
3.10423 -4.4253
3.10137 -4.4225
3.09534 -4.41726
3.08961 -4.41168
3.08646 -4.40921
3.08332 -4.40673
3.07728 -4.40151
3.07155 -4.39592
3.06558 -4.39061
3.05935 -4.3856
3.05654 -4.38275
3.05372 -4.37989
3.05048 -4.37753
3.04724 -4.37517
3.04133 -4.36978
3.03532 -4.36452
3.03256 -4.36161
3.02979 -4.35871
3.02377 -4.35346
3.02054 -4.35108
3.01731 -4.3487
3.01446 -4.34589
3.01161 -4.34309
3.00567 -4.33775
2.99974 -4.33239
2.99354 -4.32734
2.98768 -4.32191
2.98454 -4.31942
2.9814 -4.31694
2.97861 -4.31406
2.97583 -4.31119
2.96993 -4.30579
2.96678 -4.30333
2.96362 -4.30087
2.95751 -4.29572
2.95474 -4.29282
2.95197 -4.28992
2.94591 -4.28471
2.93993 -4.2794
2.93676 -4.27696
2.93359 -4.27452
2.92777 -4.26904
2.92163 -4.26392
2.91564 -4.25864
2.90986 -4.25311
2.90389 -4.2478
2.89773 -4.2427
2.89189 -4.23724
2.88569 -4.23219
2.88288 -4.22934
2.88007 -4.22649
2.87394 -4.22136
2.86786 -4.21618
2.86178 -4.21099
2.859 -4.20809
2.85623 -4.2052
2.85 -4.20019
2.84415 -4.19474
2.83809 -4.18953
2.83212 -4.18422
2.82604 -4.17903
2.82023 -4.17354
2.81406 -4.16846
2.80793 -4.16333
2.80516 -4.16044
2.80238 -4.15755
2.79623 -4.15243
2.79009 -4.14732
2.78727 -4.14448
2.78445 -4.14163
2.77821 -4.13663
2.77201 -4.13158
2.76919 -4.12874
2.76637 -4.1259
2.76026 -4.12075
2.75408 -4.11567
2.7481 -4.11038
2.74212 -4.10507
2.73617 -4.09975
2.73338 -4.09687
2.73059 -4.09399
2.72741 -4.09155
2.72423 -4.08912
2.71816 -4.08392
2.71215 -4.07866
2.7064 -4.0731
2.70056 -4.06764
2.69743 -4.06515
2.69429 -4.06267
2.68856 -4.05709
2.68539 -4.05465
2.68221 -4.05221
2.67939 -4.04937
2.67657 -4.04652
2.67071 -4.04109
2.66477 -4.03575
2.66155 -4.03336
2.65832 -4.03097
2.65552 -4.02811
2.65272 -4.02525
2.64653 -4.02019
2.64062 -4.01481
2.63747 -4.01234
2.63433 -4.00987
2.62859 -4.00429
2.62249 -3.99912
2.61641 -3.99394
2.61363 -3.99106
2.61085 -3.98817
2.60772 -3.98568
2.60459 -3.98318
2.5987 -3.97778
2.59268 -3.97253
2.58688 -3.96703
2.58079 -3.96186
2.57492 -3.95643
2.57178 -3.95395
2.56864 -3.95147
2.56273 -3.94609
2.55654 -3.94103
2.55076 -3.93551
2.54466 -3.93034
2.53862 -3.92511
2.53582 -3.92224
2.53303 -3.91937
2.5269 -3.91425
2.52092 -3.90894
2.51493 -3.90365
2.50883 -3.89849
2.50299 -3.89304
2.49984 -3.89057
2.49669 -3.8881
2.49387 -3.88526
2.49104 -3.88242
2.48498 -3.87722
2.47924 -3.87165
2.47323 -3.86638
2.47005 -3.86394
2.46687 -3.86151
2.46407 -3.85865
2.46127 -3.85579
2.45525 -3.85053
2.44911 -3.84541
2.44309 -3.84015
2.43734 -3.8346
2.43138 -3.82928
2.42814 -3.8269
2.42491 -3.82453
2.42213 -3.82165
2.41934 -3.81876
2.41617 -3.81632
2.41299 -3.81389
2.40727 -3.80829
2.40146 -3.8028
2.39542 -3.79757
2.39227 -3.7951
2.38912 -3.79263
2.38307 -3.78741
2.37702 -3.7822
2.37417 -3.77939
2.37132 -3.77658
2.36553 -3.77106
2.3623 -3.76869
2.35907 -3.76631
2.3563 -3.76342
2.35352 -3.76052
2.34754 -3.75523
2.34435 -3.75281
2.34115 -3.75039
2.33544 -3.74479
2.32957 -3.73937
2.32333 -3.73436
2.3173 -3.72912
2.31147 -3.72364
2.30563 -3.71819
2.29952 -3.71304
2.29345 -3.70785
2.2906 -3.70504
2.28775 -3.70223
2.28159 -3.69713
2.27555 -3.6919
2.26952 -3.68665
2.26341 -3.68151
2.2606 -3.67866
2.25779 -3.6758
2.25178 -3.67053
2.24583 -3.6652
2.24269 -3.66272
2.23955 -3.66024
2.23357 -3.65494
2.23075 -3.6521
2.22793 -3.64926
2.22474 -3.64683
2.22156 -3.6444
2.21573 -3.63893
2.20994 -3.63341
2.20375 -3.62835
2.19798 -3.62282
2.19484 -3.62034
2.1917 -3.61786
2.18595 -3.6123
2.17983 -3.60716
2.17372 -3.60201
2.16771 -3.59675
2.1649 -3.59389
2.1621 -3.59102
2.15612 -3.58572
2.15004 -3.58054
2.14387 -3.57546
2.13772 -3.57035
2.13167 -3.56513
2.12891 -3.56223
2.12614 -3.55932
2.12299 -3.55685
2.11985 -3.55437
2.11376 -3.54919
2.11101 -3.54628
2.10825 -3.54337
2.10506 -3.54094
2.10188 -3.53851
2.09597 -3.53313
2.09014 -3.52766
2.087 -3.52518
2.08386 -3.52271
2.07798 -3.51729
2.0722 -3.51177
2.06903 -3.50932
2.06586 -3.50687
2.06316 -3.50425
2.06344 -3.50416
2.06341 -3.50318
2.06439 -3.50294
2.06468 -3.50221
2.06476 -3.50141
2.06488 -3.50065
2.0653 -3.50002
2.06537 -3.49928
2.06576 -3.49861
2.06597 -3.49788
2.06619 -3.49715
2.06589 -3.49639
2.06629 -3.49564
2.06592 -3.49491
2.0657 -3.48962
2.06547 -3.48433
2.06498 -3.48368
2.06488 -3.48297
2.06452 -3.48234
2.06455 -3.48158
2.06425 -3.48094
2.06386 -3.48034
2.06381 -3.47955
2.06358 -3.47884
2.06301 -3.47835
2.06258 -3.47777
2.05824 -3.4725
2.05389 -3.46722
2.04954 -3.46195
2.04519 -3.45667
2.04084 -3.4514
2.0365 -3.44612
2.03619 -3.44537
2.03574 -3.44473
2.03496 -3.44449
2.03437 -3.44403
2.03385 -3.44343
2.03293 -3.44358
2.03223 -3.44337
2.03159 -3.44301
2.03105 -3.44228
2.02441 -3.44013
2.01776 -3.43799
2.01111 -3.43585
2.00447 -3.43371
1.99782 -3.43157
1.99707 -3.43146
1.99631 -3.43145
1.99553 -3.43171
1.99482 -3.43135
1.99408 -3.43131
1.99335 -3.43151
1.99261 -3.43153
1.99185 -3.43148
1.99108 -3.4315
1.99033 -3.43164
1.98971 -3.43211
1.98899 -3.43235
1.98824 -3.43254
1.98788 -3.43337
1.98707 -3.43351
1.98629 -3.43374
1.98619 -3.43473
1.98571 -3.43527
1.98552 -3.43531
