-0.0405077 -1.6531
-0.0438411 -1.65044
-0.0501516 -1.64556
-0.0563303 -1.64053
-0.0600061 -1.63743
-0.0639031 -1.63461
-0.0679471 -1.63202
-0.0723075 -1.63
-0.0766539 -1.62797
-0.0810545 -1.62611
-0.0854704 -1.62421
-0.0900606 -1.62284
-0.0946726 -1.62151
-0.0994084 -1.62084
-0.104136 -1.62003
-0.108855 -1.61929
-0.113629 -1.61872
-0.118426 -1.61823
-0.125633 -1.61845
-0.13284 -1.61891
-0.140047 -1.6183
-0.147254 -1.61866
-0.154461 -1.61851
-0.161668 -1.6189
-0.168875 -1.61839
-0.176083 -1.61862
-0.180936 -1.61864
-0.185759 -1.61916
-0.190573 -1.61975
-0.195443 -1.62018
-0.199982 -1.62202
-0.204824 -1.62269
-0.209255 -1.62471
-0.21392 -1.62606
-0.218265 -1.62821
-0.222655 -1.63025
-0.227071 -1.63231
-0.230988 -1.63519
-0.235023 -1.63788
-0.23869 -1.64106
-0.245307 -1.6455
-0.251433 -1.65055
-0.257192 -1.65605
-0.263446 -1.66094
-0.269598 -1.66596
-0.276158 -1.67047
-0.2823 -1.67549
-0.288056 -1.681
-0.294379 -1.68581
-0.300558 -1.69079
-0.307063 -1.69537
-0.313032 -1.70061
-0.319404 -1.70536
-0.325272 -1.71072
-0.331702 -1.7154
-0.337481 -1.72087
-0.343757 -1.72574
-0.350189 -1.73041
-0.356311 -1.73546
-0.362221 -1.74078
-0.368677 -1.74542
-0.374911 -1.75033
-0.380954 -1.75548
-0.387282 -1.76028
-0.393454 -1.76527
-0.399618 -1.77027
-0.405425 -1.77572
-0.411602 -1.7807
-0.418113 -1.78527
-0.424081 -1.79052
-0.430226 -1.79554
-0.436567 -1.80032
-0.442743 -1.80531
-0.448938 -1.81028
-0.45504 -1.81535
-0.461227 -1.82033
-0.467363 -1.82536
-0.473361 -1.83057
-0.479613 -1.83546
-0.485971 -1.84022
-0.492172 -1.84518
-0.498198 -1.85035
-0.504702 -1.85493
-0.510718 -1.86012
-0.516801 -1.86522
-0.522873 -1.87033
-0.528999 -1.87538
-0.535143 -1.88041
-0.541624 -1.88502
-0.547934 -1.88984
-0.553898 -1.89509
-0.560177 -1.89995
-0.566337 -1.90495
-0.572643 -1.90978
-0.578634 -1.91499
-0.58496 -1.9198
-0.591124 -1.9248
-0.597348 -1.92972
-0.603067 -1.93528
-0.60931 -1.94018
-0.615571 -1.94506
-0.622019 -1.94971
-0.628095 -1.95482
-0.634321 -1.95975
-0.640133 -1.96518
-0.646683 -1.96971
-0.652578 -1.97504
-0.659107 -1.97959
-0.664919 -1.98503
-0.671309 -1.98975
-0.677413 -1.99483
-0.68343 -2.00001
-0.689841 -2.0047
-0.69621 -2.00945
-0.701951 -2.01498
-0.708286 -2.01977
-0.714722 -2.02443
-0.720467 -2.02995
-0.727075 -2.0344
-0.733256 -2.03938
-0.739031 -2.04487
-0.745152 -2.04992
-0.751325 -2.05491
-0.757985 -2.0593
-0.76412 -2.06434
-0.76999 -2.0697
-0.776075 -2.0748
-0.779315 -2.0774
-0.779312 -2.07741
-0.778498 -2.07774
-0.77805 -2.07836
-0.778153 -2.07927
-0.77797 -2.08
-0.777545 -2.08061
-0.777361 -2.08133
-0.777351 -2.08208
-0.776622 -2.0827
-0.776474 -2.08345
-0.776995 -2.08424
-0.77715 -2.08497
-0.776662 -2.08574
-0.776782 -2.08649
-0.777076 -2.08721
-0.778228 -2.0921
-0.779381 -2.097
-0.779807 -2.09764
-0.780097 -2.0983
-0.780192 -2.09904
-0.78048 -2.09971
-0.780701 -2.10043
-0.781493 -2.1008
-0.781894 -2.10139
-0.786505 -2.10771
-0.790385 -2.1125
-0.794264 -2.11729
-0.798143 -2.12208
-0.802023 -2.12687
-0.802325 -2.12751
-0.802938 -2.12789
-0.803421 -2.12837
-0.803795 -2.12897
-0.809812 -2.13365
-0.810303 -2.13421
-0.810879 -2.13466
-0.811415 -2.1352
-0.812341 -2.13502
-0.812943 -2.13541
-0.81364 -2.1356
-0.814205 -2.1362
-0.82074 -2.13809
-0.827275 -2.13998
-0.833809 -2.14186
-0.840344 -2.14375
-0.846879 -2.14564
-0.847647 -2.14564
-0.848307 -2.14601
-0.84902 -2.14623
-0.849746 -2.14647
-0.850505 -2.14636
-0.851253 -2.1464
-0.851957 -2.14584
-0.852661 -2.14568
-0.853391 -2.14566
-0.854196 -2.14584
-0.854723 -2.14508
-0.855477 -2.14502
-0.856333 -2.1451
-0.856956 -2.14466
-0.857498 -2.14411
-0.857944 -2.14347
-0.858366 -2.14284
-0.858971 -2.14243
-0.859479 -2.14191
-0.859575 -2.14182
-0.862796 -2.1443
-0.868897 -2.14938
-0.875235 -2.15416
-0.88119 -2.15942
-0.887309 -2.16448
-0.893394 -2.16958
-0.899835 -2.17424
-0.906118 -2.17909
-0.912311 -2.18406
-0.918361 -2.1892
-0.924292 -2.19449
-0.930517 -2.19941
-0.934461 -2.20223
-0.937273 -2.20509
-0.940086 -2.20794
-0.943261 -2.21038
-0.946435 -2.21283
-0.952319 -2.21825
-0.958308 -2.22354
-0.964347 -2.22878
-0.970184 -2.23425
-0.975989 -2.23975
-0.982036 -2.24499
-0.988175 -2.25011
-0.994014 -2.25558
-0.997096 -2.25813
-1.00018 -2.26068
-1.00626 -2.26588
-1.00905 -2.26875
-1.01185 -2.27162
-1.01774 -2.27703
-1.0209 -2.27949
-1.02406 -2.28195
-1.02995 -2.28736
-1.03304 -2.2899
-1.03613 -2.29244
-1.03892 -2.29532
-1.04171 -2.2982
-1.04764 -2.30356
-1.05073 -2.3061
-1.05381 -2.30865
-1.05984 -2.3139
-1.06591 -2.31911
-1.07189 -2.32442
-1.07792 -2.32967
-1.0838 -2.33509
-1.08988 -2.34028
-1.09576 -2.34571
-1.10165 -2.35111
-1.10777 -2.35626
-1.11373 -2.36159
-1.11657 -2.36441
-1.11942 -2.36722
-1.12532 -2.37262
-1.13134 -2.37788
-1.13725 -2.38327
-1.14034 -2.38581
-1.14342 -2.38836
-1.14651 -2.39091
-1.14959 -2.39346
-1.15553 -2.3988
-1.16137 -2.40427
-1.16737 -2.40956
-1.17017 -2.41242
-1.17297 -2.41529
-1.17609 -2.4178
-1.1792 -2.42031
-1.18507 -2.42575
-1.19093 -2.43119
-1.19707 -2.43631
-1.20293 -2.44176
-1.20607 -2.44425
-1.2092 -2.44673
-1.21511 -2.45212
-1.22098 -2.45755
-1.22376 -2.46026
-1.2239 -2.46006
-1.22451 -2.45962
-1.22524 -2.45936
-1.22583 -2.45894
-1.2264 -2.45851
-1.2269 -2.45792
-1.22762 -2.45773
-1.22829 -2.45744
-1.22889 -2.45695
-1.22956 -2.4566
-1.23034 -2.45669
-1.23105 -2.45647
-1.23178 -2.45643
-1.23251 -2.45655
-1.23327 -2.45604
-1.23396 -2.45669
-1.23897 -2.45684
-1.24399 -2.45699
-1.24467 -2.45737
-1.24535 -2.45763
-1.24611 -2.45757
-1.24669 -2.4581
-1.24752 -2.45797
-1.25338 -2.4606
-1.25924 -2.46324
-1.2651 -2.46587
-1.27096 -2.46851
-1.27682 -2.47115
-1.27732 -2.47176
-1.27822 -2.47165
-1.27878 -2.47215
-1.27949 -2.47242
-1.28011 -2.47284
-1.28041 -2.47361
-1.28123 -2.47383
-1.28428 -2.47751
-1.28732 -2.4812
-1.28779 -2.48171
-1.28871 -2.48191
-1.28851 -2.48289
-1.28893 -2.48344
-1.28965 -2.48386
-1.28958 -2.48467
-1.29241 -2.49093
-1.29523 -2.4972
-1.29805 -2.50347
-1.30087 -2.50974
-1.30369 -2.51601
-1.30413 -2.51664
-1.30401 -2.51746
-1.30421 -2.51816
-1.30451 -2.51885
-1.30468 -2.51958
-1.30453 -2.52032
-1.30483 -2.52106
-1.30517 -2.52184
-1.30445 -2.5225
-1.30447 -2.52325
-1.30428 -2.52396
-1.30444 -2.52479
-1.30399 -2.52541
-1.30356 -2.52603
-1.30346 -2.52682
-1.30304 -2.52743
-1.30291 -2.52826
-1.30249 -2.52891
-1.30168 -2.5292
-1.30142 -2.52945
-1.30441 -2.53217
-1.30754 -2.53467
-1.31068 -2.53716
-1.31666 -2.54246
-1.32259 -2.54782
-1.32864 -2.55306
-1.33456 -2.55843
-1.33737 -2.56129
-1.34017 -2.56415
-1.34336 -2.56659
-1.34654 -2.56902
-1.35235 -2.57452
-1.35834 -2.57981
-1.36448 -2.58495
-1.36731 -2.58778
-1.37015 -2.5906
-1.37329 -2.59309
-1.37643 -2.59557
-1.3793 -2.59836
-1.38217 -2.60115
-1.38813 -2.60648
-1.39126 -2.60898
-1.39438 -2.61148
-1.4004 -2.61674
-1.40322 -2.61958
-1.40604 -2.62243
-1.40916 -2.62494
-1.41227 -2.62746
-1.41814 -2.63288
-1.42417 -2.63814
-1.4301 -2.6435
-1.43596 -2.64895
-1.442 -2.65419
-1.44792 -2.65956
-1.45405 -2.6647
-1.45684 -2.66758
-1.45962 -2.67046
-1.46271 -2.673
-1.4658 -2.67554
-1.46867 -2.67833
-1.47154 -2.68112
-1.47475 -2.68353
-1.47797 -2.68593
-1.48075 -2.68881
-1.48354 -2.69169
-1.4867 -2.69416
-1.48986 -2.69662
-1.4927 -2.69944
-1.49554 -2.70226
-1.50148 -2.70761
-1.50753 -2.71284
-1.51064 -2.71536
-1.51375 -2.71787
-1.51968 -2.72324
-1.5225 -2.72608
-1.52532 -2.72893
-1.52855 -2.73131
-1.53178 -2.7337
-1.53775 -2.73902
-1.54055 -2.74188
-1.54335 -2.74475
-1.54643 -2.7473
-1.54952 -2.74985
-1.55552 -2.75512
-1.56143 -2.76051
-1.5643 -2.7633
-1.56717 -2.76609
-1.57035 -2.76853
-1.57353 -2.77097
-1.57628 -2.77389
-1.57904 -2.77681
-1.58508 -2.78205
-1.58819 -2.78457
-1.5913 -2.78708
-1.5974 -2.79225
-1.60021 -2.79511
-1.60302 -2.79796
-1.60902 -2.80325
-1.61214 -2.80575
-1.61526 -2.80826
-1.61813 -2.81105
-1.62101 -2.81384
-1.62711 -2.819
-1.62994 -2.82183
-1.63278 -2.82466
-1.63588 -2.82718
-1.63899 -2.82971
-1.64185 -2.8325
-1.64472 -2.8353
-1.64788 -2.83776
-1.65104 -2.84022
-1.65703 -2.84552
-1.66303 -2.8508
-1.66588 -2.85361
-1.66873 -2.85643
-1.67188 -2.8589
-1.67503 -2.86137
-1.68103 -2.86665
-1.68689 -2.8721
-1.69273 -2.87756
-1.69559 -2.88035
-1.69846 -2.88315
-1.70157 -2.88567
-1.70467 -2.8882
-1.70755 -2.89098
-1.71042 -2.89376
-1.71654 -2.89892
-1.72236 -2.9044
-1.72555 -2.90683
-1.72874 -2.90926
-1.73455 -2.91476
-1.74066 -2.91991
-1.74657 -2.9253
-1.75271 -2.93043
-1.75559 -2.9332
-1.75847 -2.93598
-1.76428 -2.94148
-1.77029 -2.94675
-1.77626 -2.95207
-1.78232 -2.95728
-1.78825 -2.96265
-1.79113 -2.96543
-1.794 -2.96821
-1.79714 -2.9707
-1.80028 -2.97318
-1.80626 -2.97849
-1.8123 -2.98374
-1.81812 -2.98922
-1.82099 -2.99201
-1.82386 -2.9948
-1.82697 -2.99732
-1.83008 -2.99984
-1.83297 -3.0026
-1.83586 -3.00537
-1.83898 -3.00787
-1.8421 -3.01038
-1.84494 -3.0132
-1.84777 -3.01603
-1.85088 -3.01855
-1.85399 -3.02107
-1.85999 -3.02636
-1.86607 -3.03155
-1.87199 -3.03692
-1.87484 -3.03973
-1.87769 -3.04255
-1.8808 -3.04507
-1.88391 -3.04759
-1.89005 -3.05271
-1.89283 -3.05561
-1.8956 -3.05851
-1.8988 -3.06092
-1.90201 -3.06333
-1.90784 -3.0688
-1.9107 -3.07161
-1.91355 -3.07441
-1.91961 -3.07962
-1.92546 -3.08508
-1.93147 -3.09035
-1.93466 -3.09279
-1.93784 -3.09522
-1.94064 -3.09809
-1.94344 -3.10096
-1.94653 -3.1035
-1.94963 -3.10603
-1.95562 -3.11133
-1.96151 -3.11673
-1.96439 -3.11951
-1.96726 -3.12229
-1.97333 -3.12751
-1.97648 -3.12998
-1.97963 -3.13245
-1.98542 -3.13797
-1.98828 -3.14077
-1.99114 -3.14357
-1.99429 -3.14604
-1.99745 -3.14851
-2.00032 -3.1513
-2.00319 -3.15409
-2.00924 -3.15931
-2.01529 -3.16455
-2.02122 -3.1699
-2.02408 -3.1727
-2.02694 -3.1755
-2.0301 -3.17797
-2.03326 -3.18043
-2.03928 -3.18569
-2.04529 -3.19096
-2.04817 -3.19374
-2.05105 -3.19652
-2.05688 -3.20199
-2.05997 -3.20453
-2.06306 -3.20707
-2.06592 -3.20988
-2.06877 -3.21269
-2.07194 -3.21514
-2.07511 -3.21759
-2.078 -3.22035
-2.08089 -3.22312
-2.08671 -3.22861
-2.08987 -3.23107
-2.09303 -3.23353
-2.0959 -3.23632
-2.09877 -3.23911
-2.1047 -3.24447
-2.10783 -3.24696
-2.11097 -3.24946
-2.11383 -3.25226
-2.11669 -3.25505
-2.1198 -3.25757
-2.12291 -3.26009
-2.12574 -3.26292
-2.12858 -3.26574
-2.13171 -3.26825
-2.13483 -3.27075
-2.13767 -3.27358
-2.1405 -3.2764
-2.1464 -3.2818
-2.15248 -3.28699
-2.15835 -3.29243
-2.16153 -3.29487
-2.16471 -3.29731
-2.17055 -3.30277
-2.17656 -3.30805
-2.17936 -3.31091
-2.18216 -3.31377
-2.18527 -3.3163
-2.18837 -3.31883
-2.19149 -3.32133
-2.19462 -3.32383
-2.19747 -3.32664
-2.20032 -3.32945
-2.20321 -3.33222
-2.2061 -3.33498
-2.20924 -3.33747
-2.21238 -3.33995
-2.21838 -3.34524
-2.22127 -3.34801
-2.22415 -3.35078
-2.23019 -3.35602
-2.23599 -3.36153
-2.23913 -3.36402
-2.24227 -3.3665
-2.24828 -3.37178
-2.2543 -3.37704
-2.25709 -3.37991
-2.25988 -3.38279
-2.26582 -3.38814
-2.26903 -3.39055
-2.27225 -3.39295
-2.27821 -3.39827
-2.28098 -3.40118
-2.28374 -3.40408
-2.28975 -3.40936
-2.29288 -3.41186
-2.29601 -3.41435
-2.29888 -3.41714
-2.30175 -3.41993
-2.3076 -3.42538
-2.31069 -3.42793
-2.31377 -3.43047
-2.3198 -3.43572
-2.32266 -3.43852
-2.32552 -3.44133
-2.33147 -3.44666
-2.33748 -3.45194
-2.34357 -3.45712
-2.34952 -3.46246
-2.35552 -3.46775
-2.36132 -3.47326
-2.36442 -3.47579
-2.36751 -3.47833
-2.37062 -3.48084
-2.37374 -3.48336
-2.37958 -3.48882
-2.38547 -3.49422
-2.39156 -3.49941
-2.39761 -3.50464
-2.40039 -3.50753
-2.40317 -3.51042
-2.40635 -3.51286
-2.40954 -3.51529
-2.41242 -3.51806
-2.4153 -3.52084
-2.4182 -3.5236
-2.42109 -3.52636
-2.42721 -3.53151
-2.43325 -3.53675
-2.43611 -3.53955
-2.43896 -3.54236
-2.44208 -3.54487
-2.44519 -3.54738
-2.44807 -3.55016
-2.45095 -3.55294
-2.45415 -3.55536
-2.45735 -3.55778
-2.46022 -3.56057
-2.46308 -3.56336
-2.46619 -3.56588
-2.4693 -3.5684
-2.47208 -3.5713
-2.47485 -3.57419
-2.47796 -3.57671
-2.48108 -3.57922
-2.48393 -3.58203
-2.48678 -3.58484
-2.48986 -3.58739
-2.49295 -3.58993
-2.4991 -3.59505
-2.50497 -3.60048
-2.51096 -3.60577
-2.51682 -3.61122
-2.52276 -3.61657
-2.52875 -3.62187
-2.53486 -3.62703
-2.54078 -3.6324
-2.54367 -3.63517
-2.54656 -3.63793
-2.55268 -3.64309
-2.55849 -3.64859
-2.56453 -3.65382
-2.57048 -3.65916
-2.57361 -3.66165
-2.57675 -3.66415
-2.5795 -3.66706
-2.58225 -3.66998
-2.58549 -3.67236
-2.58873 -3.67473
-2.59456 -3.68021
-2.60059 -3.68546
-2.60347 -3.68824
-2.60635 -3.69101
-2.61225 -3.69641
-2.61812 -3.70184
-2.62133 -3.70424
-2.62455 -3.70664
-2.63034 -3.71216
-2.63631 -3.71748
-2.64225 -3.72284
-2.64839 -3.72796
-2.65128 -3.73072
-2.65417 -3.73349
-2.66025 -3.73868
-2.66628 -3.74393
-2.66905 -3.74683
-2.67182 -3.74974
-2.67492 -3.75226
-2.67803 -3.75479
-2.68112 -3.75732
-2.68422 -3.75986
-2.68703 -3.76272
-2.68984 -3.76557
-2.69295 -3.76809
-2.69606 -3.77061
-2.69887 -3.77346
-2.70168 -3.77631
-2.70777 -3.7815
-2.71095 -3.78394
-2.71414 -3.78638
-2.71698 -3.78919
-2.71983 -3.79201
-2.72575 -3.79738
-2.7289 -3.79986
-2.73204 -3.80234
-2.73486 -3.80518
-2.73768 -3.80803
-2.74381 -3.81317
-2.74968 -3.8186
-2.75578 -3.82377
-2.75863 -3.82658
-2.76148 -3.82939
-2.76762 -3.83451
-2.77371 -3.8397
-2.77982 -3.84486
-2.78568 -3.8503
-2.79151 -3.85578
-2.79745 -3.86113
-2.80326 -3.86662
-2.80924 -3.87194
-2.81524 -3.87721
-2.81839 -3.8797
-2.82153 -3.88218
-2.82437 -3.885
-2.82722 -3.88781
-2.83321 -3.8931
-2.83913 -3.89848
-2.84526 -3.90362
-2.85139 -3.90876
-2.85425 -3.91156
-2.8571 -3.91436
-2.86324 -3.9195
-2.86609 -3.9223
-2.86894 -3.92511
-2.8721 -3.92758
-2.87526 -3.93004
-2.88133 -3.93525
-2.88412 -3.93812
-2.88691 -3.941
-2.89004 -3.9435
-2.89316 -3.94601
-2.89921 -3.95124
-2.90506 -3.95669
-2.90788 -3.95953
-2.9107 -3.96238
-2.91678 -3.96757
-2.9227 -3.97295
-2.92582 -3.97545
-2.92895 -3.97795
-2.93492 -3.98326
-2.94085 -3.98863
-2.9468 -3.99397
-2.95285 -3.9992
-2.9587 -4.00465
-2.96182 -4.00717
-2.96493 -4.00968
-2.97083 -4.01508
-2.97673 -4.02047
-2.9826 -4.02591
-2.98858 -4.03122
-2.99455 -4.03653
-2.9974 -4.03934
-3.00025 -4.04215
-3.00632 -4.04736
-3.00949 -4.04981
-3.01266 -4.05226
-3.01867 -4.05753
-3.0214 -4.06048
-3.02413 -4.06342
-3.02731 -4.06586
-3.03049 -4.0683
-3.03637 -4.07372
-3.04225 -4.07915
-3.04532 -4.0817
-3.0484 -4.08425
-3.05422 -4.08975
-3.06024 -4.09501
-3.0663 -4.10023
-3.0691 -4.10309
-3.0719 -4.10596
-3.07498 -4.10851
-3.07806 -4.11106
-3.08391 -4.11652
-3.08711 -4.11894
-3.0903 -4.12136
-3.09622 -4.12674
-3.1022 -4.13205
-3.10501 -4.1349
-3.10782 -4.13776
-3.11389 -4.14296
-3.11703 -4.14545
-3.12016 -4.14794
-3.12305 -4.15071
-3.12594 -4.15347
-3.12904 -4.15601
-3.13213 -4.15855
-3.138 -4.16397
-3.14083 -4.16681
-3.14366 -4.16965
-3.1468 -4.17213
-3.14994 -4.17462
-3.15602 -4.17981
-3.16186 -4.18527
-3.16775 -4.19068
-3.17062 -4.19347
-3.17349 -4.19626
-3.17657 -4.19881
-3.17965 -4.20136
-3.18551 -4.2068
-3.19133 -4.21229
-3.19458 -4.21466
-3.19782 -4.21703
-3.20064 -4.21987
-3.20345 -4.22272
-3.20949 -4.22797
-3.2126 -4.23048
-3.21572 -4.23299
-3.21847 -4.23591
-3.22123 -4.23882
-3.22436 -4.24132
-3.22749 -4.24381
-3.23331 -4.24931
-3.23941 -4.25447
-3.24546 -4.2597
-3.24833 -4.26249
-3.25121 -4.26527
-3.25431 -4.2678
-3.25742 -4.27032
-3.2633 -4.27574
-3.26918 -4.28115
-3.27504 -4.2866
-3.28112 -4.2918
-3.287 -4.29721
-3.29313 -4.30235
-3.29911 -4.30766
-3.30503 -4.31304
-3.30789 -4.31583
-3.31076 -4.31862
-3.31399 -4.32101
-3.31721 -4.3234
-3.32322 -4.32867
-3.32909 -4.3341
-3.33495 -4.33955
-3.34092 -4.34487
-3.34698 -4.35008
-3.34983 -4.35289
-3.35268 -4.35571
-3.35582 -4.35819
-3.35895 -4.36068
-3.36481 -4.36613
-3.37094 -4.37127
-3.37378 -4.37409
-3.37662 -4.37691
-3.38265 -4.38215
-3.38867 -4.38742
-3.39176 -4.38996
-3.39486 -4.39249
-3.40072 -4.39794
-3.40357 -4.40074
-3.40643 -4.40354
-3.41232 -4.40895
-3.41543 -4.41147
-3.41853 -4.414
-3.42459 -4.41922
-3.43064 -4.42445
-3.43656 -4.42982
-3.43942 -4.43262
-3.44229 -4.43541
-3.44842 -4.44055
-3.45428 -4.44599
-3.46028 -4.45127
-3.46315 -4.45406
-3.46602 -4.45685
-3.47201 -4.46214
-3.47522 -4.46455
-3.47842 -4.46696
-3.48125 -4.4698
-3.48408 -4.47264
-3.48999 -4.47802
-3.4961 -4.48318
-3.49922 -4.48569
-3.50233 -4.48821
-3.50828 -4.49355
-3.5111 -4.49639
-3.51392 -4.49924
-3.52001 -4.50442
-3.5231 -4.50697
-3.52618 -4.50951
-3.52895 -4.51241
-3.53172 -4.51531
-3.53489 -4.51777
-3.53805 -4.52023
-3.54406 -4.5255
-3.55001 -4.53084
-3.55598 -4.53616
-3.56191 -4.54153
-3.56792 -4.5468
-3.57078 -4.5496
-3.57363 -4.5524
-3.57972 -4.55759
-3.58565 -4.56296
-3.5917 -4.56819
-3.59455 -4.571
-3.5974 -4.57381
-3.60345 -4.57904
-3.60951 -4.58425
-3.61553 -4.58951
-3.62157 -4.59476
-3.62445 -4.59753
-3.62734 -4.6003
-3.63044 -4.60282
-3.63355 -4.60535
-3.63966 -4.61051
-3.64558 -4.61588
-3.64847 -4.61864
-3.65137 -4.6214
-3.65439 -4.62408
-3.65434 -4.62443
-3.65388 -4.625
-3.65307 -4.62532
-3.65314 -4.62627
-3.65253 -4.62677
-3.65241 -4.62754
-3.652 -4.62816
-3.65188 -4.62891
-3.65176 -4.62964
-3.65128 -4.63029
-3.6513 -4.63105
-3.65084 -4.63177
-3.6509 -4.63254
-3.65082 -4.63331
-3.65102 -4.63407
-3.65181 -4.63927
-3.65259 -4.64446
-3.65291 -4.64517
-3.65313 -4.64589
-3.65325 -4.64664
-3.65348 -4.64736
-3.65419 -4.64788
-3.65404 -4.64879
-3.65747 -4.65424
-3.6609 -4.6597
-3.66433 -4.66515
-3.66776 -4.67061
-3.66789 -4.67139
-3.66853 -4.67184
-3.66888 -4.67251
-3.66989 -4.67255
-3.67015 -4.67331
-3.67063 -4.67387
-3.67135 -4.67412
-3.67197 -4.67447
-3.67262 -4.67479
-3.67833 -4.67752
-3.68405 -4.68024
-3.68977 -4.68297
-3.69548 -4.68569
-3.70114 -4.68825
-3.70679 -4.6908
-3.71245 -4.69336
-3.7181 -4.69591
-3.71877 -4.69623
-3.71949 -4.69649
-3.72025 -4.69658
-3.72095 -4.6969
-3.72177 -4.69659
-3.72248 -4.69684
-3.72323 -4.69666
-3.72397 -4.69702
-3.72468 -4.69644
-3.7254 -4.69638
-3.72613 -4.69631
-3.72686 -4.69623
-3.7275 -4.6958
-3.72817 -4.69552
-3.72902 -4.6956
-3.72976 -4.69538
-3.7302 -4.69464
-3.73064 -4.694
-3.73127 -4.69362
-3.73179 -4.69312
-3.73475 -4.69608
-3.74081 -4.7013
-3.74393 -4.70381
-3.74704 -4.70632
-3.75316 -4.71147
-3.75604 -4.71425
-3.75891 -4.71704
-3.76179 -4.71982
-3.76467 -4.72259
-3.77074 -4.7278
-3.77385 -4.73032
-3.77696 -4.73283
-3.77984 -4.73561
-3.78272 -4.73839
-3.78582 -4.74092
-3.78892 -4.74345
-3.79172 -4.74631
-3.79453 -4.74917
-3.79764 -4.75169
-3.80076 -4.7542
-3.80677 -4.75948
-3.80982 -4.76207
-3.81287 -4.76467
-3.81636 -4.76855
-3.81997 -4.7723
-3.82365 -4.77602
-3.82661 -4.78033
-3.82964 -4.78458
-3.83265 -4.78887
-3.83498 -4.79354
-3.83752 -4.79813
-3.83937 -4.803
-3.84108 -4.80794
-3.84215 -4.81306
-3.84403 -4.81797
-3.84482 -4.82312
-3.84557 -4.82829
-3.84593 -4.83349
-3.8464 -4.8387
-3.8466 -4.84667
-3.84646 -4.85464
-3.84623 -4.86262
-3.84607 -4.87059
-3.84634 -4.87856
-3.84626 -4.88653
-3.8465 -4.89451
-3.84685 -4.90247
-3.84671 -4.91045
-3.84649 -4.91842
-3.84706 -4.92639
-3.84706 -4.93436
-3.84679 -4.94234
-3.84727 -4.95031
-3.84715 -4.95828
-3.84712 -4.96625
-3.84719 -4.97422
-3.84748 -4.98219
-3.84748 -4.99017
-3.84756 -4.99814
-3.8473 -5.00611
-3.84778 -5.01408
-3.84805 -5.02205
-3.84747 -5.03003
-3.84806 -5.038
-3.84791 -5.04597
-3.84835 -5.05394
-3.84789 -5.06192
-3.84795 -5.06989
-3.84789 -5.07786
-3.84835 -5.08583
-3.84879 -5.09381
-3.84815 -5.09857
-3.84808 -5.10335
-3.84745 -5.10808
-3.84675 -5.1128
-3.84569 -5.11745
-3.84494 -5.12221
-3.84293 -5.12658
-3.84134 -5.13105
-3.83982 -5.13561
-3.83768 -5.13988
-3.83503 -5.14387
-3.83314 -5.14831
-3.83017 -5.15206
-3.82756 -5.15608
-3.82441 -5.15967
-3.821 -5.16299
-3.81769 -5.16644
-3.81422 -5.1697
-3.80859 -5.17536
-3.80265 -5.18067
-3.79639 -5.18562
-3.79064 -5.19115
-3.78448 -5.19621
-3.77829 -5.20123
-3.77223 -5.20641
-3.76627 -5.21169
-3.76043 -5.21713
-3.75456 -5.22251
-3.7484 -5.22757
-3.74266 -5.23311
-3.73666 -5.23836
-3.73056 -5.24349
-3.72438 -5.24852
-3.71879 -5.25422
-3.71267 -5.25934
-3.70665 -5.26455
-3.70059 -5.26973
-3.69484 -5.27526
-3.68867 -5.28031
-3.68281 -5.28571
-3.67662 -5.29073
-3.6708 -5.29618
-3.66477 -5.30139
-3.6584 -5.30621
-3.65565 -5.30912
-3.6529 -5.31202
-3.64966 -5.31437
-3.64642 -5.31672
-3.64046 -5.32201
-3.63488 -5.32773
-3.6285 -5.33254
-3.62251 -5.33779
-3.61678 -5.34335
-3.61098 -5.34882
-3.60496 -5.35404
-3.59867 -5.35895
-3.59293 -5.36448
-3.58652 -5.36926
-3.58097 -5.37502
-3.57454 -5.37977
-3.56902 -5.38556
-3.56269 -5.39043
-3.5566 -5.39556
-3.55081 -5.40105
-3.54508 -5.4066
-3.53894 -5.41168
-3.53311 -5.41711
-3.52689 -5.42211
-3.52105 -5.42754
-3.51511 -5.43285
-3.50911 -5.43808
-3.50279 -5.44296
-3.49671 -5.44812
-3.49075 -5.4534
-3.48471 -5.45861
-3.47894 -5.4641
-3.47285 -5.46925
-3.46678 -5.47441
-3.46123 -5.48016
-3.45509 -5.48525
-3.44874 -5.4901
-3.44315 -5.49581
-3.43705 -5.50093
-3.43126 -5.50641
-3.42481 -5.51114
-3.41908 -5.51669
-3.41282 -5.52164
-3.40722 -5.52733
-3.40091 -5.53223
-3.39489 -5.53745
-3.38925 -5.54311
-3.38312 -5.54819
-3.37694 -5.55323
-3.37094 -5.55847
-3.36508 -5.56388
-3.35906 -5.5691
-3.3529 -5.57416
-3.34716 -5.5797
-3.34102 -5.58478
-3.33523 -5.59026
-3.32941 -5.59571
-3.32302 -5.6005
-3.31743 -5.60622
-3.31127 -5.61127
-3.30527 -5.61653
-3.29926 -5.62175
-3.29342 -5.62718
-3.2874 -5.6324
-3.28109 -5.63729
-3.27504 -5.64247
-3.26918 -5.64788
-3.26315 -5.65309
-3.2602 -5.65571
-3.26013 -5.6553
-3.25955 -5.65481
-3.25902 -5.65429
-3.25825 -5.65405
-3.25789 -5.65328
-3.25692 -5.65342
-3.25638 -5.6529
-3.25585 -5.65229
-3.25494 -5.65259
-3.25442 -5.65182
-3.25361 -5.65197
-3.25286 -5.65201
-3.25222 -5.65126
-3.25143 -5.65178
-3.2507 -5.6516
-3.24995 -5.65148
-3.24928 -5.6521
-3.24471 -5.65284
-3.24015 -5.65359
-3.23945 -5.65365
-3.23875 -5.65369
-3.23797 -5.65354
-3.23728 -5.65375
-3.23688 -5.65459
-3.22963 -5.65775
-3.22239 -5.6609
-3.21514 -5.66405
-3.2079 -5.6672
-3.20747 -5.66798
-3.20694 -5.66848
-3.20599 -5.66829
-3.2057 -5.66914
-3.20517 -5.66961
-3.20434 -5.66975
-3.20392 -5.67037
-3.20381 -5.67122
-3.20336 -5.67176
-3.20046 -5.67563
-3.19756 -5.6795
-3.19687 -5.67989
-3.1971 -5.68085
-3.19387 -5.68679
-3.19063 -5.69272
-3.1874 -5.69866
-3.18416 -5.70459
-3.18093 -5.71053
-3.18073 -5.71126
-3.18005 -5.71175
-3.17991 -5.71249
-3.18 -5.71329
-3.17919 -5.71385
-3.17978 -5.71471
-3.17905 -5.71537
-3.179 -5.71612
-3.17898 -5.71689
-3.17908 -5.71765
-3.17952 -5.71835
-3.18003 -5.719
-3.17998 -5.71976
-3.18037 -5.7204
-3.18071 -5.72104
-3.18106 -5.72168
-3.181 -5.72255
-3.18176 -5.72294
-3.18193 -5.72372
-3.18262 -5.72411
-3.18276 -5.72432
-3.17962 -5.72702
-3.17345 -5.73206
-3.16759 -5.73747
-3.16126 -5.74233
-3.1556 -5.74796
-3.14942 -5.753
-3.14355 -5.75839
-3.13761 -5.7637
-3.13131 -5.7686
-3.12573 -5.77433
-3.11932 -5.7791
-3.11363 -5.7847
-3.1077 -5.79001
-3.10184 -5.79542
-3.09567 -5.80047
-3.08939 -5.8054
-3.08661 -5.80828
-3.08383 -5.81117
-3.08029 -5.81357
-3.07685 -5.81607
-3.07362 -5.81891
-3.07006 -5.82132
-3.06605 -5.82288
-3.06259 -5.82551
-3.0584 -5.8266
-3.05469 -5.82876
-3.04721 -5.83146
-3.03979 -5.83432
-3.0325 -5.8375
-3.02523 -5.84072
-3.01757 -5.84297
-3.01045 -5.84657
-3.0028 -5.84887
-2.99561 -5.85229
-2.98805 -5.8548
-2.98075 -5.85794
-2.97344 -5.86108
-2.96611 -5.86416
-2.95857 -5.86669
-2.95135 -5.87006
-2.94386 -5.87272
-2.93639 -5.87545
-2.92913 -5.87871
-2.92165 -5.88142
-2.9143 -5.88443
-2.90698 -5.88754
-2.89953 -5.89032
-2.89216 -5.89329
-2.88474 -5.89616
-2.87743 -5.89929
-2.8701 -5.90237
-2.86262 -5.90505
-2.8553 -5.90817
-2.8479 -5.91108
-2.84043 -5.9138
-2.83308 -5.91683
-2.82557 -5.91944
-2.81819 -5.92239
-2.81097 -5.92575
-2.80345 -5.92835
-2.79603 -5.9312
-2.78874 -5.93439
-2.78136 -5.93734
-2.77394 -5.94021
-2.76664 -5.94336
-2.7592 -5.94615
-2.75178 -5.94901
-2.74458 -5.95241
-2.73698 -5.9548
-2.7298 -5.95825
-2.72241 -5.96119
-2.71493 -5.9639
-2.70763 -5.96706
-2.70022 -5.96993
-2.6928 -5.97276
-2.68536 -5.97558
-2.67807 -5.97874
-2.67053 -5.98131
-2.6631 -5.98413
-2.65577 -5.98721
-2.64851 -5.99045
-2.64115 -5.99348
-2.63352 -5.99579
-2.62636 -5.99931
-2.61887 -6.00198
-2.61147 -6.00489
-2.60423 -6.00819
-2.59669 -6.01072
-2.58938 -6.01386
-2.58197 -6.01674
-2.57445 -6.01935
-2.56718 -6.02256
-2.55989 -6.02574
-2.55237 -6.02835
-2.5449 -6.03107
-2.53775 -6.0346
-2.53032 -6.03744
-2.52288 -6.04024
-2.51554 -6.04329
-2.50808 -6.04604
-2.50076 -6.04914
-2.49337 -6.05208
-2.48582 -6.05461
-2.47846 -6.05759
-2.47115 -6.06073
-2.46378 -6.0637
-2.45649 -6.06688
-2.44901 -6.06958
-2.44165 -6.07258
-2.43434 -6.07571
-2.42683 -6.07834
-2.41945 -6.08129
-2.41202 -6.08413
-2.40467 -6.08715
-2.3972 -6.08988
-2.38996 -6.09319
-2.38254 -6.09603
-2.37508 -6.0988
-2.3678 -6.10199
-2.36024 -6.10449
-2.35306 -6.10799
-2.34842 -6.10907
-2.34409 -6.1112
-2.33944 -6.11218
-2.33476 -6.113
-2.33007 -6.11369
-2.32538 -6.1145
-2.32064 -6.11486
-2.31589 -6.11457
-2.31189 -6.11477
-2.30789 -6.11496
-2.30389 -6.11482
-2.2999 -6.11468
-2.2959 -6.11488
-2.2919 -6.11509
-2.2839 -6.11489
-2.2799 -6.11471
-2.2759 -6.11454
-2.26791 -6.11439
-2.26391 -6.11461
-2.25991 -6.11482
-2.25591 -6.11494
-2.25191 -6.11506
-2.24791 -6.11481
-2.24392 -6.11457
-2.23992 -6.11483
-2.23592 -6.1151
-2.23192 -6.11488
-2.22792 -6.11465
-2.21992 -6.11482
-2.21593 -6.11462
-2.21193 -6.11443
-2.20793 -6.11466
-2.20393 -6.1149
-2.19593 -6.11505
-2.18794 -6.11493
-2.17994 -6.11498
-2.17194 -6.11481
-2.16395 -6.1149
-2.15595 -6.11497
-2.15195 -6.11474
-2.14795 -6.11452
-2.14395 -6.11476
-2.13995 -6.11501
-2.13596 -6.11489
-2.13196 -6.11476
-2.12796 -6.1146
-2.12396 -6.11443
-2.11596 -6.11423
-2.10797 -6.11441
-2.10397 -6.11462
-2.09997 -6.11484
-2.09597 -6.11458
-2.09197 -6.11433
-2.08797 -6.11452
-2.08398 -6.11471
-2.07598 -6.11462
-2.07198 -6.11437
-2.06798 -6.11412
-2.06398 -6.11426
-2.05998 -6.11441
-2.05199 -6.11431
-2.04799 -6.11452
-2.04399 -6.11473
-2.03599 -6.1148
-2.032 -6.11467
-2.028 -6.11455
-2.024 -6.11439
-2.02 -6.11422
-2.016 -6.1144
-2.012 -6.11457
-2.008 -6.11437
-2.00401 -6.11417
-2.00001 -6.11442
-1.99601 -6.11466
-1.98801 -6.11473
-1.98401 -6.11455
-1.98001 -6.11438
-1.97202 -6.11442
-1.96802 -6.11426
-1.96402 -6.11411
-1.96002 -6.1144
-1.95602 -6.1147
-1.94803 -6.11453
-1.94003 -6.11448
-1.93203 -6.11457
-1.92803 -6.11435
-1.92404 -6.11413
-1.91604 -6.11424
-1.91204 -6.11442
-1.90804 -6.1146
-1.90404 -6.11447
-1.90004 -6.11433
-1.89605 -6.11448
-1.89205 -6.11462
-1.88405 -6.1144
-1.87605 -6.11443
-1.87206 -6.11426
-1.86806 -6.11409
-1.86006 -6.11405
-1.85206 -6.11416
-1.84806 -6.11427
-1.84407 -6.11437
-1.84007 -6.11416
-1.83607 -6.11394
-1.82807 -6.11392
-1.82007 -6.11404
-1.81608 -6.11424
-1.81208 -6.11444
-1.80808 -6.11411
-1.80408 -6.11378
-1.80008 -6.11398
-1.79608 -6.11419
-1.78809 -6.11431
-1.78409 -6.11404
-1.78009 -6.11378
-1.77209 -6.11382
-1.7641 -6.11373
-1.7561 -6.11372
-1.7481 -6.11384
-1.7441 -6.11399
-1.7401 -6.11414
-1.73211 -6.11426
-1.72411 -6.1144
-1.71611 -6.1144
-1.71212 -6.11408
-1.70812 -6.11375
-1.70412 -6.11402
-1.70012 -6.11429
-1.69612 -6.11407
-1.69212 -6.11385
-1.68413 -6.11392
-1.68013 -6.11411
-1.67613 -6.1143
-1.67213 -6.11406
-1.66813 -6.11382
-1.66014 -6.11371
-1.65614 -6.11383
-1.65214 -6.11395
-1.64414 -6.11414
-1.64014 -6.11397
-1.63614 -6.11381
-1.63215 -6.114
-1.62815 -6.11419
-1.62415 -6.11407
-1.62015 -6.11396
-1.61615 -6.1138
-1.61215 -6.11365
-1.60815 -6.11386
-1.60416 -6.11406
-1.59616 -6.11386
-1.58816 -6.11377
-1.58016 -6.11367
-1.57617 -6.11387
-1.57217 -6.11406
-1.56417 -6.11398
-1.55617 -6.114
-1.55218 -6.11384
-1.54818 -6.11368
-1.54018 -6.11373
-1.53218 -6.11352
-1.52419 -6.11362
-1.51619 -6.11348
-1.50819 -6.11365
-1.50419 -6.11378
-1.50019 -6.11392
-1.4922 -6.11374
-1.4842 -6.11364
-1.4802 -6.11384
-1.4762 -6.11405
-1.4722 -6.11387
-1.46821 -6.11369
-1.46021 -6.11371
-1.45621 -6.11358
-1.45221 -6.11344
-1.44821 -6.11369
-1.44422 -6.11393
-1.44022 -6.11379
-1.43622 -6.11364
-1.42822 -6.11361
-1.42022 -6.11352
-1.41623 -6.11373
-1.41223 -6.11393
-1.40823 -6.1136
-1.40423 -6.11326
-1.39623 -6.11328
-1.38824 -6.11325
-1.38024 -6.11318
-1.37624 -6.11357
-1.37224 -6.11396
-1.36824 -6.11364
-1.36425 -6.11332
-1.36025 -6.11349
-1.35625 -6.11366
-1.35225 -6.11347
-1.34825 -6.11329
-1.34026 -6.11315
-1.33626 -6.11332
-1.33226 -6.11349
-1.32426 -6.11336
-1.32026 -6.11359
-1.31626 -6.11383
-1.31226 -6.11363
-1.30827 -6.11344
-1.30427 -6.11327
-1.30027 -6.11311
-1.29227 -6.11322
-1.28827 -6.11333
-1.28428 -6.11343
-1.27628 -6.11326
-1.27228 -6.11342
-1.26828 -6.11357
-1.26428 -6.1134
-1.26028 -6.11322
-1.25629 -6.11344
-1.25229 -6.11366
-1.24829 -6.11333
-1.24429 -6.113
-1.24029 -6.11324
-1.23629 -6.11348
-1.2323 -6.1133
-1.2283 -6.11312
-1.2203 -6.1131
-1.2163 -6.11337
-1.2123 -6.11363
-1.2083 -6.11345
-1.20431 -6.11327
-1.19631 -6.11338
-1.19231 -6.11319
-1.18831 -6.11301
-1.18031 -6.11318
-1.17232 -6.11326
-1.16832 -6.11345
-1.16432 -6.11363
-1.15632 -6.11354
-1.15233 -6.11324
-1.14833 -6.11295
-1.14033 -6.11314
-1.13633 -6.11332
-1.13233 -6.1135
-1.12833 -6.11319
-1.12434 -6.11287
-1.12034 -6.113
-1.11634 -6.11314
-1.10834 -6.11295
-1.10034 -6.11304
-1.09235 -6.113
-1.08435 -6.11291
-1.07635 -6.11309
-1.06836 -6.11305
-1.06036 -6.11297
-1.05636 -6.11324
-1.05236 -6.11352
-1.04836 -6.11322
-1.04437 -6.11292
-1.04037 -6.11308
-1.03637 -6.11324
-1.02837 -6.11343
-1.02437 -6.11318
-1.02037 -6.11293
-1.01238 -6.11282
-1.00438 -6.11278
-0.996384 -6.11266
-0.988387 -6.11286
-0.98039 -6.1127
-0.972393 -6.11277
-0.964396 -6.11296
-0.960397 -6.11307
-0.956398 -6.11318
-0.948401 -6.11327
-0.940404 -6.11325
-0.936406 -6.11302
-0.932408 -6.11279
-0.924411 -6.11264
-0.916414 -6.11261
-0.912415 -6.11283
-0.908416 -6.11306
-0.900419 -6.11326
-0.896421 -6.11305
-0.892423 -6.11285
-0.888424 -6.11303
-0.884425 -6.11321
-0.876428 -6.11325
-0.87243 -6.1131
-0.868431 -6.11295
-0.860435 -6.11281
-0.852438 -6.11278
-0.848439 -6.11265
-0.844441 -6.11252
-0.840442 -6.11286
-0.836443 -6.1132
-0.828446 -6.11311
-0.824448 -6.11299
-0.820449 -6.11287
-0.812453 -6.11272
-0.808454 -6.11287
-0.804455 -6.11301
-0.800457 -6.11277
-0.796459 -6.11253
-0.79246 -6.11279
-0.788461 -6.11305
-0.780464 -6.11304
-0.776466 -6.11289
-0.772467 -6.11274
-0.76447 -6.11293
-0.756473 -6.11306
-0.752475 -6.1127
-0.748477 -6.11234
-0.744478 -6.11271
-0.740479 -6.11308
-0.736481 -6.1128
-0.732483 -6.11252
-0.728484 -6.1128
-0.724485 -6.11307
-0.716488 -6.11292
-0.71249 -6.11268
-0.708492 -6.11243
-0.704493 -6.11262
-0.700494 -6.1128
-0.696496 -6.11253
-0.692498 -6.11225
-0.688499 -6.11261
-0.6845 -6.11297
-0.680502 -6.11275
-0.676504 -6.11252
-0.668507 -6.11231
-0.66051 -6.11242
-0.656511 -6.11261
-0.652512 -6.1128
-0.648514 -6.11266
-0.644516 -6.11251
-0.636519 -6.11238
-0.63252 -6.11266
-0.628521 -6.11293
-0.620524 -6.11292
-0.616526 -6.1127
-0.612527 -6.11249
-0.608529 -6.11262
-0.60453 -6.11275
-0.596533 -6.11263
-0.592535 -6.11251
-0.588537 -6.11238
-0.584538 -6.11262
-0.580539 -6.11287
-0.576541 -6.11257
-0.572543 -6.11227
-0.568544 -6.11251
-0.564545 -6.11276
-0.560547 -6.11257
-0.556549 -6.11238
-0.55255 -6.11225
-0.548552 -6.11211
-0.540555 -6.11204
-0.536556 -6.11232
-0.532557 -6.1126
-0.52456 -6.11237
-0.516563 -6.11246
-0.512565 -6.11223
-0.508567 -6.112
-0.50057 -6.11217
-0.496571 -6.11235
-0.492572 -6.11252
-0.484575 -6.11252
-0.48074 -6.11249
-0.480879 -6.11285
-0.480307 -6.11355
-0.480721 -6.11439
-0.48028 -6.11506
-0.480127 -6.11581
-0.479713 -6.11645
-0.479668 -6.11726
-0.479183 -6.11786
-0.478723 -6.11845
-0.478077 -6.1189
-0.477753 -6.11957
-0.477593 -6.12045
-0.477159 -6.12109
-0.472651 -6.1251
-0.468144 -6.12911
-0.467644 -6.12965
-0.46718 -6.13027
-0.466345 -6.13033
-0.465969 -6.13115
-0.465144 -6.13115
-0.464675 -6.13195
-0.463941 -6.13214
-0.458134 -6.13393
-0.452327 -6.13572
-0.446521 -6.13751
-0.440714 -6.1393
-0.439986 -6.13943
-0.43922 -6.13925
-0.438549 -6.13984
-0.437808 -6.14005
-0.437081 -6.13944
-0.436333 -6.13971
-0.435611 -6.13958
-0.43486 -6.13958
-0.434154 -6.13937
-0.433564 -6.1388
-0.426618 -6.13665
-0.419672 -6.1345
-0.412727 -6.13235
-0.405781 -6.1302
-0.398835 -6.12805
-0.391889 -6.1259
-0.384943 -6.12375
-0.384446 -6.123
-0.383581 -6.12314
-0.383116 -6.12246
-0.382139 -6.12264
-0.381776 -6.12186
-0.381097 -6.12153
-0.380503 -6.12109
-0.38007 -6.12048
-0.379565 -6.11994
-0.379288 -6.11924
-0.378437 -6.11892
-0.378397 -6.11809
-0.378068 -6.11744
-0.377849 -6.11675
-0.377068 -6.11625
-0.377439 -6.11537
-0.376947 -6.11474
-0.376888 -6.11401
-0.376503 -6.1133
-0.376994 -6.11255
-0.376727 -6.11199
-0.372618 -6.11182
-0.368619 -6.11218
-0.36462 -6.11253
-0.356623 -6.11246
-0.352625 -6.11217
-0.348627 -6.11188
-0.34063 -6.11195
-0.336631 -6.1122
-0.332632 -6.11245
-0.328634 -6.11218
-0.324636 -6.11192
-0.320637 -6.11219
-0.316638 -6.11247
-0.31264 -6.11232
-0.308641 -6.11217
-0.300644 -6.11223
-0.292647 -6.11208
-0.284651 -6.11194
-0.276653 -6.11206
-0.272655 -6.11193
-0.268657 -6.11181
-0.264658 -6.11198
-0.260659 -6.11215
-0.256661 -6.11227
-0.252662 -6.11239
-0.244665 -6.11242
-0.240667 -6.11218
-0.236668 -6.11194
-0.23267 -6.11215
-0.228671 -6.11235
-0.220674 -6.11229
-0.212677 -6.11208
-0.20468 -6.112
-0.200682 -6.11187
-0.196684 -6.11175
-0.188687 -6.11171
-0.180689 -6.11183
-0.172692 -6.11179
-0.168694 -6.11204
-0.164695 -6.11229
-0.156698 -6.1122
-0.1527 -6.11187
-0.148702 -6.11153
-0.140705 -6.11154
-0.136706 -6.11191
-0.132707 -6.11227
-0.128709 -6.112
-0.12471 -6.11172
-0.116713 -6.11183
-0.108716 -6.11183
-0.100719 -6.11187
-0.092722 -6.11202
-0.0847249 -6.11212
-0.0807267 -6.11186
-0.0767285 -6.1116
-0.0727299 -6.11173
-0.0687312 -6.11185
-0.0607341 -6.11192
-0.0527369 -6.11204
-0.0487386 -6.11188
-0.0447403 -6.11173
-0.0367435 -6.11159
-0.0287467 -6.11139
-0.0207497 -6.1114
-0.0167509 -6.11161
-0.0127521 -6.11183
-0.00875374 -6.11172
-0.00475539 -6.1116
0.00324171 -6.11166
0.00724001 -6.11151
0.0112383 -6.11135
0.0192355 -6.11146
0.0232344 -6.11174
0.0272332 -6.11202
0.03523 -6.11186
0.043227 -6.11179
0.0512241 -6.1119
0.0552223 -6.11166
0.0592205 -6.11142
0.0632192 -6.11158
0.067218 -6.11174
0.0712162 -6.11155
0.0752145 -6.11136
0.0832115 -6.11138
0.0912087 -6.11149
0.0952074 -6.11168
0.0992062 -6.11186
0.103204 -6.11169
0.107203 -6.11151
0.1152 -6.11171
0.119198 -6.11153
0.123197 -6.11135
0.127195 -6.11154
0.131194 -6.11172
0.139191 -6.1115
0.147188 -6.11149
0.155185 -6.11152
0.159184 -6.11167
0.163182 -6.11182
0.167181 -6.11162
0.171179 -6.11142
0.179176 -6.11131
0.187172 -6.11114
0.191171 -6.1114
0.19517 -6.11167
0.203167 -6.11163
0.211164 -6.11166
0.219161 -6.11178
0.223159 -6.1115
0.227158 -6.11122
0.235155 -6.11133
0.243152 -6.11133
0.24715 -6.11148
0.251149 -6.11163
0.255147 -6.1114
0.259146 -6.11116
0.263144 -6.11143
0.267143 -6.11169
0.27514 -6.11153
0.279138 -6.11133
0.283137 -6.11114
0.287135 -6.11125
0.291134 -6.11136
0.299131 -6.1115
0.307128 -6.11132
0.315125 -6.1112
0.323122 -6.11115
0.32712 -6.11133
0.331119 -6.11151
0.335118 -6.11138
0.339116 -6.11126
0.343114 -6.11107
0.347112 -6.11089
0.351111 -6.1111
0.35511 -6.11131
0.363107 -6.11148
0.371104 -6.11153
0.375102 -6.11117
0.3791 -6.1108
0.387097 -6.11079
0.395094 -6.11078
0.399093 -6.11114
0.403092 -6.1115
0.407091 -6.11131
0.411089 -6.11111
0.419086 -6.11105
0.427083 -6.11109
0.43508 -6.11093
0.439078 -6.11109
0.443077 -6.11124
0.447075 -6.1111
0.451074 -6.11096
0.459071 -6.11106
0.46307 -6.11121
0.467068 -6.11136
0.475065 -6.11124
0.479063 -6.11098
0.483061 -6.11071
0.48706 -6.11091
0.491059 -6.11111
0.499056 -6.1112
0.503054 -6.11103
0.507053 -6.11086
0.51505 -6.11074
0.519048 -6.11094
0.523047 -6.11115
0.527045 -6.11093
0.531044 -6.11072
0.535042 -6.11086
0.539041 -6.11101
0.547038 -6.11092
0.551037 -6.11111
0.555035 -6.11129
0.559034 -6.11114
0.563032 -6.11098
0.571029 -6.11109
0.575027 -6.11087
0.579026 -6.11065
0.587023 -6.1108
0.59502 -6.11067
0.603016 -6.11054
0.607015 -6.11083
0.611014 -6.11113
0.615012 -6.11089
0.619011 -6.11065
0.623009 -6.11087
0.627008 -6.11108
0.631006 -6.11087
0.635005 -6.11067
0.639003 -6.11055
0.643001 -6.11043
0.647 -6.11053
0.650999 -6.11064
0.658996 -6.11072
0.666993 -6.1105
0.670991 -6.11072
0.67499 -6.11094
0.682987 -6.11077
0.690984 -6.11057
0.694983 -6.11085
0.698981 -6.11114
0.70298 -6.11096
0.706978 -6.11079
0.714975 -6.11065
0.722972 -6.11057
0.72697 -6.11068
0.730969 -6.11078
0.738966 -6.11076
0.742964 -6.11055
0.746962 -6.11033
0.754959 -6.11028
0.762956 -6.11028
0.766955 -6.11065
0.770954 -6.11102
0.774953 -6.11079
0.778951 -6.11056
0.78295 -6.11071
0.786948 -6.11086
0.794945 -6.11081
0.798944 -6.11066
0.802942 -6.11051
0.806941 -6.11067
0.810939 -6.11083
0.814937 -6.11052
0.818935 -6.11021
0.822934 -6.11056
0.826933 -6.11091
0.83493 -6.11072
0.838929 -6.11059
0.842927 -6.11046
0.846926 -6.11065
0.850924 -6.11084
0.854923 -6.11054
0.858921 -6.11024
0.866917 -6.11016
0.870916 -6.1103
0.874915 -6.11045
0.878914 -6.11067
0.882913 -6.11089
0.886911 -6.11062
0.890909 -6.11034
0.898906 -6.11049
0.902905 -6.11064
0.906903 -6.1108
0.910902 -6.11065
0.9149 -6.11051
0.922897 -6.11052
0.926895 -6.11039
0.930894 -6.11026
0.934892 -6.11042
0.938891 -6.11057
0.942889 -6.11037
0.946888 -6.11016
0.950886 -6.11028
0.954885 -6.1104
0.958883 -6.11025
0.962882 -6.1101
0.970879 -6.11021
0.978876 -6.11037
0.986873 -6.11035
0.99487 -6.11013
1.00287 -6.11004
1.00687 -6.11025
1.01086 -6.11046
1.01486 -6.11034
1.01886 -6.11023
1.02686 -6.11011
1.03485 -6.10991
1.03885 -6.11006
1.04285 -6.11021
1.05085 -6.11002
1.05885 -6.1102
1.06684 -6.11004
1.07484 -6.10984
1.08284 -6.10986
1.09083 -6.10985
1.09483 -6.11009
1.09883 -6.11033
1.10683 -6.11018
1.11083 -6.10999
1.11482 -6.10981
1.11882 -6.10996
1.12282 -6.11012
1.12682 -6.11025
1.13082 -6.11037
1.13882 -6.11015
1.14281 -6.11033
1.14681 -6.1105
1.15081 -6.11023
1.15481 -6.10997
1.15881 -6.11022
1.16281 -6.11048
1.16681 -6.11012
1.1708 -6.10977
1.1748 -6.10993
1.1788 -6.1101
1.1868 -6.10995
1.1908 -6.1101
1.1948 -6.11025
1.20279 -6.1104
1.20679 -6.11022
1.21079 -6.11005
1.21479 -6.10986
1.21879 -6.10968
1.22278 -6.10989
1.22678 -6.1101
1.23478 -6.11028
1.23878 -6.10998
1.24278 -6.10967
1.24678 -6.10995
1.25077 -6.11022
1.25877 -6.11034
1.26277 -6.11005
1.26677 -6.10976
1.27476 -6.10966
1.28276 -6.10967
1.29076 -6.10967
1.29876 -6.10982
1.30675 -6.10979
1.31075 -6.10998
1.31475 -6.11017
1.31875 -6.10984
1.32275 -6.10951
1.32675 -6.10978
1.33074 -6.11005
1.33474 -6.10983
1.33874 -6.10961
1.34674 -6.10947
1.35074 -6.10962
1.35474 -6.10978
1.35873 -6.10965
1.36273 -6.10953
1.36673 -6.10973
1.37073 -6.10994
1.37473 -6.1098
1.37873 -6.10966
1.38672 -6.10946
1.39072 -6.10963
1.39472 -6.10979
1.39872 -6.10994
1.40272 -6.11008
1.40672 -6.1098
1.41071 -6.10953
1.41471 -6.10973
1.41871 -6.10993
1.42671 -6.10981
1.43471 -6.1098
1.4387 -6.10991
1.4427 -6.11002
1.4467 -6.10968
1.4507 -6.10935
1.4587 -6.10946
1.46669 -6.10954
1.47469 -6.10934
1.48269 -6.10929
1.49068 -6.10948
1.49868 -6.10964
1.50268 -6.10945
1.50668 -6.10925
1.51068 -6.10942
1.51468 -6.10959
1.52267 -6.10969
1.52667 -6.10946
1.53067 -6.10923
1.53867 -6.10932
1.54266 -6.1096
1.54666 -6.10988
1.55466 -6.10969
1.56266 -6.10951
1.57065 -6.10962
1.57865 -6.10946
1.58265 -6.10967
1.58665 -6.10988
1.59065 -6.10955
1.59464 -6.10922
1.59864 -6.10951
1.60264 -6.1098
1.61064 -6.10971
1.61464 -6.10946
1.61864 -6.10921
1.62663 -6.10938
1.63063 -6.10949
1.63463 -6.10959
1.64263 -6.10952
1.65062 -6.10971
1.65462 -6.10943
1.65862 -6.10915
1.66662 -6.10929
1.67062 -6.10945
1.67462 -6.10961
1.68261 -6.10948
1.68661 -6.10932
1.69061 -6.10915
1.69861 -6.10934
1.7026 -6.10921
1.7066 -6.10907
1.7106 -6.10929
1.7146 -6.1095
1.7186 -6.10928
1.7226 -6.10905
1.7266 -6.10936
1.73059 -6.10966
1.73459 -6.10931
1.73859 -6.10895
1.74259 -6.10907
1.74659 -6.1092
1.75458 -6.10914
1.76258 -6.10923
1.76658 -6.10944
1.77058 -6.10964
1.77458 -6.10941
1.77858 -6.10917
1.78257 -6.1093
1.78657 -6.10943
1.79457 -6.10925
1.79857 -6.10905
1.80257 -6.10885
1.80657 -6.10917
1.81056 -6.10949
1.81456 -6.10924
1.81856 -6.109
1.82656 -6.10894
1.83056 -6.10923
1.83456 -6.10951
1.84255 -6.10947
1.84655 -6.10923
1.85055 -6.10899
1.85455 -6.10922
1.85855 -6.10945
1.86254 -6.10929
1.86654 -6.10912
1.87054 -6.10896
1.87454 -6.10879
1.87854 -6.10915
1.88254 -6.10952
1.89053 -6.10937
1.89453 -6.10917
1.89853 -6.10898
1.90653 -6.10917
1.91053 -6.1093
1.91453 -6.10943
1.91852 -6.10928
1.92252 -6.10913
1.92652 -6.10894
1.93052 -6.10875
1.93452 -6.10896
1.93852 -6.10917
1.94651 -6.10928
1.95051 -6.10904
1.95451 -6.10881
1.96249 -6.10866
1.96711 -6.10906
1.97163 -6.10821
1.97623 -6.10795
1.98086 -6.10769
1.98532 -6.1066
1.98961 -6.10489
1.99397 -6.10345
1.99832 -6.10203
2.00597 -6.0998
2.01337 -6.09693
2.02072 -6.0939
2.02812 -6.09103
2.03534 -6.08769
2.04288 -6.08517
2.05033 -6.08241
2.05776 -6.07961
2.06509 -6.07655
2.07235 -6.07331
2.07983 -6.07065
2.08731 -6.06796
2.0946 -6.06481
2.10213 -6.06226
2.10943 -6.05912
2.11686 -6.05632
2.12433 -6.05361
2.13182 -6.05098
2.13908 -6.04773
2.14651 -6.04492
2.1541 -6.04255
2.16138 -6.03935
2.16867 -6.03619
2.17604 -6.03324
2.18347 -6.03042
2.19102 -6.02793
2.19831 -6.02477
2.20575 -6.022
2.21322 -6.01929
2.22059 -6.01633
2.22803 -6.01355
2.23535 -6.01047
2.24275 -6.0076
2.25025 -6.00497
2.2578 -6.00247
2.26497 -5.99899
2.27255 -5.99658
2.27984 -5.99343
2.28719 -5.99041
2.29454 -5.98742
2.30209 -5.98491
2.30952 -5.98211
2.31687 -5.97912
2.32439 -5.97654
2.33186 -5.97383
2.33913 -5.97061
2.3464 -5.96741
2.35405 -5.96517
2.3614 -5.96216
2.36868 -5.95896
2.3763 -5.95666
2.38367 -5.9537
2.39094 -5.9505
2.39834 -5.94762
2.40566 -5.94452
2.41325 -5.94214
2.42046 -5.93877
2.42792 -5.93604
2.43541 -5.9334
2.44296 -5.9309
2.45029 -5.92784
2.45767 -5.9249
2.4651 -5.92211
2.47258 -5.91944
2.47994 -5.91644
2.48725 -5.91333
2.49453 -5.91014
2.50202 -5.90749
2.50955 -5.90497
2.51674 -5.90153
2.52418 -5.89875
2.53166 -5.89607
2.53903 -5.89312
2.5465 -5.89042
2.55394 -5.88765
2.56124 -5.8845
2.56873 -5.88187
2.57609 -5.87887
2.58365 -5.87642
2.591 -5.87342
2.59833 -5.87035
2.60589 -5.86787
2.61329 -5.86499
2.62045 -5.8615
2.62806 -5.85916
2.63532 -5.85592
2.64284 -5.85336
2.65025 -5.85049
2.65747 -5.84715
2.66489 -5.84433
2.67249 -5.84195
2.67986 -5.839
2.68734 -5.83632
2.69476 -5.8335
2.70212 -5.83053
2.70959 -5.82782
2.71699 -5.82493
2.72428 -5.82177
2.73154 -5.81854
2.73907 -5.81599
2.74659 -5.81339
2.75085 -5.81154
2.75496 -5.80937
2.75911 -5.80728
2.76323 -5.80509
2.76676 -5.80203
2.77079 -5.79969
2.77436 -5.79673
2.77812 -5.79396
2.78402 -5.78863
2.78961 -5.78294
2.79533 -5.7774
2.8015 -5.77236
2.80704 -5.76661
2.81327 -5.76163
2.81918 -5.75631
2.8247 -5.75055
2.83086 -5.74549
2.83685 -5.74024
2.8423 -5.73441
2.84849 -5.72938
2.85436 -5.724
2.85992 -5.71829
2.86604 -5.71319
2.87216 -5.70809
2.87764 -5.70228
2.88364 -5.69705
2.88938 -5.69153
2.89531 -5.68622
2.90105 -5.6807
2.90708 -5.6755
2.9129 -5.67007
2.91879 -5.66472
2.92453 -5.6592
2.93044 -5.65387
2.93671 -5.64893
2.9423 -5.64325
2.94846 -5.63819
2.95434 -5.63283
2.95981 -5.62701
2.96599 -5.62197
2.97202 -5.61677
2.97748 -5.61096
2.98376 -5.60602
2.98954 -5.60055
2.99554 -5.59531
3.00117 -5.58968
3.00696 -5.58422
3.01278 -5.57878
3.01896 -5.57375
3.02463 -5.56815
3.03053 -5.56281
3.03632 -5.55734
3.04207 -5.55184
3.04829 -5.54684
3.05399 -5.54129
3.05973 -5.53576
3.06588 -5.5307
3.07187 -5.52545
3.07766 -5.51999
3.08348 -5.51456
3.08934 -5.50917
3.09546 -5.50408
3.1013 -5.49866
3.10673 -5.4928
3.11261 -5.48745
3.11852 -5.48211
3.12446 -5.47681
3.13044 -5.47155
3.13638 -5.46626
3.14231 -5.46095
3.14824 -5.45564
3.15401 -5.45015
3.15966 -5.44453
3.16595 -5.43962
3.17179 -5.43421
3.1776 -5.42877
3.18324 -5.42313
3.18905 -5.4177
3.19495 -5.41235
3.20076 -5.40691
3.20677 -5.40169
3.21295 -5.39666
3.21876 -5.39121
3.22443 -5.38562
3.23058 -5.38055
3.23602 -5.3747
3.24231 -5.36979
3.2482 -5.36443
3.25402 -5.35901
3.2599 -5.35364
3.26563 -5.34811
3.27145 -5.34268
3.27727 -5.33725
3.28348 -5.33224
3.28888 -5.32636
3.29483 -5.32106
3.30109 -5.31612
3.30687 -5.31064
3.3128 -5.30533
3.31875 -5.30005
3.32416 -5.29417
3.33026 -5.28904
3.33635 -5.28391
3.34227 -5.27858
3.34775 -5.27278
3.35359 -5.26738
3.35948 -5.26203
3.36539 -5.25669
3.37129 -5.25135
3.37746 -5.24629
3.3832 -5.24078
3.38882 -5.23513
3.39486 -5.22994
3.40058 -5.22441
3.40687 -5.21949
3.41251 -5.21386
3.41851 -5.20862
3.42422 -5.20307
3.43007 -5.19768
3.43602 -5.19239
3.44187 -5.18699
3.44803 -5.18194
3.45344 -5.17605
3.45961 -5.17101
3.46522 -5.16535
3.47118 -5.16007
3.47719 -5.15485
3.48057 -5.1516
3.4835 -5.14795
3.48673 -5.14454
3.49 -5.14113
3.49262 -5.13724
3.49491 -5.13314
3.49747 -5.1292
3.49939 -5.12493
3.50153 -5.12074
3.50311 -5.11634
3.50506 -5.11204
3.50651 -5.10755
3.50746 -5.10296
3.50857 -5.09837
3.50877 -5.09367
3.50935 -5.08903
3.50953 -5.08434
3.50994 -5.07966
3.50934 -5.07173
3.50925 -5.0638
3.50956 -5.05587
3.5094 -5.04794
3.50956 -5.04
3.50942 -5.03207
3.50892 -5.02415
3.50908 -5.01621
3.50877 -5.00828
3.50868 -5.00035
3.50826 -4.99243
3.50834 -4.98449
3.50866 -4.97656
3.50783 -4.96863
3.508 -4.9607
3.5084 -4.95276
3.50759 -4.94484
3.50775 -4.93691
3.50798 -4.92897
3.50727 -4.92105
3.50735 -4.91312
3.50769 -4.90518
3.50743 -4.89725
3.50686 -4.88933
3.50715 -4.88139
3.50729 -4.87346
3.50693 -4.86553
3.50666 -4.8576
3.50671 -4.84967
3.50655 -4.84174
3.50632 -4.83381
3.5067 -4.82587
3.5064 -4.81794
3.5059 -4.81002
3.50633 -4.80208
3.50605 -4.79415
3.5054 -4.78623
3.50557 -4.77829
3.50549 -4.77036
3.50585 -4.76241
3.50515 -4.75722
3.50443 -4.75208
3.50388 -4.74688
3.5028 -4.74179
3.50194 -4.73661
3.49991 -4.73179
3.49796 -4.72695
3.49637 -4.72196
3.49385 -4.71739
3.49127 -4.71288
3.48838 -4.70853
3.48567 -4.70407
3.48253 -4.6999
3.47917 -4.69588
3.47546 -4.6922
3.47131 -4.68902
3.46552 -4.6835
3.45971 -4.678
3.45369 -4.67274
3.44784 -4.66729
3.44466 -4.66486
3.44148 -4.66242
3.43555 -4.65705
3.4296 -4.65172
3.42363 -4.64641
3.41746 -4.64132
3.4146 -4.63851
3.41174 -4.63571
3.40854 -4.63331
3.40533 -4.6309
3.39951 -4.62541
3.39341 -4.62025
3.3906 -4.61739
3.38779 -4.61453
3.38175 -4.6093
3.37855 -4.60689
3.37535 -4.60447
3.36938 -4.59915
3.36655 -4.59632
3.36371 -4.59349
3.35785 -4.58806
3.35461 -4.58569
3.35137 -4.58332
3.34857 -4.58045
3.34578 -4.57757
3.34259 -4.57514
3.33941 -4.57271
3.33338 -4.56746
3.33061 -4.56456
3.32783 -4.56167
3.32466 -4.55922
3.32149 -4.55677
3.31555 -4.55143
3.30968 -4.54599
3.30657 -4.54348
3.30345 -4.54098
3.30064 -4.53812
3.29784 -4.53525
3.29168 -4.53015
3.28551 -4.52506
3.27959 -4.5197
3.27672 -4.5169
3.27385 -4.51411
3.27071 -4.51164
3.26756 -4.50916
3.26174 -4.50368
3.25565 -4.4985
3.25252 -4.496
3.2494 -4.4935
3.24346 -4.48815
3.23752 -4.4828
3.23468 -4.47998
3.23184 -4.47716
3.22872 -4.47465
3.22561 -4.47214
3.2194 -4.46709
3.21657 -4.46426
3.21373 -4.46143
3.20752 -4.45639
3.20467 -4.45358
3.20183 -4.45076
3.19864 -4.44834
3.19544 -4.44592
3.19266 -4.44303
3.18988 -4.44014
3.18667 -4.43774
3.18345 -4.43534
3.17765 -4.42983
3.17182 -4.42436
3.16892 -4.42207
3.16915 -4.42195
3.16918 -4.42105
3.16984 -4.42059
3.16988 -4.41976
3.17053 -4.41925
3.17044 -4.41843
3.171 -4.41784
3.17153 -4.4172
3.17129 -4.41639
3.17136 -4.41565
3.17148 -4.41492
3.1719 -4.41418
3.17139 -4.41345
3.17108 -4.40779
3.17077 -4.40213
3.17073 -4.40144
3.17103 -4.40066
3.17098 -4.39993
3.17057 -4.3993
3.17049 -4.39856
3.16968 -4.39815
3.16942 -4.39751
3.16918 -4.39684
3.16871 -4.39633
3.16846 -4.39564
3.16459 -4.39042
3.16072 -4.3852
3.15685 -4.37998
3.15298 -4.37475
3.14911 -4.36953
3.14872 -4.36888
3.14844 -4.36809
3.14762 -4.36786
3.14694 -4.36754
3.14638 -4.36705
3.146 -4.36621
3.14511 -4.36629
3.14452 -4.36576
3.14378 -4.36559
3.13723 -4.36291
3.13068 -4.36023
3.12413 -4.35756
3.11757 -4.35488
3.11102 -4.3522
3.10447 -4.34953
3.10368 -4.3495
3.10295 -4.34929
3.10212 -4.34964
3.10147 -4.34899
3.10072 -4.34878
3.09996 -4.34876
3.09922 -4.34911
3.09852 -4.34944
3.0977 -4.34905
3.097 -4.34935
3.09625 -4.34944
3.09568 -4.35003
3.09477 -4.34984
3.09422 -4.3504
3.09362 -4.35085
3.09271 -4.35086
3.09213 -4.35137
3.09204 -4.35238
3.09097 -4.35238
3.09054 -4.35289
3.08785 -4.35039
3.08191 -4.34503
3.07868 -4.34266
3.07544 -4.34029
3.06956 -4.33487
3.0636 -4.32954
3.05744 -4.32444
3.05164 -4.31893
3.04579 -4.31349
3.0397 -4.3083
3.03351 -4.30324
3.02765 -4.29779
3.02178 -4.29237
3.0158 -4.28706
3.00961 -4.282
3.00364 -4.27669
2.99748 -4.27158
2.99143 -4.26635
2.98867 -4.26345
2.9859 -4.26054
2.98271 -4.25812
2.97951 -4.2557
2.97368 -4.25024
2.96768 -4.24495
2.96188 -4.23945
2.95867 -4.23704
2.95547 -4.23463
2.94959 -4.22921
2.94676 -4.22637
2.94393 -4.22354
2.94068 -4.22118
2.93743 -4.21883
2.93463 -4.21596
2.93183 -4.21309
2.92872 -4.21058
2.9256 -4.20807
2.91948 -4.20292
2.91664 -4.2001
2.9138 -4.19728
2.90783 -4.19197
2.90188 -4.18663
2.89568 -4.18157
2.89257 -4.17905
2.88946 -4.17653
2.88345 -4.17127
2.87763 -4.16578
2.87163 -4.1605
2.86879 -4.15768
2.86594 -4.15487
2.86273 -4.15247
2.85952 -4.15007
2.85347 -4.14484
2.84748 -4.13954
2.84161 -4.13412
2.83873 -4.13134
2.83585 -4.12856
2.82994 -4.12317
2.82673 -4.12077
2.82352 -4.11837
2.81753 -4.11308
2.81468 -4.11027
2.81183 -4.10746
2.80868 -4.10499
2.80553 -4.10252
2.80274 -4.09964
2.79995 -4.09675
2.79681 -4.09428
2.79366 -4.09181
2.78787 -4.08628
2.7819 -4.08098
2.77596 -4.07562
2.77275 -4.07322
2.76953 -4.07082
2.76674 -4.06795
2.76395 -4.06508
2.76081 -4.06259
2.75767 -4.06011
2.75481 -4.05731
2.75195 -4.05451
2.74876 -4.05208
2.74558 -4.04964
2.73973 -4.04419
2.73378 -4.03885
2.73064 -4.03637
2.72751 -4.03388
2.72158 -4.02852
2.71871 -4.02574
2.71583 -4.02295
2.70989 -4.0176
2.70394 -4.01227
2.69792 -4.00701
2.69171 -4.00196
2.6886 -3.99945
2.68549 -3.99693
2.67963 -3.99149
2.67353 -3.98632
2.67075 -3.98343
2.66797 -3.98055
2.66176 -3.9755
2.65585 -3.97011
2.65273 -3.96762
2.6496 -3.96512
2.64678 -3.96227
2.64397 -3.95942
2.64073 -3.95704
2.6375 -3.95467
2.63161 -3.94926
2.62874 -3.94648
2.62587 -3.94369
2.61979 -3.93849
2.61377 -3.93323
2.60791 -3.9278
2.60178 -3.92266
2.59572 -3.91745
2.58974 -3.91214
2.58375 -3.90685
2.57759 -3.90176
2.57163 -3.89642
2.56567 -3.8911
2.55959 -3.88591
2.55375 -3.88044
2.54789 -3.87501
2.54478 -3.87249
2.54167 -3.86997
2.53584 -3.86449
2.53001 -3.85902
2.5268 -3.85662
2.52358 -3.85422
2.51775 -3.84876
2.51156 -3.84369
2.50871 -3.84088
2.50585 -3.83808
2.50001 -3.83261
2.49392 -3.82743
2.48778 -3.82231
2.48191 -3.81689
2.47594 -3.81157
2.46992 -3.8063
2.46375 -3.80122
2.45757 -3.79615
2.45475 -3.79329
2.45194 -3.79044
2.4488 -3.78796
2.44566 -3.78548
2.44279 -3.78269
2.43992 -3.77991
2.4339 -3.77464
2.42772 -3.76956
2.42489 -3.76673
2.42205 -3.7639
2.41887 -3.76147
2.41569 -3.75904
2.40985 -3.75358
2.40375 -3.7484
2.39758 -3.74332
2.3917 -3.7379
2.38881 -3.73513
2.38593 -3.73236
2.3828 -3.72987
2.37967 -3.72737
2.37679 -3.7246
2.37391 -3.72182
2.3677 -3.71677
2.36189 -3.71127
2.35874 -3.7088
2.35559 -3.70633
2.35281 -3.70345
2.35002 -3.70057
2.34394 -3.69537
2.33778 -3.69027
2.33177 -3.685
2.32576 -3.67973
2.31995 -3.67424
2.31392 -3.66899
2.308 -3.66361
2.30189 -3.65846
2.29578 -3.65331
2.28961 -3.64822
2.28382 -3.64269
2.27791 -3.63731
2.27189 -3.63205
2.26589 -3.62677
2.25973 -3.62168
2.25369 -3.61644
2.2479 -3.61092
2.24206 -3.60545
2.2389 -3.60299
2.23574 -3.60053
2.22971 -3.59529
2.22685 -3.59249
2.22399 -3.58968
2.21782 -3.58459
2.21203 -3.57908
2.20602 -3.5738
2.20287 -3.57133
2.19972 -3.56887
2.19364 -3.56368
2.19078 -3.56088
2.18792 -3.55808
2.1848 -3.55557
2.18169 -3.55306
2.17562 -3.54785
2.17287 -3.54493
2.17011 -3.54201
2.1639 -3.53697
2.15801 -3.53157
2.15486 -3.52909
2.15172 -3.52661
2.14886 -3.52381
2.14601 -3.52101
2.14009 -3.51563
2.13389 -3.51058
2.12786 -3.50533
2.12176 -3.50017
2.11894 -3.49732
2.11612 -3.49447
2.11006 -3.48926
2.10686 -3.48684
2.10366 -3.48443
2.09761 -3.4792
2.09171 -3.47381
2.0858 -3.46842
2.07976 -3.46319
2.07378 -3.45789
2.06772 -3.45267
2.06172 -3.44739
2.05594 -3.44187
2.05005 -3.43646
2.04685 -3.43404
2.04366 -3.43162
2.03764 -3.42635
2.0348 -3.42353
2.03196 -3.42071
2.02592 -3.41548
2.02011 -3.40998
2.01692 -3.40756
2.01372 -3.40514
2.01087 -3.40233
2.00802 -3.39952
2.00489 -3.39703
2.00176 -3.39453
1.99565 -3.38938
1.99277 -3.3866
1.98988 -3.38383
1.98677 -3.38131
1.98366 -3.3788
1.98086 -3.37593
1.97806 -3.37306
1.97208 -3.36776
1.96603 -3.36254
1.95984 -3.35747
1.95699 -3.35466
1.95415 -3.35184
1.94805 -3.34667
1.94487 -3.34423
1.9417 -3.34179
1.93583 -3.33635
1.92997 -3.33091
1.9238 -3.32583
1.92092 -3.32305
1.91805 -3.32026
1.91487 -3.31783
1.91169 -3.31539
1.90581 -3.30997
1.89992 -3.30456
1.89408 -3.2991
1.89089 -3.29668
1.8877 -3.29426
1.88177 -3.28889
1.87894 -3.28605
1.87611 -3.28322
1.87293 -3.28078
1.86975 -3.27835
1.86368 -3.27315
1.86092 -3.27024
1.85816 -3.26732
1.85499 -3.26487
1.85183 -3.26241
1.84899 -3.25959
1.84614 -3.25678
1.84301 -3.25429
1.83988 -3.2518
1.83394 -3.24645
1.82779 -3.24133
1.82498 -3.23847
1.82218 -3.23561
1.81893 -3.23325
1.81568 -3.23089
1.81279 -3.22813
1.8099 -3.22537
1.80701 -3.22259
1.80413 -3.21982
1.79804 -3.21465
1.79212 -3.20927
1.78898 -3.20678
1.78585 -3.2043
1.7798 -3.19908
1.77694 -3.19627
1.77409 -3.19346
1.76811 -3.18815
1.7619 -3.18311
1.75596 -3.17776
1.7501 -3.17232
1.74403 -3.16711
1.7409 -3.16462
1.73777 -3.16214
1.73496 -3.15927
1.73216 -3.15641
1.72612 -3.15117
1.72011 -3.1459
1.71694 -3.14346
1.71376 -3.14102
1.70785 -3.13564
1.70179 -3.13042
1.69575 -3.12519
1.69294 -3.12232
1.69014 -3.11946
1.68694 -3.11705
1.68373 -3.11464
1.67787 -3.1092
1.67502 -3.10639
1.67217 -3.10358
1.66612 -3.09835
1.65997 -3.09325
1.65383 -3.08813
1.65096 -3.08533
1.6481 -3.08253
1.6419 -3.07748
1.63901 -3.07471
1.63613 -3.07194
1.63292 -3.06953
1.62972 -3.06713
1.62378 -3.06177
1.61798 -3.05626
1.61201 -3.05095
1.6059 -3.04579
1.59978 -3.04065
1.59381 -3.03533
1.58783 -3.03003
1.58187 -3.0247
1.57581 -3.01949
1.56982 -3.0142
1.56384 -3.00889
1.56098 -3.00609
1.55812 -3.00329
1.55199 -2.99815
1.54579 -2.9931
1.54293 -2.99031
1.54007 -2.98751
1.53695 -2.98499
1.53384 -2.98248
1.52778 -2.97726
1.5249 -2.97449
1.52202 -2.97171
1.51597 -2.96649
1.5131 -2.9637
1.51023 -2.96092
1.50403 -2.95585
1.49803 -2.95057
1.49198 -2.94535
1.48909 -2.94258
1.48621 -2.93981
1.48015 -2.9346
1.47402 -2.92946
1.46797 -2.92424
1.46183 -2.91911
1.45601 -2.91363
1.45004 -2.90831
1.44424 -2.9028
1.43818 -2.89759
1.43226 -2.89222
1.42914 -2.88972
1.42602 -2.88721
1.42012 -2.88182
1.417 -2.87931
1.41388 -2.8768
1.40796 -2.87143
1.40509 -2.86864
1.40223 -2.86584
1.3991 -2.86335
1.39597 -2.86085
1.39303 -2.85799
1.39369 -2.85791
1.39376 -2.85704
1.39418 -2.85645
1.39477 -2.85593
1.3952 -2.85531
1.39564 -2.85468
1.39531 -2.85378
1.39612 -2.85323
1.39594 -2.85243
1.39609 -2.85171
1.39643 -2.85098
1.39612 -2.85024
1.39586 -2.84952
1.39623 -2.84874
1.39627 -2.84799
1.39538 -2.84269
1.39449 -2.83739
1.39427 -2.83668
1.39396 -2.83601
1.39363 -2.83537
1.39348 -2.83464
1.39313 -2.83401
1.39295 -2.83328
1.38893 -2.82643
1.38491 -2.81957
1.38089 -2.81272
1.38063 -2.81203
1.38054 -2.81118
1.37985 -2.81077
1.37958 -2.81
1.37881 -2.80973
1.37841 -2.80905
1.3778 -2.80862
1.37708 -2.80837
1.37215 -2.80536
1.36722 -2.80235
1.36229 -2.79934
1.36189 -2.79857
1.36115 -2.7984
1.36052 -2.79802
1.35995 -2.79743
1.35357 -2.79515
1.34719 -2.79287
1.34081 -2.79059
1.33443 -2.78831
1.32805 -2.78603
1.32742 -2.78548
1.32659 -2.78583
1.32593 -2.78528
1.32518 -2.78513
1.32443 -2.78538
1.32369 -2.78542
1.3229 -2.78508
1.32217 -2.7853
1.3214 -2.78537
1.32075 -2.7858
1.32001 -2.78596
1.31944 -2.78649
1.31864 -2.78657
1.318 -2.78696
1.3174 -2.78741
1.31695 -2.78803
1.3164 -2.78851
1.31585 -2.78899
1.31526 -2.78945
1.31515 -2.78953
1.31223 -2.78662
1.30905 -2.78418
1.30587 -2.78175
1.29983 -2.77652
1.29702 -2.77365
1.29422 -2.77079
1.29107 -2.76832
1.28791 -2.76586
1.28208 -2.76038
1.27617 -2.755
1.27303 -2.75251
1.2699 -2.75003
1.26403 -2.7446
1.25812 -2.73921
1.25195 -2.73413
1.24588 -2.72893
1.24303 -2.72611
1.24019 -2.72329
1.23408 -2.71813
1.22816 -2.71276
1.22502 -2.71027
1.22189 -2.70778
1.21905 -2.70497
1.2162 -2.70215
1.21019 -2.69688
1.20704 -2.69441
1.20388 -2.69195
1.20107 -2.6891
1.19826 -2.68624
1.19226 -2.68096
1.18904 -2.67856
1.18583 -2.67617
1.18 -2.67069
1.1742 -2.66518
1.168 -2.66013
1.16202 -2.65482
1.15604 -2.64951
1.15007 -2.6442
1.144 -2.639
1.13815 -2.63355
1.132 -2.62844
1.12593 -2.62324
1.12 -2.61787
1.11711 -2.61511
1.11422 -2.61235
1.11107 -2.60987
1.10793 -2.60739
1.1019 -2.60215
1.09905 -2.59934
1.0962 -2.59653
1.09005 -2.5914
1.08419 -2.58596
1.07834 -2.58052
1.07235 -2.57523
1.06909 -2.57288
1.06583 -2.57054
1.06302 -2.56767
1.06022 -2.56481
1.05704 -2.56237
1.05387 -2.55993
1.05106 -2.55707
1.04826 -2.5542
1.04506 -2.55179
1.04186 -2.54938
1.03899 -2.54659
1.03611 -2.54381
1.03322 -2.54104
1.03033 -2.53827
1.0242 -2.53314
1.02103 -2.53069
1.01786 -2.52824
1.01188 -2.52294
1.00601 -2.51751
1.00009 -2.51214
0.994293 -2.50663
0.988136 -2.50153
0.982053 -2.49634
0.975963 -2.49116
0.97013 -2.48569
0.964074 -2.48047
0.957988 -2.47529
0.952127 -2.46985
0.945959 -2.46476
0.943121 -2.46193
0.940284 -2.45911
0.937164 -2.4566
0.934044 -2.4541
0.928069 -2.44879
0.925202 -2.44599
0.922335 -2.4432
0.919168 -2.44075
0.916001 -2.4383
0.910127 -2.43288
0.904092 -2.42763
0.898305 -2.42211
0.895185 -2.41961
0.892064 -2.4171
0.88624 -2.41162
0.880246 -2.40633
0.874297 -2.40099
0.868182 -2.39584
0.862183 -2.39056
0.856113 -2.38536
0.850311 -2.37985
0.847136 -2.37741
0.843962 -2.37497
0.83792 -2.36973
0.831923 -2.36445
0.829096 -2.36161
0.826268 -2.35877
0.823123 -2.3563
0.819977 -2.35382
0.813903 -2.34863
0.808033 -2.3432
0.805177 -2.34039
0.802321 -2.33759
0.79917 -2.33512
0.796018 -2.33265
0.789999 -2.32739
0.784065 -2.32203
0.777894 -2.31695
0.775038 -2.31414
0.772181 -2.31134
0.766039 -2.30622
0.760153 -2.30081
0.754278 -2.29538
0.748408 -2.28996
0.742342 -2.28475
0.7362 -2.27963
0.730364 -2.27416
0.724252 -2.26901
0.718213 -2.26377
0.712018 -2.25871
0.706022 -2.25342
0.703208 -2.25057
0.700394 -2.24772
0.697224 -2.24527
0.694055 -2.24282
0.688122 -2.23746
0.68232 -2.23196
0.676328 -2.22667
0.67322 -2.22415
0.670113 -2.22163
0.66423 -2.21622
0.658127 -2.21105
0.655019 -2.20853
0.651912 -2.20601
0.649146 -2.20311
0.64638 -2.2002
0.64018 -2.19515
0.633977 -2.1901
0.628074 -2.18471
0.624522 -2.1811
0.618047 -2.17642
0.611873 -2.17137
0.605355 -2.16676
0.599244 -2.16163
0.593342 -2.15623
0.58691 -2.15151
0.580674 -2.14654
0.574368 -2.14165
0.568171 -2.13663
0.561752 -2.13189
0.555834 -2.12651
0.549531 -2.12163
0.543073 -2.11693
0.536889 -2.1119
0.530663 -2.10691
0.524627 -2.10169
0.518383 -2.09672
0.511907 -2.09205
0.505497 -2.0873
0.499605 -2.08189
0.493162 -2.07718
0.486905 -2.07224
0.480775 -2.06713
0.474648 -2.06202
0.468349 -2.05713
0.462015 -2.05228
0.455723 -2.04738
0.449687 -2.04215
0.443444 -2.03719
0.437133 -2.03231
0.430994 -2.02722
0.424466 -2.02261
0.418062 -2.01785
0.412118 -2.01251
0.405868 -2.00756
0.399713 -2.00248
0.393142 -1.99793
0.390221 -1.9952
0.3873 -1.99246
0.380879 -1.98772
0.374481 -1.98295
0.368394 -1.97779
0.362092 -1.9729
0.355982 -1.96777
0.349638 -1.96294
0.343271 -1.95813
0.337134 -1.95303
0.331056 -1.94786
0.324807 -1.9429
0.318479 -1.93805
0.312361 -1.93293
0.305941 -1.92818
0.299481 -1.92349
0.293469 -1.91824
0.287138 -1.91339
0.280891 -1.90843
0.274652 -1.90346
0.268636 -1.89821
0.262009 -1.89373
0.256064 -1.88839
0.249805 -1.88345
0.243537 -1.87851
0.237249 -1.87361
0.230997 -1.86866
0.224611 -1.86387
0.21866 -1.85854
0.212033 -1.85406
0.205818 -1.84906
0.199722 -1.84391
0.193434 -1.839
0.18734 -1.83385
0.181153 -1.82882
0.174782 -1.82402
0.168461 -1.81915
0.162408 -1.81395
0.156058 -1.80912
0.149865 -1.80409
0.143419 -1.79938
0.137492 -1.79402
0.131301 -1.789
0.125061 -1.78403
0.118569 -1.77938
0.112409 -1.77431
0.106161 -1.76935
0.0998105 -1.76452
0.0937312 -1.75935
0.0872116 -1.75474
0.0843064 -1.75198
0.0814012 -1.74923
0.0780746 -1.74701
0.074748 -1.74478
0.0684747 -1.73986
0.0655491 -1.73713
0.0626235 -1.7344
0.0562058 -1.72966
0.0499814 -1.72467
0.0436578 -1.71981
0.0408004 -1.71728
0.0407614 -1.71734
0.039932 -1.71764
0.0397623 -1.71849
0.0393254 -1.71913
0.0387388 -1.71964
0.0377891 -1.71964
0.0373223 -1.72028
0.0367469 -1.72081
0.035957 -1.72093
0.0350867 -1.72078
0.0345389 -1.72145
0.0338601 -1.72185
0.0330432 -1.72166
0.0322827 -1.72161
0.0315721 -1.7221
0.0308055 -1.72188
0.0258716 -1.72168
0.0209377 -1.72148
0.0202539 -1.7216
0.0195991 -1.72131
0.0189659 -1.72103
0.0183357 -1.72082
0.0122499 -1.71916
0.00616402 -1.7175
7.8167e-05 -1.71584
-0.00600769 -1.71419
-0.0067403 -1.71404
-0.00759187 -1.71424
-0.00801844 -1.71328
-0.00882321 -1.71328
-0.0094167 -1.71281
-0.0100353 -1.71241
-0.0107665 -1.71215
-0.0168156 -1.70714
-0.0228646 -1.70213
-0.0233183 -1.70152
-0.0241178 -1.70129
-0.0244036 -1.70052
-0.0248498 -1.69993
-0.0252839 -1.69933
-0.025835 -1.6988
-0.0262363 -1.69817
-0.0294324 -1.69161
-0.0326285 -1.68506
-0.0358245 -1.67851
-0.0390206 -1.67196
-0.0422167 -1.66541
-0.0426317 -1.66476
-0.0427163 -1.66397
-0.0428921 -1.66322
-0.0428494 -1.66244
-0.0429737 -1.6617
-0.0432586 -1.66098
-0.0431694 -1.66022
-0.0430913 -1.65947
-0.043448 -1.65869
-0.0430883 -1.65797
-0.0426196 -1.65729
-0.0425983 -1.65653
-0.0424671 -1.65578
-0.0424409 -1.65497
-0.0419955 -1.65433
-0.0415284 -1.65371
-0.0407405 -1.65332
-0.0405077 -1.6531
