1.53588 -3.0289
1.533 -3.02644
1.52731 -3.02082
1.52141 -3.01544
1.5182 -3.01303
1.515 -3.01063
1.5122 -3.00777
1.5094 -3.00491
1.50347 -2.99955
1.50033 -2.99707
1.4972 -2.99459
1.49135 -2.98915
1.48559 -2.9836
1.47983 -2.97807
1.4766 -2.97569
1.47337 -2.97331
1.4677 -2.96767
1.46185 -2.96223
1.45579 -2.95702
1.45007 -2.95145
1.44693 -2.94896
1.4438 -2.94647
1.43789 -2.94109
1.43197 -2.93573
1.42615 -2.93027
1.42029 -2.92484
1.41438 -2.91946
1.40839 -2.91418
1.40244 -2.90885
1.39641 -2.90362
1.39063 -2.8981
1.38462 -2.89284
1.37883 -2.88734
1.37267 -2.88224
1.36672 -2.87692
1.36083 -2.87152
1.35478 -2.8663
1.34891 -2.86089
1.34312 -2.85538
1.33719 -2.85004
1.33119 -2.84476
1.32804 -2.84229
1.32489 -2.83982
1.31909 -2.83433
1.31319 -2.82895
1.30717 -2.82369
1.30115 -2.81845
1.29838 -2.81556
1.2956 -2.81267
1.29247 -2.81019
1.28933 -2.8077
1.28655 -2.80483
1.28376 -2.80195
1.28055 -2.79955
1.27734 -2.79715
1.27165 -2.79154
1.2655 -2.78643
1.25948 -2.78118
1.2536 -2.77577
1.24786 -2.77021
1.2418 -2.765
1.23612 -2.75937
1.233 -2.75688
1.22987 -2.75438
1.2241 -2.74885
1.21821 -2.74346
1.21228 -2.73811
1.20635 -2.73276
1.20039 -2.72744
1.19452 -2.72203
1.18836 -2.71694
1.18268 -2.7113
1.17954 -2.70883
1.17639 -2.70636
1.17064 -2.70081
1.16477 -2.6954
1.159 -2.68987
1.15586 -2.68739
1.15272 -2.68491
1.14687 -2.67947
1.14071 -2.67437
1.13475 -2.66906
1.12889 -2.66362
1.12294 -2.6583
1.12013 -2.65545
1.11732 -2.6526
1.11414 -2.65017
1.11095 -2.64774
1.10824 -2.64479
1.10553 -2.64183
1.10232 -2.63943
1.0991 -2.63703
1.09312 -2.63174
1.08742 -2.62614
1.08128 -2.62102
1.0756 -2.6154
1.06942 -2.61032
1.06356 -2.60489
1.05753 -2.59965
1.05169 -2.5942
1.04562 -2.58901
1.04289 -2.58608
1.04016 -2.58315
1.034 -2.57805
1.02829 -2.57245
1.02233 -2.56714
1.0164 -2.56179
1.0103 -2.55662
1.00426 -2.5514
0.998466 -2.5459
0.995304 -2.54344
0.992142 -2.54099
0.986462 -2.53536
0.980567 -2.52997
0.974641 -2.52462
0.968722 -2.51925
0.962711 -2.51399
0.956929 -2.50848
0.95101 -2.50312
0.94788 -2.50063
0.94475 -2.49814
0.938691 -2.49293
0.932852 -2.48748
0.92706 -2.48198
0.921296 -2.47644
0.918161 -2.47396
0.915026 -2.47147
0.908972 -2.46626
0.903019 -2.46093
0.897285 -2.45537
0.891453 -2.44991
0.885482 -2.4446
0.879762 -2.43902
0.873675 -2.43385
0.867871 -2.42836
0.864654 -2.42596
0.861436 -2.42357
0.855651 -2.41806
0.849781 -2.41264
0.843714 -2.40744
0.837925 -2.40194
0.831974 -2.39661
0.826232 -2.39105
0.820212 -2.3858
0.814155 -2.38059
0.808428 -2.37502
0.802377 -2.3698
0.796361 -2.36455
0.790478 -2.35915
0.784537 -2.35381
0.778657 -2.3484
0.772663 -2.34313
0.76952 -2.34065
0.766377 -2.33817
0.763657 -2.33523
0.760937 -2.33228
0.754711 -2.32726
0.748544 -2.32217
0.74261 -2.31683
0.736781 -2.31137
0.730969 -2.30588
0.72513 -2.30043
0.719084 -2.29521
0.712979 -2.29006
0.707062 -2.28469
0.701092 -2.27939
0.69831 -2.27651
0.695529 -2.27363
0.689532 -2.26836
0.686402 -2.26586
0.683273 -2.26337
0.680515 -2.26047
0.677758 -2.25756
0.671819 -2.25222
0.665685 -2.2471
0.659887 -2.2416
0.654003 -2.2362
0.6508 -2.23379
0.647597 -2.23138
0.641675 -2.22602
0.635984 -2.22041
0.629919 -2.21521
0.624129 -2.2097
0.618319 -2.20422
0.612134 -2.19915
0.606443 -2.19354
0.600382 -2.18833
0.597243 -2.18585
0.594104 -2.18337
0.593458 -2.18266
0.589045 -2.17838
0.584155 -2.17466
0.581672 -2.17176
0.578396 -2.16945
0.575119 -2.16714
0.569005 -2.16199
0.562998 -2.15671
0.556647 -2.15185
0.550466 -2.14678
0.544261 -2.14174
0.538141 -2.1366
0.53197 -2.13152
0.525633 -2.12664
0.519385 -2.12165
0.516428 -2.11895
0.513472 -2.11625
0.507269 -2.11121
0.501101 -2.10613
0.494794 -2.10121
0.488517 -2.09626
0.485527 -2.0936
0.482537 -2.09095
0.476413 -2.08581
0.47318 -2.08345
0.469947 -2.08109
0.463899 -2.07586
0.457738 -2.07076
0.451615 -2.06562
0.448386 -2.06326
0.445156 -2.06089
0.439005 -2.05579
0.436071 -2.05306
0.433138 -2.05034
0.429882 -2.048
0.426625 -2.04567
0.423668 -2.04298
0.420711 -2.04028
0.414426 -2.03534
0.41118 -2.03299
0.407934 -2.03065
0.40494 -2.028
0.401946 -2.02534
0.395617 -2.02046
0.392676 -2.01774
0.389734 -2.01502
0.383544 -2.00996
0.380252 -2.00768
0.376959 -2.00539
0.374056 -2.00263
0.371153 -1.99986
0.364804 -1.995
0.358476 -1.99011
0.352387 -1.98493
0.349181 -1.98254
0.345975 -1.98014
0.342996 -1.97747
0.340016 -1.9748
0.333951 -1.96959
0.327803 -1.96448
0.32167 -1.95935
0.318377 -1.95707
0.315084 -1.95478
0.312177 -1.95202
0.309271 -1.94926
0.306015 -1.94693
0.302758 -1.9446
0.296473 -1.93966
0.293593 -1.93687
0.290713 -1.93407
0.28746 -1.93174
0.284206 -1.9294
0.277947 -1.92443
0.275028 -1.92169
0.272108 -1.91894
0.265776 -1.91406
0.259593 -1.90899
0.253231 -1.90415
0.250257 -1.90147
0.247283 -1.89879
0.244038 -1.89645
0.240793 -1.8941
0.234562 -1.88909
0.231683 -1.8863
0.228804 -1.88351
0.22559 -1.88112
0.222377 -1.87874
0.216185 -1.87368
0.209985 -1.86864
0.203952 -1.86339
0.200728 -1.86102
0.197505 -1.85864
0.191269 -1.85364
0.185076 -1.84859
0.182111 -1.8459
0.179146 -1.84321
0.17285 -1.83828
0.166706 -1.83317
0.160511 -1.82812
0.157288 -1.82575
0.154065 -1.82337
0.148024 -1.81813
0.141816 -1.8131
0.135546 -1.80814
0.132559 -1.80548
0.129571 -1.80282
0.123473 -1.79765
0.117228 -1.79266
0.111131 -1.78748
0.107867 -1.78516
0.104603 -1.78284
0.0983153 -1.7779
0.0953674 -1.77519
0.0924196 -1.77248
0.0863251 -1.76731
0.0799631 -1.76246
0.0736595 -1.75754
0.070738 -1.7548
0.0678165 -1.75206
0.0645836 -1.7497
0.0613508 -1.74734
0.0550673 -1.7424
0.0489977 -1.73719
0.0428966 -1.73203
0.0396977 -1.72962
0.0364988 -1.72722
0.0303419 -1.72212
0.0240498 -1.71719
0.0180382 -1.71191
0.011734 -1.707
0.00880136 -1.70427
0.0058687 -1.70154
0.00259114 -1.69924
-0.00068642 -1.69693
-0.00364082 -1.69423
-0.00659522 -1.69153
-0.00985413 -1.6892
-0.013113 -1.68687
-0.0160246 -1.68412
-0.0189361 -1.68136
-0.0252507 -1.67646
-0.0284673 -1.67408
-0.031684 -1.6717
-0.0346381 -1.669
-0.0375923 -1.6663
-0.0437421 -1.66119
-0.0469843 -1.65884
-0.0502265 -1.65649
-0.0532122 -1.65383
-0.056198 -1.65117
-0.0624472 -1.64618
-0.0688695 -1.64144
-0.0726001 -1.63826
-0.0764294 -1.63518
-0.0807736 -1.63292
-0.0848649 -1.63021
-0.0893002 -1.62816
-0.0937718 -1.62618
-0.0983714 -1.62453
-0.103062 -1.62323
-0.107805 -1.62205
-0.112513 -1.62086
-0.117344 -1.62011
-0.12215 -1.61938
-0.127022 -1.61892
-0.131901 -1.61896
-0.139746 -1.61895
-0.147591 -1.61827
-0.155436 -1.61877
-0.163282 -1.61875
-0.171127 -1.61901
-0.178972 -1.61878
-0.186817 -1.61862
-0.191576 -1.61917
-0.19642 -1.6187
-0.201133 -1.61951
-0.205841 -1.62039
-0.210419 -1.62179
-0.215141 -1.62264
-0.219634 -1.62427
-0.22407 -1.62602
-0.22855 -1.62771
-0.233002 -1.62955
-0.237109 -1.632
-0.240935 -1.63487
-0.24479 -1.6377
-0.248856 -1.64023
-0.255294 -1.64493
-0.261521 -1.6499
-0.267589 -1.65506
-0.273742 -1.66012
-0.279943 -1.66512
-0.286445 -1.66974
-0.292578 -1.67483
-0.298658 -1.67998
-0.305156 -1.68461
-0.311215 -1.68978
-0.317496 -1.69468
-0.323829 -1.69952
-0.330042 -1.7045
-0.33651 -1.70916
-0.342618 -1.71428
-0.348762 -1.71935
-0.355093 -1.72419
-0.361409 -1.72904
-0.367778 -1.73383
-0.373842 -1.739
-0.379931 -1.74414
-0.386379 -1.74883
-0.392648 -1.75374
-0.398876 -1.75871
-0.404923 -1.7639
-0.411398 -1.76856
-0.417396 -1.77381
-0.423834 -1.77851
-0.430169 -1.78334
-0.436307 -1.78842
-0.442697 -1.79318
-0.448693 -1.79844
-0.455115 -1.80316
-0.461119 -1.80841
-0.467317 -1.81342
-0.473553 -1.81837
-0.480167 -1.82285
-0.486202 -1.82806
-0.492392 -1.83307
-0.498531 -1.83815
-0.504843 -1.84301
-0.51111 -1.84792
-0.517577 -1.85259
-0.523779 -1.85759
-0.529776 -1.86284
-0.535936 -1.8679
-0.542495 -1.87244
-0.548524 -1.87766
-0.554716 -1.88267
-0.561198 -1.88731
-0.567346 -1.89238
-0.573587 -1.89733
-0.579752 -1.90238
-0.58609 -1.9072
-0.592569 -1.91185
-0.59868 -1.91696
-0.604818 -1.92204
-0.611194 -1.92682
-0.617557 -1.93162
-0.623672 -1.93673
-0.629649 -1.94201
-0.635944 -1.94689
-0.642596 -1.95132
-0.64843 -1.95678
-0.654605 -1.96181
-0.661278 -1.96622
-0.667281 -1.97147
-0.673829 -1.97603
-0.679932 -1.98115
-0.686229 -1.98603
-0.692278 -1.99122
-0.698642 -1.99601
-0.704616 -2.0013
-0.711194 -2.00582
-0.717376 -2.01085
-0.723476 -2.01598
-0.729882 -2.02072
-0.735836 -2.02603
-0.742246 -2.03076
-0.748313 -2.03593
-0.754624 -2.04079
-0.761019 -2.04555
-0.767427 -2.05029
-0.773471 -2.05548
-0.779787 -2.06034
-0.785982 -2.06534
-0.792112 -2.07043
-0.798524 -2.07517
-0.804801 -2.08007
-0.811246 -2.08476
-0.817434 -2.08978
-0.823348 -2.09514
-0.829788 -2.09984
-0.835878 -2.10498
-0.842291 -2.10971
-0.848476 -2.11473
-0.85454 -2.1199
-0.861144 -2.12439
-0.86742 -2.1293
-0.873452 -2.13451
-0.879795 -2.13933
-0.886121 -2.14417
-0.892333 -2.14916
-0.898622 -2.15405
-0.904689 -2.15922
-0.910975 -2.16411
-0.916988 -2.16935
-0.923571 -2.17386
-0.929757 -2.17888
-0.935704 -2.1842
-0.942005 -2.18908
-0.948338 -2.19391
-0.95461 -2.19882
-0.958313 -2.20185
-0.964369 -2.20705
-0.970467 -2.21221
-0.976236 -2.21774
-0.98228 -2.22296
-0.988549 -2.22792
-0.991394 -2.23073
-0.99424 -2.23354
-1.00046 -2.23856
-1.00653 -2.24375
-1.01248 -2.24907
-1.01871 -2.25407
-1.02152 -2.25693
-1.02432 -2.25979
-1.03036 -2.26501
-1.03668 -2.26992
-1.0428 -2.27505
-1.04854 -2.28061
-1.05454 -2.28589
-1.06037 -2.29135
-1.06362 -2.29369
-1.06687 -2.29604
-1.07281 -2.30138
-1.0787 -2.30678
-1.0848 -2.31193
-1.09059 -2.31744
-1.09679 -2.32248
-1.10299 -2.32752
-1.10882 -2.33298
-1.11475 -2.33833
-1.12086 -2.34348
-1.12663 -2.34901
-1.13272 -2.35417
-1.13591 -2.35659
-1.1391 -2.35901
-1.14189 -2.36188
-1.14469 -2.36475
-1.1507 -2.37001
-1.1569 -2.37504
-1.16272 -2.38052
-1.16883 -2.38567
-1.17496 -2.39078
-1.18116 -2.39582
-1.18697 -2.40131
-1.19292 -2.40664
-1.19892 -2.4119
-1.20515 -2.4169
-1.21102 -2.42232
-1.21698 -2.42764
-1.22305 -2.43283
-1.22934 -2.43777
-1.23536 -2.44301
-1.24106 -2.44863
-1.24394 -2.45092
-1.24379 -2.45106
-1.2436 -2.45189
-1.24306 -2.45242
-1.24278 -2.45314
-1.24233 -2.45374
-1.24171 -2.45427
-1.24207 -2.45525
-1.24125 -2.45574
-1.24137 -2.45657
-1.24099 -2.45725
-1.24075 -2.45799
-1.24069 -2.45876
-1.24066 -2.45953
-1.24128 -2.46027
-1.24114 -2.46102
-1.24151 -2.46172
-1.24242 -2.46691
-1.24332 -2.4721
-1.24334 -2.47287
-1.24405 -2.47345
-1.24411 -2.47422
-1.24479 -2.47474
-1.24752 -2.48048
-1.25025 -2.48622
-1.25298 -2.49195
-1.25572 -2.49769
-1.2564 -2.49816
-1.25644 -2.49899
-1.25687 -2.49961
-1.25784 -2.49977
-1.25829 -2.50032
-1.25867 -2.50096
-1.25941 -2.50122
-1.2634 -2.50477
-1.2674 -2.50833
-1.27139 -2.51189
-1.27224 -2.51202
-1.27298 -2.51224
-1.27332 -2.51315
-1.27425 -2.51299
-1.27474 -2.51372
-1.27558 -2.51364
-1.28255 -2.51554
-1.28953 -2.51745
-1.2965 -2.51935
-1.30348 -2.52126
-1.31045 -2.52316
-1.31125 -2.52297
-1.31191 -2.52348
-1.31265 -2.52353
-1.31341 -2.52323
-1.31414 -2.52336
-1.31489 -2.5235
-1.31561 -2.52321
-1.31639 -2.52332
-1.31714 -2.52319
-1.31787 -2.52298
-1.31837 -2.5222
-1.31919 -2.52221
-1.31955 -2.52133
-1.32022 -2.52103
-1.32119 -2.5211
-1.32148 -2.52026
-1.32184 -2.51957
-1.32249 -2.51944
-1.32527 -2.52215
-1.33154 -2.52711
-1.33731 -2.53264
-1.34354 -2.53764
-1.34639 -2.54045
-1.34923 -2.54326
-1.35525 -2.54851
-1.36128 -2.55374
-1.36741 -2.55887
-1.37334 -2.56421
-1.37955 -2.56924
-1.38532 -2.57478
-1.38849 -2.57722
-1.39166 -2.57965
-1.39776 -2.5848
-1.4035 -2.59038
-1.40959 -2.59554
-1.41546 -2.60095
-1.41864 -2.60338
-1.42182 -2.60581
-1.42762 -2.61132
-1.43345 -2.61678
-1.43667 -2.61916
-1.43989 -2.62154
-1.44272 -2.62437
-1.44555 -2.6272
-1.45157 -2.63245
-1.45476 -2.63487
-1.45794 -2.63729
-1.46388 -2.64263
-1.46987 -2.6479
-1.47577 -2.65329
-1.48182 -2.65851
-1.48793 -2.66365
-1.49366 -2.66923
-1.49684 -2.67166
-1.50002 -2.67408
-1.50603 -2.67934
-1.51216 -2.68446
-1.51491 -2.68737
-1.51767 -2.69029
-1.52368 -2.69554
-1.5269 -2.69793
-1.53011 -2.70032
-1.53295 -2.70313
-1.5358 -2.70595
-1.54188 -2.71112
-1.54506 -2.71355
-1.54823 -2.71599
-1.55105 -2.71883
-1.55387 -2.72167
-1.5598 -2.72702
-1.56598 -2.73208
-1.57214 -2.73717
-1.57802 -2.74257
-1.58427 -2.74756
-1.59011 -2.75301
-1.59596 -2.75845
-1.59915 -2.76086
-1.60235 -2.76328
-1.60844 -2.76844
-1.61433 -2.77383
-1.62006 -2.77941
-1.62616 -2.78457
-1.63236 -2.78961
-1.63817 -2.7951
-1.6442 -2.80033
-1.65014 -2.80566
-1.65631 -2.81074
-1.66243 -2.81587
-1.66839 -2.82119
-1.67448 -2.82635
-1.68027 -2.83186
-1.6866 -2.83675
-1.69256 -2.84206
-1.69856 -2.84733
-1.70441 -2.85278
-1.71059 -2.85784
-1.71671 -2.86296
-1.72244 -2.86855
-1.72843 -2.87383
-1.73444 -2.87908
-1.74034 -2.88446
-1.74355 -2.88686
-1.74676 -2.88925
-1.75278 -2.8945
-1.75869 -2.89987
-1.76458 -2.90526
-1.77085 -2.91023
-1.77681 -2.91554
-1.78259 -2.92106
-1.7886 -2.92632
-1.79462 -2.93156
-1.80076 -2.93667
-1.80655 -2.94218
-1.81275 -2.94722
-1.81863 -2.95263
-1.82181 -2.95505
-1.82499 -2.95748
-1.82782 -2.96032
-1.83064 -2.96316
-1.83387 -2.96553
-1.83709 -2.9679
-1.83985 -2.97081
-1.84261 -2.97372
-1.84583 -2.97611
-1.84905 -2.97849
-1.85185 -2.98136
-1.85464 -2.98423
-1.86082 -2.98929
-1.86666 -2.99475
-1.86992 -2.99708
-1.87318 -2.99942
-1.87597 -3.00229
-1.87876 -3.00516
-1.88472 -3.01048
-1.89092 -3.01552
-1.89726 -3.0204
-1.90008 -3.02324
-1.9029 -3.02608
-1.90913 -3.03109
-1.91514 -3.03634
-1.92088 -3.04191
-1.92408 -3.04431
-1.92728 -3.04672
-1.9301 -3.04957
-1.93291 -3.05241
-1.93905 -3.05752
-1.94515 -3.06268
-1.95113 -3.06796
-1.95699 -3.0734
-1.96329 -3.07833
-1.96912 -3.08378
-1.97527 -3.08888
-1.98144 -3.09396
-1.98716 -3.09954
-1.99318 -3.10479
-1.99906 -3.1102
-2.00226 -3.11261
-2.00545 -3.11502
-2.01128 -3.12049
-2.01757 -3.12542
-2.02335 -3.13094
-2.02922 -3.13636
-2.03542 -3.1414
-2.04166 -3.14639
-2.04444 -3.14928
-2.04721 -3.15218
-2.05347 -3.15714
-2.05968 -3.16218
-2.0625 -3.16502
-2.06532 -3.16786
-2.07165 -3.17275
-2.07765 -3.17802
-2.08336 -3.18362
-2.08942 -3.18882
-2.09534 -3.19417
-2.10138 -3.19941
-2.10745 -3.20459
-2.11356 -3.20973
-2.11956 -3.215
-2.12578 -3.22002
-2.13188 -3.22518
-2.13782 -3.2305
-2.14362 -3.23601
-2.14989 -3.24096
-2.15559 -3.24657
-2.16164 -3.25179
-2.16776 -3.25693
-2.17359 -3.26239
-2.17955 -3.2677
-2.18279 -3.27006
-2.18603 -3.27242
-2.19186 -3.27789
-2.19805 -3.28293
-2.20087 -3.28577
-2.20369 -3.28861
-2.20977 -3.29379
-2.21589 -3.29892
-2.22175 -3.30435
-2.22794 -3.30941
-2.23403 -3.31457
-2.23973 -3.32018
-2.24294 -3.32257
-2.24615 -3.32497
-2.25187 -3.33056
-2.25787 -3.33583
-2.26395 -3.341
-2.27007 -3.34614
-2.27633 -3.35111
-2.28215 -3.35658
-2.28797 -3.36206
-2.29393 -3.36738
-2.30016 -3.37237
-2.30627 -3.37752
-2.3121 -3.38298
-2.31801 -3.38836
-2.32404 -3.39358
-2.3301 -3.39879
-2.33601 -3.40416
-2.34225 -3.40915
-2.34824 -3.41443
-2.35454 -3.41936
-2.35738 -3.42218
-2.36022 -3.425
-2.36655 -3.42988
-2.36938 -3.43272
-2.3722 -3.43556
-2.37845 -3.44054
-2.38453 -3.44572
-2.39025 -3.45131
-2.39628 -3.45655
-2.40254 -3.46151
-2.40849 -3.46684
-2.41451 -3.47209
-2.42042 -3.47746
-2.42673 -3.48237
-2.43269 -3.48768
-2.43841 -3.49328
-2.44437 -3.49858
-2.45037 -3.50386
-2.45664 -3.50882
-2.46254 -3.51419
-2.46859 -3.51942
-2.47485 -3.52439
-2.48062 -3.52991
-2.48658 -3.53523
-2.49248 -3.54062
-2.4987 -3.54563
-2.5046 -3.55101
-2.51083 -3.55601
-2.51654 -3.56162
-2.52273 -3.56667
-2.52894 -3.5717
-2.53493 -3.57698
-2.54076 -3.58244
-2.54691 -3.58754
-2.55301 -3.59269
-2.55585 -3.59551
-2.55869 -3.59833
-2.56479 -3.60348
-2.5707 -3.60885
-2.57672 -3.61411
-2.57994 -3.61649
-2.58315 -3.61887
-2.58897 -3.62435
-2.59523 -3.62932
-2.598 -3.63221
-2.60078 -3.63511
-2.604 -3.63749
-2.60723 -3.63986
-2.61298 -3.64542
-2.61915 -3.65048
-2.62493 -3.65601
-2.63088 -3.66134
-2.63719 -3.66624
-2.64336 -3.67132
-2.64935 -3.6766
-2.65519 -3.68205
-2.66128 -3.68722
-2.66703 -3.69277
-2.67309 -3.69798
-2.67908 -3.70325
-2.68535 -3.70821
-2.6912 -3.71365
-2.69743 -3.71867
-2.70341 -3.72396
-2.70938 -3.72926
-2.71508 -3.73487
-2.72136 -3.73981
-2.7272 -3.74527
-2.73346 -3.75024
-2.73956 -3.75539
-2.74555 -3.76067
-2.7516 -3.76589
-2.75734 -3.77146
-2.76341 -3.77664
-2.76958 -3.78171
-2.7757 -3.78684
-2.78162 -3.7922
-2.78749 -3.79763
-2.79339 -3.803
-2.79658 -3.80542
-2.79977 -3.80784
-2.80269 -3.81047
-2.80269 -3.81047
-2.80304 -3.80974
-2.80358 -3.80919
-2.80419 -3.80872
-2.80522 -3.80896
-2.80581 -3.80852
-2.80631 -3.80786
-2.80713 -3.80793
-2.80762 -3.80703
-2.80839 -3.80699
-2.80914 -3.80685
-2.80989 -3.80684
-2.81062 -3.80646
-2.81139 -3.80639
-2.8121 -3.80707
-2.81283 -3.80712
-2.81359 -3.80702
-2.81441 -3.80679
-2.81864 -3.80813
-2.82286 -3.80947
-2.82364 -3.80909
-2.83021 -3.81107
-2.83679 -3.81305
-2.84336 -3.81503
-2.84993 -3.81701
-2.85052 -3.81753
-2.85127 -3.81766
-2.85181 -3.8182
-2.85245 -3.81852
-2.85308 -3.81888
-2.85405 -3.81885
-2.85433 -3.81966
-2.85483 -3.8202
-2.85522 -3.82082
-2.85614 -3.82104
-2.8565 -3.82171
-2.8607 -3.82833
-2.8649 -3.83495
-2.86582 -3.83526
-2.86913 -3.84135
-2.87243 -3.84745
-2.87574 -3.85354
-2.87904 -3.85963
-2.88235 -3.86573
-2.8827 -3.8664
-2.88274 -3.86719
-2.88277 -3.86795
-2.88353 -3.86854
-2.88342 -3.86933
-2.88355 -3.87007
-2.88393 -3.87082
-2.8836 -3.87158
-2.88392 -3.87237
-2.88331 -3.87305
-2.88348 -3.87386
-2.88347 -3.87465
-2.88283 -3.87523
-2.88234 -3.87583
-2.88204 -3.8765
-2.88181 -3.87722
-2.88126 -3.87773
-2.88108 -3.87853
-2.8807 -3.87882
-2.88401 -3.88133
-2.88992 -3.8867
-2.89606 -3.89182
-2.90197 -3.89718
-2.90783 -3.90261
-2.91412 -3.90754
-2.91995 -3.91301
-2.92589 -3.91835
-2.93208 -3.9234
-2.938 -3.92876
-2.94389 -3.93415
-2.94984 -3.93949
-2.95301 -3.94192
-2.95618 -3.94436
-2.96209 -3.94973
-2.96823 -3.95483
-2.97105 -3.95768
-2.97387 -3.96053
-2.97995 -3.9657
-2.98596 -3.97096
-2.99194 -3.97625
-2.99803 -3.98141
-3.00393 -3.9868
-3.01 -3.99199
-3.01317 -3.99443
-3.01634 -3.99686
-3.0223 -4.00218
-3.02799 -4.0078
-3.03402 -4.01304
-3.04002 -4.01831
-3.04625 -4.02332
-3.05246 -4.02834
-3.05834 -4.03375
-3.06441 -4.03894
-3.07032 -4.04431
-3.07659 -4.04927
-3.08239 -4.05476
-3.08836 -4.06007
-3.09463 -4.06502
-3.09746 -4.06785
-3.10029 -4.07068
-3.10347 -4.07312
-3.10664 -4.07555
-3.10948 -4.07837
-3.11231 -4.0812
-3.11839 -4.08638
-3.12425 -4.09181
-3.13028 -4.09704
-3.13656 -4.10199
-3.14269 -4.1071
-3.14552 -4.10993
-3.14836 -4.11276
-3.15443 -4.11795
-3.16067 -4.12294
-3.16666 -4.12822
-3.17253 -4.13364
-3.17862 -4.1388
-3.18469 -4.14399
-3.19054 -4.14943
-3.19677 -4.15444
-3.20248 -4.16003
-3.20568 -4.16244
-3.20887 -4.16486
-3.21468 -4.17035
-3.22058 -4.17573
-3.22683 -4.18071
-3.23292 -4.18588
-3.23899 -4.19106
-3.24184 -4.19387
-3.24468 -4.19669
-3.25095 -4.20165
-3.25668 -4.20722
-3.26301 -4.21212
-3.26904 -4.21735
-3.27185 -4.2202
-3.27466 -4.22305
-3.28099 -4.22795
-3.28693 -4.23328
-3.29309 -4.23836
-3.29914 -4.24358
-3.30518 -4.24881
-3.31112 -4.25415
-3.317 -4.25954
-3.32299 -4.26482
-3.3292 -4.26986
-3.33203 -4.27268
-3.33486 -4.27551
-3.34096 -4.28066
-3.34699 -4.2859
-3.35302 -4.29114
-3.35915 -4.29625
-3.36496 -4.30175
-3.36821 -4.3041
-3.37146 -4.30644
-3.37747 -4.31169
-3.38345 -4.31698
-3.38915 -4.3226
-3.39516 -4.32786
-3.39834 -4.33028
-3.40153 -4.3327
-3.40723 -4.33832
-3.41311 -4.34372
-3.41939 -4.34867
-3.42523 -4.35412
-3.4312 -4.35943
-3.43439 -4.36185
-3.43757 -4.36427
-3.44037 -4.36713
-3.44318 -4.36999
-3.44949 -4.3749
-3.45542 -4.38025
-3.4613 -4.38566
-3.46728 -4.39095
-3.47323 -4.39628
-3.47942 -4.40132
-3.48562 -4.40636
-3.49172 -4.41152
-3.49456 -4.41434
-3.4974 -4.41715
-3.50344 -4.42238
-3.50957 -4.4275
-3.51565 -4.43267
-3.52167 -4.43792
-3.52769 -4.44317
-3.53369 -4.44844
-3.53978 -4.4536
-3.54572 -4.45893
-3.55193 -4.46397
-3.55785 -4.46933
-3.56373 -4.47473
-3.56969 -4.48004
-3.57566 -4.48535
-3.58158 -4.4907
-3.58776 -4.49577
-3.59379 -4.501
-3.59963 -4.50646
-3.60582 -4.51151
-3.61176 -4.51685
-3.6181 -4.52173
-3.62401 -4.5271
-3.62975 -4.53266
-3.63604 -4.53761
-3.64179 -4.54315
-3.64804 -4.54814
-3.65424 -4.55318
-3.66027 -4.55842
-3.66606 -4.56393
-3.67186 -4.56942
-3.67504 -4.57185
-3.67822 -4.57428
-3.68105 -4.57711
-3.68387 -4.57994
-3.69009 -4.58497
-3.69315 -4.5874
-3.69321 -4.58732
-3.69394 -4.58703
-3.69425 -4.58626
-3.69483 -4.5858
-3.69538 -4.58526
-3.69627 -4.58533
-3.6967 -4.58454
-3.69732 -4.58407
-3.69823 -4.58444
-3.69894 -4.58433
-3.69962 -4.5841
-3.70029 -4.58364
-3.70103 -4.58368
-3.70175 -4.58363
-3.70249 -4.58364
-3.70739 -4.58373
-3.71229 -4.58381
-3.71297 -4.58406
-3.71366 -4.58417
-3.71436 -4.58423
-3.71513 -4.58408
-3.71574 -4.5845
-3.71646 -4.5846
-3.71689 -4.58533
-3.72254 -4.5881
-3.72818 -4.59088
-3.73382 -4.59365
-3.73947 -4.59642
-3.74013 -4.59657
-3.74061 -4.59704
-3.74434 -4.5992
-3.74808 -4.60136
-3.74856 -4.60185
-3.74889 -4.60252
-3.74972 -4.60261
-3.75005 -4.60324
-3.7507 -4.60359
-3.75088 -4.60431
-3.7514 -4.60477
-3.75529 -4.61106
-3.75609 -4.61142
-3.75631 -4.61212
-3.75966 -4.61815
-3.763 -4.62419
-3.76635 -4.63022
-3.76969 -4.63625
-3.77304 -4.64228
-3.77326 -4.643
-3.77311 -4.64385
-3.77348 -4.64449
-3.77419 -4.64508
-3.77433 -4.64582
-3.77389 -4.64662
-3.7742 -4.64734
-3.77424 -4.64808
-3.77459 -4.64885
-3.7739 -4.64952
-3.774 -4.65028
-3.77412 -4.65108
-3.77355 -4.65168
-3.77331 -4.65238
-3.77313 -4.65311
-3.77281 -4.65378
-3.77248 -4.65445
-3.77205 -4.65506
-3.77142 -4.6555
-3.77111 -4.65598
-3.7742 -4.6586
-3.78026 -4.6638
-3.78618 -4.66916
-3.79219 -4.67442
-3.79822 -4.67965
-3.80144 -4.68204
-3.80466 -4.68442
-3.81062 -4.68974
-3.81636 -4.6953
-3.82269 -4.70019
-3.82871 -4.70544
-3.8346 -4.71083
-3.84057 -4.71613
-3.84669 -4.72126
-3.85244 -4.72682
-3.85557 -4.72931
-3.8587 -4.73181
-3.86217 -4.73496
-3.86562 -4.73819
-3.86833 -4.74206
-3.8716 -4.74545
-3.87426 -4.74932
-3.87665 -4.75334
-3.87912 -4.75734
-3.88197 -4.76115
-3.88377 -4.76549
-3.88575 -4.76976
-3.88694 -4.77432
-3.88831 -4.77877
-3.88959 -4.78329
-3.89121 -4.78776
-3.89187 -4.7924
-3.89207 -4.7971
-3.8925 -4.80177
-3.89301 -4.80645
-3.89252 -4.81437
-3.8926 -4.82229
-3.89306 -4.8302
-3.89272 -4.83812
-3.89313 -4.84603
-3.89342 -4.85394
-3.89301 -4.86186
-3.89372 -4.86977
-3.89357 -4.87769
-3.89316 -4.88561
-3.8937 -4.89352
-3.89383 -4.90143
-3.89402 -4.90935
-3.89407 -4.91726
-3.89347 -4.92518
-3.89379 -4.9331
-3.89378 -4.94101
-3.89397 -4.94893
-3.89409 -4.95684
-3.89399 -4.96476
-3.89402 -4.97267
-3.89448 -4.98058
-3.89441 -4.9885
-3.89441 -4.99641
-3.8946 -5.00433
-3.89457 -5.01224
-3.89466 -5.02016
-3.89498 -5.02807
-3.89464 -5.03599
-3.89475 -5.0439
-3.89453 -5.05182
-3.89514 -5.05973
-3.89475 -5.06765
-3.89472 -5.07555
-3.89483 -5.07974
-3.89473 -5.08393
-3.89406 -5.08806
-3.89396 -5.09228
-3.89265 -5.09628
-3.89217 -5.10046
-3.89081 -5.10671
-3.88891 -5.11283
-3.88735 -5.11754
-3.88592 -5.12227
-3.88437 -5.12701
-3.88214 -5.13144
-3.88012 -5.13599
-3.87745 -5.14017
-3.87492 -5.14445
-3.87238 -5.14877
-3.86912 -5.15251
-3.86561 -5.15602
-3.86212 -5.15956
-3.85904 -5.16354
-3.85295 -5.1687
-3.84674 -5.17372
-3.84093 -5.17919
-3.83501 -5.18455
-3.8289 -5.18968
-3.82299 -5.19504
-3.81736 -5.2007
-3.81119 -5.20577
-3.8053 -5.21116
-3.79921 -5.21631
-3.79358 -5.22199
-3.79031 -5.22464
-3.79034 -5.22471
-3.79123 -5.22496
-3.79167 -5.22558
-3.79154 -5.22651
-3.79244 -5.22689
-3.79263 -5.22762
-3.79251 -5.22844
-3.79272 -5.22914
-3.79328 -5.22977
-3.79295 -5.23056
-3.79334 -5.23126
-3.79338 -5.232
-3.7934 -5.23274
-3.79336 -5.23836
-3.79332 -5.24399
-3.79258 -5.24464
-3.7926 -5.24535
-3.79291 -5.24616
-3.79233 -5.24675
-3.79239 -5.24752
-3.79197 -5.24813
-3.79168 -5.24878
-3.79107 -5.24925
-3.79096 -5.25002
-3.7906 -5.25065
-3.79038 -5.25141
-3.78593 -5.25657
-3.78147 -5.26172
-3.77701 -5.26687
-3.77255 -5.27203
-3.76809 -5.27718
-3.76363 -5.28233
-3.76319 -5.28293
-3.76249 -5.28326
-3.76176 -5.2835
-3.76114 -5.28384
-3.76072 -5.28449
-3.76025 -5.28516
-3.7596 -5.2855
-3.75897 -5.28592
-3.75809 -5.28561
-3.75161 -5.28795
-3.74512 -5.29029
-3.73864 -5.29262
-3.73216 -5.29496
-3.72567 -5.2973
-3.72489 -5.29724
-3.72418 -5.29752
-3.72342 -5.29743
-3.72269 -5.29782
-3.72196 -5.29718
-3.72117 -5.29793
-3.72043 -5.29772
-3.71981 -5.29702
-3.71905 -5.29706
-3.71841 -5.29668
-3.71765 -5.29663
-3.71698 -5.29634
-3.7162 -5.29622
-3.71553 -5.29587
-3.715 -5.29534
-3.71419 -5.29514
-3.71365 -5.2946
-3.71355 -5.29368
-3.71327 -5.2934
-3.71017 -5.29627
-3.70416 -5.30152
-3.69823 -5.30685
-3.69249 -5.3124
-3.68652 -5.31769
-3.68083 -5.3233
-3.67491 -5.32864
-3.6689 -5.33389
-3.66289 -5.33914
-3.65695 -5.34446
-3.65087 -5.34963
-3.64477 -5.35478
-3.63898 -5.36027
-3.63338 -5.36597
-3.62731 -5.37115
-3.62144 -5.37656
-3.61516 -5.38151
-3.60915 -5.38676
-3.6036 -5.39251
-3.59776 -5.39795
-3.59174 -5.40319
-3.58565 -5.40835
-3.57968 -5.41364
-3.5735 -5.4187
-3.56786 -5.42436
-3.5618 -5.42955
-3.55613 -5.43517
-3.55022 -5.44053
-3.54703 -5.44295
-3.54384 -5.44537
-3.53793 -5.45072
-3.53203 -5.45609
-3.52617 -5.46152
-3.52024 -5.46685
-3.51432 -5.4722
-3.50836 -5.4775
-3.5026 -5.48302
-3.4967 -5.4884
-3.49081 -5.49378
-3.48484 -5.49907
-3.47879 -5.50427
-3.47281 -5.50955
-3.467 -5.51502
-3.46107 -5.52036
-3.45497 -5.5255
-3.44902 -5.53082
-3.44319 -5.53627
-3.4372 -5.54154
-3.43139 -5.54701
-3.42551 -5.55241
-3.42232 -5.55482
-3.41912 -5.55723
-3.41337 -5.56276
-3.40764 -5.56832
-3.40172 -5.57367
-3.39569 -5.5789
-3.38947 -5.58392
-3.38351 -5.58921
-3.37793 -5.59494
-3.37172 -5.59996
-3.36574 -5.60525
-3.36016 -5.61098
-3.35401 -5.61607
-3.34808 -5.62141
-3.34195 -5.62652
-3.33923 -5.62945
-3.3365 -5.63239
-3.33055 -5.6377
-3.32427 -5.64265
-3.31836 -5.64801
-3.31266 -5.6536
-3.30676 -5.65897
-3.30049 -5.66393
-3.29463 -5.66935
-3.28888 -5.67487
-3.2827 -5.67994
-3.27677 -5.68528
-3.271 -5.69079
-3.2651 -5.69616
-3.25901 -5.70131
-3.25294 -5.7065
-3.24735 -5.71221
-3.24134 -5.71746
-3.23533 -5.72271
-3.22944 -5.7281
-3.22317 -5.73305
-3.21725 -5.73839
-3.21452 -5.74133
-3.2118 -5.74427
-3.20577 -5.74949
-3.20258 -5.75191
-3.1994 -5.75434
-3.19359 -5.75981
-3.18775 -5.76525
-3.18204 -5.77082
-3.17614 -5.77623
-3.17244 -5.77851
-3.16912 -5.78122
-3.1657 -5.78385
-3.16215 -5.7863
-3.15828 -5.78819
-3.1548 -5.79086
-3.15059 -5.79202
-3.14686 -5.79422
-3.13957 -5.79749
-3.13216 -5.80045
-3.12474 -5.80342
-3.12094 -5.80467
-3.11714 -5.80591
-3.1098 -5.80906
-3.10258 -5.81251
-3.0952 -5.81554
-3.08768 -5.81825
-3.08034 -5.82139
-3.07302 -5.82459
-3.06923 -5.82586
-3.06543 -5.82713
-3.05806 -5.83018
-3.0508 -5.83352
-3.047 -5.83477
-3.04319 -5.83602
-3.03586 -5.83918
-3.02859 -5.84249
-3.02107 -5.8452
-3.01357 -5.84795
-3.0063 -5.85126
-2.9988 -5.85403
-2.99151 -5.85728
-2.98401 -5.86005
-2.97668 -5.8632
-2.96946 -5.86665
-2.96193 -5.86933
-2.95468 -5.87269
-2.94714 -5.87534
-2.93967 -5.87816
-2.93243 -5.88156
-2.92489 -5.88422
-2.91769 -5.88769
-2.91387 -5.88891
-2.91006 -5.89012
-2.90265 -5.89311
-2.89532 -5.89629
-2.88799 -5.89944
-2.88068 -5.90265
-2.87331 -5.90573
-2.86595 -5.90883
-2.85853 -5.91177
-2.85117 -5.91486
-2.84734 -5.91605
-2.84351 -5.91724
-2.83993 -5.91903
-2.83635 -5.92082
-2.82889 -5.92366
-2.82135 -5.92633
-2.81405 -5.92956
-2.80679 -5.93291
-2.7994 -5.93592
-2.79195 -5.9388
-2.78449 -5.94165
-2.7772 -5.94492
-2.76972 -5.94771
-2.7624 -5.95092
-2.7549 -5.95365
-2.74748 -5.95661
-2.74021 -5.95992
-2.7327 -5.96266
-2.72529 -5.96563
-2.71779 -5.96838
-2.71422 -5.97019
-2.71065 -5.97201
-2.70682 -5.97319
-2.70299 -5.97437
-2.69941 -5.97617
-2.69583 -5.97797
-2.68846 -5.98103
-2.68465 -5.98227
-2.68085 -5.9835
-2.67355 -5.98675
-2.66622 -5.98992
-2.66242 -5.99118
-2.65863 -5.99245
-2.6513 -5.99562
-2.64391 -5.99864
-2.63664 -6.00196
-2.62919 -6.00483
-2.6218 -6.00786
-2.6144 -6.01085
-2.60689 -6.01358
-2.59964 -6.01693
-2.59232 -6.02013
-2.58849 -6.02133
-2.58467 -6.02252
-2.57738 -6.02579
-2.56994 -6.02868
-2.56258 -6.03178
-2.55524 -6.03492
-2.5477 -6.03757
-2.54044 -6.04092
-2.53309 -6.04404
-2.52556 -6.04671
-2.51829 -6.05004
-2.51079 -6.05278
-2.50354 -6.05616
-2.49621 -6.05932
-2.49238 -6.0605
-2.48855 -6.06168
-2.48134 -6.06515
-2.47378 -6.06776
-2.46636 -6.07071
-2.45915 -6.07417
-2.45172 -6.07707
-2.44438 -6.08024
-2.43689 -6.08301
-2.42959 -6.08625
-2.42209 -6.089
-2.41464 -6.09187
-2.40734 -6.09512
-2.40284 -6.09676
-2.39827 -6.09811
-2.39362 -6.09925
-2.38899 -6.10037
-2.38426 -6.1011
-2.37957 -6.10236
-2.37479 -6.10257
-2.37 -6.1022
-2.362 -6.1022
-2.35801 -6.10242
-2.35401 -6.10263
-2.34602 -6.10265
-2.33802 -6.10279
-2.33003 -6.10271
-2.32204 -6.10301
-2.31804 -6.10279
-2.31404 -6.10256
-2.30605 -6.10286
-2.30205 -6.1026
-2.29805 -6.10235
-2.29405 -6.10258
-2.29006 -6.10281
-2.28206 -6.10312
-2.27407 -6.1029
-2.26608 -6.1031
-2.25808 -6.10306
-2.25408 -6.10287
-2.25009 -6.10267
-2.24209 -6.10278
-2.2341 -6.10275
-2.2301 -6.10302
-2.22611 -6.10328
-2.21811 -6.10342
-2.21411 -6.10319
-2.21012 -6.10296
-2.20612 -6.10318
-2.20212 -6.1034
-2.19413 -6.10314
-2.18613 -6.10336
-2.17814 -6.10342
-2.17015 -6.10337
-2.16615 -6.1031
-2.16215 -6.10284
-2.15815 -6.10303
-2.15416 -6.10322
-2.14616 -6.10354
-2.14217 -6.10324
-2.13817 -6.10294
-2.13017 -6.10308
-2.12618 -6.10337
-2.12218 -6.10366
-2.11419 -6.10362
-2.10619 -6.10335
-2.1022 -6.10356
-2.0982 -6.10376
-2.0942 -6.10359
-2.0902 -6.10341
-2.08221 -6.10321
-2.07422 -6.1034
-2.06622 -6.10351
-2.05823 -6.10327
-2.05423 -6.10346
-2.05023 -6.10365
-2.04224 -6.10369
-2.03425 -6.10385
-2.02625 -6.10363
-2.01826 -6.10374
-2.01426 -6.10357
-2.01026 -6.1034
-2.00227 -6.10368
-1.99427 -6.10385
-1.98628 -6.10405
-1.98228 -6.1038
-1.97829 -6.10354
-1.97029 -6.10363
-1.9663 -6.1039
-1.9623 -6.10416
-1.9543 -6.10391
-1.95031 -6.10409
-1.94631 -6.10426
-1.93832 -6.10444
-1.93432 -6.10426
-1.93032 -6.10408
-1.92233 -6.10393
-1.91433 -6.10374
-1.90634 -6.10387
-1.89835 -6.10413
-1.89035 -6.10443
-1.88236 -6.10446
-1.87836 -6.1042
-1.87436 -6.10394
-1.86637 -6.10416
-1.85837 -6.10421
-1.85438 -6.10439
-1.85038 -6.10458
-1.84239 -6.10467
-1.83839 -6.10453
-1.83439 -6.10438
-1.8264 -6.10423
-1.8184 -6.10434
-1.81041 -6.10464
-1.80242 -6.10471
-1.79842 -6.10447
-1.79442 -6.10424
-1.78643 -6.10457
-1.77843 -6.1045
-1.77044 -6.10457
-1.76644 -6.10481
-1.76245 -6.10504
-1.75445 -6.10482
-1.75045 -6.10464
-1.74646 -6.10447
-1.74246 -6.10469
-1.73846 -6.10492
-1.73447 -6.10468
-1.73047 -6.10445
-1.72647 -6.10476
-1.72248 -6.10506
-1.71448 -6.10491
-1.70649 -6.10468
-1.69849 -6.10459
-1.69449 -6.10477
-1.6905 -6.10494
-1.6825 -6.10511
-1.67851 -6.10486
-1.67451 -6.10462
-1.67051 -6.10484
-1.66652 -6.10507
-1.66252 -6.10488
-1.65852 -6.10468
-1.65452 -6.10494
-1.65053 -6.10521
-1.64253 -6.10513
-1.63854 -6.10497
-1.63454 -6.10481
-1.63054 -6.10513
-1.62655 -6.10545
-1.61855 -6.10556
-1.61056 -6.10556
-1.60256 -6.10535
-1.59457 -6.10516
-1.59057 -6.10539
-1.58658 -6.10562
-1.58258 -6.10532
-1.57858 -6.10502
-1.57458 -6.10531
-1.57059 -6.10559
-1.56259 -6.10541
-1.5546 -6.10566
-1.5466 -6.10562
-1.53861 -6.10537
-1.53062 -6.10568
-1.52262 -6.1057
-1.51463 -6.10595
-1.50663 -6.10575
-1.49864 -6.10578
-1.49065 -6.10585
-1.48665 -6.10558
-1.48265 -6.10531
-1.47865 -6.10567
-1.47466 -6.10603
-1.46666 -6.1061
-1.46267 -6.10583
-1.45867 -6.10557
-1.45467 -6.10575
-1.45067 -6.10593
-1.44268 -6.10599
-1.43469 -6.10627
-1.42669 -6.10601
-1.4187 -6.10575
-1.4107 -6.1058
-1.40271 -6.10607
-1.39472 -6.10624
-1.38672 -6.10621
-1.38272 -6.10606
-1.37873 -6.10592
-1.37073 -6.10579
-1.36674 -6.1061
-1.36274 -6.10641
-1.35874 -6.10618
-1.35474 -6.10595
-1.34675 -6.10614
-1.33876 -6.10611
-1.33076 -6.10592
-1.32677 -6.10615
-1.32277 -6.10638
-1.31478 -6.10664
-1.31078 -6.10638
-1.30678 -6.10612
-1.30278 -6.10635
-1.29879 -6.10658
-1.29079 -6.10651
-1.28679 -6.10631
-1.2828 -6.10611
-1.2748 -6.10637
-1.26681 -6.10666
-1.25882 -6.10656
-1.25482 -6.10636
-1.25082 -6.10616
-1.24682 -6.1064
-1.24283 -6.10665
-1.23483 -6.10639
-1.22684 -6.10649
-1.21884 -6.10649
-1.21085 -6.10633
-1.20685 -6.1065
-1.20286 -6.10668
-1.19886 -6.10684
-1.19486 -6.10701
-1.18687 -6.10684
-1.17887 -6.10681
-1.17088 -6.10714
-1.16705 -6.10686
-1.16719 -6.1065
-1.1671 -6.10574
-1.16671 -6.10502
-1.16631 -6.10434
-1.16607 -6.10365
-1.16612 -6.10286
-1.16603 -6.10208
-1.16547 -6.10151
-1.16542 -6.10067
-1.1648 -6.10015
-1.16427 -6.09961
-1.16358 -6.09921
-1.1633 -6.09847
-1.16275 -6.09795
-1.16227 -6.09734
-1.16137 -6.09729
-1.1609 -6.09665
-1.15706 -6.09433
-1.15322 -6.09202
-1.15239 -6.09208
-1.15199 -6.0913
-1.15128 -6.09116
-1.14486 -6.08914
-1.13844 -6.08712
-1.13202 -6.08509
-1.1256 -6.08307
-1.11918 -6.08105
-1.1186 -6.08055
-1.11783 -6.0807
-1.11719 -6.08038
-1.11651 -6.08011
-1.11578 -6.08042
-1.11509 -6.08044
-1.11438 -6.08018
-1.11368 -6.08024
-1.11295 -6.08019
-1.1122 -6.08014
-1.11166 -6.0809
-1.11091 -6.08087
-1.10426 -6.08332
-1.09761 -6.08577
-1.09096 -6.08822
-1.08431 -6.09067
-1.07767 -6.09312
-1.07102 -6.09556
-1.07035 -6.09593
-1.06971 -6.09633
-1.06898 -6.09654
-1.06821 -6.09673
-1.06779 -6.09747
-1.06731 -6.09806
-1.06676 -6.09854
-1.06598 -6.09881
-1.06531 -6.09923
-1.06523 -6.10014
-1.06479 -6.10075
-1.06421 -6.10127
-1.06374 -6.10189
-1.0637 -6.10271
-1.06361 -6.10347
-1.06366 -6.10425
-1.06351 -6.10496
-1.06297 -6.10562
-1.06328 -6.1064
-1.06307 -6.10712
-1.06303 -6.10732
-1.05896 -6.10754
-1.05497 -6.10732
-1.05097 -6.1071
-1.04297 -6.1073
-1.03498 -6.10758
-1.02699 -6.10772
-1.02299 -6.10743
-1.01899 -6.10715
-1.011 -6.10727
-1.003 -6.10717
-0.995009 -6.10727
-0.987016 -6.10758
-0.979021 -6.10757
-0.975024 -6.10743
-0.971026 -6.10729
-0.963032 -6.10747
-0.955039 -6.1078
-0.947044 -6.10761
-0.939051 -6.1078
-0.931057 -6.10778
-0.923062 -6.10757
-0.919065 -6.10781
-0.915069 -6.10806
-0.907074 -6.1078
-0.89908 -6.1078
-0.891085 -6.1076
-0.883091 -6.10762
-0.875097 -6.1077
-0.867102 -6.10756
-0.863106 -6.10785
-0.85911 -6.10815
-0.855112 -6.10796
-0.851114 -6.10778
-0.847118 -6.10796
-0.843121 -6.10813
-0.835128 -6.10834
-0.827134 -6.10834
-0.819139 -6.10811
-0.811144 -6.10811
-0.80315 -6.10817
-0.795157 -6.10831
-0.787163 -6.10833
-0.783165 -6.10818
-0.779167 -6.10802
-0.775171 -6.10819
-0.771174 -6.10835
-0.763181 -6.10857
-0.759182 -6.10826
-0.755184 -6.10794
-0.751188 -6.10813
-0.747191 -6.10833
-0.739196 -6.10809
-0.7352 -6.10845
-0.731205 -6.10881
-0.727206 -6.10851
-0.723208 -6.1082
-0.715215 -6.10847
-0.707221 -6.10852
-0.699227 -6.10852
-0.69523 -6.10873
-0.691234 -6.10894
-0.68324 -6.10889
-0.675245 -6.10891
-0.671247 -6.10864
-0.667249 -6.10837
-0.663253 -6.10858
-0.659257 -6.1088
-0.651262 -6.10876
-0.643268 -6.10876
-0.635275 -6.10906
-0.631277 -6.10877
-0.627278 -6.10848
-0.619285 -6.10876
-0.611292 -6.10895
-0.607294 -6.10873
-0.603296 -6.10851
-0.595302 -6.10871
-0.587308 -6.10879
-0.583312 -6.10906
-0.579316 -6.10933
-0.571321 -6.10914
-0.563327 -6.10905
-0.555332 -6.10893
-0.547338 -6.10894
-0.539344 -6.10898
-0.531349 -6.10875
-0.527353 -6.10909
-0.523357 -6.10942
-0.515362 -6.10916
-0.511365 -6.10933
-0.507369 -6.1095
-0.499374 -6.10939
-0.491379 -6.10922
-0.483385 -6.10928
-0.475391 -6.10917
-0.471394 -6.10945
-0.467398 -6.10973
-0.459404 -6.10979
-0.45141 -6.10965
-0.443415 -6.10949
-0.439418 -6.10967
-0.435422 -6.10985
-0.427428 -6.10991
-0.42343 -6.10962
-0.419432 -6.10933
-0.411438 -6.10953
-0.40744 -6.10938
-0.403443 -6.10923
-0.399447 -6.10953
-0.395451 -6.10982
-0.387457 -6.10984
-0.379463 -6.11005
-0.375465 -6.10989
-0.371468 -6.10973
-0.363474 -6.11001
-0.355481 -6.11015
-0.347486 -6.10989
-0.339491 -6.10979
-0.331498 -6.11002
-0.3275 -6.10977
-0.323502 -6.10953
-0.319506 -6.10989
-0.31551 -6.11026
-0.311512 -6.11003
-0.307514 -6.10979
-0.29952 -6.10993
-0.291525 -6.10974
-0.287529 -6.10998
-0.283533 -6.11021
-0.275539 -6.11023
-0.271541 -6.10997
-0.267543 -6.10972
-0.263547 -6.11003
-0.259551 -6.11034
-0.251556 -6.11023
-0.243561 -6.10997
-0.235567 -6.1102
-0.227574 -6.11046
-0.21958 -6.11044
-0.211585 -6.11021
-0.20359 -6.11016
-0.195597 -6.11042
-0.191599 -6.11027
-0.187602 -6.11012
-0.179608 -6.11036
-0.171615 -6.11049
-0.167617 -6.11033
-0.163619 -6.11018
-0.159623 -6.11045
-0.155627 -6.11072
-0.147633 -6.11087
-0.143635 -6.11056
-0.139637 -6.11024
-0.131642 -6.11019
-0.123649 -6.11042
-0.119653 -6.11062
-0.115656 -6.11081
-0.111658 -6.11055
-0.10766 -6.11029
-0.0996665 -6.11046
-0.0916726 -6.11056
-0.0836789 -6.11071
-0.0756849 -6.11078
-0.0676904 -6.11071
-0.0596965 -6.11078
-0.0517016 -6.1106
-0.0437077 -6.11069
-0.0357132 -6.11061
-0.027719 -6.11062
-0.019725 -6.11069
-0.0117314 -6.11086
-0.00773523 -6.11113
-0.00373908 -6.11139
0.00425496 -6.11144
0.00825269 -6.11127
0.0122504 -6.1111
0.0202451 -6.11098
0.0242412 -6.11126
0.0282373 -6.11153
0.0362323 -6.11133
0.044227 -6.11119
0.0522222 -6.11094
0.0602165 -6.1109
0.064213 -6.11109
0.0682094 -6.11129
0.0762028 -6.11151
0.0841962 -6.11173
0.0881943 -6.11146
0.0921924 -6.1112
0.0961884 -6.11149
0.100184 -6.11179
0.104182 -6.11164
0.10818 -6.11149
0.116174 -6.11144
0.124168 -6.1116
0.132162 -6.11168
0.140155 -6.11189
0.144153 -6.11163
0.148151 -6.11137
0.152148 -6.11163
0.156144 -6.1119
0.164138 -6.11176
0.172133 -6.11163
0.176131 -6.11148
0.180128 -6.11133
0.188122 -6.11144
0.192119 -6.11165
0.196115 -6.11187
0.204108 -6.11217
0.212103 -6.11196
0.220096 -6.11218
0.224094 -6.11203
0.228092 -6.11187
0.236087 -6.1116
0.240084 -6.11178
0.24408 -6.11196
0.252074 -6.11203
0.25607 -6.11222
0.260067 -6.11241
0.264065 -6.11215
0.268063 -6.1119
0.276057 -6.11207
0.284051 -6.1119
0.288048 -6.11214
0.292044 -6.11238
0.300038 -6.11249
0.304036 -6.11217
0.308034 -6.11185
0.31203 -6.11208
0.316027 -6.11232
0.32402 -6.11261
0.328018 -6.11243
0.332015 -6.11224
0.340009 -6.11233
0.348003 -6.11239
0.352001 -6.11219
0.355999 -6.112
0.359995 -6.11236
0.363991 -6.11272
0.367989 -6.11241
0.371987 -6.11209
0.375983 -6.11238
0.379979 -6.11267
0.387974 -6.11258
0.395967 -6.11289
0.399965 -6.11252
0.403964 -6.11216
0.411958 -6.11226
0.419951 -6.11248
0.427946 -6.11223
0.43594 -6.11247
0.439936 -6.11273
0.443932 -6.11299
0.44793 -6.11271
0.451928 -6.11243
0.459922 -6.1125
0.467915 -6.1128
0.471913 -6.11265
0.475911 -6.11251
0.483904 -6.11279
0.491898 -6.11271
0.499893 -6.11259
0.507886 -6.11284
0.51588 -6.11293
0.523874 -6.11297
0.527871 -6.11314
0.531867 -6.11331
0.535866 -6.11301
0.539864 -6.11271
0.54386 -6.11294
0.547856 -6.11317
0.555851 -6.11315
0.563846 -6.11296
0.571839 -6.11319
0.579833 -6.11324
0.583831 -6.11306
0.587829 -6.11287
0.595822 -6.11309
0.603816 -6.11328
0.61181 -6.11314
0.615807 -6.11333
0.619803 -6.11351
0.627797 -6.11365
0.635791 -6.11363
0.639789 -6.11344
0.643787 -6.11325
0.651781 -6.11318
0.659775 -6.11333
0.663771 -6.1135
0.667768 -6.11367
0.675763 -6.11353
0.683756 -6.11372
0.69175 -6.11393
0.695748 -6.11373
0.699745 -6.11353
0.703742 -6.11377
0.707738 -6.114
0.711736 -6.11369
0.715734 -6.11338
0.723729 -6.11329
0.731722 -6.11362
0.739717 -6.11353
0.74771 -6.11365
0.755704 -6.11383
0.763699 -6.1137
0.767695 -6.11389
0.771692 -6.11407
0.77569 -6.11382
0.779688 -6.11356
0.783684 -6.11383
0.78768 -6.11411
0.791678 -6.11388
0.795676 -6.11365
0.799672 -6.11395
0.803668 -6.11425
0.807666 -6.11393
0.811664 -6.11361
0.81566 -6.1139
0.819656 -6.11419
0.823654 -6.114
0.827652 -6.11382
0.835645 -6.11408
0.843639 -6.11426
0.851633 -6.11426
0.855631 -6.11404
0.859629 -6.11383
0.867623 -6.11394
0.871619 -6.11412
0.875616 -6.11431
0.879613 -6.11415
0.883611 -6.114
0.891605 -6.11409
0.895601 -6.1143
0.899598 -6.11451
0.9036 -6.11446
0.903624 -6.11496
0.903365 -6.11575
0.903933 -6.11641
0.904112 -6.11712
0.903878 -6.11798
0.90397 -6.11876
0.90491 -6.11916
0.905263 -6.11979
0.905175 -6.12071
0.905787 -6.1212
0.906269 -6.12176
0.906739 -6.12233
0.907269 -6.12284
0.907787 -6.12337
0.908493 -6.12366
0.912659 -6.12702
0.916825 -6.13038
0.917188 -6.13119
0.918167 -6.131
0.918671 -6.13163
0.919353 -6.13194
0.919937 -6.13255
0.920664 -6.1328
0.921407 -6.13293
0.927798 -6.1343
0.93419 -6.13567
0.940581 -6.13704
0.946973 -6.13841
0.953365 -6.13978
0.954007 -6.14006
0.954676 -6.14025
0.95536 -6.14041
0.956057 -6.14048
0.956723 -6.14014
0.957384 -6.13997
0.958203 -6.14057
0.958724 -6.13978
0.959374 -6.13956
0.963367 -6.13856
0.967359 -6.13755
0.967802 -6.13693
0.974123 -6.1348
0.980444 -6.13268
0.986764 -6.13055
0.993085 -6.12843
0.999406 -6.1263
0.999927 -6.12556
1.00069 -6.12543
1.00123 -6.12485
1.00206 -6.12476
1.00239 -6.12396
1.00338 -6.12398
1.00381 -6.12333
1.00459 -6.12301
1.00466 -6.12208
1.00496 -6.12139
1.00574 -6.121
1.00602 -6.1203
1.00663 -6.11974
1.00654 -6.1189
1.00659 -6.11814
1.00713 -6.11752
1.00704 -6.11674
1.00719 -6.11602
1.00726 -6.11529
1.00715 -6.11465
1.01152 -6.11445
1.01551 -6.11462
1.01951 -6.11479
1.02751 -6.11456
1.0355 -6.11475
1.04349 -6.11455
1.04749 -6.1148
1.05149 -6.11505
1.05948 -6.11491
1.06747 -6.11503
1.07547 -6.11508
1.07947 -6.11489
1.08346 -6.1147
1.09146 -6.11478
1.09545 -6.11506
1.09945 -6.11534
1.10744 -6.11537
1.11544 -6.11527
1.11944 -6.11507
1.12343 -6.11486
1.12743 -6.1152
1.13143 -6.11555
1.13542 -6.11527
1.13942 -6.11498
1.14342 -6.11517
1.14742 -6.11536
1.15541 -6.11516
1.1634 -6.11517
1.1714 -6.11542
1.17939 -6.11559
1.18739 -6.11538
1.19538 -6.1156
1.20337 -6.11579
1.20737 -6.1156
1.21137 -6.11541
1.21936 -6.11542
1.22336 -6.11562
1.22736 -6.11582
1.23535 -6.11562
1.24335 -6.11548
1.25134 -6.1155
1.25934 -6.11525
1.26733 -6.11557
1.27532 -6.11571
1.28332 -6.11556
1.29131 -6.11579
1.2993 -6.11596
1.3073 -6.11588
1.31529 -6.11572
1.31929 -6.11597
1.32329 -6.11621
1.33128 -6.11614
1.33528 -6.11586
1.33928 -6.11558
1.34327 -6.11579
1.34727 -6.116
1.35127 -6.11617
1.35526 -6.11634
1.36326 -6.11612
1.37125 -6.11586
1.37925 -6.11577
1.38324 -6.11604
1.38724 -6.11631
1.39124 -6.11617
1.39523 -6.11603
1.40323 -6.11635
1.41122 -6.1164
1.41922 -6.11655
1.42721 -6.11638
1.4352 -6.11645
1.4392 -6.11623
1.4432 -6.116
1.45119 -6.11605
1.45919 -6.11619
1.46318 -6.11637
1.46718 -6.11656
1.47118 -6.11641
1.47518 -6.11627
1.47917 -6.11649
1.48317 -6.11671
1.48717 -6.11654
1.49116 -6.11636
1.49516 -6.11653
1.49916 -6.1167
1.50315 -6.11645
1.50715 -6.1162
1.51115 -6.11653
1.51514 -6.11687
1.51914 -6.11654
1.52314 -6.11621
1.53113 -6.11652
1.53913 -6.11625
1.54712 -6.11643
1.55112 -6.11662
1.55512 -6.1168
1.56311 -6.11687
1.56711 -6.11669
1.57111 -6.11651
1.5751 -6.1167
1.5791 -6.11688
1.58709 -6.11666
1.59109 -6.11693
1.59509 -6.11721
1.60308 -6.11703
1.60708 -6.11688
1.61108 -6.11672
1.61907 -6.11668
1.62307 -6.11693
1.62706 -6.11718
1.63506 -6.11725
1.64305 -6.11726
1.65104 -6.11743
1.65904 -6.11741
1.66703 -6.11749
1.67503 -6.11745
1.67903 -6.11713
1.68302 -6.11681
1.69102 -6.117
1.69901 -6.11719
1.70301 -6.11737
1.707 -6.11755
1.715 -6.11748
1.72299 -6.11734
1.73099 -6.11723
1.73498 -6.11747
1.73898 -6.1177
1.74298 -6.11746
1.74698 -6.11723
1.75497 -6.1175
1.76296 -6.11736
1.76696 -6.11761
1.77096 -6.11785
1.77495 -6.11769
1.77895 -6.11752
1.78295 -6.11772
1.78694 -6.11791
1.79494 -6.11771
1.80293 -6.11757
1.81093 -6.11749
1.81493 -6.11771
1.81892 -6.11792
1.82692 -6.11797
1.83091 -6.11774
1.83491 -6.1175
1.83891 -6.11769
1.8429 -6.11788
1.8509 -6.11814
1.8549 -6.11782
1.85889 -6.1175
1.86289 -6.11782
1.86689 -6.11814
1.87488 -6.11806
1.88287 -6.11817
1.88687 -6.11788
1.89087 -6.11759
1.89886 -6.11767
1.90686 -6.11799
1.91485 -6.11776
1.91885 -6.11802
1.92285 -6.11827
1.92684 -6.11799
1.93084 -6.11771
1.93484 -6.11797
1.93883 -6.11823
1.94683 -6.11817
1.95482 -6.11791
1.96282 -6.11796
1.97081 -6.11789
1.97879 -6.11788
1.98384 -6.11824
1.98885 -6.11777
1.99379 -6.11682
1.99888 -6.11663
2.00359 -6.11475
2.00844 -6.11354
2.01314 -6.11175
2.01814 -6.11073
2.02541 -6.10751
2.03276 -6.10446
2.03999 -6.10115
2.04728 -6.09796
2.05454 -6.09472
2.06194 -6.0918
2.06928 -6.08873
2.07655 -6.0855
2.08391 -6.08248
2.09135 -6.07967
2.09876 -6.07676
2.10592 -6.07329
2.11326 -6.07023
2.12075 -6.06752
2.12793 -6.06409
2.13526 -6.06099
2.14266 -6.05806
2.14991 -6.05479
2.15716 -6.05153
2.16451 -6.04849
2.17181 -6.04532
2.17918 -6.04234
2.18661 -6.03949
2.19373 -6.03592
2.20113 -6.03299
2.20848 -6.02994
2.216 -6.02732
2.22322 -6.02396
2.23042 -6.02057
2.23785 -6.01773
2.24508 -6.0144
2.25252 -6.01158
2.25995 -6.00873
2.26719 -6.00544
2.27463 -6.00262
2.28173 -5.99897
2.28907 -5.99593
2.29641 -5.99286
2.30379 -5.98989
2.3111 -5.98677
2.31846 -5.98376
2.32567 -5.98037
2.33306 -5.97744
2.3404 -5.97437
2.34769 -5.97119
2.3551 -5.9683
2.36247 -5.9653
2.3699 -5.96245
2.37722 -5.95935
2.38444 -5.95601
2.39166 -5.95265
2.39906 -5.94973
2.40639 -5.94666
2.41386 -5.9439
2.42105 -5.94047
2.42835 -5.93733
2.43564 -5.93415
2.44309 -5.93136
2.45036 -5.92813
2.45773 -5.92513
2.46512 -5.92218
2.47224 -5.91861
2.47966 -5.91574
2.48694 -5.91253
2.49423 -5.90934
2.50155 -5.90624
2.50892 -5.90326
2.5162 -5.90004
2.52364 -5.89723
2.53108 -5.89441
2.53828 -5.89101
2.54563 -5.88796
2.55289 -5.88472
2.56039 -5.88203
2.56756 -5.87858
2.57492 -5.87555
2.58219 -5.87232
2.58951 -5.86922
2.59703 -5.86659
2.60439 -5.86356
2.61153 -5.86003
2.61897 -5.85722
2.62632 -5.85418
2.63356 -5.85088
2.64095 -5.84793
2.64821 -5.84469
2.65552 -5.84155
2.66285 -5.83846
2.67039 -5.83589
2.67747 -5.83222
2.68158 -5.83079
2.68558 -5.82904
2.68915 -5.82656
2.69296 -5.82448
2.69666 -5.8222
2.69982 -5.8192
2.70322 -5.81651
2.70665 -5.81385
2.71258 -5.80848
2.71538 -5.80562
2.71817 -5.80275
2.72402 -5.79729
2.72702 -5.79465
2.73003 -5.79202
2.73287 -5.7892
2.73571 -5.78638
2.73883 -5.78385
2.74194 -5.78133
2.74785 -5.77594
2.75369 -5.77048
2.75657 -5.7677
2.75944 -5.76492
2.76538 -5.75956
2.76826 -5.75677
2.77113 -5.75399
2.77696 -5.74852
2.78284 -5.74309
2.78587 -5.74048
2.7889 -5.73786
2.79483 -5.73249
2.79766 -5.72967
2.8005 -5.72684
2.80358 -5.72429
2.80667 -5.72174
2.80942 -5.71883
2.81217 -5.71591
2.8152 -5.7133
2.81824 -5.71068
2.82407 -5.70521
2.82716 -5.70266
2.83025 -5.70012
2.83612 -5.69469
2.83891 -5.69181
2.8417 -5.68894
2.84476 -5.68636
2.84783 -5.68378
2.85066 -5.68096
2.8535 -5.67813
2.85652 -5.67551
2.85953 -5.67288
2.86232 -5.67001
2.86511 -5.66713
2.86825 -5.66463
2.87138 -5.66213
2.87727 -5.65672
2.88305 -5.65119
2.88589 -5.64837
2.88873 -5.64554
2.89182 -5.64299
2.89491 -5.64045
2.90078 -5.63502
2.90664 -5.62957
2.91247 -5.6241
2.91533 -5.6213
2.91819 -5.61851
2.92414 -5.61316
2.92697 -5.61032
2.92979 -5.60749
2.93282 -5.60487
2.93585 -5.60226
2.93871 -5.59946
2.94156 -5.59665
2.94445 -5.59388
2.94733 -5.59111
2.95047 -5.58861
2.9536 -5.58611
2.95944 -5.58064
2.96227 -5.57781
2.9651 -5.57498
2.96817 -5.57241
2.97123 -5.56984
2.974 -5.56694
2.97677 -5.56404
2.97978 -5.56141
2.98279 -5.55877
2.98565 -5.55597
2.98851 -5.55318
2.99437 -5.54773
3.00031 -5.54237
3.00626 -5.53703
3.01211 -5.53158
3.01806 -5.52623
3.02107 -5.52359
3.02407 -5.52095
3.02683 -5.51804
3.02959 -5.51513
3.03273 -5.51264
3.03587 -5.51015
3.04171 -5.50468
3.04768 -5.49935
3.05048 -5.49649
3.05327 -5.49362
3.05906 -5.4881
3.06193 -5.48531
3.06479 -5.48252
3.06797 -5.48006
3.07115 -5.47761
3.07396 -5.47476
3.07677 -5.47191
3.08261 -5.46645
3.08854 -5.46108
3.09137 -5.45824
3.09419 -5.4554
3.10009 -5.45
3.10601 -5.44463
3.10912 -5.4421
3.11224 -5.43958
3.11512 -5.4368
3.11799 -5.43402
3.12078 -5.43115
3.12357 -5.42827
3.1267 -5.42576
3.12983 -5.42325
3.13562 -5.41774
3.14148 -5.4123
3.1474 -5.40691
3.15327 -5.40148
3.15912 -5.39603
3.16497 -5.39057
3.17083 -5.38513
3.17365 -5.38229
3.17648 -5.37945
3.17961 -5.37696
3.18275 -5.37446
3.18859 -5.36899
3.19144 -5.36619
3.19429 -5.36338
3.20007 -5.35784
3.2032 -5.35534
3.20633 -5.35283
3.20919 -5.35004
3.21206 -5.34725
3.21795 -5.34184
3.22388 -5.33647
3.22661 -5.33354
3.22934 -5.3306
3.23249 -5.32812
3.23565 -5.32563
3.23847 -5.3228
3.2413 -5.31997
3.24414 -5.31715
3.24698 -5.31432
3.24999 -5.31169
3.253 -5.30906
3.25602 -5.30644
3.25905 -5.30382
3.26184 -5.30095
3.26464 -5.29808
3.26777 -5.29558
3.27091 -5.29308
3.27685 -5.28772
3.27967 -5.28489
3.2825 -5.28206
3.28552 -5.27943
3.28853 -5.2768
3.29433 -5.27128
3.30026 -5.26592
3.30614 -5.2605
3.31208 -5.25514
3.31488 -5.25228
3.31768 -5.24942
3.32079 -5.24689
3.32389 -5.24435
3.32677 -5.24157
3.32964 -5.23879
3.33239 -5.23586
3.33513 -5.23294
3.33828 -5.23046
3.34144 -5.22798
3.34416 -5.22504
3.34689 -5.22209
3.35283 -5.21674
3.35586 -5.21413
3.35889 -5.21152
3.3617 -5.20866
3.36451 -5.20581
3.36758 -5.20324
3.37065 -5.20067
3.37648 -5.19519
3.38232 -5.18973
3.3883 -5.18442
3.39421 -5.17903
3.39708 -5.17623
3.39994 -5.17344
3.40304 -5.1709
3.40614 -5.16837
3.4089 -5.16545
3.41165 -5.16254
3.41473 -5.15998
3.41781 -5.15743
3.42064 -5.15459
3.42346 -5.15175
3.42653 -5.14918
3.4296 -5.14661
3.43247 -5.14382
3.43533 -5.14103
3.44097 -5.13536
3.44432 -5.13278
3.447 -5.12953
3.44956 -5.1262
3.45276 -5.1234
3.45539 -5.11922
3.45826 -5.11523
3.46153 -5.1111
3.46254 -5.10933
3.46526 -5.10505
3.46777 -5.10067
3.47005 -5.09612
3.47273 -5.09176
3.47394 -5.08679
3.47591 -5.08211
3.47692 -5.07713
3.47832 -5.07227
3.47901 -5.06723
3.48014 -5.06225
3.48065 -5.05719
3.48021 -5.0521
3.48031 -5.04432
3.48076 -5.03654
3.48074 -5.02877
3.48023 -5.02099
3.48047 -5.01322
3.4801 -5.00544
3.48012 -4.99767
3.48038 -4.98989
3.4805 -4.98212
3.47996 -4.97434
3.48029 -4.96657
3.48031 -4.95879
3.48017 -4.95102
3.47992 -4.94324
3.47993 -4.93547
3.47945 -4.92769
3.47973 -4.91992
3.47953 -4.91214
3.4795 -4.90437
3.47962 -4.89659
3.47956 -4.88882
3.47974 -4.88516
3.48014 -4.8851
3.48084 -4.88481
3.48165 -4.8851
3.48247 -4.88525
3.48294 -4.8843
3.48375 -4.88436
3.48438 -4.88395
3.48515 -4.88382
3.48583 -4.88349
3.48657 -4.88322
3.48707 -4.88264
3.48749 -4.88199
3.48825 -4.88168
3.49148 -4.87782
3.49472 -4.87396
3.49516 -4.87343
3.49567 -4.87295
3.49637 -4.87257
3.49685 -4.87201
3.49676 -4.87118
3.49748 -4.87071
3.49741 -4.86993
3.49781 -4.86931
3.49795 -4.86861
3.49946 -4.8627
3.50098 -4.85679
3.5025 -4.85087
3.50401 -4.84496
3.50361 -4.84414
3.50387 -4.84347
3.5043 -4.84279
3.50388 -4.84206
3.50407 -4.84135
3.50396 -4.84063
3.50364 -4.83342
3.50333 -4.82621
3.50288 -4.82554
3.50341 -4.8247
3.50295 -4.82406
3.50257 -4.82342
3.50225 -4.82277
3.50205 -4.82208
3.50214 -4.82121
3.49875 -4.81516
3.49535 -4.80911
3.49196 -4.80306
3.48857 -4.79701
3.48778 -4.79662
3.48763 -4.79579
3.48698 -4.79534
3.4864 -4.79485
3.48579 -4.79442
3.48545 -4.79362
3.48448 -4.79371
3.48414 -4.79284
3.48352 -4.79237
3.48271 -4.79233
3.48199 -4.79213
3.48139 -4.79147
3.48055 -4.79177
3.4798 -4.79179
3.47912 -4.79098
3.47835 -4.79121
3.47761 -4.79152
3.47683 -4.79118
3.47616 -4.79173
3.47529 -4.79127
3.47509 -4.79136
3.47433 -4.78808
3.47273 -4.78312
3.47028 -4.77851
3.46808 -4.77378
3.46598 -4.76897
3.46266 -4.76492
3.46013 -4.76034
3.4565 -4.75658
3.45355 -4.75225
3.44973 -4.7487
3.44593 -4.74516
3.44315 -4.74227
3.44038 -4.73939
3.43724 -4.7369
3.43411 -4.73442
3.42836 -4.72887
3.42236 -4.72359
3.41643 -4.71824
3.41036 -4.71305
3.40427 -4.70787
3.39861 -4.70222
3.39261 -4.69696
3.38643 -4.69189
3.38049 -4.68655
3.37479 -4.68094
3.3689 -4.67554
3.3629 -4.67028
3.35686 -4.66504
3.35114 -4.65946
3.34511 -4.65423
3.33911 -4.64895
3.33299 -4.64381
3.33024 -4.6409
3.32749 -4.63799
3.32151 -4.63269
3.31835 -4.63023
3.3152 -4.62777
3.30926 -4.62242
3.30328 -4.61713
3.30049 -4.61426
3.29771 -4.61139
3.29153 -4.60631
3.28564 -4.60092
3.27992 -4.59533
3.27368 -4.59033
3.26767 -4.58507
3.26196 -4.57947
3.25582 -4.57436
3.25013 -4.56874
3.24698 -4.56627
3.24383 -4.5638
3.24108 -4.56089
3.23833 -4.55798
3.23248 -4.55254
3.22624 -4.54753
3.22031 -4.54218
3.21425 -4.53698
3.20847 -4.53146
3.2027 -4.52593
3.19663 -4.52074
3.19046 -4.51566
3.18768 -4.51278
3.1849 -4.50989
3.17895 -4.50457
3.17286 -4.4994
3.16693 -4.49405
3.16116 -4.48852
3.15492 -4.48351
3.14912 -4.47802
3.143 -4.47288
3.13702 -4.46759
3.13421 -4.46474
3.13141 -4.46189
3.12535 -4.45668
3.11917 -4.4516
3.1164 -4.44872
3.11363 -4.44583
3.11041 -4.44343
3.1072 -4.44103
3.10137 -4.43557
3.09567 -4.42996
3.08979 -4.42456
3.08664 -4.42209
3.0835 -4.41961
3.07778 -4.41402
3.07168 -4.40887
3.06889 -4.406
3.0661 -4.40313
3.0599 -4.39807
3.05415 -4.39253
3.04818 -4.38722
3.04234 -4.38177
3.03619 -4.37667
3.03006 -4.37154
3.02442 -4.36586
3.01828 -4.36075
3.01236 -4.35539
3.00649 -4.34998
3.00065 -4.34453
2.99748 -4.34208
2.99431 -4.33963
2.98843 -4.33423
2.98252 -4.32885
2.97664 -4.32345
2.97383 -4.3206
2.97103 -4.31774
2.96786 -4.3153
2.96468 -4.31286
2.959 -4.30724
2.95288 -4.30209
2.95008 -4.29924
2.94727 -4.29639
2.94411 -4.29393
2.94096 -4.29147
2.93508 -4.28605
2.92945 -4.28038
2.92628 -4.27793
2.92311 -4.27548
2.9171 -4.27022
2.91118 -4.26486
2.90843 -4.26194
2.90569 -4.25902
2.90249 -4.25661
2.89928 -4.2542
2.89342 -4.24877
2.88773 -4.24315
2.88151 -4.23813
2.87575 -4.23259
2.86959 -4.2275
2.86381 -4.22198
2.85785 -4.21666
2.85175 -4.21151
2.84899 -4.2086
2.84623 -4.2057
2.84309 -4.20322
2.83995 -4.20074
2.8341 -4.1953
2.82798 -4.19017
2.82221 -4.18463
2.8161 -4.17949
2.81036 -4.17393
2.8043 -4.16872
2.7986 -4.16312
2.79267 -4.15777
2.78648 -4.15271
2.78372 -4.14981
2.78095 -4.14691
2.77779 -4.14445
2.77464 -4.14199
2.76893 -4.13639
2.76306 -4.13097
2.75694 -4.12583
2.75105 -4.12044
2.7453 -4.11489
2.73911 -4.10983
2.73308 -4.10459
2.72699 -4.09943
2.72131 -4.09379
2.71521 -4.08863
2.70929 -4.08327
2.70337 -4.07791
2.6974 -4.07261
2.69133 -4.06741
2.68855 -4.06453
2.68576 -4.06166
2.67954 -4.05663
2.67674 -4.05377
2.67394 -4.05092
2.66802 -4.04556
2.66484 -4.04312
2.66167 -4.04068
2.65602 -4.03501
2.65288 -4.03253
2.64974 -4.03005
2.64409 -4.0244
2.63793 -4.0193
2.63514 -4.01643
2.63235 -4.01356
2.62638 -4.00826
2.62025 -4.00313
2.61412 -3.998
2.61134 -3.99512
2.60856 -3.99224
2.60234 -3.98721
2.59659 -3.98166
2.59083 -3.97613
2.58469 -3.97101
2.57847 -3.96599
2.57264 -3.96052
2.56661 -3.95528
2.56063 -3.94999
2.55781 -3.94715
2.555 -3.94431
2.54919 -3.93883
2.54603 -3.93636
2.54288 -3.93389
2.53698 -3.92851
2.53128 -3.92291
2.52815 -3.92041
2.52502 -3.91792
2.51912 -3.91254
2.51328 -3.90709
2.50756 -3.90151
2.50146 -3.89635
2.49543 -3.8911
2.48964 -3.88561
2.4838 -3.88015
2.47783 -3.87485
2.47191 -3.86949
2.46592 -3.8642
2.45991 -3.85895
2.45372 -3.85388
2.45095 -3.851
2.44817 -3.84811
2.44199 -3.84304
2.43604 -3.83771
2.43031 -3.83214
2.42717 -3.82966
2.42404 -3.82717
2.42127 -3.82428
2.4185 -3.82139
2.41239 -3.81623
2.40647 -3.81087
2.40049 -3.80558
2.39475 -3.80002
2.3885 -3.79503
2.38275 -3.78947
2.37682 -3.78413
2.37091 -3.77876
2.36471 -3.7737
2.35898 -3.76813
2.35287 -3.76299
2.34721 -3.75734
2.34114 -3.75214
2.33535 -3.74663
2.32925 -3.74147
2.32321 -3.73624
2.31726 -3.73092
2.31143 -3.72546
2.30528 -3.72035
2.29934 -3.71502
2.29368 -3.70937
2.29053 -3.70689
2.28739 -3.70442
2.28463 -3.70151
2.28188 -3.6986
2.27586 -3.69335
2.26978 -3.68817
2.26402 -3.68262
2.26086 -3.68018
2.25769 -3.67773
2.25492 -3.67484
2.25214 -3.67195
2.24893 -3.66955
2.24571 -3.66716
2.24006 -3.6615
2.23405 -3.65623
2.22811 -3.6509
2.22221 -3.64551
2.2164 -3.64003
2.21045 -3.6347
2.20452 -3.62936
2.19836 -3.62426
2.19259 -3.61873
2.18636 -3.61372
2.18065 -3.60813
2.17488 -3.60259
2.16885 -3.59735
2.16296 -3.59197
2.1568 -3.58687
2.15106 -3.58131
2.14503 -3.57607
2.13919 -3.57062
2.13606 -3.56813
2.13293 -3.56564
2.12697 -3.56032
2.12127 -3.55471
2.11502 -3.54972
2.11228 -3.5468
2.10953 -3.54388
2.10352 -3.53863
2.09748 -3.53339
2.09137 -3.52825
2.08564 -3.52268
2.07968 -3.51736
2.07364 -3.51213
2.06755 -3.50696
2.06189 -3.50131
2.05605 -3.49586
2.05015 -3.49048
2.04394 -3.48544
2.03792 -3.48019
2.03512 -3.47733
2.03231 -3.47448
2.02912 -3.47206
2.02592 -3.46964
2.02023 -3.46402
2.01451 -3.45845
2.00843 -3.45326
2.0053 -3.45077
2.00217 -3.44828
1.99649 -3.44265
1.99048 -3.43739
1.98447 -3.43213
1.98167 -3.42927
1.97887 -3.42641
1.97285 -3.42117
1.96968 -3.41871
1.96652 -3.41626
1.96086 -3.41061
1.95464 -3.40558
1.95185 -3.40271
1.94906 -3.39985
1.94285 -3.3948
1.93708 -3.38928
1.9311 -3.38398
1.92494 -3.37889
1.9193 -3.37322
1.91346 -3.36777
1.90744 -3.36252
1.90153 -3.35714
1.8955 -3.35191
1.88966 -3.34645
1.88364 -3.34121
1.87776 -3.33581
1.87461 -3.33333
1.87147 -3.33086
1.86869 -3.32798
1.86591 -3.32509
1.86275 -3.32264
1.85959 -3.32018
1.85363 -3.31486
1.85083 -3.312
1.84803 -3.30914
1.84203 -3.30387
1.83588 -3.29876
1.82997 -3.29339
1.82394 -3.28816
1.81795 -3.28288
1.81231 -3.2772
1.80618 -3.27207
1.80013 -3.26686
1.79448 -3.2612
1.78868 -3.2557
1.78281 -3.25029
1.7796 -3.24789
1.77639 -3.24548
1.77367 -3.24254
1.77094 -3.2396
1.76481 -3.23447
1.75898 -3.22901
1.75297 -3.22375
1.74692 -3.21854
1.74093 -3.21325
1.73504 -3.20786
1.72926 -3.20234
1.72608 -3.1999
1.72291 -3.19746
1.72014 -3.19456
1.71738 -3.19166
1.71419 -3.18923
1.71101 -3.18681
1.70507 -3.18147
1.70229 -3.17858
1.69951 -3.1757
1.6936 -3.17033
1.68772 -3.16493
1.68181 -3.15955
1.6786 -3.15715
1.67538 -3.15476
1.67266 -3.15181
1.66994 -3.14887
1.6668 -3.14638
1.66367 -3.1439
1.65773 -3.13856
1.65161 -3.13342
1.6488 -3.13058
1.64598 -3.12773
1.64 -3.12244
1.63425 -3.11689
1.62831 -3.11156
1.62216 -3.10645
1.61636 -3.10095
1.61339 -3.09847
1.61331 -3.09852
1.61283 -3.0991
1.61202 -3.09933
1.61182 -3.10023
1.61122 -3.1007
1.61053 -3.10104
1.60969 -3.10111
1.609 -3.10136
1.60826 -3.10149
1.60774 -3.10222
1.60693 -3.1021
1.60619 -3.10217
1.60546 -3.10223
1.60478 -3.10285
1.60401 -3.10245
1.60325 -3.10295
1.60252 -3.10258
1.60179 -3.1024
1.59712 -3.10126
1.59246 -3.10012
1.59168 -3.10026
1.59108 -3.09972
1.59038 -3.09959
1.58967 -3.09941
1.58906 -3.09902
1.58833 -3.09883
1.58284 -3.09532
1.57734 -3.09181
1.57184 -3.0883
1.56634 -3.08479
1.56084 -3.08128
1.56033 -3.08097
1.55969 -3.08085
1.55445 -3.07678
1.554 -3.07614
1.5532 -3.07592
1.55303 -3.07503
1.55258 -3.07445
1.55159 -3.07426
1.55114 -3.07363
1.54782 -3.06752
1.54451 -3.0614
1.5412 -3.05529
1.53789 -3.04918
1.53458 -3.04307
1.5344 -3.04231
1.53382 -3.04178
1.53356 -3.04107
1.53363 -3.04027
1.53279 -3.03972
1.5331 -3.03889
1.53279 -3.03817
1.53282 -3.03741
1.5326 -3.03666
1.53328 -3.03594
1.53295 -3.03516
1.53293 -3.03438
1.53308 -3.03363
1.53335 -3.03291
1.53371 -3.03223
1.53414 -3.03158
1.53467 -3.03101
1.53504 -3.03036
1.53514 -3.0295
1.53578 -3.02904
1.53588 -3.0289
