-1.35812 -2.68661
-1.36111 -2.68923
-1.36679 -2.69485
-1.36993 -2.69734
-1.37306 -2.69982
-1.37889 -2.70528
-1.38461 -2.71086
-1.3904 -2.71637
-1.39354 -2.71884
-1.39669 -2.72132
-1.40236 -2.72695
-1.40843 -2.73215
-1.41448 -2.73736
-1.42015 -2.74299
-1.42591 -2.74854
-1.4321 -2.7536
-1.43788 -2.75911
-1.44387 -2.76439
-1.44987 -2.76966
-1.45557 -2.77526
-1.46177 -2.78032
-1.46749 -2.78589
-1.47346 -2.7912
-1.47946 -2.79647
-1.48507 -2.80217
-1.48821 -2.80465
-1.49134 -2.80714
-1.49701 -2.81278
-1.50293 -2.81814
-1.50605 -2.82064
-1.50917 -2.82314
-1.51494 -2.82867
-1.52081 -2.83408
-1.52662 -2.83957
-1.53262 -2.84483
-1.53828 -2.85048
-1.54421 -2.85583
-1.55037 -2.86092
-1.55625 -2.86633
-1.5619 -2.87198
-1.56805 -2.87708
-1.57418 -2.88222
-1.5801 -2.88757
-1.58594 -2.89302
-1.59173 -2.89852
-1.59783 -2.90369
-1.60384 -2.90895
-1.60654 -2.91191
-1.60925 -2.91487
-1.6124 -2.91734
-1.61554 -2.91982
-1.61831 -2.92271
-1.62108 -2.92559
-1.62732 -2.93061
-1.63301 -2.93621
-1.6391 -2.94139
-1.64514 -2.94661
-1.64791 -2.9495
-1.65069 -2.95238
-1.65671 -2.95763
-1.66276 -2.96284
-1.66858 -2.96832
-1.6748 -2.97334
-1.67756 -2.97625
-1.68031 -2.97915
-1.68653 -2.98418
-1.69231 -2.9897
-1.69811 -2.99519
-1.70429 -3.00027
-1.71025 -3.00558
-1.71302 -3.00847
-1.71579 -3.01136
-1.71893 -3.01384
-1.72207 -3.01632
-1.72804 -3.02162
-1.73081 -3.02451
-1.73358 -3.0274
-1.7397 -3.03254
-1.74563 -3.03789
-1.75138 -3.04344
-1.75734 -3.04874
-1.76337 -3.05399
-1.76951 -3.0591
-1.77221 -3.06207
-1.77492 -3.06503
-1.7781 -3.06746
-1.78129 -3.06989
-1.78689 -3.0756
-1.79283 -3.08093
-1.79887 -3.08616
-1.80471 -3.0916
-1.81048 -3.09713
-1.81634 -3.10256
-1.82232 -3.10785
-1.8283 -3.11314
-1.83446 -3.11824
-1.84011 -3.1239
-1.84596 -3.12934
-1.85195 -3.13462
-1.85803 -3.1398
-1.86397 -3.14514
-1.86996 -3.15042
-1.8759 -3.15576
-1.88187 -3.16106
-1.88767 -3.16655
-1.89346 -3.17206
-1.89965 -3.17711
-1.90536 -3.18271
-1.91101 -3.18836
-1.91707 -3.19356
-1.92314 -3.19877
-1.92914 -3.20404
-1.93474 -3.20975
-1.94073 -3.21502
-1.94676 -3.22026
-1.95268 -3.22563
-1.95881 -3.23075
-1.96464 -3.23621
-1.97026 -3.2419
-1.97638 -3.24704
-1.98226 -3.25244
-1.98819 -3.25779
-1.99401 -3.26326
-1.99978 -3.26879
-2.00585 -3.27398
-2.01187 -3.27923
-2.01756 -3.28484
-2.02343 -3.29026
-2.02661 -3.29269
-2.02979 -3.29512
-2.03573 -3.30046
-2.0415 -3.30599
-2.04719 -3.3116
-2.053 -3.31708
-2.05615 -3.31956
-2.05929 -3.32203
-2.06208 -3.3249
-2.06487 -3.32777
-2.07085 -3.33306
-2.07402 -3.33551
-2.07718 -3.33797
-2.083 -3.34344
-2.08578 -3.34632
-2.08856 -3.34919
-2.09442 -3.35462
-2.10041 -3.3599
-2.10354 -3.36239
-2.10668 -3.36487
-2.11232 -3.37055
-2.11848 -3.37563
-2.12435 -3.38106
-2.13043 -3.38623
-2.13624 -3.39172
-2.14227 -3.39695
-2.14808 -3.40243
-2.15407 -3.40772
-2.15679 -3.41066
-2.1595 -3.41361
-2.16541 -3.41899
-2.16857 -3.42145
-2.17173 -3.42391
-2.17767 -3.42924
-2.18344 -3.43476
-2.18942 -3.44005
-2.19546 -3.44528
-2.20128 -3.45076
-2.20733 -3.45597
-2.21318 -3.46141
-2.21895 -3.46693
-2.22472 -3.47246
-2.2309 -3.47752
-2.23691 -3.48278
-2.23971 -3.48565
-2.2425 -3.48851
-2.24868 -3.49358
-2.25438 -3.49918
-2.26043 -3.5044
-2.26652 -3.50957
-2.27231 -3.51508
-2.27825 -3.52041
-2.28393 -3.52603
-2.28985 -3.5314
-2.29561 -3.53693
-2.30181 -3.54199
-2.30763 -3.54745
-2.31352 -3.55284
-2.31941 -3.55823
-2.32537 -3.56355
-2.33161 -3.56856
-2.33739 -3.57406
-2.3432 -3.57956
-2.34915 -3.58488
-2.35521 -3.59008
-2.36107 -3.5955
-2.36671 -3.60118
-2.3726 -3.60657
-2.37575 -3.60904
-2.3789 -3.61151
-2.38163 -3.61444
-2.38436 -3.61738
-2.39045 -3.62254
-2.39669 -3.62755
-2.40236 -3.63318
-2.40829 -3.63854
-2.414 -3.64412
-2.41997 -3.64943
-2.42597 -3.6547
-2.43219 -3.65973
-2.43497 -3.6626
-2.43775 -3.66548
-2.44372 -3.67079
-2.44942 -3.67639
-2.45538 -3.6817
-2.46144 -3.68691
-2.46754 -3.69207
-2.47355 -3.69733
-2.47628 -3.70026
-2.47901 -3.70319
-2.48217 -3.70565
-2.48533 -3.70811
-2.49134 -3.71338
-2.49411 -3.71626
-2.49689 -3.71915
-2.50273 -3.72459
-2.50886 -3.72972
-2.51486 -3.73499
-2.52053 -3.74063
-2.52648 -3.74595
-2.53269 -3.75099
-2.53847 -3.7565
-2.54435 -3.76191
-2.55042 -3.7671
-2.55637 -3.77243
-2.56199 -3.77811
-2.56821 -3.78315
-2.57094 -3.78607
-2.57368 -3.789
-2.57966 -3.79429
-2.5856 -3.79963
-2.59173 -3.80476
-2.5978 -3.80995
-2.60371 -3.81533
-2.6096 -3.82072
-2.61522 -3.82641
-2.62135 -3.83153
-2.62713 -3.83705
-2.63307 -3.84238
-2.63915 -3.84757
-2.64191 -3.85047
-2.64466 -3.85337
-2.64779 -3.85587
-2.65092 -3.85836
-2.65685 -3.86371
-2.66267 -3.86917
-2.66844 -3.8747
-2.67158 -3.87719
-2.67471 -3.87967
-2.68066 -3.885
-2.68641 -3.89055
-2.69223 -3.89602
-2.69811 -3.90142
-2.70433 -3.90645
-2.71019 -3.91187
-2.71586 -3.91751
-2.72171 -3.92295
-2.72758 -3.92836
-2.73376 -3.93343
-2.73948 -3.93901
-2.74537 -3.9444
-2.75146 -3.94958
-2.75731 -3.95501
-2.76318 -3.96042
-2.76909 -3.9658
-2.77516 -3.97099
-2.78076 -3.97671
-2.7868 -3.98194
-2.79278 -3.98722
-2.79875 -3.99253
-2.80473 -3.99782
-2.8106 -4.00323
-2.81662 -4.00849
-2.82234 -4.01407
-2.82836 -4.01931
-2.83404 -4.02494
-2.84013 -4.0301
-2.84615 -4.03535
-2.85197 -4.04083
-2.85811 -4.04594
-2.8639 -4.05145
-2.86968 -4.05696
-2.87555 -4.06238
-2.8815 -4.06771
-2.88758 -4.07289
-2.89367 -4.07805
-2.89956 -4.08345
-2.90235 -4.08632
-2.90514 -4.08918
-2.91118 -4.09441
-2.91714 -4.09973
-2.92307 -4.10507
-2.92876 -4.11069
-2.93191 -4.11315
-2.93506 -4.11562
-2.94097 -4.121
-2.94676 -4.1265
-2.95262 -4.13192
-2.9583 -4.13755
-2.96453 -4.14256
-2.97013 -4.14828
-2.97333 -4.1507
-2.97652 -4.15312
-2.97923 -4.15607
-2.98194 -4.15903
-2.98799 -4.16424
-2.99113 -4.16673
-2.99426 -4.16922
-2.99704 -4.17209
-2.99983 -4.17496
-3.00606 -4.17997
-3.00885 -4.18285
-3.01164 -4.18572
-3.01782 -4.19079
-3.0235 -4.19641
-3.02944 -4.20174
-3.03522 -4.20726
-3.04112 -4.21264
-3.04718 -4.21785
-3.05317 -4.22312
-3.05901 -4.22858
-3.0648 -4.23408
-3.07098 -4.23915
-3.07685 -4.24456
-3.08297 -4.2497
-3.08865 -4.25533
-3.09446 -4.26081
-3.10041 -4.26613
-3.10618 -4.27166
-3.1094 -4.27405
-3.11262 -4.27645
-3.11822 -4.28216
-3.12429 -4.28735
-3.13033 -4.29257
-3.13626 -4.29792
-3.14202 -4.30346
-3.14481 -4.30633
-3.1476 -4.3092
-3.15374 -4.31432
-3.15968 -4.31965
-3.16556 -4.32505
-3.17164 -4.33023
-3.17756 -4.33559
-3.18345 -4.34099
-3.18624 -4.34385
-3.18904 -4.34671
-3.19512 -4.35189
-3.20103 -4.35726
-3.20694 -4.36263
-3.21301 -4.36783
-3.21867 -4.37347
-3.22482 -4.37858
-3.23081 -4.38386
-3.23673 -4.38922
-3.2395 -4.3921
-3.24228 -4.39499
-3.24842 -4.4001
-3.25419 -4.40563
-3.26039 -4.41068
-3.2662 -4.41616
-3.27188 -4.42178
-3.27798 -4.42695
-3.28407 -4.43211
-3.28991 -4.43756
-3.29564 -4.44313
-3.30172 -4.44831
-3.30784 -4.45345
-3.31355 -4.45905
-3.31956 -4.46431
-3.32234 -4.46718
-3.32512 -4.47006
-3.3313 -4.47513
-3.33742 -4.48027
-3.34326 -4.48572
-3.34924 -4.49101
-3.35514 -4.49639
-3.35789 -4.4993
-3.36064 -4.50221
-3.3668 -4.50731
-3.37261 -4.51279
-3.37845 -4.51823
-3.38469 -4.52325
-3.39057 -4.52864
-3.39335 -4.53152
-3.39613 -4.5344
-3.40218 -4.53962
-3.40819 -4.54488
-3.41393 -4.55044
-3.41981 -4.55584
-3.42603 -4.56087
-3.4321 -4.56606
-3.43799 -4.57145
-3.44073 -4.57438
-3.44347 -4.5773
-3.44662 -4.57977
-3.44977 -4.58224
-3.45255 -4.58511
-3.45534 -4.58799
-3.46155 -4.59303
-3.4673 -4.59857
-3.47326 -4.60389
-3.47911 -4.60932
-3.48493 -4.61478
-3.49117 -4.6198
-3.4971 -4.62515
-3.5027 -4.63085
-3.50862 -4.63621
-3.51473 -4.64137
-3.52048 -4.64691
-3.52627 -4.65241
-3.5323 -4.65766
-3.53544 -4.66014
-3.53857 -4.66262
-3.54131 -4.66555
-3.54404 -4.66848
-3.55027 -4.67349
-3.55604 -4.67902
-3.56211 -4.68422
-3.56792 -4.6897
-3.57412 -4.69475
-3.5769 -4.69763
-3.57967 -4.70051
-3.58571 -4.70575
-3.59174 -4.71098
-3.59745 -4.71657
-3.60363 -4.72165
-3.60948 -4.72708
-3.61225 -4.72997
-3.61503 -4.73285
-3.61817 -4.73532
-3.62132 -4.7378
-3.62717 -4.74324
-3.63277 -4.74895
-3.6387 -4.7543
-3.64191 -4.7567
-3.64512 -4.7591
-3.64784 -4.76205
-3.65055 -4.765
-3.65653 -4.77029
-3.66235 -4.77576
-3.66837 -4.78101
-3.67149 -4.78353
-3.6746 -4.78604
-3.67815 -4.78983
-3.68172 -4.79359
-3.68493 -4.79767
-3.6885 -4.80149
-3.69132 -4.80584
-3.6941 -4.81025
-3.69598 -4.81511
-3.69839 -4.81968
-3.70018 -4.82455
-3.70247 -4.82924
-3.7035 -4.83433
-3.70479 -4.83933
-3.70556 -4.84446
-3.70637 -4.84955
-3.70673 -4.85472
-3.70709 -4.85989
-3.70708 -4.86776
-3.70716 -4.87563
-3.70731 -4.8835
-3.70721 -4.89137
-3.70738 -4.89924
-3.70754 -4.90711
-3.70724 -4.91499
-3.70766 -4.92286
-3.70797 -4.93073
-3.7076 -4.9386
-3.70753 -4.94647
-3.70772 -4.95434
-3.70802 -4.96221
-3.70791 -4.97008
-3.70792 -4.97795
-3.70793 -4.98582
-3.70747 -4.9937
-3.70778 -5.00157
-3.70829 -5.00944
-3.70815 -5.01731
-3.70787 -5.02518
-3.70832 -5.03305
-3.70801 -5.04092
-3.70795 -5.04879
-3.7077 -5.05667
-3.70849 -5.06453
-3.70789 -5.07241
-3.70783 -5.08028
-3.70825 -5.08815
-3.70821 -5.09602
-3.70827 -5.10389
-3.70809 -5.11176
-3.70811 -5.11963
-3.70873 -5.1275
-3.70847 -5.13538
-3.70809 -5.1406
-3.70755 -5.14577
-3.70724 -5.15102
-3.70615 -5.15613
-3.70525 -5.1613
-3.70332 -5.16617
-3.70157 -5.1711
-3.70022 -5.17622
-3.69728 -5.1806
-3.69537 -5.18552
-3.69246 -5.18986
-3.68956 -5.19422
-3.68604 -5.1981
-3.68279 -5.20216
-3.67913 -5.2059
-3.67572 -5.2099
-3.66962 -5.21507
-3.6636 -5.22033
-3.6578 -5.22583
-3.65186 -5.23118
-3.64612 -5.23676
-3.6404 -5.24234
-3.63718 -5.24475
-3.63397 -5.24715
-3.62814 -5.25262
-3.62538 -5.25552
-3.62261 -5.25843
-3.61667 -5.26377
-3.61073 -5.26912
-3.60761 -5.27163
-3.60449 -5.27414
-3.59874 -5.27969
-3.59566 -5.28224
-3.59257 -5.28479
-3.58687 -5.2904
-3.58378 -5.29295
-3.5807 -5.29549
-3.5779 -5.29836
-3.57511 -5.30123
-3.569 -5.30639
-3.56617 -5.30922
-3.56335 -5.31206
-3.5602 -5.31453
-3.55705 -5.31701
-3.55125 -5.32251
-3.54546 -5.32803
-3.53954 -5.3334
-3.53374 -5.3389
-3.52795 -5.34442
-3.52195 -5.34969
-3.51603 -5.35506
-3.5101 -5.36043
-3.50408 -5.36568
-3.50097 -5.36821
-3.49787 -5.37074
-3.49195 -5.37611
-3.48914 -5.37896
-3.48632 -5.38181
-3.48058 -5.38737
-3.47471 -5.39279
-3.46869 -5.39806
-3.46266 -5.4033
-3.45653 -5.40844
-3.45052 -5.41372
-3.44771 -5.41657
-3.44491 -5.41942
-3.43914 -5.42497
-3.43607 -5.42752
-3.43299 -5.43008
-3.42686 -5.43522
-3.42116 -5.44083
-3.41544 -5.44643
-3.40953 -5.45181
-3.40348 -5.45703
-3.39757 -5.46241
-3.39174 -5.46788
-3.38576 -5.47318
-3.37963 -5.47833
-3.37392 -5.48393
-3.37085 -5.48649
-3.36777 -5.48905
-3.36496 -5.49189
-3.36214 -5.49473
-3.35607 -5.49995
-3.35031 -5.50549
-3.34442 -5.51089
-3.33839 -5.51614
-3.33554 -5.51895
-3.3327 -5.52176
-3.32961 -5.5243
-3.32652 -5.52684
-3.32068 -5.53231
-3.31493 -5.53786
-3.30879 -5.543
-3.30298 -5.54849
-3.29698 -5.55377
-3.29112 -5.5592
-3.28514 -5.5645
-3.27925 -5.56991
-3.2732 -5.57513
-3.26743 -5.58068
-3.26166 -5.58621
-3.25857 -5.58875
-3.25548 -5.5913
-3.2497 -5.59682
-3.24356 -5.60195
-3.23773 -5.60741
-3.23195 -5.61294
-3.22613 -5.61842
-3.22013 -5.62371
-3.21699 -5.62619
-3.21384 -5.62867
-3.21106 -5.63155
-3.20828 -5.63444
-3.20214 -5.63957
-3.19932 -5.64241
-3.1965 -5.64525
-3.19063 -5.65066
-3.18476 -5.65609
-3.1816 -5.65856
-3.17844 -5.66102
-3.17245 -5.66631
-3.16963 -5.66916
-3.16681 -5.672
-3.16101 -5.6775
-3.15787 -5.67998
-3.15472 -5.68246
-3.15194 -5.68535
-3.14916 -5.68823
-3.146 -5.6907
-3.14285 -5.69317
-3.14002 -5.696
-3.13719 -5.69883
-3.1341 -5.70137
-3.13101 -5.70391
-3.12825 -5.70682
-3.1255 -5.70973
-3.11948 -5.715
-3.11362 -5.72043
-3.10771 -5.72581
-3.10186 -5.73126
-3.09594 -5.73664
-3.09286 -5.73918
-3.08977 -5.74172
-3.08696 -5.74458
-3.08415 -5.74743
-3.08095 -5.74985
-3.07775 -5.75227
-3.07195 -5.75777
-3.06913 -5.76062
-3.06632 -5.76346
-3.06321 -5.76598
-3.0601 -5.7685
-3.05734 -5.77141
-3.05459 -5.77433
-3.04859 -5.77961
-3.04266 -5.78497
-3.03656 -5.79014
-3.03061 -5.79548
-3.02457 -5.80071
-3.02177 -5.80358
-3.01897 -5.80644
-3.01283 -5.81157
-3.01002 -5.81442
-3.00721 -5.81727
-3.00122 -5.82255
-2.99813 -5.8251
-2.99505 -5.82765
-2.98929 -5.8332
-2.98317 -5.83835
-2.97738 -5.84386
-2.97402 -5.84642
-2.97079 -5.8491
-2.96748 -5.85173
-2.96409 -5.85426
-2.96034 -5.85621
-2.9569 -5.85876
-2.95281 -5.85999
-2.94915 -5.86215
-2.94521 -5.86366
-2.94108 -5.86462
-2.93367 -5.8675
-2.92604 -5.86973
-2.91856 -5.87242
-2.91106 -5.87501
-2.90334 -5.87697
-2.89577 -5.87937
-2.88835 -5.88224
-2.88079 -5.88467
-2.87331 -5.88736
-2.86563 -5.88941
-2.8581 -5.89195
-2.85049 -5.89422
-2.84293 -5.89665
-2.83557 -5.8997
-2.82783 -5.90157
-2.82027 -5.90401
-2.81288 -5.90698
-2.80529 -5.90932
-2.79774 -5.91178
-2.7901 -5.91396
-2.78268 -5.91683
-2.77499 -5.91885
-2.76752 -5.92157
-2.75997 -5.92403
-2.75234 -5.92624
-2.7449 -5.92906
-2.73743 -5.93175
-2.72988 -5.93424
-2.72211 -5.93602
-2.71478 -5.93915
-2.70717 -5.94145
-2.69949 -5.94351
-2.69194 -5.94597
-2.68438 -5.9484
-2.67682 -5.95083
-2.66938 -5.95365
-2.66188 -5.95624
-2.65425 -5.95848
-2.64673 -5.96104
-2.63905 -5.9631
-2.63157 -5.96577
-2.6241 -5.96848
-2.61658 -5.97105
-2.60891 -5.97315
-2.60134 -5.97555
-2.5939 -5.97835
-2.5862 -5.98033
-2.57886 -5.98344
-2.57113 -5.98536
-2.56358 -5.98783
-2.55604 -5.99031
-2.5485 -5.99283
-2.54097 -5.99536
-2.53337 -5.99764
-2.52589 -6.00034
-2.51839 -6.00296
-2.5107 -6.00497
-2.50332 -6.00796
-2.49567 -6.01012
-2.48825 -6.01299
-2.48072 -6.01552
-2.473 -6.01747
-2.46554 -6.02019
-2.45803 -6.02278
-2.45032 -6.02475
-2.44284 -6.02744
-2.43518 -6.02956
-2.42779 -6.03253
-2.42023 -6.03497
-2.41264 -6.0373
-2.4051 -6.03978
-2.39752 -6.04216
-2.39005 -6.04487
-2.38248 -6.04728
-2.37482 -6.04941
-2.36739 -6.05222
-2.35985 -6.05473
-2.3522 -6.05688
-2.34473 -6.0596
-2.3371 -6.06183
-2.32957 -6.06433
-2.32215 -6.06722
-2.31446 -6.06925
-2.30705 -6.07214
-2.29948 -6.07455
-2.29174 -6.07641
-2.28417 -6.07883
-2.27673 -6.08163
-2.26923 -6.08425
-2.2617 -6.08676
-2.25411 -6.0891
-2.24645 -6.09125
-2.2389 -6.09369
-2.23145 -6.09646
-2.22392 -6.09898
-2.21629 -6.10122
-2.20884 -6.10397
-2.20125 -6.10632
-2.19363 -6.10858
-2.1861 -6.1111
-2.17866 -6.11396
-2.1709 -6.11562
-2.16311 -6.11698
-2.15528 -6.11848
-2.14734 -6.1189
-2.13936 -6.11868
-2.13137 -6.11856
-2.12339 -6.11828
-2.1154 -6.11871
-2.11141 -6.11845
-2.10742 -6.1182
-2.09943 -6.11814
-2.09144 -6.11839
-2.08346 -6.11807
-2.07547 -6.11832
-2.06749 -6.11868
-2.0595 -6.1187
-2.05152 -6.11848
-2.04353 -6.11807
-2.03555 -6.11796
-2.02756 -6.11797
-2.02357 -6.1183
-2.01958 -6.11863
-2.01558 -6.11827
-2.01159 -6.11791
-2.00361 -6.11817
-1.99562 -6.11812
-1.98763 -6.1184
-1.98364 -6.11815
-1.97965 -6.1179
-1.97166 -6.11806
-1.96368 -6.1183
-1.95569 -6.11803
-1.94771 -6.11835
-1.93972 -6.118
-1.93174 -6.11775
-1.92375 -6.11786
-1.91577 -6.11777
-1.90778 -6.11783
-1.8998 -6.11824
-1.8958 -6.11794
-1.89181 -6.11765
-1.88383 -6.11783
-1.87584 -6.11761
-1.86786 -6.1177
-1.85987 -6.11764
-1.85188 -6.11777
-1.8439 -6.11804
-1.83591 -6.11824
-1.83192 -6.11787
-1.82793 -6.11751
-1.82394 -6.11776
-1.81994 -6.11802
-1.81196 -6.11808
-1.80397 -6.11815
-1.79599 -6.11782
-1.788 -6.11792
-1.78002 -6.11794
-1.77203 -6.11776
-1.76405 -6.11768
-1.75606 -6.11784
-1.75207 -6.11758
-1.74808 -6.11733
-1.74009 -6.11741
-1.7321 -6.11757
-1.72412 -6.11746
-1.71613 -6.11722
-1.71214 -6.11751
-1.70815 -6.11779
-1.70016 -6.11788
-1.69617 -6.11751
-1.69218 -6.11714
-1.68819 -6.11742
-1.68419 -6.11771
-1.67621 -6.11785
-1.66822 -6.11779
-1.66024 -6.11741
-1.65225 -6.11718
-1.64826 -6.11742
-1.64426 -6.11767
-1.63628 -6.11737
-1.6283 -6.11707
-1.62031 -6.11705
-1.61232 -6.11705
-1.60434 -6.11747
-1.59635 -6.1172
-1.58837 -6.11723
-1.58038 -6.11701
-1.5724 -6.11703
-1.56441 -6.11702
-1.55643 -6.11716
-1.54844 -6.11692
-1.54445 -6.11717
-1.54046 -6.11741
-1.53646 -6.11716
-1.53247 -6.1169
-1.52449 -6.1172
-1.5165 -6.11707
-1.50851 -6.11742
-1.50053 -6.11707
-1.49254 -6.11722
-1.48456 -6.11678
-1.47657 -6.11664
-1.47258 -6.11696
-1.46859 -6.11727
-1.4646 -6.11696
-1.4606 -6.11666
-1.45262 -6.1169
-1.44463 -6.11664
-1.44064 -6.11695
-1.43665 -6.11727
-1.43265 -6.11701
-1.42866 -6.11674
-1.42068 -6.11699
-1.41269 -6.11696
-1.40471 -6.11694
-1.39672 -6.11704
-1.38873 -6.11664
-1.38075 -6.11669
-1.37276 -6.11655
-1.36877 -6.11686
-1.36478 -6.11717
-1.35679 -6.11693
-1.34881 -6.11713
-1.34481 -6.11685
-1.34082 -6.11657
-1.33284 -6.11646
-1.32485 -6.1169
-1.31687 -6.11705
-1.31287 -6.11673
-1.30888 -6.1164
-1.3009 -6.1164
-1.29291 -6.11653
-1.28493 -6.11655
-1.27694 -6.1165
-1.26896 -6.11626
-1.26097 -6.11617
-1.25698 -6.11651
-1.25298 -6.11686
-1.245 -6.11658
-1.23701 -6.11645
-1.22903 -6.11619
-1.22104 -6.11624
-1.21306 -6.11617
-1.20507 -6.11656
-1.19709 -6.11662
-1.1891 -6.11645
-1.18112 -6.11644
-1.17313 -6.11612
-1.16914 -6.11641
-1.16514 -6.11669
-1.16115 -6.11634
-1.15716 -6.11599
-1.14917 -6.11603
-1.14119 -6.11604
-1.1332 -6.11625
-1.12522 -6.11611
-1.11723 -6.11647
-1.11324 -6.11618
-1.10925 -6.11589
-1.10126 -6.1162
-1.09328 -6.11611
-1.08529 -6.11617
-1.07731 -6.11628
-1.06932 -6.1165
-1.06133 -6.11625
-1.05335 -6.11627
-1.04537 -6.11589
-1.03738 -6.11572
-1.02939 -6.11619
-1.02141 -6.11591
-1.01342 -6.11631
-1.00544 -6.11623
-1.00145 -6.11598
-0.997453 -6.11573
-0.99346 -6.11596
-0.989467 -6.1162
-0.981482 -6.11589
-0.973496 -6.11618
-0.965511 -6.11614
-0.957526 -6.1157
-0.94954 -6.11608
-0.941555 -6.11594
-0.933571 -6.11545
-0.925585 -6.11551
-0.917599 -6.11569
-0.909615 -6.11537
-0.905621 -6.11566
-0.901628 -6.11595
-0.893644 -6.11545
-0.885658 -6.11564
-0.877672 -6.11585
-0.869687 -6.11565
-0.861702 -6.11542
-0.853716 -6.11561
-0.845731 -6.11549
-0.837745 -6.1158
-0.833753 -6.11551
-0.829761 -6.11523
-0.821776 -6.11526
-0.81379 -6.11552
-0.805804 -6.11575
-0.797819 -6.11556
-0.789833 -6.11564
-0.781847 -6.11584
-0.777856 -6.11548
-0.773864 -6.11511
-0.765878 -6.11532
-0.757892 -6.11531
-0.749906 -6.11558
-0.741922 -6.11523
-0.733936 -6.11559
-0.72595 -6.11555
-0.717965 -6.11555
-0.70998 -6.11525
-0.701995 -6.1153
-0.694009 -6.11567
-0.690017 -6.11533
-0.686025 -6.11498
-0.678039 -6.11508
-0.670053 -6.11518
-0.662067 -6.1155
-0.654083 -6.11522
-0.646097 -6.11547
-0.638112 -6.11513
-0.630126 -6.11532
-0.622141 -6.11503
-0.614156 -6.11524
-0.60617 -6.11524
-0.598185 -6.11506
-0.5902 -6.11482
-0.582215 -6.11476
-0.578222 -6.11504
-0.574228 -6.11533
-0.566244 -6.11485
-0.558259 -6.11472
-0.550274 -6.11478
-0.542288 -6.11485
-0.534302 -6.11514
-0.526317 -6.11487
-0.518331 -6.11511
-0.510346 -6.11495
-0.502361 -6.11492
-0.494377 -6.11448
-0.486391 -6.11467
-0.478406 -6.11455
-0.474412 -6.1148
-0.470419 -6.11506
-0.466427 -6.11472
-0.462435 -6.11439
-0.45445 -6.11452
-0.446464 -6.1144
-0.438479 -6.11458
-0.430492 -6.11504
-0.422508 -6.11462
-0.414523 -6.11439
-0.41053 -6.11467
-0.406536 -6.11495
-0.398552 -6.1145
-0.390567 -6.11438
-0.382582 -6.11424
-0.378588 -6.11459
-0.374595 -6.11494
-0.36661 -6.11484
-0.362617 -6.11458
-0.358625 -6.11432
-0.350639 -6.11471
-0.342654 -6.11457
-0.334669 -6.11424
-0.326684 -6.11427
-0.318699 -6.11408
-0.310714 -6.11402
-0.30672 -6.11437
-0.302727 -6.11472
-0.294742 -6.11427
-0.286757 -6.11421
-0.278771 -6.11461
-0.270786 -6.11452
-0.262801 -6.11441
-0.254815 -6.11447
-0.246829 -6.11463
-0.242837 -6.11435
-0.238845 -6.11406
-0.23086 -6.11413
-0.222874 -6.1141
-0.214888 -6.11432
-0.206903 -6.11447
-0.202911 -6.11422
-0.198918 -6.11396
-0.190933 -6.11413
-0.182947 -6.11427
-0.174962 -6.11388
-0.166976 -6.11417
-0.158991 -6.11434
-0.151006 -6.1139
-0.147013 -6.11415
-0.14302 -6.1144
-0.135035 -6.11431
-0.12705 -6.11395
-0.119065 -6.11381
-0.11108 -6.11359
-0.103094 -6.11385
-0.0951085 -6.11394
-0.0871227 -6.1141
-0.0791377 -6.11395
-0.0711521 -6.11402
-0.0631665 -6.11412
-0.055181 -6.11417
-0.0471956 -6.11417
-0.0392105 -6.11405
-0.0312259 -6.11372
-0.0232409 -6.11355
-0.0152552 -6.11366
-0.00726985 -6.11365
0.000715172 -6.11349
0.00870129 -6.11382
0.0166858 -6.11342
0.0246709 -6.11332
0.0326571 -6.11368
0.0406424 -6.11362
0.0486282 -6.1138
0.056614 -6.11398
0.0606058 -6.11359
0.0645976 -6.1132
0.068591 -6.11351
0.0725844 -6.11383
0.08057 -6.11392
0.0845619 -6.11356
0.0885538 -6.11321
0.0965393 -6.11328
0.104525 -6.11351
0.11251 -6.11322
0.120496 -6.11341
0.128481 -6.11343
0.136467 -6.11362
0.144452 -6.11356
0.148444 -6.11329
0.152436 -6.11302
0.15643 -6.11332
0.160423 -6.11362
0.168408 -6.11321
0.176392 -6.11296
0.184378 -6.11294
0.188371 -6.11322
0.192364 -6.1135
0.196356 -6.11319
0.200348 -6.11289
0.204342 -6.11323
0.208335 -6.11358
0.212328 -6.11332
0.21632 -6.11306
0.224306 -6.11344
0.232292 -6.11357
0.240277 -6.11342
0.248261 -6.11295
0.252254 -6.11323
0.256248 -6.1135
0.264232 -6.11327
0.272218 -6.11349
0.27621 -6.11317
0.280202 -6.11286
0.288189 -6.11332
0.296173 -6.11288
0.304158 -6.11265
0.308151 -6.11297
0.312145 -6.11328
0.32013 -6.11301
0.328115 -6.11303
0.3361 -6.11308
0.344086 -6.11308
0.35207 -6.11267
0.360057 -6.11312
0.364049 -6.11285
0.368041 -6.11258
0.376026 -6.11255
0.384013 -6.113
0.391998 -6.11283
0.399984 -6.11307
0.407968 -6.11263
0.415953 -6.11253
0.419946 -6.11279
0.42394 -6.11305
0.431925 -6.11288
0.43991 -6.11305
0.447895 -6.11271
0.45588 -6.11265
0.463866 -6.11276
0.471851 -6.11242
0.479837 -6.11283
0.487823 -6.11299
0.495808 -6.1129
0.4998 -6.1126
0.503792 -6.1123
0.507785 -6.11255
0.511778 -6.11281
0.519763 -6.11263
0.527748 -6.11232
0.535734 -6.11268
0.543719 -6.11256
0.551705 -6.11274
0.55969 -6.11268
0.567675 -6.1124
0.575661 -6.11263
0.583646 -6.11229
0.587639 -6.11252
0.591632 -6.11276
0.599617 -6.11245
0.607602 -6.11219
0.615588 -6.11248
0.61958 -6.11223
0.623572 -6.11198
0.627565 -6.11223
0.631558 -6.11248
0.639544 -6.11242
0.647529 -6.11239
0.655515 -6.11246
0.663499 -6.11199
0.671485 -6.11217
0.67947 -6.11236
0.687455 -6.11212
0.69544 -6.112
0.703426 -6.11227
0.711412 -6.11215
0.719397 -6.11199
0.727383 -6.11226
0.735368 -6.11233
0.743353 -6.11195
0.751339 -6.11233
0.759324 -6.11225
0.763316 -6.11194
0.767308 -6.11162
0.775294 -6.11168
0.783279 -6.11181
0.791264 -6.11162
0.79925 -6.11168
0.807236 -6.11189
0.815222 -6.11221
0.819214 -6.11192
0.823206 -6.11162
0.827199 -6.11188
0.831192 -6.11214
0.835184 -6.11179
0.839176 -6.11143
0.843169 -6.11168
0.847163 -6.11193
0.855147 -6.11152
0.85914 -6.11179
0.863134 -6.11205
0.871118 -6.11175
0.879104 -6.11174
0.887089 -6.11191
0.895075 -6.1118
0.903059 -6.11134
0.911045 -6.11152
0.919031 -6.1119
0.927015 -6.11144
0.935001 -6.11174
0.942986 -6.11123
0.946979 -6.11157
0.950973 -6.11191
0.958957 -6.11142
0.966942 -6.11127
0.974928 -6.11152
0.982913 -6.11159
0.990899 -6.1115
0.998884 -6.11164
1.00687 -6.11135
1.01485 -6.11159
1.01885 -6.11133
1.02284 -6.11106
1.03083 -6.11152
1.03881 -6.11161
1.0468 -6.11117
1.05079 -6.11145
1.05478 -6.11173
1.06277 -6.11172
1.07075 -6.11159
1.07874 -6.11112
1.08672 -6.11103
1.09471 -6.11144
1.10269 -6.11109
1.11068 -6.11127
1.11866 -6.11103
1.12665 -6.11144
1.13464 -6.11129
1.14262 -6.11092
1.14661 -6.11117
1.15061 -6.11142
1.1546 -6.11111
1.15859 -6.11081
1.16658 -6.1108
1.17456 -6.11109
1.18255 -6.11087
1.19053 -6.11094
1.19852 -6.11106
1.2065 -6.11115
1.21449 -6.11098
1.22247 -6.11099
1.23046 -6.11129
1.23445 -6.11102
1.23844 -6.11075
1.24244 -6.111
1.24643 -6.11125
1.25042 -6.11099
1.25441 -6.11074
1.2624 -6.11107
1.27039 -6.11059
1.27837 -6.11063
1.28636 -6.1107
1.29434 -6.11071
1.30233 -6.11104
1.31031 -6.1111
1.31431 -6.11075
1.3183 -6.1104
1.32229 -6.11066
1.32628 -6.11092
1.33427 -6.11044
1.34225 -6.1103
1.34625 -6.11054
1.35024 -6.11079
1.35822 -6.11048
1.36621 -6.1109
1.3742 -6.11093
1.38218 -6.11047
1.39017 -6.1106
1.39815 -6.11047
1.40614 -6.11016
1.41412 -6.11053
1.42211 -6.11055
1.43009 -6.11058
1.43808 -6.11083
1.44606 -6.1108
1.45405 -6.11069
1.46203 -6.11034
1.47002 -6.1101
1.47401 -6.11044
1.47801 -6.11078
1.482 -6.11049
1.48599 -6.11019
1.49398 -6.11061
1.50196 -6.1107
1.50595 -6.11038
1.50995 -6.11005
1.51793 -6.1101
1.52592 -6.11034
1.5339 -6.11042
1.54189 -6.11043
1.54987 -6.11027
1.55786 -6.10988
1.56584 -6.10992
1.57383 -6.11024
1.58181 -6.11016
1.5898 -6.11018
1.59779 -6.11026
1.60577 -6.11049
1.61376 -6.11001
1.62174 -6.11025
1.62973 -6.10991
1.63771 -6.10996
1.6457 -6.11007
1.65368 -6.11029
1.66167 -6.11021
1.66965 -6.11009
1.67764 -6.11034
1.68562 -6.11028
1.68962 -6.10989
1.69361 -6.1095
1.6976 -6.10985
1.7016 -6.1102
1.70559 -6.1099
1.70958 -6.1096
1.71756 -6.10972
1.72555 -6.10986
1.73354 -6.10966
1.74152 -6.1097
1.74951 -6.11
1.75749 -6.1101
1.76548 -6.11008
1.76947 -6.10972
1.77346 -6.10936
1.78145 -6.1098
1.78943 -6.10937
1.79343 -6.10966
1.79742 -6.10995
1.8054 -6.10967
1.81339 -6.10973
1.82137 -6.10942
1.82936 -6.10971
1.83734 -6.10926
1.84134 -6.10955
1.84533 -6.10984
1.85332 -6.10944
1.8613 -6.10928
1.86929 -6.10947
1.87727 -6.1092
1.88526 -6.1095
1.89324 -6.10937
1.90123 -6.10949
1.90921 -6.10976
1.9172 -6.10945
1.92518 -6.10961
1.93317 -6.1096
1.93716 -6.10934
1.94115 -6.10908
1.94515 -6.10936
1.94914 -6.10963
1.95713 -6.10941
1.96511 -6.10914
1.9731 -6.10941
1.98108 -6.10899
1.98907 -6.10895
1.99306 -6.10926
1.99705 -6.10957
2.00504 -6.10952
2.01302 -6.10954
2.02101 -6.10938
2.02899 -6.10909
2.03698 -6.10948
2.04496 -6.10944
2.04896 -6.10913
2.05295 -6.10883
2.06093 -6.10904
2.06892 -6.1093
2.07691 -6.10908
2.08147 -6.10896
2.08606 -6.10885
2.09055 -6.10807
2.09512 -6.10758
2.09945 -6.10608
2.10391 -6.10516
2.10819 -6.10356
2.11259 -6.10233
2.12009 -6.09962
2.12758 -6.09688
2.13494 -6.0938
2.14232 -6.09079
2.1497 -6.08776
2.15727 -6.08523
2.16463 -6.08215
2.17209 -6.07932
2.17964 -6.07674
2.18702 -6.07372
2.19445 -6.07083
2.20182 -6.06778
2.20932 -6.06507
2.21675 -6.06217
2.22415 -6.05919
2.23166 -6.05651
2.23918 -6.05386
2.24643 -6.05047
2.25388 -6.04764
2.2613 -6.04473
2.26894 -6.04237
2.2764 -6.03954
2.28383 -6.03666
2.2912 -6.03362
2.29875 -6.03103
2.30598 -6.02761
2.31346 -6.02485
2.32094 -6.02208
2.32853 -6.01961
2.33584 -6.01638
2.34335 -6.01371
2.35088 -6.01107
2.35448 -6.00933
2.35809 -6.00759
2.36563 -6.005
2.37315 -6.00232
2.38042 -5.99903
2.38788 -5.99621
2.39534 -5.99338
2.40294 -5.99094
2.41038 -5.98806
2.41763 -5.98471
2.42513 -5.98198
2.43267 -5.97938
2.44013 -5.97656
2.44738 -5.9732
2.45501 -5.97081
2.46232 -5.96761
2.46971 -5.96461
2.47713 -5.96171
2.4848 -5.95943
2.49226 -5.95661
2.49967 -5.95367
2.50693 -5.95032
2.51448 -5.94774
2.52193 -5.94488
2.52938 -5.94206
2.53692 -5.93945
2.54436 -5.93658
2.55164 -5.93328
2.5591 -5.93047
2.5665 -5.92749
2.57409 -5.92501
2.58131 -5.92159
2.58877 -5.91877
2.5963 -5.91613
2.60368 -5.9131
2.61109 -5.91015
2.61858 -5.90742
2.62601 -5.90452
2.63351 -5.90181
2.64093 -5.89889
2.64847 -5.89626
2.65584 -5.89323
2.66344 -5.89076
2.67075 -5.88755
2.67813 -5.88453
2.68563 -5.88181
2.69292 -5.87857
2.69677 -5.87747
2.70062 -5.87636
2.70783 -5.8729
2.71525 -5.86999
2.7191 -5.86889
2.72295 -5.86778
2.73016 -5.86433
2.73758 -5.8614
2.74503 -5.85856
2.75246 -5.85567
2.75997 -5.85296
2.76748 -5.8503
2.77496 -5.84753
2.78241 -5.84468
2.78973 -5.84149
2.79735 -5.8391
2.8048 -5.83624
2.81224 -5.83339
2.81952 -5.83009
2.82704 -5.82744
2.83453 -5.82471
2.84184 -5.8215
2.84924 -5.81851
2.8568 -5.81595
2.86426 -5.81314
2.87162 -5.81009
2.876 -5.80844
2.88024 -5.80646
2.88435 -5.80425
2.88845 -5.80198
2.89245 -5.79955
2.8961 -5.79661
2.89946 -5.79334
2.90353 -5.7909
2.90928 -5.78538
2.91529 -5.78014
2.9209 -5.77447
2.927 -5.76931
2.93248 -5.7635
2.93862 -5.7584
2.9445 -5.75302
2.95044 -5.7477
2.95599 -5.74196
2.962 -5.73672
2.96772 -5.73117
2.97397 -5.72619
2.97957 -5.7205
2.98535 -5.71501
2.99141 -5.70983
2.99709 -5.70423
3.00318 -5.69908
3.00895 -5.69357
3.01478 -5.68813
3.02101 -5.68314
3.02665 -5.6775
3.03274 -5.67234
3.0386 -5.66694
3.04419 -5.66123
3.05052 -5.65634
3.05607 -5.6506
3.06196 -5.64524
3.06764 -5.63964
3.07389 -5.63465
3.07977 -5.62928
3.08544 -5.62366
3.09156 -5.61854
3.09723 -5.61293
3.10299 -5.60742
3.10913 -5.60232
3.11487 -5.59679
3.12092 -5.59159
3.12672 -5.58613
3.13258 -5.58072
3.13822 -5.57507
3.14139 -5.57263
3.14456 -5.57019
3.1502 -5.56456
3.15627 -5.55938
3.16177 -5.55358
3.16758 -5.54813
3.1738 -5.54311
3.17951 -5.53755
3.18566 -5.53246
3.1915 -5.52703
3.19698 -5.52122
3.20327 -5.51628
3.20891 -5.51064
3.2147 -5.50516
3.22067 -5.49987
3.2265 -5.49444
3.23241 -5.48909
3.2384 -5.48383
3.24417 -5.47832
3.2501 -5.473
3.25618 -5.46783
3.26212 -5.46251
3.26759 -5.45668
3.27375 -5.45161
3.27931 -5.44588
3.28541 -5.44074
3.29113 -5.43518
3.29699 -5.42978
3.30286 -5.42439
3.30886 -5.41913
3.31484 -5.41387
3.3208 -5.40857
3.32635 -5.40283
3.33237 -5.3976
3.3385 -5.39249
3.34408 -5.38678
3.35005 -5.3815
3.35572 -5.37588
3.36185 -5.37078
3.36748 -5.36512
3.37065 -5.36268
3.37382 -5.36025
3.37925 -5.35436
3.38551 -5.3494
3.3915 -5.34414
3.39736 -5.33873
3.40302 -5.33311
3.40866 -5.32747
3.41455 -5.3221
3.42061 -5.31692
3.42649 -5.31154
3.43229 -5.30607
3.43807 -5.30058
3.44403 -5.29528
3.4503 -5.29032
3.45577 -5.28449
3.46162 -5.27908
3.46749 -5.27368
3.4733 -5.26823
3.47647 -5.26579
3.47964 -5.26335
3.48509 -5.25749
3.49115 -5.25231
3.49728 -5.2472
3.50302 -5.24167
3.50859 -5.23595
3.51461 -5.23072
3.52044 -5.22528
3.5267 -5.22032
3.53253 -5.21488
3.5383 -5.20938
3.54431 -5.20414
3.5498 -5.19833
3.55588 -5.19317
3.56152 -5.18752
3.56785 -5.18263
3.57335 -5.17684
3.57912 -5.17134
3.58506 -5.16602
3.59118 -5.1609
3.59674 -5.15517
3.59994 -5.15277
3.60315 -5.15036
3.60885 -5.14479
3.61439 -5.13903
3.62035 -5.13375
3.624 -5.13074
3.62686 -5.12699
3.6299 -5.12338
3.6334 -5.12012
3.63553 -5.11587
3.63832 -5.11208
3.64091 -5.10813
3.6429 -5.10385
3.64509 -5.09966
3.64642 -5.09512
3.64839 -5.0908
3.64945 -5.0862
3.65036 -5.08158
3.65179 -5.07704
3.65207 -5.07233
3.65265 -5.06765
3.65311 -5.06295
3.65288 -5.05823
3.65256 -5.05037
3.65241 -5.04251
3.65266 -5.03463
3.65203 -5.02678
3.65244 -5.0189
3.65226 -5.01104
3.65227 -5.00317
3.65185 -4.99531
3.65145 -4.98746
3.65182 -4.97958
3.65135 -4.97172
3.65148 -4.96385
3.65122 -4.95599
3.65044 -4.94814
3.65083 -4.94026
3.65032 -4.93241
3.65067 -4.92453
3.64998 -4.91668
3.64968 -4.90882
3.64969 -4.90095
3.64999 -4.89308
3.64994 -4.88521
3.64967 -4.87735
3.64917 -4.86949
3.6489 -4.86163
3.64903 -4.85376
3.64878 -4.8459
3.64831 -4.83804
3.64895 -4.83016
3.64822 -4.82231
3.6482 -4.81444
3.64835 -4.80657
3.64773 -4.79872
3.64753 -4.79085
3.64733 -4.78299
3.64743 -4.77512
3.64729 -4.76726
3.6471 -4.75939
3.64708 -4.75153
3.64681 -4.74366
3.6471 -4.73579
3.64623 -4.72796
3.64661 -4.72325
3.64592 -4.71861
3.64518 -4.71399
3.64436 -4.7094
3.64341 -4.70482
3.64234 -4.70025
3.64053 -4.69593
3.63922 -4.6914
3.6368 -4.68737
3.63464 -4.68326
3.6325 -4.67909
3.63027 -4.67497
3.6273 -4.67135
3.62487 -4.66731
3.62154 -4.66402
3.61881 -4.66015
3.61507 -4.6573
3.61176 -4.65399
3.60562 -4.64887
3.59942 -4.64382
3.59658 -4.64099
3.59375 -4.63815
3.58757 -4.63307
3.58134 -4.62806
3.57517 -4.62298
3.57235 -4.62011
3.56954 -4.61725
3.5634 -4.61213
3.56016 -4.60977
3.55692 -4.6074
3.554 -4.60467
3.55108 -4.60193
3.54518 -4.59654
3.53903 -4.59143
3.53587 -4.58896
3.53272 -4.5865
3.52658 -4.58138
3.52068 -4.57598
3.51775 -4.57326
3.51482 -4.57053
3.50881 -4.56525
3.50561 -4.56285
3.5024 -4.56045
3.49956 -4.55762
3.49673 -4.55478
3.49346 -4.55245
3.49019 -4.55012
3.48726 -4.5474
3.48433 -4.54468
3.47827 -4.53947
3.47235 -4.53408
3.46615 -4.52903
3.45992 -4.52402
3.45703 -4.52125
3.45414 -4.51848
3.45099 -4.516
3.44785 -4.51353
3.44192 -4.50817
3.43603 -4.50275
3.43287 -4.50029
3.42971 -4.49783
3.42352 -4.49277
3.42071 -4.48991
3.41789 -4.48706
3.41472 -4.48461
3.41156 -4.48216
3.40541 -4.47705
3.40255 -4.47424
3.39969 -4.47143
3.39364 -4.46621
3.39046 -4.46378
3.38728 -4.46135
3.3813 -4.45604
3.37815 -4.45357
3.375 -4.4511
3.3721 -4.44835
3.36919 -4.44559
3.36295 -4.44059
3.35699 -4.43525
3.35409 -4.4325
3.35118 -4.42975
3.34794 -4.42739
3.34469 -4.42504
3.33871 -4.41972
3.33584 -4.41694
3.33296 -4.41415
3.32683 -4.40901
3.32074 -4.40384
3.31472 -4.39857
3.30875 -4.39326
3.30551 -4.39089
3.30227 -4.38853
3.29944 -4.38569
3.29661 -4.38285
3.29056 -4.37763
3.28739 -4.37518
3.28422 -4.37274
3.28132 -4.36998
3.27842 -4.36722
3.27524 -4.36479
3.27206 -4.36235
3.26912 -4.35964
3.26618 -4.35692
3.26303 -4.35445
3.25989 -4.35199
3.25369 -4.34693
3.24772 -4.34161
3.24153 -4.33654
3.23861 -4.33381
3.23569 -4.33107
3.23279 -4.32832
3.22988 -4.32557
3.22377 -4.32041
3.21773 -4.31517
3.21167 -4.30995
3.20558 -4.30478
3.19952 -4.29956
3.19627 -4.29721
3.19302 -4.29487
3.18711 -4.28947
3.18417 -4.28676
3.18123 -4.28404
3.17529 -4.27869
3.16924 -4.27347
3.16602 -4.27107
3.16281 -4.26868
3.15994 -4.26589
3.15707 -4.26309
3.15388 -4.26068
3.15068 -4.25826
3.14455 -4.25313
3.14172 -4.25029
3.13888 -4.24746
3.13571 -4.24502
3.13253 -4.24258
3.1263 -4.23756
3.12042 -4.23214
3.11439 -4.22689
3.10817 -4.22186
3.10527 -4.2191
3.10237 -4.21634
3.09621 -4.21125
3.09025 -4.20591
3.08432 -4.20055
3.07824 -4.19535
3.07499 -4.19301
3.07174 -4.19066
3.06889 -4.18784
3.06605 -4.18501
3.06287 -4.18257
3.0597 -4.18013
3.05378 -4.17475
3.04772 -4.16954
3.04165 -4.16433
3.0385 -4.16187
3.03535 -4.1594
3.03242 -4.15668
3.02949 -4.15395
3.02346 -4.1487
3.0203 -4.14625
3.01713 -4.1438
3.01432 -4.14094
3.01151 -4.13808
3.0083 -4.13567
3.0051 -4.13327
2.99903 -4.12806
2.99616 -4.12527
2.99329 -4.12248
2.99011 -4.12004
2.98694 -4.1176
2.98086 -4.1124
2.97796 -4.10964
2.97507 -4.10688
2.96911 -4.10155
2.96594 -4.09911
2.96277 -4.09666
2.95675 -4.09139
2.95361 -4.08892
2.95047 -4.08644
2.94452 -4.08109
2.93854 -4.07579
2.93256 -4.07048
2.92658 -4.06517
2.92335 -4.0628
2.92011 -4.06043
2.91723 -4.05765
2.91435 -4.05486
2.90831 -4.04963
2.90223 -4.04444
2.89905 -4.042
2.89588 -4.03957
2.88993 -4.03422
2.88391 -4.02895
2.88103 -4.02618
2.87814 -4.02341
2.87495 -4.02098
2.87177 -4.01855
2.86889 -4.01576
2.86602 -4.01297
2.8628 -4.01059
2.85958 -4.0082
2.85356 -4.00294
2.85067 -4.00017
2.84779 -3.99739
2.84154 -3.99239
2.8355 -3.98716
2.82939 -3.982
2.82343 -3.97667
2.81723 -3.97161
2.81129 -3.96627
2.80815 -3.96379
2.805 -3.96131
2.79905 -3.95597
2.79289 -3.95087
2.78674 -3.94576
2.7839 -3.94294
2.78105 -3.94011
2.77784 -3.93772
2.77463 -3.93533
2.76867 -3.92998
2.76579 -3.92721
2.7629 -3.92444
2.75669 -3.9194
2.75355 -3.91691
2.75042 -3.91443
2.7444 -3.90916
2.73834 -3.90395
2.7323 -3.89871
2.72939 -3.89596
2.72649 -3.89321
2.72028 -3.88816
2.71715 -3.88568
2.71401 -3.88319
2.70791 -3.87803
2.7018 -3.87287
2.69591 -3.86746
2.68971 -3.86241
2.68685 -3.8596
2.684 -3.85679
2.68082 -3.85434
2.67765 -3.8519
2.67174 -3.84651
2.66557 -3.84143
2.65963 -3.83608
2.65357 -3.83086
2.65038 -3.82844
2.64719 -3.82602
2.6412 -3.82072
2.63837 -3.81788
2.63554 -3.81504
2.63236 -3.81261
2.62917 -3.81018
2.62625 -3.80745
2.62333 -3.80471
2.6171 -3.79969
2.61115 -3.79436
2.60507 -3.78917
2.59886 -3.78413
2.59271 -3.77901
2.58986 -3.77619
2.58702 -3.77337
2.5838 -3.77098
2.58059 -3.76858
2.57457 -3.76333
2.56867 -3.75792
2.56547 -3.75551
2.56228 -3.75309
2.5563 -3.74779
2.55339 -3.74504
2.55048 -3.74229
2.54425 -3.73727
2.53833 -3.73189
2.53235 -3.72658
2.52634 -3.72131
2.52012 -3.71628
2.51397 -3.71117
2.50778 -3.70611
2.50183 -3.70076
2.49569 -3.69565
2.48949 -3.69059
2.48661 -3.68781
2.48373 -3.68502
2.48057 -3.68257
2.47742 -3.68011
2.47457 -3.67729
2.47172 -3.67447
2.46571 -3.6692
2.45953 -3.66412
2.45356 -3.6588
2.44748 -3.65361
2.44138 -3.64844
2.43541 -3.64312
2.42924 -3.63804
2.42608 -3.63558
2.42291 -3.63313
2.42004 -3.63034
2.41716 -3.62756
2.41397 -3.62514
2.41078 -3.62272
2.40792 -3.61991
2.40506 -3.6171
2.40189 -3.61466
2.39872 -3.61221
2.39255 -3.60713
2.38968 -3.60434
2.38681 -3.60154
2.38071 -3.59637
2.37452 -3.59131
2.37137 -3.58884
2.36822 -3.58637
2.36212 -3.58121
2.3562 -3.57583
2.35 -3.57077
2.34719 -3.56791
2.34438 -3.56505
2.33831 -3.55984
2.33512 -3.55743
2.33192 -3.55502
2.32599 -3.54965
2.3199 -3.54447
2.31383 -3.53927
2.30791 -3.53389
2.30177 -3.52876
2.29555 -3.52374
2.2895 -3.51851
2.28356 -3.51316
2.2804 -3.5107
2.27724 -3.50824
2.27124 -3.50296
2.26842 -3.50011
2.26559 -3.49726
2.26239 -3.49485
2.25919 -3.49244
2.2532 -3.48715
2.24709 -3.482
2.24093 -3.47689
2.2381 -3.47405
2.23527 -3.47122
2.23214 -3.46873
2.229 -3.46624
2.22298 -3.46098
2.2168 -3.45591
2.21065 -3.4508
2.20473 -3.44543
2.1987 -3.44017
2.19279 -3.43478
2.18959 -3.43237
2.18639 -3.42996
2.18041 -3.42465
2.17433 -3.41946
2.17141 -3.41673
2.16848 -3.414
2.16528 -3.41159
2.16208 -3.40918
2.15612 -3.40386
2.15013 -3.39855
2.14407 -3.39334
2.13783 -3.38833
2.13177 -3.38312
2.1258 -3.3778
2.12267 -3.37531
2.11954 -3.37282
2.11353 -3.36755
2.11068 -3.36473
2.10783 -3.36191
2.10462 -3.35952
2.1014 -3.35713
2.09541 -3.35184
2.0895 -3.34644
2.08335 -3.34133
2.07743 -3.33596
2.0714 -3.3307
2.06819 -3.3283
2.06498 -3.32591
2.06218 -3.32303
2.05939 -3.32014
2.05329 -3.31498
2.0501 -3.31256
2.04691 -3.31014
2.04081 -3.30497
2.03474 -3.29976
2.03191 -3.29693
2.02907 -3.2941
2.02583 -3.29173
2.0226 -3.28936
2.01966 -3.28665
2.01672 -3.28393
2.01359 -3.28144
2.01046 -3.27896
2.00436 -3.27378
2.00147 -3.27102
1.99857 -3.26825
1.99539 -3.26582
1.99221 -3.26339
1.9862 -3.25812
1.98329 -3.25537
1.98038 -3.25262
1.97722 -3.25016
1.97407 -3.2477
1.97118 -3.24493
1.96829 -3.24216
1.96204 -3.23716
1.95597 -3.23196
1.94979 -3.22688
1.94372 -3.22168
1.93766 -3.21646
1.93478 -3.21368
1.9319 -3.2109
1.9259 -3.20561
1.92274 -3.20316
1.91958 -3.2007
1.91346 -3.19555
1.90727 -3.1905
1.90121 -3.18528
1.89531 -3.17988
1.89244 -3.17709
1.88956 -3.1743
1.88341 -3.16919
1.88017 -3.16683
1.87693 -3.16446
1.87405 -3.16169
1.87116 -3.15891
1.86496 -3.15387
1.85881 -3.14876
1.85278 -3.1435
1.84682 -3.13818
1.84067 -3.13306
1.8378 -3.13027
1.83493 -3.12747
1.82878 -3.12236
1.82267 -3.11721
1.81675 -3.11182
1.81356 -3.10941
1.81036 -3.107
1.80417 -3.10193
1.80128 -3.09916
1.79839 -3.0964
1.79546 -3.09367
1.79253 -3.09094
1.78927 -3.08861
1.786 -3.08628
1.78315 -3.08346
1.7803 -3.08064
1.77419 -3.07548
1.76822 -3.07017
1.76208 -3.06504
1.75892 -3.06259
1.75576 -3.06013
1.74972 -3.0549
1.74367 -3.04967
1.74077 -3.04691
1.73787 -3.04415
1.73468 -3.04173
1.73148 -3.03931
1.72859 -3.03655
1.72569 -3.03379
1.7197 -3.0285
1.71644 -3.02615
1.71319 -3.02381
1.70726 -3.01843
1.70433 -3.01571
1.70141 -3.01298
1.69828 -3.01049
1.69515 -3.00799
1.68916 -3.0027
1.68313 -2.99745
1.67697 -2.99235
1.67097 -2.98707
1.66486 -2.98191
1.65887 -2.97661
1.65293 -2.97126
1.6467 -2.96625
1.64079 -2.96085
1.63477 -2.95559
1.62864 -2.95046
1.62261 -2.9452
1.61653 -2.94002
1.61335 -2.93758
1.61017 -2.93515
1.60421 -2.92982
1.59806 -2.9247
1.59212 -2.91935
1.58922 -2.91659
1.58632 -2.91384
1.58015 -2.90875
1.5739 -2.90375
1.571 -2.90099
1.5681 -2.89823
1.56485 -2.89589
1.56159 -2.89355
1.55869 -2.89079
1.55578 -2.88803
1.54986 -2.88267
1.54378 -2.87747
1.53774 -2.87224
1.53451 -2.86986
1.53129 -2.86747
1.52527 -2.86221
1.51925 -2.85694
1.5132 -2.85173
1.5103 -2.84896
1.5074 -2.8462
1.50136 -2.84097
1.49535 -2.83569
1.49214 -2.8333
1.48893 -2.8309
1.48287 -2.82568
1.47693 -2.82032
1.47381 -2.81783
1.47068 -2.81533
1.46776 -2.8126
1.46484 -2.80986
1.45883 -2.80458
1.45561 -2.8022
1.45239 -2.79981
1.44646 -2.79445
1.44048 -2.78915
1.43756 -2.78641
1.43463 -2.78368
1.43138 -2.78133
1.42814 -2.77897
1.42213 -2.77369
1.41931 -2.77084
1.41649 -2.768
1.41321 -2.76567
1.40994 -2.76335
1.40404 -2.75795
1.40115 -2.75518
1.39825 -2.75241
1.395 -2.75006
1.39175 -2.74771
1.38576 -2.74242
1.37986 -2.73702
1.37372 -2.73189
1.36765 -2.72669
1.36173 -2.72131
1.35857 -2.71886
1.3554 -2.71642
1.3493 -2.71124
1.34643 -2.70845
1.34357 -2.70565
1.33753 -2.70041
1.33142 -2.69525
1.32829 -2.69276
1.32517 -2.69026
1.31911 -2.68504
1.31622 -2.68227
1.31334 -2.67949
1.30731 -2.67424
1.30128 -2.66899
1.29815 -2.66649
1.29503 -2.664
1.29209 -2.66128
1.28915 -2.65857
1.28592 -2.6562
1.28269 -2.65382
1.27665 -2.64859
1.27054 -2.64343
1.26762 -2.64069
1.2647 -2.63796
1.25857 -2.63282
1.25542 -2.63035
1.25227 -2.62788
1.24943 -2.62505
1.24659 -2.62222
1.24052 -2.61702
1.23734 -2.61459
1.23416 -2.61217
1.22827 -2.60675
1.22219 -2.60156
1.21927 -2.59882
1.21636 -2.59607
1.21027 -2.59089
1.20715 -2.58839
1.20402 -2.5859
1.20087 -2.58343
1.19772 -2.58096
1.19161 -2.57581
1.1888 -2.57294
1.186 -2.57007
1.17977 -2.56505
1.17376 -2.55977
1.16771 -2.55455
1.16177 -2.54919
1.15568 -2.54402
1.1496 -2.53882
1.1436 -2.53354
1.14032 -2.53123
1.13703 -2.52892
1.13111 -2.52354
1.12511 -2.51826
1.11907 -2.51302
1.11318 -2.50761
1.10998 -2.5052
1.10678 -2.50279
1.10393 -2.49997
1.10108 -2.49716
1.09788 -2.49474
1.09468 -2.49233
1.08873 -2.48699
1.08255 -2.48191
1.07967 -2.47913
1.0768 -2.47634
1.07357 -2.47397
1.07034 -2.47159
1.06753 -2.46873
1.06472 -2.46587
1.05866 -2.46065
1.05258 -2.45546
1.04646 -2.45031
1.0433 -2.44785
1.04015 -2.44539
1.03404 -2.44023
1.03112 -2.4375
1.02819 -2.43477
1.02214 -2.42955
1.01604 -2.42437
1.01292 -2.42188
1.00979 -2.41938
1.00363 -2.41428
1.0008 -2.41144
0.997967 -2.40861
0.991939 -2.40336
0.985776 -2.39826
0.982566 -2.39586
0.979357 -2.39346
0.973293 -2.38825
0.970494 -2.38538
0.967695 -2.3825
0.964465 -2.38013
0.961235 -2.37775
0.955128 -2.37259
0.952231 -2.36983
0.949333 -2.36707
0.943242 -2.36189
0.940088 -2.35943
0.936933 -2.35696
0.931028 -2.35157
0.924818 -2.34653
0.918735 -2.34134
0.915867 -2.33854
0.912999 -2.33575
0.906776 -2.33072
0.900697 -2.32553
0.894804 -2.32012
0.89166 -2.31765
0.888516 -2.31517
0.885621 -2.31241
0.882726 -2.30964
0.876654 -2.30444
0.870433 -2.29941
0.864428 -2.29413
0.858274 -2.28903
0.852133 -2.28391
0.845985 -2.2788
0.843143 -2.27597
0.840301 -2.27314
0.83708 -2.27076
0.833859 -2.26837
0.827957 -2.26297
0.82181 -2.25786
0.818947 -2.25506
0.816084 -2.25226
0.809901 -2.24718
0.803957 -2.24183
0.797869 -2.23665
0.794684 -2.23422
0.791499 -2.2318
0.785466 -2.22655
0.77932 -2.22144
0.776429 -2.21867
0.773537 -2.2159
0.767531 -2.21062
0.764267 -2.20829
0.761002 -2.20595
0.754998 -2.20067
0.75219 -2.19781
0.749382 -2.19494
0.746113 -2.19261
0.742844 -2.19028
0.736846 -2.185
0.730764 -2.17981
0.727888 -2.17702
0.725013 -2.17423
0.718962 -2.16901
0.712795 -2.16391
0.709055 -2.16113
0.702777 -2.15619
0.696487 -2.15126
0.690177 -2.14636
0.684081 -2.14119
0.677564 -2.13656
0.671445 -2.13141
0.664947 -2.12675
0.661938 -2.12412
0.658928 -2.12148
0.655647 -2.1192
0.652365 -2.11691
0.646177 -2.11185
0.639819 -2.10701
0.633529 -2.10209
0.627368 -2.097
0.624077 -2.09472
0.620787 -2.09245
0.61779 -2.0898
0.614794 -2.08714
0.608338 -2.08243
0.601886 -2.07771
0.595657 -2.07271
0.59267 -2.07004
0.589684 -2.06738
0.586329 -2.06519
0.582974 -2.06299
0.579964 -2.06036
0.576954 -2.05772
0.570559 -2.05293
0.564087 -2.04824
0.561114 -2.04556
0.558141 -2.04287
0.551879 -2.03791
0.545405 -2.03322
0.538949 -2.02851
0.535991 -2.02581
0.533033 -2.02311
0.526703 -2.01823
0.520264 -2.0135
0.514088 -2.00843
0.507604 -2.00375
0.501479 -1.99862
0.494936 -1.99402
0.488539 -1.98923
0.482353 -1.98417
0.476204 -1.97906
0.469878 -1.97419
0.463739 -1.96907
0.457456 -1.96413
0.450923 -1.95952
0.444696 -1.95451
0.438365 -1.94964
0.432151 -1.94462
0.425758 -1.93983
0.419437 -1.93494
0.413086 -1.9301
0.406996 -1.92492
0.400439 -1.92033
0.394319 -1.91519
0.387831 -1.91052
0.381784 -1.90528
0.3756 -1.90022
0.372261 -1.89801
0.368922 -1.89579
0.36283 -1.89062
0.356376 -1.8859
0.350178 -1.88086
0.343861 -1.87597
0.337482 -1.87116
0.331291 -1.8661
0.324844 -1.86138
0.318604 -1.85639
0.315612 -1.85373
0.31262 -1.85108
0.306406 -1.84605
0.300078 -1.84118
0.293759 -1.83629
0.290463 -1.83402
0.287168 -1.83175
0.280824 -1.82689
0.277834 -1.82423
0.274844 -1.82157
0.268636 -1.81654
0.265337 -1.81428
0.262038 -1.81201
0.255862 -1.80694
0.249658 -1.80191
0.243188 -1.79721
0.236977 -1.79219
0.2307 -1.78725
0.224319 -1.78244
0.217875 -1.77771
0.214873 -1.77506
0.211871 -1.77242
0.205415 -1.76771
0.199136 -1.76277
0.192789 -1.75791
0.186672 -1.75277
0.180337 -1.7479
0.173962 -1.74308
0.167855 -1.73793
0.161607 -1.73295
0.158277 -1.73072
0.154947 -1.7285
0.148681 -1.72354
0.142307 -1.71872
0.13627 -1.71347
0.12979 -1.70879
0.12682 -1.70611
0.123851 -1.70342
0.120541 -1.70117
0.117232 -1.69892
0.110802 -1.69417
0.104474 -1.68929
0.098284 -1.68424
0.0920065 -1.6793
0.0889992 -1.67666
0.0859919 -1.67402
0.0795463 -1.6693
0.0730778 -1.6646
0.0670266 -1.65937
0.0605571 -1.65467
0.0541792 -1.64986
0.0481318 -1.64463
0.0417589 -1.63981
0.0380019 -1.63692
0.0341759 -1.63408
0.0298356 -1.63214
0.0256894 -1.62991
0.0215646 -1.62754
0.0172596 -1.62552
0.012733 -1.62413
0.00832013 -1.62231
0.00364715 -1.62149
-0.000928763 -1.62017
-0.00566747 -1.61987
-0.0103433 -1.61923
-0.0150597 -1.61874
-0.0197935 -1.61865
-0.026987 -1.61886
-0.0341806 -1.6184
-0.0413741 -1.619
-0.0485676 -1.61838
-0.0557612 -1.61836
-0.0629547 -1.61881
-0.0701483 -1.61837
-0.0773312 -1.61884
-0.0822453 -1.61885
-0.0871005 -1.61942
-0.0920586 -1.61945
-0.0968021 -1.62077
-0.101613 -1.62177
-0.10635 -1.62302
-0.111088 -1.62435
-0.115794 -1.62588
-0.120083 -1.6283
-0.124398 -1.63061
-0.128847 -1.63273
-0.133134 -1.6352
-0.136864 -1.63841
-0.140636 -1.64154
-0.146787 -1.64662
-0.15332 -1.65124
-0.159548 -1.65622
-0.165596 -1.66142
-0.171574 -1.66671
-0.177705 -1.67181
-0.184027 -1.67668
-0.190212 -1.68172
-0.196455 -1.68669
-0.202463 -1.69194
-0.208709 -1.6969
-0.214851 -1.70199
-0.221065 -1.70699
-0.227209 -1.71208
-0.233084 -1.71749
-0.239333 -1.72245
-0.245685 -1.72728
-0.251663 -1.73257
-0.258046 -1.73737
-0.263946 -1.74275
-0.270356 -1.74752
-0.276547 -1.75255
-0.282568 -1.75778
-0.288659 -1.76293
-0.295084 -1.76768
-0.301026 -1.77301
-0.307014 -1.77829
-0.313469 -1.783
-0.31936 -1.78839
-0.322669 -1.79065
-0.325978 -1.7929
-0.331835 -1.79834
-0.337981 -1.80342
-0.344175 -1.80845
-0.350211 -1.81366
-0.356465 -1.81862
-0.36257 -1.82375
-0.368758 -1.82878
-0.375199 -1.83351
-0.381015 -1.839
-0.387278 -1.84394
-0.393347 -1.84911
-0.399659 -1.854
-0.405725 -1.85918
-0.412195 -1.86387
-0.41508 -1.86664
-0.417965 -1.86941
-0.424125 -1.87448
-0.43064 -1.87911
-0.436778 -1.88421
-0.443048 -1.88914
-0.448846 -1.89465
-0.454966 -1.89976
-0.461216 -1.90472
-0.467387 -1.90978
-0.473595 -1.91478
-0.479805 -1.91979
-0.485856 -1.92499
-0.492217 -1.92981
-0.498326 -1.93494
-0.504276 -1.94027
-0.510629 -1.9451
-0.516758 -1.9502
-0.522956 -1.95522
-0.529022 -1.96041
-0.535443 -1.96515
-0.541554 -1.97028
-0.547626 -1.97546
-0.553851 -1.98044
-0.559854 -1.9857
-0.566123 -1.99064
-0.572072 -1.99596
-0.575351 -1.99825
-0.57863 -2.00054
-0.584766 -2.00564
-0.590718 -2.01096
-0.597204 -2.01563
-0.603048 -2.02108
-0.609371 -2.02595
-0.615389 -2.03119
-0.621773 -2.03599
-0.627584 -2.04148
-0.630867 -2.04376
-0.63415 -2.04605
-0.640127 -2.05134
-0.646062 -2.05668
-0.652381 -2.06156
-0.658628 -2.06652
-0.664558 -2.07186
-0.670928 -2.07668
-0.677149 -2.08167
-0.683076 -2.08702
-0.689178 -2.09216
-0.692493 -2.0944
-0.695809 -2.09665
-0.701908 -2.10179
-0.708043 -2.10689
-0.713986 -2.11222
-0.720005 -2.11746
-0.726288 -2.12238
-0.732649 -2.1272
-0.738697 -2.1324
-0.744904 -2.13741
-0.751148 -2.14238
-0.757127 -2.14767
-0.763172 -2.15287
-0.766452 -2.15516
-0.769733 -2.15745
-0.775644 -2.16282
-0.781899 -2.16777
-0.787999 -2.17291
-0.794263 -2.17786
-0.800332 -2.18303
-0.806357 -2.18827
-0.812737 -2.19306
-0.818875 -2.19816
-0.822697 -2.2012
-0.825459 -2.2041
-0.828222 -2.207
-0.831399 -2.20944
-0.834576 -2.21188
-0.840551 -2.21718
-0.846304 -2.22272
-0.852141 -2.22817
-0.857951 -2.23365
-0.863738 -2.23916
-0.869689 -2.24448
-0.875791 -2.24964
-0.881806 -2.2549
-0.887631 -2.26036
-0.893309 -2.26599
-0.896527 -2.26838
-0.899745 -2.27078
-0.902507 -2.27368
-0.905268 -2.27657
-0.911097 -2.28203
-0.91697 -2.28744
-0.920109 -2.28993
-0.923247 -2.29241
-0.928879 -2.29809
-0.934735 -2.30352
-0.940921 -2.30858
-0.946788 -2.314
-0.952533 -2.31955
-0.958773 -2.32456
-0.9647 -2.32991
-0.970432 -2.33548
-0.976426 -2.34075
-0.982304 -2.34616
-0.988062 -2.3517
-0.994081 -2.35695
-1.00021 -2.36208
-1.0059 -2.36768
-1.01199 -2.37286
-1.01788 -2.37825
-1.02366 -2.38377
-1.02976 -2.38892
-1.03552 -2.39447
-1.0415 -2.39976
-1.04723 -2.40532
-1.05039 -2.40779
-1.05354 -2.41025
-1.05632 -2.41314
-1.05909 -2.41602
-1.06506 -2.42132
-1.07105 -2.42661
-1.07705 -2.43188
-1.08303 -2.43717
-1.08873 -2.44277
-1.09465 -2.44813
-1.09779 -2.45062
-1.10092 -2.4531
-1.1067 -2.45862
-1.11239 -2.46424
-1.11814 -2.46978
-1.12423 -2.47495
-1.1303 -2.48015
-1.13608 -2.48565
-1.142 -2.49102
-1.14823 -2.49604
-1.15405 -2.5015
-1.15999 -2.50684
-1.16578 -2.51235
-1.17159 -2.51782
-1.17782 -2.52284
-1.18061 -2.52571
-1.18339 -2.52858
-1.18926 -2.534
-1.19538 -2.53914
-1.20123 -2.54457
-1.20742 -2.54963
-1.21016 -2.55256
-1.21289 -2.55549
-1.21607 -2.55793
-1.21924 -2.56038
-1.222 -2.56328
-1.22475 -2.56619
-1.22789 -2.56867
-1.23103 -2.57115
-1.23672 -2.57677
-1.24247 -2.58231
-1.24847 -2.58759
-1.25457 -2.59274
-1.2606 -2.59798
-1.26649 -2.60338
-1.2723 -2.60886
-1.278 -2.61446
-1.28103 -2.61729
-1.2803 -2.61738
-1.28014 -2.61823
-1.27992 -2.61897
-1.2793 -2.61944
-1.27896 -2.6201
-1.27839 -2.62065
-1.27847 -2.62149
-1.27789 -2.62208
-1.27799 -2.62288
-1.27761 -2.62357
-1.27797 -2.62437
-1.27799 -2.6251
-1.27811 -2.62583
-1.27753 -2.62659
-1.27817 -2.63153
-1.2788 -2.63646
-1.2787 -2.63722
-1.2792 -2.6379
-1.2796 -2.63855
-1.27919 -2.63945
-1.27954 -2.64013
-1.27988 -2.64081
-1.28062 -2.64127
-1.28399 -2.64661
-1.28736 -2.65194
-1.29073 -2.65728
-1.2941 -2.66262
-1.29414 -2.66343
-1.29438 -2.66416
-1.29501 -2.6646
-1.29568 -2.66497
-1.2963 -2.66536
-1.30016 -2.66921
-1.30403 -2.67305
-1.30789 -2.6769
-1.3083 -2.67752
-1.30917 -2.6776
-1.30956 -2.67828
-1.31035 -2.67838
-1.31093 -2.67879
-1.31165 -2.67892
-1.31218 -2.6795
-1.31755 -2.68126
-1.32291 -2.68302
-1.32828 -2.68478
-1.3289 -2.68515
-1.33442 -2.6869
-1.33994 -2.68865
-1.34546 -2.6904
-1.34611 -2.69088
-1.34699 -2.69046
-1.34767 -2.69096
-1.34844 -2.69092
-1.3492 -2.69053
-1.34996 -2.691
-1.35067 -2.69054
-1.35149 -2.6909
-1.3521 -2.69015
-1.35293 -2.69033
-1.35359 -2.68991
-1.35439 -2.68986
-1.35506 -2.68948
-1.35572 -2.68908
-1.35622 -2.68846
-1.35658 -2.68771
-1.3572 -2.6873
-1.35796 -2.68699
-1.35812 -2.68661
