-1.29955 -6.11362
-1.29983 -6.11306
-1.29967 -6.1123
-1.29911 -6.11161
-1.29889 -6.11091
-1.29891 -6.11015
-1.29853 -6.1095
-1.29809 -6.10889
-1.29813 -6.10808
-1.2981 -6.10724
-1.29736 -6.1068
-1.29699 -6.10616
-1.29644 -6.10565
-1.29608 -6.10497
-1.29563 -6.10435
-1.2949 -6.10403
-1.29434 -6.10353
-1.29354 -6.10339
-1.28962 -6.10084
-1.28569 -6.09828
-1.28515 -6.09795
-1.28431 -6.0982
-1.28389 -6.09763
-1.28329 -6.09746
-1.27696 -6.09523
-1.27063 -6.093
-1.2643 -6.09077
-1.25796 -6.08854
-1.25163 -6.0863
-1.25095 -6.08601
-1.25025 -6.08573
-1.24952 -6.08554
-1.24876 -6.08552
-1.248 -6.08578
-1.24727 -6.08577
-1.24655 -6.08599
-1.24572 -6.08539
-1.24504 -6.08591
-1.24429 -6.086
-1.24368 -6.08655
-1.23741 -6.08895
-1.23113 -6.09135
-1.22485 -6.09375
-1.21858 -6.09615
-1.21336 -6.09823
-1.20814 -6.10031
-1.20292 -6.10238
-1.20235 -6.10296
-1.20163 -6.10317
-1.20107 -6.10369
-1.20019 -6.10371
-1.19958 -6.10418
-1.19904 -6.10472
-1.19881 -6.10558
-1.19828 -6.10609
-1.19789 -6.10673
-1.19713 -6.10711
-1.19681 -6.1078
-1.19688 -6.10869
-1.19594 -6.10908
-1.19602 -6.10993
-1.19611 -6.11074
-1.19586 -6.11143
-1.19574 -6.11216
-1.19561 -6.11289
-1.19526 -6.11344
-1.19147 -6.11368
-1.18747 -6.11336
-1.18347 -6.11303
-1.17547 -6.11303
-1.17147 -6.11322
-1.16747 -6.1134
-1.16347 -6.11348
-1.15947 -6.11355
-1.15547 -6.11347
-1.15148 -6.11339
-1.14348 -6.11345
-1.13948 -6.11354
-1.13548 -6.11364
-1.12748 -6.11369
-1.12348 -6.11346
-1.11948 -6.11323
-1.11548 -6.11309
-1.11148 -6.11294
-1.10748 -6.11302
-1.10348 -6.1131
-1.09948 -6.11325
-1.09548 -6.1134
-1.09148 -6.11352
-1.08748 -6.11363
-1.08348 -6.11339
-1.07948 -6.11315
-1.07149 -6.1132
-1.06749 -6.11326
-1.06349 -6.11333
-1.05549 -6.11343
-1.04749 -6.11339
-1.04349 -6.11313
-1.03949 -6.11286
-1.03549 -6.11303
-1.03149 -6.1132
-1.02749 -6.11311
-1.02349 -6.11302
-1.01549 -6.1129
-1.01149 -6.11297
-1.00749 -6.11304
-0.999494 -6.11291
-0.995494 -6.11304
-0.991495 -6.11316
-0.987495 -6.11301
-0.983496 -6.11285
-0.979496 -6.11301
-0.975496 -6.11317
-0.967497 -6.11315
-0.963498 -6.11305
-0.959499 -6.11296
-0.955499 -6.11305
-0.951499 -6.11314
-0.9435 -6.11302
-0.939501 -6.11286
-0.935502 -6.11271
-0.927503 -6.1127
-0.923503 -6.11296
-0.919503 -6.11323
-0.915503 -6.11331
-0.911504 -6.11339
-0.907505 -6.11306
-0.903506 -6.11272
-0.899506 -6.11283
-0.895506 -6.11294
-0.891506 -6.11318
-0.887507 -6.11343
-0.883507 -6.1133
-0.879508 -6.11318
-0.875509 -6.11295
-0.871509 -6.11272
-0.86751 -6.11299
-0.86351 -6.11327
-0.85951 -6.11308
-0.855511 -6.11288
-0.851511 -6.11313
-0.847511 -6.11338
-0.843512 -6.1132
-0.839513 -6.11302
-0.835514 -6.11285
-0.831514 -6.11268
-0.823515 -6.11271
-0.819515 -6.11288
-0.815516 -6.11305
-0.807517 -6.11297
-0.803517 -6.11283
-0.799518 -6.11269
-0.795518 -6.11298
-0.791518 -6.11328
-0.783519 -6.11322
-0.77952 -6.11311
-0.77552 -6.11301
-0.771521 -6.11279
-0.767522 -6.11258
-0.763522 -6.11272
-0.759523 -6.11286
-0.755523 -6.11294
-0.751523 -6.11303
-0.747524 -6.11275
-0.743525 -6.11246
-0.739525 -6.11267
-0.735525 -6.11289
-0.727526 -6.11283
-0.723527 -6.113
-0.719527 -6.11316
-0.715528 -6.11283
-0.711529 -6.1125
-0.707529 -6.11275
-0.703529 -6.11301
-0.69553 -6.11307
-0.691531 -6.11281
-0.687531 -6.11256
-0.683532 -6.11279
-0.679532 -6.11302
-0.671533 -6.11296
-0.667533 -6.11285
-0.663534 -6.11274
-0.659535 -6.11262
-0.655535 -6.1125
-0.647536 -6.11261
-0.639537 -6.1126
-0.631538 -6.11257
-0.623539 -6.11258
-0.61554 -6.11265
-0.607541 -6.11266
-0.603541 -6.11251
-0.599542 -6.11237
-0.595542 -6.11266
-0.591542 -6.11295
-0.587543 -6.11267
-0.583544 -6.11239
-0.579544 -6.11252
-0.575545 -6.11266
-0.567546 -6.1126
-0.559546 -6.11269
-0.555547 -6.11276
-0.551547 -6.11283
-0.547548 -6.11259
-0.543549 -6.11235
-0.53555 -6.11246
-0.53155 -6.11252
-0.52755 -6.11258
-0.519551 -6.11251
-0.511552 -6.11243
-0.507553 -6.11233
-0.503554 -6.11224
-0.495555 -6.11224
-0.491555 -6.11244
-0.487555 -6.11264
-0.479556 -6.11273
-0.471557 -6.11268
-0.467557 -6.11261
-0.463558 -6.11254
-0.455559 -6.11241
-0.45156 -6.11225
-0.44756 -6.11209
-0.439561 -6.1121
-0.431562 -6.11206
-0.427563 -6.11221
-0.423563 -6.11235
-0.419564 -6.11227
-0.415564 -6.11219
-0.411565 -6.11225
-0.407565 -6.11232
-0.403565 -6.11255
-0.399565 -6.11278
-0.395566 -6.11238
-0.391567 -6.11199
-0.387567 -6.11223
-0.383568 -6.11248
-0.375569 -6.11237
-0.371569 -6.11245
-0.367569 -6.11253
-0.35957 -6.11246
-0.351572 -6.11233
-0.347572 -6.1122
-0.343573 -6.11206
-0.339573 -6.11222
-0.335573 -6.11238
-0.327574 -6.11238
-0.323575 -6.11226
-0.319576 -6.11215
-0.315576 -6.11226
-0.311576 -6.11237
-0.307577 -6.11223
-0.303578 -6.11208
-0.295578 -6.11216
-0.287579 -6.11223
-0.27958 -6.11216
-0.27558 -6.11237
-0.271581 -6.11259
-0.263582 -6.1126
-0.259582 -6.11249
-0.255583 -6.11238
-0.251584 -6.11221
-0.247584 -6.11204
-0.239585 -6.11208
-0.231586 -6.11195
-0.223587 -6.11191
-0.219587 -6.11209
-0.215588 -6.11228
-0.211588 -6.11239
-0.207588 -6.11249
-0.203589 -6.1124
-0.19959 -6.1123
-0.19559 -6.11208
-0.191591 -6.11185
-0.183592 -6.11188
-0.179592 -6.11207
-0.175593 -6.11225
-0.171593 -6.11235
-0.167593 -6.11245
-0.163594 -6.11213
-0.159595 -6.11181
-0.151596 -6.11188
-0.147596 -6.11204
-0.143596 -6.11219
-0.139597 -6.11211
-0.135598 -6.11203
-0.131598 -6.1122
-0.127598 -6.11237
-0.119599 -6.11228
-0.1156 -6.11219
-0.1116 -6.11209
-0.107601 -6.11188
-0.103602 -6.11167
-0.0996018 -6.11201
-0.0956018 -6.11236
-0.0916024 -6.11226
-0.087603 -6.11217
-0.0836037 -6.11199
-0.0796045 -6.11181
-0.0716054 -6.11178
-0.0636064 -6.11178
-0.0556073 -6.11179
-0.0476083 -6.11178
-0.0436085 -6.11196
-0.0396087 -6.11215
-0.0356095 -6.11194
-0.0316102 -6.11174
-0.0276105 -6.11188
-0.0236108 -6.11202
-0.0196116 -6.11176
-0.0156124 -6.1115
-0.00761328 -6.11158
-0.00361333 -6.11191
0.000386631 -6.11224
0.00438577 -6.11194
0.0083849 -6.11165
0.0163839 -6.11163
0.0203837 -6.11181
0.0243835 -6.11199
0.0283829 -6.1119
0.0323823 -6.11181
0.0403813 -6.11175
0.0443806 -6.11161
0.0483799 -6.11147
0.0523797 -6.11166
0.0563795 -6.11185
0.0603788 -6.11171
0.0643782 -6.11156
0.068378 -6.11183
0.0723779 -6.1121
0.0763771 -6.11184
0.0803763 -6.11158
0.0843757 -6.11148
0.0883751 -6.11137
0.0923747 -6.11148
0.0963744 -6.11158
0.104373 -6.11154
0.112373 -6.11163
0.120372 -6.11159
0.124371 -6.11179
0.128371 -6.11199
0.13237 -6.11185
0.13637 -6.11172
0.140369 -6.1115
0.144368 -6.11129
0.148368 -6.11163
0.152368 -6.11198
0.156367 -6.11162
0.160366 -6.11126
0.164366 -6.1115
0.168366 -6.11174
0.172365 -6.11165
0.176365 -6.11156
0.184364 -6.11161
0.188364 -6.11171
0.192363 -6.11181
0.196362 -6.11153
0.200362 -6.11126
0.208361 -6.11121
0.21236 -6.11132
0.21636 -6.11143
0.22036 -6.11166
0.22436 -6.1119
0.232359 -6.11187
0.240358 -6.1119
0.244357 -6.11172
0.248356 -6.11154
0.256355 -6.11145
0.264354 -6.11143
0.268354 -6.11153
0.272354 -6.11162
0.276353 -6.1115
0.280352 -6.11139
0.288351 -6.11139
0.292351 -6.11124
0.29635 -6.1111
0.30035 -6.11146
0.30435 -6.11182
0.308349 -6.11167
0.312349 -6.11152
0.316348 -6.11133
0.320347 -6.11113
0.324347 -6.11137
0.328347 -6.11161
0.336346 -6.11151
0.340346 -6.11165
0.344345 -6.1118
0.348344 -6.1114
0.352343 -6.11101
0.356343 -6.11117
0.360343 -6.11133
0.364342 -6.11122
0.368342 -6.11111
0.376341 -6.11119
0.38034 -6.11131
0.38434 -6.11142
0.38834 -6.11153
0.392339 -6.11163
0.396339 -6.11141
0.400338 -6.1112
0.408337 -6.11118
0.416336 -6.11112
0.420335 -6.11119
0.424335 -6.11127
0.428335 -6.11136
0.432334 -6.11145
0.436334 -6.11151
0.440334 -6.11157
0.444333 -6.11144
0.448332 -6.1113
0.456331 -6.1113
0.460331 -6.1111
0.46433 -6.11091
0.468329 -6.11096
0.472329 -6.11102
0.480328 -6.11093
0.484328 -6.11127
0.488328 -6.11161
0.492327 -6.11144
0.496327 -6.11128
0.500326 -6.11135
0.504326 -6.11142
0.512325 -6.11132
0.520324 -6.1114
0.528323 -6.11143
0.532322 -6.11127
0.536322 -6.1111
0.544321 -6.11111
0.54832 -6.11093
0.552319 -6.11075
0.560318 -6.11082
0.564318 -6.11098
0.568318 -6.11114
0.572317 -6.11106
0.576317 -6.11098
0.580317 -6.11121
0.584316 -6.11144
0.588316 -6.11114
0.592315 -6.11084
0.600314 -6.11072
0.604313 -6.11086
0.608313 -6.111
0.612313 -6.11116
0.616312 -6.11133
0.620312 -6.11113
0.624311 -6.11092
0.62831 -6.11085
0.63231 -6.11077
0.63631 -6.11092
0.640309 -6.11106
0.644309 -6.11097
0.648308 -6.11088
0.652307 -6.11077
0.656307 -6.11067
0.660307 -6.11103
0.664307 -6.11138
0.668306 -6.11103
0.672305 -6.11068
0.676305 -6.11076
0.680304 -6.11084
0.684304 -6.111
0.688304 -6.11115
0.692303 -6.11093
0.696302 -6.11071
0.700302 -6.11082
0.704301 -6.11093
0.708301 -6.11084
0.7123 -6.11074
0.7163 -6.11102
0.7203 -6.1113
0.724299 -6.11091
0.728298 -6.11052
0.732298 -6.1108
0.736298 -6.11107
0.744297 -6.11103
0.748296 -6.11092
0.752296 -6.1108
0.760295 -6.11075
0.764294 -6.11092
0.768294 -6.11108
0.772294 -6.11099
0.776293 -6.1109
0.784292 -6.11078
0.792291 -6.11071
0.80029 -6.11068
0.804289 -6.11079
0.808289 -6.1109
0.812289 -6.11103
0.816289 -6.11115
0.820288 -6.11091
0.824287 -6.11066
0.828287 -6.11075
0.832286 -6.11083
0.836286 -6.11074
0.840285 -6.11065
0.848284 -6.1107
0.856283 -6.11062
0.864282 -6.11051
0.868282 -6.11079
0.872282 -6.11106
0.880281 -6.11102
0.88428 -6.1109
0.888279 -6.11078
0.892279 -6.11084
0.896279 -6.1109
0.904278 -6.11086
0.908277 -6.11057
0.912276 -6.11028
0.916276 -6.11063
0.920276 -6.11099
0.924275 -6.11091
0.928275 -6.11083
0.932274 -6.11059
0.936273 -6.11036
0.940273 -6.11061
0.944273 -6.11087
0.952272 -6.11082
0.960271 -6.11085
0.96827 -6.11079
0.97227 -6.11088
0.976269 -6.11097
0.980268 -6.11063
0.984267 -6.1103
0.988267 -6.11055
0.992267 -6.11081
0.996266 -6.11061
1.00027 -6.1104
1.00826 -6.11034
1.01226 -6.11025
1.01626 -6.11016
1.02026 -6.1105
1.02426 -6.11083
1.03226 -6.11076
1.03626 -6.11054
1.04026 -6.11032
1.04426 -6.11053
1.04826 -6.11073
1.05226 -6.1106
1.05626 -6.11046
1.06026 -6.11055
1.06426 -6.11064
1.06826 -6.11074
1.07226 -6.11085
1.07626 -6.11078
1.08026 -6.11071
1.08826 -6.11082
1.09226 -6.11073
1.09625 -6.11065
1.10025 -6.11044
1.10425 -6.11023
1.10825 -6.11015
1.11225 -6.11007
1.11625 -6.11036
1.12025 -6.11064
1.12425 -6.11052
1.12825 -6.1104
1.13625 -6.11033
1.14025 -6.1104
1.14425 -6.11046
1.15225 -6.11036
1.15625 -6.11025
1.16025 -6.11014
1.16425 -6.11024
1.16825 -6.11035
1.17225 -6.11026
1.17624 -6.11017
1.18424 -6.11008
1.18824 -6.11037
1.19224 -6.11066
1.19624 -6.11038
1.20024 -6.11011
1.20424 -6.11036
1.20824 -6.11062
1.21224 -6.11049
1.21624 -6.11036
1.22424 -6.11027
1.22824 -6.11033
1.23224 -6.11039
1.23624 -6.11049
1.24024 -6.11058
1.24424 -6.11048
1.24824 -6.11037
1.25224 -6.11049
1.25624 -6.11061
1.26423 -6.11056
1.27223 -6.11047
1.28023 -6.11042
1.28423 -6.11019
1.28823 -6.10995
1.29623 -6.10994
1.30023 -6.11002
1.30423 -6.11009
1.30823 -6.11024
1.31223 -6.11039
1.31623 -6.11029
1.32023 -6.1102
1.32823 -6.1103
1.33223 -6.11018
1.33623 -6.11006
1.34023 -6.11025
1.34423 -6.11044
1.35222 -6.1104
1.35622 -6.11025
1.36022 -6.11009
1.36422 -6.11018
1.36822 -6.11027
1.37622 -6.11034
1.38022 -6.11021
1.38422 -6.11008
1.39222 -6.11003
1.39622 -6.10989
1.40022 -6.10975
1.40422 -6.10987
1.40822 -6.10999
1.41222 -6.11015
1.41622 -6.11031
1.42022 -6.11014
1.42421 -6.10998
1.42821 -6.10988
1.43221 -6.10979
1.43621 -6.11003
1.44021 -6.11027
1.44821 -6.11024
1.45621 -6.11026
1.46021 -6.11017
1.46421 -6.11008
1.46821 -6.10999
1.47221 -6.10991
1.47621 -6.10977
1.48021 -6.10964
1.48821 -6.10953
1.49221 -6.10973
1.49621 -6.10993
1.50021 -6.10985
1.50421 -6.10977
1.5082 -6.10966
1.5122 -6.10954
1.5202 -6.10954
1.5242 -6.10973
1.5282 -6.10992
1.5362 -6.10986
1.5402 -6.11005
1.5442 -6.11023
1.5482 -6.11009
1.5522 -6.10995
1.5562 -6.11008
1.5602 -6.11021
1.5642 -6.10982
1.5682 -6.10942
1.5722 -6.10966
1.5762 -6.10989
1.5802 -6.10977
1.5842 -6.10965
1.5882 -6.1098
1.59219 -6.10995
1.60019 -6.11003
1.60419 -6.10973
1.60819 -6.10943
1.61219 -6.10968
1.61619 -6.10993
1.62019 -6.10977
1.62419 -6.10961
1.63219 -6.1095
1.63619 -6.10961
1.64019 -6.10972
1.64419 -6.10962
1.64819 -6.10952
1.65219 -6.10976
1.65619 -6.11
1.66019 -6.10991
1.66419 -6.10982
1.66819 -6.1096
1.67218 -6.10937
1.67618 -6.1097
1.68018 -6.11002
1.68418 -6.10974
1.68818 -6.10946
1.69218 -6.10972
1.69618 -6.10998
1.70418 -6.11001
1.71218 -6.10991
1.72018 -6.10997
1.72418 -6.10977
1.72818 -6.10957
1.73218 -6.10977
1.73618 -6.10997
1.74018 -6.10976
1.74418 -6.10955
1.74818 -6.10973
1.75218 -6.1099
1.75618 -6.10955
1.76017 -6.1092
1.76417 -6.10946
1.76817 -6.10972
1.77217 -6.10956
1.77617 -6.1094
1.78017 -6.10934
1.78417 -6.10927
1.78817 -6.10954
1.79217 -6.1098
1.79617 -6.10958
1.80017 -6.10936
1.80417 -6.10953
1.80817 -6.10969
1.81217 -6.10942
1.81617 -6.10914
1.82417 -6.1091
1.82817 -6.1094
1.83217 -6.1097
1.84017 -6.10964
1.84416 -6.10937
1.84816 -6.10909
1.85216 -6.10942
1.85616 -6.10974
1.86416 -6.10975
1.86816 -6.10942
1.87216 -6.1091
1.87616 -6.1092
1.88016 -6.1093
1.88816 -6.10933
1.89616 -6.10927
1.90016 -6.1094
1.90416 -6.10953
1.90816 -6.10933
1.91216 -6.10913
1.91616 -6.1094
1.92016 -6.10966
1.92415 -6.10942
1.92815 -6.10917
1.93615 -6.10913
1.94015 -6.10926
1.94415 -6.10939
1.94815 -6.1095
1.95215 -6.10961
1.96015 -6.10967
1.96415 -6.10949
1.96815 -6.1093
1.97215 -6.10916
1.97615 -6.10902
1.98015 -6.1091
1.98415 -6.10919
1.98815 -6.10941
1.99215 -6.10963
1.99615 -6.10928
2.00015 -6.10892
2.00414 -6.109
2.00814 -6.10908
2.01614 -6.1091
2.02414 -6.10917
2.02814 -6.10901
2.03214 -6.10885
2.03614 -6.109
2.04014 -6.10914
2.04414 -6.10902
2.04814 -6.10891
2.05214 -6.10905
2.05614 -6.10919
2.06014 -6.10907
2.06414 -6.10894
2.07214 -6.10887
2.07614 -6.10911
2.08014 -6.10935
2.08414 -6.10907
2.08813 -6.10879
2.09213 -6.10913
2.09613 -6.10946
2.10013 -6.1091
2.10413 -6.10874
2.10813 -6.10899
2.11213 -6.10925
2.12013 -6.10921
2.12413 -6.10903
2.12813 -6.10884
2.13213 -6.10876
2.13613 -6.10868
2.14013 -6.10901
2.14413 -6.10933
2.14813 -6.1091
2.15213 -6.10887
2.16012 -6.10894
2.16475 -6.10892
2.16939 -6.1088
2.17396 -6.10819
2.17852 -6.10736
2.18304 -6.10641
2.18751 -6.10523
2.19177 -6.10339
2.19616 -6.10201
2.20043 -6.10024
2.20475 -6.09858
2.20863 -6.09604
2.2128 -6.09403
2.21937 -6.08961
2.22619 -6.08559
2.23311 -6.08176
2.23955 -6.07712
2.24632 -6.07302
2.25298 -6.06877
2.25991 -6.06493
2.26658 -6.06067
2.27332 -6.05653
2.28003 -6.05234
2.28689 -6.04838
2.29344 -6.04394
2.30032 -6.04003
2.30696 -6.03572
2.31364 -6.03148
2.3201 -6.02688
2.327 -6.02301
2.33386 -6.01905
2.34044 -6.01465
2.34718 -6.01051
2.35396 -6.00643
2.3606 -6.00214
2.36721 -5.99777
2.37391 -5.99358
2.38076 -5.9896
2.38756 -5.98557
2.39414 -5.98116
2.40083 -5.97694
2.40775 -5.9731
2.41454 -5.96903
2.42112 -5.96463
2.428 -5.96072
2.43447 -5.95614
2.44112 -5.95185
2.44804 -5.948
2.45451 -5.94342
2.46131 -5.93938
2.46819 -5.93546
2.47485 -5.93118
2.48159 -5.92705
2.48814 -5.9226
2.49514 -5.91887
2.50188 -5.91474
2.50863 -5.9106
2.51531 -5.90637
2.52197 -5.90209
2.52856 -5.89772
2.53539 -5.89371
2.54198 -5.88934
2.54861 -5.88502
2.55544 -5.88101
2.56221 -5.87693
2.56906 -5.87296
2.5755 -5.86833
2.58236 -5.86438
2.58894 -5.85999
2.5957 -5.85587
2.6025 -5.85184
2.6092 -5.84762
2.61576 -5.84319
2.62287 -5.83965
2.62937 -5.83511
2.63619 -5.8311
2.64275 -5.82668
2.64965 -5.82278
2.65609 -5.81816
2.663 -5.81429
2.66988 -5.81037
2.67656 -5.80612
2.6822 -5.80206
2.68546 -5.79932
2.68897 -5.79693
2.69166 -5.79558
2.69755 -5.79017
2.70415 -5.78569
2.71057 -5.78098
2.71684 -5.77607
2.72305 -5.77108
2.72942 -5.7663
2.73579 -5.76152
2.74185 -5.75635
2.74847 -5.75189
2.7548 -5.74706
2.76081 -5.74181
2.76721 -5.73706
2.77333 -5.73197
2.78005 -5.72764
2.78618 -5.72255
2.79255 -5.71777
2.79903 -5.71314
2.80528 -5.7082
2.81159 -5.70335
2.81754 -5.69801
2.82397 -5.69331
2.83016 -5.6883
2.83681 -5.68389
2.8431 -5.67901
2.8492 -5.67388
2.85559 -5.66913
2.86192 -5.66429
2.86847 -5.65974
2.87471 -5.6548
2.88075 -5.64958
2.88717 -5.64487
2.89331 -5.6398
2.89984 -5.63523
2.90595 -5.6301
2.91231 -5.62532
2.91856 -5.62038
2.92486 -5.61551
2.93162 -5.61124
2.93779 -5.6062
2.94424 -5.60152
2.95014 -5.59614
2.95667 -5.59157
2.96299 -5.58672
2.96906 -5.58155
2.97544 -5.57679
2.98194 -5.57217
2.98823 -5.56729
2.99431 -5.56214
3.00061 -5.55727
3.00705 -5.55258
3.01345 -5.54784
3.01991 -5.54317
3.02598 -5.53801
3.03245 -5.53335
3.03873 -5.52847
3.04487 -5.52339
3.05132 -5.51871
3.05775 -5.51401
3.06398 -5.50904
3.07022 -5.5041
3.07663 -5.49937
3.08282 -5.49436
3.08902 -5.48936
3.09549 -5.48471
3.10166 -5.47966
3.10828 -5.47522
3.11476 -5.47057
3.12096 -5.46558
3.12697 -5.46033
3.13365 -5.45596
3.13953 -5.45054
3.14618 -5.44612
3.15239 -5.44113
3.1587 -5.43629
3.16514 -5.4316
3.17112 -5.42631
3.17766 -5.42175
3.18403 -5.41697
3.19049 -5.4123
3.19677 -5.40741
3.203 -5.40245
3.20947 -5.3978
3.21556 -5.39266
3.22161 -5.38747
3.22793 -5.38262
3.23449 -5.37809
3.24076 -5.37318
3.24692 -5.36813
3.25354 -5.36367
3.2597 -5.35862
3.26598 -5.35372
3.27245 -5.34907
3.27858 -5.34399
3.28521 -5.33954
3.29134 -5.33446
3.29761 -5.32954
3.3038 -5.32453
3.31035 -5.31999
3.31634 -5.31471
3.3231 -5.31044
3.32933 -5.30548
3.33539 -5.3003
3.34206 -5.29591
3.34795 -5.29051
3.35466 -5.28617
3.3609 -5.28123
3.36691 -5.27597
3.37331 -5.27124
3.37982 -5.26663
3.3858 -5.26135
3.39246 -5.25694
3.39882 -5.25215
3.40473 -5.24677
3.41148 -5.2425
3.41771 -5.23753
3.42387 -5.23248
3.43036 -5.22786
3.43678 -5.22314
3.44283 -5.21794
3.44895 -5.21284
3.45567 -5.20852
3.46194 -5.20361
3.46809 -5.19854
3.47436 -5.19364
3.48055 -5.18862
3.4872 -5.18421
3.49354 -5.17939
3.49983 -5.17451
3.50624 -5.16978
3.51245 -5.16479
3.51885 -5.16005
3.52487 -5.15482
3.53145 -5.15032
3.53744 -5.14504
3.54376 -5.14021
3.54795 -5.13713
3.55192 -5.13377
3.55511 -5.12965
3.55904 -5.12621
3.56204 -5.12197
3.56538 -5.11799
3.56817 -5.11362
3.57088 -5.10917
3.57313 -5.1045
3.57497 -5.09966
3.57707 -5.0949
3.5788 -5.09
3.57972 -5.08489
3.58138 -5.07994
3.58176 -5.07476
3.58247 -5.06964
3.58285 -5.06446
3.58322 -5.05928
3.58268 -5.05131
3.58261 -5.04334
3.58266 -5.03537
3.58241 -5.0274
3.58217 -5.01943
3.58185 -5.01147
3.58189 -5.0035
3.58187 -4.99552
3.58205 -4.98755
3.5816 -4.98357
3.58115 -4.97959
3.58156 -4.97161
3.58116 -4.96365
3.58137 -4.95567
3.58065 -4.94771
3.58065 -4.93974
3.5803 -4.93178
3.58036 -4.9238
3.58022 -4.91583
3.58029 -4.90786
3.58002 -4.89989
3.5802 -4.89192
3.57975 -4.88395
3.57963 -4.87598
3.57991 -4.86801
3.57947 -4.86403
3.57902 -4.86005
3.57922 -4.85207
3.57928 -4.8441
3.57928 -4.83613
3.57899 -4.82816
3.57889 -4.82019
3.57827 -4.81223
3.57831 -4.80426
3.57812 -4.79629
3.57809 -4.78832
3.57823 -4.78034
3.578 -4.77238
3.57755 -4.76441
3.57727 -4.75645
3.57747 -4.75245
3.57767 -4.74845
3.57709 -4.7438
3.57678 -4.73914
3.5759 -4.73454
3.57556 -4.72984
3.57395 -4.72542
3.57315 -4.72078
3.57149 -4.71641
3.57007 -4.71192
3.56777 -4.70783
3.56565 -4.70369
3.56379 -4.69935
3.56111 -4.6955
3.5584 -4.69169
3.55587 -4.68771
3.5526 -4.68435
3.54932 -4.68103
3.54602 -4.67771
3.54273 -4.67438
3.5368 -4.66902
3.53071 -4.66386
3.52468 -4.65862
3.51833 -4.65375
3.5122 -4.64863
3.50621 -4.64334
3.50031 -4.63796
3.49406 -4.63298
3.49124 -4.63013
3.48843 -4.62728
3.48525 -4.62485
3.48207 -4.62243
3.47616 -4.61704
3.47014 -4.6118
3.46403 -4.60665
3.45797 -4.60145
3.45197 -4.59617
3.4459 -4.59099
3.43992 -4.58569
3.4336 -4.58079
3.42747 -4.57566
3.42162 -4.57023
3.4155 -4.56509
3.40959 -4.55972
3.40353 -4.55451
3.39746 -4.54932
3.39111 -4.54445
3.38534 -4.53891
3.37908 -4.53394
3.37301 -4.52875
3.36687 -4.52365
3.36097 -4.51825
3.35476 -4.51323
3.34888 -4.50782
3.34286 -4.50257
3.33667 -4.49751
3.33383 -4.4947
3.33098 -4.49189
3.325 -4.48659
3.31866 -4.48171
3.31274 -4.47635
3.30661 -4.47122
3.3005 -4.46609
3.29428 -4.46106
3.28839 -4.45567
3.28226 -4.45054
3.27631 -4.44522
3.27035 -4.43989
3.26432 -4.43466
3.25813 -4.42961
3.25196 -4.42453
3.24599 -4.41922
3.24005 -4.41389
3.23397 -4.40871
3.22811 -4.40327
3.22192 -4.39822
3.21601 -4.39285
3.20975 -4.38787
3.20343 -4.38298
3.19744 -4.37769
3.1916 -4.37223
3.18571 -4.36683
3.17957 -4.36172
3.17342 -4.35663
3.16749 -4.35126
3.16124 -4.34628
3.15546 -4.34076
3.15225 -4.33837
3.14905 -4.33597
3.14308 -4.33066
3.13715 -4.3253
3.13398 -4.32287
3.1308 -4.32044
3.12795 -4.31762
3.12511 -4.3148
3.11897 -4.3097
3.1127 -4.30474
3.10985 -4.30193
3.10699 -4.29912
3.10097 -4.29388
3.09467 -4.28896
3.0884 -4.284
3.08561 -4.28112
3.08282 -4.27823
3.07652 -4.27332
3.07072 -4.26781
3.06467 -4.2626
3.05857 -4.25744
3.05222 -4.25258
3.0464 -4.2471
3.04014 -4.24212
3.03413 -4.23686
3.02803 -4.23171
3.02215 -4.2263
3.01613 -4.22104
3.00997 -4.21596
3.0037 -4.21101
2.99767 -4.20577
2.99483 -4.20295
2.99199 -4.20013
2.98575 -4.19513
2.97985 -4.18974
2.97387 -4.18445
2.96775 -4.17931
2.96179 -4.174
2.95859 -4.17159
2.9554 -4.16918
2.94946 -4.16383
2.94322 -4.15884
2.93728 -4.1535
2.9312 -4.14832
2.92833 -4.14553
2.92547 -4.14274
2.91916 -4.13782
2.91288 -4.13288
2.91007 -4.13001
2.90727 -4.12715
2.90105 -4.12213
2.89498 -4.11694
2.88881 -4.11186
2.88285 -4.10655
2.877 -4.1011
2.87381 -4.09868
2.87062 -4.09627
2.86775 -4.09348
2.86488 -4.0907
2.85872 -4.08561
2.85267 -4.0804
2.84655 -4.07527
2.84059 -4.06994
2.83434 -4.06496
2.82835 -4.05968
2.82251 -4.05422
2.81926 -4.05188
2.81601 -4.04953
2.81024 -4.04399
2.80437 -4.03857
2.80115 -4.03619
2.79794 -4.0338
2.79509 -4.03099
2.79224 -4.02818
2.78906 -4.02575
2.78588 -4.02333
2.78301 -4.02053
2.78015 -4.01773
2.77385 -4.01282
2.76795 -4.00742
2.76475 -4.00502
2.76156 -4.00261
2.75555 -3.99734
2.74963 -3.99197
2.7436 -3.98674
2.7374 -3.9817
2.73162 -3.97618
2.72528 -3.97129
2.71945 -3.96583
2.71319 -3.96086
2.7072 -3.95557
2.7012 -3.95031
2.69523 -3.945
2.68926 -3.93969
2.68607 -3.93728
2.68288 -3.93486
2.68002 -3.93206
2.67715 -3.92927
2.67394 -3.92688
2.67072 -3.9245
2.66786 -3.9217
2.665 -3.9189
2.65912 -3.91349
2.65295 -3.90841
2.64692 -3.90317
2.64077 -3.89808
2.63466 -3.89294
2.6284 -3.88797
2.62238 -3.88272
2.61639 -3.87744
2.61022 -3.87235
2.60444 -3.86684
2.5984 -3.86161
2.59223 -3.85653
2.58639 -3.85107
2.58018 -3.84604
2.57418 -3.84077
2.56825 -3.83542
2.56206 -3.83037
2.55584 -3.82535
2.54972 -3.82022
2.54371 -3.81496
2.53775 -3.80964
2.5317 -3.80443
2.52554 -3.79934
2.51968 -3.7939
2.51363 -3.7887
2.50753 -3.78354
2.50162 -3.77816
2.49554 -3.77298
2.48956 -3.76768
2.48332 -3.76269
2.47743 -3.75729
2.47117 -3.75232
2.46509 -3.74714
2.4592 -3.74174
2.45302 -3.73668
2.44674 -3.73173
2.44395 -3.72885
2.44116 -3.72597
2.43489 -3.72102
2.4289 -3.71573
2.42291 -3.71044
2.41682 -3.70528
2.41078 -3.70006
2.40452 -3.69508
2.39866 -3.68964
2.39239 -3.68468
2.38625 -3.67959
2.38345 -3.67671
2.38066 -3.67384
2.37437 -3.6689
2.3682 -3.66382
2.36228 -3.65845
2.3562 -3.65328
2.35019 -3.64802
2.34403 -3.64293
2.33816 -3.63751
2.33495 -3.63512
2.33174 -3.63272
2.32888 -3.62992
2.32603 -3.62712
2.31983 -3.62207
2.3138 -3.61684
2.30763 -3.61176
2.30476 -3.60898
2.30188 -3.60619
2.29579 -3.60103
2.28975 -3.59581
2.28654 -3.59342
2.28333 -3.59102
2.27729 -3.58579
2.27447 -3.58296
2.27164 -3.58012
2.26842 -3.57774
2.2652 -3.57536
2.25911 -3.57019
2.25326 -3.56474
2.24709 -3.55967
2.24118 -3.5543
2.23528 -3.54891
2.22901 -3.54394
2.22312 -3.53855
2.21721 -3.53317
2.21396 -3.53082
2.21071 -3.52848
2.20472 -3.5232
2.20187 -3.52039
2.19902 -3.51757
2.19279 -3.51257
2.1867 -3.5074
2.18085 -3.50195
2.17465 -3.49692
2.16874 -3.49154
2.16275 -3.48625
2.1565 -3.48127
2.15057 -3.47592
2.14433 -3.47093
2.13827 -3.46572
2.13199 -3.46077
2.12612 -3.45535
2.1202 -3.44999
2.11398 -3.44497
2.10782 -3.43988
2.10195 -3.43447
2.09598 -3.42916
2.08981 -3.42409
2.08363 -3.41902
2.07781 -3.41354
2.07154 -3.40858
2.06545 -3.40341
2.05969 -3.39786
2.05649 -3.39546
2.05329 -3.39305
2.04749 -3.38754
2.04145 -3.38233
2.03532 -3.3772
2.02928 -3.37197
2.02333 -3.36664
2.01737 -3.36133
2.01108 -3.35639
2.00532 -3.35084
1.99912 -3.3458
1.99288 -3.34081
1.98695 -3.33546
1.98066 -3.33053
1.97477 -3.32512
1.96886 -3.31975
1.96284 -3.31449
1.95668 -3.30941
1.95057 -3.30427
1.94473 -3.29881
1.93865 -3.29363
1.93243 -3.28861
1.92616 -3.28366
1.92039 -3.27811
1.91452 -3.27269
1.90832 -3.26765
1.90213 -3.2626
1.8962 -3.25724
1.89017 -3.25201
1.88414 -3.24677
1.87785 -3.24184
1.87194 -3.23646
1.86606 -3.23104
1.85976 -3.22613
1.85354 -3.22111
1.85074 -3.21824
1.84794 -3.21537
1.84475 -3.21295
1.84157 -3.21053
1.83561 -3.20521
1.82959 -3.19997
1.82333 -3.19499
1.81747 -3.18956
1.81119 -3.18461
1.80521 -3.17931
1.79941 -3.17381
1.79619 -3.17143
1.79298 -3.16904
1.78707 -3.16366
1.78422 -3.16086
1.78136 -3.15805
1.77816 -3.15564
1.77497 -3.15323
1.76891 -3.14803
1.76272 -3.14298
1.75679 -3.13762
1.75077 -3.13237
1.7448 -3.12707
1.73877 -3.12183
1.73268 -3.11666
1.72639 -3.11173
1.72361 -3.10884
1.72082 -3.10596
1.71758 -3.1036
1.71434 -3.10124
1.70846 -3.09583
1.70232 -3.09073
1.69616 -3.08564
1.6933 -3.08284
1.69044 -3.08004
1.68421 -3.07504
1.67842 -3.06952
1.67523 -3.0671
1.67205 -3.06468
1.66589 -3.05959
1.6599 -3.05431
1.65702 -3.05153
1.65415 -3.04874
1.64809 -3.04354
1.64488 -3.04114
1.64168 -3.03875
1.6357 -3.03345
1.62986 -3.02799
1.62351 -3.02312
1.61751 -3.01785
1.61162 -3.01245
1.60579 -3.00698
1.59952 -3.00203
1.5934 -2.99689
1.58758 -2.99142
1.58437 -2.98903
1.58115 -2.98663
1.57517 -2.98135
1.56936 -2.97585
1.56304 -2.97095
1.55703 -2.96569
1.55419 -2.96287
1.55135 -2.96004
1.54526 -2.95488
1.53893 -2.94999
1.5329 -2.94475
1.52666 -2.93976
1.5238 -2.93696
1.52094 -2.93416
1.51475 -2.92911
1.50897 -2.92358
1.50573 -2.92123
1.50248 -2.91888
1.4967 -2.91335
1.49062 -2.90817
1.4846 -2.90293
1.48142 -2.9005
1.47824 -2.89808
1.47242 -2.89259
1.46634 -2.88741
1.46045 -2.88201
1.45429 -2.87692
1.44808 -2.8719
1.44205 -2.86666
1.43625 -2.86115
1.42999 -2.85619
1.42407 -2.85082
1.41784 -2.84581
1.41498 -2.84301
1.41213 -2.84021
1.40894 -2.83779
1.40575 -2.83537
1.39977 -2.83008
1.39379 -2.82479
1.38755 -2.81979
1.38168 -2.81437
1.37579 -2.80897
1.37257 -2.80659
1.36935 -2.80421
1.36328 -2.79902
1.35746 -2.79354
1.35151 -2.7882
1.34519 -2.7833
1.33916 -2.77807
1.33629 -2.77528
1.33342 -2.7725
1.33015 -2.77017
1.32689 -2.76784
1.32409 -2.76496
1.3213 -2.76209
1.31511 -2.75704
1.31192 -2.75462
1.30873 -2.7522
1.3059 -2.74937
1.30307 -2.74654
1.29986 -2.74415
1.29664 -2.74176
1.29056 -2.73659
1.28773 -2.73375
1.28491 -2.73091
1.27886 -2.7257
1.27562 -2.72333
1.27239 -2.72097
1.26951 -2.71819
1.26663 -2.71541
1.26067 -2.71011
1.25466 -2.70484
1.24844 -2.69982
1.24236 -2.69464
1.23655 -2.68916
1.23328 -2.68683
1.23002 -2.6845
1.22413 -2.67909
1.21802 -2.67395
1.21191 -2.66881
1.20909 -2.66597
1.20626 -2.66312
1.20019 -2.65794
1.19417 -2.65269
1.18804 -2.64757
1.18184 -2.64252
1.17598 -2.63709
1.16969 -2.63215
1.1635 -2.62711
1.1577 -2.6216
1.15144 -2.61663
1.14554 -2.61124
1.13955 -2.60596
1.13348 -2.60077
1.1272 -2.59582
1.12435 -2.59301
1.12151 -2.59019
1.11518 -2.5853
1.10935 -2.57983
1.10616 -2.57741
1.10298 -2.57499
1.09709 -2.56959
1.09094 -2.5645
1.08806 -2.56172
1.08519 -2.55893
1.07887 -2.55402
1.07267 -2.54898
1.06983 -2.54617
1.06698 -2.54336
1.06086 -2.53823
1.05456 -2.5333
1.04863 -2.52795
1.04236 -2.52299
1.03631 -2.51777
1.03351 -2.51491
1.03071 -2.51204
1.0247 -2.50678
1.0215 -2.50437
1.0183 -2.50197
1.01238 -2.4966
1.00634 -2.49138
1.00033 -2.48612
0.994208 -2.48099
0.988281 -2.47563
0.98232 -2.47031
0.979081 -2.46795
0.975843 -2.4656
0.973003 -2.46277
0.970163 -2.45995
0.963892 -2.45499
0.957878 -2.44974
0.951814 -2.44454
0.945656 -2.43945
0.939604 -2.43424
0.933699 -2.42886
0.927602 -2.4237
0.921363 -2.4187
0.915289 -2.41352
0.912443 -2.4107
0.909598 -2.40789
0.90356 -2.40266
0.900328 -2.40029
0.897097 -2.39793
0.891336 -2.39238
0.888156 -2.38995
0.884975 -2.38752
0.879188 -2.382
0.873265 -2.37664
0.867057 -2.37161
0.860934 -2.36648
0.854995 -2.36114
0.849139 -2.3557
0.845939 -2.3533
0.842738 -2.35089
0.839882 -2.34809
0.837026 -2.34529
0.830934 -2.34012
0.824621 -2.33521
0.818532 -2.33004
0.815657 -2.32726
0.812781 -2.32448
0.806616 -2.3194
0.800426 -2.31435
0.794378 -2.30913
0.788558 -2.30365
0.785311 -2.30131
0.782063 -2.29896
0.77605 -2.2937
0.770123 -2.28834
0.76404 -2.28317
0.76117 -2.28038
0.7583 -2.27759
0.755078 -2.27521
0.751856 -2.27284
0.745981 -2.26742
0.739962 -2.26217
0.734103 -2.25673
0.728032 -2.25154
0.722032 -2.24627
0.715864 -2.24119
0.709793 -2.23601
0.70386 -2.23066
0.697611 -2.22567
0.691437 -2.2206
0.685341 -2.21544
0.679466 -2.21003
0.67335 -2.20489
0.667306 -2.19967
0.661347 -2.19435
0.655051 -2.18942
0.64908 -2.18411
0.643222 -2.17868
0.637218 -2.17341
0.630888 -2.16852
0.625009 -2.1631
0.623224 -2.16175
0.616956 -2.15685
0.611118 -2.15143
0.60503 -2.14631
0.598769 -2.14141
0.592303 -2.13675
0.586289 -2.13154
0.580166 -2.12646
0.574205 -2.12119
0.567733 -2.11654
0.561745 -2.1113
0.55558 -2.10627
0.549723 -2.10088
0.543263 -2.09621
0.537432 -2.09078
0.530976 -2.08611
0.525198 -2.08061
0.518696 -2.076
0.512494 -2.07102
0.506416 -2.06589
0.50039 -2.0607
0.494297 -2.05558
0.48787 -2.05088
0.48209 -2.04538
0.475808 -2.0405
0.469831 -2.03525
0.463717 -2.03016
0.457237 -2.02552
0.451229 -2.02031
0.445341 -2.01494
0.439012 -2.01012
0.432703 -2.00527
0.426834 -1.99988
0.420295 -1.99531
0.414565 -1.98976
0.408123 -1.98507
0.401946 -1.98006
0.396207 -1.97452
0.389692 -1.96992
0.383647 -1.96475
0.377663 -1.95951
0.37141 -1.95459
0.365465 -1.9493
0.359094 -1.94452
0.352753 -1.93971
0.346632 -1.93463
0.340776 -1.92923
0.334663 -1.92415
0.328384 -1.91926
0.322381 -1.91404
0.315913 -1.90938
0.309757 -1.90435
0.30377 -1.89911
0.297845 -1.89379
0.291514 -1.88897
0.285245 -1.88407
0.279021 -1.87912
0.272945 -1.87398
0.266736 -1.86901
0.260892 -1.8636
0.254606 -1.85872
0.248698 -1.85338
0.242405 -1.84851
0.236404 -1.84329
0.229953 -1.83861
0.223904 -1.83345
0.217792 -1.82836
0.211545 -1.82343
0.205431 -1.81835
0.19962 -1.81289
0.193463 -1.80786
0.187155 -1.80301
0.180761 -1.79826
0.175003 -1.79274
0.168584 -1.78803
0.162595 -1.78279
0.156356 -1.77785
0.150348 -1.77264
0.144296 -1.76748
0.138034 -1.76257
0.131699 -1.75775
0.125532 -1.75273
0.119624 -1.74739
0.113494 -1.74232
0.1073 -1.73733
0.101335 -1.73207
0.0949001 -1.72737
0.088724 -1.72236
0.0827773 -1.71707
0.0765355 -1.71214
0.0704546 -1.70701
0.0644978 -1.70173
0.0578914 -1.69725
0.0518603 -1.69206
0.0458945 -1.68679
0.0394841 -1.68207
0.0334048 -1.67694
0.0274691 -1.67163
0.0213634 -1.66654
0.0151607 -1.66156
0.00919788 -1.65629
0.00283613 -1.6515
-0.00316971 -1.64628
-0.00931094 -1.64121
-0.0133923 -1.63847
-0.0173228 -1.63551
-0.0217058 -1.63327
-0.0258147 -1.63059
-0.0302587 -1.62849
-0.0345661 -1.62606
-0.0393402 -1.62481
-0.0439285 -1.62309
-0.0486299 -1.62163
-0.0533677 -1.62017
-0.0582744 -1.61975
-0.0631328 -1.61883
-0.0680635 -1.61903
-0.0729636 -1.6189
-0.0798652 -1.6188
-0.0867669 -1.61898
-0.0936685 -1.61857
-0.10057 -1.61888
-0.107472 -1.619
-0.114373 -1.61824
-0.121286 -1.61841
-0.126335 -1.61894
-0.131426 -1.61897
-0.136453 -1.61963
-0.141449 -1.62056
-0.146377 -1.62175
-0.151156 -1.62343
-0.156057 -1.62479
-0.160821 -1.62658
-0.165315 -1.62892
-0.169876 -1.63115
-0.174186 -1.63382
-0.17862 -1.63634
-0.182602 -1.63948
-0.186705 -1.64249
-0.189493 -1.64537
-0.19228 -1.64824
-0.198551 -1.65319
-0.204844 -1.6581
-0.210775 -1.66344
-0.21658 -1.66892
-0.223001 -1.67369
-0.225784 -1.67657
-0.228566 -1.67945
-0.234743 -1.68451
-0.240665 -1.68985
-0.246874 -1.69487
-0.252859 -1.70014
-0.258948 -1.7053
-0.265133 -1.71034
-0.27115 -1.71558
-0.27719 -1.72079
-0.283446 -1.72574
-0.289498 -1.73094
-0.295479 -1.73622
-0.301368 -1.74161
-0.307615 -1.74658
-0.313561 -1.7519
-0.319336 -1.75742
-0.325529 -1.76245
-0.331821 -1.76737
-0.3377 -1.77276
-0.343698 -1.77802
-0.349953 -1.78298
-0.356073 -1.7881
-0.36193 -1.79352
-0.367734 -1.79901
-0.37414 -1.80379
-0.380078 -1.80912
-0.386059 -1.8144
-0.39223 -1.81946
-0.397965 -1.82503
-0.40431 -1.82988
-0.410516 -1.8349
-0.413339 -1.83773
-0.416162 -1.84057
-0.422329 -1.84563
-0.428671 -1.85049
-0.434373 -1.85609
-0.440336 -1.86139
-0.44663 -1.86631
-0.45247 -1.87175
-0.458762 -1.87667
-0.464788 -1.8819
-0.470845 -1.88709
-0.476713 -1.8925
-0.482993 -1.89743
-0.488781 -1.90293
-0.495065 -1.90786
-0.501212 -1.91295
-0.507323 -1.91807
-0.512981 -1.92373
-0.519083 -1.92887
-0.525014 -1.93421
-0.528238 -1.93657
-0.531462 -1.93894
-0.53741 -1.94426
-0.543518 -1.94939
-0.549647 -1.9545
-0.555697 -1.9597
-0.56161 -1.96506
-0.56771 -1.9702
-0.573606 -1.97557
-0.579442 -1.98102
-0.585501 -1.98621
-0.591747 -1.99118
-0.597915 -1.99624
-0.6039 -2.00152
-0.609921 -2.00675
-0.616107 -2.01179
-0.622127 -2.01702
-0.627858 -2.02259
-0.633866 -2.02784
-0.639976 -2.03297
-0.646266 -2.03789
-0.652474 -2.04291
-0.658403 -2.04825
-0.664249 -2.05368
-0.670267 -2.05892
-0.676381 -2.06404
-0.682358 -2.06933
-0.68854 -2.07437
-0.694828 -2.07929
-0.697651 -2.08213
-0.700474 -2.08496
-0.706808 -2.08983
-0.712675 -2.09524
-0.718718 -2.10045
-0.724906 -2.10549
-0.730895 -2.11076
-0.736911 -2.116
-0.743091 -2.12104
-0.749142 -2.12624
-0.755243 -2.13138
-0.761009 -2.13691
-0.767162 -2.14199
-0.77352 -2.14683
-0.779313 -2.15233
-0.785453 -2.15742
-0.791555 -2.16256
-0.797489 -2.1679
-0.80362 -2.173
-0.80958 -2.1783
-0.815818 -2.18329
-0.818638 -2.18612
-0.821458 -2.18896
-0.827575 -2.19408
-0.833983 -2.19887
-0.835114 -2.20032
-0.841028 -2.2057
-0.844165 -2.20818
-0.847302 -2.21067
-0.85004 -2.2136
-0.852777 -2.21654
-0.856 -2.21893
-0.859223 -2.22132
-0.861958 -2.22426
-0.864692 -2.2272
-0.867849 -2.22966
-0.871005 -2.23213
-0.877007 -2.23741
-0.882957 -2.24274
-0.888908 -2.24808
-0.894928 -2.25334
-0.897761 -2.25616
-0.900595 -2.25899
-0.906662 -2.2642
-0.912818 -2.2693
-0.915678 -2.2721
-0.918537 -2.2749
-0.924547 -2.28017
-0.930574 -2.28542
-0.936323 -2.29098
-0.942378 -2.2962
-0.948226 -2.30165
-0.951362 -2.30414
-0.954499 -2.30663
-0.960562 -2.31184
-0.963377 -2.31468
-0.966192 -2.31753
-0.969323 -2.32003
-0.972454 -2.32252
-0.97854 -2.3277
-0.984291 -2.33326
-0.990273 -2.33856
-0.996322 -2.34379
-1.00213 -2.34928
-1.00796 -2.35476
-1.0111 -2.35725
-1.01423 -2.35973
-1.01704 -2.36259
-1.01984 -2.36545
-1.02596 -2.37061
-1.03185 -2.376
-1.0378 -2.38134
-1.04392 -2.38648
-1.05006 -2.39162
-1.05609 -2.39686
-1.06204 -2.4022
-1.06807 -2.40745
-1.0708 -2.41039
-1.07354 -2.41332
-1.07948 -2.41867
-1.08271 -2.42105
-1.08593 -2.42344
-1.09192 -2.42874
-1.09472 -2.43159
-1.09753 -2.43445
-1.10353 -2.43974
-1.10951 -2.44504
-1.11569 -2.45012
-1.12168 -2.45541
-1.12447 -2.45828
-1.12727 -2.46115
-1.13343 -2.46625
-1.13954 -2.47141
-1.14555 -2.47668
-1.15136 -2.48217
-1.15422 -2.48497
-1.15708 -2.48776
-1.16019 -2.49029
-1.16329 -2.49281
-1.16921 -2.49819
-1.17525 -2.50342
-1.18124 -2.50871
-1.18714 -2.51411
-1.19024 -2.51663
-1.19335 -2.51915
-1.19617 -2.522
-1.19898 -2.52484
-1.20516 -2.52992
-1.21123 -2.53512
-1.21403 -2.53799
-1.21682 -2.54087
-1.22274 -2.54624
-1.22883 -2.55141
-1.23198 -2.55389
-1.23513 -2.55636
-1.23789 -2.55927
-1.24065 -2.56218
-1.24378 -2.56467
-1.24691 -2.56716
-1.25295 -2.5724
-1.25581 -2.57521
-1.25866 -2.57801
-1.26181 -2.58048
-1.26496 -2.58296
-1.26778 -2.5858
-1.27061 -2.58863
-1.27661 -2.59391
-1.28245 -2.59938
-1.28849 -2.6046
-1.29442 -2.60996
-1.29755 -2.61246
-1.30068 -2.61495
-1.30348 -2.61782
-1.30627 -2.62069
-1.31241 -2.62582
-1.31858 -2.63091
-1.32433 -2.63647
-1.33022 -2.64188
-1.33334 -2.64438
-1.33646 -2.64689
-1.34225 -2.6524
-1.34809 -2.65786
-1.35395 -2.6633
-1.35711 -2.66576
-1.36028 -2.66822
-1.36607 -2.67373
-1.37203 -2.67905
-1.37809 -2.68427
-1.38418 -2.68945
-1.39008 -2.69485
-1.39602 -2.70018
-1.39887 -2.703
-1.40171 -2.70582
-1.40772 -2.71108
-1.41376 -2.71633
-1.41692 -2.71878
-1.42008 -2.72124
-1.42592 -2.7267
-1.43189 -2.73202
-1.43778 -2.73743
-1.44384 -2.74263
-1.4497 -2.74808
-1.45567 -2.75339
-1.45851 -2.75622
-1.46134 -2.75904
-1.46745 -2.7642
-1.47332 -2.76963
-1.47651 -2.77205
-1.4797 -2.77448
-1.4856 -2.77987
-1.49137 -2.78542
-1.49717 -2.79092
-1.50326 -2.7961
-1.50943 -2.80118
-1.51547 -2.80642
-1.51829 -2.80927
-1.5211 -2.81212
-1.52727 -2.81721
-1.53346 -2.82228
-1.53627 -2.82513
-1.53909 -2.82797
-1.54524 -2.83309
-1.55104 -2.83859
-1.55722 -2.84367
-1.56319 -2.84898
-1.56895 -2.85453
-1.57475 -2.86004
-1.58071 -2.86537
-1.5868 -2.87055
-1.59269 -2.87595
-1.59886 -2.88104
-1.60466 -2.88654
-1.60779 -2.88904
-1.61092 -2.89154
-1.61372 -2.8944
-1.61652 -2.89726
-1.62267 -2.90238
-1.6288 -2.90751
-1.63159 -2.91039
-1.63438 -2.91326
-1.63748 -2.91579
-1.64058 -2.91832
-1.64654 -2.92364
-1.64941 -2.92643
-1.65228 -2.92922
-1.65541 -2.93172
-1.65853 -2.93422
-1.6646 -2.93942
-1.66743 -2.94225
-1.67027 -2.94508
-1.67632 -2.95029
-1.67947 -2.95277
-1.68262 -2.95524
-1.68543 -2.9581
-1.68824 -2.96095
-1.69137 -2.96344
-1.6945 -2.96593
-1.69731 -2.96879
-1.70011 -2.97165
-1.70599 -2.97707
-1.71198 -2.98237
-1.71518 -2.98478
-1.71838 -2.9872
-1.7212 -2.99004
-1.72401 -2.99289
-1.72989 -2.99831
-1.73303 -3.00079
-1.73617 -3.00327
-1.74216 -3.00857
-1.74793 -3.01411
-1.75103 -3.01663
-1.75414 -3.01915
-1.75994 -3.02465
-1.766 -3.02987
-1.77211 -3.03503
-1.77786 -3.04059
-1.78388 -3.04584
-1.78973 -3.05129
-1.79563 -3.05668
-1.8017 -3.06189
-1.80757 -3.06732
-1.81347 -3.0727
-1.81966 -3.07778
-1.82549 -3.08325
-1.83146 -3.08856
-1.83459 -3.09106
-1.83772 -3.09355
-1.84056 -3.09638
-1.84339 -3.0992
-1.84652 -3.1017
-1.84964 -3.1042
-1.85251 -3.10699
-1.85538 -3.10978
-1.86136 -3.11508
-1.86735 -3.12038
-1.87343 -3.12557
-1.87947 -3.1308
-1.88233 -3.1336
-1.88519 -3.13639
-1.89131 -3.14154
-1.89728 -3.14686
-1.90316 -3.15228
-1.90917 -3.15754
-1.9152 -3.16279
-1.92126 -3.168
-1.92403 -3.1709
-1.9268 -3.1738
-1.93269 -3.1792
-1.93585 -3.18167
-1.939 -3.18414
-1.94497 -3.18945
-1.94783 -3.19224
-1.9507 -3.19503
-1.9567 -3.20031
-1.96281 -3.20547
-1.96565 -3.20829
-1.96848 -3.21112
-1.97171 -3.21351
-1.97493 -3.21589
-1.97771 -3.21878
-1.9805 -3.22167
-1.98645 -3.22699
-1.98962 -3.22945
-1.99279 -3.2319
-1.99555 -3.2348
-1.99832 -3.23771
-2.00147 -3.24018
-2.00463 -3.24264
-2.01064 -3.24791
-2.01347 -3.25074
-2.01629 -3.25358
-2.0223 -3.25886
-2.02542 -3.26135
-2.02855 -3.26385
-2.03458 -3.2691
-2.04057 -3.27439
-2.04656 -3.27968
-2.05254 -3.28499
-2.05846 -3.29036
-2.0644 -3.2957
-2.06721 -3.29856
-2.07002 -3.30142
-2.0761 -3.30661
-2.082 -3.312
-2.0879 -3.31739
-2.09395 -3.32262
-2.09984 -3.32802
-2.10586 -3.33327
-2.109 -3.33576
-2.11213 -3.33825
-2.11809 -3.34358
-2.12094 -3.34638
-2.1238 -3.34919
-2.12984 -3.35443
-2.13586 -3.35968
-2.14175 -3.36509
-2.14761 -3.37053
-2.15365 -3.37576
-2.15943 -3.38129
-2.16256 -3.38378
-2.1657 -3.38627
-2.17175 -3.39149
-2.17774 -3.39678
-2.18354 -3.40229
-2.18945 -3.40767
-2.19521 -3.41322
-2.20121 -3.4185
-2.20437 -3.42096
-2.20754 -3.42341
-2.21342 -3.42882
-2.21934 -3.4342
-2.22545 -3.43936
-2.22823 -3.44224
-2.23101 -3.44513
-2.23412 -3.44764
-2.23724 -3.45015
-2.24335 -3.45531
-2.24922 -3.46074
-2.25496 -3.46631
-2.25813 -3.46876
-2.26129 -3.47122
-2.26704 -3.47678
-2.27288 -3.48224
-2.27875 -3.48767
-2.28197 -3.49006
-2.28519 -3.49245
-2.29111 -3.49783
-2.2969 -3.50334
-2.30293 -3.50858
-2.30885 -3.51396
-2.31466 -3.51945
-2.32062 -3.52478
-2.32652 -3.53017
-2.33247 -3.53551
-2.33864 -3.5406
-2.34474 -3.54576
-2.35055 -3.55126
-2.35664 -3.55644
-2.35949 -3.55925
-2.36233 -3.56207
-2.36841 -3.56726
-2.37152 -3.56977
-2.37464 -3.57228
-2.38063 -3.57758
-2.38346 -3.5804
-2.3863 -3.58323
-2.3923 -3.58851
-2.39543 -3.591
-2.39856 -3.5935
-2.40142 -3.5963
-2.40428 -3.59909
-2.41013 -3.60454
-2.41632 -3.60961
-2.41913 -3.61246
-2.42194 -3.61532
-2.42793 -3.6206
-2.43406 -3.62575
-2.44007 -3.63101
-2.44618 -3.63617
-2.45211 -3.64153
-2.45798 -3.64696
-2.46393 -3.65229
-2.46706 -3.65479
-2.47019 -3.65729
-2.47597 -3.66281
-2.48188 -3.66819
-2.48804 -3.67329
-2.49394 -3.67868
-2.49979 -3.68414
-2.50559 -3.68964
-2.51143 -3.69511
-2.51744 -3.70038
-2.52355 -3.70553
-2.52941 -3.71096
-2.53256 -3.71343
-2.53572 -3.7159
-2.54175 -3.72115
-2.54454 -3.72402
-2.54733 -3.7269
-2.55342 -3.73207
-2.55655 -3.73458
-2.55967 -3.73708
-2.56554 -3.7425
-2.57143 -3.74791
-2.57753 -3.75307
-2.58337 -3.75854
-2.58911 -3.76411
-2.59221 -3.76664
-2.59531 -3.76916
-2.60109 -3.7747
-2.60714 -3.77992
-2.6129 -3.78547
-2.61606 -3.78793
-2.61922 -3.79039
-2.62521 -3.79569
-2.63099 -3.80121
-2.63677 -3.80673
-2.63997 -3.80915
-2.64317 -3.81157
-2.64908 -3.81696
-2.65511 -3.8222
-2.66105 -3.82755
-2.66699 -3.8329
-2.6698 -3.83575
-2.6726 -3.83861
-2.67574 -3.8411
-2.67887 -3.84359
-2.68483 -3.84891
-2.68769 -3.85172
-2.69054 -3.85452
-2.69663 -3.85971
-2.69975 -3.86221
-2.70288 -3.86471
-2.70564 -3.86761
-2.7084 -3.87052
-2.71449 -3.8757
-2.72067 -3.88078
-2.72667 -3.88606
-2.73245 -3.89159
-2.73532 -3.89438
-2.73818 -3.89717
-2.74434 -3.90228
-2.74745 -3.90479
-2.75057 -3.9073
-2.75632 -3.91286
-2.76218 -3.9183
-2.76531 -3.92079
-2.76844 -3.92329
-2.7713 -3.92608
-2.77417 -3.92887
-2.77997 -3.93438
-2.78605 -3.93957
-2.79194 -3.94497
-2.798 -3.95019
-2.80114 -3.95266
-2.80429 -3.95514
-2.81018 -3.96054
-2.81609 -3.96593
-2.81892 -3.96876
-2.82175 -3.97159
-2.82777 -3.97685
-2.83375 -3.98215
-2.83961 -3.98759
-2.84575 -3.99271
-2.85163 -3.99812
-2.85777 -4.00325
-2.86063 -4.00605
-2.8635 -4.00884
-2.86664 -4.01132
-2.86978 -4.0138
-2.87589 -4.01896
-2.88169 -4.02447
-2.8875 -4.02996
-2.89359 -4.03514
-2.89965 -4.04035
-2.90541 -4.04591
-2.91158 -4.05099
-2.91767 -4.05618
-2.9204 -4.05911
-2.92314 -4.06205
-2.92926 -4.0672
-2.9351 -4.07265
-2.93823 -4.07514
-2.94137 -4.07763
-2.94749 -4.08277
-2.95326 -4.08832
-2.95905 -4.09383
-2.96219 -4.09632
-2.96532 -4.09881
-2.96815 -4.10164
-2.97099 -4.10447
-2.97416 -4.10692
-2.97733 -4.10937
-2.98325 -4.11473
-2.98925 -4.12001
-2.99505 -4.12551
-2.99791 -4.12832
-3.00076 -4.13112
-3.00694 -4.1362
-3.01284 -4.1416
-3.01859 -4.14716
-3.02172 -4.14966
-3.02485 -4.15215
-3.03078 -4.1575
-3.03692 -4.16263
-3.04282 -4.16802
-3.04882 -4.17331
-3.05463 -4.1788
-3.06046 -4.18427
-3.06651 -4.18949
-3.07242 -4.19488
-3.07842 -4.20016
-3.08442 -4.20544
-3.09042 -4.21072
-3.09647 -4.21594
-3.09931 -4.21876
-3.10215 -4.22159
-3.10812 -4.2269
-3.11128 -4.22936
-3.11444 -4.23182
-3.12047 -4.23706
-3.12325 -4.23995
-3.12603 -4.24284
-3.13211 -4.24803
-3.1382 -4.25322
-3.14412 -4.25858
-3.15 -4.264
-3.15594 -4.26935
-3.16182 -4.27477
-3.16494 -4.27727
-3.16806 -4.27978
-3.17092 -4.28257
-3.17378 -4.28536
-3.17698 -4.28778
-3.18018 -4.2902
-3.18292 -4.29313
-3.18566 -4.29606
-3.18876 -4.29859
-3.19186 -4.30112
-3.1979 -4.30635
-3.20405 -4.31147
-3.20995 -4.31686
-3.21278 -4.3197
-3.2156 -4.32254
-3.21877 -4.32499
-3.22193 -4.32744
-3.22468 -4.33037
-3.22743 -4.33329
-3.23351 -4.33847
-3.23665 -4.34096
-3.23979 -4.34345
-3.24566 -4.34888
-3.24848 -4.35171
-3.25131 -4.35455
-3.25746 -4.35966
-3.26332 -4.3651
-3.2695 -4.37017
-3.27234 -4.37299
-3.27518 -4.37581
-3.28128 -4.38098
-3.28737 -4.38616
-3.29314 -4.3917
-3.29923 -4.39688
-3.30541 -4.40196
-3.31119 -4.40749
-3.31705 -4.41293
-3.32016 -4.41544
-3.32328 -4.41795
-3.32915 -4.42338
-3.33496 -4.42887
-3.33809 -4.43136
-3.34123 -4.43385
-3.34717 -4.4392
-3.35319 -4.44446
-3.35903 -4.44992
-3.3648 -4.45546
-3.36789 -4.45799
-3.37099 -4.46052
-3.37386 -4.46331
-3.37672 -4.4661
-3.38255 -4.47157
-3.38569 -4.47406
-3.38882 -4.47655
-3.3948 -4.48186
-3.39783 -4.48448
-3.40086 -4.48709
-3.40655 -4.49253
-3.41151 -4.49863
-3.41484 -4.50262
-3.42037 -4.50799
-3.42567 -4.51358
-3.43083 -4.5193
-3.43616 -4.52486
-3.44173 -4.53019
-3.44699 -4.53582
-3.45222 -4.54147
-3.45764 -4.54694
-3.46313 -4.55235
-3.46865 -4.55772
-3.474 -4.56326
-3.47941 -4.56874
-3.48473 -4.57431
-3.48995 -4.57997
-3.49529 -4.58552
-3.50074 -4.59097
-3.50644 -4.59615
-3.51176 -4.60174
-3.51718 -4.60724
-3.52315 -4.61214
-3.52872 -4.61748
-3.53412 -4.62299
-3.53976 -4.62824
-3.54571 -4.63317
-3.55089 -4.63891
-3.55677 -4.64391
-3.56249 -4.64909
-3.56798 -4.65451
-3.57374 -4.65964
-3.57908 -4.66522
-3.58487 -4.6703
-3.58859 -4.67315
-3.59435 -4.6785
-3.60059 -4.68325
-3.60708 -4.68766
-3.61319 -4.69257
-3.61953 -4.69718
-3.62556 -4.70219
-3.63191 -4.70679
-3.6379 -4.71185
-3.64395 -4.71683
-3.65052 -4.72115
-3.65623 -4.72657
-3.6629 -4.73075
-3.6689 -4.7358
-3.67482 -4.74095
-3.68115 -4.74557
-3.68745 -4.75024
-3.69342 -4.75531
-3.69988 -4.75978
-3.70619 -4.76443
-3.71199 -4.76973
-3.71841 -4.77424
-3.72294 -4.77731
-3.7257 -4.77934
-3.72983 -4.78187
-3.73355 -4.78497
-3.73691 -4.78844
-3.74089 -4.7913
-3.74411 -4.7949
-3.747 -4.79878
-3.74963 -4.80284
-3.75283 -4.80648
-3.75542 -4.81056
-3.75805 -4.81465
-3.76004 -4.81905
-3.762 -4.82349
-3.76382 -4.82796
-3.76487 -4.83269
-3.76657 -4.83724
-3.76762 -4.84197
-3.76845 -4.84673
-3.76853 -4.85156
-3.76935 -4.85636
-3.76933 -4.86119
-3.76916 -4.86906
-3.76937 -4.87693
-3.76938 -4.88481
-3.76959 -4.89268
-3.76935 -4.90055
-3.76931 -4.90843
-3.7698 -4.9163
-3.76944 -4.92417
-3.76975 -4.93205
-3.77014 -4.93992
-3.76967 -4.94779
-3.77037 -4.95566
-3.77036 -4.96354
-3.7699 -4.97141
-3.76978 -4.97929
-3.76983 -4.98716
-3.77023 -4.99503
-3.76999 -5.00291
-3.77033 -5.01078
-3.77014 -5.01865
-3.77052 -5.02652
-3.77059 -5.0344
-3.77008 -5.04227
-3.77045 -5.05014
-3.77062 -5.05802
-3.77022 -5.06589
-3.77074 -5.07376
-3.77099 -5.08163
-3.77099 -5.08951
-3.77071 -5.09738
-3.77112 -5.10527
-3.77041 -5.10945
-3.77051 -5.11366
-3.76962 -5.11779
-3.76978 -5.12207
-3.76852 -5.12611
-3.76804 -5.13033
-3.76665 -5.1343
-3.7651 -5.1382
-3.76417 -5.14236
-3.76265 -5.1463
-3.76134 -5.14742
-3.75956 -5.15191
-3.75758 -5.15633
-3.75479 -5.16026
-3.75223 -5.16433
-3.74927 -5.16812
-3.74614 -5.17175
-3.74302 -5.17542
-3.73965 -5.17883
-3.73613 -5.18211
-3.73244 -5.18519
-3.72633 -5.19029
-3.72002 -5.19514
-3.71384 -5.20016
-3.70766 -5.20517
-3.70168 -5.21042
-3.69539 -5.21531
-3.68886 -5.21988
-3.68296 -5.22524
-3.67663 -5.23007
-3.67028 -5.23487
-3.66433 -5.24017
-3.65815 -5.24518
-3.6516 -5.24972
-3.64555 -5.2549
-3.63951 -5.26009
-3.63321 -5.26496
-3.62673 -5.26959
-3.62084 -5.27496
-3.6147 -5.28003
-3.60846 -5.28496
-3.60208 -5.28973
-3.59578 -5.29459
-3.58982 -5.29988
-3.5834 -5.3046
-3.57722 -5.3096
-3.57099 -5.31455
-3.56461 -5.31931
-3.55847 -5.32438
-3.55249 -5.32964
-3.5463 -5.33464
-3.53983 -5.3393
-3.53368 -5.34434
-3.52748 -5.34933
-3.52139 -5.35446
-3.51507 -5.35929
-3.50899 -5.36443
-3.50242 -5.36895
-3.49617 -5.37388
-3.4903 -5.37929
-3.48388 -5.38399
-3.47765 -5.38894
-3.47141 -5.39388
-3.4651 -5.39873
-3.45927 -5.40418
-3.45282 -5.40885
-3.44684 -5.41412
-3.44039 -5.4188
-3.43402 -5.42357
-3.42782 -5.42856
-3.42186 -5.43385
-3.4156 -5.43876
-3.40956 -5.44394
-3.40298 -5.44846
-3.39665 -5.45329
-3.39092 -5.45886
-3.38438 -5.46342
-3.37812 -5.46833
-3.37202 -5.47345
-3.36585 -5.47847
-3.3594 -5.48314
-3.3535 -5.48851
-3.3471 -5.49325
-3.34079 -5.49809
-3.33481 -5.50336
-3.32845 -5.50815
-3.32248 -5.51342
-3.31617 -5.51827
-3.30998 -5.52327
-3.30353 -5.52795
-3.29718 -5.53274
-3.29105 -5.53783
-3.28509 -5.54311
-3.27873 -5.5479
-3.27234 -5.55264
-3.26627 -5.55779
-3.25989 -5.56256
-3.25381 -5.5677
-3.24754 -5.5726
-3.24166 -5.57798
-3.23515 -5.58259
-3.22905 -5.58769
-3.22301 -5.59289
-3.21651 -5.59749
-3.21015 -5.60229
-3.20432 -5.60774
-3.19803 -5.61261
-3.1919 -5.61768
-3.18533 -5.62221
-3.17927 -5.62737
-3.17328 -5.63262
-3.16698 -5.63749
-3.16084 -5.64255
-3.15454 -5.64741
-3.14803 -5.65201
-3.14222 -5.65749
-3.13591 -5.66234
-3.12966 -5.66726
-3.1233 -5.67205
-3.11705 -5.67697
-3.11103 -5.68219
-3.10468 -5.68699
-3.09828 -5.69172
-3.09242 -5.69713
-3.08599 -5.70183
-3.0796 -5.70659
-3.07383 -5.71211
-3.06748 -5.71691
-3.06126 -5.72188
-3.05498 -5.72677
-3.04854 -5.73145
-3.04253 -5.73668
-3.03634 -5.74167
-3.02999 -5.74647
-3.02413 -5.75189
-3.01757 -5.75642
-3.01167 -5.76178
-3.00516 -5.76639
-2.99884 -5.77122
-2.99281 -5.77643
-2.98639 -5.78114
-2.98045 -5.78645
-2.97421 -5.79139
-2.96807 -5.79645
-2.96163 -5.80113
-2.95568 -5.80643
-2.94934 -5.81125
-2.94309 -5.81617
-2.93697 -5.82127
-2.93041 -5.8258
-2.92431 -5.83092
-2.91838 -5.83623
-2.91175 -5.84069
-2.90562 -5.84576
-2.89933 -5.8506
-2.89533 -5.85382
-2.89111 -5.85666
-2.88672 -5.8593
-2.88223 -5.86174
-2.87881 -5.86382
-2.87538 -5.8659
-2.8717 -5.86747
-2.86801 -5.86905
-2.86453 -5.87101
-2.86104 -5.87298
-2.85389 -5.87654
-2.85022 -5.87814
-2.84654 -5.87973
-2.83942 -5.88336
-2.83595 -5.88536
-2.83248 -5.88735
-2.8254 -5.89106
-2.81824 -5.89462
-2.81109 -5.89819
-2.80744 -5.89983
-2.80379 -5.90147
-2.80031 -5.90344
-2.79683 -5.90541
-2.78971 -5.90905
-2.78272 -5.91293
-2.77545 -5.91626
-2.76839 -5.92002
-2.76112 -5.92336
-2.75411 -5.9272
-2.74704 -5.93095
-2.74337 -5.93254
-2.73969 -5.93413
-2.73267 -5.93795
-2.729 -5.93955
-2.72533 -5.94116
-2.72189 -5.94321
-2.71845 -5.94527
-2.71135 -5.94894
-2.70771 -5.95059
-2.70406 -5.95224
-2.69708 -5.95614
-2.69343 -5.95778
-2.68978 -5.95941
-2.68264 -5.96301
-2.6756 -5.9668
-2.66856 -5.9706
-2.66148 -5.97431
-2.6543 -5.97781
-2.64725 -5.98159
-2.64013 -5.98523
-2.63646 -5.98681
-2.63278 -5.9884
-2.62566 -5.99204
-2.61867 -5.99592
-2.61502 -5.99756
-2.61137 -5.99921
-2.60426 -6.00286
-2.59712 -6.00644
-2.58995 -6.00998
-2.58275 -6.01346
-2.5793 -6.0155
-2.57586 -6.01754
-2.56862 -6.02095
-2.56136 -6.02429
-2.55425 -6.02795
-2.55084 -6.03006
-2.54742 -6.03216
-2.54028 -6.03575
-2.53657 -6.03726
-2.53285 -6.03877
-2.52941 -6.04082
-2.52596 -6.04287
-2.51878 -6.04636
-2.5116 -6.04989
-2.50433 -6.05323
-2.50091 -6.05531
-2.49748 -6.05739
-2.49034 -6.06099
-2.48324 -6.06465
-2.47952 -6.06616
-2.4758 -6.06766
-2.46876 -6.07146
-2.46167 -6.07514
-2.45821 -6.07716
-2.45476 -6.07919
-2.44755 -6.08266
-2.44038 -6.08619
-2.43329 -6.08987
-2.42606 -6.09329
-2.41889 -6.09683
-2.41187 -6.10065
-2.40832 -6.10251
-2.40478 -6.10436
-2.40042 -6.10614
-2.39603 -6.1078
-2.3916 -6.10938
-2.38713 -6.11078
-2.38258 -6.11196
-2.37808 -6.11351
-2.37335 -6.11362
-2.36873 -6.11465
-2.36403 -6.11471
-2.35933 -6.1151
-2.35133 -6.11502
-2.34733 -6.11484
-2.34333 -6.11465
-2.33933 -6.11491
-2.33533 -6.11516
-2.33133 -6.11501
-2.32733 -6.11485
-2.32333 -6.11502
-2.31933 -6.11518
-2.31134 -6.11511
-2.30334 -6.115
-2.29934 -6.11486
-2.29534 -6.11472
-2.29134 -6.11494
-2.28734 -6.11515
-2.28334 -6.11481
-2.27934 -6.11447
-2.27134 -6.11455
-2.26734 -6.11475
-2.26334 -6.11496
-2.25934 -6.11508
-2.25534 -6.11519
-2.25134 -6.11489
-2.24734 -6.11458
-2.24334 -6.1148
-2.23934 -6.11502
-2.23135 -6.1149
-2.22735 -6.11474
-2.22335 -6.11457
-2.21935 -6.1147
-2.21535 -6.11484
-2.21135 -6.11476
-2.20735 -6.11467
-2.20335 -6.1146
-2.19935 -6.11453
-2.19535 -6.11462
-2.19135 -6.11471
-2.18735 -6.11486
-2.18335 -6.11502
-2.17935 -6.11491
-2.17535 -6.11479
-2.17135 -6.1149
-2.16735 -6.115
-2.16335 -6.11489
-2.15935 -6.11479
-2.15135 -6.11481
-2.14336 -6.11483
-2.13936 -6.11464
-2.13536 -6.11445
-2.12736 -6.11448
-2.11936 -6.11455
-2.11536 -6.11447
-2.11136 -6.11439
-2.10336 -6.11429
-2.09936 -6.11456
-2.09536 -6.11484
-2.08736 -6.11488
-2.08336 -6.11476
-2.07936 -6.11465
-2.07536 -6.11443
-2.07137 -6.11422
-2.06737 -6.11447
-2.06337 -6.11473
-2.05937 -6.11461
-2.05537 -6.1145
-2.05137 -6.11442
-2.04737 -6.11433
-2.04337 -6.11443
-2.03937 -6.11452
-2.03537 -6.1147
-2.03137 -6.11487
-2.02737 -6.11473
-2.02337 -6.11459
-2.01937 -6.11445
-2.01537 -6.11432
-2.01137 -6.1145
-2.00737 -6.11468
-2.00337 -6.11452
-1.99937 -6.11436
-1.99137 -6.11436
-1.98338 -6.11425
-1.97938 -6.11434
-1.97538 -6.11443
-1.97138 -6.11433
-1.96738 -6.11424
-1.96338 -6.11442
-1.95938 -6.1146
-1.95538 -6.11451
-1.95138 -6.11443
-1.94738 -6.1145
-1.94338 -6.11458
-1.93938 -6.11443
-1.93538 -6.11428
-1.93138 -6.11442
-1.92738 -6.11455
-1.91938 -6.1145
-1.91538 -6.11437
-1.91138 -6.11425
-1.90339 -6.11427
-1.89939 -6.1142
-1.89539 -6.11413
-1.89139 -6.11425
-1.88739 -6.11438
-1.87939 -6.11442
-1.87539 -6.11432
-1.87139 -6.11422
-1.86339 -6.11429
-1.85939 -6.11445
-1.85539 -6.11461
-1.84739 -6.11461
-1.84339 -6.11451
-1.83939 -6.1144
-1.83139 -6.1145
-1.82739 -6.11435
-1.82339 -6.11419
-1.81939 -6.1143
-1.8154 -6.11441
-1.8074 -6.11441
-1.8034 -6.11414
-1.7994 -6.11387
-1.7954 -6.11406
-1.7914 -6.11424
-1.7874 -6.11432
-1.7834 -6.1144
-1.7794 -6.11427
-1.7754 -6.11414
-1.7674 -6.11404
-1.7634 -6.11421
-1.7594 -6.11437
-1.7554 -6.11412
-1.7514 -6.11387
-1.7434 -6.11393
-1.7394 -6.11423
-1.7354 -6.11452
-1.73141 -6.11429
-1.72741 -6.11407
-1.72341 -6.11427
-1.71941 -6.11448
-1.71541 -6.11415
-1.71141 -6.11383
-1.70341 -6.11392
-1.69541 -6.11398
-1.69141 -6.11406
-1.68741 -6.11414
-1.68341 -6.11391
-1.67941 -6.11368
-1.67541 -6.11388
-1.67141 -6.11408
-1.66741 -6.1139
-1.66341 -6.11372
-1.65941 -6.11379
-1.65541 -6.11387
-1.65142 -6.1138
-1.64742 -6.11372
-1.63942 -6.11367
-1.63542 -6.11385
-1.63142 -6.11404
-1.62342 -6.11406
-1.61542 -6.11406
-1.60742 -6.11396
-1.60342 -6.11381
-1.59942 -6.11366
-1.59542 -6.11391
-1.59142 -6.11415
-1.58742 -6.11421
-1.58342 -6.11427
-1.57942 -6.11406
-1.57542 -6.11384
-1.57142 -6.11396
-1.56743 -6.11407
-1.56343 -6.11384
-1.55943 -6.11362
-1.55143 -6.11351
-1.54743 -6.11385
-1.54343 -6.11419
-1.53943 -6.11386
-1.53543 -6.11354
-1.53143 -6.1139
-1.52743 -6.11427
-1.51943 -6.11421
-1.51543 -6.11407
-1.51143 -6.11393
-1.50343 -6.11398
-1.49943 -6.11386
-1.49543 -6.11374
-1.49143 -6.11388
-1.48743 -6.11401
-1.48344 -6.11387
-1.47944 -6.11373
-1.47144 -6.11384
-1.46744 -6.11366
-1.46344 -6.11349
-1.45944 -6.11367
-1.45544 -6.11385
-1.45144 -6.11365
-1.44744 -6.11346
-1.44344 -6.11365
-1.43944 -6.11384
-1.43544 -6.11364
-1.43144 -6.11344
-1.42744 -6.11366
-1.42344 -6.11388
-1.41544 -6.11379
-1.41144 -6.11395
-1.40744 -6.1141
-1.40344 -6.11384
-1.39945 -6.11357
-1.39145 -6.11356
-1.38345 -6.11361
-1.37545 -6.11362
-1.37145 -6.1138
-1.36745 -6.11397
-1.36345 -6.11371
-1.35945 -6.11345
-1.35545 -6.11335
-1.35145 -6.11325
-1.34745 -6.11338
-1.34345 -6.11351
-1.33945 -6.11372
-1.33545 -6.11393
-1.33145 -6.11371
-1.32745 -6.1135
-1.32345 -6.11373
-1.31945 -6.11397
-1.31546 -6.1139
-1.31146 -6.11383
-1.30746 -6.11368
-1.30346 -6.11352
-1.29955 -6.11362
