3.26168 -5.54054
3.26448 -5.53795
3.27064 -5.53286
3.2764 -5.52733
3.28228 -5.52193
3.28825 -5.51663
3.29426 -5.51138
3.30017 -5.50602
3.30603 -5.5006
3.3117 -5.49498
3.31746 -5.48944
3.32336 -5.48408
3.32947 -5.47893
3.33516 -5.47333
3.34118 -5.46809
3.34738 -5.46304
3.35007 -5.46007
3.35277 -5.4571
3.35882 -5.4519
3.36474 -5.44654
3.3708 -5.44134
3.37637 -5.43561
3.38256 -5.43056
3.38817 -5.42486
3.39421 -5.41964
3.40045 -5.41465
3.40319 -5.41173
3.40593 -5.40881
3.41204 -5.40366
3.41817 -5.39854
3.4209 -5.39562
3.42364 -5.3927
3.42959 -5.38738
3.43543 -5.38193
3.44132 -5.37655
3.44733 -5.37129
3.45315 -5.36584
3.45922 -5.36065
3.46507 -5.35522
3.47097 -5.34985
3.47684 -5.34444
3.48272 -5.33904
3.48888 -5.33396
3.4946 -5.32838
3.50039 -5.32289
3.50628 -5.31751
3.51236 -5.31232
3.51815 -5.30683
3.52389 -5.30128
3.5301 -5.29624
3.53576 -5.29061
3.54158 -5.28515
3.54764 -5.27995
3.55353 -5.27456
3.55939 -5.26915
3.5653 -5.26379
3.57111 -5.25831
3.577 -5.25292
3.58017 -5.25048
3.58334 -5.24803
3.58893 -5.24232
3.59516 -5.2373
3.59785 -5.23433
3.60054 -5.23136
3.6068 -5.22639
3.6128 -5.22112
3.61876 -5.21581
3.62444 -5.2102
3.63055 -5.20506
3.6333 -5.20215
3.63605 -5.19924
3.64232 -5.19428
3.64808 -5.18875
3.65377 -5.18314
3.65958 -5.17766
3.66577 -5.17262
3.67177 -5.16734
3.67769 -5.162
3.6833 -5.15631
3.68936 -5.1511
3.69537 -5.14585
3.70124 -5.14045
3.70705 -5.13498
3.71289 -5.12953
3.71864 -5.12399
3.72457 -5.11865
3.73073 -5.11356
3.73668 -5.10825
3.74263 -5.10293
3.74821 -5.0972
3.75439 -5.09213
3.76006 -5.08651
3.76344 -5.08276
3.76724 -5.07941
3.77013 -5.07527
3.7738 -5.07172
3.77654 -5.06702
3.78022 -5.06299
3.78269 -5.05916
3.78461 -5.05501
3.78678 -5.051
3.78902 -5.04707
3.79083 -5.04289
3.7925 -5.03868
3.79453 -5.03455
3.79571 -5.03014
3.79664 -5.02568
3.79792 -5.02127
3.79815 -5.01671
3.79902 -5.01221
3.79891 -5.00764
3.79916 -5.00309
3.79869 -4.99532
3.79934 -4.98754
3.79861 -4.97977
3.79858 -4.97199
3.79848 -4.96421
3.79874 -4.95644
3.79875 -4.94866
3.79899 -4.94088
3.79826 -4.93311
3.79886 -4.92533
3.7988 -4.91755
3.79815 -4.90978
3.79824 -4.902
3.79832 -4.89423
3.7984 -4.88645
3.79783 -4.87868
3.79775 -4.8709
3.79813 -4.86312
3.79779 -4.85535
3.79809 -4.84757
3.79793 -4.83979
3.79782 -4.83202
3.79762 -4.82424
3.7973 -4.81647
3.79727 -4.80869
3.79753 -4.80091
3.79766 -4.79601
3.79735 -4.7911
3.79657 -4.78627
3.79518 -4.78157
3.79421 -4.77678
3.79296 -4.77206
3.79119 -4.7675
3.78954 -4.76292
3.78731 -4.75857
3.78541 -4.75407
3.78326 -4.74966
3.78031 -4.74575
3.7773 -4.74189
3.77481 -4.73762
3.77102 -4.73308
3.76855 -4.731
3.76493 -4.72685
3.76111 -4.7229
3.75708 -4.7176
3.75181 -4.7136
3.7459 -4.70823
3.74304 -4.70543
3.74017 -4.70264
3.73696 -4.70025
3.73374 -4.69786
3.73087 -4.69508
3.72799 -4.6923
3.72175 -4.68731
3.71599 -4.68175
3.71282 -4.67931
3.70965 -4.67687
3.70372 -4.67151
3.69748 -4.66652
3.69168 -4.66101
3.6857 -4.65572
3.68253 -4.65327
3.67937 -4.65082
3.67658 -4.64794
3.67379 -4.64506
3.67055 -4.6427
3.66731 -4.64034
3.66445 -4.63753
3.6616 -4.63473
3.65561 -4.62944
3.64956 -4.62422
3.64638 -4.6218
3.64319 -4.61938
3.64037 -4.61654
3.63754 -4.6137
3.63151 -4.60846
3.62834 -4.60602
3.62516 -4.60359
3.62229 -4.6008
3.61942 -4.59801
3.61327 -4.59291
3.60708 -4.58786
3.60095 -4.58273
3.5949 -4.57751
3.58909 -4.57202
3.58288 -4.56699
3.57692 -4.56167
3.57097 -4.55634
3.56519 -4.5508
3.56198 -4.54842
3.55876 -4.54603
3.55596 -4.54316
3.55316 -4.5403
3.54697 -4.53524
3.54379 -4.53281
3.54061 -4.53038
3.5378 -4.52752
3.53499 -4.52466
3.5289 -4.5195
3.52574 -4.51705
3.52258 -4.51459
3.5166 -4.50929
3.51072 -4.50388
3.50482 -4.49849
3.50166 -4.49604
3.49849 -4.4936
3.49239 -4.48844
3.48955 -4.48561
3.48672 -4.48278
3.48068 -4.47756
3.47464 -4.47232
3.47145 -4.4699
3.46827 -4.46748
3.46248 -4.46196
3.45625 -4.45695
3.45025 -4.45168
3.44414 -4.44653
3.43823 -4.44115
3.43206 -4.43607
3.4292 -4.43328
3.42634 -4.43048
3.42038 -4.42515
3.41718 -4.42275
3.41398 -4.42034
3.40786 -4.4152
3.40184 -4.40995
3.39583 -4.40469
3.38989 -4.39934
3.38704 -4.39653
3.38419 -4.39372
3.38098 -4.39133
3.37776 -4.38894
3.37186 -4.38355
3.36578 -4.37837
3.35974 -4.37314
3.35688 -4.37035
3.35401 -4.36756
3.34793 -4.36237
3.34184 -4.3572
3.33562 -4.35219
3.33275 -4.3494
3.32988 -4.34661
3.32672 -4.34415
3.32356 -4.3417
3.31775 -4.3362
3.31147 -4.33125
3.30538 -4.32609
3.30251 -4.3233
3.29964 -4.32052
3.29647 -4.31808
3.29329 -4.31563
3.28727 -4.31038
3.2813 -4.30508
3.27546 -4.29962
3.2695 -4.2943
3.26346 -4.28907
3.25748 -4.28378
3.25141 -4.27858
3.24826 -4.27612
3.2451 -4.27366
3.23925 -4.26822
3.23313 -4.26307
3.22716 -4.25777
3.22118 -4.25247
3.21799 -4.25006
3.21479 -4.24764
3.20903 -4.2421
3.20278 -4.23711
3.19667 -4.23196
3.19085 -4.22648
3.18495 -4.22109
3.17903 -4.21573
3.17303 -4.21045
3.16982 -4.20805
3.16661 -4.20565
3.16047 -4.20055
3.15761 -4.19775
3.15475 -4.19495
3.14865 -4.18978
3.14257 -4.1846
3.13638 -4.17955
3.1336 -4.17666
3.13081 -4.17378
3.12474 -4.16858
3.11852 -4.16356
3.11243 -4.15839
3.10656 -4.15297
3.10338 -4.15054
3.10019 -4.14812
3.09734 -4.14531
3.09449 -4.1425
3.09129 -4.14009
3.08809 -4.13769
3.08524 -4.13488
3.08239 -4.13206
3.07618 -4.12703
3.07333 -4.12422
3.07047 -4.12142
3.0643 -4.11635
3.05827 -4.1111
3.05508 -4.10869
3.05189 -4.10627
3.04905 -4.10345
3.04621 -4.10063
3.04006 -4.09552
3.03377 -4.09058
3.02791 -4.08515
3.02211 -4.07964
3.01617 -4.0743
3.01295 -4.07192
3.00972 -4.06954
3.00367 -4.06432
2.99767 -4.05905
2.99182 -4.0536
2.98569 -4.04848
2.97986 -4.04301
2.97665 -4.04061
2.97345 -4.03821
2.96749 -4.03288
2.96468 -4.03003
2.96187 -4.02718
2.95566 -4.02215
2.94965 -4.01688
2.94336 -4.01194
2.93736 -4.00666
2.93157 -4.00115
2.92538 -3.99608
2.91931 -3.99089
2.91325 -3.9857
2.90717 -3.98051
2.9014 -3.97497
2.89823 -3.97253
2.89506 -3.97009
2.88899 -3.96489
2.88615 -3.96207
2.88331 -3.95925
2.88011 -3.95684
2.87691 -3.95443
2.8741 -3.95158
2.87129 -3.94872
2.8651 -3.94367
2.85896 -3.93855
2.85611 -3.93574
2.85326 -3.93293
2.85009 -3.93049
2.84691 -3.92806
2.84096 -3.92273
2.83503 -3.91737
2.83187 -3.91493
2.8287 -3.91248
2.82584 -3.90968
2.82298 -3.90688
2.81977 -3.90449
2.81656 -3.90209
2.81373 -3.89925
2.81091 -3.89642
2.80773 -3.89398
2.80455 -3.89155
2.79874 -3.88606
2.79287 -3.88063
2.78676 -3.87549
2.78359 -3.87305
2.78041 -3.87061
2.7776 -3.86776
2.77479 -3.8649
2.76872 -3.85972
2.76257 -3.85461
2.7563 -3.84964
2.75038 -3.84428
2.74441 -3.83897
2.73824 -3.8339
2.73238 -3.82845
2.72644 -3.82311
2.7202 -3.81811
2.7144 -3.81261
2.71118 -3.81023
2.70795 -3.80785
2.70514 -3.805
2.70232 -3.80215
2.69913 -3.79973
2.69594 -3.79731
2.68986 -3.79214
2.68706 -3.78926
2.68427 -3.78639
2.6811 -3.78395
2.67792 -3.78151
2.67212 -3.77601
2.66596 -3.77092
2.66016 -3.76542
2.65396 -3.76037
2.65078 -3.75793
2.64761 -3.75549
2.64165 -3.75018
2.63555 -3.74502
2.62956 -3.73973
2.62668 -3.73695
2.6238 -3.73418
2.61765 -3.72907
2.61167 -3.72378
2.60569 -3.71848
2.59948 -3.71345
2.59352 -3.70813
2.5874 -3.70299
2.58455 -3.70018
2.5817 -3.69737
2.57845 -3.69502
2.57521 -3.69267
2.57242 -3.68978
2.56964 -3.68689
2.56361 -3.68166
2.55755 -3.67645
2.55436 -3.67403
2.55117 -3.67161
2.54535 -3.66613
2.53951 -3.66067
2.53634 -3.65823
2.53317 -3.65579
2.52735 -3.65031
2.52115 -3.64526
2.515 -3.64016
2.50884 -3.63507
2.50294 -3.62967
2.50009 -3.62687
2.49723 -3.62407
2.49405 -3.62164
2.49086 -3.61922
2.48804 -3.61638
2.48521 -3.61354
2.47918 -3.6083
2.47299 -3.60324
2.46684 -3.59815
2.4609 -3.5928
2.45494 -3.58748
2.44882 -3.58234
2.44565 -3.5799
2.44248 -3.57746
2.43668 -3.57196
2.43046 -3.56693
2.42446 -3.56166
2.41866 -3.55616
2.41258 -3.55098
2.40669 -3.54557
2.40347 -3.54319
2.40024 -3.54082
2.39443 -3.53532
2.38857 -3.52989
2.38258 -3.5246
2.37647 -3.51946
2.37036 -3.5143
2.36443 -3.50895
2.35826 -3.50387
2.35244 -3.49839
2.34925 -3.49598
2.34605 -3.49357
2.34028 -3.48803
2.33406 -3.483
2.32787 -3.47795
2.32193 -3.4726
2.31594 -3.46732
2.31008 -3.46188
2.3069 -3.45945
2.30372 -3.45702
2.30092 -3.45415
2.29812 -3.45129
2.29209 -3.44604
2.28586 -3.44103
2.28006 -3.43553
2.27379 -3.43057
2.26764 -3.42547
2.26183 -3.41997
2.25573 -3.41481
2.24956 -3.40974
2.24367 -3.40433
2.23758 -3.39916
2.23145 -3.39403
2.22568 -3.38849
2.21957 -3.38335
2.21341 -3.37826
2.20748 -3.37291
2.20164 -3.36745
2.19542 -3.36242
2.1894 -3.35717
2.18343 -3.35186
2.18022 -3.34947
2.17701 -3.34707
2.17415 -3.34427
2.17129 -3.34148
2.165 -3.33653
2.15898 -3.33129
2.15611 -3.32849
2.15325 -3.3257
2.14702 -3.32068
2.14097 -3.31547
2.13515 -3.30999
2.12894 -3.30495
2.12299 -3.29963
2.11702 -3.29432
2.11094 -3.28914
2.10777 -3.28669
2.10461 -3.28424
2.09883 -3.27871
2.09256 -3.27374
2.08666 -3.26836
2.08053 -3.26323
2.07771 -3.26038
2.0749 -3.25753
2.06877 -3.25241
2.06281 -3.24708
2.05659 -3.24206
2.05079 -3.23656
2.04467 -3.23142
2.03861 -3.22622
2.03269 -3.22085
2.02641 -3.2159
2.02034 -3.21071
2.01423 -3.20555
2.00838 -3.20011
2.00244 -3.19476
1.99638 -3.18956
1.99322 -3.18711
1.99005 -3.18466
1.98403 -3.17942
1.98118 -3.1766
1.97833 -3.17379
1.97208 -3.1688
1.96587 -3.16378
1.963 -3.16099
1.96012 -3.15821
1.95413 -3.15292
1.94796 -3.14785
1.94213 -3.14238
1.93596 -3.1373
1.92974 -3.13227
1.92689 -3.12947
1.92403 -3.12667
1.91778 -3.12169
1.91193 -3.11623
1.90568 -3.11125
1.89967 -3.10599
1.89388 -3.10047
1.88769 -3.09541
1.8818 -3.09001
1.87855 -3.08766
1.8753 -3.08531
1.87254 -3.0824
1.86978 -3.07948
1.86651 -3.07715
1.86325 -3.07482
1.85728 -3.06952
1.85142 -3.06408
1.84555 -3.05865
1.83926 -3.05371
1.83642 -3.05089
1.83358 -3.04807
1.82738 -3.04303
1.82138 -3.03775
1.81533 -3.03253
1.80932 -3.02726
1.80341 -3.02189
1.79732 -3.01672
1.79414 -3.01428
1.79097 -3.01185
1.78505 -3.00648
1.77891 -3.00137
1.77281 -2.99621
1.76679 -2.99096
1.76088 -2.98558
1.75491 -2.98027
1.74874 -2.9752
1.74288 -2.96976
1.73695 -2.96441
1.73086 -2.95923
1.72476 -2.95407
1.71893 -2.9486
1.71574 -2.94618
1.71254 -2.94377
1.70669 -2.93833
1.70062 -2.93313
1.69444 -2.92806
1.68848 -2.92274
1.6826 -2.91733
1.67635 -2.91234
1.67037 -2.90705
1.66427 -2.90189
1.66142 -2.89907
1.65858 -2.89626
1.65535 -2.89389
1.65211 -2.89152
1.64623 -2.88612
1.64042 -2.88062
1.63435 -2.87542
1.62808 -2.87046
1.62227 -2.86496
1.61909 -2.86253
1.61591 -2.86011
1.61012 -2.85459
1.60423 -2.84919
1.59812 -2.84404
1.59183 -2.8391
1.586 -2.83363
1.57978 -2.82861
1.57368 -2.82345
1.57086 -2.82061
1.56804 -2.81776
1.5648 -2.81539
1.56157 -2.81303
1.5587 -2.81024
1.55583 -2.80746
1.55 -2.80198
1.54369 -2.79706
1.53774 -2.79173
1.53147 -2.78677
1.52545 -2.78152
1.51947 -2.77622
1.51329 -2.77115
1.50747 -2.76567
1.50149 -2.76038
1.49567 -2.75489
1.49249 -2.75246
1.48932 -2.75002
1.4833 -2.74477
1.47739 -2.73939
1.47111 -2.73443
1.46515 -2.72912
1.45938 -2.72358
1.45621 -2.72113
1.45305 -2.71868
1.44718 -2.71326
1.44136 -2.70778
1.43818 -2.70535
1.435 -2.70292
1.4289 -2.69776
1.42286 -2.69253
1.41681 -2.68731
1.41401 -2.68444
1.41121 -2.68157
1.40508 -2.67645
1.40187 -2.67406
1.39865 -2.67167
1.3927 -2.66634
1.38672 -2.66104
1.3808 -2.65567
1.37501 -2.65016
1.37175 -2.64783
1.36848 -2.64549
1.36269 -2.63998
1.35653 -2.63488
1.35042 -2.62974
1.34449 -2.62438
1.33845 -2.61916
1.33234 -2.61401
1.32649 -2.60856
1.32072 -2.60302
1.31747 -2.60067
1.31422 -2.59833
1.30835 -2.5929
1.30254 -2.5874
1.29936 -2.58498
1.29617 -2.58256
1.29039 -2.57703
1.28421 -2.57196
1.27824 -2.56665
1.27234 -2.56126
1.26616 -2.55619
1.26034 -2.55071
1.25404 -2.54578
1.24822 -2.5403
1.24221 -2.53504
1.23596 -2.53005
1.23015 -2.52455
1.2239 -2.51957
1.21813 -2.51403
1.21493 -2.51163
1.21172 -2.50923
1.2089 -2.50638
1.20608 -2.50354
1.19992 -2.49845
1.19365 -2.49349
1.18777 -2.48808
1.18154 -2.48306
1.17541 -2.47794
1.17262 -2.47506
1.16983 -2.47218
1.16355 -2.46723
1.15751 -2.462
1.15164 -2.45658
1.14846 -2.45415
1.14528 -2.45172
1.13923 -2.44649
1.13323 -2.44123
1.12719 -2.43599
1.12437 -2.43315
1.12155 -2.4303
1.11542 -2.42518
1.10942 -2.4199
1.10323 -2.41486
1.09697 -2.40987
1.0941 -2.40709
1.09123 -2.40431
1.08498 -2.39931
1.07894 -2.39409
1.07613 -2.39124
1.07331 -2.38839
1.06722 -2.38322
1.06405 -2.38078
1.06087 -2.37834
1.05507 -2.37284
1.04899 -2.36766
1.04305 -2.36231
1.03684 -2.35728
1.03069 -2.35218
1.02783 -2.34938
1.02497 -2.34658
1.019 -2.34127
1.0158 -2.33887
1.0126 -2.33646
1.00659 -2.3312
1.00053 -2.32599
0.997698 -2.32316
0.994868 -2.32033
0.98881 -2.31512
0.98271 -2.30996
0.979515 -2.30755
0.97632 -2.30513
0.97347 -2.30232
0.970621 -2.29951
0.964586 -2.29428
0.961396 -2.29186
0.958206 -2.28944
0.952253 -2.28411
0.946493 -2.27856
0.943296 -2.27615
0.940099 -2.27374
0.937323 -2.27084
0.934547 -2.26795
0.928391 -2.26285
0.925222 -2.26041
0.922052 -2.25797
0.919203 -2.25516
0.916355 -2.25235
0.910335 -2.2471
0.907174 -2.24464
0.904014 -2.24219
0.898249 -2.23665
0.892261 -2.23136
0.889049 -2.22896
0.885836 -2.22657
0.880001 -2.22111
0.873888 -2.21596
0.867771 -2.21082
0.861777 -2.20554
0.855888 -2.20014
0.84999 -2.19475
0.849599 -2.19463
0.843793 -2.18917
0.837455 -2.18434
0.831338 -2.17925
0.82552 -2.1738
0.82208 -2.17099
0.815888 -2.166
0.809427 -2.16135
0.803419 -2.15613
0.797182 -2.1512
0.790924 -2.14629
0.784676 -2.14137
0.778284 -2.13663
0.771927 -2.13185
0.765634 -2.12699
0.759608 -2.12179
0.753218 -2.11705
0.746962 -2.11214
0.740799 -2.10711
0.734467 -2.1023
0.728452 -2.09708
0.722066 -2.09234
0.715689 -2.08758
0.70953 -2.08255
0.703286 -2.07763
0.697014 -2.07274
0.690637 -2.06798
0.684699 -2.06267
0.678253 -2.058
0.672186 -2.05285
0.665953 -2.04791
0.659397 -2.04338
0.653384 -2.03817
0.647142 -2.03324
0.64089 -2.02833
0.634712 -2.02332
0.628477 -2.01838
0.622241 -2.01345
0.615938 -2.0086
0.609277 -2.0042
0.603175 -1.9991
0.596823 -1.99431
0.590826 -1.98907
0.584395 -1.98438
0.578436 -1.9791
0.571982 -1.97444
0.565704 -1.96956
0.559298 -1.96484
0.553076 -1.95989
0.547028 -1.95471
0.540534 -1.95011
0.53439 -1.94505
0.528341 -1.93988
0.522064 -1.935
0.515654 -1.93029
0.509482 -1.92527
0.503204 -1.92039
0.497164 -1.9152
0.490953 -1.91024
0.484605 -1.90545
0.478309 -1.90059
0.471883 -1.89589
0.465641 -1.89097
0.459707 -1.88565
0.453372 -1.88084
0.447092 -1.87596
0.440856 -1.87103
0.434428 -1.86633
0.42838 -1.86116
0.421882 -1.85656
0.415881 -1.85132
0.409357 -1.84676
0.403176 -1.84175
0.397193 -1.8365
0.390976 -1.83154
0.384725 -1.82662
0.378283 -1.82195
0.37178 -1.81735
0.365721 -1.81219
0.359471 -1.80728
0.353302 -1.80226
0.346883 -1.79755
0.340945 -1.79224
0.334317 -1.7878
0.328107 -1.78284
0.3221 -1.77761
0.315934 -1.77259
0.309752 -1.76758
0.303507 -1.76266
0.296847 -1.75826
0.290901 -1.75296
0.284551 -1.74817
0.278088 -1.74352
0.272048 -1.73834
0.265877 -1.73332
0.259451 -1.72863
0.25351 -1.72332
0.247239 -1.71843
0.240577 -1.71404
0.234535 -1.70885
0.22849 -1.70368
0.221782 -1.69934
0.215781 -1.69411
0.209753 -1.68891
0.203321 -1.68422
0.197172 -1.67918
0.190627 -1.67464
0.184413 -1.66967
0.178337 -1.66454
0.172089 -1.65962
0.165578 -1.65503
0.159623 -1.64974
0.153288 -1.64493
0.147027 -1.64003
0.14299 -1.63749
0.139421 -1.63425
0.135205 -1.63203
0.131028 -1.62975
0.126766 -1.62762
0.122404 -1.62569
0.117953 -1.624
0.113397 -1.62259
0.108837 -1.6212
0.104117 -1.62049
0.0994522 -1.61949
0.0946909 -1.61933
0.0899613 -1.61859
0.0851948 -1.61877
0.0773487 -1.61886
0.0695027 -1.61853
0.0616566 -1.61878
0.0538106 -1.61902
0.0459646 -1.61835
0.0381185 -1.61897
0.0302584 -1.61834
0.0253174 -1.61872
0.0203202 -1.61874
0.0154704 -1.6198
0.0105379 -1.62042
0.00584584 -1.62208
0.00297091 -1.62275
0.00306068 -1.62291
0.00369862 -1.6235
0.00358132 -1.62431
0.00347375 -1.62509
0.00393965 -1.62579
0.00359344 -1.62656
0.00347031 -1.62729
0.00404908 -1.62808
0.00393733 -1.62884
0.00307372 -1.63277
0.00221011 -1.63669
0.00225609 -1.63747
0.00168175 -1.63811
0.00144993 -1.63882
0.000858079 -1.63938
0.00122625 -1.64038
0.000704913 -1.64098
0.000288849 -1.64162
-0.000638823 -1.64188
-0.000828352 -1.64268
-0.00485574 -1.6472
-0.00888313 -1.65171
-0.0129105 -1.65622
-0.0169379 -1.66074
-0.0173634 -1.66135
-0.0181082 -1.66164
-0.018893 -1.66182
-0.0193567 -1.6624
-0.0201546 -1.66248
-0.0206362 -1.66307
-0.021113 -1.66376
-0.0219644 -1.66362
-0.0227247 -1.6636
-0.0290941 -1.66557
-0.0354634 -1.66754
-0.0418328 -1.66952
-0.0482022 -1.67149
-0.0545716 -1.67346
-0.0552748 -1.67373
-0.05605 -1.67368
-0.056761 -1.67392
-0.0574872 -1.67419
-0.0582429 -1.67445
-0.0590125 -1.67432
-0.059753 -1.67402
-0.0604623 -1.67369
-0.061213 -1.67364
-0.0619306 -1.67342
-0.0625639 -1.67297
-0.0633353 -1.67289
-0.063979 -1.67249
-0.064716 -1.67226
-0.0652065 -1.67163
-0.0660048 -1.67143
-0.0661333 -1.67043
-0.067036 -1.67029
-0.0672202 -1.66972
-0.070086 -1.67245
-0.0762642 -1.67743
-0.0824455 -1.68241
-0.0887023 -1.6873
-0.0948569 -1.69232
-0.100773 -1.69762
-0.106869 -1.7027
-0.112809 -1.70797
-0.119282 -1.7126
-0.125349 -1.71772
-0.131194 -1.72311
-0.137371 -1.7281
-0.143506 -1.73313
-0.14965 -1.73816
-0.155848 -1.74312
-0.161628 -1.74858
-0.167846 -1.75352
-0.174141 -1.75836
-0.180293 -1.76338
-0.186092 -1.76882
-0.1923 -1.77377
-0.198561 -1.77866
-0.204558 -1.78386
-0.210847 -1.78871
-0.216952 -1.79378
-0.223027 -1.79889
-0.228831 -1.80433
-0.235151 -1.80914
-0.240918 -1.81462
-0.247067 -1.81964
-0.253264 -1.8246
-0.25922 -1.82986
-0.265545 -1.83467
-0.271541 -1.83987
-0.27781 -1.84474
-0.283802 -1.84995
-0.290085 -1.85481
-0.29629 -1.85977
-0.301934 -1.86539
-0.308342 -1.8701
-0.314164 -1.87552
-0.320432 -1.88039
-0.326453 -1.88557
-0.332533 -1.89067
-0.33865 -1.89573
-0.344697 -1.90087
-0.350913 -1.90581
-0.357158 -1.91072
-0.363036 -1.91606
-0.369503 -1.9207
-0.375639 -1.92573
-0.381576 -1.93101
-0.387774 -1.93597
-0.39366 -1.94131
-0.399645 -1.94652
-0.405723 -1.95163
-0.41199 -1.95651
-0.418254 -1.96139
-0.424145 -1.96672
-0.4303 -1.97173
-0.43643 -1.97678
-0.442393 -1.98202
-0.448723 -1.98682
-0.454495 -1.9923
-0.460709 -1.99724
-0.466999 -2.00209
-0.473125 -2.00714
-0.478988 -2.0125
-0.485253 -2.01738
-0.491223 -2.02262
-0.497297 -2.02773
-0.503388 -2.03282
-0.509578 -2.03779
-0.515924 -2.04257
-0.522052 -2.04762
-0.527889 -2.05301
-0.53393 -2.05816
-0.540058 -2.06321
-0.546404 -2.06799
-0.552181 -2.07346
-0.558694 -2.07804
-0.564371 -2.08363
-0.57084 -2.08826
-0.576812 -2.0935
-0.583091 -2.09836
-0.588774 -2.10394
-0.594901 -2.10899
-0.601402 -2.11358
-0.607235 -2.11898
-0.613521 -2.12384
-0.619634 -2.1289
-0.625581 -2.13416
-0.631491 -2.13947
-0.637945 -2.14413
-0.643743 -2.14957
-0.649937 -2.15453
-0.65619 -2.15943
-0.66202 -2.16483
-0.668265 -2.16974
-0.674307 -2.17489
-0.68052 -2.17983
-0.686644 -2.18488
-0.692746 -2.18996
-0.698684 -2.19523
-0.704775 -2.20032
-0.711256 -2.20494
-0.717317 -2.21007
-0.723037 -2.2156
-0.72955 -2.22018
-0.735299 -2.22569
-0.741589 -2.23054
-0.745013 -2.23405
-0.751006 -2.23933
-0.756734 -2.2449
-0.762658 -2.25025
-0.768611 -2.25557
-0.774571 -2.26089
-0.780562 -2.26617
-0.786583 -2.27142
-0.792267 -2.27704
-0.797965 -2.28264
-0.801125 -2.2851
-0.804286 -2.28756
-0.810006 -2.29314
-0.815797 -2.29864
-0.821619 -2.30411
-0.827351 -2.30967
-0.83351 -2.31477
-0.839525 -2.32003
-0.842259 -2.32295
-0.844993 -2.32588
-0.850965 -2.33118
-0.854111 -2.33366
-0.857258 -2.33613
-0.860002 -2.33905
-0.862745 -2.34196
-0.86891 -2.34706
-0.874509 -2.35277
-0.877625 -2.35528
-0.880741 -2.35779
-0.883494 -2.36069
-0.886247 -2.3636
-0.892232 -2.36889
-0.89802 -2.37439
-0.901147 -2.37689
-0.904275 -2.37938
-0.909833 -2.38514
-0.915597 -2.39067
-0.921446 -2.3961
-0.924577 -2.3986
-0.927709 -2.40109
-0.933317 -2.40679
-0.9392 -2.41219
-0.945081 -2.41759
-0.950891 -2.42307
-0.954028 -2.42556
-0.957165 -2.42804
-0.962835 -2.43368
-0.968482 -2.43933
-0.974427 -2.44466
-0.980535 -2.44982
-0.986241 -2.45541
-0.99231 -2.46061
-0.99818 -2.46602
-1.0043 -2.47117
-1.01005 -2.47671
-1.01565 -2.48242
-1.02164 -2.4877
-1.02752 -2.49311
-1.03353 -2.49836
-1.03921 -2.50399
-1.04506 -2.50942
-1.04821 -2.5119
-1.05135 -2.51438
-1.05405 -2.51734
-1.05676 -2.5203
-1.06263 -2.52571
-1.06883 -2.53076
-1.07484 -2.53602
-1.08072 -2.54143
-1.08645 -2.54699
-1.09243 -2.55229
-1.09516 -2.55522
-1.09789 -2.55815
-1.10392 -2.56338
-1.10997 -2.56861
-1.11582 -2.57405
-1.1218 -2.57933
-1.1276 -2.58482
-1.13322 -2.59051
-1.13922 -2.59578
-1.14523 -2.60104
-1.15109 -2.60647
-1.15689 -2.61196
-1.16266 -2.61748
-1.16846 -2.62298
-1.17465 -2.62803
-1.18056 -2.63341
-1.18653 -2.63872
-1.18927 -2.64163
-1.19201 -2.64455
-1.1979 -2.64995
-1.20398 -2.65514
-1.21007 -2.6603
-1.21604 -2.66561
-1.22181 -2.67113
-1.22742 -2.67683
-1.23337 -2.68216
-1.23915 -2.68766
-1.24523 -2.69285
-1.25094 -2.69844
-1.2571 -2.70354
-1.26303 -2.70889
-1.26879 -2.71443
-1.27468 -2.71981
-1.28051 -2.72527
-1.28652 -2.73054
-1.29244 -2.73589
-1.29831 -2.7413
-1.30405 -2.74687
-1.30982 -2.75239
-1.31583 -2.75765
-1.32174 -2.76302
-1.32743 -2.76862
-1.33349 -2.77383
-1.3393 -2.77931
-1.34494 -2.78498
-1.34804 -2.7875
-1.35115 -2.79002
-1.35392 -2.7929
-1.3567 -2.79579
-1.36277 -2.80098
-1.36893 -2.80607
-1.37456 -2.81176
-1.3806 -2.81698
-1.38628 -2.8226
-1.3924 -2.82775
-1.39811 -2.83334
-1.40397 -2.83876
-1.41005 -2.84394
-1.41587 -2.84941
-1.42164 -2.85493
-1.4275 -2.86036
-1.43318 -2.86598
-1.43632 -2.86847
-1.43946 -2.87095
-1.44524 -2.87646
-1.45119 -2.88178
-1.45719 -2.88706
-1.46298 -2.89256
-1.4686 -2.89824
-1.47438 -2.90376
-1.48057 -2.90882
-1.48618 -2.91452
-1.49197 -2.92002
-1.49515 -2.92246
-1.49833 -2.9249
-1.50107 -2.92783
-1.5038 -2.93075
-1.50999 -2.93582
-1.51584 -2.94126
-1.52152 -2.94688
-1.52736 -2.95232
-1.5334 -2.95755
-1.53927 -2.96296
-1.54541 -2.96808
-1.55097 -2.97383
-1.55712 -2.97894
-1.56289 -2.98446
-1.56876 -2.98988
-1.57475 -2.99516
-1.58037 -3.00085
-1.58644 -3.00605
-1.59232 -3.01145
-1.59834 -3.0167
-1.60399 -3.02236
-1.60983 -3.0278
-1.61569 -3.03322
-1.62138 -3.03883
-1.62747 -3.04401
-1.63322 -3.04956
-1.63637 -3.05202
-1.63953 -3.05449
-1.64225 -3.05743
-1.64497 -3.06038
-1.65084 -3.06579
-1.65689 -3.07101
-1.66293 -3.07624
-1.66893 -3.08151
-1.67166 -3.08443
-1.6744 -3.08736
-1.68036 -3.09267
-1.68649 -3.0978
-1.68925 -3.1007
-1.69202 -3.10359
-1.69786 -3.10903
-1.70376 -3.11441
-1.70978 -3.11966
-1.71581 -3.1249
-1.72175 -3.13024
-1.72774 -3.13552
-1.73353 -3.14102
-1.73953 -3.1463
-1.74526 -3.15187
-1.75088 -3.15754
-1.757 -3.16269
-1.76262 -3.16837
-1.76869 -3.17358
-1.77447 -3.17908
-1.78055 -3.18427
-1.7833 -3.18718
-1.78605 -3.19008
-1.79221 -3.19519
-1.79823 -3.20044
-1.8041 -3.20585
-1.80685 -3.20876
-1.8096 -3.21167
-1.81556 -3.21699
-1.82153 -3.22229
-1.82743 -3.22767
-1.83329 -3.2331
-1.83936 -3.23829
-1.84496 -3.244
-1.85085 -3.24939
-1.85679 -3.25472
-1.86279 -3.26
-1.8687 -3.26537
-1.87472 -3.27062
-1.88044 -3.2762
-1.88618 -3.28175
-1.89227 -3.28693
-1.89801 -3.29248
-1.90112 -3.29501
-1.90422 -3.29753
-1.90989 -3.30316
-1.91547 -3.30889
-1.92166 -3.31396
-1.92759 -3.3193
-1.93351 -3.32466
-1.93628 -3.32755
-1.93905 -3.33043
-1.94495 -3.33582
-1.95095 -3.34109
-1.95684 -3.34649
-1.96301 -3.35158
-1.96864 -3.35724
-1.97477 -3.36238
-1.98044 -3.36801
-1.9861 -3.37365
-1.99228 -3.37873
-1.9983 -3.38397
-2.00105 -3.38689
-2.00379 -3.38981
-2.00961 -3.39528
-2.01274 -3.39777
-2.01586 -3.40027
-2.0217 -3.40572
-2.02753 -3.41118
-2.03346 -3.41653
-2.0393 -3.42198
-2.04512 -3.42744
-2.05079 -3.43307
-2.05682 -3.43831
-2.06257 -3.44386
-2.0685 -3.4492
-2.07163 -3.4517
-2.07477 -3.45419
-2.08064 -3.45959
-2.08341 -3.46249
-2.08617 -3.46538
-2.09199 -3.47085
-2.09784 -3.47629
-2.10387 -3.48153
-2.10974 -3.48694
-2.11581 -3.49214
-2.12158 -3.49766
-2.12739 -3.50314
-2.13316 -3.50866
-2.13933 -3.51375
-2.14515 -3.51921
-2.15109 -3.52456
-2.15677 -3.53018
-2.1626 -3.53564
-2.16853 -3.54098
-2.17433 -3.54648
-2.18027 -3.55181
-2.18613 -3.55724
-2.19224 -3.56239
-2.19807 -3.56785
-2.20382 -3.57339
-2.20981 -3.57868
-2.21568 -3.58408
-2.22161 -3.58943
-2.22762 -3.5947
-2.23336 -3.60025
-2.23926 -3.60564
-2.24515 -3.61102
-2.25115 -3.6163
-2.25676 -3.622
-2.26265 -3.62739
-2.26851 -3.63281
-2.27163 -3.63532
-2.27475 -3.63783
-2.27749 -3.64074
-2.28023 -3.64366
-2.28626 -3.64891
-2.29195 -3.65452
-2.29778 -3.65997
-2.3009 -3.66248
-2.30402 -3.66498
-2.3098 -3.67049
-2.31548 -3.67612
-2.32135 -3.68153
-2.32735 -3.6868
-2.33343 -3.69198
-2.3392 -3.69751
-2.3451 -3.70289
-2.35102 -3.70824
-2.35703 -3.71351
-2.35978 -3.71641
-2.36254 -3.71932
-2.36875 -3.72436
-2.37471 -3.72967
-2.37743 -3.73262
-2.38014 -3.73557
-2.38633 -3.74064
-2.39229 -3.74595
-2.39786 -3.75169
-2.40388 -3.75694
-2.40981 -3.76229
-2.41591 -3.76745
-2.41868 -3.77034
-2.42145 -3.77322
-2.42456 -3.77574
-2.42767 -3.77826
-2.4333 -3.78394
-2.43908 -3.78945
-2.44221 -3.79194
-2.44534 -3.79443
-2.44808 -3.79735
-2.45082 -3.80027
-2.45394 -3.80278
-2.45707 -3.80528
-2.4598 -3.80821
-2.46253 -3.81114
-2.4684 -3.81655
-2.47155 -3.81902
-2.4747 -3.8215
-2.48055 -3.82693
-2.48619 -3.83259
-2.4922 -3.83785
-2.498 -3.84334
-2.50399 -3.84863
-2.50676 -3.85152
-2.50953 -3.85441
-2.51569 -3.8595
-2.52138 -3.86511
-2.52732 -3.87045
-2.5333 -3.87574
-2.53912 -3.88121
-2.54493 -3.88669
-2.55078 -3.89212
-2.55683 -3.89735
-2.56263 -3.90283
-2.56842 -3.90834
-2.57462 -3.91339
-2.58021 -3.91911
-2.58625 -3.92434
-2.59192 -3.92997
-2.5981 -3.93505
-2.60396 -3.94047
-2.61003 -3.94567
-2.61279 -3.94857
-2.61555 -3.95147
-2.62135 -3.95696
-2.62734 -3.96224
-2.63321 -3.96765
-2.63914 -3.97299
-2.64484 -3.9786
-2.65103 -3.98366
-2.6566 -3.9894
-2.65976 -3.99187
-2.66291 -3.99434
-2.66848 -4.00008
-2.67461 -4.00521
-2.68034 -4.01078
-2.68645 -4.01593
-2.6922 -4.02148
-2.69787 -4.02711
-2.70397 -4.03226
-2.70962 -4.03792
-2.71277 -4.0404
-2.71591 -4.04288
-2.72175 -4.04833
-2.7245 -4.05123
-2.72726 -4.05413
-2.7332 -4.05947
-2.73913 -4.06482
-2.74526 -4.06995
-2.75088 -4.07564
-2.75693 -4.08085
-2.76269 -4.08639
-2.76861 -4.09175
-2.77424 -4.09742
-2.77738 -4.09991
-2.78052 -4.10239
-2.78618 -4.10803
-2.79212 -4.11337
-2.79796 -4.11882
-2.80408 -4.12396
-2.81001 -4.12931
-2.81579 -4.13482
-2.81852 -4.13775
-2.82125 -4.14068
-2.82743 -4.14575
-2.83352 -4.15093
-2.83923 -4.15652
-2.84505 -4.16199
-2.85099 -4.16733
-2.8568 -4.1728
-2.86289 -4.17797
-2.8688 -4.18335
-2.87468 -4.18875
-2.87743 -4.19166
-2.88018 -4.19457
-2.88628 -4.19974
-2.89229 -4.205
-2.89802 -4.21056
-2.90393 -4.21593
-2.90953 -4.22164
-2.91266 -4.22413
-2.9158 -4.22661
-2.92155 -4.23216
-2.92752 -4.23746
-2.93322 -4.24307
-2.9393 -4.24825
-2.945 -4.25385
-2.95078 -4.25936
-2.95391 -4.26185
-2.95704 -4.26435
-2.96275 -4.26994
-2.96839 -4.2756
-2.97458 -4.28067
-2.98023 -4.28632
-2.98625 -4.29157
-2.99186 -4.29727
-2.99498 -4.29978
-2.99809 -4.30229
-3.00389 -4.30779
-3.01 -4.31294
-3.01559 -4.31865
-3.02152 -4.324
-3.0276 -4.32919
-3.03034 -4.33211
-3.03308 -4.33503
-3.03902 -4.34036
-3.04521 -4.34543
-3.05115 -4.35077
-3.05391 -4.35366
-3.05668 -4.35655
-3.06242 -4.3621
-3.0656 -4.36455
-3.06877 -4.367
-3.07436 -4.37271
-3.08023 -4.37813
-3.08611 -4.38354
-3.09229 -4.38861
-3.09499 -4.39157
-3.09769 -4.39454
-3.10388 -4.39961
-3.10961 -4.40517
-3.11561 -4.41044
-3.12171 -4.4156
-3.12742 -4.42119
-3.133 -4.42692
-3.13613 -4.42941
-3.13926 -4.43191
-3.14525 -4.43719
-3.15102 -4.44272
-3.15684 -4.44819
-3.1624 -4.45393
-3.16842 -4.45919
-3.17434 -4.46454
-3.18033 -4.46983
-3.18637 -4.47506
-3.19226 -4.48045
-3.19796 -4.48605
-3.20357 -4.49174
-3.20672 -4.49422
-3.20986 -4.4967
-3.21586 -4.50197
-3.2186 -4.5049
-3.22134 -4.50782
-3.22445 -4.51034
-3.22755 -4.51286
-3.23029 -4.51577
-3.23304 -4.51869
-3.23886 -4.52416
-3.24493 -4.52935
-3.24804 -4.53187
-3.25114 -4.53439
-3.25382 -4.53738
-3.2565 -4.54037
-3.25962 -4.54287
-3.26274 -4.54537
-3.26841 -4.551
-3.27433 -4.55636
-3.27744 -4.55888
-3.28055 -4.56139
-3.28637 -4.56686
-3.29202 -4.57252
-3.29809 -4.57772
-3.30402 -4.58306
-3.30972 -4.58866
-3.31562 -4.59404
-3.32137 -4.59959
-3.32727 -4.60497
-3.33331 -4.6102
-3.33889 -4.61593
-3.34484 -4.62126
-3.35087 -4.62649
-3.35699 -4.63164
-3.35975 -4.63454
-3.36251 -4.63743
-3.36848 -4.64274
-3.37434 -4.64816
-3.38044 -4.65333
-3.38608 -4.659
-3.39184 -4.66452
-3.39497 -4.66702
-3.39809 -4.66953
-3.4038 -4.67511
-3.40969 -4.6805
-3.41553 -4.68595
-3.42169 -4.69105
-3.42442 -4.69398
-3.42714 -4.69692
-3.43329 -4.70203
-3.43895 -4.70767
-3.44511 -4.71277
-3.45079 -4.71839
-3.45678 -4.72368
-3.46257 -4.72918
-3.46839 -4.73464
-3.47446 -4.73984
-3.4804 -4.74518
-3.48638 -4.75047
-3.48925 -4.75344
-3.48968 -4.75309
-3.49014 -4.75249
-3.49048 -4.75169
-3.49117 -4.75135
-3.49177 -4.75086
-3.49269 -4.75102
-3.4931 -4.75008
-3.4938 -4.74975
-3.49466 -4.74998
-3.49538 -4.74978
-3.49606 -4.74922
-3.49683 -4.74924
-3.49759 -4.7491
-3.49834 -4.74946
-3.4991 -4.7493
-3.50423 -4.74983
-3.50936 -4.75037
-3.51015 -4.75011
-3.51074 -4.75087
-3.51158 -4.75058
-3.51218 -4.75111
-3.51291 -4.75125
-3.51866 -4.75365
-3.52442 -4.75606
-3.53017 -4.75846
-3.53592 -4.76086
-3.53661 -4.76121
-3.53693 -4.76213
-3.5376 -4.76245
-3.5381 -4.76299
-3.53872 -4.7634
-3.53931 -4.76385
-3.53986 -4.76435
-3.54046 -4.76482
-3.54067 -4.76558
-3.54126 -4.76609
-3.54388 -4.77086
-3.5465 -4.77563
-3.54912 -4.78039
-3.54958 -4.78098
-3.54999 -4.78161
-3.55069 -4.78216
-3.55039 -4.78304
-3.5523 -4.78924
-3.5542 -4.79544
-3.55539 -4.80056
-3.55658 -4.80567
-3.55712 -4.80633
-3.55741 -4.80706
-3.55723 -4.80783
-3.55718 -4.80858
-3.55677 -4.80929
-3.55695 -4.81004
-3.55724 -4.81086
-3.55712 -4.81162
-3.55665 -4.81226
-3.55666 -4.81308
-3.55625 -4.81372
-3.55562 -4.81423
-3.55561 -4.81511
-3.5549 -4.81553
-3.55424 -4.81593
-3.5541 -4.81681
-3.55362 -4.81739
-3.55312 -4.81798
-3.55239 -4.81821
-3.55395 -4.8203
-3.55788 -4.82646
-3.56133 -4.83078
-3.56262 -4.83208
-3.5651 -4.83624
-3.56726 -4.84058
-3.56916 -4.84504
-3.57126 -4.84938
-3.57336 -4.85377
-3.57512 -4.85833
-3.57628 -4.86303
-3.57749 -4.86775
-3.57764 -4.87263
-3.57895 -4.87736
-3.57861 -4.88223
-3.579 -4.88705
-3.57898 -4.89484
-3.57959 -4.90262
-3.57956 -4.9104
-3.57902 -4.91818
-3.57937 -4.92597
-3.57964 -4.93375
-3.57928 -4.94153
-3.57952 -4.94931
-3.57976 -4.95709
-3.57973 -4.96488
-3.57982 -4.97266
-3.5799 -4.98044
-3.57959 -4.98823
-3.58002 -4.99601
-3.57966 -5.00379
-3.57959 -5.01158
-3.57977 -5.01936
-3.57993 -5.02714
-3.57994 -5.03492
-3.57977 -5.04271
-3.57999 -5.05049
-3.5802 -5.05827
-3.58048 -5.06606
-3.58045 -5.07082
-3.57979 -5.07554
-3.57937 -5.08028
-3.57877 -5.08501
-3.57716 -5.08952
-3.57614 -5.09413
-3.57459 -5.09863
-3.5735 -5.10329
-3.57146 -5.10759
-3.56915 -5.11173
-3.56679 -5.11585
-3.56448 -5.11997
-3.56176 -5.12387
-3.55931 -5.12796
-3.55638 -5.13171
-3.55308 -5.13514
-3.54999 -5.13907
-3.54637 -5.14251
-3.54494 -5.14423
-3.54081 -5.14811
-3.53689 -5.15219
-3.53263 -5.15622
-3.5265 -5.16132
-3.52064 -5.16672
-3.51468 -5.17201
-3.50904 -5.17765
-3.50321 -5.18309
-3.49734 -5.18847
-3.4911 -5.19345
-3.48551 -5.19916
-3.47923 -5.20409
-3.47376 -5.20991
-3.46767 -5.21506
-3.46191 -5.22058
-3.45871 -5.22297
-3.4555 -5.22537
-3.44981 -5.23095
-3.44402 -5.23643
-3.43783 -5.24146
-3.4323 -5.24723
-3.42639 -5.25257
-3.42014 -5.25754
-3.41463 -5.26333
-3.40829 -5.26819
-3.40244 -5.2736
-3.39663 -5.27906
-3.39057 -5.28424
-3.38462 -5.28954
-3.3789 -5.29509
-3.37284 -5.30027
-3.36696 -5.30565
-3.36114 -5.3111
-3.35532 -5.31654
-3.34927 -5.32172
-3.34342 -5.32714
-3.33767 -5.33266
-3.33186 -5.33812
-3.32569 -5.34317
-3.31998 -5.34873
-3.31408 -5.35409
-3.30819 -5.35946
-3.30226 -5.36477
-3.29632 -5.37009
-3.29044 -5.37547
-3.28456 -5.38085
-3.27819 -5.38568
-3.27268 -5.39147
-3.2664 -5.3964
-3.26083 -5.40212
-3.25496 -5.4075
-3.24898 -5.41278
-3.2431 -5.41816
-3.23692 -5.4232
-3.23095 -5.42848
-3.22512 -5.43391
-3.21909 -5.43912
-3.21346 -5.44477
-3.20724 -5.44977
-3.20452 -5.45271
-3.20181 -5.45565
-3.19556 -5.46062
-3.18976 -5.46609
-3.18394 -5.47153
-3.17778 -5.4766
-3.1722 -5.48231
-3.16632 -5.48769
-3.16025 -5.49285
-3.15411 -5.49795
-3.14843 -5.50354
-3.1427 -5.50908
-3.13683 -5.51447
-3.1309 -5.5198
-3.12499 -5.52513
-3.11887 -5.53025
-3.11302 -5.53566
-3.10708 -5.54097
-3.10121 -5.54636
-3.09522 -5.55161
-3.08908 -5.5567
-3.0834 -5.5623
-3.07737 -5.56752
-3.07175 -5.57318
-3.06575 -5.57842
-3.05983 -5.58376
-3.0537 -5.58885
-3.04808 -5.59453
-3.04207 -5.59976
-3.03634 -5.6053
-3.02998 -5.61014
-3.02426 -5.6157
-3.01852 -5.62124
-3.0126 -5.62657
-3.00643 -5.63163
-3.00058 -5.63703
-2.99479 -5.64251
-2.98891 -5.64789
-2.98291 -5.65313
-2.97718 -5.65868
-2.97129 -5.66404
-2.96526 -5.66925
-2.95917 -5.6744
-2.95338 -5.67987
-2.94734 -5.68508
-2.94153 -5.69054
-2.93579 -5.69606
-2.92981 -5.70133
-2.92369 -5.70645
-2.918 -5.71203
-2.91193 -5.7172
-2.90624 -5.72278
-2.89998 -5.72774
-2.89445 -5.73351
-2.88818 -5.73845
-2.88235 -5.74389
-2.87667 -5.74948
-2.87035 -5.75437
-2.86455 -5.75984
-2.85899 -5.76557
-2.85278 -5.77059
-2.84684 -5.77589
-2.84099 -5.7813
-2.83534 -5.78694
-2.82912 -5.79194
-2.82304 -5.7971
-2.81736 -5.80269
-2.81143 -5.80802
-2.80539 -5.81322
-2.79971 -5.81881
-2.7965 -5.82131
-2.7933 -5.8238
-2.78994 -5.82608
-2.78679 -5.82869
-2.7831 -5.83042
-2.77977 -5.83279
-2.77615 -5.83464
-2.77252 -5.83648
-2.76877 -5.83789
-2.76503 -5.8393
-2.76142 -5.84104
-2.75782 -5.84277
-2.75409 -5.84423
-2.75037 -5.8457
-2.74311 -5.84906
-2.73952 -5.85081
-2.73592 -5.85257
-2.73212 -5.85385
-2.72832 -5.85514
-2.72477 -5.85701
-2.72123 -5.85888
-2.71742 -5.86015
-2.71361 -5.86142
-2.70636 -5.8648
-2.70279 -5.86661
-2.69921 -5.86842
-2.69544 -5.86976
-2.69166 -5.8711
-2.68428 -5.87419
-2.68074 -5.87606
-2.6772 -5.87794
-2.67342 -5.87929
-2.66965 -5.88063
-2.66229 -5.88377
-2.65871 -5.88555
-2.65513 -5.88734
-2.64775 -5.89043
-2.64042 -5.89362
-2.63669 -5.89508
-2.63297 -5.89653
-2.62561 -5.89967
-2.62205 -5.90151
-2.6185 -5.90336
-2.61108 -5.90636
-2.60747 -5.90807
-2.60385 -5.90979
-2.60008 -5.91113
-2.5963 -5.91247
-2.59272 -5.91427
-2.58914 -5.91607
-2.58172 -5.91905
-2.57447 -5.92243
-2.57071 -5.9238
-2.56695 -5.92518
-2.55961 -5.92835
-2.55599 -5.93006
-2.55238 -5.93177
-2.54513 -5.93515
-2.5378 -5.93835
-2.53045 -5.94149
-2.5231 -5.94466
-2.51937 -5.9461
-2.51564 -5.94753
-2.50839 -5.95093
-2.50466 -5.95237
-2.50093 -5.95381
-2.4974 -5.95573
-2.49388 -5.95765
-2.49007 -5.95891
-2.48626 -5.96017
-2.48269 -5.962
-2.47913 -5.96383
-2.47537 -5.96521
-2.47161 -5.96659
-2.46435 -5.96996
-2.45708 -5.97329
-2.45348 -5.97505
-2.44989 -5.9768
-2.44252 -5.97991
-2.43875 -5.98126
-2.43498 -5.98261
-2.4276 -5.98569
-2.42398 -5.98741
-2.42037 -5.98913
-2.41312 -5.99251
-2.40936 -5.99388
-2.40559 -5.99524
-2.40203 -5.99708
-2.39847 -5.99892
-2.39112 -6.00206
-2.38739 -6.00351
-2.38366 -6.00496
-2.37625 -6.00797
-2.37272 -6.00988
-2.36919 -6.01178
-2.36182 -6.0149
-2.35808 -6.01632
-2.35434 -6.01774
-2.35075 -6.01951
-2.34716 -6.02128
-2.34344 -6.02274
-2.33971 -6.02421
-2.33236 -6.02736
-2.32504 -6.03057
-2.31777 -6.0339
-2.314 -6.03526
-2.31024 -6.03663
-2.30666 -6.03842
-2.30307 -6.0402
-2.29581 -6.04356
-2.2884 -6.04655
-2.28102 -6.04964
-2.27741 -6.05137
-2.27381 -6.05311
-2.26644 -6.05622
-2.25915 -6.05949
-2.25184 -6.06273
-2.24451 -6.06593
-2.23711 -6.06898
-2.23337 -6.0704
-2.22963 -6.07182
-2.22225 -6.0749
-2.21866 -6.07668
-2.21508 -6.07845
-2.20768 -6.0815
-2.20028 -6.08453
-2.19669 -6.0863
-2.1931 -6.08807
-2.18577 -6.09126
-2.17844 -6.09446
-2.17471 -6.09591
-2.17098 -6.09736
-2.16741 -6.09917
-2.16383 -6.10097
-2.16005 -6.1023
-2.15627 -6.10362
-2.15266 -6.10535
-2.14905 -6.10707
-2.14166 -6.11012
-2.13675 -6.11173
-2.13206 -6.11394
-2.12703 -6.11508
-2.12207 -6.11657
-2.11691 -6.11692
-2.11187 -6.11819
-2.10671 -6.11834
-2.10155 -6.11832
-2.09355 -6.11823
-2.08955 -6.11852
-2.08555 -6.11881
-2.08155 -6.11866
-2.07755 -6.11851
-2.07355 -6.11858
-2.06955 -6.11866
-2.06555 -6.1187
-2.06155 -6.11874
-2.05755 -6.1184
-2.05355 -6.11806
-2.04955 -6.1181
-2.04555 -6.11815
-2.04155 -6.11826
-2.03755 -6.11836
-2.03355 -6.11814
-2.02955 -6.11792
-2.02555 -6.11827
-2.02155 -6.11861
-2.01755 -6.11838
-2.01355 -6.11815
-2.00556 -6.11811
-1.99756 -6.11803
-1.98956 -6.11794
-1.98156 -6.11789
-1.97756 -6.11795
-1.97356 -6.11801
-1.96956 -6.11811
-1.96556 -6.11822
-1.95756 -6.11824
-1.94956 -6.11829
-1.94556 -6.11804
-1.94156 -6.11779
-1.93756 -6.11772
-1.93356 -6.11765
-1.92956 -6.11794
-1.92556 -6.11824
-1.91756 -6.11818
-1.91356 -6.11789
-1.90956 -6.1176
-1.90556 -6.11773
-1.90156 -6.11786
-1.89756 -6.11768
-1.89356 -6.11749
-1.88956 -6.11786
-1.88556 -6.11823
-1.88156 -6.11798
-1.87756 -6.11773
-1.86956 -6.11763
-1.86556 -6.1178
-1.86156 -6.11798
-1.85756 -6.11777
-1.85356 -6.11757
-1.84956 -6.11765
-1.84556 -6.11772
-1.84156 -6.1179
-1.83756 -6.11807
-1.83356 -6.11795
-1.82956 -6.11784
-1.82557 -6.11754
-1.82157 -6.11724
-1.81757 -6.11735
-1.81357 -6.11747
-1.80957 -6.11757
-1.80557 -6.11767
-1.80157 -6.11772
-1.79757 -6.11776
-1.79357 -6.11768
-1.78957 -6.11759
-1.78557 -6.11751
-1.78157 -6.11743
-1.77757 -6.11753
-1.77357 -6.11762
-1.76957 -6.11755
-1.76557 -6.11748
-1.76157 -6.11738
-1.75757 -6.11727
-1.75357 -6.11718
-1.74957 -6.11709
-1.74557 -6.11738
-1.74157 -6.11767
-1.73757 -6.11759
-1.73357 -6.11751
-1.72957 -6.11734
-1.72557 -6.11717
-1.72157 -6.11709
-1.71757 -6.11701
-1.71357 -6.11715
-1.70957 -6.11729
-1.70157 -6.11728
-1.69757 -6.11744
-1.69357 -6.11761
-1.68557 -6.11754
-1.68157 -6.11736
-1.67757 -6.11718
-1.67357 -6.11734
-1.66957 -6.11749
-1.66157 -6.11749
-1.65357 -6.11741
-1.64957 -6.11733
-1.64557 -6.11724
-1.64157 -6.11718
-1.63757 -6.11712
-1.63358 -6.117
-1.62958 -6.11688
-1.62158 -6.11693
-1.61358 -6.11692
-1.60558 -6.11683
-1.60158 -6.11701
-1.59758 -6.11719
-1.59358 -6.11685
-1.58958 -6.11651
-1.58558 -6.11681
-1.58158 -6.11712
-1.57758 -6.11689
-1.57358 -6.11667
-1.56958 -6.11685
-1.56558 -6.11703
-1.56158 -6.11696
-1.55758 -6.11689
-1.55358 -6.11674
-1.54958 -6.11658
-1.54558 -6.1168
-1.54158 -6.11702
-1.53758 -6.11676
-1.53358 -6.11649
-1.52958 -6.11675
-1.52558 -6.117
-1.52158 -6.11672
-1.51758 -6.11643
-1.51358 -6.11655
-1.50958 -6.11666
-1.50558 -6.11681
-1.50158 -6.11695
-1.49758 -6.11686
-1.49358 -6.11677
-1.48958 -6.11671
-1.48558 -6.11666
-1.48158 -6.11644
-1.47758 -6.11622
-1.47358 -6.11653
-1.46958 -6.11684
-1.46558 -6.11677
-1.46158 -6.1167
-1.45759 -6.1164
-1.45359 -6.11609
-1.44959 -6.1164
-1.44558 -6.1167
-1.44159 -6.11657
-1.43759 -6.11644
-1.43359 -6.11653
-1.42959 -6.11662
-1.42159 -6.11658
-1.41759 -6.11626
-1.41359 -6.11594
-1.40959 -6.11606
-1.40559 -6.11618
-1.39759 -6.11614
-1.39359 -6.11631
-1.38959 -6.11648
-1.38559 -6.11625
-1.38159 -6.11603
-1.37759 -6.11622
-1.37359 -6.11641
-1.36959 -6.11614
-1.36559 -6.11586
-1.36159 -6.11619
-1.35759 -6.11652
-1.35359 -6.11629
-1.34959 -6.11606
-1.34558 -6.11598
-1.34535 -6.11528
-1.34517 -6.11456
-1.3452 -6.11383
-1.34534 -6.11306
-1.34482 -6.11242
-1.34488 -6.11163
-1.34446 -6.11099
-1.34428 -6.11026
-1.34398 -6.10957
-1.34363 -6.1089
-1.3433 -6.10819
-1.34229 -6.10804
-1.34225 -6.10708
-1.34128 -6.107
-1.34109 -6.10608
-1.34038 -6.10576
-1.3395 -6.10574
-1.33919 -6.1048
-1.335 -6.10283
-1.33081 -6.10086
-1.33007 -6.10076
-1.32941 -6.10053
-1.32359 -6.09843
-1.31778 -6.09633
-1.31196 -6.09423
-1.30615 -6.09213
-1.30553 -6.09167
-1.30485 -6.09137
-1.30417 -6.09102
-1.3034 -6.09107
-1.30266 -6.09105
-1.29724 -6.09082
-1.29183 -6.09059
-1.28641 -6.09036
-1.28568 -6.09018
-1.28494 -6.0904
-1.2842 -6.09034
-1.28348 -6.09051
-1.28273 -6.09048
-1.28206 -6.09089
-1.28119 -6.09057
-1.28063 -6.09125
-1.27423 -6.09389
-1.26783 -6.09654
-1.26143 -6.09919
-1.25502 -6.10183
-1.24862 -6.10448
-1.24815 -6.10526
-1.24762 -6.10581
-1.24694 -6.10608
-1.24626 -6.1064
-1.24544 -6.10657
-1.24487 -6.10707
-1.2444 -6.10768
-1.24418 -6.10848
-1.24392 -6.1092
-1.24334 -6.1097
-1.24265 -6.11016
-1.24289 -6.11111
-1.24237 -6.11169
-1.24216 -6.1124
-1.24223 -6.11318
-1.24201 -6.11387
-1.24143 -6.11453
-1.24148 -6.11529
-1.24172 -6.11573
-1.2376 -6.11611
-1.2336 -6.11573
-1.2296 -6.11535
-1.2256 -6.11562
-1.2216 -6.11589
-1.2136 -6.11588
-1.2096 -6.11575
-1.2056 -6.11561
-1.2016 -6.11543
-1.1976 -6.11524
-1.1896 -6.11523
-1.1856 -6.11534
-1.1816 -6.11545
-1.1776 -6.11556
-1.1736 -6.11567
-1.1656 -6.11559
-1.1616 -6.11537
-1.1576 -6.11514
-1.1536 -6.11539
-1.1496 -6.11564
-1.1456 -6.11547
-1.1416 -6.11529
-1.1376 -6.11545
-1.1336 -6.1156
-1.1296 -6.11566
-1.1256 -6.11573
-1.1216 -6.11565
-1.1176 -6.11558
-1.1136 -6.11549
-1.1096 -6.11541
-1.1016 -6.11532
-1.0976 -6.11543
-1.0936 -6.11553
-1.08961 -6.11537
-1.08561 -6.1152
-1.08161 -6.11533
-1.07761 -6.11547
-1.07361 -6.11518
-1.06961 -6.1149
-1.06161 -6.1149
-1.05761 -6.11519
-1.05361 -6.11549
-1.04961 -6.1153
-1.04561 -6.11512
-1.04161 -6.11516
-1.03761 -6.11519
-1.02961 -6.11511
-1.02561 -6.11488
-1.02161 -6.11466
-1.01761 -6.11481
-1.01361 -6.11496
-1.00961 -6.11503
-1.00561 -6.1151
-0.99761 -6.11505
-0.989611 -6.11507
-0.98561 -6.11513
-0.98161 -6.1152
-0.977612 -6.11488
-0.973613 -6.11456
-0.965613 -6.11455
-0.957614 -6.11455
-0.953613 -6.11475
-0.949613 -6.11495
-0.945614 -6.11471
-0.941615 -6.11446
-0.937614 -6.1147
-0.933613 -6.11494
-0.929613 -6.11498
-0.925614 -6.11502
-0.917614 -6.11504
-0.913615 -6.11478
-0.909616 -6.11453
-0.905616 -6.11467
-0.901615 -6.11482
-0.897616 -6.11461
-0.893617 -6.1144
-0.889616 -6.1146
-0.885616 -6.1148
-0.881616 -6.11474
-0.877617 -6.11468
-0.869617 -6.11468
-0.865618 -6.11442
-0.861619 -6.11415
-0.857618 -6.11444
-0.853618 -6.11473
-0.849619 -6.11444
-0.84562 -6.11414
-0.83762 -6.11418
-0.829621 -6.11416
-0.825621 -6.1142
-0.821621 -6.11424
-0.813621 -6.11426
-0.809621 -6.11431
-0.805621 -6.11436
-0.801621 -6.11429
-0.797622 -6.11422
-0.793621 -6.11438
-0.789621 -6.11453
-0.781622 -6.1145
-0.777623 -6.11417
-0.773624 -6.11384
-0.769624 -6.11404
-0.765623 -6.11424
-0.757624 -6.11424
-0.753624 -6.11409
-0.749625 -6.11393
-0.741625 -6.11389
-0.737625 -6.11414
-0.733624 -6.11439
-0.729625 -6.11427
-0.725625 -6.11415
-0.721625 -6.1143
-0.717625 -6.11444
-0.713625 -6.11432
-0.709626 -6.1142
-0.705627 -6.11402
-0.701627 -6.11385
-0.693628 -6.11375
-0.685629 -6.11368
-0.677629 -6.11365
-0.673629 -6.11383
-0.669628 -6.11402
-0.665629 -6.11386
-0.66163 -6.1137
-0.65763 -6.11363
-0.65363 -6.11357
-0.64963 -6.1137
-0.64563 -6.11384
-0.64163 -6.11391
-0.63763 -6.11398
-0.63363 -6.11392
-0.629631 -6.11386
-0.62563 -6.11393
-0.62163 -6.11401
-0.617631 -6.11395
-0.613631 -6.11389
-0.609632 -6.11365
-0.605633 -6.11342
-0.597634 -6.11335
-0.593634 -6.11342
-0.589633 -6.1135
-0.581634 -6.11355
-0.577634 -6.11346
-0.573635 -6.11338
-0.569634 -6.11353
-0.565634 -6.11368
-0.561635 -6.11343
-0.557636 -6.11318
-0.553636 -6.1133
-0.549636 -6.11342
-0.541636 -6.11343
-0.537636 -6.11347
-0.533636 -6.11351
-0.529636 -6.11364
-0.525635 -6.11377
-0.521637 -6.11347
-0.517638 -6.11318
-0.513638 -6.11322
-0.509638 -6.11325
-0.505637 -6.11346
-0.501637 -6.11367
-0.497638 -6.11332
-0.493639 -6.11297
-0.489639 -6.11324
-0.485638 -6.11351
-0.481638 -6.11358
-0.477638 -6.11364
-0.473639 -6.11339
-0.46964 -6.11315
-0.46564 -6.11333
-0.461639 -6.11352
-0.45764 -6.11325
-0.453641 -6.11299
-0.445642 -6.11292
-0.441641 -6.11318
-0.43764 -6.11345
-0.433641 -6.1133
-0.429642 -6.11315
-0.425642 -6.11309
-0.421642 -6.11303
-0.417642 -6.11316
-0.413642 -6.11328
-0.409643 -6.11312
-0.405643 -6.11297
-0.397644 -6.113
-0.393644 -6.11288
-0.389645 -6.11275
-0.385644 -6.11293
-0.381644 -6.11311
-0.377644 -6.11304
-0.373645 -6.11298
-0.369645 -6.11306
-0.365645 -6.11313
-0.361645 -6.11306
-0.357645 -6.11299
-0.353646 -6.11275
-0.349647 -6.11252
-0.345647 -6.11261
-0.341647 -6.11271
-0.337647 -6.11289
-0.333646 -6.11307
-0.329647 -6.11288
-0.325648 -6.11269
-0.317648 -6.11265
-0.313648 -6.11275
-0.309648 -6.11286
-0.305648 -6.11278
-0.301649 -6.11271
-0.297649 -6.11278
-0.293649 -6.11285
-0.285649 -6.11284
-0.28165 -6.11271
-0.27765 -6.11258
-0.273651 -6.1124
-0.269652 -6.11221
-0.265651 -6.11249
-0.261651 -6.11276
-0.257651 -6.11263
-0.253652 -6.1125
-0.249652 -6.11244
-0.245652 -6.11238
-0.241652 -6.11261
-0.237651 -6.11285
-0.233653 -6.11251
-0.229654 -6.11217
-0.221654 -6.11214
-0.217653 -6.11247
-0.213652 -6.11281
-0.209653 -6.11262
-0.205654 -6.11243
-0.201654 -6.11256
-0.197654 -6.1127
-0.193655 -6.11241
-0.189656 -6.11213
-0.185656 -6.11205
-0.181657 -6.11197
-0.177656 -6.11214
-0.173656 -6.11231
-0.169656 -6.11223
-0.165657 -6.11215
-0.161657 -6.11219
-0.157657 -6.11222
-0.153657 -6.11234
-0.149656 -6.11246
-0.145657 -6.11238
-0.141657 -6.11229
-0.137658 -6.11221
-0.133658 -6.11213
-0.125659 -6.11211
-0.121658 -6.11231
-0.117658 -6.11251
-0.113659 -6.1123
-0.109659 -6.11209
-0.10166 -6.11199
-0.0936605 -6.112
-0.0856609 -6.11198
-0.0816605 -6.11217
-0.07766 -6.11236
-0.0696605 -6.11233
-0.065661 -6.11222
-0.0616615 -6.11212
-0.0576619 -6.11204
-0.0536624 -6.11196
-0.0496621 -6.11211
-0.0456618 -6.11225
-0.041663 -6.11193
-0.0376642 -6.11162
-0.033664 -6.11174
-0.0296638 -6.11186
-0.0256637 -6.11195
-0.0216636 -6.11204
-0.0176645 -6.11181
-0.0136654 -6.11159
-0.00966483 -6.11181
-0.00566431 -6.11203
-0.0016656 -6.11168
0.00233311 -6.11134
0.00633359 -6.11154
0.0103341 -6.11175
0.0143342 -6.11185
0.0183344 -6.11194
0.0223333 -6.11168
0.0263323 -6.11141
0.0303318 -6.11134
0.0343314 -6.11126
0.0383314 -6.11132
0.0423315 -6.11138
0.046332 -6.11159
0.0503325 -6.1118
0.054332 -6.11173
0.0583316 -6.11165
0.0623307 -6.11143
0.0663298 -6.11121
0.0703304 -6.11145
0.074331 -6.11168
0.07833 -6.11143
0.082329 -6.11118
0.0903287 -6.11119
0.098328 -6.11109
0.102329 -6.11142
0.10633 -6.11175
0.110329 -6.11169
0.114329 -6.11163
0.118328 -6.11135
0.122327 -6.11108
0.126327 -6.11115
0.130327 -6.11122
0.134326 -6.11109
0.138326 -6.11096
0.142327 -6.1113
0.146328 -6.11165
0.150327 -6.11156
0.154327 -6.11147
0.158326 -6.11134
0.162326 -6.1112
0.166326 -6.11131
0.170326 -6.11142
0.174325 -6.11113
0.178324 -6.11085
0.182324 -6.11093
0.186324 -6.11102
0.190324 -6.11105
0.194324 -6.11107
0.198324 -6.11111
0.202324 -6.11115
0.206324 -6.11124
0.210324 -6.11133
0.214323 -6.11121
0.218323 -6.1111
0.222322 -6.11095
0.226321 -6.1108
0.230451 -6.11082
0.230322 -6.11111
0.230687 -6.11182
0.230062 -6.11265
0.23065 -6.11331
0.230937 -6.11399
0.230974 -6.11475
0.230763 -6.11564
0.231592 -6.11609
0.231557 -6.11696
0.231906 -6.11764
0.232616 -6.11805
0.233249 -6.11848
0.233337 -6.11941
0.234104 -6.11969
0.234408 -6.12048
0.238284 -6.12347
0.24216 -6.12647
0.242804 -6.12679
0.243084 -6.12766
0.243866 -6.12775
0.244332 -6.12844
0.245227 -6.12817
0.245672 -6.12906
0.24639 -6.12923
0.247101 -6.12939
0.253602 -6.13088
0.260103 -6.13237
0.266603 -6.13386
0.273104 -6.13535
0.279605 -6.13684
0.280365 -6.13687
0.281131 -6.13668
0.281863 -6.13691
0.282593 -6.13664
0.283348 -6.13683
0.284135 -6.13706
0.291905 -6.13576
0.292594 -6.13565
0.293196 -6.13524
0.293911 -6.13521
0.299366 -6.13335
0.304821 -6.13149
0.310276 -6.12964
0.310889 -6.12923
0.311616 -6.1291
0.316958 -6.12657
0.322301 -6.12404
0.327643 -6.12151
0.327943 -6.12053
0.328632 -6.12027
0.32922 -6.11985
0.330058 -6.11971
0.33036 -6.11895
0.331164 -6.1187
0.331736 -6.1182
0.331702 -6.11726
0.332403 -6.11684
0.33273 -6.11618
0.333362 -6.11566
0.333157 -6.11478
0.333992 -6.11428
0.333516 -6.11339
0.334056 -6.11276
0.334031 -6.11202
0.333956 -6.11129
0.334697 -6.11056
0.33469 -6.11055
0.338316 -6.11078
0.342316 -6.11073
0.346316 -6.11068
0.350316 -6.11077
0.354316 -6.11086
0.358315 -6.11069
0.362314 -6.11053
0.366314 -6.11041
0.370313 -6.11029
0.374314 -6.11052
0.378314 -6.11074
0.386314 -6.11067
0.394313 -6.11062
0.398313 -6.11055
0.402312 -6.11049
0.406313 -6.11061
0.410313 -6.11073
0.414312 -6.1104
0.41831 -6.11007
0.422311 -6.11022
0.426311 -6.11037
0.430311 -6.11048
0.434311 -6.11059
0.43831 -6.11029
0.442309 -6.10999
0.450309 -6.11002
0.454309 -6.11021
0.45831 -6.1104
0.462309 -6.11034
0.466309 -6.11028
0.470308 -6.11008
0.474307 -6.10987
0.478308 -6.11019
0.482309 -6.11051
0.486308 -6.1104
0.490308 -6.11029
0.494307 -6.11012
0.498306 -6.10994
0.502307 -6.11011
0.506307 -6.11028
0.514307 -6.11025
0.518306 -6.1101
0.522305 -6.10994
0.526306 -6.11014
0.530306 -6.11034
0.538306 -6.11035
0.542305 -6.11004
0.546304 -6.10974
0.550304 -6.11003
0.554305 -6.11032
0.562304 -6.11022
0.566304 -6.11008
0.570303 -6.10993
0.574303 -6.10998
0.578303 -6.11003
0.582303 -6.10992
0.586302 -6.10981
0.594302 -6.10982
0.598302 -6.10988
0.602302 -6.10995
0.606301 -6.10969
0.6103 -6.10944
0.6143 -6.10968
0.618301 -6.10992
0.6223 -6.10978
0.6263 -6.10963
0.6303 -6.10984
0.634301 -6.11005
0.6383 -6.10989
0.642299 -6.10974
0.650299 -6.10964
0.658298 -6.10959
0.662298 -6.10973
0.666299 -6.10988
0.674298 -6.10985
0.678297 -6.1096
0.682296 -6.10934
0.686296 -6.10925
0.690295 -6.10916
0.694296 -6.10932
0.698296 -6.10949
0.702296 -6.1094
0.706295 -6.10931
0.714295 -6.10927
0.718295 -6.1094
0.722295 -6.10953
0.726294 -6.10934
0.730293 -6.10914
0.738293 -6.10909
0.742293 -6.10917
0.746293 -6.10925
0.750293 -6.10914
0.754292 -6.10903
0.758292 -6.10908
0.762292 -6.10913
0.766291 -6.10901
0.770291 -6.10889
0.774292 -6.10917
0.778292 -6.10946
0.782291 -6.10925
0.786291 -6.10903
0.79029 -6.10895
0.79429 -6.10886
0.79829 -6.10901
0.80229 -6.10916
0.80629 -6.10926
0.810291 -6.10935
0.81429 -6.10919
0.818289 -6.10903
0.826289 -6.10895
0.834288 -6.10895
0.838287 -6.10878
0.842287 -6.10862
0.846287 -6.10879
0.850288 -6.10897
0.854287 -6.10886
0.858287 -6.10876
0.862287 -6.10886
0.866287 -6.10897
0.874286 -6.10897
0.878286 -6.10873
0.882285 -6.10849
0.886285 -6.1087
0.890286 -6.10891
0.894285 -6.10884
0.898285 -6.10878
0.902284 -6.10863
0.906283 -6.10848
0.914283 -6.1085
0.918283 -6.1086
0.922283 -6.1087
0.926283 -6.10853
0.930282 -6.10835
0.934282 -6.10853
0.938283 -6.10871
0.942283 -6.10886
0.946283 -6.109
0.950282 -6.10863
0.954281 -6.10826
0.958281 -6.1084
0.962281 -6.10854
0.966281 -6.10845
0.97028 -6.10836
0.974281 -6.10862
0.978282 -6.10888
0.98228 -6.10855
0.986279 -6.10821
0.99028 -6.10843
0.99428 -6.10866
0.99828 -6.1086
1.00228 -6.10855
1.00628 -6.10869
1.01028 -6.10883
1.01428 -6.10871
1.01828 -6.1086
1.02228 -6.10852
1.02628 -6.10844
1.03028 -6.10856
1.03428 -6.10868
1.03828 -6.10848
1.04228 -6.10829
1.04628 -6.10815
1.05028 -6.10801
1.05428 -6.10817
1.05828 -6.10833
1.06628 -6.10823
1.07028 -6.10814
1.07427 -6.10805
1.07828 -6.10828
1.08228 -6.10851
1.09028 -6.10853
1.09828 -6.10857
1.10227 -6.10835
1.10627 -6.10814
1.11027 -6.10803
1.11427 -6.10792
1.12227 -6.10791
1.12627 -6.10809
1.13027 -6.10827
1.13827 -6.10821
1.14627 -6.10815
1.15027 -6.10797
1.15427 -6.10778
1.15827 -6.10787
1.16227 -6.10795
1.16627 -6.1078
1.17027 -6.10764
1.17427 -6.1078
1.17827 -6.10795
1.18227 -6.10782
1.18627 -6.1077
1.19427 -6.10761
1.19827 -6.10782
1.20227 -6.10804
1.20627 -6.10789
1.21027 -6.10774
1.21427 -6.1078
1.21827 -6.10785
1.22227 -6.1078
1.22627 -6.10774
1.23027 -6.10792
1.23427 -6.1081
1.23827 -6.10802
1.24227 -6.10794
1.24627 -6.10775
1.25027 -6.10757
1.25826 -6.10757
1.26626 -6.10762
1.27026 -6.10741
1.27426 -6.10721
1.28226 -6.10722
1.29026 -6.10719
1.29426 -6.10747
1.29826 -6.10776
1.30226 -6.10779
1.30626 -6.10782
1.31426 -6.10772
1.31826 -6.10767
1.32226 -6.10761
1.32626 -6.10745
1.33026 -6.10729
1.33426 -6.10716
1.33826 -6.10703
1.34226 -6.10734
1.34626 -6.10765
1.35026 -6.10748
1.35426 -6.10732
1.36226 -6.10734
1.37026 -6.10726
1.37426 -6.10741
1.37826 -6.10756
1.38226 -6.10738
1.38626 -6.10719
1.39026 -6.10729
1.39426 -6.10738
1.39826 -6.10741
1.40226 -6.10744
1.40626 -6.10715
1.41026 -6.10685
1.41426 -6.10708
1.41826 -6.1073
1.42226 -6.10708
1.42626 -6.10687
1.43025 -6.10678
1.43425 -6.10669
1.43825 -6.1069
1.44226 -6.1071
1.44626 -6.10718
1.45026 -6.10726
1.45426 -6.10729
1.45826 -6.10733
1.46225 -6.10711
1.46625 -6.10689
1.47025 -6.107
1.47425 -6.10712
1.47825 -6.10689
1.48225 -6.10666
1.48625 -6.10658
1.49025 -6.10651
1.49425 -6.10663
1.49825 -6.10676
1.50625 -6.10674
1.51025 -6.10694
1.51425 -6.10713
1.51825 -6.10689
1.52225 -6.10664
1.52625 -6.1067
1.53025 -6.10675
1.53825 -6.10667
1.54625 -6.10667
1.55425 -6.10657
1.56225 -6.10649
1.56625 -6.10669
1.57025 -6.10689
1.57825 -6.10688
1.58625 -6.10679
1.59025 -6.10683
1.59425 -6.10688
1.59825 -6.10655
1.60225 -6.10623
1.60625 -6.10631
1.61025 -6.10639
1.61424 -6.10628
1.61824 -6.10618
1.62224 -6.10639
1.62625 -6.1066
1.63024 -6.10636
1.63424 -6.10613
1.63824 -6.10616
1.64224 -6.1062
1.64624 -6.10633
1.65024 -6.10645
1.65424 -6.10654
1.65824 -6.10663
1.66624 -6.10666
1.67024 -6.10648
1.67424 -6.1063
1.67824 -6.10616
1.68224 -6.10602
1.68624 -6.10625
1.69024 -6.10647
1.69424 -6.10618
1.69824 -6.10588
1.70224 -6.10598
1.70624 -6.10609
1.71024 -6.10629
1.71424 -6.10649
1.72224 -6.1064
1.72624 -6.10633
1.73024 -6.10626
1.73424 -6.10638
1.73824 -6.10649
1.74224 -6.10617
1.74624 -6.10584
1.75024 -6.10577
1.75424 -6.10571
1.75824 -6.10575
1.76224 -6.10579
1.76624 -6.10588
1.77024 -6.10597
1.77424 -6.10605
1.77824 -6.10613
1.78224 -6.1059
1.78624 -6.10567
1.79024 -6.10593
1.79424 -6.1062
1.79824 -6.10586
1.80223 -6.10551
1.80623 -6.10556
1.81023 -6.1056
1.81823 -6.1056
1.82223 -6.10571
1.82623 -6.10582
1.83023 -6.10593
1.83423 -6.10604
1.83823 -6.10578
1.84223 -6.10551
1.84623 -6.10575
1.85023 -6.10599
1.85423 -6.10583
1.85823 -6.10567
1.86623 -6.10567
1.87023 -6.10557
1.87423 -6.10547
1.87823 -6.10565
1.88223 -6.10583
1.88623 -6.1056
1.89023 -6.10537
1.89423 -6.10567
1.89823 -6.10597
1.90223 -6.10559
1.90623 -6.10521
1.91023 -6.10532
1.91423 -6.10544
1.91823 -6.10565
1.92223 -6.10587
1.92623 -6.10559
1.93023 -6.10531
1.93423 -6.10523
1.93823 -6.10516
1.94623 -6.10516
1.95023 -6.10508
1.95423 -6.105
1.95823 -6.10504
1.96223 -6.10509
1.97023 -6.10512
1.97423 -6.10519
1.97823 -6.10526
1.98222 -6.10511
1.98622 -6.10496
1.99022 -6.10513
1.99422 -6.1053
2.00222 -6.10521
2.00622 -6.10509
2.01022 -6.10497
2.01422 -6.10507
2.01822 -6.10517
2.02222 -6.10509
2.02622 -6.10501
2.03022 -6.10526
2.03422 -6.1055
2.03822 -6.10537
2.04222 -6.10524
2.04622 -6.10533
2.05022 -6.10541
2.05422 -6.10531
2.05822 -6.1052
2.06222 -6.10499
2.06622 -6.10478
2.07022 -6.10482
2.07422 -6.10485
2.08222 -6.1049
2.08622 -6.10498
2.09022 -6.10506
2.09422 -6.10518
2.09822 -6.1053
2.10222 -6.10508
2.10622 -6.10487
2.11022 -6.10492
2.11422 -6.10497
2.11822 -6.10488
2.12222 -6.1048
2.12622 -6.10485
2.13022 -6.1049
2.13422 -6.10476
2.13822 -6.10463
2.14622 -6.10454
2.15421 -6.10452
2.15821 -6.10443
2.16221 -6.10433
2.16621 -6.10444
2.17021 -6.10455
2.17421 -6.10467
2.17821 -6.10479
2.18221 -6.10488
2.18621 -6.10498
2.19021 -6.10467
2.19421 -6.10437
2.20221 -6.10435
2.20621 -6.10452
2.21021 -6.10469
2.21421 -6.10456
2.21821 -6.10443
2.22221 -6.10433
2.22621 -6.10423
2.23421 -6.10419
2.24221 -6.10413
2.25021 -6.10416
2.25421 -6.10434
2.25821 -6.10452
2.26221 -6.10438
2.26621 -6.10424
2.27421 -6.10417
2.27821 -6.10425
2.28221 -6.10432
2.28621 -6.10422
2.29021 -6.10412
2.29819 -6.10397
2.30255 -6.10435
2.30689 -6.10406
2.31111 -6.10299
2.31542 -6.10257
2.31968 -6.10181
2.32392 -6.10087
2.328 -6.0994
2.33224 -6.09841
2.33622 -6.09669
2.34 -6.09454
2.34729 -6.09133
2.35456 -6.08808
2.36182 -6.0848
2.36914 -6.08164
2.37629 -6.07814
2.3835 -6.07476
2.39076 -6.07148
2.39775 -6.06762
2.40521 -6.06478
2.4124 -6.06134
2.41961 -6.05797
2.42679 -6.05451
2.43396 -6.05104
2.44122 -6.04778
2.44855 -6.04465
2.4558 -6.04135
2.46276 -6.03742
2.47016 -6.03446
2.47743 -6.03119
2.48452 -6.02756
2.49163 -6.02396
2.49891 -6.02072
2.50606 -6.0172
2.51333 -6.01396
2.52074 -6.011
2.52797 -6.00766
2.53503 -6.00395
2.54238 -6.00088
2.54936 -5.99701
2.55678 -5.99406
2.56394 -5.99057
2.57117 -5.98724
2.57849 -5.98407
2.58566 -5.98061
2.59261 -5.97667
2.59983 -5.97332
2.60715 -5.97016
2.61442 -5.96691
2.62166 -5.9636
2.62878 -5.96002
2.63624 -5.95718
2.64329 -5.95344
2.65041 -5.94986
2.65781 -5.94688
2.66511 -5.9437
2.67233 -5.94033
2.67931 -5.93646
2.68659 -5.93323
2.69392 -5.93011
2.70117 -5.9268
2.70831 -5.92327
2.71551 -5.91986
2.72285 -5.91676
2.72996 -5.91317
2.73713 -5.9097
2.74431 -5.90624
2.75162 -5.90307
2.7588 -5.89963
2.7659 -5.89602
2.77324 -5.8929
2.78044 -5.8895
2.78773 -5.88629
2.79471 -5.88242
2.80205 -5.8793
2.80922 -5.87584
2.81665 -5.87293
2.82376 -5.86933
2.83095 -5.8659
2.83806 -5.8623
2.84555 -5.85952
2.85257 -5.85572
2.85987 -5.85254
2.8669 -5.84875
2.87419 -5.84556
2.88151 -5.84241
2.88872 -5.83902
2.89593 -5.83565
2.90312 -5.83222
2.91049 -5.82918
2.91771 -5.8258
2.92483 -5.82223
2.93208 -5.81893
2.93928 -5.81553
2.94634 -5.81182
2.95363 -5.80862
2.96101 -5.80559
2.96807 -5.80189
2.97265 -5.79977
2.97718 -5.7975
2.98119 -5.79444
2.98529 -5.79153
2.98901 -5.78812
2.99305 -5.78512
2.99912 -5.77993
3.00473 -5.77424
3.01087 -5.76913
3.01686 -5.76386
3.02251 -5.75821
3.02871 -5.75316
3.03147 -5.75026
3.03423 -5.74737
3.04038 -5.74227
3.04608 -5.73668
3.05217 -5.73151
3.05824 -5.72633
3.06418 -5.72099
3.06694 -5.71809
3.06969 -5.71519
3.0758 -5.71005
3.08161 -5.70457
3.08739 -5.69907
3.09316 -5.69355
3.09921 -5.68834
3.10544 -5.68333
3.11109 -5.67768
3.1171 -5.67243
3.12308 -5.66714
3.12901 -5.6618
3.13455 -5.65603
3.14043 -5.65064
3.1465 -5.64545
3.15227 -5.63993
3.1584 -5.63481
3.1643 -5.62944
3.17024 -5.62411
3.17594 -5.61851
3.18195 -5.61326
3.18504 -5.6104
3.18505 -5.61042
3.18551 -5.61101
3.18581 -5.61182
3.18648 -5.61219
3.18707 -5.61267
3.18789 -5.61274
3.18836 -5.61349
3.18908 -5.61376
3.18992 -5.6136
3.19048 -5.61442
3.19136 -5.61388
3.19203 -5.61437
3.19276 -5.6147
3.19353 -5.61487
3.19429 -5.61478
3.19499 -5.61423
3.19581 -5.61455
3.19646 -5.61401
3.20072 -5.61294
3.20498 -5.61187
3.20573 -5.61199
3.20641 -5.61184
3.20709 -5.61166
3.20753 -5.61099
3.21321 -5.60811
3.2189 -5.60523
3.22459 -5.60235
3.23027 -5.59947
3.23506 -5.59684
3.23985 -5.59421
3.24463 -5.59158
3.24546 -5.59147
3.24582 -5.59067
3.2466 -5.59044
3.24708 -5.58984
3.24778 -5.58946
3.24828 -5.58888
3.24866 -5.58822
3.24889 -5.58747
3.24908 -5.58674
3.2497 -5.58622
3.2498 -5.58545
3.25248 -5.57902
3.25516 -5.57259
3.25784 -5.56616
3.26052 -5.55974
3.2632 -5.55331
3.26387 -5.55277
3.26415 -5.55207
3.26383 -5.55123
3.26427 -5.55057
3.26484 -5.54987
3.2648 -5.54911
3.26435 -5.54836
3.26418 -5.54765
3.2646 -5.54684
3.26439 -5.54611
3.26376 -5.54552
3.26379 -5.54474
3.26331 -5.54415
3.26316 -5.54341
3.26307 -5.54261
3.26264 -5.542
3.26189 -5.54164
3.26178 -5.54077
3.26168 -5.54054
