3.40783 -4.43931
3.40458 -4.43646
3.40137 -4.43407
3.39817 -4.43167
3.39222 -4.42634
3.38587 -4.42148
3.38007 -4.41597
3.37416 -4.41059
3.36809 -4.40541
3.36181 -4.40045
3.35559 -4.39544
3.34979 -4.38993
3.34349 -4.38502
3.3373 -4.37996
3.33131 -4.37468
3.32537 -4.36934
3.31921 -4.36425
3.31326 -4.35892
3.31004 -4.35654
3.30682 -4.35417
3.30079 -4.34893
3.29467 -4.3438
3.28861 -4.33859
3.28254 -4.3334
3.27651 -4.32816
3.27061 -4.32277
3.26444 -4.3177
3.25819 -4.31273
3.25531 -4.30995
3.25243 -4.30717
3.24622 -4.30214
3.24014 -4.29696
3.23397 -4.29189
3.22801 -4.28657
3.22192 -4.2814
3.21581 -4.27626
3.20967 -4.27115
3.20353 -4.26604
3.19759 -4.2607
3.19157 -4.25545
3.18525 -4.25056
3.17902 -4.24555
3.17299 -4.24031
3.16701 -4.23502
3.16103 -4.22972
3.1551 -4.22437
3.15185 -4.22202
3.1486 -4.21968
3.14243 -4.21461
3.13643 -4.20934
3.13032 -4.20419
3.12447 -4.19874
3.11835 -4.19362
3.11206 -4.18868
3.10922 -4.18586
3.10638 -4.18303
3.10315 -4.18066
3.09993 -4.17829
3.09704 -4.17552
3.09415 -4.17275
3.08795 -4.16772
3.08201 -4.16238
3.07589 -4.15724
3.06977 -4.15211
3.06356 -4.14709
3.0573 -4.14212
3.0512 -4.13697
3.04833 -4.13417
3.04546 -4.13138
3.03933 -4.12626
3.03315 -4.1212
3.02716 -4.11592
3.02081 -4.11106
3.01485 -4.10574
3.00903 -4.10025
3.00277 -4.09528
2.99673 -4.09005
2.99072 -4.0848
2.98749 -4.08244
2.98425 -4.08008
2.98141 -4.07725
2.97858 -4.07442
2.97532 -4.07209
2.97206 -4.06976
2.9662 -4.06431
2.96035 -4.05887
2.95419 -4.05379
2.94794 -4.04881
2.94202 -4.04344
2.93565 -4.0386
2.92967 -4.0333
2.92364 -4.02806
2.91767 -4.02276
2.91146 -4.01773
2.90521 -4.01275
2.90234 -4.00997
2.89946 -4.00718
2.89621 -4.00485
2.89295 -4.00251
2.89013 -3.99966
2.88731 -3.99681
2.88405 -3.99448
2.8808 -3.99215
2.87484 -3.98682
2.86871 -3.98171
2.86284 -3.97628
2.85656 -3.97134
2.8504 -3.96625
2.84455 -3.9608
2.83822 -3.95592
2.83223 -3.95063
2.82934 -3.94786
2.82646 -3.94509
2.82323 -3.94272
2.82 -3.94036
2.81714 -3.93755
2.81428 -3.93475
2.8081 -3.92969
2.80181 -3.92476
2.79583 -3.91947
2.78967 -3.91437
2.7837 -3.90907
2.77762 -3.90389
2.77165 -3.89858
2.76561 -3.89335
2.75937 -3.88837
2.75308 -3.88344
2.74712 -3.87811
2.74096 -3.87303
2.73497 -3.86774
2.72879 -3.86269
2.72279 -3.85742
2.71694 -3.85196
2.71078 -3.84688
2.70756 -3.8445
2.70434 -3.84212
2.69851 -3.83665
2.69251 -3.83137
2.68624 -3.82642
2.68042 -3.82094
2.6772 -3.81856
2.67399 -3.81617
2.66819 -3.81067
2.662 -3.80561
2.65584 -3.80053
2.64974 -3.79538
2.64391 -3.7899
2.63762 -3.78497
2.63135 -3.78001
2.62524 -3.77487
2.61916 -3.76969
2.61631 -3.76688
2.61346 -3.76406
2.60733 -3.75894
2.60123 -3.75379
2.59506 -3.74871
2.58908 -3.74342
2.58285 -3.73842
2.57661 -3.73343
2.57054 -3.72823
2.56435 -3.72318
2.56151 -3.72036
2.55868 -3.71753
2.5554 -3.71522
2.55213 -3.7129
2.54623 -3.70751
2.53996 -3.70255
2.53398 -3.69725
2.52782 -3.69218
2.525 -3.68932
2.52219 -3.68646
2.51895 -3.68411
2.5157 -3.68176
2.5096 -3.67661
2.50351 -3.67144
2.50065 -3.66865
2.49778 -3.66586
2.49457 -3.66346
2.49137 -3.66107
2.48548 -3.65566
2.47938 -3.65051
2.47348 -3.64512
2.46742 -3.63991
2.46124 -3.63485
2.45521 -3.62962
2.44909 -3.62448
2.44302 -3.61929
2.43668 -3.61442
2.43048 -3.60938
2.42448 -3.60411
2.42159 -3.60134
2.41871 -3.59856
2.41253 -3.5935
2.40631 -3.5885
2.4004 -3.58312
2.39716 -3.58076
2.39393 -3.5784
2.39104 -3.57563
2.38815 -3.57286
2.38178 -3.56802
2.37891 -3.56524
2.37603 -3.56245
2.36971 -3.55756
2.36354 -3.55249
2.36065 -3.54972
2.35777 -3.54694
2.35171 -3.54174
2.34536 -3.53688
2.33933 -3.53165
2.33332 -3.52638
2.32716 -3.52129
2.32103 -3.51618
2.31496 -3.51098
2.3087 -3.50602
2.30266 -3.50079
2.29983 -3.49796
2.297 -3.49512
2.29069 -3.49022
2.28473 -3.48489
2.27856 -3.47982
2.27249 -3.47463
2.26616 -3.46975
2.26327 -3.46698
2.26038 -3.46421
2.25421 -3.45914
2.24832 -3.45373
2.24505 -3.45142
2.24177 -3.44911
2.23895 -3.44626
2.23614 -3.44341
2.22984 -3.43848
2.22365 -3.43343
2.21769 -3.42811
2.21143 -3.42314
2.20543 -3.41787
2.19955 -3.41246
2.19633 -3.41008
2.1931 -3.40771
2.1903 -3.40485
2.18749 -3.40198
2.18428 -3.39959
2.18108 -3.3972
2.17521 -3.39177
2.16884 -3.38693
2.16274 -3.38177
2.15987 -3.37899
2.15699 -3.3762
2.15377 -3.37383
2.15054 -3.37146
2.14462 -3.3661
2.13861 -3.36084
2.13249 -3.3557
2.12657 -3.35034
2.12022 -3.34547
2.11407 -3.34038
2.11123 -3.33756
2.10838 -3.33474
2.10514 -3.33239
2.1019 -3.33003
2.09611 -3.32451
2.09 -3.31936
2.08393 -3.31418
2.07762 -3.30927
2.0718 -3.30378
2.06546 -3.29891
2.05936 -3.29376
2.05337 -3.28848
2.04714 -3.28347
2.04097 -3.27839
2.03501 -3.27307
2.02878 -3.26808
2.02592 -3.26527
2.02306 -3.26247
2.01696 -3.25731
2.01084 -3.25218
2.00481 -3.24694
1.99844 -3.24211
1.99558 -3.2393
1.99273 -3.2365
1.98635 -3.23168
1.98051 -3.2262
1.9773 -3.22382
1.97409 -3.22143
1.96811 -3.21613
1.96223 -3.21072
1.9561 -3.2056
1.95009 -3.20033
1.94399 -3.19518
1.93766 -3.19029
1.93174 -3.18493
1.92541 -3.18005
1.91925 -3.17496
1.91326 -3.16968
1.90723 -3.16445
1.90124 -3.15915
1.89533 -3.15377
1.89213 -3.15138
1.88892 -3.14899
1.88278 -3.14388
1.8769 -3.13847
1.87065 -3.13349
1.86777 -3.13071
1.86489 -3.12793
1.85852 -3.12309
1.85259 -3.11773
1.84645 -3.11263
1.8406 -3.10718
1.83735 -3.10484
1.83409 -3.1025
1.83126 -3.09967
1.82843 -3.09683
1.82218 -3.09186
1.81616 -3.08661
1.80984 -3.08171
1.80393 -3.07633
1.80072 -3.07394
1.79752 -3.07154
1.79142 -3.06638
1.78555 -3.06096
1.77947 -3.05578
1.77358 -3.05038
1.77038 -3.04798
1.76718 -3.04558
1.76115 -3.04033
1.7549 -3.03536
1.74897 -3.03001
1.74284 -3.02488
1.73694 -3.0195
1.73105 -3.01409
1.72485 -3.00906
1.71884 -3.00379
1.71562 -3.00141
1.7124 -2.99903
1.70954 -2.99624
1.70667 -2.99344
1.70063 -2.98822
1.69451 -2.98309
1.69124 -2.98076
1.68798 -2.97844
1.6851 -2.97566
1.68222 -2.97288
1.67617 -2.96767
1.67 -2.9626
1.66387 -2.95747
1.65789 -2.95218
1.65155 -2.94731
1.64573 -2.94182
1.63939 -2.93695
1.63319 -2.93191
1.62731 -2.92649
1.62143 -2.92108
1.6151 -2.9162
1.60905 -2.91098
1.60304 -2.90572
1.59708 -2.9004
1.59095 -2.89529
1.58492 -2.89005
1.57867 -2.88506
1.57273 -2.87973
1.56669 -2.87449
1.56347 -2.87213
1.56024 -2.86976
1.55739 -2.86694
1.55455 -2.86412
1.54834 -2.85909
1.54241 -2.85374
1.53919 -2.85135
1.53598 -2.84897
1.53309 -2.84621
1.53019 -2.84344
1.527 -2.84103
1.52381 -2.83862
1.51782 -2.83333
1.51179 -2.8281
1.50567 -2.82297
1.49931 -2.81812
1.4965 -2.81525
1.4937 -2.81239
1.48742 -2.80744
1.48123 -2.8024
1.47524 -2.79712
1.46896 -2.79217
1.46281 -2.78707
1.45999 -2.78422
1.45717 -2.78137
1.45396 -2.77898
1.45075 -2.7766
1.44787 -2.77381
1.445 -2.77103
1.43872 -2.76609
1.43273 -2.7608
1.42669 -2.75557
1.42039 -2.75066
1.4142 -2.7456
1.40839 -2.7401
1.40243 -2.73479
1.39619 -2.7298
1.39 -2.72474
1.38395 -2.71954
1.37766 -2.7146
1.37165 -2.70935
1.36567 -2.70405
1.35961 -2.69884
1.35361 -2.69357
1.34728 -2.68869
1.34131 -2.68338
1.33549 -2.67789
1.32929 -2.67286
1.32607 -2.67047
1.32286 -2.66808
1.31683 -2.66285
1.31099 -2.65739
1.30467 -2.65249
1.29864 -2.64726
1.29266 -2.64195
1.2866 -2.63675
1.28036 -2.63176
1.2744 -2.62645
1.26856 -2.62098
1.26236 -2.61594
1.2561 -2.61098
1.25021 -2.60558
1.24415 -2.60037
1.23791 -2.59538
1.23179 -2.59025
1.2255 -2.58532
1.22268 -2.58248
1.21985 -2.57964
1.21355 -2.57471
1.20743 -2.56959
1.20138 -2.56437
1.19542 -2.55905
1.18905 -2.55421
1.18316 -2.54881
1.17701 -2.54372
1.17076 -2.53873
1.16481 -2.5334
1.15884 -2.5281
1.15254 -2.52318
1.14642 -2.51804
1.14051 -2.51267
1.13448 -2.50743
1.12834 -2.50232
1.12204 -2.4974
1.1161 -2.49205
1.10994 -2.48698
1.10704 -2.48421
1.10415 -2.48145
1.10092 -2.47908
1.0977 -2.47671
1.0917 -2.47144
1.08576 -2.4661
1.07981 -2.46075
1.07379 -2.45551
1.07054 -2.45316
1.0673 -2.45082
1.06137 -2.44545
1.05517 -2.44041
1.04902 -2.43532
1.0462 -2.43248
1.04337 -2.42964
1.03702 -2.42478
1.03104 -2.41949
1.02784 -2.41708
1.02465 -2.41467
1.01864 -2.40941
1.01284 -2.4039
1.00685 -2.39861
1.00358 -2.39629
1.00031 -2.39398
0.997497 -2.39112
0.994686 -2.38826
0.991455 -2.38589
0.988225 -2.38353
0.982206 -2.37828
0.976207 -2.373
0.970082 -2.36788
0.964222 -2.36244
0.961013 -2.36005
0.957804 -2.35766
0.951725 -2.35248
0.945832 -2.34708
0.939556 -2.34213
0.933364 -2.33708
0.930535 -2.33425
0.927705 -2.33141
0.921343 -2.32656
0.915093 -2.32159
0.909133 -2.31627
0.903083 -2.31105
0.896882 -2.30601
0.890788 -2.30085
0.884979 -2.29536
0.878727 -2.29038
0.872783 -2.28504
0.866634 -2.27994
0.860598 -2.27471
0.854475 -2.26958
0.848141 -2.2647
0.842236 -2.25932
0.836187 -2.2541
0.830005 -2.24904
0.824113 -2.24364
0.818152 -2.23833
0.812013 -2.23322
0.808785 -2.23085
0.805557 -2.22848
0.799534 -2.22323
0.793364 -2.21816
0.787375 -2.21288
0.781497 -2.20746
0.77558 -2.20209
0.76934 -2.1971
0.762965 -2.19227
0.760119 -2.18945
0.757272 -2.18663
0.75101 -2.18167
0.74506 -2.17634
0.738871 -2.17129
0.732812 -2.16608
0.72646 -2.16123
0.725186 -2.15997
0.719063 -2.15491
0.712826 -2.14999
0.706643 -2.145
0.700765 -2.13964
0.694687 -2.13453
0.688642 -2.12938
0.68226 -2.12464
0.676037 -2.1197
0.670127 -2.11438
0.663732 -2.10965
0.65794 -2.10419
0.651704 -2.09927
0.645585 -2.09421
0.639475 -2.08913
0.633014 -2.08449
0.627184 -2.07907
0.62079 -2.07434
0.614634 -2.06932
0.608823 -2.06388
0.602274 -2.05935
0.596446 -2.05393
0.590017 -2.04924
0.584095 -2.04394
0.577726 -2.03918
0.571677 -2.03403
0.565557 -2.02897
0.559252 -2.02413
0.553268 -2.0189
0.547071 -2.01394
0.541207 -2.00856
0.535006 -2.0036
0.528676 -1.99879
0.522422 -1.99389
0.516627 -1.98843
0.510263 -1.98367
0.504338 -1.97837
0.498064 -1.97349
0.491714 -1.96871
0.485779 -1.96342
0.479634 -1.95839
0.473531 -1.95331
0.467503 -1.94814
0.461065 -1.94346
0.454872 -1.93849
0.44869 -1.9335
0.442848 -1.9281
0.436735 -1.92303
0.430465 -1.91815
0.424405 -1.91301
0.418403 -1.90781
0.411975 -1.90312
0.405942 -1.89795
0.399921 -1.89277
0.393833 -1.88767
0.3873 -1.88311
0.381221 -1.878
0.374986 -1.87308
0.368769 -1.86813
0.362804 -1.86288
0.356578 -1.85795
0.350643 -1.85266
0.344378 -1.84777
0.338061 -1.84295
0.332005 -1.83781
0.326248 -1.83231
0.320088 -1.82729
0.313781 -1.82246
0.307448 -1.81766
0.301702 -1.81214
0.295272 -1.80745
0.289087 -1.80247
0.282996 -1.79737
0.276924 -1.79225
0.270754 -1.78725
0.264412 -1.78246
0.258394 -1.77727
0.252468 -1.77198
0.246407 -1.76684
0.240194 -1.76189
0.234012 -1.75691
0.227956 -1.75177
0.221346 -1.7473
0.215273 -1.74218
0.209253 -1.737
0.202945 -1.73216
0.196902 -1.72701
0.190837 -1.72188
0.184803 -1.71671
0.178496 -1.71188
0.172489 -1.70668
0.166286 -1.70172
0.160196 -1.69662
0.154123 -1.6915
0.147724 -1.68678
0.141668 -1.68164
0.135534 -1.67659
0.129226 -1.67176
0.123274 -1.66649
0.117119 -1.66147
0.110996 -1.65641
0.104949 -1.65126
0.0988707 -1.64615
0.092594 -1.64128
0.0884724 -1.63861
0.0845424 -1.63573
0.0803885 -1.63313
0.0762332 -1.63056
0.0717265 -1.62862
0.067382 -1.62638
0.0628114 -1.6246
0.0581685 -1.62307
0.0534164 -1.62187
0.0486991 -1.62052
0.0438844 -1.61957
0.0389956 -1.61916
0.0340898 -1.61912
0.0292064 -1.61825
0.0222439 -1.61834
0.0152814 -1.61886
0.00831884 -1.61864
0.00135632 -1.61866
-0.00560621 -1.61828
-0.0125687 -1.61885
-0.0195385 -1.61848
-0.0246137 -1.61912
-0.029673 -1.61945
-0.0347426 -1.62005
-0.039752 -1.6209
-0.0446819 -1.62221
-0.0497775 -1.62301
-0.0545197 -1.62489
-0.0593513 -1.62661
-0.0639362 -1.62885
-0.0683044 -1.63149
-0.0726678 -1.63413
-0.0770562 -1.63675
-0.0810824 -1.63988
-0.0851734 -1.64295
-0.0911041 -1.64821
-0.096895 -1.65364
-0.103126 -1.65856
-0.109067 -1.66381
-0.114996 -1.66908
-0.120869 -1.67441
-0.126861 -1.67961
-0.132836 -1.68482
-0.138955 -1.68987
-0.144747 -1.69529
-0.151109 -1.70006
-0.156852 -1.70555
-0.16307 -1.71048
-0.168713 -1.71608
-0.17483 -1.72113
-0.181142 -1.72595
-0.187087 -1.7312
-0.193149 -1.73632
-0.198772 -1.74194
-0.204621 -1.7473
-0.211013 -1.75203
-0.21677 -1.7575
-0.222589 -1.76289
-0.228587 -1.76808
-0.234949 -1.77285
-0.24084 -1.77816
-0.246769 -1.78342
-0.25273 -1.78865
-0.258956 -1.79358
-0.26501 -1.7987
-0.271014 -1.80388
-0.276574 -1.80958
-0.28297 -1.81431
-0.288865 -1.81961
-0.294948 -1.8247
-0.300585 -1.83031
-0.306934 -1.83509
-0.312757 -1.84048
-0.318926 -1.84547
-0.324518 -1.85113
-0.330639 -1.85617
-0.336672 -1.86132
-0.342806 -1.86635
-0.348516 -1.87187
-0.354652 -1.8769
-0.360884 -1.88182
-0.366395 -1.88757
-0.372762 -1.89233
-0.378433 -1.8979
-0.384724 -1.90275
-0.390582 -1.90809
-0.396577 -1.91329
-0.402566 -1.91848
-0.408631 -1.92359
-0.4143 -1.92916
-0.420408 -1.93422
-0.426754 -1.93901
-0.432468 -1.94453
-0.438399 -1.94979
-0.444665 -1.95467
-0.450524 -1.96002
-0.456711 -1.96499
-0.462414 -1.97051
-0.468212 -1.97593
-0.474542 -1.98074
-0.480606 -1.98585
-0.486354 -1.99133
-0.492394 -1.99647
-0.498235 -2.00184
-0.504533 -2.00668
-0.510531 -2.01187
-0.516428 -2.01717
-0.522539 -2.02223
-0.528372 -2.02761
-0.534253 -2.03293
-0.540283 -2.03808
-0.54609 -2.04349
-0.552299 -2.04843
-0.55808 -2.05387
-0.564373 -2.05872
-0.570201 -2.0641
-0.576292 -2.06918
-0.582127 -2.07456
-0.588392 -2.07944
-0.594289 -2.08474
-0.600326 -2.08989
-0.606479 -2.09489
-0.612038 -2.10059
-0.618449 -2.1053
-0.624384 -2.11056
-0.630132 -2.11604
-0.636084 -2.12128
-0.642315 -2.1262
-0.647945 -2.13181
-0.654099 -2.13682
-0.660264 -2.14181
-0.66595 -2.14736
-0.672224 -2.15223
-0.677892 -2.1578
-0.684368 -2.16244
-0.690076 -2.16796
-0.695914 -2.17333
-0.70225 -2.17813
-0.708008 -2.18359
-0.714252 -2.1885
-0.719892 -2.1941
-0.72599 -2.19917
-0.727606 -2.2002
-0.730427 -2.20304
-0.733248 -2.20587
-0.736359 -2.20839
-0.73947 -2.21091
-0.74534 -2.21633
-0.751391 -2.22156
-0.754241 -2.22436
-0.757092 -2.22717
-0.763036 -2.23251
-0.769075 -2.23775
-0.771907 -2.24058
-0.774738 -2.24341
-0.777935 -2.24583
-0.781132 -2.24825
-0.783983 -2.25105
-0.786835 -2.25386
-0.792963 -2.259
-0.795723 -2.26191
-0.798483 -2.26481
-0.801676 -2.26724
-0.80487 -2.26966
-0.807616 -2.27259
-0.810363 -2.27551
-0.816361 -2.28079
-0.822499 -2.28592
-0.828632 -2.29105
-0.831443 -2.2939
-0.834254 -2.29675
-0.840172 -2.30212
-0.846275 -2.30729
-0.852122 -2.31274
-0.858198 -2.31794
-0.864187 -2.32323
-0.867038 -2.32603
-0.869888 -2.32884
-0.876034 -2.33396
-0.878849 -2.33681
-0.881664 -2.33965
-0.884838 -2.3421
-0.888012 -2.34455
-0.893845 -2.35001
-0.899587 -2.35558
-0.905655 -2.36078
-0.911782 -2.36592
-0.917693 -2.3713
-0.920475 -2.37419
-0.923257 -2.37707
-0.929297 -2.3823
-0.935103 -2.3878
-0.938288 -2.39024
-0.941474 -2.39267
-0.944213 -2.3956
-0.946953 -2.39853
-0.952888 -2.40388
-0.956017 -2.40638
-0.959147 -2.40887
-0.964965 -2.41436
-0.970881 -2.41973
-0.976681 -2.42523
-0.979788 -2.42776
-0.982895 -2.43028
-0.988809 -2.43565
-0.991641 -2.43848
-0.994473 -2.44131
-1.00064 -2.4464
-1.00346 -2.44924
-1.00628 -2.45208
-1.01236 -2.45727
-1.01852 -2.46237
-1.02442 -2.46777
-1.02723 -2.47062
-1.03003 -2.47348
-1.03313 -2.47601
-1.03624 -2.47853
-1.04235 -2.48369
-1.04823 -2.4891
-1.05402 -2.49462
-1.05984 -2.5001
-1.0657 -2.50554
-1.07175 -2.51076
-1.0776 -2.51621
-1.08356 -2.52153
-1.08966 -2.5267
-1.09572 -2.53191
-1.09856 -2.53473
-1.1014 -2.53755
-1.10737 -2.54287
-1.11319 -2.54834
-1.11931 -2.5535
-1.12517 -2.55893
-1.13123 -2.56415
-1.13728 -2.56937
-1.14316 -2.57479
-1.14889 -2.58037
-1.15496 -2.58556
-1.15781 -2.58838
-1.16065 -2.59119
-1.16374 -2.59373
-1.16684 -2.59627
-1.17269 -2.60171
-1.17868 -2.607
-1.18476 -2.61219
-1.19058 -2.61767
-1.19666 -2.62287
-1.20254 -2.62827
-1.20854 -2.63356
-1.2144 -2.63899
-1.22046 -2.64421
-1.2262 -2.64978
-1.23214 -2.65512
-1.23796 -2.6606
-1.24411 -2.66572
-1.24986 -2.67128
-1.25295 -2.67382
-1.25605 -2.67635
-1.25886 -2.6792
-1.26168 -2.68204
-1.2677 -2.6873
-1.27362 -2.69266
-1.27676 -2.69516
-1.27989 -2.69765
-1.28564 -2.70321
-1.28844 -2.70607
-1.29125 -2.70892
-1.29438 -2.71142
-1.29751 -2.71391
-1.30351 -2.7192
-1.30948 -2.72451
-1.31526 -2.73004
-1.32133 -2.73523
-1.32712 -2.74075
-1.33316 -2.74599
-1.33925 -2.75117
-1.34205 -2.75403
-1.34485 -2.7569
-1.35064 -2.76241
-1.35375 -2.76493
-1.35685 -2.76745
-1.36297 -2.7726
-1.36874 -2.77814
-1.37486 -2.78328
-1.38069 -2.78875
-1.38353 -2.79158
-1.38636 -2.7944
-1.38947 -2.79692
-1.39259 -2.79943
-1.39861 -2.80468
-1.40436 -2.81025
-1.40719 -2.81308
-1.41002 -2.81591
-1.41323 -2.81831
-1.41644 -2.82071
-1.41917 -2.82366
-1.42189 -2.82661
-1.42505 -2.82907
-1.42821 -2.83154
-1.43392 -2.83713
-1.43706 -2.83962
-1.44021 -2.8421
-1.44598 -2.84763
-1.45181 -2.8531
-1.45491 -2.85563
-1.45802 -2.85815
-1.46394 -2.86352
-1.46667 -2.86646
-1.4694 -2.8694
-1.47551 -2.87456
-1.47863 -2.87707
-1.48174 -2.87958
-1.48757 -2.88505
-1.49349 -2.89042
-1.49932 -2.8959
-1.50548 -2.901
-1.51131 -2.90647
-1.51414 -2.90929
-1.51697 -2.91212
-1.52301 -2.91736
-1.52907 -2.92257
-1.53486 -2.92809
-1.54072 -2.93352
-1.5467 -2.93882
-1.55276 -2.94404
-1.55858 -2.94952
-1.56169 -2.95204
-1.56481 -2.95455
-1.57067 -2.95998
-1.57673 -2.96519
-1.57957 -2.96801
-1.58242 -2.97082
-1.58857 -2.97594
-1.59442 -2.98138
-1.6003 -2.98679
-1.60625 -2.99214
-1.60909 -2.99495
-1.61193 -2.99777
-1.61802 -3.00295
-1.62402 -3.00823
-1.63018 -3.01333
-1.63593 -3.01889
-1.63876 -3.02172
-1.64159 -3.02455
-1.64759 -3.02983
-1.65347 -3.03524
-1.65938 -3.04062
-1.66546 -3.04582
-1.67162 -3.05092
-1.67746 -3.05638
-1.68335 -3.06178
-1.68951 -3.06688
-1.69522 -3.07249
-1.70096 -3.07806
-1.70406 -3.08059
-1.70716 -3.08312
-1.71 -3.08593
-1.71285 -3.08874
-1.71877 -3.09411
-1.7247 -3.09947
-1.73064 -3.10481
-1.73373 -3.10735
-1.73682 -3.1099
-1.74254 -3.11548
-1.74566 -3.11799
-1.74879 -3.12049
-1.75474 -3.12583
-1.76079 -3.13105
-1.76676 -3.13636
-1.77268 -3.14174
-1.77549 -3.14459
-1.77829 -3.14745
-1.78438 -3.15263
-1.79047 -3.15782
-1.79637 -3.1632
-1.79919 -3.16604
-1.80201 -3.16888
-1.80792 -3.17426
-1.81401 -3.17945
-1.81998 -3.18476
-1.82602 -3.18999
-1.83201 -3.19528
-1.83787 -3.20072
-1.84359 -3.20631
-1.84966 -3.21152
-1.85554 -3.21694
-1.86125 -3.22254
-1.86433 -3.22508
-1.86742 -3.22763
-1.87334 -3.23299
-1.87939 -3.23822
-1.88524 -3.24367
-1.89099 -3.24923
-1.89412 -3.25172
-1.89726 -3.2542
-1.90325 -3.25949
-1.90604 -3.26237
-1.90883 -3.26525
-1.91477 -3.27059
-1.91793 -3.27305
-1.9211 -3.27551
-1.92695 -3.28095
-1.93297 -3.28622
-1.93579 -3.28905
-1.93862 -3.29188
-1.94436 -3.29745
-1.95046 -3.30262
-1.95645 -3.30792
-1.96234 -3.31332
-1.96846 -3.31846
-1.97126 -3.32132
-1.97407 -3.32418
-1.97719 -3.32668
-1.98032 -3.32918
-1.98313 -3.33203
-1.98594 -3.33488
-1.98913 -3.33731
-1.99233 -3.33973
-1.9983 -3.34504
-2.00424 -3.35039
-2.01014 -3.35579
-2.01612 -3.36109
-2.01895 -3.36392
-2.02178 -3.36674
-2.02751 -3.37232
-2.03343 -3.3777
-2.03944 -3.38296
-2.04531 -3.38839
-2.05132 -3.39366
-2.05741 -3.39884
-2.06346 -3.40406
-2.06629 -3.4069
-2.06911 -3.40973
-2.07498 -3.41516
-2.07819 -3.41756
-2.08141 -3.41997
-2.08726 -3.42541
-2.0901 -3.42823
-2.09294 -3.43104
-2.09899 -3.43627
-2.10496 -3.44159
-2.11096 -3.44686
-2.11698 -3.45213
-2.12275 -3.45766
-2.12853 -3.46318
-2.13166 -3.46568
-2.13479 -3.46818
-2.14069 -3.47357
-2.14655 -3.479
-2.14937 -3.48185
-2.15218 -3.4847
-2.15834 -3.4898
-2.1643 -3.49513
-2.17024 -3.50047
-2.17613 -3.50588
-2.17925 -3.50838
-2.18237 -3.51089
-2.18519 -3.51373
-2.18801 -3.51657
-2.19418 -3.52166
-2.19699 -3.52452
-2.1998 -3.52737
-2.20574 -3.53271
-2.21183 -3.53789
-2.2177 -3.54331
-2.22081 -3.54583
-2.22393 -3.54835
-2.22983 -3.55373
-2.23573 -3.55912
-2.24156 -3.5646
-2.24437 -3.56744
-2.24719 -3.57029
-2.25034 -3.57276
-2.2535 -3.57523
-2.25921 -3.58083
-2.26503 -3.58631
-2.26817 -3.5888
-2.2713 -3.59128
-2.27737 -3.5965
-2.28018 -3.59934
-2.283 -3.60218
-2.28912 -3.60733
-2.29498 -3.61276
-2.30104 -3.61798
-2.30683 -3.6235
-2.31271 -3.62891
-2.31854 -3.63438
-2.32448 -3.63973
-2.33065 -3.64482
-2.33675 -3.64998
-2.34256 -3.65548
-2.34846 -3.66087
-2.35431 -3.66632
-2.36006 -3.67187
-2.36619 -3.67701
-2.37218 -3.6823
-2.37803 -3.68775
-2.38418 -3.69286
-2.38698 -3.69573
-2.38978 -3.69859
-2.39588 -3.70376
-2.39872 -3.70658
-2.40156 -3.7094
-2.4075 -3.71474
-2.41067 -3.71719
-2.41384 -3.71964
-2.41962 -3.72517
-2.42548 -3.73061
-2.43127 -3.73612
-2.43448 -3.73853
-2.43768 -3.74095
-2.44049 -3.7438
-2.44329 -3.74666
-2.44923 -3.752
-2.45512 -3.75741
-2.45822 -3.75994
-2.46132 -3.76247
-2.46721 -3.76787
-2.47326 -3.7731
-2.47607 -3.77595
-2.47889 -3.77879
-2.48484 -3.78413
-2.49091 -3.78933
-2.49679 -3.79475
-2.49989 -3.79727
-2.503 -3.7998
-2.50891 -3.80517
-2.51168 -3.80807
-2.51445 -3.81096
-2.52041 -3.81629
-2.52632 -3.82166
-2.53239 -3.82687
-2.53548 -3.82942
-2.53856 -3.83196
-2.54135 -3.83484
-2.54413 -3.83772
-2.55019 -3.84293
-2.55619 -3.84822
-2.56222 -3.85347
-2.56804 -3.85894
-2.57395 -3.86433
-2.57988 -3.86968
-2.58585 -3.875
-2.59196 -3.88015
-2.5948 -3.88297
-2.59764 -3.88579
-2.60346 -3.89127
-2.60962 -3.89637
-2.61572 -3.90154
-2.62158 -3.90698
-2.6276 -3.91224
-2.63348 -3.91765
-2.6363 -3.92049
-2.63912 -3.92334
-2.64229 -3.92579
-2.64546 -3.92824
-2.65129 -3.9337
-2.65723 -3.93905
-2.66302 -3.94457
-2.66918 -3.94967
-2.67519 -3.95495
-2.67804 -3.95775
-2.68088 -3.96056
-2.68687 -3.96586
-2.68971 -3.96868
-2.69255 -3.97149
-2.69859 -3.97672
-2.70173 -3.97922
-2.70486 -3.98171
-2.71061 -3.98727
-2.71656 -3.9926
-2.72233 -3.99814
-2.72848 -4.00326
-2.73129 -4.00611
-2.7341 -4.00896
-2.73726 -4.01142
-2.74043 -4.01388
-2.74644 -4.01914
-2.7523 -4.02458
-2.75508 -4.02746
-2.75785 -4.03035
-2.76384 -4.03565
-2.76698 -4.03813
-2.77012 -4.04062
-2.77598 -4.04606
-2.7788 -4.04889
-2.78162 -4.05173
-2.78771 -4.05692
-2.79386 -4.06203
-2.79957 -4.06764
-2.80543 -4.07308
-2.81144 -4.07834
-2.81725 -4.08383
-2.82321 -4.08915
-2.82933 -4.0943
-2.83522 -4.09971
-2.83832 -4.10224
-2.84142 -4.10477
-2.84423 -4.10762
-2.84705 -4.11046
-2.85296 -4.11583
-2.85896 -4.12112
-2.86479 -4.12659
-2.87073 -4.13194
-2.87675 -4.1372
-2.88287 -4.14235
-2.88566 -4.14521
-2.88846 -4.14807
-2.89158 -4.15058
-2.89471 -4.15309
-2.90078 -4.15828
-2.90355 -4.16118
-2.90631 -4.16408
-2.91225 -4.16944
-2.91541 -4.1719
-2.91857 -4.17436
-2.9214 -4.17719
-2.92423 -4.18001
-2.93021 -4.18532
-2.93332 -4.18784
-2.93643 -4.19036
-2.93924 -4.19321
-2.94205 -4.19606
-2.94814 -4.20124
-2.95421 -4.20645
-2.95699 -4.20933
-2.95977 -4.21221
-2.96291 -4.2147
-2.96605 -4.21718
-2.97201 -4.22251
-2.9778 -4.22802
-2.98355 -4.23358
-2.98935 -4.23908
-2.99529 -4.24443
-2.99845 -4.2469
-3.0016 -4.24936
-3.00754 -4.25471
-3.01346 -4.26009
-3.01937 -4.26547
-3.02548 -4.27062
-3.02831 -4.27345
-3.03114 -4.27628
-3.03721 -4.28149
-3.04329 -4.28668
-3.04902 -4.29226
-3.05186 -4.29507
-3.05471 -4.29789
-3.06068 -4.30319
-3.06381 -4.30569
-3.06695 -4.30818
-3.06974 -4.31105
-3.07252 -4.31393
-3.07573 -4.31634
-3.07894 -4.31875
-3.08172 -4.32163
-3.08451 -4.32451
-3.0905 -4.32979
-3.0936 -4.33233
-3.0967 -4.33486
-3.10243 -4.34043
-3.10852 -4.34562
-3.11134 -4.34845
-3.11417 -4.35129
-3.1203 -4.35643
-3.12602 -4.36202
-3.13214 -4.36716
-3.13813 -4.37246
-3.14096 -4.37528
-3.14379 -4.37811
-3.14966 -4.38354
-3.15582 -4.38865
-3.15891 -4.39118
-3.16201 -4.39372
-3.16774 -4.39929
-3.1739 -4.40439
-3.17674 -4.40721
-3.17958 -4.41003
-3.18563 -4.41526
-3.19162 -4.42055
-3.19446 -4.42336
-3.1973 -4.42618
-3.20042 -4.42869
-3.20353 -4.4312
-3.2063 -4.4341
-3.20907 -4.437
-3.21498 -4.44239
-3.22109 -4.44754
-3.22719 -4.45271
-3.23301 -4.45819
-3.2388 -4.46371
-3.24481 -4.46897
-3.25093 -4.47412
-3.25696 -4.47937
-3.26269 -4.48495
-3.26844 -4.49051
-3.2716 -4.49297
-3.27477 -4.49543
-3.28062 -4.50087
-3.28669 -4.50608
-3.28944 -4.509
-3.29218 -4.51191
-3.29828 -4.51708
-3.3014 -4.5196
-3.30451 -4.52211
-3.31043 -4.52748
-3.31316 -4.53042
-3.3159 -4.53336
-3.31909 -4.53578
-3.32228 -4.53821
-3.32802 -4.54378
-3.33418 -4.54889
-3.34014 -4.55421
-3.34607 -4.55957
-3.3519 -4.56504
-3.35772 -4.57051
-3.36082 -4.57305
-3.36391 -4.57559
-3.3667 -4.57846
-3.36949 -4.58134
-3.3756 -4.5865
-3.38146 -4.59193
-3.38456 -4.59446
-3.38766 -4.59699
-3.39336 -4.6026
-3.39937 -4.60787
-3.40508 -4.61347
-3.41125 -4.61856
-3.41407 -4.62141
-3.41688 -4.62425
-3.42286 -4.62956
-3.42604 -4.63201
-3.42921 -4.63446
-3.43199 -4.63734
-3.43477 -4.64022
-3.44064 -4.64564
-3.44674 -4.65082
-3.45264 -4.65621
-3.45868 -4.66145
-3.46151 -4.66428
-3.46434 -4.6671
-3.46753 -4.66953
-3.47072 -4.67197
-3.47352 -4.67482
-3.47633 -4.67768
-3.48223 -4.68307
-3.48836 -4.6882
-3.4944 -4.69344
-3.49723 -4.69627
-3.50007 -4.69909
-3.50615 -4.70428
-3.51216 -4.70955
-3.51802 -4.71499
-3.52411 -4.72017
-3.52693 -4.72301
-3.52975 -4.72585
-3.53572 -4.73116
-3.53884 -4.73366
-3.54197 -4.73617
-3.5448 -4.73899
-3.54763 -4.74182
-3.55351 -4.74723
-3.55937 -4.75267
-3.56251 -4.75516
-3.56565 -4.75764
-3.57174 -4.76283
-3.57766 -4.76819
-3.58347 -4.77369
-3.58926 -4.7792
-3.5951 -4.78466
-3.60104 -4.78999
-3.60503 -4.79335
-3.60877 -4.79701
-3.61184 -4.80121
-3.61487 -4.80542
-3.61782 -4.8097
-3.62078 -4.81398
-3.62285 -4.81876
-3.62531 -4.82332
-3.62761 -4.828
-3.62947 -4.83288
-3.63062 -4.83796
-3.63199 -4.84298
-3.63291 -4.84809
-3.63342 -4.85325
-3.63354 -4.85845
-3.63454 -4.86362
-3.63419 -4.87139
-3.63433 -4.87915
-3.63429 -4.88692
-3.63461 -4.89469
-3.63409 -4.90246
-3.63474 -4.91022
-3.6342 -4.91799
-3.63458 -4.92575
-3.63437 -4.93352
-3.63442 -4.94129
-3.63454 -4.94905
-3.63506 -4.95682
-3.63477 -4.96459
-3.63511 -4.97235
-3.635 -4.98012
-3.63491 -4.98789
-3.63491 -4.99565
-3.63528 -5.00342
-3.63483 -5.01119
-3.63487 -5.01895
-3.63507 -5.02672
-3.63544 -5.03448
-3.63511 -5.04225
-3.63557 -5.05002
-3.63488 -5.05779
-3.63517 -5.06555
-3.63569 -5.07332
-3.63543 -5.08108
-3.63546 -5.08885
-3.63545 -5.09662
-3.63533 -5.10438
-3.63547 -5.11215
-3.63521 -5.1199
-3.63538 -5.12502
-3.63528 -5.13014
-3.63458 -5.1352
-3.63374 -5.14025
-3.6327 -5.14525
-3.63076 -5.14998
-3.62903 -5.15479
-3.62789 -5.15984
-3.62512 -5.16417
-3.62308 -5.16886
-3.62068 -5.17338
-3.61751 -5.17738
-3.61482 -5.18176
-3.61125 -5.18541
-3.60783 -5.18921
-3.60417 -5.19271
-3.60071 -5.19653
-3.59679 -5.19981
-3.59346 -5.20203
-3.59013 -5.20424
-3.58393 -5.20929
-3.57788 -5.21451
-3.57451 -5.21668
-3.57114 -5.21885
-3.56819 -5.22156
-3.56523 -5.22427
-3.55863 -5.22879
-3.55231 -5.23366
-3.54585 -5.23836
-3.53975 -5.24352
-3.53328 -5.24822
-3.52718 -5.25338
-3.52086 -5.25826
-3.51755 -5.2605
-3.51423 -5.26274
-3.50799 -5.26772
-3.50162 -5.27253
-3.49861 -5.27517
-3.4956 -5.2778
-3.48907 -5.28241
-3.48298 -5.28759
-3.47964 -5.28981
-3.47631 -5.29202
-3.4733 -5.29465
-3.47029 -5.29729
-3.46371 -5.30184
-3.45759 -5.30697
-3.45105 -5.31157
-3.44805 -5.31422
-3.44506 -5.31687
-3.43858 -5.32155
-3.43204 -5.32614
-3.42908 -5.32885
-3.42613 -5.33156
-3.41959 -5.33615
-3.41352 -5.34135
-3.40712 -5.34613
-3.40056 -5.35071
-3.39425 -5.35559
-3.38804 -5.36062
-3.38179 -5.36559
-3.3753 -5.37025
-3.3692 -5.37542
-3.36274 -5.38012
-3.35626 -5.38479
-3.35018 -5.38999
-3.34369 -5.39464
-3.33748 -5.39967
-3.33092 -5.40423
-3.32481 -5.40939
-3.31858 -5.41438
-3.3121 -5.41905
-3.3057 -5.42384
-3.29945 -5.42881
-3.29297 -5.43348
-3.29001 -5.43618
-3.28705 -5.43888
-3.28373 -5.44111
-3.28041 -5.44335
-3.27414 -5.44829
-3.26789 -5.45326
-3.26176 -5.45839
-3.25838 -5.46055
-3.255 -5.4627
-3.2487 -5.4676
-3.24259 -5.47276
-3.23602 -5.47732
-3.2299 -5.48245
-3.22337 -5.48707
-3.22038 -5.48972
-3.21738 -5.49237
-3.21098 -5.49715
-3.20439 -5.50168
-3.19835 -5.50692
-3.19212 -5.51191
-3.18558 -5.51651
-3.17913 -5.52122
-3.17296 -5.5263
-3.16661 -5.53115
-3.1602 -5.53591
-3.15723 -5.53859
-3.15426 -5.54128
-3.15086 -5.54341
-3.14746 -5.54554
-3.14116 -5.55044
-3.13511 -5.55568
-3.1286 -5.56031
-3.1256 -5.56296
-3.1226 -5.56561
-3.11632 -5.57054
-3.10985 -5.57523
-3.10345 -5.58
-3.09704 -5.58477
-3.09091 -5.58989
-3.08443 -5.59456
-3.078 -5.5993
-3.07501 -5.60196
-3.07201 -5.60461
-3.06867 -5.60682
-3.06533 -5.60902
-3.05929 -5.61426
-3.05597 -5.6165
-3.05265 -5.61874
-3.04658 -5.62394
-3.04031 -5.62888
-3.03388 -5.63362
-3.02773 -5.63872
-3.02142 -5.64362
-3.01809 -5.64584
-3.01477 -5.64807
-3.00838 -5.65286
-3.00544 -5.65559
-3.00251 -5.65832
-2.99911 -5.66045
-2.99571 -5.66258
-2.98959 -5.66772
-2.98344 -5.67282
-2.98012 -5.67505
-2.9768 -5.67728
-2.9738 -5.67994
-2.97081 -5.68259
-2.96432 -5.68726
-2.95819 -5.69239
-2.95192 -5.69732
-2.94545 -5.70202
-2.93917 -5.70694
-2.93585 -5.70918
-2.93254 -5.71142
-2.92957 -5.71411
-2.9266 -5.7168
-2.92022 -5.7216
-2.91375 -5.72629
-2.90718 -5.73084
-2.90107 -5.736
-2.89455 -5.74061
-2.88826 -5.74554
-2.88531 -5.74824
-2.88235 -5.75094
-2.87898 -5.75312
-2.87562 -5.7553
-2.86945 -5.76037
-2.86333 -5.76551
-2.86 -5.76774
-2.85667 -5.76996
-2.85026 -5.77472
-2.84414 -5.77985
-2.83798 -5.78494
-2.83171 -5.78989
-2.82517 -5.79449
-2.81869 -5.79915
-2.81238 -5.80406
-2.80942 -5.80675
-2.80645 -5.80944
-2.80307 -5.81159
-2.79968 -5.81374
-2.79355 -5.81887
-2.7871 -5.82357
-2.78413 -5.82626
-2.78116 -5.82894
-2.77461 -5.83354
-2.76851 -5.8387
-2.76216 -5.84354
-2.75558 -5.84808
-2.74914 -5.85278
-2.74572 -5.85533
-2.74246 -5.85812
-2.7387 -5.86011
-2.73519 -5.86259
-2.72805 -5.86603
-2.72109 -5.86983
-2.71413 -5.87363
-2.70717 -5.87744
-2.70007 -5.88096
-2.69306 -5.88466
-2.686 -5.88827
-2.67883 -5.89168
-2.67188 -5.89549
-2.66483 -5.89912
-2.65811 -5.90336
-2.65096 -5.9068
-2.64392 -5.91045
-2.63687 -5.91408
-2.62978 -5.91762
-2.62284 -5.92146
-2.61601 -5.92551
-2.60873 -5.9287
-2.602 -5.93293
-2.59495 -5.93655
-2.58784 -5.94007
-2.58079 -5.9437
-2.57398 -5.94777
-2.5667 -5.95096
-2.55997 -5.9552
-2.55265 -5.95831
-2.54577 -5.96227
-2.53888 -5.9662
-2.5318 -5.96976
-2.5247 -5.9733
-2.51774 -5.97709
-2.51088 -5.98108
-2.50364 -5.98435
-2.49673 -5.98824
-2.48962 -5.99176
-2.48275 -5.99571
-2.47568 -5.99932
-2.46866 -6.003
-2.46189 -6.00714
-2.4546 -6.01032
-2.44755 -6.01395
-2.44079 -6.01813
-2.43354 -6.02137
-2.42649 -6.025
-2.4195 -6.02873
-2.4126 -6.03266
-2.40572 -6.03659
-2.39854 -6.03997
-2.39165 -6.0439
-2.38458 -6.0475
-2.37778 -6.0516
-2.37057 -6.05493
-2.36363 -6.05876
-2.35672 -6.06265
-2.34973 -6.06639
-2.34261 -6.06989
-2.33557 -6.07353
-2.32848 -6.07709
-2.32143 -6.08071
-2.31459 -6.08472
-2.30762 -6.08851
-2.30056 -6.09211
-2.29364 -6.09598
-2.28637 -6.09921
-2.27933 -6.10284
-2.27259 -6.10707
-2.268 -6.10883
-2.26371 -6.11126
-2.25915 -6.11303
-2.25435 -6.11409
-2.24961 -6.11529
-2.24493 -6.11687
-2.24007 -6.11743
-2.23523 -6.11832
-2.23034 -6.11863
-2.22543 -6.11876
-2.22144 -6.1185
-2.21745 -6.11824
-2.20946 -6.11814
-2.20147 -6.11842
-2.19348 -6.11869
-2.18949 -6.11838
-2.18549 -6.11807
-2.1775 -6.11834
-2.16951 -6.11861
-2.16153 -6.11855
-2.15354 -6.11856
-2.14555 -6.11815
-2.13756 -6.11843
-2.12957 -6.11847
-2.12158 -6.11825
-2.11759 -6.118
-2.1136 -6.11776
-2.1096 -6.11807
-2.1056 -6.11839
-2.10161 -6.11804
-2.09762 -6.1177
-2.08963 -6.11806
-2.08164 -6.11766
-2.07765 -6.11795
-2.07365 -6.11824
-2.06566 -6.11834
-2.06167 -6.11801
-2.05767 -6.11768
-2.04968 -6.11794
-2.0417 -6.11784
-2.03371 -6.11793
-2.02572 -6.11804
-2.02172 -6.11776
-2.01773 -6.11748
-2.00974 -6.11767
-2.00175 -6.11785
-1.99376 -6.11807
-1.98577 -6.11794
-1.97779 -6.11776
-1.9698 -6.11801
-1.96181 -6.11765
-1.95382 -6.11771
-1.94583 -6.11782
-1.93784 -6.1175
-1.92985 -6.11788
-1.92586 -6.11759
-1.92187 -6.11729
-1.91388 -6.11725
-1.90589 -6.11732
-1.8979 -6.11756
-1.88991 -6.11713
-1.88592 -6.11742
-1.88192 -6.1177
-1.87393 -6.11752
-1.86994 -6.11726
-1.86595 -6.11701
-1.86195 -6.11726
-1.85796 -6.11751
-1.84997 -6.11747
-1.84198 -6.11713
-1.83399 -6.11704
-1.83 -6.11734
-1.826 -6.11764
-1.82201 -6.11741
-1.81801 -6.11717
-1.81002 -6.11713
-1.80204 -6.11708
-1.79405 -6.11691
-1.78606 -6.11717
-1.77807 -6.11695
-1.77008 -6.1169
-1.76209 -6.11714
-1.7541 -6.11683
-1.74612 -6.11665
-1.73813 -6.11686
-1.73014 -6.11671
-1.72215 -6.11688
-1.71416 -6.11652
-1.71017 -6.11675
-1.70617 -6.11698
-1.69818 -6.11655
-1.69419 -6.11684
-1.69019 -6.11713
-1.6822 -6.11681
-1.67422 -6.11681
-1.66623 -6.11672
-1.65824 -6.11688
-1.65025 -6.11649
-1.64226 -6.11628
-1.63427 -6.1164
-1.62628 -6.11677
-1.62229 -6.1165
-1.6183 -6.11623
-1.6143 -6.11656
-1.61031 -6.1169
-1.60232 -6.11665
-1.59433 -6.11634
-1.58634 -6.11613
-1.58235 -6.11647
-1.57835 -6.11682
-1.57036 -6.11669
-1.56237 -6.1166
-1.55439 -6.11616
-1.5464 -6.11649
-1.53841 -6.11663
-1.53441 -6.11633
-1.53042 -6.11602
-1.52243 -6.11623
-1.51444 -6.1165
-1.50645 -6.11644
-1.49847 -6.11624
-1.49048 -6.11582
-1.48249 -6.11618
-1.4745 -6.11579
-1.4705 -6.11609
-1.46651 -6.11639
-1.45852 -6.11616
-1.45053 -6.11621
-1.44254 -6.11589
-1.43456 -6.11604
-1.42657 -6.11617
-1.41858 -6.11601
-1.41059 -6.11572
-1.4066 -6.11594
-1.4026 -6.11616
-1.39461 -6.11585
-1.38662 -6.11593
-1.37864 -6.11573
-1.37065 -6.11545
-1.36266 -6.11551
-1.35866 -6.11575
-1.35467 -6.116
-1.34668 -6.11592
-1.34269 -6.11564
-1.33869 -6.11536
-1.3347 -6.11556
-1.3307 -6.11576
-1.32272 -6.11533
-1.31872 -6.11566
-1.31472 -6.116
-1.31073 -6.1156
-1.30674 -6.11521
-1.29875 -6.11555
-1.29076 -6.11592
-1.28277 -6.11587
-1.27878 -6.11551
-1.27478 -6.11514
-1.27079 -6.11541
-1.26679 -6.11568
-1.2588 -6.11567
-1.25481 -6.11543
-1.25082 -6.11519
-1.24283 -6.11546
-1.23484 -6.11509
-1.22685 -6.11519
-1.21886 -6.11518
-1.21487 -6.11543
-1.21087 -6.11568
-1.20288 -6.11527
-1.19489 -6.11557
-1.18691 -6.11514
-1.17892 -6.1155
-1.17093 -6.11536
-1.16294 -6.115
-1.15495 -6.11475
-1.14696 -6.11499
-1.13898 -6.11491
-1.13099 -6.11523
-1.123 -6.11481
-1.11501 -6.11471
-1.10702 -6.1148
-1.09903 -6.11479
-1.09104 -6.1148
-1.08705 -6.115
-1.08305 -6.1152
-1.07506 -6.11498
-1.06708 -6.1146
-1.06308 -6.11486
-1.05909 -6.11512
-1.0511 -6.1152
-1.04311 -6.1149
-1.03512 -6.11495
-1.02713 -6.11463
-1.01914 -6.11447
-1.01116 -6.11452
-1.00317 -6.11436
-0.995179 -6.1143
-0.98719 -6.11455
-0.9792 -6.11491
-0.975206 -6.1146
-0.971213 -6.11429
-0.963224 -6.11449
-0.955235 -6.11444
-0.947247 -6.11421
-0.939258 -6.11429
-0.931269 -6.11418
-0.92328 -6.11437
-0.915291 -6.1144
-0.907302 -6.11468
-0.899313 -6.11454
-0.891324 -6.11467
-0.883337 -6.11424
-0.875349 -6.11387
-0.871354 -6.11419
-0.867358 -6.1145
-0.863365 -6.11425
-0.859371 -6.114
-0.851383 -6.1138
-0.843393 -6.11411
-0.835405 -6.11404
-0.827416 -6.11401
-0.819428 -6.11372
-0.81144 -6.11369
-0.807444 -6.11405
-0.803449 -6.11442
-0.799455 -6.11409
-0.795462 -6.11376
-0.787473 -6.11384
-0.779484 -6.11376
-0.775489 -6.11396
-0.771494 -6.11417
-0.767501 -6.11393
-0.763507 -6.1137
-0.755519 -6.11351
-0.747529 -6.11376
-0.739541 -6.11373
-0.731551 -6.11407
-0.723562 -6.11396
-0.715573 -6.114
-0.707585 -6.11395
-0.703591 -6.11363
-0.699598 -6.11332
-0.695603 -6.11368
-0.691607 -6.11405
-0.687613 -6.11379
-0.68362 -6.11352
-0.675631 -6.1135
-0.667642 -6.11376
-0.659653 -6.11382
-0.655659 -6.11353
-0.651666 -6.11325
-0.643676 -6.11345
-0.635687 -6.11364
-0.627699 -6.1135
-0.619709 -6.11378
-0.61172 -6.11372
-0.603733 -6.11344
-0.595744 -6.1134
-0.587755 -6.11328
-0.579767 -6.11324
-0.571778 -6.11334
-0.563788 -6.11359
-0.5558 -6.1133
-0.547813 -6.11296
-0.543818 -6.11321
-0.539822 -6.11345
-0.535829 -6.11312
-0.531836 -6.11279
-0.52784 -6.11313
-0.523845 -6.11347
-0.515856 -6.1134
-0.511863 -6.11311
-0.507869 -6.11281
-0.49988 -6.11301
-0.491892 -6.11266
-0.487897 -6.11295
-0.483902 -6.11324
-0.475914 -6.11293
-0.467926 -6.11259
-0.459938 -6.11254
-0.451948 -6.11271
-0.44396 -6.11267
-0.43597 -6.11297
-0.427981 -6.11291
-0.419993 -6.11293
-0.412004 -6.11297
-0.404016 -6.11271
-0.396026 -6.11286
-0.388039 -6.11259
-0.38005 -6.11261
-0.372062 -6.11231
-0.364072 -6.11261
-0.356083 -6.11276
-0.348095 -6.11244
-0.340105 -6.11279
-0.332118 -6.11246
-0.324128 -6.11259
-0.31614 -6.11234
-0.308151 -6.1127
-0.304157 -6.11241
-0.300164 -6.11211
-0.292175 -6.11222
-0.284185 -6.11246
-0.276197 -6.11213
-0.268208 -6.11239
-0.26022 -6.11207
-0.252231 -6.11227
-0.244241 -6.11256
-0.236253 -6.11217
-0.232258 -6.11238
-0.228263 -6.11259
-0.22427 -6.11235
-0.220276 -6.11212
-0.212288 -6.1118
-0.208293 -6.11208
-0.204298 -6.11236
-0.196309 -6.11243
-0.18832 -6.1124
-0.180332 -6.11219
-0.172344 -6.11201
-0.164355 -6.11194
-0.156368 -6.1116
-0.152372 -6.11186
-0.148377 -6.11212
-0.14039 -6.11172
-0.132401 -6.11183
-0.124412 -6.11179
-0.116422 -6.11209
-0.108434 -6.11203
-0.100445 -6.11198
-0.0924572 -6.11169
-0.0844687 -6.11161
-0.0764796 -6.11169
-0.0684913 -6.11155
-0.0605032 -6.11135
-0.0565078 -6.11166
-0.0525124 -6.11198
-0.0445235 -6.11202
-0.0365358 -6.11169
-0.0325421 -6.11146
-0.0285485 -6.11124
-0.0245531 -6.11156
-0.0205577 -6.11188
-0.0125695 -6.1117
-0.00857591 -6.11145
-0.00458232 -6.11119
-0.00058719 -6.11143
0.00340794 -6.11167
0.0113957 -6.11136
0.0193855 -6.11169
0.0273745 -6.11174
0.0353621 -6.11138
0.0433507 -6.11132
0.05134 -6.1115
0.0593275 -6.1111
0.0673169 -6.11132
0.0753045 -6.11094
0.0832936 -6.11103
0.0912816 -6.1108
0.0992716 -6.11118
0.107261 -6.11126
0.11525 -6.1115
0.123239 -6.1114
0.131226 -6.11105
0.139215 -6.11117
0.147203 -6.11073
0.151198 -6.11096
0.155193 -6.1112
0.163181 -6.11099
0.17117 -6.11089
0.179159 -6.11106
0.183152 -6.11079
0.187146 -6.11052
0.191141 -6.11084
0.195137 -6.11116
0.203125 -6.11111
0.211114 -6.11117
0.219102 -6.11082
0.22709 -6.11053
0.231085 -6.11075
0.23508 -6.11097
0.243068 -6.11083
0.251056 -6.11068
0.259045 -6.11075
0.267033 -6.11036
0.271028 -6.11065
0.275024 -6.11093
0.279017 -6.11067
0.283011 -6.1104
0.291 -6.11046
0.298989 -6.11064
0.306976 -6.1102
0.310971 -6.11045
0.314967 -6.11069
0.322955 -6.11065
0.330944 -6.11064
0.338933 -6.1108
0.346921 -6.11057
0.354909 -6.11029
0.362897 -6.11005
0.370887 -6.11034
0.378876 -6.11061
0.386865 -6.11039
0.394853 -6.11023
0.402841 -6.11012
0.410829 -6.10987
0.418818 -6.10983
0.426807 -6.1099
0.434795 -6.10973
0.442784 -6.10975
0.450773 -6.11
0.458762 -6.10993
0.466751 -6.11015
0.474739 -6.10989
0.482728 -6.10971
0.486723 -6.11001
0.490718 -6.11031
0.494712 -6.10996
0.498705 -6.1096
0.506693 -6.10958
0.514683 -6.10997
0.522672 -6.10993
0.530661 -6.10995
0.534654 -6.10967
0.538648 -6.10939
0.546637 -6.10951
0.554626 -6.10955
0.562615 -6.10967
0.570605 -6.10996
0.578593 -6.10966
0.586581 -6.10967
0.59457 -6.10956
0.602558 -6.10952
0.610547 -6.10954
0.618536 -6.1094
0.626524 -6.10932
0.634513 -6.10941
0.642502 -6.10947
0.650492 -6.1098
0.65848 -6.10957
0.666469 -6.10978
0.674457 -6.10951
0.682446 -6.1095
0.68644 -6.10923
0.690433 -6.10896
0.694428 -6.10928
0.698424 -6.10959
0.702417 -6.10936
0.706411 -6.10912
0.7144 -6.10909
0.722388 -6.10886
0.726383 -6.10913
0.730378 -6.1094
0.738366 -6.10898
0.746355 -6.10904
0.754343 -6.10898
0.762332 -6.109
0.770322 -6.10927
0.778309 -6.10886
0.786298 -6.10881
0.790293 -6.10902
0.794288 -6.10922
0.802275 -6.1088
0.80627 -6.10904
0.810266 -6.10927
0.814259 -6.10899
0.818252 -6.1087
0.822248 -6.10897
0.826243 -6.10925
0.834231 -6.10888
0.842219 -6.10883
0.850208 -6.10896
0.858197 -6.10888
0.86219 -6.10862
0.866184 -6.10837
0.874173 -6.10839
0.878168 -6.10863
0.882163 -6.10887
0.890151 -6.10852
0.89814 -6.10863
0.906129 -6.10876
0.914118 -6.10878
0.922106 -6.10854
0.930094 -6.10835
0.934089 -6.10861
0.938084 -6.10888
0.946073 -6.10876
0.954062 -6.1088
0.958055 -6.10848
0.962049 -6.10816
0.970038 -6.10829
0.978027 -6.10855
0.986015 -6.10819
0.99001 -6.10846
0.994005 -6.10872
1.00199 -6.10871
1.00998 -6.10863
1.01797 -6.10852
1.02596 -6.10817
1.03395 -6.1083
1.04194 -6.1085
1.04593 -6.1082
1.04992 -6.1079
1.05791 -6.10805
1.0659 -6.10836
1.07389 -6.10845
1.07789 -6.1082
1.08188 -6.10795
1.08987 -6.10801
1.09386 -6.10821
1.09786 -6.10841
1.10185 -6.10814
1.10585 -6.10788
1.11384 -6.10823
1.11783 -6.108
1.12182 -6.10777
1.12981 -6.10796
1.1378 -6.10757
1.14579 -6.10756
1.15378 -6.10788
1.16177 -6.10754
1.16975 -6.10756
1.17774 -6.10766
1.18573 -6.10793
1.18973 -6.10768
1.19372 -6.10742
1.19772 -6.10768
1.20171 -6.10795
1.2097 -6.10766
1.21769 -6.10786
1.22568 -6.10752
1.23366 -6.10756
1.24165 -6.10761
1.24964 -6.10783
1.25763 -6.10783
1.26562 -6.10752
1.27361 -6.10781
1.2776 -6.10751
1.2816 -6.10722
1.28559 -6.10746
1.28959 -6.1077
1.29757 -6.10744
1.30556 -6.10764
1.31355 -6.10764
1.32154 -6.1074
1.32953 -6.10753
1.33352 -6.10721
1.33752 -6.10689
1.34151 -6.10711
1.34551 -6.10732
1.3535 -6.10729
1.35749 -6.10705
1.36148 -6.1068
1.36947 -6.10684
1.37746 -6.10683
1.38545 -6.10675
1.39344 -6.10713
1.40143 -6.10677
1.40941 -6.1067
1.41341 -6.10705
1.41741 -6.10741
1.42539 -6.10712
1.43338 -6.10672
1.43738 -6.10699
1.44137 -6.10726
1.44936 -6.10719
1.45735 -6.10688
1.46534 -6.10666
1.47332 -6.10656
1.48131 -6.10663
1.4893 -6.10689
1.49729 -6.10648
1.50129 -6.10675
1.50528 -6.10702
1.51327 -6.10699
1.52126 -6.107
1.52925 -6.10685
1.53723 -6.10644
1.54522 -6.10654
1.55321 -6.10632
1.5612 -6.10633
1.5652 -6.10662
1.56919 -6.10691
1.57718 -6.1067
1.58117 -6.10646
1.58517 -6.10621
1.59315 -6.1061
1.60114 -6.10609
1.60913 -6.10634
1.61313 -6.10654
1.61712 -6.10674
1.62511 -6.10651
1.6331 -6.10628
1.64109 -6.10595
1.64508 -6.10624
1.64908 -6.10652
1.65707 -6.10634
1.66505 -6.10605
1.66905 -6.10627
1.67304 -6.10649
1.67704 -6.10625
1.68103 -6.10601
1.68902 -6.10598
1.69701 -6.10607
1.701 -6.10629
1.705 -6.10651
1.70899 -6.10613
1.71298 -6.10576
1.72097 -6.10614
1.72896 -6.10586
1.73296 -6.10613
1.73695 -6.1064
1.74095 -6.10599
1.74494 -6.10559
1.75293 -6.10585
1.76092 -6.10601
1.76891 -6.10574
1.77689 -6.10571
1.78488 -6.10592
1.79287 -6.10613
1.80086 -6.10573
1.80885 -6.10574
1.81684 -6.10566
1.82483 -6.10536
1.83282 -6.10573
1.8408 -6.10562
1.84879 -6.10544
1.85678 -6.10564
1.86477 -6.10527
1.87276 -6.10552
1.88075 -6.10571
1.88474 -6.10547
1.88874 -6.10523
1.89673 -6.10555
1.90471 -6.10553
1.9127 -6.10567
1.9167 -6.10539
1.92069 -6.10511
1.92469 -6.10541
1.92868 -6.10571
1.93667 -6.10574
1.94466 -6.10566
1.95265 -6.10562
1.95664 -6.10527
1.96063 -6.10493
1.96862 -6.10502
1.97661 -6.10509
1.9846 -6.10546
1.99259 -6.1052
2.00058 -6.10514
2.00857 -6.1048
2.01256 -6.10514
2.01656 -6.10548
2.02055 -6.10521
2.02454 -6.10493
2.02854 -6.10516
2.03253 -6.10538
2.03653 -6.10507
2.04052 -6.10477
2.04851 -6.10489
2.0565 -6.1048
2.06049 -6.10505
2.06449 -6.1053
2.07248 -6.10529
2.07647 -6.10495
2.08046 -6.1046
2.08446 -6.10481
2.08845 -6.10501
2.09644 -6.10463
2.10443 -6.1046
2.11242 -6.10467
2.11641 -6.1049
2.12041 -6.10514
2.1244 -6.10483
2.1284 -6.10452
2.13638 -6.1044
2.14437 -6.10468
2.15236 -6.10449
2.16035 -6.10468
2.16834 -6.10455
2.17633 -6.1045
2.18432 -6.10477
2.19231 -6.10487
2.2003 -6.1045
2.20828 -6.10417
2.21228 -6.10453
2.21627 -6.10488
2.22426 -6.10451
2.23225 -6.10477
2.24024 -6.10435
2.24823 -6.10448
2.25622 -6.10439
2.26421 -6.10459
2.27219 -6.10431
2.2762 -6.10449
2.2802 -6.10467
2.28459 -6.10387
2.28904 -6.104
2.2934 -6.1032
2.29784 -6.10284
2.30217 -6.10192
2.30633 -6.10039
2.31067 -6.09943
2.31477 -6.09777
2.31887 -6.0961
2.32316 -6.0948
2.32708 -6.09274
2.33068 -6.0901
2.33768 -6.08641
2.3443 -6.08206
2.35131 -6.07837
2.3582 -6.07447
2.36489 -6.07025
2.37183 -6.06645
2.37846 -6.06211
2.38545 -6.05839
2.39191 -6.05377
2.39885 -6.04997
2.40553 -6.04572
2.41268 -6.04227
2.41937 -6.03805
2.42605 -6.0338
2.43275 -6.02959
2.43956 -6.02556
2.44646 -6.02169
2.45323 -6.01759
2.46027 -6.01396
2.46684 -6.00953
2.47376 -6.00568
2.48061 -6.00174
2.48746 -5.99778
2.49433 -5.99384
2.50092 -5.98945
2.508 -5.98587
2.51468 -5.98164
2.52124 -5.97718
2.52821 -5.97344
2.53508 -5.96951
2.54175 -5.96525
2.54847 -5.96107
2.5554 -5.95725
2.56228 -5.95333
2.56887 -5.94894
2.57585 -5.94519
2.58271 -5.94125
2.58955 -5.93728
2.5961 -5.93282
2.60324 -5.92934
2.6101 -5.9254
2.61678 -5.92116
2.62335 -5.91674
2.63034 -5.91301
2.63716 -5.90901
2.64374 -5.90459
2.65089 -5.90114
2.6574 -5.89661
2.66433 -5.89278
2.67134 -5.88909
2.67784 -5.88454
2.68494 -5.881
2.69173 -5.87695
2.6983 -5.87251
2.70502 -5.86833
2.71217 -5.86488
2.71881 -5.86057
2.72562 -5.85654
2.73249 -5.85263
2.73937 -5.84872
2.74621 -5.84475
2.75268 -5.84014
2.7595 -5.83614
2.76657 -5.83255
2.77309 -5.82803
2.77999 -5.82415
2.78672 -5.82
2.79383 -5.81648
2.80057 -5.81234
2.80734 -5.80823
2.8128 -5.80428
2.81839 -5.8005
2.8249 -5.79588
2.83075 -5.79044
2.83725 -5.78581
2.84318 -5.78047
2.84969 -5.77586
2.85581 -5.77076
2.86235 -5.76619
2.86847 -5.76109
2.8748 -5.75625
2.88076 -5.75095
2.88709 -5.74611
2.8936 -5.7415
2.89978 -5.73647
2.90594 -5.73142
2.91216 -5.72645
2.91855 -5.72168
2.9247 -5.71662
2.9309 -5.71161
2.93716 -5.70669
2.94332 -5.70164
2.94972 -5.69689
2.95583 -5.69178
2.96212 -5.68688
2.96817 -5.68169
2.97464 -5.67704
2.98065 -5.6718
2.98712 -5.66713
2.99341 -5.66225
2.99951 -5.65711
3.00563 -5.65202
3.01204 -5.64728
3.01834 -5.64241
3.02472 -5.63763
3.03081 -5.63249
3.03697 -5.62744
3.04303 -5.62226
3.04969 -5.61784
3.05577 -5.61268
3.0622 -5.60797
3.06835 -5.60291
3.07427 -5.59755
3.08049 -5.59258
3.08704 -5.58802
3.09299 -5.5827
3.09931 -5.57785
3.10561 -5.57297
3.1121 -5.56835
3.11799 -5.56294
3.12462 -5.55849
3.13082 -5.55349
3.13674 -5.54813
3.1433 -5.54359
3.14921 -5.53822
3.1555 -5.53333
3.16217 -5.52892
3.16809 -5.52357
3.17422 -5.51847
3.18048 -5.51356
3.187 -5.50895
3.19331 -5.5041
3.19937 -5.49891
3.20577 -5.49416
3.2121 -5.48933
3.21807 -5.48404
3.22423 -5.47898
3.23085 -5.47452
3.23694 -5.46938
3.24327 -5.46453
3.24932 -5.45934
3.25547 -5.45428
3.26196 -5.44965
3.26803 -5.44448
3.27449 -5.43981
3.28034 -5.43436
3.28673 -5.4296
3.29313 -5.42485
3.29929 -5.4198
3.3058 -5.41518
3.31192 -5.41009
3.3179 -5.40481
3.32447 -5.40028
3.33078 -5.39541
3.33687 -5.39027
3.34318 -5.38541
3.34946 -5.3805
3.3557 -5.37556
3.36191 -5.37057
3.3681 -5.36555
3.37435 -5.36062
3.38073 -5.35584
3.38693 -5.35085
3.39278 -5.3454
3.39921 -5.34068
3.40535 -5.33561
3.41172 -5.33082
3.41778 -5.32565
3.42425 -5.32098
3.43028 -5.31577
3.43649 -5.31078
3.44297 -5.30613
3.44934 -5.30134
3.45525 -5.29598
3.46158 -5.29113
3.46813 -5.28658
3.47428 -5.28151
3.48024 -5.2762
3.48671 -5.27155
3.49313 -5.26683
3.49915 -5.26159
3.50564 -5.25697
3.51158 -5.25163
3.51814 -5.24709
3.52394 -5.24158
3.53017 -5.23661
3.53679 -5.23214
3.54285 -5.22696
3.54925 -5.22221
3.55541 -5.21717
3.5614 -5.2119
3.56776 -5.2071
3.57409 -5.20227
3.58015 -5.19708
3.58638 -5.19212
3.59308 -5.18775
3.59898 -5.18237
3.60549 -5.17776
3.61149 -5.1725
3.61787 -5.16773
3.62425 -5.16296
3.63052 -5.15805
3.63647 -5.15272
3.64271 -5.14777
3.64905 -5.14294
3.65541 -5.13815
3.66163 -5.13318
3.66776 -5.12809
3.67392 -5.12303
3.68025 -5.1182
3.68636 -5.11309
3.69291 -5.10851
3.69685 -5.10525
3.70032 -5.10149
3.70391 -5.09786
3.7077 -5.09435
3.71023 -5.08986
3.71323 -5.08577
3.7165 -5.08178
3.71907 -5.07734
3.72084 -5.07252
3.72352 -5.0681
3.72519 -5.06328
3.72663 -5.05836
3.72781 -5.0534
3.7289 -5.04841
3.7294 -5.04333
3.73075 -5.03831
3.73056 -5.0332
3.73074 -5.02809
3.73037 -5.02027
3.73025 -5.01244
3.72986 -5.00462
3.72975 -4.99679
3.72973 -4.98896
3.73002 -4.98113
3.72944 -4.97331
3.72962 -4.96548
3.72966 -4.95765
3.7289 -4.94983
3.72899 -4.942
3.72906 -4.93417
3.72879 -4.92634
3.72832 -4.91852
3.7287 -4.91069
3.72855 -4.90286
3.72793 -4.89504
3.72797 -4.88721
3.7279 -4.87938
3.72762 -4.87156
3.72742 -4.86373
3.72786 -4.85589
3.72709 -4.84808
3.72696 -4.84025
3.72717 -4.83242
3.72726 -4.82459
3.72672 -4.81677
3.72694 -4.80893
3.72626 -4.80112
3.72672 -4.79328
3.72603 -4.78546
3.72627 -4.77763
3.72598 -4.7698
3.72612 -4.76197
3.72593 -4.75413
3.72503 -4.74947
3.72531 -4.7447
3.72463 -4.74004
3.72364 -4.73542
3.72243 -4.73087
3.72116 -4.72633
3.71932 -4.72199
3.71782 -4.71754
3.71594 -4.71322
3.71387 -4.70899
3.71149 -4.70493
3.70885 -4.70105
3.70615 -4.69719
3.70378 -4.69305
3.70035 -4.68979
3.69726 -4.68625
3.69362 -4.68325
3.6904 -4.6798
3.68415 -4.67482
3.67819 -4.66949
3.67214 -4.66428
3.66601 -4.65916
3.65997 -4.65394
3.65378 -4.64889
3.64789 -4.64349
3.64165 -4.6385
3.63556 -4.63332
3.6297 -4.62789
3.62356 -4.62278
3.61736 -4.61775
3.61143 -4.61239
3.60533 -4.60724
3.60211 -4.60486
3.59889 -4.60247
3.59307 -4.59699
3.58703 -4.59177
3.58083 -4.58673
3.57472 -4.58158
3.56856 -4.5765
3.56567 -4.57374
3.56278 -4.57097
3.55665 -4.56584
3.55346 -4.56344
3.55027 -4.56103
3.5474 -4.55823
3.54454 -4.55543
3.53838 -4.55035
3.53225 -4.54523
3.52632 -4.53987
3.52005 -4.53492
3.51685 -4.53251
3.51366 -4.53011
3.51082 -4.52728
3.50797 -4.52446
3.50188 -4.5193
3.4956 -4.51435
3.48958 -4.50911
3.48649 -4.50655
3.48661 -4.50636
3.48743 -4.50603
3.4877 -4.50529
3.48826 -4.50473
3.48797 -4.50375
3.48844 -4.50315
3.48901 -4.50255
3.48937 -4.50186
3.48952 -4.50111
3.48918 -4.5003
3.48933 -4.49957
3.48929 -4.49884
3.48983 -4.49806
3.48936 -4.49735
3.48972 -4.49651
3.48893 -4.49592
3.48772 -4.49087
3.4865 -4.48582
3.48655 -4.48506
3.48623 -4.48442
3.48596 -4.48377
3.48548 -4.48323
3.4857 -4.48227
3.48509 -4.4818
3.4845 -4.48134
3.4808 -4.47604
3.47711 -4.47074
3.47341 -4.46544
3.46972 -4.46014
3.46602 -4.45485
3.46538 -4.45438
3.4651 -4.4536
3.46445 -4.45316
3.46372 -4.45285
3.46296 -4.45263
3.4624 -4.45214
3.46182 -4.45168
3.4611 -4.45147
3.46063 -4.45066
3.45984 -4.45062
3.45331 -4.44817
3.44677 -4.44572
3.44024 -4.44327
3.4337 -4.44082
3.42717 -4.43837
3.42064 -4.43592
3.41999 -4.43547
3.41918 -4.43563
3.41843 -4.43569
3.41776 -4.43504
3.41701 -4.43478
3.41625 -4.43501
3.41551 -4.43511
3.41477 -4.43526
3.41395 -4.43502
3.41321 -4.43522
3.41246 -4.43541
3.41175 -4.4357
3.41115 -4.43621
3.41048 -4.43655
3.40999 -4.43717
3.40937 -4.43758
3.40872 -4.43796
3.40816 -4.43846
3.40792 -4.43923
3.40783 -4.43931
