-2.39038 -3.74937
-2.3932 -3.75199
-2.39904 -3.75746
-2.40499 -3.76279
-2.41088 -3.7682
-2.41397 -3.77073
-2.41707 -3.77327
-2.42278 -3.77887
-2.42888 -3.78404
-2.43479 -3.78942
-2.4406 -3.79491
-2.44657 -3.80022
-2.45232 -3.80578
-2.45543 -3.80829
-2.45855 -3.81081
-2.46131 -3.81371
-2.46407 -3.81662
-2.46716 -3.81915
-2.47026 -3.82169
-2.47607 -3.82718
-2.48202 -3.83251
-2.48812 -3.83768
-2.49095 -3.84052
-2.49377 -3.84335
-2.49978 -3.84863
-2.50557 -3.85413
-2.51168 -3.8593
-2.51771 -3.86454
-2.52055 -3.86736
-2.52339 -3.87017
-2.52916 -3.87571
-2.5351 -3.88106
-2.53825 -3.88353
-2.5414 -3.886
-2.54729 -3.89141
-2.55305 -3.89695
-2.55913 -3.90215
-2.56504 -3.90753
-2.57099 -3.91287
-2.57688 -3.91827
-2.57968 -3.92112
-2.58249 -3.92397
-2.58563 -3.92647
-2.58876 -3.92896
-2.59153 -3.93186
-2.59429 -3.93476
-2.60014 -3.94021
-2.60332 -3.94265
-2.6065 -3.94509
-2.61237 -3.95052
-2.61518 -3.95337
-2.61798 -3.95622
-2.62108 -3.95875
-2.62418 -3.96128
-2.63009 -3.96666
-2.63586 -3.97221
-2.64185 -3.97749
-2.64788 -3.98274
-2.65375 -3.98817
-2.65656 -3.99101
-2.65938 -3.99385
-2.66536 -3.99916
-2.67112 -4.0047
-2.6743 -4.00714
-2.67749 -4.00958
-2.68325 -4.01512
-2.68911 -4.02056
-2.69515 -4.02579
-2.70096 -4.03129
-2.70667 -4.03688
-2.71264 -4.0422
-2.71852 -4.04761
-2.72169 -4.05007
-2.72486 -4.05252
-2.73061 -4.05807
-2.73666 -4.0633
-2.74258 -4.06867
-2.74537 -4.07154
-2.74817 -4.07441
-2.75403 -4.07984
-2.76002 -4.08513
-2.76577 -4.09069
-2.76889 -4.0932
-2.772 -4.09572
-2.77789 -4.10112
-2.78378 -4.10652
-2.78965 -4.11194
-2.7956 -4.11728
-2.80141 -4.12278
-2.80751 -4.12794
-2.81341 -4.13333
-2.81624 -4.13616
-2.81908 -4.13898
-2.82217 -4.14152
-2.82527 -4.14406
-2.83131 -4.14929
-2.83717 -4.15472
-2.83997 -4.15759
-2.84276 -4.16045
-2.8459 -4.16294
-2.84904 -4.16543
-2.85493 -4.17083
-2.86063 -4.17644
-2.86636 -4.18202
-2.86948 -4.18452
-2.8726 -4.18703
-2.87542 -4.18988
-2.87823 -4.19272
-2.88136 -4.19522
-2.88449 -4.19772
-2.89052 -4.20297
-2.89332 -4.20583
-2.89613 -4.20868
-2.90213 -4.21396
-2.90808 -4.21929
-2.91399 -4.22468
-2.92009 -4.22985
-2.92282 -4.23278
-2.92556 -4.23572
-2.92868 -4.23822
-2.9318 -4.24073
-2.93751 -4.24634
-2.94359 -4.25152
-2.94935 -4.25707
-2.95536 -4.26234
-2.96107 -4.26794
-2.96703 -4.27327
-2.97286 -4.27873
-2.97596 -4.28126
-2.97906 -4.28379
-2.98488 -4.28927
-2.98797 -4.29181
-2.99106 -4.29435
-2.99696 -4.29974
-3.00278 -4.30523
-3.00562 -4.30805
-3.00845 -4.31086
-3.01448 -4.31612
-3.02058 -4.32129
-3.02662 -4.32652
-3.03235 -4.3321
-3.03518 -4.33494
-3.038 -4.33777
-3.04386 -4.34321
-3.04698 -4.34572
-3.0501 -4.34823
-3.05579 -4.35385
-3.05892 -4.35634
-3.06205 -4.35884
-3.06788 -4.36431
-3.07361 -4.36989
-3.07966 -4.37511
-3.08539 -4.38069
-3.08851 -4.3832
-3.09162 -4.38572
-3.09745 -4.39119
-3.10314 -4.39681
-3.10629 -4.39929
-3.10944 -4.40176
-3.11217 -4.4047
-3.11489 -4.40764
-3.12084 -4.41299
-3.12402 -4.41543
-3.12719 -4.41788
-3.13313 -4.42322
-3.13883 -4.42884
-3.1448 -4.43416
-3.15073 -4.43952
-3.15662 -4.44492
-3.15941 -4.44778
-3.16221 -4.45064
-3.16812 -4.45603
-3.17408 -4.46135
-3.17718 -4.46389
-3.18027 -4.46642
-3.18627 -4.4717
-3.19221 -4.47705
-3.19804 -4.48252
-3.20083 -4.48539
-3.20362 -4.48826
-3.2068 -4.4907
-3.20999 -4.49314
-3.21584 -4.49858
-3.21861 -4.50148
-3.22138 -4.50437
-3.22451 -4.50687
-3.22764 -4.50936
-3.23048 -4.51219
-3.23331 -4.51501
-3.23934 -4.52026
-3.24529 -4.5256
-3.25107 -4.53112
-3.25418 -4.53363
-3.2573 -4.53615
-3.26009 -4.53902
-3.26289 -4.54188
-3.26884 -4.54722
-3.2747 -4.55265
-3.27785 -4.55513
-3.28099 -4.55761
-3.28377 -4.56049
-3.28655 -4.56338
-3.28966 -4.5659
-3.29276 -4.56842
-3.2985 -4.574
-3.30448 -4.5793
-3.31059 -4.58446
-3.31645 -4.58989
-3.31927 -4.59273
-3.32209 -4.59558
-3.32789 -4.60107
-3.334 -4.60623
-3.33987 -4.61165
-3.34577 -4.61704
-3.3519 -4.62219
-3.3578 -4.62758
-3.36356 -4.63312
-3.36938 -4.63861
-3.37536 -4.64391
-3.38125 -4.64931
-3.38718 -4.65466
-3.39316 -4.65997
-3.3991 -4.66531
-3.40518 -4.67051
-3.41117 -4.6758
-3.41397 -4.67867
-3.41676 -4.68154
-3.42258 -4.68701
-3.4285 -4.69238
-3.43464 -4.69751
-3.44055 -4.70289
-3.44656 -4.70816
-3.45227 -4.71376
-3.45536 -4.7163
-3.45845 -4.71884
-3.46434 -4.72425
-3.46711 -4.72713
-3.46989 -4.73002
-3.47597 -4.73521
-3.47908 -4.73773
-3.48219 -4.74025
-3.48501 -4.74309
-3.48783 -4.74593
-3.49376 -4.75129
-3.49947 -4.75689
-3.50539 -4.76226
-3.50852 -4.76476
-3.51166 -4.76726
-3.51496 -4.77127
-3.51911 -4.7745
-3.52178 -4.779
-3.52564 -4.78259
-3.52816 -4.78712
-3.53105 -4.79144
-3.53308 -4.79622
-3.53586 -4.80063
-3.53766 -4.80549
-3.53966 -4.8103
-3.54094 -4.81532
-3.54226 -4.82034
-3.54275 -4.82551
-3.5439 -4.83059
-3.54391 -4.83577
-3.54438 -4.84093
-3.54424 -4.84872
-3.54443 -4.85651
-3.54445 -4.86429
-3.54472 -4.87208
-3.54477 -4.87987
-3.54487 -4.88765
-3.54469 -4.89544
-3.545 -4.90323
-3.54489 -4.91101
-3.54504 -4.9188
-3.54432 -4.92659
-3.54475 -4.93437
-3.54456 -4.94216
-3.5451 -4.94995
-3.54508 -4.95773
-3.54512 -4.96552
-3.54463 -4.97331
-3.5446 -4.9811
-3.54473 -4.98888
-3.54481 -4.99667
-3.54495 -5.00446
-3.54481 -5.01224
-3.54551 -5.02003
-3.54544 -5.02781
-3.54561 -5.0356
-3.54506 -5.04339
-3.54561 -5.05117
-3.54524 -5.05896
-3.54574 -5.06675
-3.54538 -5.07454
-3.54509 -5.08232
-3.5453 -5.09011
-3.54556 -5.09789
-3.54552 -5.10568
-3.54556 -5.11036
-3.54525 -5.11504
-3.54462 -5.11967
-3.54413 -5.12435
-3.54247 -5.12876
-3.54186 -5.13343
-3.54067 -5.13796
-3.53918 -5.14244
-3.53718 -5.14667
-3.53529 -5.15097
-3.5331 -5.15511
-3.53028 -5.15887
-3.5279 -5.16291
-3.52495 -5.16652
-3.52197 -5.17013
-3.51932 -5.17404
-3.51566 -5.17699
-3.51263 -5.18059
-3.50949 -5.18307
-3.50634 -5.18555
-3.50041 -5.19089
-3.49459 -5.19637
-3.48892 -5.20201
-3.48298 -5.20735
-3.47678 -5.2124
-3.47398 -5.21526
-3.47118 -5.21813
-3.46519 -5.22341
-3.45901 -5.22849
-3.45323 -5.234
-3.4501 -5.2365
-3.44698 -5.239
-3.44416 -5.24184
-3.44134 -5.24468
-3.43543 -5.25005
-3.42925 -5.25513
-3.42339 -5.26055
-3.41746 -5.26591
-3.41174 -5.2715
-3.40859 -5.27396
-3.40543 -5.27643
-3.40272 -5.27938
-3.40001 -5.28234
-3.39405 -5.28766
-3.38812 -5.29302
-3.38501 -5.29553
-3.38189 -5.29803
-3.37908 -5.30088
-3.37627 -5.30373
-3.37033 -5.30907
-3.36718 -5.31155
-3.36404 -5.31403
-3.35798 -5.31923
-3.35218 -5.32473
-3.34644 -5.3303
-3.34059 -5.33574
-3.33464 -5.34107
-3.33149 -5.34354
-3.32835 -5.34602
-3.32553 -5.34885
-3.32271 -5.35169
-3.31651 -5.35675
-3.31373 -5.35962
-3.31094 -5.3625
-3.30475 -5.36756
-3.29879 -5.37289
-3.29292 -5.37831
-3.28672 -5.38335
-3.28399 -5.38629
-3.28126 -5.38923
-3.27506 -5.39429
-3.2692 -5.39971
-3.26325 -5.40505
-3.25745 -5.41054
-3.25151 -5.41588
-3.24547 -5.42111
-3.23969 -5.42663
-3.23357 -5.43177
-3.22784 -5.43735
-3.22172 -5.44249
-3.21557 -5.4476
-3.21275 -5.45044
-3.20994 -5.45328
-3.20384 -5.45844
-3.19801 -5.46391
-3.19198 -5.46916
-3.18595 -5.47439
-3.18029 -5.48004
-3.1744 -5.48544
-3.16846 -5.49079
-3.16244 -5.49603
-3.15666 -5.50155
-3.15043 -5.50658
-3.14466 -5.5121
-3.13853 -5.51724
-3.13253 -5.52251
-3.12973 -5.52537
-3.12693 -5.52823
-3.12374 -5.53066
-3.12055 -5.53309
-3.11773 -5.53592
-3.11491 -5.53876
-3.10902 -5.54415
-3.10284 -5.54922
-3.09683 -5.55449
-3.09095 -5.5599
-3.08495 -5.56517
-3.0822 -5.56809
-3.07945 -5.57101
-3.07335 -5.57617
-3.0673 -5.58139
-3.0645 -5.58425
-3.06169 -5.5871
-3.05559 -5.59226
-3.04982 -5.59779
-3.04362 -5.60284
-3.0375 -5.60799
-3.03156 -5.61333
-3.0288 -5.61623
-3.02604 -5.61913
-3.01997 -5.62433
-3.01414 -5.62979
-3.00824 -5.63518
-3.00506 -5.63762
-3.00188 -5.64006
-2.99618 -5.64567
-2.99024 -5.65101
-2.98427 -5.65631
-2.97813 -5.66143
-2.97539 -5.66436
-2.97266 -5.6673
-2.96665 -5.67256
-2.9608 -5.678
-2.95765 -5.68048
-2.95451 -5.68295
-2.94885 -5.68861
-2.94299 -5.69403
-2.93987 -5.69655
-2.93676 -5.69906
-2.93064 -5.7042
-2.92472 -5.70956
-2.9188 -5.71492
-2.91305 -5.72048
-2.90739 -5.72613
-2.90421 -5.72857
-2.90104 -5.73101
-2.89826 -5.73389
-2.89548 -5.73678
-2.88946 -5.74204
-2.88358 -5.74744
-2.87748 -5.75261
-2.87148 -5.75788
-2.86576 -5.76347
-2.85991 -5.76891
-2.85389 -5.77416
-2.84779 -5.77932
-2.84201 -5.78485
-2.8358 -5.78988
-2.82993 -5.7953
-2.82415 -5.80083
-2.81818 -5.80614
-2.81237 -5.81161
-2.8062 -5.81669
-2.80243 -5.81968
-2.79881 -5.82284
-2.79465 -5.82527
-2.79089 -5.8283
-2.78645 -5.8302
-2.78233 -5.83266
-2.77799 -5.83472
-2.77358 -5.83666
-2.76598 -5.83916
-2.75858 -5.84217
-2.751 -5.8447
-2.74356 -5.84763
-2.73972 -5.84876
-2.73588 -5.84989
-2.7285 -5.85297
-2.72086 -5.85537
-2.71329 -5.85791
-2.70585 -5.86083
-2.69827 -5.86338
-2.69079 -5.86619
-2.68714 -5.86783
-2.68348 -5.86947
-2.67586 -5.87189
-2.66846 -5.87493
-2.66463 -5.87607
-2.66079 -5.87721
-2.65339 -5.88024
-2.64584 -5.88287
-2.63831 -5.88554
-2.63462 -5.88709
-2.63094 -5.88865
-2.62709 -5.88974
-2.62323 -5.89084
-2.61959 -5.8925
-2.61594 -5.89415
-2.61205 -5.89517
-2.60817 -5.89619
-2.60077 -5.8992
-2.59329 -5.90202
-2.58571 -5.90455
-2.57828 -5.90751
-2.57074 -5.91014
-2.56334 -5.91318
-2.55579 -5.9158
-2.5483 -5.91859
-2.54069 -5.92103
-2.53701 -5.92261
-2.53333 -5.9242
-2.52581 -5.92689
-2.52195 -5.92796
-2.51809 -5.92903
-2.51441 -5.93061
-2.51073 -5.93218
-2.50321 -5.93487
-2.49557 -5.93726
-2.4881 -5.94009
-2.48062 -5.94289
-2.47316 -5.94577
-2.46571 -5.94867
-2.45813 -5.9512
-2.4507 -5.95416
-2.44307 -5.95654
-2.43562 -5.95945
-2.428 -5.96186
-2.42055 -5.96475
-2.41686 -5.96631
-2.41318 -5.96787
-2.40565 -5.97053
-2.39816 -5.97332
-2.39066 -5.97608
-2.38307 -5.97859
-2.37554 -5.98127
-2.36792 -5.98368
-2.36048 -5.98662
-2.353 -5.98942
-2.34545 -5.99204
-2.34177 -5.99361
-2.33809 -5.99518
-2.33426 -5.99633
-2.33042 -5.99749
-2.323 -6.00045
-2.31537 -6.00285
-2.30784 -6.00553
-2.30416 -6.00709
-2.30047 -6.00865
-2.29293 -6.01127
-2.28531 -6.0137
-2.28165 -6.01532
-2.27798 -6.01695
-2.27039 -6.01946
-2.26277 -6.02187
-2.25535 -6.02485
-2.24778 -6.02741
-2.24031 -6.03025
-2.23272 -6.03277
-2.2253 -6.03573
-2.21789 -6.03873
-2.21031 -6.04128
-2.20274 -6.04383
-2.19907 -6.04543
-2.1954 -6.04703
-2.18782 -6.04957
-2.18019 -6.05197
-2.17266 -6.05464
-2.16525 -6.05766
-2.15767 -6.06018
-2.15019 -6.06299
-2.14652 -6.06459
-2.14285 -6.06619
-2.13901 -6.06732
-2.13517 -6.06845
-2.12773 -6.07138
-2.1201 -6.07377
-2.11644 -6.07539
-2.11278 -6.07701
-2.10894 -6.07815
-2.1051 -6.07929
-2.0977 -6.08232
-2.09015 -6.08495
-2.08275 -6.08797
-2.07888 -6.08903
-2.07502 -6.09009
-2.07135 -6.09169
-2.06768 -6.09329
-2.06014 -6.09594
-2.05261 -6.0986
-2.04892 -6.10015
-2.04523 -6.1017
-2.04141 -6.10289
-2.03759 -6.10407
-2.0302 -6.10713
-2.02636 -6.10825
-2.02252 -6.10938
-2.01884 -6.11098
-2.01516 -6.11258
-2.01093 -6.1138
-2.00668 -6.11498
-2.00234 -6.11577
-1.99804 -6.1166
-1.99375 -6.11777
-1.98932 -6.1177
-1.98492 -6.11793
-1.98053 -6.11805
-1.97653 -6.11816
-1.97253 -6.11826
-1.96853 -6.11816
-1.96453 -6.11806
-1.96053 -6.11828
-1.95653 -6.1185
-1.95253 -6.11817
-1.94853 -6.11783
-1.94053 -6.11789
-1.93653 -6.11809
-1.93253 -6.11829
-1.92853 -6.11815
-1.92453 -6.11801
-1.92053 -6.11795
-1.91653 -6.11789
-1.91253 -6.11795
-1.90853 -6.11802
-1.90453 -6.11789
-1.90053 -6.11777
-1.89653 -6.11793
-1.89253 -6.11809
-1.88453 -6.11811
-1.88053 -6.11787
-1.87653 -6.11763
-1.87253 -6.11772
-1.86853 -6.11781
-1.86453 -6.11792
-1.86053 -6.11803
-1.85653 -6.11786
-1.85253 -6.11769
-1.84853 -6.11762
-1.84453 -6.11754
-1.84053 -6.11774
-1.83653 -6.11794
-1.83253 -6.11785
-1.82853 -6.11777
-1.82453 -6.11783
-1.82053 -6.11789
-1.81654 -6.11767
-1.81254 -6.11744
-1.80854 -6.11738
-1.80454 -6.11731
-1.80054 -6.11752
-1.79654 -6.11773
-1.79254 -6.11755
-1.78854 -6.11737
-1.78454 -6.11753
-1.78054 -6.1177
-1.77654 -6.11755
-1.77254 -6.1174
-1.76854 -6.11759
-1.76454 -6.11778
-1.76054 -6.11784
-1.75654 -6.11789
-1.75254 -6.11764
-1.74854 -6.11739
-1.74454 -6.11733
-1.74054 -6.11727
-1.73654 -6.11744
-1.73254 -6.1176
-1.72854 -6.11738
-1.72454 -6.11716
-1.72054 -6.11728
-1.71654 -6.1174
-1.70854 -6.11741
-1.70454 -6.11717
-1.70054 -6.11693
-1.69255 -6.11691
-1.68854 -6.11715
-1.68454 -6.11738
-1.68054 -6.11747
-1.67654 -6.11756
-1.67254 -6.11738
-1.66855 -6.11719
-1.66455 -6.11705
-1.66055 -6.1169
-1.65655 -6.11709
-1.65255 -6.11728
-1.64455 -6.11725
-1.64055 -6.11717
-1.63655 -6.11709
-1.62855 -6.11707
-1.62455 -6.11695
-1.62055 -6.11683
-1.61255 -6.11673
-1.60855 -6.117
-1.60455 -6.11727
-1.59655 -6.11719
-1.58855 -6.11722
-1.58455 -6.1171
-1.58055 -6.11699
-1.57655 -6.11708
-1.57255 -6.11718
-1.56855 -6.11694
-1.56455 -6.1167
-1.56055 -6.11691
-1.55655 -6.11712
-1.55255 -6.11679
-1.54855 -6.11647
-1.54455 -6.11639
-1.54056 -6.11631
-1.53655 -6.11654
-1.53255 -6.11678
-1.52856 -6.11659
-1.52456 -6.1164
-1.52056 -6.11662
-1.51655 -6.11685
-1.51256 -6.11653
-1.50856 -6.11622
-1.50456 -6.1163
-1.50056 -6.11638
-1.49256 -6.1163
-1.48456 -6.11631
-1.48056 -6.11658
-1.47656 -6.11686
-1.47256 -6.11669
-1.46856 -6.11653
-1.46456 -6.11657
-1.46056 -6.11661
-1.45656 -6.11637
-1.45256 -6.11612
-1.44456 -6.11601
-1.44056 -6.11628
-1.43656 -6.11655
-1.42856 -6.11651
-1.42456 -6.11628
-1.42056 -6.11604
-1.41656 -6.11621
-1.41256 -6.11638
-1.40856 -6.11613
-1.40456 -6.11589
-1.40056 -6.11621
-1.39656 -6.11654
-1.39256 -6.11648
-1.38856 -6.11641
-1.38056 -6.11635
-1.37656 -6.1162
-1.37257 -6.11604
-1.36457 -6.11598
-1.36057 -6.11601
-1.35657 -6.11605
-1.35257 -6.11585
-1.34857 -6.11566
-1.34057 -6.11557
-1.33657 -6.11567
-1.33257 -6.11577
-1.32857 -6.11566
-1.32457 -6.11556
-1.31657 -6.11546
-1.31257 -6.11569
-1.30857 -6.11592
-1.30457 -6.11568
-1.30057 -6.11544
-1.29657 -6.1156
-1.29257 -6.11576
-1.28857 -6.11565
-1.28457 -6.11553
-1.28057 -6.11559
-1.27657 -6.11564
-1.27257 -6.1155
-1.26857 -6.11536
-1.26457 -6.11545
-1.26057 -6.11554
-1.25657 -6.11573
-1.25257 -6.11592
-1.24857 -6.11569
-1.24457 -6.11547
-1.24057 -6.11558
-1.23657 -6.11569
-1.23257 -6.11578
-1.22857 -6.11587
-1.22057 -6.1158
-1.21658 -6.11566
-1.21258 -6.11552
-1.20858 -6.1154
-1.20458 -6.11529
-1.20058 -6.11516
-1.19658 -6.11503
-1.19258 -6.11523
-1.18858 -6.11544
-1.18458 -6.11523
-1.18058 -6.11502
-1.17658 -6.11533
-1.17258 -6.11564
-1.16858 -6.11546
-1.16458 -6.11529
-1.15658 -6.11528
-1.14858 -6.11532
-1.14458 -6.11519
-1.14058 -6.11506
-1.13258 -6.11496
-1.12858 -6.11509
-1.12458 -6.11523
-1.12058 -6.11529
-1.11658 -6.11535
-1.11258 -6.11517
-1.10858 -6.115
-1.10058 -6.11496
-1.09258 -6.11486
-1.08858 -6.11512
-1.08458 -6.11538
-1.08058 -6.11506
-1.07659 -6.11475
-1.07259 -6.11465
-1.06859 -6.11455
-1.06459 -6.1149
-1.06058 -6.11525
-1.05659 -6.11506
-1.05259 -6.11487
-1.04859 -6.11467
-1.04459 -6.11448
-1.04059 -6.1146
-1.03659 -6.11472
-1.03259 -6.11458
-1.02859 -6.11444
-1.02059 -6.11438
-1.01659 -6.11455
-1.01259 -6.11473
-1.00859 -6.11463
-1.00459 -6.11452
-1.00059 -6.11458
-0.996591 -6.11463
-0.99259 -6.11482
-0.98859 -6.11501
-0.984591 -6.11477
-0.980592 -6.11452
-0.976592 -6.11439
-0.972593 -6.11426
-0.968593 -6.11446
-0.964592 -6.11467
-0.960592 -6.11471
-0.956592 -6.11476
-0.952593 -6.11447
-0.948595 -6.11418
-0.940595 -6.11413
-0.932596 -6.11406
-0.928596 -6.11422
-0.924595 -6.11437
-0.920596 -6.11421
-0.916597 -6.11406
-0.912597 -6.11418
-0.908596 -6.11431
-0.904596 -6.11436
-0.900596 -6.11442
-0.896597 -6.11419
-0.892599 -6.11397
-0.888598 -6.11416
-0.884598 -6.11434
-0.880598 -6.11417
-0.876599 -6.114
-0.872598 -6.11427
-0.868598 -6.11455
-0.864599 -6.11435
-0.8606 -6.11415
-0.856599 -6.1143
-0.852599 -6.11445
-0.8446 -6.11437
-0.8406 -6.11422
-0.836601 -6.11406
-0.832601 -6.1141
-0.828601 -6.11413
-0.820602 -6.11412
-0.816603 -6.11395
-0.812603 -6.11379
-0.808604 -6.11369
-0.804605 -6.1136
-0.800604 -6.11386
-0.796603 -6.11412
-0.792604 -6.11387
-0.788605 -6.11363
-0.784605 -6.11383
-0.780604 -6.11404
-0.776605 -6.11382
-0.772606 -6.11359
-0.768606 -6.11366
-0.764606 -6.11372
-0.760606 -6.11385
-0.756606 -6.11398
-0.748606 -6.11389
-0.744607 -6.11374
-0.740608 -6.11358
-0.736608 -6.11375
-0.732607 -6.11392
-0.728608 -6.11376
-0.724609 -6.11359
-0.720609 -6.11372
-0.716608 -6.11384
-0.708609 -6.11381
-0.70461 -6.11358
-0.700611 -6.11334
-0.692612 -6.11326
-0.688611 -6.11342
-0.684611 -6.11358
-0.680611 -6.11362
-0.676611 -6.11366
-0.672611 -6.11372
-0.668611 -6.11378
-0.664612 -6.1136
-0.660613 -6.11342
-0.652613 -6.11338
-0.648614 -6.1132
-0.644615 -6.11303
-0.636616 -6.11295
-0.632615 -6.11329
-0.628614 -6.11363
-0.624615 -6.11345
-0.620616 -6.11327
-0.616616 -6.11333
-0.612616 -6.11338
-0.604616 -6.11341
-0.600617 -6.11329
-0.596617 -6.11317
-0.592617 -6.1133
-0.588617 -6.11344
-0.580617 -6.11338
-0.576619 -6.11306
-0.57262 -6.11275
-0.56862 -6.11285
-0.56462 -6.11296
-0.55662 -6.11291
-0.552621 -6.11279
-0.548622 -6.11268
-0.544621 -6.11299
-0.54062 -6.1133
-0.53662 -6.11314
-0.532621 -6.11297
-0.528621 -6.11314
-0.52462 -6.11331
-0.520622 -6.11294
-0.516624 -6.11256
-0.512623 -6.11287
-0.508622 -6.11318
-0.500622 -6.11321
-0.496623 -6.11294
-0.492625 -6.11266
-0.488625 -6.11255
-0.484626 -6.11243
-0.480625 -6.11262
-0.476625 -6.11281
-0.468626 -6.1127
-0.460626 -6.11263
-0.456627 -6.11253
-0.452628 -6.11243
-0.448628 -6.11235
-0.444629 -6.11227
-0.440628 -6.11248
-0.436627 -6.1127
-0.428628 -6.11265
-0.420628 -6.1127
-0.416628 -6.11273
-0.412628 -6.11277
-0.40863 -6.11244
-0.404631 -6.11212
-0.40063 -6.11245
-0.396629 -6.11278
-0.38863 -6.11269
-0.384631 -6.11235
-0.380633 -6.112
-0.376632 -6.11235
-0.372631 -6.11271
-0.368631 -6.1126
-0.364632 -6.11249
-0.360632 -6.11256
-0.356632 -6.11262
-0.352633 -6.1125
-0.348633 -6.11238
-0.340634 -6.11233
-0.336634 -6.11237
-0.332634 -6.11242
-0.328635 -6.11224
-0.324636 -6.11206
-0.320636 -6.11215
-0.316635 -6.11224
-0.312636 -6.11204
-0.308637 -6.11184
-0.300638 -6.1118
-0.292638 -6.1118
-0.288639 -6.11183
-0.284639 -6.11187
-0.280639 -6.1118
-0.276639 -6.11174
-0.27264 -6.11179
-0.26864 -6.11184
-0.26464 -6.11171
-0.260641 -6.11158
-0.252641 -6.11161
-0.248641 -6.1117
-0.244641 -6.11179
-0.240641 -6.11189
-0.236641 -6.112
-0.232641 -6.11208
-0.22864 -6.11216
-0.224641 -6.112
-0.220642 -6.11183
-0.216643 -6.11171
-0.212643 -6.11159
-0.208643 -6.11176
-0.204643 -6.11194
-0.200643 -6.11177
-0.196644 -6.1116
-0.192645 -6.1115
-0.188645 -6.11139
-0.184645 -6.11158
-0.180644 -6.11178
-0.176646 -6.11154
-0.172647 -6.1113
-0.168646 -6.11161
-0.164645 -6.11191
-0.160646 -6.11161
-0.156647 -6.11131
-0.152647 -6.11152
-0.148646 -6.11173
-0.140647 -6.11175
-0.132647 -6.11169
-0.128648 -6.11146
-0.124649 -6.11124
-0.120649 -6.11146
-0.116648 -6.11169
-0.112649 -6.11153
-0.10865 -6.11137
-0.100651 -6.11128
-0.096651 -6.1112
-0.0926515 -6.11112
-0.084652 -6.11111
-0.0806516 -6.11128
-0.0766512 -6.11145
-0.0726525 -6.11115
-0.0686539 -6.11084
-0.0646537 -6.11093
-0.0606536 -6.11102
-0.0566529 -6.11127
-0.0526522 -6.11152
-0.0446528 -6.11147
-0.0406536 -6.11132
-0.0366543 -6.11118
-0.0326551 -6.11103
-0.0286558 -6.11088
-0.0206565 -6.1108
-0.0166562 -6.11096
-0.0126558 -6.11111
-0.00865566 -6.11121
-0.00465548 -6.11132
-0.000656966 -6.11098
0.00334155 -6.11063
0.00734257 -6.11097
0.0113436 -6.1113
0.015343 -6.11119
0.0193424 -6.11108
0.0233413 -6.11086
0.0273403 -6.11064
0.0313397 -6.11053
0.0353391 -6.11043
0.0393392 -6.11053
0.0433394 -6.11063
0.0473397 -6.11077
0.05134 -6.11091
0.0593397 -6.11094
0.0673391 -6.11088
0.0713379 -6.11062
0.0753367 -6.11036
0.0793376 -6.11064
0.0833384 -6.11093
0.087337 -6.1106
0.0913355 -6.11027
0.0953364 -6.11056
0.0993373 -6.11085
0.103337 -6.11071
0.107336 -6.11056
0.111336 -6.1107
0.115336 -6.11083
0.119335 -6.11058
0.123334 -6.11033
0.127335 -6.11051
0.131335 -6.11068
0.135334 -6.11052
0.139333 -6.11036
0.143333 -6.11041
0.147333 -6.11045
0.151333 -6.11033
0.155332 -6.1102
0.159332 -6.11038
0.163333 -6.11055
0.167332 -6.11036
0.171331 -6.11017
0.175332 -6.1104
0.179332 -6.11062
0.183331 -6.11031
0.187329 -6.11
0.19133 -6.11023
0.195331 -6.11045
0.199331 -6.11052
0.203331 -6.1106
0.21133 -6.11049
0.215329 -6.11037
0.219329 -6.11025
0.223329 -6.11031
0.227329 -6.11038
0.231328 -6.11015
0.235327 -6.10992
0.239327 -6.10996
0.243326 -6.10999
0.247327 -6.11014
0.251327 -6.11028
0.255327 -6.11032
0.259327 -6.11036
0.267326 -6.11032
0.275326 -6.11032
0.279325 -6.11018
0.283324 -6.11003
0.291324 -6.11001
0.295323 -6.10991
0.299323 -6.10981
0.303323 -6.10998
0.307324 -6.11014
0.315323 -6.11016
0.319322 -6.10994
0.323321 -6.10972
0.331321 -6.10966
0.335321 -6.10971
0.339321 -6.10977
0.34332 -6.10964
0.347319 -6.10951
0.351319 -6.10966
0.35532 -6.10981
0.359319 -6.10968
0.363318 -6.10956
0.367318 -6.10962
0.371319 -6.10969
0.375317 -6.10943
0.379316 -6.10917
0.383317 -6.10933
0.387317 -6.10948
0.391317 -6.10957
0.395317 -6.10966
0.403317 -6.10964
0.407315 -6.10936
0.411314 -6.10908
0.415314 -6.10922
0.419315 -6.10937
0.423315 -6.10947
0.427315 -6.10958
0.431314 -6.10933
0.435313 -6.10909
0.439313 -6.10915
0.443313 -6.10921
0.451312 -6.10915
0.455312 -6.10906
0.459311 -6.10897
0.463311 -6.10911
0.467312 -6.10926
0.475311 -6.10917
0.479312 -6.10935
0.483312 -6.10952
0.487311 -6.10921
0.491309 -6.10891
0.49531 -6.10913
0.49931 -6.10935
0.50731 -6.10924
0.511309 -6.10916
0.515309 -6.10907
0.523308 -6.1091
0.527308 -6.109
0.531307 -6.10891
0.535306 -6.10876
0.539306 -6.1086
0.543306 -6.10865
0.547305 -6.10869
0.551306 -6.10881
0.555306 -6.10894
0.559305 -6.10875
0.563304 -6.10857
0.567305 -6.10886
0.571306 -6.10916
0.575305 -6.109
0.579304 -6.10885
0.583304 -6.10869
0.587303 -6.10854
0.591303 -6.10861
0.595303 -6.10867
0.603302 -6.10856
0.607303 -6.10882
0.611303 -6.10907
0.615302 -6.10884
0.619301 -6.1086
0.623301 -6.10853
0.6273 -6.10846
0.6353 -6.1085
0.643299 -6.10841
0.6473 -6.10861
0.6513 -6.10881
0.655299 -6.10848
0.659298 -6.10816
0.663297 -6.10819
0.667297 -6.10822
0.675297 -6.10811
0.679297 -6.10817
0.683297 -6.10823
0.687297 -6.10833
0.691297 -6.10843
0.695296 -6.10836
0.699296 -6.10829
0.707295 -6.10826
0.715295 -6.1083
0.719295 -6.10845
0.723296 -6.10861
0.727295 -6.10843
0.731294 -6.10825
0.735294 -6.10819
0.739293 -6.10812
0.743294 -6.10833
0.747294 -6.10853
0.751293 -6.10838
0.755293 -6.10822
0.759292 -6.10799
0.763291 -6.10776
0.767291 -6.10791
0.771291 -6.10806
0.779291 -6.1081
0.787291 -6.10812
0.79529 -6.10809
0.799289 -6.10783
0.803288 -6.10757
0.807288 -6.10772
0.811288 -6.10786
0.815289 -6.108
0.819289 -6.10814
0.823288 -6.10792
0.827287 -6.10771
0.831287 -6.10777
0.835287 -6.10783
0.843287 -6.10785
0.847286 -6.10762
0.851285 -6.10739
0.855285 -6.10769
0.859286 -6.10798
0.867286 -6.10797
0.875286 -6.10802
0.879284 -6.10769
0.883283 -6.10736
0.887284 -6.10766
0.891285 -6.10796
0.895284 -6.1079
0.899284 -6.10783
0.907283 -6.10773
0.911282 -6.10766
0.915282 -6.10758
0.923282 -6.10762
0.92728 -6.10739
0.931279 -6.10716
0.93528 -6.10738
0.939281 -6.1076
0.94328 -6.10738
0.947279 -6.10716
0.951279 -6.10747
0.95528 -6.10778
0.95928 -6.10771
0.96328 -6.10765
0.971279 -6.1077
0.975279 -6.10762
0.979278 -6.10754
0.983277 -6.10732
0.987276 -6.10709
0.991277 -6.10724
0.995277 -6.10739
0.999276 -6.10722
1.00328 -6.10705
1.00728 -6.10716
1.01128 -6.10726
1.01527 -6.1071
1.01927 -6.10695
1.02327 -6.10715
1.02728 -6.10735
1.03527 -6.10725
1.04327 -6.1072
1.04727 -6.10706
1.05127 -6.10692
1.05527 -6.10682
1.05927 -6.10672
1.06327 -6.10683
1.06727 -6.10694
1.07127 -6.10699
1.07527 -6.10704
1.08327 -6.10707
1.08727 -6.10699
1.09127 -6.10691
1.09527 -6.1068
1.09927 -6.10669
1.10327 -6.10657
1.10727 -6.10644
1.11127 -6.1065
1.11527 -6.10655
1.12327 -6.10659
1.12727 -6.10653
1.13127 -6.10646
1.13527 -6.10671
1.13927 -6.10696
1.14327 -6.10687
1.14727 -6.10677
1.15127 -6.10658
1.15526 -6.10638
1.15927 -6.10667
1.16327 -6.10695
1.16727 -6.10666
1.17126 -6.10637
1.17526 -6.1066
1.17927 -6.10684
1.18326 -6.10674
1.18726 -6.10664
1.19126 -6.10642
1.19526 -6.10621
1.19926 -6.10639
1.20326 -6.10658
1.20726 -6.10669
1.21126 -6.1068
1.21526 -6.10649
1.21926 -6.10619
1.22326 -6.10612
1.22726 -6.10605
1.23126 -6.10614
1.23526 -6.10622
1.23926 -6.10634
1.24326 -6.10647
1.24726 -6.10658
1.25126 -6.10668
1.25526 -6.10651
1.25926 -6.10634
1.26726 -6.10627
1.27126 -6.1063
1.27526 -6.10633
1.27926 -6.10612
1.28326 -6.10591
1.29126 -6.10589
1.29526 -6.10614
1.29926 -6.1064
1.30326 -6.10622
1.30726 -6.10604
1.31125 -6.10591
1.31525 -6.10579
1.32325 -6.10568
1.32725 -6.10579
1.33125 -6.1059
1.33525 -6.10605
1.33925 -6.1062
1.34725 -6.10623
1.35125 -6.10595
1.35525 -6.10567
1.36325 -6.1057
1.36725 -6.10592
1.37125 -6.10614
1.37525 -6.10601
1.37925 -6.10588
1.38325 -6.10595
1.38725 -6.10602
1.39125 -6.10579
1.39525 -6.10556
1.40325 -6.10557
1.40725 -6.10577
1.41125 -6.10597
1.41525 -6.10581
1.41925 -6.10565
1.42325 -6.1057
1.42725 -6.10575
1.43125 -6.10563
1.43525 -6.10551
1.43925 -6.10556
1.44325 -6.10561
1.44725 -6.10548
1.45125 -6.10535
1.45525 -6.10556
1.45925 -6.10577
1.46325 -6.10556
1.46724 -6.10535
1.47124 -6.10554
1.47525 -6.10574
1.47924 -6.10546
1.48324 -6.10517
1.48724 -6.10538
1.49124 -6.10559
1.49524 -6.10545
1.49924 -6.10531
1.50324 -6.10522
1.50724 -6.10513
1.51124 -6.10534
1.51524 -6.10555
1.51924 -6.10559
1.52324 -6.10563
1.52724 -6.10543
1.53124 -6.10524
1.53524 -6.10511
1.53924 -6.10499
1.54324 -6.10513
1.54724 -6.10527
1.55124 -6.10503
1.55524 -6.10479
1.55924 -6.10502
1.56324 -6.10526
1.56724 -6.10503
1.57124 -6.1048
1.57924 -6.1047
1.58324 -6.10494
1.58724 -6.10518
1.59124 -6.10501
1.59524 -6.10484
1.60323 -6.10478
1.60724 -6.10506
1.61124 -6.10533
1.61524 -6.10521
1.61924 -6.10509
1.62323 -6.10493
1.62723 -6.10477
1.63523 -6.10474
1.63923 -6.10496
1.64323 -6.10518
1.64723 -6.10511
1.65123 -6.10503
1.65523 -6.10495
1.65923 -6.10487
1.66323 -6.10465
1.66723 -6.10443
1.67123 -6.10446
1.67523 -6.10449
1.67923 -6.10475
1.68323 -6.105
1.68723 -6.10479
1.69123 -6.10458
1.69923 -6.10449
1.70323 -6.10468
1.70723 -6.10487
1.71123 -6.10477
1.71523 -6.10468
1.71923 -6.10478
1.72323 -6.10488
1.72723 -6.10482
1.73123 -6.10475
1.73523 -6.10465
1.73923 -6.10456
1.74323 -6.10467
1.74723 -6.10479
1.75123 -6.1046
1.75523 -6.1044
1.75922 -6.10427
1.76322 -6.10415
1.76722 -6.10423
1.77122 -6.10432
1.77922 -6.10436
1.78322 -6.10422
1.78722 -6.10408
1.79122 -6.10419
1.79522 -6.1043
1.80322 -6.10432
1.80722 -6.10417
1.81122 -6.10403
1.81522 -6.10391
1.81922 -6.10379
1.82322 -6.10391
1.82722 -6.10403
1.83122 -6.10413
1.83522 -6.10424
1.83922 -6.10399
1.84322 -6.10374
1.85122 -6.10369
1.85522 -6.10383
1.85922 -6.10397
1.86322 -6.10379
1.86722 -6.10361
1.87522 -6.10359
1.87922 -6.1039
1.88322 -6.10422
1.89122 -6.1041
1.89522 -6.1038
1.89921 -6.10349
1.90321 -6.10362
1.90721 -6.10375
1.91121 -6.10365
1.91521 -6.10355
1.92321 -6.10348
1.92721 -6.1036
1.93121 -6.10371
1.93921 -6.10368
1.94321 -6.10354
1.94721 -6.10341
1.95521 -6.1033
1.95921 -6.10348
1.96321 -6.10366
1.96721 -6.10372
1.97121 -6.10379
1.97521 -6.10387
1.97921 -6.10395
1.98321 -6.10359
1.98721 -6.10323
1.99121 -6.10357
1.99521 -6.1039
1.99921 -6.10368
2.00321 -6.10346
2.00721 -6.10361
2.01121 -6.10376
2.01521 -6.10343
2.01921 -6.1031
2.02321 -6.10329
2.02721 -6.10349
2.03121 -6.10334
2.03521 -6.10319
2.03921 -6.10308
2.0432 -6.10296
2.04721 -6.10309
2.05121 -6.10322
2.05521 -6.10335
2.05921 -6.10348
2.06721 -6.1034
2.0752 -6.10336
2.0792 -6.10346
2.0832 -6.10356
2.0872 -6.1032
2.0912 -6.10283
2.0952 -6.10289
2.0992 -6.10295
2.1032 -6.10322
2.1072 -6.1035
2.1112 -6.10317
2.1152 -6.10284
2.1192 -6.10296
2.1232 -6.10307
2.1272 -6.10287
2.1312 -6.10267
2.1392 -6.10265
2.1432 -6.10279
2.1472 -6.10292
2.1512 -6.10297
2.1552 -6.10301
2.1592 -6.10314
2.1632 -6.10328
2.1672 -6.1029
2.1712 -6.10253
2.1752 -6.10259
2.1792 -6.10266
2.1832 -6.10285
2.1872 -6.10303
2.1912 -6.10273
2.19519 -6.10244
2.19919 -6.1025
2.20319 -6.10256
2.2072 -6.10278
2.2112 -6.10301
2.2192 -6.10304
2.22319 -6.10276
2.22719 -6.10249
2.23119 -6.10259
2.23519 -6.1027
2.23919 -6.10277
2.24319 -6.10285
2.24719 -6.10288
2.25119 -6.10291
2.25519 -6.10257
2.25919 -6.10224
2.26319 -6.10232
2.26719 -6.1024
2.2712 -6.10256
2.2752 -6.10271
2.28001 -6.10212
2.28487 -6.10223
2.28966 -6.1016
2.29434 -6.1004
2.29913 -6.09964
2.30381 -6.09838
2.3084 -6.0969
2.31285 -6.095
2.31662 -6.09364
2.32039 -6.09228
2.32405 -6.09068
2.32772 -6.08908
2.33141 -6.08753
2.3351 -6.08599
2.3387 -6.08423
2.3423 -6.08248
2.34601 -6.08098
2.34972 -6.07948
2.35355 -6.07827
2.35737 -6.07706
2.36104 -6.07545
2.3647 -6.07384
2.36836 -6.07221
2.37202 -6.07059
2.37566 -6.06894
2.3793 -6.06728
2.38308 -6.06594
2.38685 -6.06459
2.39047 -6.06288
2.39409 -6.06116
2.39781 -6.0597
2.40153 -6.05823
2.40892 -6.05516
2.41264 -6.05368
2.41635 -6.0522
2.42003 -6.05062
2.4237 -6.04903
2.42747 -6.04768
2.43124 -6.04633
2.43491 -6.04473
2.43858 -6.04314
2.44225 -6.04157
2.44593 -6.04
2.4497 -6.03863
2.45346 -6.03726
2.45707 -6.03554
2.46069 -6.03381
2.46809 -6.03076
2.4719 -6.02953
2.47572 -6.0283
2.47941 -6.02675
2.4831 -6.02521
2.48671 -6.02347
2.49032 -6.02173
2.49403 -6.02024
2.49775 -6.01875
2.50155 -6.01748
2.50535 -6.0162
2.50898 -6.01452
2.51262 -6.01285
2.51629 -6.01125
2.51995 -6.00965
2.52374 -6.00833
2.52752 -6.00701
2.53117 -6.00536
2.53481 -6.00372
2.53855 -6.00227
2.54228 -6.00083
2.5459 -5.99913
2.54953 -5.99743
2.55322 -5.99589
2.55691 -5.99435
2.56069 -5.99301
2.56446 -5.99168
2.5681 -5.99001
2.57174 -5.98834
2.57552 -5.98701
2.57929 -5.98567
2.58292 -5.98399
2.58656 -5.9823
2.59032 -5.98093
2.59408 -5.97956
2.59774 -5.97794
2.6014 -5.97633
2.60514 -5.97491
2.60888 -5.9735
2.61256 -5.97191
2.61623 -5.97033
2.61998 -5.96892
2.62372 -5.96751
2.62736 -5.96583
2.63099 -5.96415
2.63473 -5.96272
2.63846 -5.96128
2.64217 -5.95979
2.64589 -5.9583
2.64951 -5.95659
2.65313 -5.95488
2.65687 -5.95347
2.66062 -5.95206
2.66437 -5.95067
2.66813 -5.94929
2.67179 -5.94766
2.67544 -5.94604
2.67906 -5.94431
2.68267 -5.94259
2.68639 -5.9411
2.6901 -5.93961
2.69385 -5.93821
2.6976 -5.93681
2.70128 -5.93524
2.70495 -5.93366
2.70873 -5.93232
2.7125 -5.93098
2.71617 -5.92938
2.71983 -5.92778
2.72348 -5.92612
2.72712 -5.92447
2.73081 -5.92291
2.73449 -5.92135
2.7383 -5.92009
2.74211 -5.91884
2.74582 -5.91735
2.74953 -5.91586
2.75321 -5.91429
2.75689 -5.91272
2.76047 -5.91091
2.76405 -5.90911
2.76779 -5.90768
2.77153 -5.90626
2.77529 -5.90487
2.77904 -5.90348
2.78268 -5.90181
2.78632 -5.90014
2.79002 -5.89863
2.79373 -5.89713
2.79739 -5.8955
2.80104 -5.89387
2.80487 -5.89266
2.80869 -5.89144
2.81229 -5.88968
2.81589 -5.88792
2.81966 -5.88656
2.82342 -5.88519
2.82715 -5.88374
2.83088 -5.8823
2.83446 -5.88049
2.83804 -5.87869
2.84181 -5.87733
2.84558 -5.87598
2.84931 -5.87452
2.85303 -5.87307
2.85668 -5.87141
2.86032 -5.86976
2.86398 -5.86813
2.86763 -5.8665
2.87138 -5.8651
2.87513 -5.8637
2.87884 -5.86221
2.88256 -5.86072
2.8862 -5.85906
2.88984 -5.85741
2.89359 -5.856
2.89734 -5.85459
2.90109 -5.85321
2.90485 -5.85182
2.90848 -5.85014
2.91211 -5.84846
2.91588 -5.8471
2.91964 -5.84573
2.92335 -5.84423
2.92706 -5.84273
2.9307 -5.84106
2.93434 -5.8394
2.93809 -5.838
2.94183 -5.8366
2.94545 -5.83486
2.94906 -5.83312
2.95278 -5.83165
2.9565 -5.83018
2.96029 -5.82888
2.96408 -5.82758
2.97147 -5.82452
2.97513 -5.82292
2.9788 -5.82132
2.9862 -5.81828
2.98992 -5.81681
2.99365 -5.81534
2.99737 -5.81389
3.0011 -5.81243
3.00477 -5.81085
3.00845 -5.80927
3.01208 -5.80758
3.01571 -5.80589
3.0195 -5.80457
3.02329 -5.80325
3.02704 -5.80102
3.03113 -5.79948
3.03472 -5.797
3.03878 -5.79529
3.04232 -5.79277
3.04567 -5.78998
3.04883 -5.78699
3.05224 -5.78432
3.05535 -5.7818
3.05846 -5.77928
3.06443 -5.77395
3.06723 -5.7711
3.07004 -5.76824
3.07585 -5.76275
3.08199 -5.75763
3.08776 -5.75209
3.09087 -5.74958
3.09399 -5.74706
3.09991 -5.74169
3.10563 -5.7361
3.10871 -5.73355
3.11179 -5.731
3.1176 -5.72551
3.12337 -5.71998
3.12921 -5.71452
3.13517 -5.7092
3.14118 -5.70392
3.14697 -5.69841
3.15303 -5.69319
3.15875 -5.6876
3.16461 -5.68217
3.16771 -5.67963
3.1708 -5.67709
3.17686 -5.67188
3.18271 -5.66643
3.18551 -5.66357
3.18831 -5.66071
3.19425 -5.65536
3.19734 -5.65282
3.20043 -5.65028
3.20322 -5.64741
3.20602 -5.64454
3.21208 -5.63933
3.21801 -5.63397
3.22404 -5.62873
3.22981 -5.62319
3.23588 -5.61798
3.2387 -5.61515
3.24152 -5.61231
3.24749 -5.60699
3.25352 -5.60174
3.25921 -5.59612
3.26508 -5.59069
3.26825 -5.58825
3.27143 -5.5858
3.27416 -5.58286
3.27688 -5.57992
3.28287 -5.57462
3.28896 -5.56944
3.29205 -5.56689
3.29513 -5.56434
3.30102 -5.55894
3.30379 -5.55605
3.30656 -5.55315
3.31259 -5.54791
3.31844 -5.54245
3.32445 -5.53719
3.32753 -5.53463
3.33061 -5.53208
3.33633 -5.52649
3.33915 -5.52365
3.34196 -5.5208
3.34801 -5.51557
3.35115 -5.51309
3.35429 -5.5106
3.36013 -5.50515
3.36603 -5.49975
3.36884 -5.4969
3.37164 -5.49405
3.37776 -5.48889
3.38366 -5.4835
3.38975 -5.47831
3.39564 -5.47292
3.40148 -5.46746
3.40748 -5.46218
3.41029 -5.45933
3.4131 -5.45648
3.41883 -5.4509
3.42202 -5.44847
3.42522 -5.44604
3.43118 -5.44072
3.43388 -5.43775
3.43659 -5.43479
3.44249 -5.4294
3.44564 -5.42692
3.44879 -5.42444
3.45161 -5.42161
3.45444 -5.41878
3.46046 -5.41352
3.4664 -5.40817
3.4724 -5.40288
3.47833 -5.39753
3.48402 -5.39191
3.48999 -5.38659
3.49601 -5.38134
3.5018 -5.37582
3.50786 -5.37061
3.51357 -5.36501
3.51668 -5.36248
3.51979 -5.35996
3.52256 -5.35707
3.52534 -5.35419
3.52849 -5.35171
3.53163 -5.34923
3.53745 -5.34374
3.54342 -5.33843
3.54913 -5.33283
3.55491 -5.32731
3.56087 -5.32198
3.56698 -5.31682
3.57305 -5.31162
3.57583 -5.30874
3.57862 -5.30586
3.5817 -5.30331
3.58479 -5.30076
3.59059 -5.29526
3.59367 -5.29272
3.59676 -5.29017
3.60268 -5.2848
3.60543 -5.28189
3.60818 -5.27897
3.61422 -5.27374
3.6173 -5.27118
3.62037 -5.26862
3.62623 -5.26318
3.62901 -5.26029
3.63178 -5.2574
3.6349 -5.25489
3.63803 -5.25239
3.64385 -5.24691
3.64988 -5.24167
3.6559 -5.2364
3.65869 -5.23353
3.66147 -5.23066
3.66457 -5.22812
3.66766 -5.22558
3.67043 -5.22268
3.67319 -5.21979
3.67911 -5.21441
3.685 -5.209
3.69092 -5.20364
3.69413 -5.20123
3.69734 -5.19882
3.70015 -5.19597
3.70295 -5.19311
3.70867 -5.18752
3.71461 -5.18218
3.71772 -5.17965
3.72083 -5.17713
3.72657 -5.17157
3.7297 -5.16907
3.73283 -5.16656
3.73564 -5.16372
3.73845 -5.16087
3.74455 -5.1557
3.7504 -5.15026
3.75613 -5.14467
3.75925 -5.14216
3.76237 -5.13966
3.76518 -5.13681
3.76799 -5.13396
3.774 -5.12868
3.77974 -5.12312
3.78556 -5.11764
3.78868 -5.11513
3.7918 -5.11262
3.79764 -5.10716
3.80357 -5.1018
3.80702 -5.09858
3.81028 -5.09516
3.81293 -5.09123
3.81606 -5.08772
3.81916 -5.08412
3.82122 -5.07986
3.82404 -5.07603
3.82644 -5.07193
3.82761 -5.06729
3.83018 -5.06323
3.83132 -5.05864
3.83261 -5.05411
3.83366 -5.04951
3.83519 -5.04498
3.83566 -5.04029
3.83594 -5.03557
3.83611 -5.03086
3.83603 -5.02615
3.83615 -5.02214
3.83628 -5.01814
3.83597 -5.01415
3.83567 -5.01015
3.83598 -5.00615
3.83629 -5.00214
3.83613 -4.99815
3.83597 -4.99415
3.83585 -4.98615
3.83558 -4.97816
3.83566 -4.97416
3.83575 -4.97016
3.83557 -4.96216
3.8355 -4.95416
3.83504 -4.95017
3.83457 -4.94618
3.8349 -4.94217
3.83522 -4.93817
3.83503 -4.93417
3.83483 -4.93017
3.83457 -4.92618
3.83431 -4.92218
3.83421 -4.91419
3.83414 -4.90619
3.83396 -4.89819
3.8341 -4.89419
3.83423 -4.89019
3.83404 -4.88619
3.83385 -4.8822
3.83389 -4.87819
3.83393 -4.87419
3.83362 -4.8702
3.83331 -4.86621
3.83344 -4.8622
3.83357 -4.8582
3.83364 -4.8542
3.83371 -4.8502
3.83364 -4.8422
3.83348 -4.83821
3.83333 -4.83421
3.83314 -4.83021
3.83295 -4.82622
3.83269 -4.81822
3.83252 -4.81422
3.83234 -4.81023
3.83244 -4.80623
3.83254 -4.80222
3.83235 -4.79823
3.83215 -4.79423
3.83217 -4.79023
3.83219 -4.78623
3.83211 -4.77823
3.83216 -4.77423
3.83221 -4.77023
3.83199 -4.76555
3.83166 -4.76086
3.8311 -4.7562
3.82975 -4.75169
3.82868 -4.74713
3.82759 -4.74258
3.82589 -4.73821
3.82427 -4.73385
3.82277 -4.72938
3.82052 -4.72526
3.81845 -4.72104
3.81555 -4.71734
3.81337 -4.71313
3.81041 -4.70948
3.80722 -4.70604
3.8043 -4.70234
3.80067 -4.69936
3.79729 -4.69612
3.79129 -4.69085
3.785 -4.68591
3.78216 -4.68309
3.77932 -4.68026
3.77305 -4.6753
3.76721 -4.66985
3.76116 -4.66464
3.75506 -4.65948
3.74908 -4.65418
3.74299 -4.64902
3.7367 -4.64408
3.73062 -4.6389
3.72446 -4.63381
3.72166 -4.63095
3.71885 -4.62808
3.71567 -4.62566
3.71248 -4.62324
3.70633 -4.61815
3.70031 -4.6129
3.69744 -4.61011
3.69457 -4.60732
3.68838 -4.60227
3.68241 -4.59696
3.67626 -4.59186
3.67038 -4.58645
3.66718 -4.58404
3.66399 -4.58163
3.65813 -4.5762
3.65203 -4.57104
3.64584 -4.56599
3.63997 -4.56057
3.6339 -4.55537
3.62781 -4.55021
3.62158 -4.54521
3.61564 -4.53986
3.60958 -4.53466
3.60361 -4.52935
3.59779 -4.52387
3.59147 -4.51897
3.58533 -4.51385
3.57933 -4.50859
3.57336 -4.50328
3.56707 -4.49834
3.56423 -4.49552
3.56138 -4.4927
3.55815 -4.49034
3.55492 -4.48797
3.55204 -4.4852
3.54916 -4.48242
3.54281 -4.47755
3.53701 -4.47205
3.53119 -4.46656
3.52801 -4.46414
3.52483 -4.46172
3.51881 -4.45647
3.51297 -4.45101
3.50977 -4.4486
3.50658 -4.44618
3.50077 -4.44069
3.4948 -4.43539
3.49161 -4.43297
3.48842 -4.43056
3.48559 -4.42773
3.48275 -4.4249
3.47649 -4.41993
3.47023 -4.41496
3.46447 -4.40941
3.45847 -4.40414
3.45248 -4.39885
3.44928 -4.39645
3.44608 -4.39405
3.44322 -4.39125
3.44036 -4.38845
3.43404 -4.38354
3.428 -4.37832
3.42178 -4.37331
3.41892 -4.3705
3.41607 -4.3677
3.41286 -4.36531
3.40964 -4.36292
3.40364 -4.35765
3.40078 -4.35485
3.39792 -4.35205
3.39473 -4.34963
3.39155 -4.34721
3.38871 -4.34438
3.38588 -4.34155
3.37979 -4.33638
3.37345 -4.33151
3.36726 -4.32646
3.36123 -4.32122
3.35526 -4.31591
3.3524 -4.31312
3.34953 -4.31033
3.34326 -4.30537
3.33699 -4.30041
3.33102 -4.29511
3.32816 -4.2923
3.3253 -4.2895
3.31913 -4.28442
3.31293 -4.27938
3.30704 -4.27399
3.30092 -4.26885
3.29469 -4.26385
3.28872 -4.25855
3.28257 -4.25344
3.27658 -4.24816
3.27051 -4.24297
3.2644 -4.23782
3.25848 -4.23246
3.25225 -4.22746
3.24628 -4.22214
3.24344 -4.21932
3.2406 -4.2165
3.23736 -4.21415
3.23412 -4.21179
3.22836 -4.20624
3.22233 -4.201
3.21617 -4.19592
3.21017 -4.19064
3.20402 -4.18555
3.19771 -4.18063
3.19179 -4.17527
3.18579 -4.17
3.17975 -4.16476
3.17374 -4.15951
3.16748 -4.15453
3.16152 -4.14922
3.15865 -4.14643
3.15578 -4.14364
3.14964 -4.13853
3.14643 -4.13614
3.14322 -4.13375
3.13721 -4.12849
3.13136 -4.12305
3.12522 -4.11793
3.1193 -4.11256
3.11324 -4.10737
3.10721 -4.10212
3.10098 -4.09712
3.095 -4.09182
3.08896 -4.08659
3.08306 -4.08121
3.07686 -4.07617
3.07058 -4.07122
3.06778 -4.06835
3.06498 -4.06549
3.05898 -4.06022
3.05282 -4.05513
3.04665 -4.05005
3.04054 -4.04491
3.03453 -4.03965
3.0283 -4.03464
3.02243 -4.02922
3.01641 -4.02396
3.01012 -4.01903
3.00728 -4.01621
3.00444 -4.01339
2.99811 -4.0085
2.99212 -4.00322
2.98598 -3.99811
2.98312 -3.99531
2.98025 -3.99252
2.97412 -3.9874
2.96808 -3.98217
2.96189 -3.97713
2.95598 -3.97174
2.95279 -3.96932
2.94961 -3.96691
2.94674 -3.96412
2.94387 -3.96133
2.93752 -3.95646
2.93151 -3.9512
2.9255 -3.94594
2.9196 -3.94055
2.91338 -3.93553
2.90727 -3.93039
2.90125 -3.92515
2.89538 -3.91972
2.88906 -3.91481
2.8862 -3.91202
2.88333 -3.90923
2.87701 -3.90433
2.87091 -3.89917
2.86498 -3.89382
2.85874 -3.88883
2.85279 -3.8835
2.84668 -3.87835
2.84087 -3.87286
2.83483 -3.86764
2.82855 -3.86269
2.82241 -3.85758
2.81631 -3.85242
2.81353 -3.84953
2.81075 -3.84664
2.80451 -3.84164
2.79865 -3.83621
2.79247 -3.83115
2.78639 -3.82596
2.78045 -3.82062
2.77435 -3.81547
2.77117 -3.81304
2.76798 -3.81062
2.76218 -3.80511
2.7559 -3.80017
2.74991 -3.79489
2.74411 -3.78938
2.73791 -3.78434
2.73156 -3.77948
2.7287 -3.77667
2.72585 -3.77387
2.71985 -3.7686
2.71376 -3.76343
2.70778 -3.75813
2.70149 -3.7532
2.69563 -3.74776
2.68963 -3.74249
2.68646 -3.74006
2.68328 -3.73762
2.6775 -3.73209
2.67146 -3.72687
2.66515 -3.72196
2.65919 -3.71664
2.6533 -3.71124
2.64699 -3.70633
2.64103 -3.70101
2.63478 -3.69602
2.63194 -3.69321
2.62909 -3.69039
2.62295 -3.68529
2.61974 -3.68289
2.61653 -3.6805
2.61075 -3.67497
2.60475 -3.6697
2.59863 -3.66457
2.59269 -3.65923
2.5867 -3.65394
2.58348 -3.65156
2.58026 -3.64917
2.57437 -3.64378
2.56827 -3.63862
2.56251 -3.63307
2.55647 -3.62785
2.55328 -3.62542
2.5501 -3.623
2.54422 -3.61759
2.54103 -3.61517
2.53785 -3.61275
2.5318 -3.60754
2.52573 -3.60235
2.51996 -3.59681
2.51371 -3.59182
2.51088 -3.58899
2.50804 -3.58617
2.50486 -3.58374
2.50167 -3.58132
2.49587 -3.57581
2.48976 -3.57067
2.48656 -3.56826
2.48336 -3.56586
2.47742 -3.56052
2.47138 -3.5553
2.46533 -3.55009
2.45933 -3.54481
2.45307 -3.53984
2.4472 -3.53442
2.44112 -3.52924
2.43503 -3.52407
2.42922 -3.51857
2.42601 -3.51618
2.4228 -3.51379
2.41995 -3.51098
2.4171 -3.50817
2.41114 -3.50286
2.40492 -3.49784
2.39863 -3.49289
2.39288 -3.48734
2.38682 -3.48214
2.38074 -3.47696
2.37479 -3.47163
2.36878 -3.46637
2.36259 -3.46132
2.35669 -3.45592
2.35054 -3.45082
2.34436 -3.44576
2.33823 -3.44064
2.33197 -3.43567
2.32609 -3.43025
2.32015 -3.42491
2.31421 -3.41957
2.30806 -3.41448
2.30207 -3.40919
2.29595 -3.40406
2.28988 -3.39887
2.28391 -3.39356
2.27765 -3.3886
2.27147 -3.38352
2.26865 -3.38068
2.26583 -3.37784
2.26265 -3.37541
2.25948 -3.37298
2.25368 -3.36746
2.24762 -3.36226
2.24152 -3.3571
2.23532 -3.35206
2.22915 -3.34699
2.22333 -3.34151
2.21744 -3.33612
2.21122 -3.3311
2.20518 -3.32587
2.19921 -3.32056
2.19295 -3.31559
2.18706 -3.31019
2.18081 -3.30521
2.175 -3.29971
2.16895 -3.29451
2.16263 -3.2896
2.15664 -3.28431
2.15043 -3.27929
2.14447 -3.27397
2.13855 -3.26861
2.13245 -3.26345
2.12658 -3.25803
2.12333 -3.25568
2.12008 -3.25333
2.11723 -3.25052
2.11439 -3.2477
2.10831 -3.24252
2.10218 -3.2374
2.09615 -3.23216
2.0902 -3.22683
2.08403 -3.22176
2.07776 -3.2168
2.07489 -3.21401
2.07202 -3.21123
2.06882 -3.20882
2.06563 -3.20641
2.05975 -3.201
2.05381 -3.19565
2.0478 -3.19039
2.04172 -3.1852
2.03546 -3.18024
2.02953 -3.17489
2.02357 -3.16957
2.01735 -3.16455
2.01115 -3.15951
2.00525 -3.15412
1.999 -3.14914
1.99622 -3.14624
1.99344 -3.14335
1.98735 -3.13819
1.98105 -3.13326
1.97516 -3.12787
1.96882 -3.12299
1.96297 -3.11754
1.95676 -3.11251
1.95099 -3.10698
1.94464 -3.1021
1.93886 -3.09658
1.93564 -3.0942
1.93242 -3.09182
1.92644 -3.08653
1.92361 -3.08369
1.92079 -3.08085
1.91455 -3.07585
1.90839 -3.07076
1.90215 -3.06577
1.89622 -3.06041
1.89044 -3.05489
1.88415 -3.04995
1.87836 -3.04444
1.87231 -3.03922
1.8691 -3.03683
1.86589 -3.03444
1.85978 -3.0293
1.8569 -3.02651
1.85403 -3.02373
1.84779 -3.01874
1.84187 -3.01337
1.83593 -3.00803
1.82972 -3.003
1.82377 -2.99766
1.81782 -2.99234
1.81458 -2.98998
1.81135 -2.98762
1.80537 -2.98232
1.79923 -2.97721
1.79341 -2.97172
1.78733 -2.96654
1.78118 -2.96145
1.77533 -2.956
1.76913 -2.95097
1.76313 -2.94569
1.75733 -2.94018
1.75108 -2.9352
1.74478 -2.93028
1.73889 -2.92488
1.73286 -2.91964
1.72688 -2.91435
1.72072 -2.90926
1.7149 -2.90378
1.70871 -2.89873
1.70261 -2.89357
1.69648 -2.88845
1.69042 -2.88324
1.68445 -2.87794
1.67862 -2.87246
1.67538 -2.87011
1.67214 -2.86776
1.66932 -2.86491
1.6665 -2.86206
1.66328 -2.85969
1.66005 -2.85731
1.65398 -2.85212
1.64795 -2.84688
1.64216 -2.84137
1.63615 -2.8361
1.6299 -2.83113
1.62377 -2.826
1.61783 -2.82066
1.61171 -2.81553
1.60883 -2.81275
1.60595 -2.80997
1.5999 -2.80476
1.59364 -2.79979
1.58762 -2.79454
1.58153 -2.78938
1.57571 -2.78389
1.56941 -2.77897
1.56323 -2.7739
1.55724 -2.76863
1.55127 -2.76332
1.54503 -2.75832
1.53893 -2.75317
1.53286 -2.74798
1.52999 -2.74519
1.52712 -2.7424
1.52391 -2.74
1.52071 -2.73761
1.51489 -2.73212
1.50861 -2.72718
1.50284 -2.72164
1.49674 -2.71648
1.49094 -2.71098
1.48468 -2.70601
1.47856 -2.70087
1.47261 -2.69554
1.46942 -2.69313
1.46623 -2.69071
1.46336 -2.68792
1.4605 -2.68513
1.45731 -2.68271
1.45413 -2.68029
1.44827 -2.67485
1.44218 -2.66967
1.43603 -2.66458
1.4299 -2.65946
1.42414 -2.65391
1.41803 -2.64876
1.4121 -2.64341
1.40892 -2.64098
1.40574 -2.63856
1.3999 -2.6331
1.39381 -2.62794
1.38769 -2.62279
1.38152 -2.61772
1.37561 -2.61234
1.36962 -2.60707
1.36358 -2.60183
1.35755 -2.5966
1.35138 -2.59152
1.3456 -2.586
1.34235 -2.58365
1.3391 -2.58131
1.33629 -2.57845
1.33349 -2.57558
1.3273 -2.57053
1.32133 -2.56522
1.31528 -2.56
1.30907 -2.55497
1.30316 -2.5496
1.29688 -2.54465
1.29085 -2.53942
1.28498 -2.53399
1.27885 -2.52887
1.27264 -2.52384
1.26658 -2.51864
1.26055 -2.5134
1.25438 -2.50833
1.25154 -2.50551
1.2487 -2.50269
1.24262 -2.4975
1.2366 -2.49226
1.2334 -2.48985
1.2302 -2.48744
1.22737 -2.48462
1.22453 -2.48179
1.21818 -2.47693
1.21216 -2.47167
1.2061 -2.46647
1.20008 -2.46122
1.19408 -2.45596
1.1881 -2.45065
1.18211 -2.44537
1.176 -2.44023
1.16965 -2.43536
1.16682 -2.43253
1.16399 -2.4297
1.15796 -2.42446
1.15188 -2.41928
1.14561 -2.41431
1.13974 -2.40889
1.13374 -2.40363
1.12759 -2.39852
1.12165 -2.39318
1.11549 -2.3881
1.10915 -2.38322
1.10331 -2.37776
1.09698 -2.37288
1.0941 -2.37009
1.09123 -2.36731
1.0851 -2.36219
1.07894 -2.3571
1.07318 -2.35155
1.06707 -2.3464
1.06088 -2.34135
1.05478 -2.3362
1.04885 -2.33084
1.0429 -2.32552
1.03964 -2.32318
1.03638 -2.32084
1.03055 -2.31537
1.02461 -2.31003
1.01829 -2.30513
1.01241 -2.29972
1.00612 -2.29478
1.00011 -2.28952
0.994036 -2.28434
0.988002 -2.2791
0.981948 -2.2739
0.979084 -2.2711
0.976221 -2.2683
0.969875 -2.26343
0.964041 -2.25797
0.957962 -2.25279
0.951628 -2.2479
0.945718 -2.24253
0.942846 -2.23974
0.939974 -2.23696
0.933742 -2.23196
0.927512 -2.22695
0.921507 -2.22168
0.915483 -2.21644
0.909312 -2.21136
0.90646 -2.20856
0.903607 -2.20575
0.897452 -2.20066
0.891399 -2.19544
0.889866 -2.19399
0.884816 -2.18982
0.879473 -2.186
0.874636 -2.18157
0.869594 -2.17739
0.864318 -2.17349
0.862124 -2.17181
0.855893 -2.16689
0.849879 -2.16169
0.843351 -2.15715
0.837125 -2.15222
0.831185 -2.14693
0.82468 -2.14236
0.818507 -2.13736
0.812346 -2.13235
0.805815 -2.12781
0.799839 -2.12256
0.793439 -2.11786
0.787337 -2.11277
0.780701 -2.10837
0.774795 -2.10303
0.768583 -2.09808
0.761875 -2.09377
0.755919 -2.0885
0.749696 -2.08357
0.743512 -2.07859
0.737142 -2.07384
0.730573 -2.06936
0.724335 -2.06444
0.718385 -2.05916
0.712059 -2.05436
0.705846 -2.04942
0.699437 -2.04472
0.693268 -2.03972
0.687034 -2.0348
0.680579 -2.03017
0.674315 -2.02529
0.667982 -2.0205
0.661783 -2.01554
0.655562 -2.0106
0.64918 -2.00588
0.642832 -2.00111
0.636633 -1.99614
0.630697 -1.99084
0.624368 -1.98605
0.61813 -1.98113
0.611514 -1.97671
0.605635 -1.97133
0.599212 -1.96666
0.593121 -1.96156
0.586624 -1.95698
0.580206 -1.95229
0.574135 -1.94717
0.567896 -1.94226
0.561764 -1.93721
0.555247 -1.93265
0.549293 -1.92738
0.542611 -1.92303
0.536671 -1.91774
0.530356 -1.91292
0.523863 -1.90834
0.517951 -1.90301
0.511317 -1.8986
0.505035 -1.89375
0.49911 -1.88843
0.492836 -1.88357
0.48659 -1.87866
0.480423 -1.87366
0.474089 -1.86887
0.467599 -1.86428
0.461433 -1.85928
0.454991 -1.85463
0.448721 -1.84976
0.442399 -1.84495
0.436435 -1.83969
0.430035 -1.83498
0.423712 -1.83018
0.417478 -1.82526
0.411141 -1.82048
0.404903 -1.81556
0.398931 -1.81031
0.392531 -1.8056
0.386343 -1.80063
0.380178 -1.79562
0.373856 -1.79082
0.367362 -1.78623
0.360993 -1.78149
0.354807 -1.77651
0.348437 -1.77177
0.342607 -1.76633
0.336087 -1.76178
0.33005 -1.75661
0.323554 -1.75203
0.317483 -1.7469
0.310988 -1.74232
0.304903 -1.73721
0.298486 -1.73253
0.292264 -1.72759
0.286125 -1.72255
0.279692 -1.71789
0.273349 -1.71311
0.267375 -1.70786
0.261065 -1.70304
0.254754 -1.69822
0.248328 -1.69355
0.242241 -1.68844
0.236092 -1.68342
0.229803 -1.67857
0.223379 -1.6739
0.216919 -1.66927
0.21104 -1.6639
0.204757 -1.65904
0.198369 -1.65432
0.192269 -1.64923
0.18576 -1.64467
0.17954 -1.63973
0.175464 -1.63731
0.171955 -1.63404
0.167853 -1.6317
0.163742 -1.62931
0.159171 -1.62795
0.154928 -1.62592
0.150542 -1.62414
0.146028 -1.62279
0.141474 -1.62152
0.136881 -1.62041
0.132248 -1.61943
0.127538 -1.61882
0.122815 -1.61866
0.118086 -1.61885
0.110122 -1.61861
0.102159 -1.61876
0.0941951 -1.61874
0.0862314 -1.61889
0.0782678 -1.61847
0.0703042 -1.61867
0.0623408 -1.61862
0.0574206 -1.61863
0.0524927 -1.61889
0.0476218 -1.61955
0.042736 -1.62029
0.0379927 -1.62157
0.0332381 -1.62285
0.0286265 -1.62455
0.0240312 -1.62629
0.0195606 -1.62833
0.0151989 -1.63057
0.0111255 -1.63333
0.00654053 -1.6353
0.00261807 -1.63826
-0.00118174 -1.64139
-0.00726934 -1.64653
-0.0136709 -1.65129
-0.0196476 -1.65656
-0.0258001 -1.66162
-0.0319539 -1.66668
-0.0378564 -1.67205
-0.0444552 -1.67657
-0.0503333 -1.68196
-0.0565806 -1.68691
-0.0626307 -1.6921
-0.0689198 -1.69699
-0.0750145 -1.70212
-0.0813105 -1.70701
-0.0874065 -1.71214
-0.0933462 -1.71746
-0.0994455 -1.72259
-0.105735 -1.72748
-0.111843 -1.7326
-0.117925 -1.73775
-0.123997 -1.74291
-0.130393 -1.74767
-0.136353 -1.75297
-0.142912 -1.75754
-0.148696 -1.76305
-0.154836 -1.76812
-0.161151 -1.77299
-0.167521 -1.77779
-0.173276 -1.78333
-0.17952 -1.78828
-0.185553 -1.79349
-0.191751 -1.79849
-0.19827 -1.80311
-0.204462 -1.80812
-0.21051 -1.81331
-0.21668 -1.81835
-0.222541 -1.82377
-0.228747 -1.82877
-0.234836 -1.83391
-0.241347 -1.83853
-0.247284 -1.84385
-0.253526 -1.84881
-0.259689 -1.85386
-0.265974 -1.85876
-0.272076 -1.86388
-0.278173 -1.86901
-0.284315 -1.87408
-0.290299 -1.87935
-0.296517 -1.88433
-0.302828 -1.8892
-0.308907 -1.89435
-0.31508 -1.89939
-0.321228 -1.90446
-0.327065 -1.9099
-0.333597 -1.9145
-0.339669 -1.91966
-0.345795 -1.92476
-0.352143 -1.92958
-0.357899 -1.93513
-0.364142 -1.94008
-0.370214 -1.94524
-0.376581 -1.95004
-0.382517 -1.95536
-0.388866 -1.96019
-0.394963 -1.96532
-0.401085 -1.97041
-0.407274 -1.97543
-0.413309 -1.98064
-0.419374 -1.9858
-0.425927 -1.99038
-0.43181 -1.99577
-0.437862 -2.00095
-0.444189 -2.0058
-0.450323 -2.01089
-0.45644 -2.01599
-0.462674 -2.02095
-0.468594 -2.0263
-0.471901 -2.02855
-0.475208 -2.0308
-0.480955 -2.03635
-0.487313 -2.04117
-0.493237 -2.04651
-0.499542 -2.05138
-0.505926 -2.05616
-0.511968 -2.06136
-0.517805 -2.0668
-0.524328 -2.07142
-0.53021 -2.07681
-0.536607 -2.08157
-0.542519 -2.08692
-0.548783 -2.09185
-0.554949 -2.0969
-0.561055 -2.10201
-0.567522 -2.10669
-0.573442 -2.11204
-0.579775 -2.11688
-0.585573 -2.12237
-0.592107 -2.12697
-0.598165 -2.13215
-0.604104 -2.13747
-0.610303 -2.14247
-0.61643 -2.14757
-0.622715 -2.15247
-0.628861 -2.15754
-0.634978 -2.16264
-0.640899 -2.16799
-0.647245 -2.17281
-0.653679 -2.17753
-0.659786 -2.18265
-0.66595 -2.1877
-0.671832 -2.19309
-0.677942 -2.1982
-0.684098 -2.20326
-0.690497 -2.20802
-0.696549 -2.2132
-0.702495 -2.21852
-0.708945 -2.22322
-0.714901 -2.22852
-0.721008 -2.23363
-0.724922 -2.2366
-0.727724 -2.23946
-0.730526 -2.24232
-0.736471 -2.24766
-0.742353 -2.25307
-0.748498 -2.25819
-0.754529 -2.26344
-0.760305 -2.26897
-0.766103 -2.27447
-0.772152 -2.2797
-0.778099 -2.28504
-0.784189 -2.29022
-0.790121 -2.29557
-0.792917 -2.29844
-0.795712 -2.30131
-0.801818 -2.30647
-0.807668 -2.31192
-0.813547 -2.31733
-0.816643 -2.31986
-0.819739 -2.3224
-0.825445 -2.328
-0.831296 -2.33345
-0.83714 -2.3389
-0.842989 -2.34435
-0.849138 -2.34947
-0.85498 -2.35492
-0.861006 -2.36017
-0.863788 -2.36306
-0.866569 -2.36594
-0.869685 -2.36845
-0.872801 -2.37096
-0.878718 -2.37634
-0.884496 -2.38186
-0.890278 -2.38738
-0.896259 -2.39268
-0.902148 -2.39809
-0.908206 -2.4033
-0.91416 -2.40864
-0.919942 -2.41416
-0.926016 -2.41936
-0.928837 -2.4222
-0.931658 -2.42503
-0.937668 -2.4303
-0.94354 -2.43572
-0.949411 -2.44115
-0.952622 -2.44356
-0.955833 -2.44596
-0.961559 -2.45155
-0.967411 -2.45699
-0.973458 -2.46222
-0.979264 -2.46772
-0.985409 -2.47284
-0.99129 -2.47825
-0.997168 -2.48366
-1.00289 -2.48925
-1.00904 -2.49437
-1.01177 -2.49731
-1.01449 -2.50025
-1.01764 -2.50273
-1.02079 -2.50521
-1.02667 -2.51062
-1.03256 -2.51602
-1.03829 -2.5216
-1.0444 -2.52676
-1.05035 -2.53209
-1.05319 -2.53491
-1.05603 -2.53773
-1.06202 -2.54302
-1.06772 -2.54863
-1.07366 -2.55398
-1.07684 -2.55642
-1.08003 -2.55885
-1.08281 -2.56174
-1.08558 -2.56463
-1.08875 -2.56709
-1.09191 -2.56955
-1.09474 -2.57237
-1.09757 -2.5752
-1.10371 -2.58033
-1.10941 -2.58594
-1.11525 -2.59139
-1.11836 -2.59392
-1.12146 -2.59644
-1.1242 -2.59938
-1.12693 -2.60231
-1.13012 -2.60474
-1.13331 -2.60717
-1.1391 -2.61269
-1.14479 -2.61831
-1.14789 -2.62084
-1.151 -2.62336
-1.15699 -2.62865
-1.16289 -2.63405
-1.16561 -2.63699
-1.16834 -2.63993
-1.17423 -2.64534
-1.18032 -2.65051
-1.18637 -2.65574
-1.19245 -2.66093
-1.19819 -2.6665
-1.20099 -2.66936
-1.2038 -2.67221
-1.20697 -2.67466
-1.21015 -2.67711
-1.21609 -2.68245
-1.21893 -2.68527
-1.22176 -2.6881
-1.22787 -2.69326
-1.23066 -2.69613
-1.23345 -2.699
-1.23656 -2.70153
-1.23966 -2.70405
-1.24557 -2.70943
-1.25156 -2.71473
-1.25433 -2.71762
-1.25711 -2.7205
-1.26316 -2.72573
-1.26897 -2.73122
-1.27205 -2.73377
-1.27514 -2.73631
-1.28124 -2.74149
-1.28398 -2.74441
-1.28672 -2.74734
-1.28987 -2.74981
-1.29302 -2.75229
-1.29877 -2.75785
-1.30481 -2.76308
-1.30757 -2.76598
-1.31034 -2.76888
-1.3135 -2.77135
-1.31665 -2.77382
-1.32251 -2.77926
-1.32533 -2.7821
-1.32815 -2.78494
-1.33429 -2.79006
-1.34002 -2.79564
-1.346 -2.80094
-1.35185 -2.80639
-1.35497 -2.8089
-1.35809 -2.81141
-1.3609 -2.81426
-1.36371 -2.81711
-1.36685 -2.8196
-1.36998 -2.82208
-1.37275 -2.82498
-1.37552 -2.82787
-1.38149 -2.83319
-1.38461 -2.8357
-1.38773 -2.8382
-1.39044 -2.84117
-1.39314 -2.84414
-1.39907 -2.8495
-1.40515 -2.85469
-1.41111 -2.86002
-1.417 -2.86542
-1.42286 -2.87085
-1.42599 -2.87335
-1.42912 -2.87584
-1.43192 -2.87871
-1.43471 -2.88158
-1.44056 -2.88702
-1.4437 -2.88951
-1.44685 -2.89199
-1.45255 -2.89759
-1.45835 -2.9031
-1.4645 -2.90822
-1.46728 -2.9111
-1.47006 -2.91399
-1.47327 -2.9164
-1.47648 -2.91881
-1.48233 -2.92424
-1.48802 -2.92987
-1.49401 -2.93517
-1.49996 -2.9405
-1.50592 -2.94582
-1.51172 -2.95132
-1.51481 -2.95387
-1.51789 -2.95642
-1.52064 -2.95934
-1.52338 -2.96226
-1.52951 -2.9674
-1.5355 -2.97269
-1.54133 -2.97816
-1.54707 -2.98372
-1.55019 -2.98624
-1.5533 -2.98875
-1.5592 -2.99414
-1.56491 -2.99975
-1.57081 -3.00513
-1.57681 -3.01042
-1.58269 -3.01583
-1.58872 -3.02108
-1.59154 -3.02392
-1.59436 -3.02676
-1.59744 -3.02931
-1.60052 -3.03186
-1.60334 -3.0347
-1.60615 -3.03755
-1.61207 -3.04292
-1.61816 -3.04811
-1.62414 -3.05341
-1.62993 -3.05891
-1.6358 -3.06434
-1.63889 -3.06688
-1.64199 -3.06942
-1.64772 -3.07499
-1.65372 -3.08027
-1.65948 -3.08582
-1.66555 -3.09102
-1.66863 -3.09357
-1.67171 -3.09613
-1.67448 -3.09902
-1.67724 -3.10192
-1.68036 -3.10444
-1.68348 -3.10695
-1.68916 -3.11257
-1.69522 -3.11779
-1.70129 -3.123
-1.70707 -3.12852
-1.71315 -3.13372
-1.71891 -3.13925
-1.72485 -3.14461
-1.73054 -3.15022
-1.73632 -3.15575
-1.74222 -3.16114
-1.74831 -3.16633
-1.75405 -3.17189
-1.75715 -3.17442
-1.76024 -3.17696
-1.76612 -3.18238
-1.76922 -3.18491
-1.77231 -3.18744
-1.77803 -3.19304
-1.78408 -3.19826
-1.78993 -3.20371
-1.79272 -3.20658
-1.79551 -3.20946
-1.80159 -3.21465
-1.80731 -3.22024
-1.81051 -3.22265
-1.81372 -3.22507
-1.81952 -3.23057
-1.82556 -3.23581
-1.83134 -3.24133
-1.83732 -3.24663
-1.84006 -3.24956
-1.84279 -3.2525
-1.84588 -3.25503
-1.84898 -3.25757
-1.85469 -3.26317
-1.86057 -3.26859
-1.86661 -3.27382
-1.87265 -3.27906
-1.87866 -3.28432
-1.88149 -3.28715
-1.88432 -3.28998
-1.89045 -3.29512
-1.89649 -3.30036
-1.9024 -3.30573
-1.90816 -3.31128
-1.91098 -3.31412
-1.9138 -3.31696
-1.91985 -3.32219
-1.92296 -3.3247
-1.92608 -3.32721
-1.9289 -3.33006
-1.93171 -3.3329
-1.93782 -3.33806
-1.94387 -3.34329
-1.94665 -3.34617
-1.94943 -3.34906
-1.95254 -3.35158
-1.95565 -3.35409
-1.96151 -3.35953
-1.96721 -3.36514
-1.97032 -3.36766
-1.97342 -3.37019
-1.97622 -3.37305
-1.97901 -3.37592
-1.98511 -3.38109
-1.98791 -3.38396
-1.9907 -3.38682
-1.99381 -3.38934
-1.99692 -3.39186
-2.00265 -3.39744
-2.00867 -3.40271
-2.01453 -3.40814
-2.02059 -3.41336
-2.02664 -3.41858
-2.03246 -3.42406
-2.03845 -3.42935
-2.04415 -3.43496
-2.04987 -3.44055
-2.05299 -3.44306
-2.05611 -3.44556
-2.06209 -3.45087
-2.06789 -3.45638
-2.07364 -3.46193
-2.07975 -3.46708
-2.08548 -3.47266
-2.08865 -3.47512
-2.09181 -3.47758
-2.09763 -3.48306
-2.10352 -3.48847
-2.10633 -3.49132
-2.10914 -3.49416
-2.11529 -3.49928
-2.12115 -3.50472
-2.12397 -3.50755
-2.12679 -3.51039
-2.12991 -3.51291
-2.13302 -3.51542
-2.13893 -3.5208
-2.14481 -3.52622
-2.15086 -3.53144
-2.15662 -3.53699
-2.15971 -3.53952
-2.16281 -3.54206
-2.16561 -3.54492
-2.16841 -3.54778
-2.17423 -3.55326
-2.18011 -3.55867
-2.18626 -3.56379
-2.19227 -3.56906
-2.19809 -3.57454
-2.20409 -3.57982
-2.20981 -3.58541
-2.21576 -3.59075
-2.2218 -3.59598
-2.22763 -3.60145
-2.23071 -3.604
-2.2338 -3.60654
-2.23655 -3.60946
-2.2393 -3.61238
-2.24247 -3.61483
-2.24563 -3.61729
-2.24838 -3.62021
-2.25114 -3.62312
-2.25425 -3.62564
-2.25736 -3.62816
-2.26315 -3.63366
-2.26922 -3.63888
-2.27199 -3.64176
-2.27477 -3.64465
-2.28083 -3.64987
-2.28674 -3.65525
-2.28982 -3.65779
-2.2929 -3.66034
-2.29879 -3.66575
-2.30163 -3.66857
-2.30446 -3.67139
-2.31023 -3.67693
-2.31336 -3.6795
-2.31291 -3.67983
-2.31245 -3.68041
-2.31234 -3.68124
-2.31139 -3.6815
-2.31102 -3.68217
-2.31099 -3.68299
-2.31112 -3.68383
-2.31045 -3.68437
-2.31041 -3.68512
-2.31009 -3.68581
-2.31039 -3.6866
-2.31023 -3.68732
-2.30994 -3.68805
-2.31016 -3.68878
-2.31054 -3.68948
-2.31036 -3.69025
-2.31057 -3.69096
-2.31055 -3.69174
-2.31119 -3.6923
-2.31291 -3.69627
-2.31463 -3.70024
-2.31443 -3.70113
-2.3148 -3.70179
-2.3186 -3.70771
-2.3224 -3.71363
-2.32619 -3.71955
-2.32999 -3.72548
-2.33379 -3.7314
-2.33759 -3.73732
-2.33764 -3.73816
-2.33839 -3.73853
-2.33878 -3.73915
-2.33932 -3.73964
-2.33995 -3.74003
-2.34034 -3.74068
-2.34082 -3.74126
-2.34158 -3.74146
-2.34225 -3.74174
-2.34298 -3.7419
-2.34362 -3.74222
-2.34416 -3.74289
-2.35093 -3.74484
-2.35769 -3.74679
-2.36446 -3.74874
-2.37122 -3.75069
-2.37799 -3.75264
-2.37874 -3.75271
-2.37941 -3.75313
-2.38019 -3.7531
-2.38097 -3.75279
-2.3817 -3.75263
-2.38242 -3.7526
-2.38313 -3.75255
-2.38389 -3.75269
-2.38458 -3.75242
-2.38531 -3.75232
-2.38602 -3.75212
-2.38667 -3.75177
-2.38749 -3.75177
-2.3882 -3.75148
-2.38858 -3.75068
-2.38912 -3.75017
-2.3895 -3.74949
-2.39038 -3.74937
