0.691275 -2.30648
0.691392 -2.30619
0.691785 -2.30558
0.692711 -2.30528
0.692809 -2.30448
0.693106 -2.3038
0.693745 -2.30325
0.693717 -2.30245
0.694107 -2.30177
0.694364 -2.30105
0.693959 -2.30025
0.69414 -2.29953
0.694373 -2.29878
0.694637 -2.29802
0.694048 -2.29244
0.693459 -2.28686
0.693318 -2.28615
0.693345 -2.2854
0.693103 -2.28471
0.692767 -2.28405
0.692774 -2.28327
0.692493 -2.28259
0.692051 -2.28199
0.692001 -2.28116
0.691436 -2.28064
0.690907 -2.28012
0.690482 -2.27952
0.686415 -2.27491
0.682347 -2.2703
0.67828 -2.26569
0.674212 -2.26108
0.668836 -2.25549
0.66346 -2.24989
0.663158 -2.24918
0.662614 -2.2487
0.662261 -2.24795
0.661408 -2.24793
0.660858 -2.24744
0.660396 -2.24671
0.659523 -2.2469
0.658895 -2.24651
0.652337 -2.24426
0.645778 -2.24201
0.639219 -2.23976
0.63266 -2.23751
0.626102 -2.23526
0.625441 -2.23488
0.624679 -2.23491
0.623967 -2.23473
0.623242 -2.23458
0.622504 -2.23397
0.621757 -2.23437
0.620956 -2.234
0.620271 -2.23453
0.619526 -2.23463
0.618878 -2.23505
0.618101 -2.23508
0.617415 -2.23538
0.616801 -2.23581
0.615858 -2.2357
0.615573 -2.23662
0.614952 -2.23702
0.614224 -2.23732
0.613817 -2.23797
0.613393 -2.23828
0.610464 -2.23541
0.60454 -2.23005
0.598243 -2.22512
0.592247 -2.21985
0.586452 -2.21435
0.580161 -2.20942
0.574142 -2.20417
0.568134 -2.19891
0.562335 -2.19342
0.556042 -2.18849
0.55004 -2.18322
0.549286 -2.18217
0.543014 -2.17721
0.540115 -2.17445
0.537216 -2.17169
0.531293 -2.16632
0.525259 -2.16108
0.522002 -2.15875
0.518744 -2.15641
0.512777 -2.15109
0.509882 -2.14833
0.506987 -2.14556
0.50067 -2.14065
0.494506 -2.13557
0.488416 -2.13039
0.482349 -2.12519
0.479439 -2.12245
0.476529 -2.1197
0.473327 -2.1173
0.470126 -2.11489
0.464086 -2.10966
0.458058 -2.10441
0.451992 -2.09921
0.449119 -2.09642
0.446245 -2.09363
0.440167 -2.08845
0.433993 -2.08337
0.428027 -2.07805
0.424799 -2.07568
0.421572 -2.07331
0.418685 -2.07053
0.415798 -2.06776
0.409734 -2.06256
0.403549 -2.05749
0.397257 -2.05255
0.391126 -2.04743
0.3851 -2.04218
0.378899 -2.03714
0.372946 -2.0318
0.366812 -2.02668
0.36396 -2.02386
0.361107 -2.02105
0.354812 -2.01612
0.348686 -2.01099
0.342542 -2.00588
0.336442 -2.00071
0.33034 -1.99555
0.324443 -1.99015
0.321283 -1.9877
0.318123 -1.98525
0.315304 -1.9824
0.312485 -1.97954
0.306241 -1.97455
0.300208 -1.96931
0.294286 -1.96394
0.291019 -1.96161
0.287751 -1.95928
0.281895 -1.95384
0.275798 -1.94867
0.26972 -1.94348
0.263762 -1.93815
0.257676 -1.93297
0.25146 -1.92795
0.245188 -1.92299
0.242291 -1.92022
0.239395 -1.91746
0.23331 -1.91228
0.22709 -1.90726
0.221226 -1.90182
0.218032 -1.89941
0.214838 -1.897
0.211928 -1.89425
0.209018 -1.89151
0.202854 -1.88642
0.196573 -1.88147
0.193718 -1.87866
0.190863 -1.87585
0.184801 -1.87064
0.178531 -1.86568
0.172434 -1.86051
0.166467 -1.85519
0.160545 -1.84982
0.157335 -1.84743
0.154125 -1.84504
0.151259 -1.84224
0.148392 -1.83944
0.142235 -1.83435
0.136102 -1.82922
0.130059 -1.82399
0.123973 -1.81881
0.117976 -1.81353
0.111672 -1.80861
0.105682 -1.80332
0.0997364 -1.79797
0.0936392 -1.79281
0.0876183 -1.78755
0.0813091 -1.78263
0.0752538 -1.77742
0.0692741 -1.77212
0.066057 -1.76973
0.0628399 -1.76734
0.0600448 -1.76446
0.0572496 -1.76158
0.0539857 -1.75925
0.0507218 -1.75692
0.0446521 -1.75173
0.0387014 -1.74639
0.0327768 -1.74102
0.0266549 -1.73588
0.0203632 -1.73094
0.0175289 -1.72811
0.0146946 -1.72528
0.0114039 -1.72298
0.00811313 -1.72068
0.0022334 -1.71526
-0.00380259 -1.71002
-0.00968236 -1.7046
-0.0158998 -1.69957
-0.0190893 -1.69716
-0.0222788 -1.69474
-0.025151 -1.69195
-0.0280232 -1.68916
-0.034218 -1.68411
-0.0403032 -1.67893
-0.0465518 -1.67394
-0.0494261 -1.67115
-0.0523004 -1.66837
-0.0585661 -1.6634
-0.064752 -1.65834
-0.0706103 -1.65289
-0.0768798 -1.64793
-0.0827711 -1.64251
-0.0869566 -1.63968
-0.0906229 -1.63612
-0.095241 -1.63399
-0.0993892 -1.63112
-0.103824 -1.6287
-0.108471 -1.62674
-0.113039 -1.62455
-0.117899 -1.62314
-0.122762 -1.62179
-0.127616 -1.62026
-0.13271 -1.6202
-0.137668 -1.61949
-0.142705 -1.61921
-0.147726 -1.61864
-0.155538 -1.61857
-0.163349 -1.61882
-0.171161 -1.61891
-0.178973 -1.61901
-0.186784 -1.61845
-0.194596 -1.61862
-0.199653 -1.61875
-0.20473 -1.61891
-0.209683 -1.61998
-0.214662 -1.62079
-0.219663 -1.62165
-0.224515 -1.62311
-0.229142 -1.62518
-0.233813 -1.62702
-0.238374 -1.62921
-0.243064 -1.63113
-0.247332 -1.63385
-0.251536 -1.63663
-0.255759 -1.63943
-0.259762 -1.64254
-0.265723 -1.64782
-0.271756 -1.65302
-0.277853 -1.65814
-0.283598 -1.66367
-0.289741 -1.66874
-0.295768 -1.67394
-0.301773 -1.67917
-0.307821 -1.68435
-0.314299 -1.68903
-0.320042 -1.69456
-0.326108 -1.69972
-0.332396 -1.70462
-0.338397 -1.70986
-0.344091 -1.71545
-0.350274 -1.72047
-0.356404 -1.72555
-0.362292 -1.73092
-0.368586 -1.73581
-0.374773 -1.74083
-0.380761 -1.74608
-0.386673 -1.75142
-0.392859 -1.75643
-0.3989 -1.76162
-0.405044 -1.76669
-0.411027 -1.77194
-0.416725 -1.77753
-0.422948 -1.78251
-0.428833 -1.78788
-0.435184 -1.7927
-0.441233 -1.79788
-0.447352 -1.80298
-0.45308 -1.80853
-0.459124 -1.81371
-0.46542 -1.8186
-0.471344 -1.82393
-0.477141 -1.8294
-0.483389 -1.83435
-0.489602 -1.83933
-0.495296 -1.84492
-0.501313 -1.85014
-0.50775 -1.85486
-0.513546 -1.86034
-0.519671 -1.86543
-0.525518 -1.87084
-0.531623 -1.87595
-0.538079 -1.88066
-0.544134 -1.88583
-0.550082 -1.89112
-0.55608 -1.89636
-0.561989 -1.9017
-0.567979 -1.90695
-0.574373 -1.91173
-0.580403 -1.91693
-0.586443 -1.92211
-0.592109 -1.92774
-0.59822 -1.93285
-0.604593 -1.93765
-0.610372 -1.94314
-0.616459 -1.94827
-0.622447 -1.95352
-0.628619 -1.95856
-0.634515 -1.96391
-0.640454 -1.96922
-0.646448 -1.97446
-0.652948 -1.97911
-0.658877 -1.98443
-0.664963 -1.98957
-0.670716 -1.99509
-0.676771 -2.00026
-0.682752 -2.00552
-0.68914 -2.0103
-0.695063 -2.01563
-0.700934 -2.02101
-0.707108 -2.02605
-0.713399 -2.03094
-0.719298 -2.03629
-0.725057 -2.04181
-0.731408 -2.04664
-0.737469 -2.0518
-0.743267 -2.05727
-0.749401 -2.06235
-0.7556 -2.06735
-0.761666 -2.07251
-0.767623 -2.0778
-0.773906 -2.0827
-0.779928 -2.08791
-0.785528 -2.09361
-0.791906 -2.09841
-0.797703 -2.10388
-0.803807 -2.10899
-0.809731 -2.11432
-0.815791 -2.11948
-0.822137 -2.12431
-0.827873 -2.12986
-0.833952 -2.135
-0.840203 -2.13994
-0.846445 -2.1449
-0.852475 -2.1501
-0.858599 -2.15519
-0.864515 -2.16052
-0.87047 -2.16581
-0.87651 -2.171
-0.882311 -2.17646
-0.888615 -2.18135
-0.894747 -2.18643
-0.900709 -2.19171
-0.906708 -2.19694
-0.912931 -2.20192
-0.91308 -2.20238
-0.915982 -2.20514
-0.918883 -2.20789
-0.922025 -2.21038
-0.925166 -2.21286
-0.928305 -2.21534
-0.931444 -2.21782
-0.934359 -2.22057
-0.937274 -2.22331
-0.943426 -2.22842
-0.946295 -2.23122
-0.949164 -2.23402
-0.952359 -2.23643
-0.955553 -2.23885
-0.961526 -2.24417
-0.964667 -2.24666
-0.967808 -2.24914
-0.973795 -2.25444
-0.976738 -2.25715
-0.979681 -2.25986
-0.982593 -2.26261
-0.985504 -2.26536
-0.991594 -2.27054
-0.994836 -2.27291
-0.998078 -2.27527
-1.00092 -2.2781
-1.00376 -2.28092
-1.00983 -2.28614
-1.01296 -2.28863
-1.0161 -2.29112
-1.0192 -2.29365
-1.0223 -2.29617
-1.02832 -2.30143
-1.03125 -2.30416
-1.03419 -2.30688
-1.04013 -2.31224
-1.04615 -2.3175
-1.05218 -2.32276
-1.05534 -2.32522
-1.0585 -2.32767
-1.06138 -2.33046
-1.06426 -2.33325
-1.06741 -2.33571
-1.07057 -2.33817
-1.0735 -2.3409
-1.07643 -2.34362
-1.08259 -2.34872
-1.08874 -2.35384
-1.09486 -2.35899
-1.09774 -2.36178
-1.10061 -2.36457
-1.10659 -2.36988
-1.11265 -2.3751
-1.11576 -2.37762
-1.11887 -2.38014
-1.12197 -2.38267
-1.12507 -2.3852
-1.12793 -2.388
-1.13079 -2.39081
-1.134 -2.39321
-1.13721 -2.39561
-1.1432 -2.40091
-1.14613 -2.40364
-1.14906 -2.40637
-1.1522 -2.40885
-1.15533 -2.41134
-1.16143 -2.41652
-1.16746 -2.42177
-1.17037 -2.42451
-1.17329 -2.42726
-1.17637 -2.42981
-1.17946 -2.43235
-1.1855 -2.4376
-1.19158 -2.44278
-1.1977 -2.44794
-1.20054 -2.45077
-1.20338 -2.4536
-1.20654 -2.45605
-1.20971 -2.45851
-1.21569 -2.46381
-1.22165 -2.46915
-1.22479 -2.47163
-1.22794 -2.47411
-1.23401 -2.47931
-1.24004 -2.48457
-1.24297 -2.48729
-1.2459 -2.49002
-1.24887 -2.4927
-1.25183 -2.49538
-1.25493 -2.49791
-1.25803 -2.50044
-1.26403 -2.50574
-1.27011 -2.51094
-1.27613 -2.5162
-1.27929 -2.51866
-1.28245 -2.52111
-1.28538 -2.52384
-1.28831 -2.52657
-1.29436 -2.5318
-1.3004 -2.53704
-1.30335 -2.53975
-1.3063 -2.54245
-1.31246 -2.54755
-1.31855 -2.55274
-1.32464 -2.55793
-1.33066 -2.56319
-1.33671 -2.56842
-1.34282 -2.57358
-1.34887 -2.57882
-1.352 -2.58131
-1.35513 -2.5838
-1.36107 -2.58916
-1.36706 -2.59446
-1.3731 -2.59971
-1.37926 -2.60481
-1.3822 -2.60752
-1.38515 -2.61023
-1.38829 -2.61271
-1.39143 -2.61519
-1.39437 -2.61791
-1.39731 -2.62062
-1.40024 -2.62334
-1.40318 -2.62606
-1.40627 -2.62859
-1.40937 -2.63113
-1.4154 -2.63638
-1.41836 -2.63907
-1.42132 -2.64176
-1.42457 -2.64412
-1.42782 -2.64647
-1.43068 -2.64928
-1.43354 -2.65209
-1.43671 -2.65454
-1.43988 -2.65699
-1.44585 -2.66231
-1.44873 -2.66509
-1.45162 -2.66786
-1.45774 -2.67301
-1.46088 -2.67549
-1.46402 -2.67797
-1.47016 -2.6831
-1.47621 -2.68834
-1.47905 -2.69116
-1.4819 -2.69398
-1.48509 -2.69641
-1.48827 -2.69884
-1.49432 -2.70407
-1.50047 -2.70919
-1.50337 -2.71195
-1.50628 -2.7147
-1.50936 -2.71725
-1.51245 -2.7198
-1.51844 -2.72509
-1.52154 -2.72762
-1.52463 -2.73016
-1.52749 -2.73297
-1.53035 -2.73577
-1.53641 -2.74099
-1.54241 -2.74628
-1.54856 -2.7514
-1.55468 -2.75655
-1.56066 -2.76186
-1.5638 -2.76435
-1.56694 -2.76683
-1.56989 -2.76953
-1.57284 -2.77224
-1.57579 -2.77493
-1.57874 -2.77763
-1.58481 -2.78285
-1.58802 -2.78525
-1.59123 -2.78764
-1.59404 -2.79051
-1.59685 -2.79337
-1.59999 -2.79586
-1.60313 -2.79834
-1.60606 -2.80107
-1.60899 -2.8038
-1.61215 -2.80625
-1.61532 -2.8087
-1.61828 -2.81139
-1.62124 -2.81408
-1.62439 -2.81656
-1.62753 -2.81903
-1.6335 -2.82436
-1.63659 -2.8269
-1.63968 -2.82944
-1.64563 -2.83479
-1.64854 -2.83754
-1.65144 -2.84029
-1.65758 -2.84542
-1.66054 -2.84812
-1.66349 -2.85081
-1.66945 -2.85615
-1.67258 -2.85865
-1.67571 -2.86114
-1.67867 -2.86383
-1.68164 -2.86652
-1.68474 -2.86904
-1.68785 -2.87156
-1.69397 -2.87671
-1.69693 -2.8794
-1.69989 -2.88209
-1.70588 -2.88739
-1.70899 -2.8899
-1.7121 -2.89242
-1.71819 -2.89761
-1.72106 -2.90041
-1.72393 -2.9032
-1.73007 -2.90832
-1.73323 -2.91078
-1.73639 -2.91324
-1.74243 -2.91849
-1.74843 -2.92378
-1.75458 -2.9289
-1.7607 -2.93405
-1.76669 -2.93935
-1.77276 -2.94455
-1.77564 -2.94734
-1.77851 -2.95013
-1.78161 -2.95266
-1.78472 -2.95518
-1.78763 -2.95793
-1.79054 -2.96067
-1.79662 -2.96587
-1.79981 -2.96829
-1.80301 -2.97071
-1.80898 -2.97604
-1.81191 -2.97876
-1.81485 -2.98147
-1.82085 -2.98676
-1.82688 -2.99202
-1.83014 -2.99436
-1.83339 -2.99671
-1.83629 -2.99948
-1.83918 -3.00225
-1.84211 -3.00497
-1.84504 -3.0077
-1.84827 -3.01008
-1.8515 -3.01246
-1.85744 -3.01782
-1.86037 -3.02054
-1.86331 -3.02325
-1.86648 -3.0257
-1.86965 -3.02815
-1.8726 -3.03085
-1.87555 -3.03355
-1.87849 -3.03627
-1.88142 -3.03899
-1.88753 -3.04415
-1.89072 -3.04658
-1.89391 -3.04901
-1.89685 -3.05171
-1.8998 -3.05442
-1.90289 -3.05697
-1.90597 -3.05951
-1.91199 -3.06478
-1.91798 -3.07008
-1.92413 -3.0752
-1.93022 -3.08038
-1.93312 -3.08314
-1.93603 -3.0859
-1.93917 -3.08838
-1.94231 -3.09086
-1.94521 -3.09361
-1.94811 -3.09637
-1.95425 -3.1015
-1.95713 -3.10428
-1.96001 -3.10707
-1.96312 -3.10959
-1.96622 -3.11212
-1.96932 -3.11464
-1.97243 -3.11716
-1.97852 -3.12235
-1.98144 -3.12508
-1.98437 -3.12781
-1.99038 -3.13309
-1.99356 -3.13553
-1.99674 -3.13796
-2.00285 -3.14312
-2.00569 -3.14595
-2.00852 -3.14879
-2.01164 -3.1513
-2.01475 -3.15382
-2.02082 -3.15902
-2.02373 -3.16178
-2.02663 -3.16453
-2.02976 -3.16702
-2.03289 -3.16952
-2.03601 -3.17203
-2.03912 -3.17455
-2.0451 -3.17986
-2.04802 -3.18259
-2.05095 -3.18532
-2.05696 -3.19059
-2.06309 -3.19574
-2.06913 -3.20098
-2.07208 -3.20368
-2.07503 -3.20639
-2.08115 -3.21153
-2.08711 -3.21687
-2.09021 -3.2194
-2.0933 -3.22193
-2.09939 -3.22713
-2.10247 -3.22967
-2.10556 -3.23222
-2.10848 -3.23496
-2.1114 -3.23769
-2.11456 -3.24015
-2.11773 -3.2426
-2.12064 -3.24535
-2.12355 -3.2481
-2.12963 -3.25329
-2.13284 -3.2557
-2.13604 -3.25811
-2.13892 -3.26089
-2.14181 -3.26367
-2.14497 -3.26612
-2.14813 -3.26858
-2.15097 -3.27141
-2.15382 -3.27423
-2.15695 -3.27672
-2.16008 -3.27922
-2.16624 -3.28432
-2.16911 -3.28711
-2.17199 -3.2899
-2.17512 -3.29239
-2.17826 -3.29488
-2.18112 -3.29768
-2.18399 -3.30048
-2.19003 -3.30573
-2.19321 -3.30816
-2.19639 -3.3106
-2.20252 -3.31573
-2.20539 -3.31853
-2.20825 -3.32133
-2.21145 -3.32375
-2.21464 -3.32617
-2.22061 -3.3315
-2.22349 -3.33427
-2.22638 -3.33705
-2.23241 -3.3423
-2.23559 -3.34474
-2.23877 -3.34718
-2.24173 -3.34987
-2.24469 -3.35256
-2.25067 -3.35787
-2.2567 -3.36313
-2.25979 -3.36567
-2.26288 -3.3682
-2.26582 -3.37092
-2.26876 -3.37363
-2.272 -3.376
-2.27524 -3.37837
-2.27812 -3.38115
-2.281 -3.38394
-2.28395 -3.38664
-2.2869 -3.38934
-2.29 -3.39187
-2.29311 -3.39439
-2.29628 -3.39683
-2.29946 -3.39927
-2.30243 -3.40196
-2.30539 -3.40464
-2.30826 -3.40744
-2.31112 -3.41024
-2.31434 -3.41264
-2.31755 -3.41504
-2.32044 -3.4178
-2.32334 -3.42057
-2.3295 -3.42568
-2.3326 -3.4282
-2.3357 -3.43073
-2.34173 -3.43598
-2.34459 -3.43879
-2.34744 -3.44161
-2.35064 -3.44403
-2.35384 -3.44644
-2.3599 -3.45165
-2.36282 -3.45439
-2.36575 -3.45712
-2.37173 -3.46243
-2.37787 -3.46755
-2.38396 -3.47274
-2.39012 -3.47784
-2.39309 -3.48053
-2.39605 -3.48322
-2.39915 -3.48574
-2.40225 -3.48827
-2.40521 -3.49097
-2.40816 -3.49366
-2.41111 -3.49637
-2.41406 -3.49907
-2.41717 -3.50159
-2.42028 -3.50411
-2.42337 -3.50665
-2.42646 -3.50918
-2.43247 -3.51446
-2.43859 -3.51961
-2.44155 -3.5223
-2.44452 -3.52499
-2.44744 -3.52772
-2.45036 -3.53046
-2.45638 -3.53572
-2.45953 -3.53819
-2.46268 -3.54066
-2.46557 -3.54343
-2.46847 -3.5462
-2.47165 -3.54864
-2.47483 -3.55107
-2.47772 -3.55385
-2.48061 -3.55662
-2.48677 -3.56172
-2.49291 -3.56685
-2.49891 -3.57214
-2.50208 -3.57458
-2.50525 -3.57703
-2.50807 -3.57988
-2.5109 -3.58273
-2.51404 -3.58521
-2.51718 -3.58769
-2.52324 -3.59292
-2.52933 -3.59809
-2.53542 -3.60328
-2.53834 -3.60602
-2.54125 -3.60877
-2.54421 -3.61146
-2.54717 -3.61415
-2.5504 -3.61653
-2.55363 -3.6189
-2.55966 -3.62416
-2.56576 -3.62933
-2.57177 -3.63461
-2.57479 -3.63749
-2.57475 -3.63757
-2.57423 -3.6381
-2.57339 -3.63841
-2.57317 -3.6392
-2.57273 -3.63982
-2.5725 -3.64056
-2.57209 -3.64122
-2.57176 -3.64192
-2.57197 -3.64278
-2.57183 -3.64351
-2.57198 -3.64429
-2.57128 -3.64499
-2.57154 -3.64576
-2.57193 -3.6465
-2.57218 -3.6518
-2.57243 -3.6571
-2.57262 -3.65781
-2.57329 -3.65842
-2.57327 -3.65915
-2.57363 -3.65978
-2.57378 -3.66048
-2.57429 -3.66103
-2.574 -3.66197
-2.5744 -3.66258
-2.57478 -3.66322
-2.57956 -3.66961
-2.58433 -3.676
-2.58911 -3.68239
-2.59388 -3.68878
-2.59383 -3.68946
-2.59419 -3.68984
-2.59451 -3.69026
-2.59792 -3.69389
-2.60132 -3.69752
-2.60208 -3.69782
-2.60261 -3.69832
-2.60303 -3.69895
-2.60341 -3.69972
-2.60437 -3.69961
-2.60477 -3.70043
-2.60568 -3.70026
-2.60633 -3.70063
-2.60712 -3.70058
-2.61392 -3.70234
-2.62073 -3.7041
-2.62754 -3.70586
-2.63435 -3.70763
-2.64116 -3.70939
-2.64196 -3.70921
-2.64265 -3.70955
-2.64342 -3.70942
-2.64415 -3.70955
-2.64489 -3.70961
-2.64562 -3.70931
-2.64641 -3.70963
-2.6471 -3.70923
-2.64776 -3.70884
-2.64839 -3.70844
-2.64921 -3.7085
-2.64975 -3.70792
-2.65063 -3.70798
-2.65099 -3.70714
-2.65167 -3.70684
-2.65247 -3.70663
-2.65278 -3.70585
-2.65305 -3.70534
-2.6561 -3.70828
-2.65933 -3.71066
-2.66255 -3.71304
-2.66545 -3.7158
-2.66836 -3.71856
-2.67443 -3.72376
-2.6776 -3.72621
-2.68076 -3.72867
-2.68366 -3.73143
-2.68655 -3.7342
-2.6925 -3.73955
-2.69853 -3.74481
-2.70167 -3.74728
-2.70482 -3.74976
-2.70772 -3.75252
-2.71062 -3.75528
-2.71663 -3.76056
-2.71982 -3.76298
-2.72301 -3.7654
-2.72597 -3.76809
-2.72893 -3.77079
-2.73491 -3.77611
-2.74093 -3.78136
-2.74409 -3.78382
-2.74725 -3.78628
-2.75012 -3.78908
-2.75298 -3.79189
-2.75905 -3.7971
-2.76218 -3.79958
-2.76532 -3.80207
-2.77137 -3.80731
-2.77738 -3.81258
-2.78335 -3.81791
-2.7894 -3.82314
-2.7954 -3.82843
-2.80155 -3.83354
-2.80472 -3.83599
-2.80788 -3.83844
-2.8107 -3.8413
-2.81351 -3.84416
-2.81665 -3.84665
-2.81979 -3.84913
-2.82268 -3.8519
-2.82557 -3.85467
-2.82882 -3.85703
-2.83207 -3.85939
-2.83814 -3.86459
-2.84104 -3.86736
-2.84393 -3.87012
-2.8471 -3.87257
-2.85027 -3.87502
-2.8532 -3.87775
-2.85613 -3.88048
-2.85907 -3.88319
-2.86201 -3.8859
-2.86816 -3.89101
-2.87129 -3.89351
-2.87442 -3.89601
-2.87729 -3.8988
-2.88017 -3.90159
-2.88334 -3.90403
-2.88651 -3.90648
-2.88936 -3.90929
-2.89222 -3.9121
-2.89535 -3.91459
-2.89849 -3.91708
-2.90448 -3.92238
-2.91053 -3.92761
-2.91668 -3.93273
-2.92262 -3.93809
-2.92574 -3.9406
-2.92886 -3.9431
-2.93181 -3.9458
-2.93477 -3.94849
-2.9377 -3.95121
-2.94064 -3.95393
-2.94376 -3.95643
-2.94689 -3.95893
-2.94983 -3.96165
-2.95277 -3.96436
-2.95877 -3.96965
-2.96486 -3.97483
-2.97084 -3.98015
-2.974 -3.98261
-2.97716 -3.98507
-2.98006 -3.98782
-2.98297 -3.99057
-2.9891 -3.99571
-2.99519 -4.00089
-2.99815 -4.00359
-3.0011 -4.00628
-3.00435 -4.00865
-3.00759 -4.01101
-3.01048 -4.01378
-3.01338 -4.01655
-3.01942 -4.02179
-3.02255 -4.02428
-3.02568 -4.02677
-3.03182 -4.0319
-3.03787 -4.03714
-3.04073 -4.03993
-3.0436 -4.04273
-3.04676 -4.04519
-3.04992 -4.04765
-3.05592 -4.05294
-3.06207 -4.05805
-3.065 -4.06079
-3.06792 -4.06352
-3.07104 -4.06603
-3.07416 -4.06853
-3.08026 -4.07371
-3.08627 -4.07898
-3.08915 -4.08177
-3.09203 -4.08456
-3.09814 -4.08971
-3.10421 -4.09493
-3.11019 -4.10023
-3.11336 -4.10268
-3.11652 -4.10514
-3.12254 -4.11041
-3.12542 -4.11319
-3.12829 -4.11598
-3.13425 -4.12132
-3.13736 -4.12384
-3.14047 -4.12635
-3.14662 -4.13147
-3.15279 -4.13657
-3.15882 -4.14182
-3.16492 -4.14699
-3.16778 -4.14979
-3.17065 -4.1526
-3.17381 -4.15505
-3.17697 -4.15751
-3.17985 -4.1603
-3.18272 -4.16309
-3.18587 -4.16556
-3.18903 -4.16802
-3.19212 -4.17056
-3.19521 -4.17311
-3.19808 -4.17589
-3.20096 -4.17868
-3.20712 -4.18379
-3.21313 -4.18906
-3.21925 -4.19421
-3.22221 -4.1969
-3.22517 -4.19959
-3.22832 -4.20206
-3.23147 -4.20454
-3.23741 -4.20989
-3.24053 -4.2124
-3.24364 -4.21492
-3.24655 -4.21766
-3.24947 -4.22041
-3.25549 -4.22567
-3.26156 -4.23087
-3.26771 -4.236
-3.27065 -4.2387
-3.2736 -4.24141
-3.27681 -4.24381
-3.28002 -4.24621
-3.28284 -4.24906
-3.28566 -4.25192
-3.28882 -4.25438
-3.29198 -4.25684
-3.29811 -4.26197
-3.30101 -4.26473
-3.30392 -4.26749
-3.30999 -4.27269
-3.31596 -4.27802
-3.31915 -4.28044
-3.32234 -4.28286
-3.32523 -4.28564
-3.32812 -4.28841
-3.33407 -4.29376
-3.33723 -4.29622
-3.34039 -4.29868
-3.34636 -4.304
-3.34944 -4.30655
-3.35253 -4.30909
-3.3555 -4.31178
-3.35846 -4.31446
-3.36161 -4.31693
-3.36476 -4.3194
-3.36762 -4.32221
-3.37048 -4.32502
-3.37648 -4.33031
-3.37962 -4.33279
-3.38276 -4.33527
-3.38587 -4.33779
-3.38898 -4.3403
-3.39193 -4.34301
-3.39488 -4.34571
-3.40085 -4.35103
-3.40699 -4.35616
-3.41296 -4.36149
-3.41593 -4.36417
-3.41889 -4.36685
-3.42202 -4.36935
-3.42515 -4.37184
-3.4312 -4.37707
-3.43411 -4.37983
-3.43701 -4.38258
-3.4401 -4.38512
-3.44319 -4.38766
-3.44932 -4.3928
-3.45222 -4.39556
-3.45512 -4.39832
-3.46112 -4.40362
-3.46434 -4.406
-3.46757 -4.40838
-3.47371 -4.41351
-3.47665 -4.41623
-3.47959 -4.41894
-3.48271 -4.42144
-3.48584 -4.42394
-3.4887 -4.42674
-3.49157 -4.42954
-3.49768 -4.4347
-3.50061 -4.43743
-3.50354 -4.44015
-3.50673 -4.44257
-3.50993 -4.44499
-3.51289 -4.44768
-3.51586 -4.45036
-3.52181 -4.45571
-3.5278 -4.46101
-3.531 -4.46342
-3.53421 -4.46583
-3.53701 -4.46869
-3.53982 -4.47156
-3.543 -4.474
-3.54617 -4.47644
-3.55216 -4.48175
-3.55531 -4.48422
-3.55846 -4.48669
-3.56138 -4.48942
-3.56431 -4.49215
-3.56724 -4.49488
-3.57017 -4.4976
-3.57625 -4.5028
-3.57944 -4.50523
-3.58262 -4.50766
-3.58543 -4.51052
-3.58825 -4.51338
-3.59146 -4.51578
-3.59468 -4.51817
-3.60065 -4.52349
-3.60669 -4.52874
-3.6096 -4.53149
-3.6125 -4.53424
-3.6157 -4.53665
-3.61891 -4.53907
-3.62503 -4.54421
-3.63101 -4.54953
-3.63394 -4.55225
-3.63688 -4.55497
-3.64288 -4.56025
-3.64893 -4.56548
-3.65207 -4.56796
-3.65522 -4.57044
-3.65804 -4.57329
-3.66086 -4.57615
-3.66396 -4.57868
-3.66706 -4.58121
-3.67303 -4.58653
-3.67619 -4.58898
-3.67936 -4.59143
-3.68549 -4.59657
-3.69149 -4.60186
-3.69436 -4.60465
-3.69724 -4.60743
-3.7004 -4.6099
-3.70355 -4.61237
-3.70964 -4.61756
-3.71566 -4.62282
-3.71875 -4.62536
-3.72184 -4.6279
-3.7248 -4.6306
-3.72775 -4.63329
-3.73381 -4.63851
-3.73984 -4.64377
-3.74588 -4.64901
-3.75203 -4.65413
-3.75802 -4.65943
-3.76092 -4.66219
-3.76382 -4.66495
-3.76696 -4.66743
-3.7701 -4.66991
-3.77612 -4.67517
-3.7822 -4.68037
-3.78513 -4.6831
-3.78807 -4.68582
-3.79404 -4.69114
-3.79726 -4.69353
-3.80049 -4.69591
-3.80653 -4.70115
-3.80943 -4.70391
-3.81234 -4.70666
-3.81543 -4.7092
-3.81852 -4.71174
-3.82455 -4.717
-3.82769 -4.71948
-3.83084 -4.72195
-3.83363 -4.72484
-3.83642 -4.72772
-3.83954 -4.73023
-3.84266 -4.73273
-3.84583 -4.73518
-3.849 -4.73763
-3.852 -4.74029
-3.855 -4.74294
-3.85826 -4.74635
-3.86186 -4.74944
-3.86488 -4.75305
-3.8675 -4.75696
-3.87047 -4.76063
-3.87336 -4.76436
-3.87593 -4.76831
-3.87823 -4.77243
-3.88017 -4.77673
-3.88226 -4.78097
-3.88392 -4.78538
-3.88548 -4.78986
-3.88669 -4.79441
-3.88729 -4.79909
-3.88823 -4.80371
-3.8892 -4.80836
-3.88902 -4.81308
-3.88929 -4.81778
-3.88926 -4.82576
-3.88958 -4.83374
-3.88964 -4.84172
-3.88952 -4.84971
-3.89008 -4.85768
-3.88987 -4.86567
-3.89041 -4.87364
-3.8904 -4.88163
-3.89043 -4.88961
-3.89031 -4.89759
-3.89023 -4.90558
-3.89076 -4.91355
-3.89053 -4.91755
-3.8903 -4.92154
-3.89076 -4.92952
-3.89055 -4.9375
-3.89102 -4.94548
-3.89077 -4.95347
-3.89085 -4.96145
-3.89115 -4.96943
-3.89137 -4.97741
-3.89113 -4.9814
-3.89089 -4.98539
-3.89095 -4.99338
-3.89129 -5.00136
-3.89164 -5.00933
-3.89189 -5.01731
-3.89192 -5.0253
-3.89157 -5.03328
-3.8921 -5.04126
-3.89204 -5.04924
-3.89231 -5.05722
-3.89231 -5.06522
-3.89149 -5.06992
-3.89153 -5.07465
-3.8907 -5.07931
-3.89058 -5.08409
-3.88964 -5.08873
-3.88848 -5.09333
-3.8869 -5.0978
-3.88524 -5.10222
-3.88329 -5.10654
-3.88166 -5.11101
-3.8794 -5.11517
-3.87702 -5.11928
-3.87418 -5.12308
-3.8714 -5.1269
-3.86865 -5.13077
-3.86547 -5.13429
-3.86179 -5.13729
-3.85871 -5.14093
-3.85474 -5.14355
-3.85137 -5.14692
-3.84504 -5.15173
-3.83863 -5.15644
-3.8319 -5.1607
-3.82582 -5.16585
-3.8192 -5.17027
-3.81279 -5.17497
-3.80627 -5.17952
-3.80003 -5.18446
-3.79342 -5.18889
-3.78728 -5.19396
-3.78073 -5.19847
-3.77435 -5.20321
-3.76819 -5.20825
-3.76186 -5.21306
-3.75537 -5.21766
-3.74901 -5.22242
-3.74243 -5.22689
-3.73599 -5.23156
-3.72948 -5.23613
-3.72306 -5.24081
-3.71665 -5.24551
-3.7106 -5.25071
-3.70391 -5.25503
-3.69763 -5.2599
-3.6914 -5.26485
-3.68492 -5.26946
-3.67844 -5.27407
-3.6718 -5.27845
-3.66576 -5.28366
-3.6593 -5.2883
-3.6527 -5.29274
-3.64646 -5.29766
-3.63998 -5.30228
-3.63364 -5.30707
-3.6271 -5.31161
-3.62062 -5.31621
-3.61442 -5.32119
-3.608 -5.32589
-3.60134 -5.33025
-3.59513 -5.33522
-3.5885 -5.33963
-3.58213 -5.34438
-3.57595 -5.3494
-3.56942 -5.35393
-3.56315 -5.35882
-3.55651 -5.36321
-3.55023 -5.3681
-3.54369 -5.37262
-3.5374 -5.37748
-3.53102 -5.38222
-3.52477 -5.38714
-3.51807 -5.39145
-3.51207 -5.39671
-3.50562 -5.40136
-3.49919 -5.40603
-3.49267 -5.41059
-3.48617 -5.41517
-3.47968 -5.41975
-3.47324 -5.42442
-3.4672 -5.42962
-3.46088 -5.43446
-3.45417 -5.43875
-3.44771 -5.44338
-3.44151 -5.44837
-3.43524 -5.45326
-3.42862 -5.45768
-3.42226 -5.46244
-3.41559 -5.4668
-3.40922 -5.47155
-3.40309 -5.47663
-3.3965 -5.48109
-3.39042 -5.48624
-3.384 -5.49092
-3.37733 -5.49527
-3.37108 -5.5002
-3.36461 -5.50482
-3.35822 -5.50954
-3.35203 -5.51454
-3.34543 -5.51899
-3.33916 -5.52388
-3.33267 -5.52847
-3.32609 -5.53295
-3.31996 -5.53803
-3.31335 -5.54246
-3.30706 -5.54732
-3.30076 -5.55217
-3.29426 -5.55676
-3.28798 -5.56163
-3.28149 -5.56623
-3.27485 -5.57062
-3.26861 -5.57555
-3.26232 -5.58042
-3.25575 -5.58491
-3.24956 -5.5899
-3.2428 -5.59412
-3.23641 -5.59886
-3.22996 -5.6035
-3.22358 -5.60824
-3.21751 -5.61341
-3.21088 -5.61782
-3.20444 -5.62248
-3.19793 -5.62704
-3.19168 -5.63197
-3.18552 -5.637
-3.17881 -5.6413
-3.17255 -5.64621
-3.16608 -5.65082
-3.15965 -5.65549
-3.15349 -5.66054
-3.14706 -5.66521
-3.14066 -5.66993
-3.13402 -5.67432
-3.12784 -5.67933
-3.12145 -5.68406
-3.11502 -5.68873
-3.10858 -5.6934
-3.10221 -5.69816
-3.09563 -5.70263
-3.08906 -5.70712
-3.08287 -5.71211
-3.0765 -5.71687
-3.07015 -5.72166
-3.06365 -5.72623
-3.0571 -5.73074
-3.05058 -5.7353
-3.0445 -5.74045
-3.03788 -5.74486
-3.03168 -5.74985
-3.02541 -5.75475
-3.01869 -5.75902
-3.01252 -5.76405
-3.00593 -5.7685
-2.99955 -5.77325
-2.99323 -5.77808
-2.9868 -5.78275
-2.98015 -5.78713
-2.97385 -5.79197
-2.96739 -5.79661
-2.96128 -5.80172
-2.95479 -5.80632
-2.94828 -5.81088
-2.94177 -5.81544
-2.93533 -5.82008
-2.9298 -5.82468
-2.92297 -5.82879
-2.91636 -5.83324
-2.9096 -5.83747
-2.90288 -5.84175
-2.8961 -5.84594
-2.89254 -5.84776
-2.88898 -5.84959
-2.88241 -5.85411
-2.87563 -5.8583
-2.86887 -5.86253
-2.86222 -5.86692
-2.8556 -5.87137
-2.84881 -5.87554
-2.8422 -5.87998
-2.83548 -5.88427
-2.82867 -5.88842
-2.82161 -5.89217
-2.81484 -5.89637
-2.80829 -5.90091
-2.80163 -5.9053
-2.79495 -5.90964
-2.7879 -5.9134
-2.78136 -5.91797
-2.77463 -5.92224
-2.76791 -5.92652
-2.76117 -5.93077
-2.7543 -5.93483
-2.74782 -5.93949
-2.74078 -5.94327
-2.73425 -5.94785
-2.72729 -5.95175
-2.72088 -5.95653
-2.7138 -5.96023
-2.70711 -5.96457
-2.70059 -5.96917
-2.69387 -5.97345
-2.68694 -5.97741
-2.68029 -5.98181
-2.67336 -5.98576
-2.6666 -5.98997
-2.65988 -5.99426
-2.65323 -5.99865
-2.64666 -6.00317
-2.63978 -6.0072
-2.63296 -6.01133
-2.62647 -6.01597
-2.61959 -6.02002
-2.61263 -6.02392
-2.60591 -6.0282
-2.59953 -6.03302
-2.59251 -6.03683
-2.58572 -6.04099
-2.5793 -6.04577
-2.57231 -6.04962
-2.56556 -6.05385
-2.55903 -6.05844
-2.55207 -6.06235
-2.54531 -6.06656
-2.53883 -6.07123
-2.53215 -6.07558
-2.52508 -6.0793
-2.51862 -6.08399
-2.51175 -6.08805
-2.50501 -6.09229
-2.50097 -6.09466
-2.49692 -6.09702
-2.49254 -6.09868
-2.48837 -6.10086
-2.48379 -6.10189
-2.4795 -6.10383
-2.47494 -6.10488
-2.47034 -6.1056
-2.4658 -6.10689
-2.46111 -6.10694
-2.45646 -6.10769
-2.45178 -6.10743
-2.4438 -6.10768
-2.43581 -6.10792
-2.42782 -6.1079
-2.41984 -6.10796
-2.41185 -6.10803
-2.40785 -6.10771
-2.40386 -6.1074
-2.39587 -6.10768
-2.38789 -6.10779
-2.3799 -6.10796
-2.37191 -6.10793
-2.36393 -6.10812
-2.35594 -6.10791
-2.34795 -6.10817
-2.33997 -6.10803
-2.33198 -6.10805
-2.32399 -6.10799
-2.32 -6.10774
-2.316 -6.10749
-2.31201 -6.10778
-2.30802 -6.10808
-2.30417 -6.108
-2.30421 -6.10783
-2.30424 -6.10707
-2.30374 -6.10638
-2.30408 -6.10557
-2.30362 -6.1049
-2.30373 -6.10409
-2.30332 -6.10343
-2.30305 -6.10272
-2.30266 -6.10207
-2.30226 -6.10143
-2.30137 -6.10113
-2.3012 -6.10034
-2.30049 -6.09998
-2.3001 -6.09934
-2.29624 -6.09586
-2.29239 -6.09237
-2.29181 -6.09191
-2.2911 -6.0916
-2.29045 -6.09126
-2.28978 -6.09098
-2.28926 -6.09038
-2.28851 -6.09027
-2.28261 -6.08788
-2.2767 -6.08549
-2.2708 -6.0831
-2.2649 -6.08071
-2.26404 -6.08089
-2.26342 -6.08038
-2.26269 -6.08024
-2.262 -6.07979
-2.2612 -6.0801
-2.26045 -6.08021
-2.25971 -6.07996
-2.25896 -6.08006
-2.25818 -6.07994
-2.25744 -6.08013
-2.25667 -6.08023
-2.25032 -6.08227
-2.24398 -6.08431
-2.23763 -6.08635
-2.23129 -6.0884
-2.22494 -6.09044
-2.22426 -6.09038
-2.22366 -6.0906
-2.21834 -6.09278
-2.21302 -6.09496
-2.2077 -6.09713
-2.20707 -6.09759
-2.2062 -6.09752
-2.20582 -6.09839
-2.20527 -6.09889
-2.20473 -6.09939
-2.20407 -6.09975
-2.20367 -6.1004
-2.20272 -6.10053
-2.20232 -6.10119
-2.2019 -6.10183
-2.20172 -6.10261
-2.20122 -6.10319
-2.20091 -6.10389
-2.20042 -6.10452
-2.20034 -6.1053
-2.20042 -6.1061
-2.20058 -6.10689
-2.20054 -6.10762
-2.20038 -6.10782
-2.1962 -6.10793
-2.19221 -6.10819
-2.18821 -6.10844
-2.18422 -6.10817
-2.18023 -6.1079
-2.17224 -6.10826
-2.16425 -6.10818
-2.15627 -6.10838
-2.14828 -6.10797
-2.14029 -6.10784
-2.13231 -6.10807
-2.12432 -6.10822
-2.11633 -6.10847
-2.11234 -6.10815
-2.10834 -6.10784
-2.10435 -6.10819
-2.10036 -6.10855
-2.09636 -6.10831
-2.09237 -6.10807
-2.08438 -6.10853
-2.08039 -6.1083
-2.0764 -6.10806
-2.06841 -6.10841
-2.06042 -6.10808
-2.05244 -6.10838
-2.04445 -6.10864
-2.03646 -6.10829
-2.02848 -6.10824
-2.02049 -6.10806
-2.0125 -6.10813
-2.00452 -6.10847
-1.99653 -6.10834
-1.98854 -6.10825
-1.98055 -6.10853
-1.97257 -6.10853
-1.96458 -6.10879
-1.95659 -6.10836
-1.94861 -6.10824
-1.94062 -6.10804
-1.93263 -6.10841
-1.92465 -6.10852
-1.91666 -6.10863
-1.90867 -6.10823
-1.90069 -6.10863
-1.8927 -6.10837
-1.88471 -6.1086
-1.87672 -6.10873
-1.86874 -6.1087
-1.86474 -6.10844
-1.86075 -6.10819
-1.85676 -6.10853
-1.85276 -6.10887
-1.84478 -6.10881
-1.83679 -6.1085
-1.8328 -6.10875
-1.8288 -6.10899
-1.82481 -6.10863
-1.82082 -6.10827
-1.81283 -6.10862
-1.80484 -6.1087
-1.79686 -6.10883
-1.78887 -6.10867
-1.78088 -6.10879
-1.77289 -6.10887
-1.7689 -6.10863
-1.76491 -6.10839
-1.75692 -6.10865
-1.74893 -6.10858
-1.74095 -6.10855
-1.73296 -6.10894
-1.72497 -6.10875
-1.71699 -6.109
-1.709 -6.10911
-1.70501 -6.10886
-1.70101 -6.10862
-1.69303 -6.10874
-1.68504 -6.10842
-1.68104 -6.10872
-1.67705 -6.10902
-1.66906 -6.10877
-1.66108 -6.10857
-1.65309 -6.10875
-1.6451 -6.10861
-1.63712 -6.10901
-1.62913 -6.10928
-1.62114 -6.10918
-1.61715 -6.10892
-1.61316 -6.10867
-1.60517 -6.10872
-1.59718 -6.10899
-1.58919 -6.10866
-1.58121 -6.10912
-1.57322 -6.10925
-1.56523 -6.109
-1.55725 -6.10888
-1.54926 -6.10876
-1.54127 -6.10883
-1.53329 -6.10878
-1.5253 -6.10888
-1.51731 -6.10912
-1.50933 -6.10902
-1.50134 -6.1092
-1.49335 -6.10931
-1.48936 -6.10904
-1.48536 -6.10877
-1.47738 -6.10885
-1.46939 -6.10907
-1.4614 -6.10946
-1.45342 -6.10911
-1.44543 -6.10887
-1.43744 -6.1093
-1.42946 -6.10892
-1.42147 -6.10927
-1.41348 -6.10944
-1.4055 -6.10953
-1.4015 -6.10927
-1.39751 -6.10901
-1.38952 -6.10926
-1.38153 -6.10886
-1.37754 -6.1092
-1.37355 -6.10953
-1.36556 -6.10933
-1.35757 -6.10925
-1.34959 -6.10923
-1.3416 -6.10939
-1.33361 -6.10912
-1.32962 -6.10936
-1.32563 -6.10961
-1.31764 -6.10919
-1.30965 -6.10928
-1.30167 -6.10953
-1.29368 -6.1093
-1.28569 -6.10909
-1.2777 -6.10903
-1.26972 -6.10907
-1.26173 -6.10923
-1.25374 -6.10958
-1.24576 -6.10972
-1.23777 -6.10962
-1.22978 -6.10937
-1.2218 -6.10945
-1.21381 -6.10955
-1.20582 -6.10971
-1.20183 -6.10942
-1.19784 -6.10913
-1.18985 -6.10945
-1.18186 -6.10934
-1.17388 -6.10943
-1.16589 -6.10919
-1.1579 -6.10919
-1.14991 -6.10941
-1.14193 -6.10969
-1.13394 -6.10998
-1.12995 -6.10962
-1.12595 -6.10925
-1.11797 -6.10953
-1.10998 -6.10927
-1.10199 -6.10939
-1.098 -6.10966
-1.09401 -6.10992
-1.09001 -6.10967
-1.08602 -6.10943
-1.07803 -6.10942
-1.07004 -6.10944
-1.06206 -6.10971
-1.05407 -6.10995
-1.04608 -6.10981
-1.0381 -6.10967
-1.03011 -6.11013
-1.02212 -6.11
-1.01414 -6.10962
-1.00615 -6.10986
-0.998163 -6.10978
-0.990177 -6.11014
-0.986183 -6.10989
-0.982189 -6.10963
-0.974202 -6.10984
-0.966215 -6.10964
-0.958228 -6.10974
-0.950241 -6.1095
-0.942254 -6.10963
-0.938261 -6.10992
-0.934268 -6.11021
-0.926281 -6.1098
-0.918294 -6.10981
-0.910307 -6.10983
-0.90232 -6.10971
-0.894333 -6.1097
-0.886346 -6.1098
-0.878359 -6.10976
-0.870372 -6.10988
-0.862385 -6.11007
-0.854398 -6.1099
-0.846411 -6.10993
-0.838424 -6.10996
-0.830438 -6.11034
-0.826444 -6.11002
-0.82245 -6.10969
-0.814464 -6.11005
-0.806477 -6.11032
-0.79849 -6.10998
-0.790503 -6.10986
-0.78651 -6.11012
-0.782516 -6.11039
-0.778523 -6.11015
-0.774529 -6.10991
-0.766543 -6.11035
-0.758556 -6.11051
-0.750568 -6.11011
-0.742582 -6.11049
-0.734595 -6.11024
-0.726607 -6.11008
-0.718621 -6.11028
-0.710634 -6.11005
-0.702647 -6.11021
-0.69466 -6.11053
-0.686673 -6.11026
-0.678686 -6.11051
-0.6707 -6.11056
-0.662712 -6.11045
-0.654725 -6.11027
-0.646738 -6.11001
-0.642745 -6.11033
-0.638752 -6.11064
-0.630764 -6.1103
-0.622777 -6.11006
-0.61479 -6.11013
-0.606804 -6.11021
-0.598817 -6.11017
-0.59083 -6.11024
-0.582843 -6.11037
-0.57885 -6.1106
-0.574857 -6.11084
-0.566869 -6.11055
-0.558883 -6.11069
-0.550896 -6.11086
-0.542909 -6.11081
-0.534922 -6.11057
-0.526934 -6.11013
-0.522941 -6.11038
-0.518948 -6.11064
-0.51096 -6.11037
-0.502973 -6.11033
-0.494987 -6.11042
-0.487 -6.11069
-0.479013 -6.11058
-0.471026 -6.1103
-0.463039 -6.11063
-0.455052 -6.11034
-0.447065 -6.11068
-0.439078 -6.1106
-0.431091 -6.11045
-0.423105 -6.1109
-0.419111 -6.1106
-0.415117 -6.11031
-0.411124 -6.11059
-0.407131 -6.11088
-0.399144 -6.11052
-0.391157 -6.11071
-0.38317 -6.11051
-0.379177 -6.11081
-0.375184 -6.1111
-0.367197 -6.11106
-0.359209 -6.11078
-0.351222 -6.11071
-0.343236 -6.11106
-0.335249 -6.11087
-0.327262 -6.11103
-0.319275 -6.111
-0.315281 -6.11076
-0.311287 -6.11051
-0.303301 -6.11068
-0.295314 -6.11078
-0.287327 -6.11123
-0.283334 -6.111
-0.27934 -6.11076
-0.271353 -6.11088
-0.263366 -6.11102
-0.259372 -6.11078
-0.255379 -6.11054
-0.251386 -6.11085
-0.247393 -6.11116
-0.239405 -6.1109
-0.231419 -6.11099
-0.223431 -6.11063
-0.219438 -6.11087
-0.215445 -6.1111
-0.207458 -6.11093
-0.199471 -6.11106
-0.191484 -6.11111
-0.18749 -6.11089
-0.183496 -6.11066
-0.17551 -6.11072
-0.167523 -6.11094
-0.159536 -6.11108
-0.151549 -6.11108
-0.143563 -6.11145
-0.135575 -6.11106
-0.127588 -6.11087
-0.119601 -6.11086
-0.115608 -6.11116
-0.111615 -6.11147
-0.103628 -6.11121
-0.0956402 -6.11078
-0.0916471 -6.11104
-0.0876541 -6.11131
-0.0796671 -6.11132
-0.0716802 -6.11129
-0.0636937 -6.11159
-0.0596998 -6.11135
-0.055706 -6.11112
-0.0477195 -6.1114
-0.0397328 -6.11153
-0.0317457 -6.11147
-0.0237588 -6.11148
-0.0157719 -6.11149
-0.00778517 -6.11165
0.000201893 -6.11157
0.00419582 -6.11126
0.00818975 -6.11094
0.0161761 -6.11135
0.0241632 -6.11125
0.0321505 -6.11098
0.0401373 -6.11111
0.0481239 -6.11133
0.0561112 -6.11108
0.0640978 -6.11134
0.0720848 -6.11126
0.0800712 -6.11162
0.0880585 -6.11136
0.0960457 -6.11123
0.104033 -6.11117
0.108026 -6.11144
0.112019 -6.11171
0.120006 -6.11142
0.127993 -6.11119
0.13598 -6.11129
0.139973 -6.11154
0.143966 -6.11179
0.151954 -6.11152
0.159941 -6.11129
0.167928 -6.11124
0.171921 -6.11152
0.175914 -6.1118
0.183901 -6.1117
0.191888 -6.11167
0.199875 -6.11193
0.207862 -6.11169
0.215849 -6.11142
0.223837 -6.11124
0.231823 -6.11142
0.23981 -6.11173
0.247796 -6.11203
0.255784 -6.11174
0.263771 -6.11147
0.267764 -6.11173
0.271757 -6.112
0.279744 -6.112
0.287731 -6.11211
0.291725 -6.11188
0.295719 -6.11165
0.303705 -6.11206
0.307699 -6.11171
0.311693 -6.11136
0.315686 -6.11174
0.319679 -6.11212
0.323673 -6.11187
0.327666 -6.11162
0.335653 -6.1119
0.34364 -6.11165
0.351627 -6.11175
0.359613 -6.11217
0.363607 -6.1119
0.367601 -6.11164
0.371594 -6.11191
0.375587 -6.11217
0.379581 -6.11184
0.383575 -6.11151
0.387568 -6.11185
0.391561 -6.11219
0.395555 -6.11186
0.399549 -6.11153
0.403542 -6.11183
0.407535 -6.11212
0.411529 -6.11183
0.415523 -6.11154
0.423509 -6.112
0.431496 -6.11217
0.43549 -6.11187
0.439484 -6.11157
0.443477 -6.11193
0.447469 -6.11228
0.455457 -6.11188
0.463444 -6.11166
0.471431 -6.11177
0.475424 -6.11201
0.479417 -6.11225
0.487404 -6.11234
0.491398 -6.11204
0.495392 -6.11175
0.503379 -6.11188
0.511366 -6.11178
0.515359 -6.11212
0.519352 -6.11247
0.523346 -6.11209
0.52734 -6.11172
0.531333 -6.11204
0.535326 -6.11236
0.53932 -6.1121
0.543313 -6.11185
0.5513 -6.11183
0.559287 -6.112
0.567273 -6.11245
0.571267 -6.11218
0.575261 -6.11191
0.583248 -6.11191
0.591235 -6.1119
0.595228 -6.1122
0.599221 -6.11251
0.607208 -6.11232
0.615195 -6.11238
0.623182 -6.11216
0.631169 -6.11228
0.639157 -6.11191
0.647143 -6.11192
0.65513 -6.11198
0.663117 -6.11197
0.66711 -6.11227
0.671103 -6.11257
0.67909 -6.11265
0.687077 -6.11257
0.695065 -6.11227
0.703051 -6.11247
0.711038 -6.11243
0.719025 -6.11246
0.727012 -6.11236
0.735 -6.11205
0.742986 -6.11217
0.750973 -6.11256
0.75896 -6.11213
0.766947 -6.11225
0.774934 -6.11257
0.782921 -6.11219
0.790908 -6.11243
0.798894 -6.1125
0.806881 -6.11284
0.814868 -6.1127
0.822855 -6.11264
0.830843 -6.11228
0.838829 -6.11248
0.846816 -6.1129
0.854803 -6.1127
0.86279 -6.11272
0.870777 -6.11275
0.878764 -6.11269
0.88675 -6.11273
0.894737 -6.11294
0.898731 -6.11267
0.902725 -6.1124
0.910711 -6.11286
0.918698 -6.1129
0.926685 -6.113
0.934672 -6.11307
0.942659 -6.11301
0.946653 -6.1127
0.950647 -6.11239
0.954639 -6.11274
0.958632 -6.11309
0.962626 -6.11282
0.96662 -6.11255
0.974607 -6.11279
0.982593 -6.11308
0.986587 -6.11274
0.990581 -6.11241
0.998567 -6.11284
1.00655 -6.11319
1.01055 -6.11293
1.01454 -6.11267
1.02253 -6.11256
1.03052 -6.11257
1.03451 -6.11286
1.0385 -6.11315
1.04649 -6.11302
1.05448 -6.11272
1.06246 -6.11269
1.07045 -6.11289
1.07844 -6.11295
1.08642 -6.1133
1.09441 -6.11315
1.1024 -6.11302
1.11038 -6.11296
1.11837 -6.11293
1.12636 -6.11296
1.13435 -6.11264
1.14233 -6.11269
1.15032 -6.11272
1.15831 -6.11296
1.16629 -6.11337
1.17428 -6.1133
1.18227 -6.11309
1.19025 -6.11326
1.19824 -6.11305
1.20623 -6.11318
1.21022 -6.11294
1.21422 -6.11271
1.2222 -6.11287
1.22619 -6.11316
1.23019 -6.11345
1.23418 -6.11314
1.23818 -6.11284
1.24616 -6.11306
1.25415 -6.11289
1.25814 -6.11316
1.26214 -6.11344
1.27012 -6.11333
1.27412 -6.11309
1.27811 -6.11284
1.2861 -6.11288
1.29408 -6.11297
1.30207 -6.11329
1.31006 -6.11331
1.31804 -6.11294
1.32603 -6.11334
1.33402 -6.11311
1.34201 -6.11305
1.346 -6.1133
1.34999 -6.11355
1.35798 -6.11356
1.36197 -6.11329
1.36597 -6.11302
1.37395 -6.11337
1.38194 -6.11371
1.38993 -6.11352
1.39791 -6.11363
1.40191 -6.11332
1.4059 -6.11302
1.40989 -6.11334
1.41389 -6.11366
1.42187 -6.11374
1.42986 -6.11375
1.43385 -6.11345
1.43785 -6.11316
1.44584 -6.1132
1.45382 -6.11343
1.46181 -6.11338
1.4698 -6.11357
1.47778 -6.11376
1.48577 -6.1135
1.49376 -6.11391
1.50174 -6.11366
1.50973 -6.11339
1.51772 -6.1134
1.5257 -6.11371
1.53369 -6.11378
1.53768 -6.11353
1.54168 -6.11327
1.54567 -6.11363
1.54966 -6.11398
1.55765 -6.11399
1.56564 -6.11396
1.56963 -6.11362
1.57363 -6.11329
1.58161 -6.1135
1.5896 -6.11333
1.59359 -6.11365
1.59759 -6.11396
1.60557 -6.11357
1.61356 -6.1139
1.62155 -6.11398
1.62554 -6.1137
1.62953 -6.11342
1.63353 -6.11373
1.63752 -6.11405
1.64151 -6.11372
1.64551 -6.11339
1.6495 -6.11375
1.65349 -6.11411
1.65749 -6.1138
1.66148 -6.11348
1.66947 -6.11364
1.67346 -6.11389
1.67746 -6.11413
1.68544 -6.11412
1.68944 -6.11383
1.69343 -6.11353
1.70142 -6.11354
1.7094 -6.11356
1.7134 -6.11384
1.71739 -6.11412
1.72538 -6.1138
1.73336 -6.11376
1.74135 -6.11402
1.74934 -6.11392
1.75733 -6.11351
1.76531 -6.11363
1.76931 -6.11388
1.7733 -6.11414
1.78129 -6.114
1.78927 -6.11412
1.79726 -6.11428
1.80125 -6.11397
1.80525 -6.11366
1.80924 -6.11391
1.81323 -6.11415
1.82122 -6.11406
1.82921 -6.11379
1.83719 -6.11386
1.84518 -6.11404
1.85317 -6.11428
1.85716 -6.11401
1.86116 -6.11374
1.86515 -6.11397
1.86914 -6.11421
1.87713 -6.11446
1.88512 -6.11417
1.8931 -6.11403
1.90109 -6.11388
1.90908 -6.11419
1.91706 -6.11453
1.92505 -6.11411
1.93304 -6.11446
1.94102 -6.11425
1.94901 -6.11457
1.957 -6.11448
1.96498 -6.11444
1.97297 -6.11426
1.98096 -6.11435
1.98895 -6.11445
1.99693 -6.1141
2.00492 -6.11424
2.01291 -6.11404
2.02089 -6.11426
2.02888 -6.11395
2.03287 -6.11421
2.03687 -6.11447
2.04486 -6.11447
2.04982 -6.11403
2.0548 -6.1139
2.05966 -6.1128
2.06461 -6.1123
2.06949 -6.11131
2.07428 -6.10996
2.07891 -6.10813
2.08362 -6.10655
2.08826 -6.10472
2.09256 -6.10219
2.0968 -6.09959
2.10123 -6.09729
2.10767 -6.09264
2.11409 -6.08796
2.121 -6.08401
2.12725 -6.07909
2.13418 -6.07516
2.14042 -6.07023
2.14696 -6.06573
2.15348 -6.06119
2.16035 -6.05719
2.16694 -6.05277
2.1735 -6.04829
2.18007 -6.04383
2.18648 -6.03915
2.19332 -6.03509
2.19949 -6.03004
2.20642 -6.02613
2.21269 -6.02123
2.21918 -6.01666
2.22597 -6.01254
2.23244 -6.00793
2.23926 -6.00385
2.24545 -5.99883
2.25228 -5.99476
2.25858 -5.98991
2.26537 -5.98577
2.27215 -5.98163
2.27832 -5.97658
2.2853 -5.97274
2.29167 -5.968
2.29815 -5.96339
2.30474 -5.95898
2.31131 -5.95452
2.31801 -5.95026
2.32447 -5.94564
2.33122 -5.94145
2.33784 -5.93707
2.34438 -5.93257
2.35094 -5.92811
2.35718 -5.92317
2.36405 -5.91916
2.3706 -5.91468
2.37698 -5.90994
2.38356 -5.9055
2.39003 -5.9009
2.39662 -5.89647
2.40315 -5.89196
2.41013 -5.8881
2.41662 -5.88354
2.42293 -5.8787
2.42968 -5.87452
2.43615 -5.86991
2.44294 -5.86578
2.4494 -5.86116
2.45612 -5.85694
2.46263 -5.85238
2.46927 -5.84804
2.4755 -5.84309
2.48239 -5.8391
2.48885 -5.83449
2.49517 -5.82966
2.50169 -5.82514
2.50354 -5.82437
2.51013 -5.81989
2.51653 -5.81514
2.52304 -5.81055
2.52957 -5.80599
2.53608 -5.80141
2.54276 -5.79706
2.54901 -5.7921
2.55558 -5.7876
2.56192 -5.78277
2.5684 -5.77813
2.57518 -5.77393
2.58168 -5.76933
2.5882 -5.76476
2.59471 -5.76016
2.60092 -5.75514
2.60774 -5.751
2.61418 -5.74631
2.62065 -5.74166
2.62724 -5.73719
2.63367 -5.73249
2.64014 -5.72785
2.64679 -5.72346
2.65331 -5.71888
2.65948 -5.71381
2.66612 -5.7094
2.67272 -5.70494
2.67931 -5.70046
2.68564 -5.69562
2.69232 -5.69127
2.69858 -5.68633
2.70534 -5.6821
2.71187 -5.67753
2.71826 -5.67278
2.72472 -5.66812
2.73117 -5.66345
2.73766 -5.65883
2.74401 -5.65402
2.75075 -5.64975
2.75725 -5.64515
2.76364 -5.64039
2.77 -5.63559
2.77667 -5.63123
2.78306 -5.62647
2.7896 -5.62192
2.79623 -5.61751
2.80288 -5.61311
2.80913 -5.60816
2.81576 -5.60373
2.82233 -5.59923
2.82853 -5.59421
2.8354 -5.59013
2.84188 -5.58549
2.84843 -5.58096
2.85464 -5.57595
2.86148 -5.57183
2.86774 -5.56688
2.8741 -5.56208
2.88072 -5.55765
2.88715 -5.55294
2.89366 -5.54836
2.90036 -5.54404
2.90679 -5.53933
2.91329 -5.53473
2.91982 -5.53017
2.92631 -5.52555
2.93286 -5.52102
2.93938 -5.51645
2.94577 -5.51169
2.95252 -5.50744
2.95899 -5.50279
2.9655 -5.49821
2.97198 -5.49357
2.97836 -5.48881
2.98475 -5.48405
2.99127 -5.47948
2.99786 -5.47499
3.00443 -5.47049
3.01083 -5.46574
3.01724 -5.46101
3.02377 -5.45646
3.03043 -5.45207
3.03666 -5.4471
3.04318 -5.44252
3.04982 -5.43811
3.05318 -5.43594
3.05324 -5.43667
3.05414 -5.43687
3.05459 -5.43746
3.05487 -5.43829
3.0554 -5.43884
3.05603 -5.43928
3.05672 -5.43961
3.0575 -5.43976
3.05812 -5.44021
3.05882 -5.44048
3.05951 -5.44084
3.06025 -5.44101
3.06098 -5.44125
3.06176 -5.44117
3.06251 -5.44071
3.06327 -5.44132
3.06398 -5.44081
3.06862 -5.44043
3.07325 -5.44005
3.07392 -5.44037
3.07448 -5.43998
3.07508 -5.4398
3.08093 -5.43833
3.08679 -5.43686
3.09264 -5.43539
3.0985 -5.43393
3.09922 -5.43386
3.09986 -5.43352
3.1005 -5.43321
3.10125 -5.43312
3.10196 -5.43291
3.10257 -5.43251
3.10305 -5.43194
3.10359 -5.43147
3.10421 -5.43108
3.10453 -5.43041
3.10871 -5.4258
3.1129 -5.42119
3.11708 -5.41658
3.12116 -5.41141
3.12524 -5.40623
3.12932 -5.40105
3.13341 -5.39587
3.13749 -5.3907
3.13763 -5.38989
3.13826 -5.38941
3.13832 -5.38861
3.1386 -5.38795
3.13952 -5.3875
3.13944 -5.38669
3.13935 -5.38591
3.14021 -5.38531
3.14015 -5.38453
3.13962 -5.38376
3.13995 -5.38303
3.14037 -5.38224
3.13985 -5.38155
3.13976 -5.38081
3.13977 -5.38003
3.1397 -5.37925
3.13893 -5.37876
3.13882 -5.378
3.1388 -5.37714
3.13814 -5.37666
3.1378 -5.37624
3.14103 -5.37397
3.14746 -5.36927
3.15413 -5.3649
3.16052 -5.36015
3.16675 -5.35516
3.17359 -5.35104
3.17989 -5.34616
3.18629 -5.34141
3.19297 -5.33706
3.19941 -5.33238
3.206 -5.3279
3.2126 -5.32343
3.21914 -5.3189
3.22528 -5.31378
3.23185 -5.30928
3.23836 -5.30469
3.24497 -5.30024
3.25159 -5.2958
3.25782 -5.29083
3.26438 -5.28631
3.27087 -5.28169
3.27774 -5.27761
3.28414 -5.27286
3.2907 -5.26835
3.29714 -5.26366
3.30359 -5.25899
3.30992 -5.25414
3.31659 -5.24978
3.32297 -5.24501
3.32946 -5.24038
3.3361 -5.23599
3.34245 -5.23116
3.34927 -5.22702
3.35569 -5.22231
3.36214 -5.21763
3.36855 -5.2129
3.37521 -5.20853
3.38138 -5.20345
3.38812 -5.19919
3.3947 -5.1947
3.40102 -5.18984
3.40758 -5.18532
3.41402 -5.18063
3.42065 -5.17622
3.42709 -5.17153
3.43351 -5.16681
3.44027 -5.16255
3.44376 -5.1592
3.4475 -5.1562
3.45102 -5.1529
3.45449 -5.14959
3.45806 -5.1463
3.46082 -5.14235
3.46402 -5.13871
3.46639 -5.13451
3.46901 -5.13045
3.47122 -5.12618
3.47376 -5.12204
3.47542 -5.11749
3.47711 -5.11297
3.47772 -5.1107
3.47811 -5.1109
3.47886 -5.11096
3.47961 -5.11088
3.48035 -5.11062
3.48109 -5.111
3.48186 -5.11128
3.48257 -5.11093
3.48321 -5.11041
3.48401 -5.11058
3.48459 -5.11002
3.48528 -5.10981
3.48615 -5.10992
3.48678 -5.10952
3.48716 -5.10875
3.49099 -5.10667
3.49483 -5.10459
3.49508 -5.10373
3.49558 -5.10325
3.49632 -5.10301
3.49711 -5.10276
3.49729 -5.10197
3.49748 -5.10123
3.4984 -5.10099
3.49859 -5.10026
3.49926 -5.09978
3.49934 -5.09902
3.4994 -5.09828
3.49947 -5.09757
3.4997 -5.09689
3.50158 -5.08977
3.50345 -5.08264
3.50325 -5.08197
3.50421 -5.0777
3.50518 -5.07343
3.50546 -5.07276
3.50558 -5.07205
3.50545 -5.07134
3.50583 -5.07062
3.50536 -5.06393
3.5054 -5.06324
3.50515 -5.06258
3.50524 -5.06186
3.50392 -5.05638
3.50259 -5.05091
3.50127 -5.04543
3.50102 -5.04474
3.5011 -5.04394
3.50042 -5.04343
3.50057 -5.04255
3.49796 -5.0372
3.49534 -5.03186
3.49272 -5.02651
3.49219 -5.02594
3.49153 -5.02549
3.49138 -5.02468
3.491 -5.02401
3.49045 -5.0235
3.48974 -5.02317
3.48911 -5.02278
3.48882 -5.02191
3.48803 -5.02175
3.48751 -5.02113
3.48677 -5.02093
3.48617 -5.0204
3.48534 -5.02051
3.48472 -5.01988
3.48387 -5.02036
3.48315 -5.02019
3.48244 -5.01976
3.48199 -5.02004
3.48208 -5.01586
3.48182 -5.00787
3.48186 -4.99988
3.4816 -4.99589
3.48134 -4.9919
3.48144 -4.98391
3.48161 -4.97591
3.48134 -4.96793
3.48088 -4.95994
3.48118 -4.95594
3.48147 -4.95195
3.48102 -4.94396
3.48131 -4.93597
3.48126 -4.92798
3.48131 -4.91999
3.48105 -4.916
3.48079 -4.912
3.48095 -4.90401
3.48066 -4.89603
3.4809 -4.88803
3.48065 -4.88005
3.48076 -4.87205
3.4804 -4.86806
3.48004 -4.86407
3.48031 -4.86007
3.48058 -4.85608
3.48052 -4.84809
3.48018 -4.8441
3.47985 -4.8401
3.48005 -4.83611
3.48025 -4.83211
3.47996 -4.82412
3.47958 -4.81614
3.47955 -4.80815
3.47985 -4.80415
3.48014 -4.80015
3.47953 -4.79218
3.47973 -4.78748
3.47884 -4.78288
3.47845 -4.77821
3.47756 -4.77363
3.47667 -4.76903
3.47566 -4.76445
3.47378 -4.76015
3.47228 -4.75574
3.47047 -4.75142
3.4683 -4.7473
3.46615 -4.74314
3.46374 -4.73915
3.46091 -4.73542
3.4585 -4.73138
3.45552 -4.72777
3.45209 -4.7246
3.44922 -4.72084
3.4455 -4.71796
3.43941 -4.7128
3.43349 -4.70745
3.42773 -4.7019
3.42172 -4.69665
3.41551 -4.69161
3.40942 -4.68645
3.40347 -4.68113
3.39754 -4.67578
3.39148 -4.67058
3.38569 -4.66508
3.38247 -4.66269
3.37926 -4.6603
3.37351 -4.65475
3.36768 -4.64929
3.3616 -4.64411
3.35531 -4.63917
3.35252 -4.6363
3.34973 -4.63343
3.34363 -4.62828
3.34044 -4.62587
3.33724 -4.62345
3.33132 -4.6181
3.32527 -4.61288
3.31957 -4.60728
3.31367 -4.6019
3.31043 -4.59954
3.30719 -4.59718
3.30151 -4.59155
3.29529 -4.58653
3.29247 -4.58369
3.28965 -4.58085
3.28334 -4.57593
3.27731 -4.57071
3.27448 -4.56788
3.27164 -4.56506
3.26847 -4.56263
3.26529 -4.56019
3.25954 -4.55464
3.25354 -4.54938
3.24748 -4.54418
3.24429 -4.54176
3.2411 -4.53934
3.23537 -4.53377
3.22942 -4.52845
3.22353 -4.52306
3.22033 -4.52064
3.21714 -4.51823
3.21145 -4.51261
3.20528 -4.50753
3.1993 -4.50224
3.19318 -4.49712
3.19036 -4.49427
3.18755 -4.49142
3.18131 -4.48643
3.17509 -4.48142
3.16937 -4.47583
3.16319 -4.47077
3.15708 -4.46563
3.1514 -4.46
3.14522 -4.45493
3.13915 -4.44975
3.1332 -4.44442
3.12734 -4.439
3.12109 -4.43401
3.11826 -4.43118
3.11543 -4.42835
3.11224 -4.42594
3.10905 -4.42353
3.10308 -4.41822
3.09734 -4.41266
3.09112 -4.40764
3.08535 -4.40212
3.08213 -4.39973
3.07891 -4.39735
3.07321 -4.39174
3.06711 -4.38659
3.06117 -4.38125
3.05518 -4.37597
3.04923 -4.37065
3.04297 -4.36568
3.03703 -4.36034
3.03115 -4.35495
3.02535 -4.34945
3.02209 -4.3471
3.01884 -4.34476
3.01605 -4.34189
3.01326 -4.33902
3.01007 -4.3366
3.00688 -4.33418
3.00103 -4.32874
2.99495 -4.32357
2.9892 -4.31801
2.98299 -4.31298
2.97687 -4.30786
2.97408 -4.30498
2.9713 -4.3021
2.96812 -4.29967
2.96494 -4.29725
2.96211 -4.29442
2.95928 -4.29159
2.95317 -4.28645
2.94685 -4.28154
2.94106 -4.27603
2.93493 -4.27092
2.92876 -4.26585
2.92595 -4.263
2.92314 -4.26015
2.91716 -4.25486
2.91109 -4.24966
2.90498 -4.24453
2.89889 -4.23937
2.8931 -4.23385
2.887 -4.2287
2.88119 -4.22322
2.878 -4.22081
2.87481 -4.21839
2.8687 -4.21324
2.86271 -4.20796
2.85995 -4.20506
2.85718 -4.20216
2.85108 -4.19701
2.8449 -4.19195
2.83908 -4.18648
2.83313 -4.18115
2.82692 -4.17612
2.82075 -4.17106
2.8149 -4.16561
2.80879 -4.16047
2.80299 -4.15498
2.79673 -4.15001
2.79087 -4.14458
2.78476 -4.13943
2.77893 -4.13398
2.77298 -4.12865
2.767 -4.12336
2.76093 -4.11817
2.75464 -4.11324
2.74858 -4.10805
2.74277 -4.10256
2.73667 -4.09741
2.73057 -4.09225
2.72484 -4.08667
2.71894 -4.08129
2.71276 -4.07624
2.7069 -4.07081
2.70085 -4.0656
2.69458 -4.06063
2.68873 -4.0552
2.68246 -4.05024
2.67647 -4.04496
2.67366 -4.04212
2.67084 -4.03927
2.66467 -4.0342
2.65868 -4.02892
2.65244 -4.02393
2.64968 -4.02102
2.64692 -4.01811
2.64067 -4.01313
2.63488 -4.00762
2.62882 -4.00243
2.62253 -3.99749
2.61684 -3.99187
2.61053 -3.98696
2.6077 -3.98413
2.60487 -3.9813
2.59864 -3.9763
2.59242 -3.97129
2.58635 -3.96609
2.58056 -3.96058
2.57446 -3.95544
2.57164 -3.9526
2.56882 -3.94976
2.56277 -3.94455
2.55653 -3.93956
2.55058 -3.93423
2.54448 -3.92908
2.53843 -3.92387
2.5324 -3.91864
2.52638 -3.91339
2.52032 -3.90819
2.51751 -3.90534
2.5147 -3.90249
2.50869 -3.89724
2.50274 -3.89191
2.49952 -3.88953
2.49629 -3.88716
2.49351 -3.88427
2.49074 -3.88138
2.48473 -3.87612
2.47846 -3.87116
2.47268 -3.86565
2.46656 -3.86052
2.46063 -3.85516
2.45451 -3.85004
2.44825 -3.84507
2.44236 -3.83968
2.43663 -3.8341
2.43061 -3.82885
2.42742 -3.82644
2.42423 -3.82402
2.41833 -3.81864
2.41227 -3.81344
2.40945 -3.81061
2.40663 -3.80777
2.40344 -3.80534
2.40026 -3.80292
2.39452 -3.79735
2.39133 -3.79494
2.38814 -3.79253
2.38239 -3.78697
2.3762 -3.78193
2.37337 -3.77909
2.37055 -3.77625
2.36424 -3.77134
2.35811 -3.76623
2.35533 -3.76334
2.35255 -3.76046
2.34654 -3.7552
2.34335 -3.75279
2.34015 -3.75038
2.33436 -3.74487
2.32839 -3.73957
2.3222 -3.73452
2.3164 -3.72903
2.31039 -3.72377
2.30451 -3.71837
2.30131 -3.71596
2.29812 -3.71354
2.29215 -3.70825
2.28617 -3.70295
2.28022 -3.69762
2.27417 -3.69242
2.26837 -3.68693
2.26208 -3.68199
2.25632 -3.67644
2.25023 -3.67128
2.24423 -3.66602
2.2382 -3.66079
2.23231 -3.65538
2.22641 -3.65001
2.22039 -3.64477
2.2144 -3.63949
2.20831 -3.63432
2.20512 -3.6319
2.20193 -3.62949
2.19913 -3.62663
2.19633 -3.62377
2.19041 -3.6184
2.18435 -3.61321
2.17834 -3.60795
2.17207 -3.603
2.16613 -3.59765
2.15998 -3.59256
2.15422 -3.58702
2.14813 -3.58185
2.14204 -3.57669
2.13633 -3.5711
2.1331 -3.56872
2.12988 -3.56634
2.12417 -3.56074
2.11784 -3.55586
2.11193 -3.55049
2.10603 -3.54511
2.09983 -3.54006
2.09416 -3.53442
2.08786 -3.52949
2.08214 -3.52391
2.07588 -3.51894
2.06987 -3.51368
2.06409 -3.50816
2.05781 -3.50321
2.05504 -3.50033
2.05226 -3.49744
2.04616 -3.49229
2.03991 -3.4873
2.03382 -3.48213
2.0279 -3.47678
2.02195 -3.47145
2.01597 -3.46616
2.00997 -3.4609
2.00407 -3.45552
1.99782 -3.45054
1.99188 -3.4452
1.98571 -3.44013
1.97972 -3.43485
1.97396 -3.42931
1.96767 -3.42437
1.96486 -3.42152
1.96204 -3.41868
1.95595 -3.41352
1.94992 -3.40828
1.94395 -3.40298
1.93813 -3.39751
1.93493 -3.39511
1.93173 -3.3927
1.92601 -3.38711
1.91996 -3.38191
1.91393 -3.37667
1.90793 -3.3714
1.90198 -3.36608
1.89878 -3.36368
1.89557 -3.36128
1.88963 -3.35594
1.88681 -3.35311
1.88399 -3.35027
1.87781 -3.3452
1.87184 -3.3399
1.86558 -3.33493
1.85976 -3.32946
1.85381 -3.32413
1.84785 -3.31882
1.84156 -3.31389
1.83561 -3.30856
1.82967 -3.30323
1.82399 -3.2976
1.8178 -3.29255
1.81197 -3.28709
1.80593 -3.28186
1.80275 -3.27943
1.79957 -3.277
1.79351 -3.27181
1.7878 -3.26621
1.78179 -3.26096
1.77862 -3.25852
1.77544 -3.25609
1.77263 -3.25324
1.76982 -3.25039
1.76374 -3.24521
1.75784 -3.23983
1.7519 -3.23449
1.7487 -3.2321
1.74549 -3.2297
1.73981 -3.22406
1.73662 -3.22164
1.73344 -3.21923
1.72738 -3.21402
1.72156 -3.20855
1.7154 -3.20346
1.70963 -3.19793
1.70368 -3.19261
1.69756 -3.18748
1.69153 -3.18225
1.68544 -3.17708
1.67936 -3.17191
1.67347 -3.16652
1.66774 -3.16094
1.66154 -3.15591
1.65575 -3.1504
1.64954 -3.14536
1.64347 -3.14018
1.63764 -3.13472
1.63132 -3.12982
1.62557 -3.12427
1.61974 -3.11881
1.61649 -3.11646
1.61324 -3.11411
1.61044 -3.11124
1.60765 -3.10838
1.60161 -3.10315
1.59572 -3.09776
1.58959 -3.09264
1.58371 -3.08724
1.58047 -3.08488
1.57724 -3.08251
1.57135 -3.07712
1.56545 -3.07173
1.55953 -3.06638
1.55369 -3.06093
1.54755 -3.05582
1.54131 -3.05082
1.53532 -3.04555
1.52942 -3.04017
1.52316 -3.03519
1.51743 -3.02962
1.5115 -3.02427
1.5052 -3.01935
1.5024 -3.01649
1.4996 -3.01362
1.49635 -3.01127
1.4931 -3.00893
1.4903 -3.00607
1.48749 -3.00322
1.48127 -2.9982
1.4754 -2.99279
1.46919 -2.98776
1.46636 -2.98493
1.46354 -2.98209
1.4603 -2.97973
1.45706 -2.97737
1.4511 -2.97206
1.44535 -2.96651
1.43936 -2.96123
1.43319 -2.95615
1.43037 -2.95332
1.42755 -2.95048
1.42152 -2.94525
1.41534 -2.94018
1.40926 -2.93501
1.40304 -2.93
1.39699 -2.92478
1.39422 -2.92189
1.39144 -2.919
1.38827 -2.91656
1.3851 -2.91413
1.37927 -2.90866
1.3733 -2.90336
1.3671 -2.89832
1.36097 -2.8932
1.35815 -2.89037
1.35533 -2.88753
1.34912 -2.8825
1.34319 -2.87715
1.33701 -2.87209
1.33093 -2.86691
1.32493 -2.86165
1.31891 -2.8564
1.31609 -2.85356
1.31327 -2.85072
1.30718 -2.84556
1.30112 -2.84036
1.29522 -2.83498
1.2892 -2.82974
1.28311 -2.82458
1.27715 -2.81926
1.27122 -2.81392
1.26509 -2.8088
1.25928 -2.80331
1.25323 -2.7981
1.24693 -2.79318
1.24122 -2.78758
1.23499 -2.78257
1.22932 -2.77693
1.22611 -2.77453
1.22291 -2.77213
1.2171 -2.76665
1.21089 -2.76162
1.20501 -2.75622
1.19909 -2.75086
1.19321 -2.74546
1.19002 -2.74304
1.18683 -2.74062
1.18101 -2.73515
1.17493 -2.72997
1.16898 -2.72465
1.16276 -2.71963
1.15689 -2.71421
1.15108 -2.70873
1.14476 -2.70383
1.14199 -2.70094
1.13921 -2.69805
1.13302 -2.693
1.1268 -2.68799
1.12087 -2.68264
1.11497 -2.67725
1.1088 -2.67218
1.1031 -2.66657
1.09703 -2.66139
1.09096 -2.6562
1.0849 -2.651
1.07915 -2.64545
1.07293 -2.64043
1.06672 -2.63541
1.06389 -2.63257
1.06107 -2.62974
1.05487 -2.6247
1.04906 -2.61922
1.04583 -2.61685
1.0426 -2.61448
1.03984 -2.61157
1.03708 -2.60866
1.03089 -2.60361
1.02488 -2.59835
1.01906 -2.59288
1.01306 -2.58762
1.00707 -2.58233
1.00087 -2.5773
0.994921 -2.57197
0.988723 -2.56693
0.982647 -2.56175
0.976815 -2.55629
0.970727 -2.55113
0.964902 -2.54566
0.958916 -2.54038
0.95285 -2.53518
0.946761 -2.53002
0.940888 -2.52461
0.937705 -2.52218
0.934522 -2.51976
0.92854 -2.51447
0.925758 -2.51159
0.922976 -2.50871
0.916781 -2.50366
0.91069 -2.4985
0.904691 -2.49323
0.898682 -2.48797
0.892457 -2.48296
0.886557 -2.47758
0.880882 -2.47194
0.874657 -2.46693
0.868818 -2.46148
0.862771 -2.45627
0.856615 -2.45118
0.850803 -2.4457
0.844578 -2.44069
0.83886 -2.4351
0.832524 -2.43022
0.82644 -2.42505
0.823624 -2.4222
0.820809 -2.41936
0.814547 -2.41439
0.808573 -2.40909
0.80247 -2.40394
0.796753 -2.39835
0.790824 -2.39301
0.787617 -2.39061
0.784411 -2.38821
0.781597 -2.38536
0.778783 -2.38252
0.772501 -2.37757
0.766519 -2.37229
0.760734 -2.36677
0.754691 -2.36155
0.748398 -2.35662
0.74258 -2.35115
0.736735 -2.3457
0.730691 -2.34049
0.724571 -2.33536
0.718657 -2.32999
0.715477 -2.32756
0.712297 -2.32514
0.70947 -2.3223
0.706642 -2.31947
0.700678 -2.31417
0.694468 -2.30914
0.691275 -2.30648
