-1.33439 -2.68993
-1.3376 -2.69288
-1.34355 -2.69822
-1.34955 -2.70349
-1.35546 -2.70887
-1.36133 -2.71429
-1.36731 -2.71959
-1.37334 -2.72483
-1.37906 -2.73041
-1.38516 -2.73558
-1.39106 -2.74098
-1.39383 -2.74387
-1.39659 -2.74676
-1.40239 -2.75226
-1.40557 -2.7547
-1.40875 -2.75714
-1.4115 -2.76006
-1.41425 -2.76297
-1.42013 -2.76838
-1.42625 -2.77353
-1.43219 -2.77887
-1.438 -2.78436
-1.4437 -2.78997
-1.44679 -2.79251
-1.44988 -2.79504
-1.45561 -2.80062
-1.4616 -2.8059
-1.46471 -2.80843
-1.46781 -2.81096
-1.47057 -2.81385
-1.47334 -2.81675
-1.47928 -2.82209
-1.48512 -2.82754
-1.49088 -2.83308
-1.49399 -2.8356
-1.4971 -2.83813
-1.50273 -2.84381
-1.50874 -2.84907
-1.51474 -2.85435
-1.52071 -2.85966
-1.52672 -2.86492
-1.53242 -2.87053
-1.53846 -2.87576
-1.54421 -2.88132
-1.54997 -2.88686
-1.55306 -2.88939
-1.55616 -2.89193
-1.56186 -2.89754
-1.56788 -2.90279
-1.57368 -2.90828
-1.57953 -2.91373
-1.58553 -2.91901
-1.59167 -2.92414
-1.59758 -2.92951
-1.60334 -2.93505
-1.60904 -2.94065
-1.61519 -2.94577
-1.61799 -2.94862
-1.6208 -2.95147
-1.62662 -2.95695
-1.62979 -2.9594
-1.63296 -2.96185
-1.63874 -2.96738
-1.64461 -2.97279
-1.65051 -2.97818
-1.65638 -2.9836
-1.66234 -2.98892
-1.66824 -2.99431
-1.67404 -2.99981
-1.67976 -3.00539
-1.68561 -3.01083
-1.69167 -3.01605
-1.69782 -3.02115
-1.70056 -3.02409
-1.70329 -3.02702
-1.70918 -3.03241
-1.71533 -3.03752
-1.72136 -3.04277
-1.72708 -3.04836
-1.73312 -3.05359
-1.73905 -3.05895
-1.74185 -3.06181
-1.74465 -3.06466
-1.75051 -3.0701
-1.75636 -3.07554
-1.7623 -3.08088
-1.76539 -3.08342
-1.76849 -3.08595
-1.77416 -3.09158
-1.7802 -3.09683
-1.78622 -3.10207
-1.79205 -3.10754
-1.79778 -3.11311
-1.80388 -3.11828
-1.8099 -3.12354
-1.81573 -3.12901
-1.81851 -3.13189
-1.82128 -3.13477
-1.82446 -3.13722
-1.82763 -3.13966
-1.83349 -3.1451
-1.83928 -3.1506
-1.84498 -3.15621
-1.85112 -3.16134
-1.85687 -3.16689
-1.86255 -3.17251
-1.86565 -3.17504
-1.86876 -3.17757
-1.87482 -3.18278
-1.87752 -3.18575
-1.88022 -3.18871
-1.88616 -3.19405
-1.89217 -3.19932
-1.89834 -3.20441
-1.90412 -3.20993
-1.90985 -3.21551
-1.91297 -3.21801
-1.9161 -3.22051
-1.9189 -3.22336
-1.92171 -3.22622
-1.92739 -3.23184
-1.93055 -3.23431
-1.9337 -3.23678
-1.93966 -3.2421
-1.94242 -3.24501
-1.94518 -3.24791
-1.95101 -3.25337
-1.95418 -3.25583
-1.95735 -3.25828
-1.96012 -3.26116
-1.9629 -3.26404
-1.96871 -3.26953
-1.97183 -3.27204
-1.97495 -3.27455
-1.98089 -3.27989
-1.98681 -3.28525
-1.99258 -3.29078
-1.99834 -3.29632
-2.00416 -3.30181
-2.00996 -3.3073
-2.01307 -3.30981
-2.01619 -3.31233
-2.02215 -3.31765
-2.02801 -3.32307
-2.03408 -3.32828
-2.03679 -3.33123
-2.0395 -3.33419
-2.04264 -3.33668
-2.04577 -3.33917
-2.05141 -3.34485
-2.05716 -3.3504
-2.0632 -3.35563
-2.06917 -3.36095
-2.07493 -3.36649
-2.08105 -3.37163
-2.08385 -3.37449
-2.08665 -3.37735
-2.09269 -3.38258
-2.09876 -3.38779
-2.1046 -3.39324
-2.11069 -3.39841
-2.11345 -3.40131
-2.11622 -3.40421
-2.11934 -3.40672
-2.12245 -3.40923
-2.12824 -3.41474
-2.13393 -3.42036
-2.13987 -3.4257
-2.14569 -3.43117
-2.14885 -3.43364
-2.152 -3.43611
-2.15773 -3.44168
-2.16382 -3.44687
-2.1695 -3.45249
-2.17547 -3.45781
-2.1812 -3.46338
-2.18731 -3.46853
-2.19316 -3.47398
-2.19883 -3.47962
-2.20478 -3.48495
-2.21089 -3.49011
-2.21687 -3.49541
-2.21968 -3.49825
-2.22249 -3.5011
-2.22827 -3.50661
-2.23434 -3.51182
-2.24009 -3.51737
-2.2461 -3.52264
-2.25181 -3.52823
-2.25782 -3.53351
-2.26372 -3.53889
-2.26972 -3.54417
-2.27575 -3.54941
-2.28167 -3.55477
-2.28732 -3.56043
-2.29311 -3.56594
-2.29911 -3.57122
-2.3022 -3.57376
-2.30529 -3.5763
-2.31112 -3.58177
-2.31702 -3.58716
-2.32295 -3.59251
-2.32875 -3.59801
-2.33481 -3.60322
-2.3405 -3.60884
-2.34636 -3.61427
-2.34946 -3.61679
-2.35256 -3.61932
-2.3585 -3.62467
-2.36121 -3.62763
-2.36391 -3.63059
-2.36711 -3.63301
-2.37031 -3.63543
-2.37598 -3.64108
-2.38162 -3.64675
-2.38477 -3.64922
-2.38792 -3.6517
-2.39367 -3.65725
-2.3995 -3.66271
-2.40537 -3.66813
-2.40848 -3.67065
-2.41158 -3.67318
-2.41434 -3.67608
-2.4171 -3.67898
-2.42318 -3.68418
-2.42888 -3.68977
-2.43477 -3.69518
-2.4407 -3.70053
-2.44655 -3.70598
-2.45267 -3.71112
-2.4585 -3.71659
-2.46425 -3.72214
-2.46742 -3.72459
-2.47059 -3.72704
-2.47634 -3.73259
-2.47914 -3.73545
-2.48195 -3.7383
-2.48802 -3.7435
-2.49416 -3.74862
-2.50007 -3.754
-2.50286 -3.75687
-2.50564 -3.75974
-2.5116 -3.76507
-2.5176 -3.77035
-2.52336 -3.77589
-2.52917 -3.78137
-2.53232 -3.78384
-2.53548 -3.78631
-2.54113 -3.79197
-2.54703 -3.79736
-2.55302 -3.80265
-2.55894 -3.80802
-2.56471 -3.81354
-2.57053 -3.81902
-2.57669 -3.82412
-2.58232 -3.8298
-2.58834 -3.83506
-2.59415 -3.84054
-2.60015 -3.84582
-2.60616 -3.85109
-2.61192 -3.85663
-2.61776 -3.86209
-2.62378 -3.86734
-2.62953 -3.8729
-2.63547 -3.87823
-2.64145 -3.88353
-2.64741 -3.88886
-2.65339 -3.89416
-2.65903 -3.89983
-2.66506 -3.90508
-2.67078 -3.91066
-2.67681 -3.9159
-2.6825 -3.92152
-2.6885 -3.9268
-2.6916 -3.92933
-2.6947 -3.93185
-2.7004 -3.93746
-2.70613 -3.94303
-2.70929 -3.9455
-2.71244 -3.94797
-2.71513 -3.95095
-2.71782 -3.95393
-2.72103 -3.95634
-2.72423 -3.95876
-2.73014 -3.96413
-2.73584 -3.96974
-2.73865 -3.97259
-2.74146 -3.97544
-2.74745 -3.98073
-2.75361 -3.98582
-2.75637 -3.98874
-2.75912 -3.99165
-2.76511 -3.99693
-2.77124 -4.00206
-2.77404 -4.00493
-2.77684 -4.00779
-2.78277 -4.01314
-2.78875 -4.01844
-2.79465 -4.02382
-2.80081 -4.02893
-2.80361 -4.03178
-2.80642 -4.03463
-2.81224 -4.04011
-2.81536 -4.04261
-2.81849 -4.04512
-2.82128 -4.04798
-2.82408 -4.05084
-2.83001 -4.05619
-2.83589 -4.0616
-2.84171 -4.06708
-2.84483 -4.06959
-2.84795 -4.07209
-2.85391 -4.07741
-2.85955 -4.08308
-2.86562 -4.08828
-2.87134 -4.09387
-2.87716 -4.09935
-2.88032 -4.1018
-2.88349 -4.10426
-2.88626 -4.10715
-2.88904 -4.11004
-2.89215 -4.11256
-2.89526 -4.11508
-2.90105 -4.12058
-2.90701 -4.1259
-2.91288 -4.13132
-2.91889 -4.13658
-2.92471 -4.14206
-2.92749 -4.14494
-2.93027 -4.14782
-2.93342 -4.15029
-2.93657 -4.15277
-2.9425 -4.15812
-2.94524 -4.16105
-2.94798 -4.16398
-2.95109 -4.16649
-2.95421 -4.169
-2.95984 -4.17468
-2.96582 -4.17998
-2.97185 -4.18523
-2.97463 -4.18811
-2.97741 -4.19098
-2.98338 -4.19629
-2.98918 -4.2018
-2.99514 -4.20712
-3.00117 -4.21236
-3.00426 -4.2149
-3.00735 -4.21744
-3.01311 -4.22298
-3.01591 -4.22584
-3.0187 -4.2287
-3.02469 -4.23399
-3.0308 -4.23915
-3.03684 -4.24439
-3.0427 -4.24982
-3.04867 -4.25513
-3.05456 -4.26053
-3.05732 -4.26342
-3.06009 -4.26632
-3.06322 -4.26882
-3.06635 -4.27132
-3.06913 -4.2742
-3.07191 -4.27708
-3.07806 -4.28219
-3.08399 -4.28755
-3.08673 -4.29046
-3.08948 -4.29338
-3.0955 -4.29863
-3.10159 -4.30381
-3.10767 -4.309
-3.11039 -4.31195
-3.1131 -4.31491
-3.11915 -4.32013
-3.12225 -4.32266
-3.12535 -4.32518
-3.13108 -4.33076
-3.13687 -4.33627
-3.14289 -4.34152
-3.14876 -4.34694
-3.15443 -4.35258
-3.16042 -4.35787
-3.1665 -4.36306
-3.17249 -4.36836
-3.17837 -4.37376
-3.18416 -4.37927
-3.19016 -4.38454
-3.19602 -4.38997
-3.20195 -4.39533
-3.20783 -4.40074
-3.21372 -4.40614
-3.21951 -4.41164
-3.22554 -4.41689
-3.22834 -4.41975
-3.23114 -4.42261
-3.23715 -4.42788
-3.24024 -4.43042
-3.24332 -4.43296
-3.24895 -4.43865
-3.25463 -4.44428
-3.26053 -4.44967
-3.26646 -4.45502
-3.26964 -4.45746
-3.27281 -4.45991
-3.2785 -4.46553
-3.28448 -4.47083
-3.29014 -4.47649
-3.2963 -4.48158
-3.29906 -4.48448
-3.30183 -4.48738
-3.30781 -4.49268
-3.31382 -4.49795
-3.31957 -4.5035
-3.32271 -4.50598
-3.32585 -4.50846
-3.33169 -4.51392
-3.33734 -4.51958
-3.34344 -4.52474
-3.34927 -4.53022
-3.35536 -4.53539
-3.35809 -4.53833
-3.36082 -4.54126
-3.36695 -4.54639
-3.37307 -4.55154
-3.37899 -4.55691
-3.38169 -4.55987
-3.3844 -4.56283
-3.39042 -4.56808
-3.39639 -4.57339
-3.3995 -4.57592
-3.4026 -4.57844
-3.4054 -4.58131
-3.40819 -4.58417
-3.41435 -4.58928
-3.42007 -4.59486
-3.42596 -4.60026
-3.4321 -4.60538
-3.43483 -4.60832
-3.43756 -4.61125
-3.44345 -4.61665
-3.4496 -4.62177
-3.45545 -4.6272
-3.46155 -4.63238
-3.46732 -4.6379
-3.4732 -4.64331
-3.47885 -4.64898
-3.48481 -4.6543
-3.4906 -4.65981
-3.49374 -4.66229
-3.49688 -4.66477
-3.5028 -4.67014
-3.50872 -4.6755
-3.51463 -4.68088
-3.52053 -4.68627
-3.52629 -4.69181
-3.53223 -4.69715
-3.53795 -4.70274
-3.54393 -4.70804
-3.55005 -4.71318
-3.5559 -4.71862
-3.56187 -4.72393
-3.56752 -4.7296
-3.57324 -4.73518
-3.57937 -4.74032
-3.58521 -4.74577
-3.59098 -4.7513
-3.5969 -4.75666
-3.60306 -4.76177
-3.60584 -4.76464
-3.60863 -4.76752
-3.61176 -4.77001
-3.6149 -4.7725
-3.62053 -4.77818
-3.62633 -4.78368
-3.62944 -4.78619
-3.63255 -4.78871
-3.63841 -4.79414
-3.64445 -4.79938
-3.65011 -4.80503
-3.65323 -4.8078
-3.65613 -4.81081
-3.6588 -4.81401
-3.66142 -4.81725
-3.66366 -4.82077
-3.66596 -4.82421
-3.66863 -4.82746
-3.67056 -4.83117
-3.67224 -4.83501
-3.67453 -4.83852
-3.67634 -4.84315
-3.67857 -4.84753
-3.68022 -4.8522
-3.68247 -4.85667
-3.68326 -4.86158
-3.68496 -4.86629
-3.68506 -4.87127
-3.68635 -4.87611
-3.68653 -4.88105
-3.68632 -4.886
-3.68698 -4.89395
-3.68641 -4.90191
-3.68703 -4.90986
-3.68666 -4.91782
-3.68704 -4.92577
-3.68714 -4.93373
-3.68662 -4.94169
-3.68658 -4.94964
-3.68713 -4.95759
-3.68662 -4.96555
-3.68699 -4.9735
-3.68698 -4.98146
-3.68709 -4.98941
-3.68662 -4.99737
-3.68714 -5.00532
-3.68683 -5.01328
-3.68674 -5.02123
-3.6866 -5.02919
-3.68693 -5.03714
-3.68687 -5.0451
-3.68715 -5.05305
-3.6867 -5.06101
-3.6872 -5.06896
-3.68704 -5.07692
-3.68707 -5.08487
-3.68748 -5.09283
-3.68735 -5.10078
-3.68717 -5.10874
-3.68697 -5.11354
-3.68686 -5.11835
-3.68637 -5.12313
-3.68551 -5.12788
-3.68434 -5.13253
-3.68294 -5.13712
-3.6812 -5.1416
-3.6798 -5.14618
-3.67829 -5.15077
-3.67578 -5.1549
-3.67355 -5.15908
-3.67177 -5.1635
-3.66929 -5.16716
-3.6672 -5.17103
-3.66461 -5.1746
-3.66238 -5.17845
-3.65944 -5.18173
-3.65665 -5.18516
-3.65342 -5.18816
-3.64997 -5.19091
-3.64442 -5.19661
-3.63872 -5.20216
-3.63254 -5.20717
-3.62664 -5.2125
-3.62101 -5.21813
-3.61513 -5.22347
-3.60915 -5.22871
-3.6033 -5.23409
-3.59733 -5.23933
-3.59139 -5.24461
-3.58585 -5.25033
-3.57974 -5.25543
-3.57387 -5.26079
-3.56836 -5.26653
-3.56213 -5.2715
-3.55655 -5.27717
-3.55063 -5.28247
-3.54481 -5.28789
-3.53877 -5.29306
-3.533 -5.29853
-3.52725 -5.30402
-3.52127 -5.30925
-3.51507 -5.31425
-3.50941 -5.31984
-3.50378 -5.32546
-3.49771 -5.3306
-3.49185 -5.33597
-3.48595 -5.34129
-3.48016 -5.34674
-3.47441 -5.35222
-3.46821 -5.35722
-3.46229 -5.36252
-3.45664 -5.36812
-3.451 -5.37373
-3.44514 -5.3791
-3.43889 -5.38404
-3.43341 -5.38982
-3.42754 -5.39518
-3.42117 -5.39999
-3.41561 -5.40569
-3.40994 -5.41126
-3.40374 -5.41626
-3.39819 -5.42197
-3.39222 -5.42722
-3.38611 -5.43231
-3.38023 -5.43766
-3.37439 -5.44305
-3.36872 -5.44863
-3.3626 -5.4537
-3.35716 -5.45954
-3.35121 -5.46481
-3.34541 -5.47024
-3.33951 -5.47556
-3.33333 -5.48058
-3.32757 -5.48606
-3.32168 -5.4914
-3.31567 -5.4966
-3.31009 -5.50227
-3.30426 -5.50767
-3.29809 -5.5127
-3.29214 -5.51798
-3.28656 -5.52365
-3.28059 -5.5289
-3.27481 -5.53436
-3.26893 -5.5397
-3.26281 -5.54478
-3.25696 -5.55017
-3.25135 -5.55581
-3.24557 -5.56126
-3.23967 -5.56659
-3.23365 -5.57178
-3.22789 -5.57726
-3.22193 -5.58251
-3.21602 -5.58783
-3.21023 -5.59328
-3.20437 -5.59864
-3.19854 -5.60405
-3.19268 -5.60942
-3.18684 -5.6148
-3.18098 -5.62017
-3.17523 -5.62566
-3.1694 -5.63106
-3.16322 -5.63608
-3.15768 -5.6418
-3.15157 -5.64689
-3.14577 -5.65233
-3.13995 -5.65775
-3.13412 -5.66314
-3.12799 -5.66822
-3.12227 -5.67374
-3.11649 -5.67919
-3.11049 -5.68441
-3.10441 -5.68953
-3.09897 -5.69536
-3.09278 -5.70037
-3.08723 -5.70607
-3.08114 -5.7112
-3.0751 -5.71636
-3.06919 -5.72168
-3.06377 -5.72752
-3.05764 -5.7326
-3.05192 -5.73812
-3.04615 -5.74359
-3.04026 -5.74893
-3.03418 -5.75405
-3.02842 -5.75953
-3.02255 -5.76489
-3.01688 -5.77046
-3.01075 -5.77554
-3.00477 -5.78077
-2.99879 -5.78601
-2.99335 -5.79184
-2.98721 -5.7969
-2.98162 -5.80257
-2.97529 -5.80742
-2.96952 -5.81289
-2.96359 -5.81818
-2.95803 -5.82388
-2.95214 -5.82922
-2.94603 -5.83431
-2.94013 -5.83963
-2.93441 -5.84514
-2.93089 -5.84846
-2.92716 -5.85154
-2.92309 -5.85414
-2.91892 -5.85653
-2.91474 -5.85893
-2.91072 -5.8617
-2.90613 -5.86324
-2.90171 -5.86518
-2.8944 -5.86823
-2.88692 -5.8708
-2.87939 -5.87325
-2.87195 -5.87597
-2.86451 -5.87867
-2.8573 -5.88198
-2.84971 -5.88427
-2.84238 -5.88726
-2.83481 -5.88961
-2.82755 -5.89278
-2.82011 -5.8955
-2.81271 -5.89831
-2.8053 -5.90107
-2.79779 -5.90359
-2.79043 -5.9065
-2.78298 -5.90917
-2.77559 -5.91199
-2.76807 -5.91449
-2.76064 -5.91721
-2.7533 -5.92016
-2.74594 -5.92309
-2.73856 -5.92594
-2.73106 -5.92848
-2.72347 -5.93077
-2.71615 -5.93381
-2.70863 -5.93627
-2.7012 -5.93901
-2.69395 -5.94222
-2.68647 -5.94479
-2.67911 -5.94771
-2.67157 -5.95015
-2.66431 -5.95334
-2.65681 -5.95587
-2.64929 -5.95835
-2.64197 -5.96137
-2.63456 -5.96415
-2.62708 -5.96674
-2.61972 -5.96965
-2.61232 -5.97245
-2.60475 -5.9748
-2.59734 -5.97759
-2.58999 -5.98053
-2.58268 -5.98358
-2.57514 -5.986
-2.56776 -5.98886
-2.56035 -5.99164
-2.55274 -5.99387
-2.54535 -5.99671
-2.53809 -5.99989
-2.53062 -6.0025
-2.52325 -6.0054
-2.51589 -6.00831
-2.50841 -6.01089
-2.50081 -6.01317
-2.49353 -6.01629
-2.48602 -6.0188
-2.47852 -6.02134
-2.47129 -6.02461
-2.46377 -6.02708
-2.4564 -6.02999
-2.44898 -6.03272
-2.44162 -6.03563
-2.43424 -6.03849
-2.42674 -6.04103
-2.41929 -6.0437
-2.41173 -6.04609
-2.40435 -6.04893
-2.39714 -6.05226
-2.38965 -6.05483
-2.3821 -6.05722
-2.37484 -6.0604
-2.36741 -6.06314
-2.35977 -6.06529
-2.3526 -6.06872
-2.34492 -6.07077
-2.33756 -6.07368
-2.33016 -6.07648
-2.32276 -6.07929
-2.31525 -6.08179
-2.30783 -6.08456
-2.30061 -6.08784
-2.293 -6.09008
-2.28579 -6.09339
-2.27822 -6.09575
-2.27083 -6.09857
-2.26348 -6.10151
-2.25591 -6.10386
-2.24857 -6.10684
-2.24122 -6.10979
-2.23364 -6.11205
-2.22955 -6.11394
-2.22517 -6.11486
-2.22091 -6.11629
-2.21648 -6.1169
-2.21211 -6.11795
-2.20763 -6.11826
-2.20318 -6.11867
-2.1987 -6.11867
-2.1947 -6.11854
-2.1907 -6.11842
-2.1827 -6.11841
-2.1787 -6.11853
-2.1747 -6.11865
-2.1667 -6.11864
-2.1587 -6.11867
-2.1507 -6.11864
-2.14671 -6.11853
-2.14271 -6.11842
-2.13471 -6.11833
-2.13071 -6.11849
-2.12671 -6.11866
-2.12271 -6.11855
-2.11871 -6.11844
-2.11071 -6.11842
-2.10271 -6.11827
-2.09871 -6.11809
-2.09472 -6.11791
-2.09072 -6.11811
-2.08672 -6.1183
-2.07872 -6.11818
-2.07072 -6.11813
-2.06672 -6.11803
-2.06272 -6.11794
-2.05472 -6.11803
-2.04672 -6.11801
-2.04272 -6.11807
-2.03872 -6.11814
-2.03072 -6.11821
-2.02673 -6.11788
-2.02273 -6.11756
-2.01873 -6.11788
-2.01473 -6.1182
-2.01073 -6.11809
-2.00673 -6.11798
-1.99873 -6.11808
-1.99473 -6.11784
-1.99073 -6.1176
-1.98673 -6.1179
-1.98273 -6.1182
-1.97473 -6.11804
-1.97073 -6.11775
-1.96674 -6.11747
-1.95874 -6.11752
-1.95074 -6.11751
-1.94274 -6.11748
-1.93874 -6.11769
-1.93474 -6.1179
-1.93074 -6.11759
-1.92674 -6.11727
-1.92274 -6.11761
-1.91874 -6.11795
-1.91474 -6.11757
-1.91075 -6.11719
-1.90675 -6.11752
-1.90274 -6.11785
-1.89875 -6.11759
-1.89475 -6.11733
-1.89075 -6.11748
-1.88675 -6.11762
-1.88275 -6.11744
-1.87875 -6.11726
-1.87475 -6.11732
-1.87075 -6.11739
-1.86275 -6.1174
-1.85875 -6.11755
-1.85475 -6.11771
-1.85075 -6.11752
-1.84675 -6.11732
-1.83876 -6.11731
-1.83076 -6.11715
-1.82276 -6.11719
-1.81876 -6.11728
-1.81476 -6.11738
-1.81076 -6.11727
-1.80676 -6.11715
-1.79876 -6.1172
-1.79476 -6.11706
-1.79076 -6.11691
-1.78676 -6.11723
-1.78276 -6.11756
-1.77876 -6.11739
-1.77477 -6.11723
-1.77077 -6.11699
-1.76677 -6.11676
-1.76277 -6.11686
-1.75877 -6.11697
-1.75477 -6.11688
-1.75077 -6.11679
-1.74677 -6.11699
-1.74277 -6.1172
-1.73477 -6.11717
-1.72677 -6.11703
-1.71878 -6.11697
-1.71478 -6.11686
-1.71078 -6.11676
-1.70678 -6.11665
-1.70278 -6.11653
-1.69878 -6.11668
-1.69478 -6.11683
-1.69078 -6.11695
-1.68678 -6.11708
-1.68278 -6.11687
-1.67878 -6.11666
-1.67478 -6.11656
-1.67078 -6.11646
-1.66678 -6.11665
-1.66278 -6.11683
-1.65878 -6.11697
-1.65478 -6.11712
-1.65079 -6.11686
-1.64679 -6.1166
-1.64279 -6.11646
-1.63879 -6.11631
-1.63479 -6.11642
-1.63079 -6.11654
-1.62679 -6.1166
-1.62279 -6.11666
-1.61879 -6.11644
-1.61479 -6.11622
-1.61079 -6.11643
-1.60679 -6.11664
-1.59879 -6.11669
-1.5948 -6.11656
-1.5908 -6.11643
-1.5828 -6.11652
-1.5748 -6.11641
-1.5708 -6.11658
-1.5668 -6.11675
-1.5628 -6.11663
-1.5588 -6.1165
-1.5548 -6.11628
-1.5508 -6.11605
-1.5468 -6.11622
-1.5428 -6.11639
-1.53481 -6.11635
-1.52681 -6.11625
-1.51881 -6.11619
-1.51481 -6.11628
-1.51081 -6.11636
-1.50281 -6.11641
-1.49881 -6.11612
-1.49481 -6.11583
-1.49081 -6.11589
-1.48681 -6.11595
-1.48281 -6.11625
-1.47881 -6.11654
-1.47481 -6.11626
-1.47082 -6.11598
-1.46282 -6.11583
-1.45882 -6.11598
-1.45482 -6.11613
-1.45082 -6.11594
-1.44682 -6.11574
-1.44282 -6.11582
-1.43882 -6.1159
-1.43482 -6.11578
-1.43082 -6.11566
-1.42682 -6.116
-1.42282 -6.11634
-1.41882 -6.11608
-1.41483 -6.11582
-1.41083 -6.11572
-1.40683 -6.11562
-1.39883 -6.11554
-1.39483 -6.11581
-1.39083 -6.11609
-1.38683 -6.11581
-1.38283 -6.11553
-1.37483 -6.11551
-1.37083 -6.11564
-1.36683 -6.11576
-1.36283 -6.11586
-1.35883 -6.11596
-1.35483 -6.11586
-1.35084 -6.11576
-1.34684 -6.11567
-1.34284 -6.11558
-1.33884 -6.1158
-1.33484 -6.11603
-1.33084 -6.11587
-1.32684 -6.11572
-1.32284 -6.11588
-1.31884 -6.11604
-1.31484 -6.11582
-1.31084 -6.11561
-1.30284 -6.11573
-1.29884 -6.11557
-1.29485 -6.11541
-1.29085 -6.11555
-1.28685 -6.11569
-1.27885 -6.11578
-1.27485 -6.11555
-1.27085 -6.11531
-1.26685 -6.11548
-1.26285 -6.11564
-1.25885 -6.11574
-1.25485 -6.11583
-1.25085 -6.11571
-1.24685 -6.11559
-1.23885 -6.11558
-1.23485 -6.11543
-1.23086 -6.11527
-1.22286 -6.11536
-1.21886 -6.11514
-1.21486 -6.11492
-1.21086 -6.11518
-1.20686 -6.11544
-1.19886 -6.11551
-1.19086 -6.11535
-1.18686 -6.11546
-1.18286 -6.11556
-1.17886 -6.11532
-1.17486 -6.11507
-1.17086 -6.11516
-1.16687 -6.11525
-1.15887 -6.11514
-1.15487 -6.11503
-1.15087 -6.11492
-1.14687 -6.1148
-1.14287 -6.11468
-1.13487 -6.11465
-1.13087 -6.11477
-1.12687 -6.1149
-1.12287 -6.11512
-1.11887 -6.11535
-1.11087 -6.11525
-1.10687 -6.11513
-1.10288 -6.115
-1.09488 -6.11511
-1.09088 -6.1149
-1.08688 -6.11468
-1.08288 -6.11484
-1.07888 -6.11499
-1.07088 -6.11492
-1.06688 -6.1148
-1.06288 -6.11468
-1.05888 -6.11486
-1.05488 -6.11504
-1.05088 -6.11469
-1.04689 -6.11435
-1.04289 -6.11449
-1.03889 -6.11463
-1.03489 -6.11476
-1.03089 -6.11488
-1.02289 -6.1149
-1.01889 -6.1147
-1.01489 -6.11451
-1.01089 -6.11437
-1.00689 -6.11424
-1.00289 -6.11457
-0.998892 -6.11491
-0.994893 -6.11475
-0.990894 -6.11459
-0.986894 -6.11472
-0.982895 -6.11484
-0.974896 -6.11475
-0.966898 -6.11465
-0.962899 -6.1145
-0.9589 -6.11435
-0.950901 -6.11427
-0.946901 -6.11442
-0.942902 -6.11458
-0.938903 -6.11438
-0.934904 -6.11418
-0.930904 -6.11436
-0.926904 -6.11454
-0.922905 -6.11445
-0.918906 -6.11436
-0.914907 -6.11421
-0.910908 -6.11407
-0.906908 -6.11421
-0.902908 -6.11435
-0.898909 -6.11423
-0.89491 -6.11411
-0.890911 -6.11424
-0.886911 -6.11437
-0.878912 -6.11424
-0.870914 -6.11427
-0.866915 -6.11415
-0.862916 -6.11403
-0.858917 -6.11392
-0.854918 -6.11382
-0.850917 -6.11406
-0.846917 -6.11431
-0.842918 -6.11413
-0.83892 -6.11395
-0.83492 -6.11412
-0.83092 -6.11429
-0.826921 -6.11405
-0.822922 -6.1138
-0.818922 -6.114
-0.814922 -6.11421
-0.810924 -6.11395
-0.806925 -6.1137
-0.802925 -6.11394
-0.798925 -6.11419
-0.790927 -6.11404
-0.782928 -6.1141
-0.778929 -6.11381
-0.774931 -6.11352
-0.766932 -6.11344
-0.758933 -6.11349
-0.754934 -6.11356
-0.750934 -6.11364
-0.742935 -6.11357
-0.734937 -6.11343
-0.726938 -6.11345
-0.722938 -6.11355
-0.718939 -6.11365
-0.71494 -6.1135
-0.710941 -6.11335
-0.706941 -6.1135
-0.702941 -6.11365
-0.694943 -6.11355
-0.690944 -6.11337
-0.686945 -6.11319
-0.678946 -6.11316
-0.674946 -6.11353
-0.670945 -6.1139
-0.666946 -6.11372
-0.662948 -6.11354
-0.654949 -6.11346
-0.650949 -6.11363
-0.646949 -6.11381
-0.64295 -6.11365
-0.638951 -6.1135
-0.634952 -6.11362
-0.630952 -6.11374
-0.626953 -6.11351
-0.622955 -6.11328
-0.618955 -6.11345
-0.614955 -6.11362
-0.610956 -6.11331
-0.606958 -6.113
-0.602958 -6.11309
-0.598959 -6.11319
-0.59096 -6.11321
-0.582961 -6.11315
-0.578961 -6.11336
-0.574961 -6.11357
-0.566962 -6.11355
-0.562963 -6.1134
-0.558964 -6.11325
-0.554965 -6.11337
-0.550965 -6.1135
-0.546966 -6.1134
-0.542967 -6.1133
-0.538968 -6.11322
-0.534969 -6.11313
-0.526969 -6.11322
-0.51897 -6.1133
-0.514972 -6.11299
-0.510974 -6.11267
-0.502975 -6.11265
-0.494976 -6.11266
-0.490976 -6.11289
-0.486976 -6.11312
-0.478977 -6.11317
-0.474978 -6.11299
-0.470979 -6.1128
-0.46698 -6.11293
-0.46298 -6.11305
-0.454981 -6.11298
-0.446983 -6.11285
-0.442984 -6.11274
-0.438985 -6.11262
-0.434985 -6.11273
-0.430985 -6.11283
-0.426987 -6.11258
-0.422988 -6.11233
-0.418988 -6.11258
-0.414988 -6.11283
-0.410989 -6.11261
-0.40699 -6.1124
-0.398992 -6.11225
-0.394992 -6.11239
-0.390992 -6.11254
-0.386993 -6.11245
-0.382994 -6.11237
-0.374996 -6.11234
-0.370995 -6.11253
-0.366995 -6.11272
-0.362997 -6.11244
-0.358999 -6.11216
-0.354998 -6.11236
-0.350998 -6.11256
-0.343 -6.1126
-0.339001 -6.11243
-0.335002 -6.11226
-0.331002 -6.11234
-0.327003 -6.11242
-0.323004 -6.11228
-0.319005 -6.11214
-0.311006 -6.11211
-0.303007 -6.11208
-0.295008 -6.1121
-0.291009 -6.11201
-0.28701 -6.11191
-0.28301 -6.11225
-0.279009 -6.11259
-0.275011 -6.11231
-0.271012 -6.11204
-0.267013 -6.11192
-0.263014 -6.1118
-0.259014 -6.11205
-0.255014 -6.11231
-0.247015 -6.11226
-0.243017 -6.11206
-0.239018 -6.11185
-0.231019 -6.11188
-0.227019 -6.11214
-0.223018 -6.11239
-0.21902 -6.11212
-0.215022 -6.11184
-0.211022 -6.11191
-0.207022 -6.11199
-0.203023 -6.11208
-0.199023 -6.11218
-0.191024 -6.11217
-0.183025 -6.11216
-0.179026 -6.11207
-0.175027 -6.11198
-0.171028 -6.11188
-0.167029 -6.11177
-0.15903 -6.11187
-0.15503 -6.11203
-0.15103 -6.1122
-0.147031 -6.11201
-0.143033 -6.11182
-0.135034 -6.11177
-0.131035 -6.11162
-0.127036 -6.11147
-0.123036 -6.11174
-0.119036 -6.11202
-0.115037 -6.11182
-0.111038 -6.11162
-0.107038 -6.1117
-0.103039 -6.11178
-0.0950404 -6.11165
-0.0910407 -6.11175
-0.087041 -6.11184
-0.0790427 -6.11171
-0.071044 -6.11167
-0.0670443 -6.11176
-0.0630447 -6.11185
-0.0590463 -6.11154
-0.0550479 -6.11124
-0.0510483 -6.11131
-0.0470486 -6.11138
-0.0430496 -6.11128
-0.0390505 -6.11117
-0.0350506 -6.11134
-0.0310506 -6.11151
-0.0230521 -6.11143
-0.0190522 -6.11158
-0.0150523 -6.11174
-0.00705402 -6.1116
-0.00305517 -6.11143
0.000943683 -6.11127
0.00494267 -6.11115
0.00894165 -6.11102
0.0129418 -6.11124
0.0169419 -6.11146
0.0209407 -6.11128
0.0249395 -6.1111
0.0289385 -6.111
0.0329376 -6.11091
0.0409365 -6.11095
0.0449362 -6.11103
0.0489359 -6.11112
0.0529348 -6.11097
0.0569337 -6.11083
0.0649326 -6.11086
0.0689328 -6.1111
0.0729329 -6.11134
0.0769319 -6.11121
0.0809309 -6.11108
0.0849305 -6.11116
0.0889301 -6.11123
0.0929289 -6.11102
0.0969276 -6.11081
0.100927 -6.11094
0.104927 -6.11107
0.108926 -6.11088
0.112925 -6.1107
0.116925 -6.11082
0.120924 -6.11094
0.124924 -6.11105
0.128924 -6.11116
0.136923 -6.11115
0.140921 -6.11095
0.14492 -6.11075
0.152919 -6.11073
0.160917 -6.11065
0.168916 -6.11061
0.172916 -6.11085
0.176916 -6.11109
0.180915 -6.11091
0.184914 -6.11072
0.188913 -6.11056
0.192912 -6.1104
0.196912 -6.11065
0.200912 -6.1109
0.208911 -6.11086
0.216909 -6.11071
0.220907 -6.11046
0.224906 -6.11021
0.228906 -6.11043
0.232906 -6.11066
0.236905 -6.11043
0.240904 -6.1102
0.244903 -6.11028
0.248903 -6.11035
0.256902 -6.11046
0.264901 -6.11037
0.2689 -6.11045
0.2729 -6.11053
0.280898 -6.11049
0.288898 -6.1106
0.292896 -6.11042
0.296895 -6.11024
0.300895 -6.11033
0.304895 -6.11041
0.308893 -6.11019
0.312892 -6.10998
0.320891 -6.11004
0.32889 -6.11004
0.336888 -6.11001
0.340888 -6.11017
0.344888 -6.11033
0.352887 -6.11043
0.356886 -6.11016
0.360884 -6.10989
0.364884 -6.11005
0.368884 -6.11021
0.376883 -6.11015
0.380882 -6.11007
0.384881 -6.10998
0.38888 -6.10984
0.392879 -6.10969
0.396879 -6.10997
0.400879 -6.11025
0.408878 -6.11034
0.416877 -6.11027
0.424875 -6.11017
0.428874 -6.11004
0.432873 -6.1099
0.440872 -6.10994
0.444871 -6.10972
0.44887 -6.1095
0.45287 -6.10981
0.45687 -6.11012
0.46087 -6.11003
0.464869 -6.10994
0.468868 -6.11006
0.472868 -6.11017
0.476866 -6.10983
0.480865 -6.10949
0.484865 -6.10972
0.488865 -6.10995
0.496864 -6.10994
0.500863 -6.10985
0.504862 -6.10977
0.508862 -6.10983
0.512861 -6.1099
0.51686 -6.10961
0.520858 -6.10933
0.524858 -6.1094
0.528857 -6.10947
0.532857 -6.1097
0.536858 -6.10993
0.540857 -6.10984
0.544856 -6.10975
0.548854 -6.1095
0.552853 -6.10924
0.556853 -6.10942
0.560853 -6.1096
0.568852 -6.10957
0.57285 -6.10936
0.576849 -6.10916
0.580849 -6.10938
0.584849 -6.1096
0.588848 -6.10951
0.592847 -6.10943
0.596846 -6.10923
0.600845 -6.10902
0.604845 -6.10926
0.608845 -6.1095
0.616844 -6.10939
0.620843 -6.10926
0.624842 -6.10913
0.628842 -6.10935
0.632842 -6.10957
0.63684 -6.10934
0.640839 -6.10911
0.648838 -6.10916
0.652838 -6.10929
0.656838 -6.10942
0.664836 -6.10926
0.668835 -6.10915
0.672834 -6.10904
0.680833 -6.10902
0.688831 -6.10893
0.692831 -6.10914
0.696831 -6.10934
0.70083 -6.10911
0.704829 -6.10887
0.712827 -6.10883
0.720826 -6.10877
0.724825 -6.10888
0.728825 -6.10899
0.732824 -6.10882
0.736823 -6.10865
0.744822 -6.10876
0.748822 -6.10899
0.752822 -6.10923
0.756821 -6.10908
0.76082 -6.10893
0.76482 -6.109
0.768819 -6.10907
0.776818 -6.10901
0.780817 -6.10874
0.784815 -6.10847
0.788815 -6.10863
0.792815 -6.10879
0.796814 -6.10863
0.800813 -6.10846
0.804813 -6.10875
0.808813 -6.10904
0.812812 -6.10895
0.816811 -6.10885
0.82081 -6.10856
0.824808 -6.10826
0.828808 -6.10845
0.832808 -6.10865
0.840807 -6.10864
0.844806 -6.10853
0.848805 -6.10842
0.852805 -6.10861
0.856805 -6.1088
0.860804 -6.10866
0.864803 -6.10852
0.872801 -6.10839
0.8808 -6.10841
0.888799 -6.10835
0.892798 -6.10817
0.896796 -6.10799
0.900797 -6.10836
0.904798 -6.10872
0.912796 -6.1087
0.920795 -6.10858
0.928793 -6.10853
0.936792 -6.10854
0.940791 -6.10828
0.944789 -6.10802
0.952788 -6.10808
0.960787 -6.10803
0.964786 -6.10811
0.968786 -6.10819
0.976785 -6.10812
0.980784 -6.10824
0.984784 -6.10836
0.992783 -6.10844
0.996782 -6.10812
1.00078 -6.1078
1.00478 -6.10807
1.00878 -6.10834
1.01278 -6.10802
1.01678 -6.1077
1.02078 -6.10785
1.02478 -6.10799
1.02878 -6.10812
1.03278 -6.10824
1.03678 -6.10814
1.04077 -6.10803
1.04477 -6.10778
1.04877 -6.10753
1.05677 -6.10761
1.06077 -6.10789
1.06477 -6.10816
1.06877 -6.10792
1.07277 -6.10767
1.08077 -6.10765
1.08477 -6.10755
1.08877 -6.10745
1.09676 -6.10734
1.10076 -6.1076
1.10476 -6.10786
1.10876 -6.10757
1.11276 -6.10729
1.11676 -6.10755
1.12076 -6.1078
1.12876 -6.10774
1.13276 -6.10786
1.13676 -6.10797
1.14076 -6.1077
1.14476 -6.10744
1.14876 -6.10768
1.15276 -6.10792
1.15676 -6.10763
1.16075 -6.10734
1.16475 -6.10756
1.16875 -6.10778
1.17675 -6.10775
1.18075 -6.10751
1.18475 -6.10727
1.18875 -6.10749
1.19275 -6.10771
1.20075 -6.1077
1.20475 -6.10735
1.20875 -6.10701
1.21674 -6.10696
1.22074 -6.10707
1.22474 -6.10718
1.22874 -6.10731
1.23274 -6.10745
1.23674 -6.1073
1.24074 -6.10716
1.24474 -6.10702
1.24874 -6.10688
1.25274 -6.10697
1.25674 -6.10705
1.26074 -6.10714
1.26474 -6.10722
1.27274 -6.10714
1.27674 -6.1073
1.28074 -6.10746
1.28474 -6.10736
1.28873 -6.10727
1.29673 -6.10722
1.30073 -6.10708
1.30473 -6.10694
1.31273 -6.10687
1.31673 -6.10711
1.32073 -6.10736
1.32473 -6.10722
1.32873 -6.10708
1.33273 -6.10686
1.33672 -6.10665
1.34073 -6.10693
1.34473 -6.10721
1.34872 -6.10712
1.35272 -6.10703
1.36072 -6.10697
1.36872 -6.10686
1.37272 -6.10676
1.37672 -6.10666
1.38472 -6.10658
1.38872 -6.10671
1.39272 -6.10684
1.39672 -6.10695
1.40072 -6.10705
1.40472 -6.10692
1.40871 -6.10679
1.41271 -6.10659
1.41671 -6.10639
1.42471 -6.10631
1.42871 -6.10655
1.43271 -6.1068
1.43671 -6.10656
1.44071 -6.10633
1.44471 -6.10649
1.44871 -6.10665
1.45271 -6.10649
1.45671 -6.10633
1.46071 -6.10643
1.46471 -6.10654
1.4687 -6.10636
1.4727 -6.10618
1.4767 -6.10651
1.4807 -6.10685
1.4847 -6.10666
1.4887 -6.10647
1.4927 -6.10661
1.4967 -6.10675
1.5007 -6.10649
1.5047 -6.10622
1.5087 -6.10642
1.5127 -6.10662
1.5207 -6.10665
1.5247 -6.1063
1.52869 -6.10595
1.53269 -6.10625
1.53669 -6.10655
1.54069 -6.10645
1.54469 -6.10635
1.54869 -6.10626
1.55269 -6.10618
1.56069 -6.10613
1.56469 -6.10635
1.56869 -6.10656
1.57269 -6.10644
1.57669 -6.10632
1.58069 -6.10615
1.58468 -6.10598
1.59268 -6.10604
1.59668 -6.10619
1.60068 -6.10634
1.60868 -6.10628
1.61268 -6.10596
1.61668 -6.10565
1.62468 -6.10576
1.62868 -6.10595
1.63268 -6.10614
1.64068 -6.10614
1.64468 -6.106
1.64867 -6.10587
1.65667 -6.10594
1.66467 -6.106
1.66867 -6.10579
1.67267 -6.10559
1.68067 -6.10565
1.68867 -6.10553
1.69267 -6.10565
1.69667 -6.10576
1.70467 -6.10584
1.71267 -6.1059
1.71666 -6.10596
1.72066 -6.10602
1.72466 -6.1058
1.72866 -6.10558
1.73266 -6.10568
1.73666 -6.10577
1.74066 -6.10566
1.74466 -6.10555
1.74866 -6.10573
1.75266 -6.10591
1.75666 -6.10582
1.76066 -6.10572
1.76866 -6.10572
1.77665 -6.10574
1.78065 -6.10558
1.78465 -6.10542
1.78865 -6.10549
1.79265 -6.10555
1.79665 -6.10568
1.80065 -6.10581
1.80465 -6.1056
1.80865 -6.10539
1.81665 -6.10531
1.82065 -6.10519
1.82465 -6.10507
1.83264 -6.10507
1.84064 -6.10498
1.84464 -6.10531
1.84864 -6.10565
1.85264 -6.10544
1.85664 -6.10523
1.86464 -6.10519
1.86864 -6.10526
1.87264 -6.10534
1.87664 -6.10521
1.88064 -6.10508
1.88464 -6.10493
1.88863 -6.10478
1.89663 -6.10479
1.90063 -6.10501
1.90463 -6.10523
1.90863 -6.10514
1.91263 -6.10505
1.91663 -6.10515
1.92063 -6.10525
1.92863 -6.10512
1.93263 -6.10518
1.93663 -6.10524
1.94063 -6.10504
1.94463 -6.10483
1.94863 -6.10503
1.95263 -6.10524
1.95663 -6.10505
1.96062 -6.10487
1.96462 -6.10496
1.96862 -6.10505
1.97662 -6.10506
1.98462 -6.10504
1.98862 -6.10485
1.99262 -6.10466
2.00062 -6.1045
2.00462 -6.1048
2.00862 -6.1051
2.01662 -6.10507
2.02061 -6.10491
2.02461 -6.10475
2.02861 -6.10466
2.03261 -6.10456
2.03661 -6.10477
2.04061 -6.10497
2.04461 -6.10473
2.04861 -6.10449
2.05261 -6.10437
2.05661 -6.10425
2.06461 -6.10433
2.06861 -6.10459
2.07261 -6.10485
2.07661 -6.10474
2.0806 -6.10463
2.0846 -6.10475
2.0886 -6.10486
2.0926 -6.10468
2.0966 -6.1045
2.1006 -6.1043
2.1046 -6.1041
2.1086 -6.10417
2.1126 -6.10424
2.1166 -6.10432
2.1206 -6.10441
2.1246 -6.10449
2.1286 -6.10457
2.1326 -6.10463
2.1366 -6.10469
2.1406 -6.1046
2.14459 -6.1045
2.1486 -6.10454
2.15261 -6.10458
2.15748 -6.10436
2.16234 -6.10376
2.16711 -6.10267
2.17193 -6.10206
2.17664 -6.1008
2.18133 -6.09959
2.18618 -6.09864
2.1905 -6.0963
2.19805 -6.09381
2.20529 -6.09058
2.21256 -6.08742
2.21983 -6.08427
2.22729 -6.08158
2.23466 -6.07867
2.24177 -6.07512
2.24926 -6.07249
2.25639 -6.06901
2.26396 -6.06656
2.27124 -6.06344
2.27835 -6.0599
2.28578 -6.05713
2.29323 -6.05442
2.30052 -6.05129
2.30776 -6.04807
2.31502 -6.0449
2.32234 -6.04187
2.32967 -6.03886
2.33702 -6.03589
2.34425 -6.03263
2.35174 -6.03001
2.35902 -6.02689
2.36612 -6.02332
2.37348 -6.02039
2.38083 -6.01741
2.38813 -6.01434
2.39564 -6.01176
2.40276 -6.00825
2.41005 -6.00512
2.41757 -6.00258
2.4249 -5.99957
2.43215 -5.99637
2.43945 -5.99328
2.44672 -5.99012
2.45406 -5.98714
2.4615 -5.98439
2.46881 -5.98134
2.47602 -5.97804
2.48341 -5.97518
2.49078 -5.97226
2.49809 -5.96919
2.50537 -5.96607
2.5126 -5.96281
2.51987 -5.95965
2.52729 -5.95686
2.5345 -5.95355
2.54181 -5.95051
2.5492 -5.94763
2.55656 -5.94471
2.56371 -5.94126
2.5711 -5.93839
2.57845 -5.93544
2.58583 -5.93254
2.59296 -5.92904
2.6004 -5.92631
2.60765 -5.9231
2.61513 -5.92045
2.62237 -5.91721
2.62957 -5.91388
2.63715 -5.9115
2.64421 -5.90783
2.65168 -5.90514
2.659 -5.90211
2.66613 -5.89863
2.67371 -5.89622
2.68079 -5.89261
2.68814 -5.88965
2.69567 -5.88712
2.70296 -5.884
2.71024 -5.88089
2.71763 -5.87801
2.72494 -5.87496
2.7322 -5.87177
2.73956 -5.86884
2.74677 -5.86553
2.75403 -5.86235
2.76148 -5.85963
2.76865 -5.85624
2.77619 -5.85373
2.78347 -5.85059
2.79066 -5.84724
2.79803 -5.84433
2.80522 -5.84099
2.81273 -5.8384
2.81995 -5.83514
2.82719 -5.83192
2.83451 -5.82887
2.8418 -5.82577
2.84931 -5.82318
2.85646 -5.81974
2.86383 -5.81684
2.87102 -5.81349
2.87856 -5.81097
2.88255 -5.80909
2.88633 -5.80683
2.89024 -5.80478
2.8943 -5.80293
2.89779 -5.80024
2.9015 -5.79781
2.90461 -5.79466
2.90815 -5.792
2.91397 -5.78658
2.91962 -5.78097
2.92535 -5.77545
2.93164 -5.77053
2.93717 -5.76479
2.94307 -5.75945
2.94906 -5.75421
2.95479 -5.74868
2.96068 -5.74334
2.9664 -5.73781
2.97219 -5.73235
2.97785 -5.72674
2.98377 -5.72144
2.9896 -5.71602
2.9955 -5.71068
3.00172 -5.70569
3.00753 -5.70025
3.01334 -5.69482
3.01913 -5.68935
3.02484 -5.68381
3.03045 -5.67816
3.03637 -5.67284
3.0425 -5.66775
3.04795 -5.66192
3.05403 -5.65678
3.05979 -5.65129
3.06592 -5.6462
3.07161 -5.64064
3.0775 -5.63528
3.08308 -5.6296
3.08919 -5.62449
3.09498 -5.61903
3.10088 -5.6137
3.10667 -5.60823
3.11262 -5.60295
3.11848 -5.59756
3.12388 -5.59169
3.13015 -5.58675
3.13608 -5.58145
3.1416 -5.57569
3.14723 -5.57006
3.15355 -5.56518
3.15932 -5.5597
3.16501 -5.55413
3.17101 -5.5489
3.17693 -5.54358
3.18261 -5.538
3.18856 -5.53272
3.19446 -5.52738
3.20009 -5.52175
3.2057 -5.51611
3.21151 -5.51066
3.21759 -5.50552
3.22367 -5.50037
3.22917 -5.49461
3.23503 -5.48922
3.24099 -5.48395
3.24661 -5.47831
3.25288 -5.47337
3.2583 -5.46751
3.26405 -5.46201
3.27006 -5.45679
3.27618 -5.45169
3.28168 -5.44591
3.28782 -5.44084
3.29372 -5.4355
3.29909 -5.42959
3.30503 -5.42429
3.31118 -5.41922
3.31705 -5.41385
3.32262 -5.40816
3.32865 -5.40295
3.3345 -5.39757
3.34028 -5.3921
3.34604 -5.3866
3.35175 -5.38106
3.35777 -5.37585
3.36374 -5.37058
3.36917 -5.36474
3.37538 -5.35974
3.38127 -5.35439
3.38722 -5.3491
3.39305 -5.34369
3.39875 -5.33814
3.40426 -5.33237
3.41045 -5.32735
3.41594 -5.32157
3.4222 -5.31661
3.42783 -5.31099
3.43395 -5.30588
3.4395 -5.30017
3.4456 -5.29504
3.45098 -5.28914
3.4568 -5.28371
3.46301 -5.27871
3.4685 -5.27293
3.47433 -5.26752
3.48056 -5.26253
3.48611 -5.25682
3.49205 -5.25152
3.49791 -5.24614
3.5036 -5.24057
3.50964 -5.23539
3.51561 -5.23012
3.52136 -5.22462
3.5271 -5.21911
3.53311 -5.21389
3.53887 -5.2084
3.54486 -5.20316
3.55038 -5.19741
3.5562 -5.19198
3.56224 -5.18679
3.56793 -5.18123
3.57408 -5.17616
3.57946 -5.17026
3.58565 -5.16523
3.59117 -5.15948
3.59722 -5.15431
3.60326 -5.14912
3.60887 -5.14347
3.61496 -5.13833
3.62039 -5.13249
3.62619 -5.12704
3.63245 -5.12209
3.63795 -5.11633
3.64141 -5.11356
3.64408 -5.11004
3.64702 -5.10676
3.65002 -5.10351
3.65232 -5.09975
3.6551 -5.0963
3.65709 -5.09237
3.65946 -5.08863
3.66145 -5.08469
3.66269 -5.08043
3.66448 -5.07696
3.66591 -5.07211
3.66764 -5.06736
3.66897 -5.06249
3.66968 -5.0575
3.67106 -5.05258
3.67114 -5.04751
3.67137 -5.04246
3.67128 -5.03742
3.67166 -5.0296
3.6716 -5.02178
3.67089 -5.01398
3.67136 -5.00615
3.67063 -4.99835
3.67049 -4.99053
3.67055 -4.98272
3.6702 -4.9749
3.66995 -4.96709
3.67022 -4.95927
3.67002 -4.95145
3.66985 -4.94364
3.66951 -4.93583
3.66905 -4.92802
3.66888 -4.92021
3.66891 -4.91239
3.6686 -4.90458
3.66847 -4.89676
3.66841 -4.88895
3.66846 -4.88113
3.66845 -4.87331
3.66814 -4.8655
3.66833 -4.85768
3.66739 -4.84988
3.668 -4.84205
3.6677 -4.83424
3.66743 -4.82642
3.6669 -4.81862
3.66693 -4.8108
3.66681 -4.80298
3.66673 -4.79517
3.66674 -4.78735
3.66644 -4.77954
3.66627 -4.77172
3.66618 -4.76391
3.66555 -4.7561
3.66595 -4.74826
3.66515 -4.7441
3.66551 -4.73984
3.66449 -4.73574
3.66428 -4.73149
3.66293 -4.72749
3.66177 -4.72347
3.66037 -4.7195
3.65928 -4.71544
3.65791 -4.71146
3.65618 -4.70763
3.65471 -4.70454
3.65204 -4.70006
3.64985 -4.6953
3.64665 -4.69117
3.64401 -4.68663
3.64049 -4.68278
3.63736 -4.67856
3.63327 -4.67529
3.62978 -4.67138
3.62362 -4.66627
3.62047 -4.6638
3.61732 -4.66133
3.61436 -4.65864
3.6114 -4.65594
3.60538 -4.65068
3.60247 -4.64793
3.59956 -4.64518
3.59633 -4.64281
3.5931 -4.64043
3.59019 -4.63768
3.58728 -4.63493
3.58436 -4.63219
3.58144 -4.62945
3.57533 -4.6243
3.57208 -4.62194
3.56884 -4.61958
3.56594 -4.61681
3.56305 -4.61404
3.55995 -4.61151
3.55686 -4.60898
3.55081 -4.60374
3.54792 -4.60097
3.54503 -4.5982
3.54182 -4.5958
3.5386 -4.5934
3.53566 -4.59069
3.53272 -4.58797
3.52665 -4.58277
3.52377 -4.57999
3.52089 -4.57721
3.51766 -4.57483
3.51443 -4.57245
3.51148 -4.56974
3.50854 -4.56703
3.50242 -4.56188
3.49642 -4.55659
3.49346 -4.5539
3.4905 -4.55121
3.48434 -4.54611
3.4783 -4.54086
3.47214 -4.53576
3.4662 -4.5304
3.4631 -4.52788
3.45999 -4.52536
3.45716 -4.52251
3.45434 -4.51966
3.45125 -4.51712
3.44816 -4.51458
3.44498 -4.51214
3.4418 -4.5097
3.43582 -4.5044
3.42975 -4.49918
3.42359 -4.49409
3.41763 -4.48875
3.41168 -4.4834
3.40553 -4.47829
3.40264 -4.47551
3.39976 -4.47273
3.39654 -4.47034
3.39332 -4.46795
3.39048 -4.46512
3.38764 -4.46229
3.38455 -4.45976
3.38145 -4.45722
3.37832 -4.45473
3.37519 -4.45223
3.37232 -4.44945
3.36944 -4.44666
3.36648 -4.44397
3.36353 -4.44127
3.36034 -4.43884
3.35716 -4.43641
3.3543 -4.4336
3.35144 -4.43079
3.3483 -4.42831
3.34516 -4.42583
3.33921 -4.42048
3.33602 -4.41805
3.33284 -4.41562
3.32682 -4.41035
3.32391 -4.40761
3.32099 -4.40487
3.31785 -4.40239
3.31471 -4.39991
3.30856 -4.39478
3.30254 -4.38953
3.29957 -4.38684
3.29661 -4.38415
3.29373 -4.38137
3.29084 -4.3786
3.2877 -4.37611
3.28456 -4.37363
3.2816 -4.37094
3.27864 -4.36825
3.27271 -4.36288
3.26667 -4.35764
3.2634 -4.3553
3.26014 -4.35296
3.25721 -4.35024
3.25427 -4.34752
3.24813 -4.3424
3.24198 -4.33728
3.23907 -4.33453
3.23616 -4.33178
3.23008 -4.32659
3.22712 -4.32389
3.22417 -4.32119
3.22099 -4.31875
3.21782 -4.31631
3.2149 -4.31358
3.21197 -4.31084
3.20905 -4.30811
3.20612 -4.30539
3.19998 -4.30026
3.19388 -4.29508
3.19078 -4.29256
3.18767 -4.29004
3.18459 -4.28749
3.1815 -4.28495
3.17859 -4.28219
3.17569 -4.27944
3.1696 -4.27425
3.16668 -4.27151
3.16377 -4.26877
3.16057 -4.26636
3.15736 -4.26395
3.15141 -4.2586
3.14535 -4.25339
3.14244 -4.25064
3.13953 -4.24789
3.13352 -4.24262
3.13025 -4.24028
3.12698 -4.23795
3.12415 -4.2351
3.12133 -4.23226
3.11531 -4.22699
3.10928 -4.22173
3.10607 -4.21934
3.10285 -4.21694
3.09996 -4.21417
3.09707 -4.2114
3.09092 -4.20628
3.08797 -4.20358
3.08502 -4.20087
3.07894 -4.19568
3.07583 -4.19317
3.07271 -4.19066
3.06976 -4.18796
3.06681 -4.18526
3.06385 -4.18257
3.06089 -4.17987
3.05776 -4.17738
3.05463 -4.17488
3.04849 -4.16976
3.04539 -4.16723
3.04229 -4.1647
3.03939 -4.16195
3.03648 -4.15919
3.0305 -4.15388
3.02732 -4.15145
3.02414 -4.14901
3.02124 -4.14624
3.01835 -4.14348
3.01221 -4.13835
3.0091 -4.13583
3.00599 -4.13331
3.00309 -4.13055
3.00019 -4.12779
2.99708 -4.12528
2.99397 -4.12276
2.98781 -4.11766
2.98489 -4.11492
2.98198 -4.11217
2.97904 -4.10945
2.97611 -4.10673
2.97288 -4.10435
2.96966 -4.10197
2.96672 -4.09925
2.96378 -4.09654
2.96089 -4.09377
2.95799 -4.091
2.9548 -4.08857
2.95162 -4.08615
2.94874 -4.08336
2.94586 -4.08057
2.94278 -4.07803
2.93969 -4.07548
2.93374 -4.07013
2.93059 -4.06767
2.92743 -4.06521
2.92454 -4.06244
2.92165 -4.05967
2.91854 -4.05715
2.91543 -4.05463
2.91247 -4.05194
2.90951 -4.04925
2.90335 -4.04414
2.8972 -4.03903
2.8941 -4.0365
2.891 -4.03397
2.88814 -4.03117
2.88527 -4.02837
2.88212 -4.0259
2.87897 -4.02343
2.87291 -4.01821
2.86681 -4.01303
2.8639 -4.01029
2.86098 -4.00755
2.85502 -4.00221
2.85188 -3.99973
2.84874 -3.99725
2.84585 -3.99448
2.84295 -3.99172
2.83971 -3.98935
2.83646 -3.98699
2.83352 -3.98429
2.83057 -3.98158
2.82768 -3.97881
2.8248 -3.97603
2.81866 -3.97089
2.81263 -3.96564
2.80945 -3.96321
2.80626 -3.96078
2.80332 -3.95806
2.80038 -3.95535
2.79745 -3.95263
2.79451 -3.94992
2.78848 -3.94466
2.78529 -3.94223
2.78211 -3.9398
2.77919 -3.93706
2.77628 -3.93432
2.77313 -3.93185
2.76998 -3.92937
2.76402 -3.92403
2.75795 -3.91883
2.75188 -3.91363
2.7459 -3.90832
2.7398 -3.90314
2.73366 -3.89802
2.72765 -3.89273
2.7217 -3.88738
2.71861 -3.88484
2.71552 -3.8823
2.70945 -3.8771
2.70658 -3.87431
2.7037 -3.87152
2.69755 -3.86641
2.6914 -3.86129
2.68845 -3.85859
2.68549 -3.85589
2.6823 -3.85347
2.6791 -3.85105
2.67618 -3.84832
2.67325 -3.8456
2.66709 -3.84049
2.66417 -3.83776
2.66124 -3.83503
2.65807 -3.83258
2.65491 -3.83012
2.65205 -3.82731
2.6492 -3.8245
2.64315 -3.81927
2.63722 -3.8139
2.63394 -3.81157
2.63067 -3.80925
2.62772 -3.80654
2.62477 -3.80384
2.62166 -3.80132
2.61855 -3.7988
2.61562 -3.79608
2.61269 -3.79336
2.60974 -3.79065
2.60679 -3.78795
2.6008 -3.78265
2.59479 -3.77737
2.59157 -3.77498
2.58835 -3.77259
2.58237 -3.76728
2.57626 -3.76212
2.57343 -3.75927
2.5706 -3.75643
2.56739 -3.75403
2.56419 -3.75162
2.56124 -3.74892
2.55829 -3.74622
2.55534 -3.74351
2.55239 -3.74081
2.54629 -3.73563
2.54028 -3.73037
2.53424 -3.72512
2.5282 -3.71988
2.52505 -3.7174
2.52191 -3.71493
2.51897 -3.71221
2.51603 -3.7095
2.5129 -3.707
2.50977 -3.70451
2.50689 -3.70172
2.50401 -3.69894
2.50085 -3.69648
2.49769 -3.69402
2.49172 -3.6887
2.4888 -3.68597
2.48587 -3.68323
2.47976 -3.67807
2.47666 -3.67554
2.47357 -3.67301
2.47062 -3.6703
2.46768 -3.66759
2.46163 -3.66236
2.45847 -3.6599
2.45532 -3.65743
2.45237 -3.65472
2.44943 -3.65201
2.44629 -3.64952
2.44316 -3.64704
2.44021 -3.64433
2.43726 -3.64163
2.43121 -3.6364
2.42827 -3.63368
2.42534 -3.63096
2.42211 -3.62858
2.41889 -3.62619
2.41593 -3.6235
2.41297 -3.62081
2.40699 -3.61549
2.40089 -3.61033
2.39481 -3.60513
2.38887 -3.59977
2.38273 -3.59464
2.37667 -3.58942
2.37376 -3.58667
2.37085 -3.58393
2.36775 -3.58139
2.36466 -3.57886
2.35852 -3.57373
2.35236 -3.56862
2.34627 -3.56344
2.34335 -3.56071
2.34043 -3.55797
2.33748 -3.55526
2.33454 -3.55255
2.33139 -3.55008
2.32825 -3.5476
2.32209 -3.5425
2.31918 -3.53975
2.31627 -3.537
2.31315 -3.5345
2.31002 -3.532
2.30714 -3.52922
2.30426 -3.52643
2.30108 -3.52399
2.2979 -3.52155
2.29187 -3.51631
2.28899 -3.51352
2.28611 -3.51074
2.28293 -3.5083
2.27975 -3.50587
2.27679 -3.50318
2.27383 -3.50049
2.26787 -3.49515
2.26178 -3.48997
2.25868 -3.48744
2.25558 -3.48491
2.2527 -3.48213
2.24982 -3.47934
2.24663 -3.47691
2.24345 -3.47448
2.24053 -3.47174
2.23762 -3.469
2.23449 -3.4665
2.23136 -3.46401
2.22841 -3.4613
2.22546 -3.4586
2.22234 -3.45609
2.21922 -3.45359
2.21638 -3.45076
2.21354 -3.44794
2.21026 -3.44561
2.20698 -3.44329
2.2042 -3.44039
2.20142 -3.43749
2.19821 -3.43509
2.195 -3.43268
2.19214 -3.42988
2.18928 -3.42707
2.18606 -3.42469
2.18284 -3.4223
2.17988 -3.41961
2.17692 -3.41692
2.17094 -3.4116
2.16488 -3.40638
2.16194 -3.40367
2.159 -3.40096
2.1559 -3.39842
2.15281 -3.39589
2.14685 -3.39056
2.14371 -3.38807
2.14057 -3.38558
2.13459 -3.38027
2.13163 -3.37758
2.12867 -3.37489
2.12571 -3.3722
2.12275 -3.36951
2.11963 -3.36701
2.11651 -3.3645
2.1134 -3.36198
2.11029 -3.35947
2.10743 -3.35666
2.10457 -3.35385
2.1014 -3.35141
2.09822 -3.34896
2.09229 -3.3436
2.08919 -3.34107
2.0861 -3.33853
2.08299 -3.33601
2.07989 -3.33348
2.07382 -3.32828
2.07094 -3.32549
2.06806 -3.3227
2.06191 -3.3176
2.05902 -3.31483
2.05613 -3.31205
2.05299 -3.30956
2.04986 -3.30707
2.04671 -3.3046
2.04356 -3.30213
2.04073 -3.29929
2.0379 -3.29645
2.03468 -3.29406
2.03145 -3.29168
2.02861 -3.28885
2.02576 -3.28603
2.02261 -3.28356
2.01946 -3.28109
2.01341 -3.27586
2.01048 -3.27314
2.00755 -3.27041
2.0044 -3.26794
2.00125 -3.26547
1.99529 -3.26013
1.99237 -3.25739
1.98946 -3.25465
1.98348 -3.24934
1.98024 -3.24697
1.977 -3.2446
1.9741 -3.24184
1.97121 -3.23907
1.96523 -3.23375
1.9592 -3.2285
1.9532 -3.22322
1.95008 -3.22071
1.94697 -3.2182
1.94406 -3.21544
1.94115 -3.21269
1.93793 -3.21031
1.9347 -3.20792
1.92866 -3.20268
1.92271 -3.19734
1.91661 -3.19217
1.91045 -3.18707
1.90762 -3.18422
1.90479 -3.18138
1.90167 -3.17887
1.89856 -3.17636
1.89564 -3.17362
1.89272 -3.17088
1.88959 -3.16839
1.88645 -3.16591
1.88351 -3.16319
1.88058 -3.16047
1.87738 -3.15805
1.87419 -3.15563
1.86814 -3.1504
1.86198 -3.14529
1.85907 -3.14255
1.85615 -3.13981
1.85305 -3.13728
1.84994 -3.13476
1.847 -3.13204
1.84406 -3.12933
1.84092 -3.12686
1.83777 -3.12438
1.8349 -3.12159
1.83202 -3.1188
1.82893 -3.11626
1.82584 -3.11372
1.82288 -3.11103
1.81992 -3.10834
1.81398 -3.10299
1.80797 -3.0977
1.80485 -3.0952
1.80173 -3.0927
1.79858 -3.09022
1.79543 -3.08775
1.78947 -3.08241
1.78651 -3.07973
1.78355 -3.07704
1.7804 -3.07456
1.77726 -3.07208
1.77117 -3.06689
1.76522 -3.06155
1.75914 -3.05636
1.75315 -3.05105
1.74718 -3.04573
1.74108 -3.04055
1.73504 -3.03532
1.73218 -3.03251
1.72932 -3.0297
1.72603 -3.02739
1.72275 -3.02507
1.71672 -3.01981
1.71077 -3.01447
1.70782 -3.01177
1.70487 -3.00907
1.69887 -3.00377
1.69284 -2.99852
1.68988 -2.99583
1.68692 -2.99314
1.68082 -2.98797
1.67773 -2.98543
1.67463 -2.9829
1.66847 -2.9778
1.66242 -2.97257
1.6593 -2.97006
1.65618 -2.96755
1.6533 -2.96477
1.65041 -2.96199
1.6443 -2.95684
1.63821 -2.95165
1.63528 -2.94893
1.63234 -2.94621
1.62917 -2.94376
1.62601 -2.94131
1.62004 -2.93598
1.61393 -2.93082
1.60797 -2.92548
1.60486 -2.92296
1.60175 -2.92044
1.5989 -2.91763
1.59605 -2.91481
1.59295 -2.91228
1.58985 -2.90975
1.58676 -2.90722
1.58366 -2.90469
1.57752 -2.89956
1.57462 -2.8968
1.57172 -2.89404
1.56876 -2.89135
1.5658 -2.88866
1.56257 -2.88629
1.55933 -2.88391
1.55656 -2.881
1.55378 -2.8781
1.54764 -2.87298
1.54454 -2.87045
1.54145 -2.86791
1.53528 -2.86282
1.52917 -2.85765
1.52629 -2.85487
1.52341 -2.85208
1.52032 -2.84954
1.51723 -2.84701
1.51414 -2.84447
1.51104 -2.84194
1.50505 -2.83664
1.50218 -2.83384
1.49932 -2.83103
1.49615 -2.82859
1.49298 -2.82614
1.48685 -2.821
1.48091 -2.81564
1.47494 -2.81032
1.4718 -2.80784
1.46866 -2.80536
1.46251 -2.80024
1.45954 -2.79756
1.45658 -2.79487
1.45064 -2.78952
1.44447 -2.78442
1.43832 -2.77931
1.43551 -2.77644
1.4327 -2.77358
1.4296 -2.77104
1.42651 -2.76851
1.42354 -2.76582
1.42058 -2.76313
1.41741 -2.76069
1.41423 -2.75826
1.41131 -2.75552
1.40839 -2.75278
1.40226 -2.74764
1.39614 -2.74249
1.39019 -2.73715
1.38723 -2.73445
1.38428 -2.73175
1.37822 -2.72652
1.37512 -2.72401
1.37201 -2.72149
1.36888 -2.71899
1.36575 -2.71649
1.3597 -2.71127
1.35359 -2.70611
1.35068 -2.70335
1.34778 -2.70059
1.34486 -2.69786
1.34194 -2.69512
1.3387 -2.69276
1.33546 -2.69039
1.3294 -2.68517
1.32644 -2.68248
1.32347 -2.67979
1.32035 -2.6773
1.31722 -2.6748
1.3143 -2.67206
1.31139 -2.66932
1.30828 -2.66679
1.30518 -2.66426
1.30233 -2.66145
1.29948 -2.65863
1.29625 -2.65626
1.29301 -2.65388
1.28701 -2.6486
1.28416 -2.64578
1.28131 -2.64296
1.27817 -2.64048
1.27502 -2.63801
1.26886 -2.6329
1.26293 -2.62754
1.25681 -2.62238
1.25391 -2.61962
1.25101 -2.61686
1.24789 -2.61436
1.24477 -2.61185
1.23874 -2.6066
1.23585 -2.60383
1.23296 -2.60105
1.22984 -2.59855
1.22672 -2.59604
1.22056 -2.59093
1.21462 -2.58559
1.20848 -2.58045
1.20254 -2.5751
1.19936 -2.57266
1.19618 -2.57022
1.19016 -2.56496
1.18723 -2.56223
1.1843 -2.5595
1.17822 -2.55431
1.17533 -2.55154
1.17244 -2.54877
1.16628 -2.54367
1.16307 -2.54126
1.15987 -2.53885
1.15692 -2.53615
1.15397 -2.53344
1.14798 -2.52814
1.14188 -2.52297
1.13902 -2.52017
1.13615 -2.51737
1.1329 -2.51502
1.12964 -2.51267
1.12365 -2.50737
1.11761 -2.50213
1.11167 -2.49677
1.10855 -2.49426
1.10544 -2.49175
1.09946 -2.48643
1.09653 -2.48371
1.09359 -2.48099
1.09065 -2.47828
1.08771 -2.47557
1.08462 -2.47303
1.08153 -2.47049
1.07836 -2.46804
1.07519 -2.46559
1.06919 -2.46031
1.06304 -2.45519
1.06013 -2.45243
1.05723 -2.44968
1.05111 -2.44453
1.0451 -2.43925
1.03896 -2.43413
1.03285 -2.42896
1.02681 -2.42372
1.0208 -2.41845
1.01464 -2.41334
1.01184 -2.41046
1.00905 -2.40757
1.00585 -2.40516
1.00266 -2.40274
0.999715 -2.40003
0.996773 -2.39732
0.990832 -2.39196
0.987585 -2.3896
0.984337 -2.38724
0.981547 -2.38436
0.978757 -2.38147
0.975651 -2.37895
0.972544 -2.37643
0.966406 -2.3713
0.960388 -2.36603
0.957436 -2.36333
0.954485 -2.36063
0.948501 -2.35532
0.942419 -2.35013
0.936391 -2.34487
0.933192 -2.34246
0.929994 -2.34004
0.927137 -2.33723
0.92428 -2.33442
0.921108 -2.33197
0.917937 -2.32953
0.91178 -2.32442
0.905658 -2.31927
0.902726 -2.31655
0.899793 -2.31383
0.893731 -2.30861
0.890849 -2.30583
0.887967 -2.30305
0.884743 -2.30066
0.881518 -2.29828
0.878687 -2.29544
0.875856 -2.2926
0.869828 -2.28734
0.866706 -2.28484
0.863584 -2.28234
0.860479 -2.27981
0.857374 -2.27729
0.851428 -2.27194
0.848318 -2.26942
0.845208 -2.26691
0.842257 -2.2642
0.839307 -2.2615
0.833219 -2.25631
0.830093 -2.25382
0.826968 -2.25132
0.824158 -2.24845
0.821348 -2.24559
0.815267 -2.24039
0.809273 -2.2351
0.806185 -2.23255
0.803097 -2.23001
0.797144 -2.22467
0.793983 -2.22221
0.790821 -2.21975
0.787925 -2.21699
0.785029 -2.21422
0.781869 -2.21176
0.778708 -2.20931
0.77583 -2.20652
0.772953 -2.20373
0.769819 -2.20124
0.766685 -2.19875
0.763578 -2.19623
0.76047 -2.19371
0.754342 -2.18857
0.751475 -2.18578
0.748607 -2.18298
0.745484 -2.18048
0.742361 -2.17797
0.736217 -2.17285
0.733406 -2.16999
0.730595 -2.16712
0.727498 -2.16459
0.7244 -2.16206
0.72088 -2.15891
0.714543 -2.15414
0.708326 -2.1492
0.701773 -2.1447
0.695589 -2.13973
0.689287 -2.13491
0.683177 -2.12984
0.677006 -2.12485
0.670535 -2.12024
0.664382 -2.11523
0.658374 -2.11003
0.652133 -2.10514
0.645613 -2.10059
0.639427 -2.09562
0.633133 -2.09079
0.626807 -2.086
0.620929 -2.08063
0.614796 -2.0756
0.608154 -2.07121
0.602271 -2.06585
0.595756 -2.0613
0.589368 -2.05659
0.583151 -2.05166
0.577109 -2.0465
0.571016 -2.04142
0.564843 -2.03643
0.558312 -2.0319
0.551993 -2.0271
0.546091 -2.02177
0.539445 -2.01738
0.533174 -2.01252
0.527193 -2.00729
0.520706 -2.0027
0.514555 -1.99769
0.508243 -1.99288
0.502152 -1.98779
0.495806 -1.98302
0.489716 -1.97793
0.483551 -1.97293
0.477279 -1.96807
0.471002 -1.96322
0.464892 -1.95815
0.458287 -1.95371
0.452292 -1.9485
0.446062 -1.94359
0.439574 -1.939
0.433605 -1.93375
0.42706 -1.92924
0.421195 -1.92386
0.414913 -1.91901
0.408342 -1.91454
0.402516 -1.90911
0.396239 -1.90425
0.390031 -1.89931
0.383841 -1.89435
0.377601 -1.88944
0.371031 -1.88496
0.36491 -1.87991
0.358618 -1.87508
0.352406 -1.87014
0.346238 -1.86515
0.339915 -1.86035
0.333869 -1.8552
0.327299 -1.85072
0.321154 -1.8457
0.314934 -1.84077
0.30866 -1.83591
0.302214 -1.83128
0.296339 -1.82591
0.29006 -1.82106
0.283784 -1.8162
0.277464 -1.8114
0.271473 -1.80618
0.264932 -1.80167
0.258645 -1.79683
0.252376 -1.79196
0.246116 -1.78709
0.240041 -1.78197
0.233806 -1.77707
0.227677 -1.77202
0.221345 -1.76724
0.215239 -1.76217
0.208852 -1.75745
0.202614 -1.75255
0.196339 -1.74769
0.190327 -1.7425
0.183979 -1.73774
0.177778 -1.73279
0.171578 -1.72783
0.165159 -1.72316
0.15899 -1.71817
0.152687 -1.71335
0.146418 -1.70848
0.140276 -1.70346
0.133823 -1.69883
0.127624 -1.69388
0.121384 -1.68897
0.114929 -1.68435
0.109078 -1.67895
0.102833 -1.67405
0.0966923 -1.66903
0.0899764 -1.66473
0.0840298 -1.65946
0.0776384 -1.65475
0.0712594 -1.65002
0.0651718 -1.64493
0.0589937 -1.63995
0.055328 -1.63691
0.0510891 -1.63472
0.0469392 -1.63241
0.0431012 -1.62952
0.0387995 -1.6275
0.0342697 -1.62606
0.029945 -1.62402
0.0254445 -1.62244
0.0207871 -1.62149
0.0161245 -1.62065
0.0114824 -1.61955
0.00675751 -1.61897
0.00201896 -1.6186
-0.00273789 -1.61849
-0.00981582 -1.61857
-0.0168937 -1.61825
-0.0239717 -1.61881
-0.0310496 -1.61877
-0.0381275 -1.61842
-0.0452054 -1.61879
-0.0522834 -1.61835
-0.05935 -1.61885
-0.0642705 -1.61924
-0.0692754 -1.61871
-0.0741027 -1.61979
-0.0790109 -1.62042
-0.0836994 -1.62201
-0.0884095 -1.62335
-0.0932533 -1.62446
-0.0976718 -1.62664
-0.102248 -1.62851
-0.10654 -1.63088
-0.110984 -1.63307
-0.115404 -1.63536
-0.119041 -1.63874
-0.123013 -1.64165
-0.129167 -1.64669
-0.135165 -1.65192
-0.141325 -1.65695
-0.147539 -1.66191
-0.153641 -1.66701
-0.15995 -1.67186
-0.165764 -1.67731
-0.172305 -1.68189
-0.178147 -1.6873
-0.18461 -1.69197
-0.190626 -1.69717
-0.196832 -1.70214
-0.202537 -1.70773
-0.208882 -1.71253
-0.215039 -1.71757
-0.221391 -1.72237
-0.227241 -1.72777
-0.233299 -1.73293
-0.23969 -1.73768
-0.245558 -1.74306
-0.251669 -1.74815
-0.257695 -1.75334
-0.264049 -1.75814
-0.270387 -1.76296
-0.276406 -1.76816
-0.28236 -1.77344
-0.288526 -1.77846
-0.294558 -1.78365
-0.300608 -1.78881
-0.307151 -1.79338
-0.313033 -1.79875
-0.319251 -1.80371
-0.325368 -1.80879
-0.331562 -1.81378
-0.337676 -1.81887
-0.343828 -1.82391
-0.349843 -1.82911
-0.355944 -1.83422
-0.361968 -1.83941
-0.368377 -1.84414
-0.374126 -1.84967
-0.380495 -1.85445
-0.386729 -1.85939
-0.392572 -1.8648
-0.399027 -1.86948
-0.404767 -1.87501
-0.410956 -1.88001
-0.41716 -1.88499
-0.423458 -1.88985
-0.429426 -1.89511
-0.435885 -1.89978
-0.441621 -1.90533
-0.447963 -1.91014
-0.454112 -1.91518
-0.460029 -1.92051
-0.466554 -1.9251
-0.472548 -1.93033
-0.478712 -1.93535
-0.484524 -1.94081
-0.490671 -1.94585
-0.497063 -1.9506
-0.502982 -1.95593
-0.508974 -1.96116
-0.515484 -1.96577
-0.521578 -1.97088
-0.527387 -1.97633
-0.533635 -1.98126
-0.539857 -1.98621
-0.545869 -1.99142
-0.552108 -1.99636
-0.558447 -2.00117
-0.564163 -2.00674
-0.570602 -2.01143
-0.576781 -2.01644
-0.582751 -2.0217
-0.588993 -2.02663
-0.594972 -2.03188
-0.600895 -2.0372
-0.60726 -2.04198
-0.613233 -2.04724
-0.619732 -2.05186
-0.625683 -2.05715
-0.631872 -2.06214
-0.637885 -2.06735
-0.643893 -2.07257
-0.650411 -2.07716
-0.656201 -2.08264
-0.662185 -2.08788
-0.668402 -2.09285
-0.674915 -2.09745
-0.68087 -2.10273
-0.686716 -2.10814
-0.693284 -2.11268
-0.699255 -2.11794
-0.705274 -2.12314
-0.711646 -2.12791
-0.717341 -2.13351
-0.723759 -2.13822
-0.730083 -2.14306
-0.735784 -2.14864
-0.741935 -2.15368
-0.748455 -2.15828
-0.754392 -2.16358
-0.760497 -2.16868
-0.766809 -2.17353
-0.772837 -2.17872
-0.778999 -2.18374
-0.784796 -2.18921
-0.791366 -2.19375
-0.797211 -2.19916
-0.801084 -2.20221
-0.807 -2.20758
-0.813041 -2.21282
-0.818817 -2.21834
-0.824542 -2.22392
-0.830663 -2.22906
-0.836333 -2.2347
-0.842122 -2.24021
-0.848242 -2.24536
-0.854156 -2.25073
-0.860068 -2.25611
-0.865999 -2.26146
-0.872024 -2.26671
-0.877916 -2.27211
-0.883633 -2.27769
-0.889578 -2.28303
-0.895395 -2.28851
-0.901143 -2.29406
-0.907222 -2.29925
-0.912864 -2.30492
-0.916013 -2.3074
-0.919161 -2.30988
-0.92496 -2.31537
-0.930851 -2.32077
-0.936605 -2.32632
-0.942735 -2.33145
-0.94551 -2.33434
-0.948286 -2.33722
-0.954312 -2.34247
-0.960479 -2.34757
-0.966241 -2.35311
-0.972165 -2.35847
-0.978183 -2.36373
-0.980946 -2.36662
-0.98371 -2.36952
-0.989806 -2.37469
-0.995695 -2.38009
-1.00145 -2.38564
-1.00748 -2.39088
-1.0134 -2.39625
-1.01928 -2.40166
-1.02495 -2.40729
-1.03099 -2.41253
-1.03695 -2.41785
-1.04281 -2.42328
-1.0488 -2.42858
-1.05477 -2.43388
-1.06068 -2.43926
-1.06348 -2.44212
-1.06627 -2.44499
-1.07227 -2.45026
-1.07798 -2.45586
-1.08411 -2.46099
-1.09007 -2.46632
-1.09618 -2.47147
-1.10196 -2.47699
-1.10763 -2.48263
-1.11075 -2.48514
-1.11388 -2.48764
-1.11664 -2.49054
-1.11941 -2.49343
-1.12251 -2.49596
-1.12562 -2.49848
-1.13155 -2.50383
-1.13428 -2.50677
-1.13701 -2.50971
-1.14299 -2.515
-1.14876 -2.52053
-1.15471 -2.52587
-1.16069 -2.53116
-1.16379 -2.5337
-1.16688 -2.53624
-1.17269 -2.54172
-1.17855 -2.54715
-1.18459 -2.55239
-1.19057 -2.55769
-1.19333 -2.56059
-1.19609 -2.56349
-1.20193 -2.56894
-1.20774 -2.57443
-1.21375 -2.57969
-1.21961 -2.58512
-1.22554 -2.59047
-1.23162 -2.59567
-1.23772 -2.60084
-1.24341 -2.60645
-1.2492 -2.61196
-1.25233 -2.61446
-1.25545 -2.61696
-1.2582 -2.61994
-1.25818 -2.61996
-1.25759 -2.62042
-1.25725 -2.62111
-1.25643 -2.62143
-1.25638 -2.62229
-1.25617 -2.62302
-1.25563 -2.62358
-1.25571 -2.6244
-1.25544 -2.62508
-1.25528 -2.62579
-1.25485 -2.62645
-1.25494 -2.62721
-1.25495 -2.62794
-1.25508 -2.62867
-1.25518 -2.62939
-1.25502 -2.63013
-1.25589 -2.63513
-1.25675 -2.64013
-1.25655 -2.64092
-1.25682 -2.64161
-1.25674 -2.64241
-1.25752 -2.64292
-1.25792 -2.64354
-1.26077 -2.64946
-1.26362 -2.65538
-1.26647 -2.66131
-1.26933 -2.66723
-1.26986 -2.66777
-1.26986 -2.66863
-1.27036 -2.66918
-1.27115 -2.66951
-1.27169 -2.66999
-1.27203 -2.67066
-1.27256 -2.67117
-1.27307 -2.67171
-1.27389 -2.67182
-1.2803 -2.67624
-1.28671 -2.68066
-1.2875 -2.68078
-1.28818 -2.68105
-1.28876 -2.68154
-1.29406 -2.68355
-1.29936 -2.68557
-1.30467 -2.68758
-1.30533 -2.68789
-1.31092 -2.68969
-1.3165 -2.69149
-1.32208 -2.69329
-1.32279 -2.69352
-1.32343 -2.69398
-1.32425 -2.6936
-1.32494 -2.69394
-1.32566 -2.69444
-1.32641 -2.69403
-1.32718 -2.69426
-1.32786 -2.69367
-1.32867 -2.69399
-1.32937 -2.69369
-1.32996 -2.6931
-1.33078 -2.69317
-1.33137 -2.69268
-1.33205 -2.69236
-1.33287 -2.69227
-1.33322 -2.69145
-1.33395 -2.69117
-1.33409 -2.69022
-1.33439 -2.68993
