0.411542 -2.00878
0.408405 -2.00605
0.402043 -2.0012
0.395699 -1.99633
0.392758 -1.99361
0.389818 -1.99089
0.386606 -1.9885
0.383395 -1.98612
0.377072 -1.98122
0.374094 -1.97854
0.371115 -1.97587
0.367886 -1.9735
0.364656 -1.97114
0.361668 -1.96848
0.35868 -1.96581
0.352421 -1.96084
0.346094 -1.95595
0.339958 -1.95082
0.336708 -1.94848
0.333458 -1.94614
0.32719 -1.94118
0.324192 -1.93853
0.321194 -1.93588
0.317901 -1.93359
0.314607 -1.93131
0.311587 -1.92868
0.308566 -1.92606
0.305535 -1.92345
0.302505 -1.92084
0.296344 -1.91574
0.289998 -1.91087
0.283898 -1.9057
0.280666 -1.90334
0.277435 -1.90098
0.271321 -1.89582
0.264984 -1.89095
0.261743 -1.8886
0.258502 -1.88625
0.255499 -1.8836
0.252496 -1.88096
0.246317 -1.87588
0.243291 -1.87326
0.240265 -1.87065
0.237035 -1.86829
0.233805 -1.86592
0.230781 -1.8633
0.227758 -1.86068
0.224492 -1.85836
0.221227 -1.85605
0.218253 -1.85336
0.215278 -1.85068
0.209023 -1.8457
0.205734 -1.84341
0.202445 -1.84113
0.196172 -1.83617
0.190057 -1.83101
0.183672 -1.82619
0.180758 -1.82344
0.177844 -1.82068
0.171615 -1.81567
0.165386 -1.81066
0.16217 -1.80827
0.158955 -1.80589
0.152667 -1.80095
0.149465 -1.79856
0.146263 -1.79616
0.143319 -1.79344
0.140375 -1.79072
0.134129 -1.78573
0.127967 -1.78063
0.121699 -1.77567
0.115517 -1.7706
0.109297 -1.76557
0.103089 -1.76054
0.0998316 -1.75821
0.0965747 -1.75588
0.0902107 -1.75103
0.0872215 -1.74837
0.0842324 -1.74571
0.0780459 -1.74064
0.0716723 -1.73581
0.0684667 -1.73342
0.0652611 -1.73102
0.0590399 -1.726
0.0528229 -1.72097
0.0498248 -1.71832
0.0468267 -1.71567
0.040704 -1.71052
0.0344753 -1.70551
0.0281463 -1.70062
0.0248755 -1.69831
0.0216046 -1.696
0.0186843 -1.69325
0.0157639 -1.6905
0.0125047 -1.68818
0.00924552 -1.68585
0.00301514 -1.68084
-0.00327947 -1.67591
-0.00619031 -1.67315
-0.00910115 -1.67039
-0.012364 -1.66807
-0.0156269 -1.66574
-0.021926 -1.66082
-0.0248749 -1.65811
-0.0278239 -1.65539
-0.0310927 -1.65308
-0.0343616 -1.65076
-0.0406816 -1.64586
-0.0437026 -1.64324
-0.0467237 -1.64062
-0.0508099 -1.63802
-0.0544826 -1.63483
-0.0586727 -1.63242
-0.0630506 -1.63041
-0.0674262 -1.62836
-0.071561 -1.62573
-0.076101 -1.62408
-0.0807133 -1.62256
-0.0854043 -1.6214
-0.0902008 -1.62081
-0.0949054 -1.61959
-0.0996945 -1.61869
-0.10452 -1.61846
-0.109365 -1.61849
-0.117268 -1.6189
-0.125172 -1.61891
-0.133075 -1.61825
-0.140979 -1.619
-0.148882 -1.61866
-0.156786 -1.61878
-0.164689 -1.61862
-0.169592 -1.61857
-0.174486 -1.61896
-0.179254 -1.62017
-0.184184 -1.62039
-0.188902 -1.6217
-0.193516 -1.62327
-0.198141 -1.62487
-0.202825 -1.62628
-0.207155 -1.62857
-0.211705 -1.63039
-0.216086 -1.6326
-0.220032 -1.63551
-0.224258 -1.63803
-0.228106 -1.64107
-0.234243 -1.64611
-0.240506 -1.65099
-0.246241 -1.65652
-0.252588 -1.6613
-0.258487 -1.66664
-0.264858 -1.67139
-0.270944 -1.67649
-0.277201 -1.68138
-0.283494 -1.68623
-0.289535 -1.69139
-0.295748 -1.69633
-0.301649 -1.70166
-0.307815 -1.70667
-0.314018 -1.71163
-0.320267 -1.71653
-0.326246 -1.72176
-0.332507 -1.72665
-0.338401 -1.73198
-0.344875 -1.73661
-0.351074 -1.74157
-0.356845 -1.74706
-0.363435 -1.75155
-0.369277 -1.75695
-0.37554 -1.76183
-0.381865 -1.76664
-0.387962 -1.77173
-0.393771 -1.77717
-0.400229 -1.78182
-0.406219 -1.78703
-0.412247 -1.79221
-0.418706 -1.79685
-0.424499 -1.80231
-0.430869 -1.80707
-0.436811 -1.81235
-0.443033 -1.81728
-0.449208 -1.82227
-0.455459 -1.82717
-0.461537 -1.83229
-0.467967 -1.83697
-0.473818 -1.84236
-0.479998 -1.84734
-0.486167 -1.85234
-0.492195 -1.85751
-0.498597 -1.86223
-0.504595 -1.86744
-0.510531 -1.87272
-0.517122 -1.87721
-0.522861 -1.88273
-0.529223 -1.8875
-0.535203 -1.89273
-0.538295 -1.89531
-0.537709 -1.89539
-0.537218 -1.89596
-0.537046 -1.89675
-0.536385 -1.89723
-0.536535 -1.89814
-0.536164 -1.89878
-0.535749 -1.89942
-0.536017 -1.90026
-0.53582 -1.90096
-0.535278 -1.90161
-0.535599 -1.90239
-0.535112 -1.90311
-0.53544 -1.90385
-0.53587 -1.90454
-0.535785 -1.90529
-0.535466 -1.90611
-0.53584 -1.90679
-0.536515 -1.90734
-0.536433 -1.90817
-0.539423 -1.91457
-0.542413 -1.92098
-0.545402 -1.92738
-0.548392 -1.93378
-0.551382 -1.94018
-0.551651 -1.94088
-0.552168 -1.94146
-0.552482 -1.94215
-0.553177 -1.94257
-0.553475 -1.94329
-0.55429 -1.94354
-0.554614 -1.94427
-0.56074 -1.94881
-0.561267 -1.94928
-0.561705 -1.94987
-0.562375 -1.95013
-0.562738 -1.95094
-0.563505 -1.95102
-0.564079 -1.95153
-0.570914 -1.95376
-0.57775 -1.95599
-0.584586 -1.95822
-0.591422 -1.96045
-0.598258 -1.96268
-0.605094 -1.9649
-0.605824 -1.96508
-0.606575 -1.96521
-0.607401 -1.96485
-0.608076 -1.96544
-0.608845 -1.96521
-0.609589 -1.96519
-0.610339 -1.96521
-0.611025 -1.96473
-0.61175 -1.96465
-0.612552 -1.9648
-0.613201 -1.96437
-0.613718 -1.96369
-0.614434 -1.96352
-0.615104 -1.96323
-0.615928 -1.96316
-0.616384 -1.96251
-0.61678 -1.96183
-0.617329 -1.96136
-0.618202 -1.96118
-0.618146 -1.96016
-0.618437 -1.96008
-0.621633 -1.96265
-0.627701 -1.96778
-0.633867 -1.97278
-0.639697 -1.9782
-0.646229 -1.98275
-0.651989 -1.98825
-0.658499 -1.99284
-0.664626 -1.99789
-0.670596 -2.00313
-0.676604 -2.00833
-0.683056 -2.01298
-0.689171 -2.01805
-0.695068 -2.02338
-0.701424 -2.02815
-0.707658 -2.03307
-0.713728 -2.03819
-0.719742 -2.04338
-0.726002 -2.04827
-0.732198 -2.05324
-0.738322 -2.05829
-0.74428 -2.06355
-0.750745 -2.06819
-0.756426 -2.07379
-0.763011 -2.07828
-0.769093 -2.08339
-0.775297 -2.08834
-0.781229 -2.09363
-0.787513 -2.09849
-0.793296 -2.10396
-0.799932 -2.10839
-0.80587 -2.11368
-0.811928 -2.11881
-0.818134 -2.12377
-0.824149 -2.12896
-0.830461 -2.13378
-0.836736 -2.13865
-0.842536 -2.1441
-0.849107 -2.14861
-0.855159 -2.15375
-0.86121 -2.1589
-0.867122 -2.16421
-0.873253 -2.16926
-0.879773 -2.17383
-0.885724 -2.1791
-0.891942 -2.18404
-0.897908 -2.18929
-0.903993 -2.19439
-0.9103 -2.19922
-0.913887 -2.20256
-0.919885 -2.20784
-0.923019 -2.21033
-0.926153 -2.21282
-0.931829 -2.21845
-0.937861 -2.2237
-0.943874 -2.22896
-0.949651 -2.23449
-0.955422 -2.24002
-0.96149 -2.24522
-0.967487 -2.2505
-0.973377 -2.2559
-0.979396 -2.26116
-0.985351 -2.26649
-0.987969 -2.26918
-0.987746 -2.2696
-0.987368 -2.27026
-0.98682 -2.2708
-0.986422 -2.27145
-0.986422 -2.2723
-0.985896 -2.27288
-0.98605 -2.27373
-0.985881 -2.27444
-0.985461 -2.27509
-0.985237 -2.27581
-0.985343 -2.27657
-0.985225 -2.27731
-0.985542 -2.27804
-0.984977 -2.27882
-0.985703 -2.27948
-0.985907 -2.28018
-0.986914 -2.28492
-0.987921 -2.28966
-0.988239 -2.2903
-0.988599 -2.29092
-0.988369 -2.29176
-0.989164 -2.29218
-0.98948 -2.29279
-0.99261 -2.29794
-0.99574 -2.30308
-0.99887 -2.30823
-1.002 -2.31338
-1.002 -2.3142
-1.00279 -2.31453
-1.0032 -2.31509
-1.00385 -2.31544
-1.00428 -2.31598
-1.00485 -2.31638
-1.00505 -2.31723
-1.00898 -2.31971
-1.0129 -2.32219
-1.01342 -2.32262
-1.01854 -2.32581
-1.02367 -2.32901
-1.0288 -2.3322
-1.03392 -2.33539
-1.03437 -2.33598
-1.03501 -2.33626
-1.03573 -2.33636
-1.03625 -2.33692
-1.04166 -2.33863
-1.04707 -2.34035
-1.05247 -2.34207
-1.05309 -2.34257
-1.05387 -2.34255
-1.05461 -2.34259
-1.05529 -2.34308
-1.05605 -2.34302
-1.0568 -2.34318
-1.05756 -2.34327
-1.05828 -2.34286
-1.05907 -2.34296
-1.05965 -2.34215
-1.06046 -2.34231
-1.0611 -2.34189
-1.06174 -2.34149
-1.06262 -2.34156
-1.06291 -2.3406
-1.06369 -2.34044
-1.06437 -2.34009
-1.06479 -2.33943
-1.06542 -2.339
-1.06548 -2.33891
-1.06846 -2.34137
-1.0712 -2.34429
-1.07395 -2.34722
-1.07713 -2.34965
-1.08032 -2.35208
-1.08315 -2.3549
-1.08598 -2.35773
-1.09209 -2.36289
-1.09486 -2.36578
-1.09763 -2.36868
-1.10082 -2.37111
-1.104 -2.37355
-1.10681 -2.3764
-1.10962 -2.37925
-1.1156 -2.38454
-1.1187 -2.38707
-1.1218 -2.38961
-1.1276 -2.3951
-1.13346 -2.40053
-1.13946 -2.40581
-1.14519 -2.41139
-1.14836 -2.41384
-1.15153 -2.41629
-1.1574 -2.42171
-1.16023 -2.42454
-1.16306 -2.42737
-1.16893 -2.43279
-1.17504 -2.43795
-1.18115 -2.4431
-1.18704 -2.4485
-1.18981 -2.45139
-1.19258 -2.45429
-1.19855 -2.4596
-1.20441 -2.46504
-1.21049 -2.47022
-1.21624 -2.47578
-1.22225 -2.48105
-1.22815 -2.48643
-1.23126 -2.48895
-1.23437 -2.49147
-1.24005 -2.4971
-1.24605 -2.50238
-1.25194 -2.50778
-1.25508 -2.51026
-1.25822 -2.51275
-1.26396 -2.51832
-1.26979 -2.52378
-1.2729 -2.5263
-1.27601 -2.52881
-1.28191 -2.5342
-1.28783 -2.53957
-1.29361 -2.54509
-1.29953 -2.55046
-1.30563 -2.55563
-1.31132 -2.56125
-1.31726 -2.56659
-1.32036 -2.56912
-1.32346 -2.57165
-1.32623 -2.57455
-1.329 -2.57744
-1.33505 -2.58266
-1.33815 -2.58518
-1.34125 -2.58771
-1.34398 -2.59065
-1.34671 -2.59359
-1.35278 -2.59879
-1.35896 -2.60387
-1.36489 -2.60923
-1.37072 -2.6147
-1.37664 -2.62006
-1.38271 -2.62526
-1.38549 -2.62815
-1.38827 -2.63103
-1.39417 -2.63642
-1.39726 -2.63895
-1.40036 -2.64148
-1.40628 -2.64685
-1.41212 -2.6523
-1.41797 -2.65775
-1.42107 -2.66028
-1.42418 -2.6628
-1.43019 -2.66807
-1.43598 -2.67357
-1.44197 -2.67887
-1.44793 -2.68418
-1.45375 -2.68966
-1.45961 -2.69509
-1.46565 -2.70033
-1.47169 -2.70557
-1.47737 -2.7112
-1.48325 -2.7166
-1.48928 -2.72185
-1.49526 -2.72715
-1.50133 -2.73235
-1.50411 -2.73523
-1.5069 -2.73811
-1.51003 -2.7406
-1.51315 -2.7431
-1.51916 -2.74838
-1.52487 -2.75398
-1.53091 -2.75921
-1.53679 -2.76461
-1.5427 -2.77
-1.54875 -2.77522
-1.55464 -2.78062
-1.56036 -2.78621
-1.5664 -2.79144
-1.57221 -2.79693
-1.57805 -2.80239
-1.58421 -2.80748
-1.59023 -2.81274
-1.596 -2.81827
-1.60204 -2.8235
-1.6079 -2.82894
-1.61376 -2.83437
-1.61976 -2.83965
-1.62594 -2.84473
-1.63174 -2.85023
-1.63782 -2.85542
-1.64362 -2.86092
-1.64947 -2.86637
-1.65558 -2.87152
-1.65832 -2.87445
-1.66105 -2.87738
-1.66423 -2.87983
-1.6674 -2.88227
-1.67329 -2.88768
-1.679 -2.89328
-1.6848 -2.89877
-1.68792 -2.90128
-1.69104 -2.90379
-1.69387 -2.90661
-1.6967 -2.90944
-1.7028 -2.9146
-1.7087 -2.91999
-1.71484 -2.92512
-1.71768 -2.92794
-1.72051 -2.93076
-1.72638 -2.93618
-1.73232 -2.94153
-1.73833 -2.94679
-1.74442 -2.95198
-1.75033 -2.95735
-1.75641 -2.96254
-1.75917 -2.96545
-1.76192 -2.96836
-1.76506 -2.97085
-1.76819 -2.97334
-1.77097 -2.97623
-1.77374 -2.97912
-1.77689 -2.98159
-1.78004 -2.98407
-1.78578 -2.98963
-1.7916 -2.99511
-1.79778 -3.00018
-1.80355 -3.00573
-1.80947 -3.01109
-1.81534 -3.01651
-1.81847 -3.01901
-1.8216 -3.0215
-1.8244 -3.02436
-1.8272 -3.02722
-1.83326 -3.03243
-1.83896 -3.03804
-1.8421 -3.04053
-1.84524 -3.04301
-1.85092 -3.04864
-1.85408 -3.05111
-1.85723 -3.05358
-1.86309 -3.05901
-1.86591 -3.06185
-1.86873 -3.06469
-1.87451 -3.07021
-1.88056 -3.07543
-1.88667 -3.08059
-1.88949 -3.08343
-1.89231 -3.08626
-1.89545 -3.08875
-1.89859 -3.09123
-1.90429 -3.09684
-1.91046 -3.10193
-1.91638 -3.1073
-1.9221 -3.11289
-1.92522 -3.11539
-1.92835 -3.1179
-1.93432 -3.1232
-1.93704 -3.12615
-1.93977 -3.12909
-1.94294 -3.13154
-1.94612 -3.13398
-1.95204 -3.13935
-1.95792 -3.14476
-1.96365 -3.15034
-1.96941 -3.15588
-1.97259 -3.15832
-1.97577 -3.16076
-1.98163 -3.16619
-1.98752 -3.17159
-1.99363 -3.17675
-1.99948 -3.18219
-2.00527 -3.1877
-2.01113 -3.19313
-2.01722 -3.19832
-2.02325 -3.20355
-2.02922 -3.20887
-2.03205 -3.2117
-2.03487 -3.21454
-2.04087 -3.21981
-2.04686 -3.2251
-2.0526 -3.23066
-2.05847 -3.23609
-2.06454 -3.2413
-2.07057 -3.24654
-2.0763 -3.25212
-2.08221 -3.25749
-2.08802 -3.26298
-2.09409 -3.26818
-2.09723 -3.27066
-2.10037 -3.27315
-2.10311 -3.27608
-2.10584 -3.27902
-2.10897 -3.28151
-2.11209 -3.28401
-2.11806 -3.28933
-2.12389 -3.2948
-2.12972 -3.30026
-2.1359 -3.30533
-2.14164 -3.31091
-2.14768 -3.31613
-2.15336 -3.32177
-2.15954 -3.32684
-2.16234 -3.32971
-2.16514 -3.33257
-2.1713 -3.33767
-2.17707 -3.34321
-2.18293 -3.34863
-2.18611 -3.35108
-2.18928 -3.35353
-2.19502 -3.35909
-2.20071 -3.36472
-2.20668 -3.37003
-2.21272 -3.37526
-2.21855 -3.38073
-2.2244 -3.38617
-2.23036 -3.39149
-2.23349 -3.39399
-2.23662 -3.39648
-2.24239 -3.40201
-2.24848 -3.40719
-2.2545 -3.41245
-2.26049 -3.41774
-2.26331 -3.42057
-2.26614 -3.42341
-2.27232 -3.42849
-2.27825 -3.43384
-2.28399 -3.43941
-2.29014 -3.44452
-2.29598 -3.44997
-2.30201 -3.45522
-2.30484 -3.45805
-2.30767 -3.46087
-2.3135 -3.46634
-2.31942 -3.4717
-2.32527 -3.47714
-2.33115 -3.48256
-2.3373 -3.48768
-2.34323 -3.49302
-2.34916 -3.49838
-2.35497 -3.50387
-2.36108 -3.50903
-2.36719 -3.51419
-2.37287 -3.51982
-2.37884 -3.52513
-2.38478 -3.53048
-2.39079 -3.53574
-2.3936 -3.53859
-2.39641 -3.54144
-2.40244 -3.54669
-2.40555 -3.54921
-2.40866 -3.55172
-2.41462 -3.55704
-2.4206 -3.56234
-2.4234 -3.5652
-2.4262 -3.56806
-2.42934 -3.57055
-2.43247 -3.57304
-2.43832 -3.57848
-2.44424 -3.58386
-2.45008 -3.58931
-2.45289 -3.59216
-2.4557 -3.59501
-2.46188 -3.60009
-2.46807 -3.60516
-2.47086 -3.60802
-2.47366 -3.61088
-2.47972 -3.6161
-2.48578 -3.62131
-2.49151 -3.62688
-2.4972 -3.63251
-2.50326 -3.63772
-2.50933 -3.64292
-2.51524 -3.6483
-2.52134 -3.65347
-2.52414 -3.65632
-2.52695 -3.65918
-2.53291 -3.6645
-2.53901 -3.66967
-2.54516 -3.67477
-2.54794 -3.67766
-2.55072 -3.68054
-2.55382 -3.68307
-2.55693 -3.68559
-2.56295 -3.69084
-2.56871 -3.69639
-2.57463 -3.70175
-2.58062 -3.70704
-2.58652 -3.71243
-2.59225 -3.71801
-2.5982 -3.72334
-2.60431 -3.7285
-2.61023 -3.73387
-2.61593 -3.73947
-2.62184 -3.74486
-2.62779 -3.75019
-2.63383 -3.75542
-2.63985 -3.76068
-2.64561 -3.76622
-2.65144 -3.77169
-2.65458 -3.77417
-2.65773 -3.77665
-2.66354 -3.78214
-2.66935 -3.78763
-2.67515 -3.79312
-2.67835 -3.79554
-2.68154 -3.79797
-2.68746 -3.80333
-2.69319 -3.80891
-2.69923 -3.81414
-2.70525 -3.8194
-2.71112 -3.82483
-2.71707 -3.83016
-2.71988 -3.83301
-2.72268 -3.83587
-2.72884 -3.84097
-2.73493 -3.84614
-2.74085 -3.85151
-2.74362 -3.85441
-2.74638 -3.85731
-2.7522 -3.86279
-2.7583 -3.86796
-2.76444 -3.87308
-2.77021 -3.87861
-2.77625 -3.88385
-2.78234 -3.88903
-2.78512 -3.89191
-2.7879 -3.89479
-2.79372 -3.90027
-2.7999 -3.90534
-2.80569 -3.91085
-2.80882 -3.91335
-2.81195 -3.91584
-2.81474 -3.91872
-2.81753 -3.92159
-2.82065 -3.9241
-2.82376 -3.92661
-2.82962 -3.93205
-2.83244 -3.93489
-2.83526 -3.93772
-2.84144 -3.9428
-2.84736 -3.94817
-2.85341 -3.95339
-2.85622 -3.95624
-2.85903 -3.95909
-2.86488 -3.96454
-2.87086 -3.96984
-2.87684 -3.97514
-2.88281 -3.98045
-2.88593 -3.98295
-2.88905 -3.98546
-2.89497 -3.99083
-2.90074 -3.99636
-2.90651 -4.00189
-2.9127 -4.00696
-2.91553 -4.00979
-2.91836 -4.01262
-2.9215 -4.0151
-2.92464 -4.01758
-2.92743 -4.02045
-2.93023 -4.02332
-2.93627 -4.02855
-2.94209 -4.03403
-2.94801 -4.03939
-2.95111 -4.04192
-2.95421 -4.04445
-2.96004 -4.04992
-2.96593 -4.05532
-2.97187 -4.06066
-2.97772 -4.06611
-2.98366 -4.07145
-2.98964 -4.07675
-2.99565 -4.08202
-3.00174 -4.08719
-3.00772 -4.09249
-3.01054 -4.09534
-3.01335 -4.09818
-3.01911 -4.10372
-3.02523 -4.10887
-3.03093 -4.11448
-3.03685 -4.11985
-3.04281 -4.12517
-3.04593 -4.12768
-3.04905 -4.13018
-3.05489 -4.13563
-3.06085 -4.14096
-3.06669 -4.14641
-3.07252 -4.15188
-3.07852 -4.15716
-3.08462 -4.16233
-3.0904 -4.16786
-3.0935 -4.17038
-3.09661 -4.1729
-3.10232 -4.1785
-3.10543 -4.18102
-3.10853 -4.18354
-3.11129 -4.18645
-3.11404 -4.18936
-3.12 -4.19469
-3.12312 -4.19719
-3.12625 -4.19969
-3.12908 -4.20251
-3.13191 -4.20534
-3.13782 -4.21072
-3.14382 -4.216
-3.15001 -4.22107
-3.15281 -4.22393
-3.15561 -4.22679
-3.15875 -4.22927
-3.16188 -4.23176
-3.16767 -4.23728
-3.17378 -4.24243
-3.17954 -4.24797
-3.18558 -4.2532
-3.19151 -4.25857
-3.19425 -4.26149
-3.197 -4.2644
-3.20013 -4.2669
-3.20326 -4.2694
-3.20936 -4.27456
-3.21528 -4.27993
-3.22105 -4.28546
-3.22702 -4.29078
-3.23274 -4.29636
-3.23586 -4.29887
-3.23897 -4.30139
-3.24178 -4.30424
-3.24459 -4.30709
-3.24768 -4.30962
-3.25078 -4.31215
-3.25356 -4.31504
-3.25634 -4.31792
-3.26251 -4.32301
-3.26818 -4.32865
-3.27432 -4.33377
-3.28005 -4.33936
-3.28597 -4.34472
-3.28911 -4.3472
-3.29224 -4.34969
-3.29832 -4.35489
-3.30105 -4.35783
-3.30378 -4.36076
-3.30688 -4.36329
-3.30998 -4.36582
-3.31572 -4.37138
-3.32164 -4.37675
-3.32751 -4.38218
-3.33067 -4.38463
-3.33384 -4.38709
-3.33952 -4.39272
-3.34523 -4.39831
-3.34842 -4.40075
-3.3516 -4.40319
-3.35739 -4.4087
-3.36318 -4.41421
-3.36936 -4.41929
-3.37507 -4.42489
-3.38115 -4.43007
-3.38727 -4.43522
-3.39004 -4.43812
-3.3928 -4.44102
-3.39887 -4.44622
-3.40487 -4.4515
-3.41072 -4.45694
-3.41659 -4.46237
-3.42258 -4.46766
-3.42837 -4.47317
-3.43448 -4.47832
-3.44061 -4.48345
-3.44645 -4.48891
-3.44922 -4.4918
-3.452 -4.49469
-3.45517 -4.49713
-3.45835 -4.49957
-3.46118 -4.50241
-3.464 -4.50525
-3.47012 -4.51039
-3.47598 -4.51582
-3.48189 -4.5212
-3.48757 -4.52683
-3.49365 -4.53202
-3.49946 -4.53751
-3.50551 -4.54273
-3.51128 -4.54826
-3.51744 -4.55337
-3.52331 -4.55879
-3.52908 -4.56432
-3.53519 -4.56948
-3.54123 -4.57472
-3.54727 -4.57994
-3.55316 -4.58535
-3.55893 -4.59088
-3.56205 -4.59339
-3.56516 -4.5959
-3.56795 -4.59877
-3.57074 -4.60165
-3.57654 -4.60714
-3.57967 -4.60964
-3.5828 -4.61214
-3.58879 -4.61743
-3.59159 -4.62028
-3.59439 -4.62314
-3.60032 -4.6285
-3.60636 -4.63374
-3.61243 -4.63893
-3.61821 -4.64446
-3.62416 -4.64979
-3.62999 -4.65526
-3.63592 -4.66061
-3.64199 -4.66581
-3.6477 -4.67141
-3.65379 -4.67659
-3.65959 -4.68209
-3.66549 -4.68748
-3.67142 -4.69284
-3.6776 -4.69792
-3.68331 -4.70351
-3.68647 -4.70597
-3.68963 -4.70843
-3.69531 -4.71406
-3.70112 -4.71956
-3.70702 -4.72495
-3.71318 -4.73005
-3.71898 -4.73555
-3.7221 -4.73805
-3.72523 -4.74055
-3.73094 -4.74615
-3.73674 -4.75164
-3.74262 -4.75706
-3.74576 -4.75955
-3.74889 -4.76204
-3.7547 -4.76752
-3.76079 -4.7727
-3.7668 -4.77797
-3.77254 -4.78354
-3.7769 -4.78792
-3.78084 -4.79267
-3.78485 -4.79673
-3.78845 -4.80114
-3.79066 -4.80323
-3.79564 -4.80915
-3.80004 -4.81553
-3.80509 -4.8214
-3.81008 -4.82732
-3.81307 -4.83108
-3.81597 -4.83496
-3.81851 -4.83905
-3.82049 -4.84345
-3.82307 -4.84755
-3.82485 -4.85203
-3.82626 -4.85664
-3.82774 -4.86119
-3.82897 -4.86584
-3.83017 -4.87048
-3.83123 -4.87518
-3.83219 -4.87993
-3.83191 -4.88476
-3.83261 -4.88955
-3.83234 -4.89737
-3.83292 -4.90517
-3.83223 -4.91299
-3.83234 -4.9208
-3.83254 -4.92862
-3.83262 -4.93643
-3.83266 -4.94424
-3.8328 -4.95205
-3.83344 -4.95986
-3.8333 -4.96767
-3.83334 -4.97548
-3.83288 -4.9833
-3.8337 -4.99111
-3.833 -4.99892
-3.83386 -5.00673
-3.83344 -5.01455
-3.83397 -5.02235
-3.83336 -5.03017
-3.83396 -5.03798
-3.83372 -5.04579
-3.83404 -5.05361
-3.83358 -5.05883
-3.83375 -5.06411
-3.83232 -5.06919
-3.83226 -5.07451
-3.8302 -5.07938
-3.82921 -5.08453
-3.8272 -5.08936
-3.82538 -5.09424
-3.82345 -5.09912
-3.82079 -5.10363
-3.81804 -5.10808
-3.81516 -5.11243
-3.81189 -5.11651
-3.80874 -5.12068
-3.80524 -5.12458
-3.80172 -5.12849
-3.79692 -5.13241
-3.79258 -5.13683
-3.78796 -5.14095
-3.78314 -5.14486
-3.78226 -5.1462
-3.77589 -5.151
-3.7702 -5.15657
-3.76405 -5.16161
-3.75852 -5.16737
-3.7525 -5.17256
-3.74653 -5.17781
-3.74043 -5.18292
-3.73445 -5.18816
-3.72863 -5.19358
-3.72289 -5.19909
-3.71676 -5.20416
-3.71087 -5.20951
-3.70471 -5.21454
-3.69868 -5.21973
-3.69317 -5.2255
-3.68691 -5.23043
-3.68082 -5.23554
-3.67516 -5.24114
-3.6691 -5.24629
-3.66343 -5.25189
-3.65713 -5.25677
-3.65118 -5.26204
-3.6454 -5.26751
-3.6395 -5.27283
-3.63341 -5.27795
-3.62775 -5.28355
-3.62133 -5.28829
-3.6159 -5.29416
-3.60968 -5.29913
-3.6035 -5.30414
-3.5979 -5.30981
-3.59169 -5.31479
-3.58603 -5.3204
-3.57986 -5.32542
-3.57396 -5.33075
-3.56791 -5.33592
-3.56199 -5.34123
-3.55611 -5.34657
-3.55042 -5.35214
-3.54423 -5.35715
-3.53847 -5.36264
-3.53257 -5.36797
-3.52626 -5.37284
-3.52081 -5.37868
-3.51446 -5.3835
-3.50879 -5.38909
-3.50283 -5.39435
-3.49659 -5.3993
-3.49065 -5.40459
-3.48478 -5.40995
-3.47912 -5.41555
-3.47307 -5.42072
-3.46693 -5.42578
-3.46088 -5.43094
-3.45516 -5.43647
-3.44925 -5.44179
-3.44345 -5.44724
-3.43742 -5.45241
-3.4312 -5.45739
-3.42565 -5.46311
-3.41943 -5.46808
-3.41345 -5.47333
-3.40779 -5.47892
-3.40147 -5.48378
-3.39554 -5.48909
-3.38979 -5.49458
-3.38397 -5.50001
-3.37773 -5.50495
-3.37202 -5.5105
-3.36628 -5.51601
-3.3599 -5.5208
-3.35403 -5.52616
-3.34833 -5.53172
-3.34201 -5.53657
-3.33619 -5.54199
-3.33015 -5.54717
-3.32442 -5.55269
-3.31848 -5.55797
-3.31226 -5.56296
-3.30645 -5.56838
-3.30045 -5.57361
-3.29476 -5.57917
-3.28882 -5.58445
-3.28281 -5.58967
-3.27682 -5.59489
-3.27075 -5.60004
-3.26477 -5.60527
-3.25888 -5.61061
-3.25315 -5.61613
-3.24692 -5.6211
-3.24105 -5.62646
-3.23518 -5.63183
-3.22935 -5.63724
-3.22353 -5.64265
-3.21748 -5.64782
-3.21154 -5.6531
-3.20569 -5.65849
-3.19982 -5.66386
-3.19384 -5.66909
-3.18788 -5.67436
-3.18191 -5.67962
-3.17559 -5.68447
-3.17008 -5.69024
-3.16419 -5.69558
-3.15776 -5.70032
-3.15228 -5.70612
-3.14586 -5.71087
-3.14043 -5.71673
-3.13406 -5.72153
-3.12841 -5.72714
-3.12259 -5.73256
-3.11614 -5.73728
-3.11025 -5.74262
-3.10454 -5.74816
-3.09874 -5.7536
-3.09268 -5.75875
-3.08648 -5.76375
-3.08059 -5.76909
-3.07469 -5.77442
-3.06871 -5.77966
-3.06301 -5.78522
-3.05706 -5.7905
-3.05094 -5.79557
-3.04486 -5.80071
-3.03928 -5.80639
-3.03332 -5.81167
-3.02916 -5.81433
-3.02545 -5.81752
-3.02131 -5.82015
-3.01749 -5.82334
-3.013 -5.82535
-3.00871 -5.82776
-3.00161 -5.83124
-2.99442 -5.83453
-2.98713 -5.8376
-2.97985 -5.84071
-2.97267 -5.84401
-2.96547 -5.84729
-2.95826 -5.85053
-2.95117 -5.85404
-2.9439 -5.85715
-2.93687 -5.86079
-2.92977 -5.86427
-2.92238 -5.86713
-2.91525 -5.87055
-2.90795 -5.8736
-2.90106 -5.87754
-2.89361 -5.88027
-2.88663 -5.88402
-2.8794 -5.88723
-2.87208 -5.89022
-2.86505 -5.89387
-2.85768 -5.89677
-2.8506 -5.90029
-2.84344 -5.90365
-2.83629 -5.90702
-2.82927 -5.91069
-2.82208 -5.91398
-2.81468 -5.9168
-2.80771 -5.92058
-2.80028 -5.92334
-2.7931 -5.92665
-2.78618 -5.93054
-2.77888 -5.9336
-2.77151 -5.9365
-2.76439 -5.93993
-2.75743 -5.94372
-2.75026 -5.94706
-2.74282 -5.94981
-2.73573 -5.9533
-2.7287 -5.95694
-2.72128 -5.95974
-2.71414 -5.96314
-2.70712 -5.96678
-2.69984 -5.96988
-2.69255 -5.97297
-2.68541 -5.97636
-2.67821 -5.97964
-2.67101 -5.98291
-2.66406 -5.98671
-2.65665 -5.98953
-2.64951 -5.99292
-2.64225 -5.99605
-2.63524 -5.99974
-2.62821 -6.00339
-2.6208 -6.0062
-2.61356 -6.00938
-2.60662 -6.01321
-2.59926 -6.01614
-2.59225 -6.01981
-2.58503 -6.02304
-2.57766 -6.02593
-2.57051 -6.02932
-2.56336 -6.03269
-2.55615 -6.03593
-2.54903 -6.03939
-2.54179 -6.04256
-2.53485 -6.04639
-2.52752 -6.04937
-2.52048 -6.053
-2.5132 -6.05609
-2.50594 -6.05923
-2.4987 -6.06242
-2.49146 -6.06559
-2.48452 -6.06943
-2.48076 -6.07119
-2.48092 -6.07042
-2.48036 -6.06988
-2.47984 -6.06934
-2.47956 -6.06865
-2.47939 -6.06785
-2.47878 -6.06739
-2.47807 -6.06704
-2.47769 -6.06637
-2.47721 -6.06576
-2.47646 -6.06553
-2.4758 -6.06517
-2.47499 -6.06513
-2.47439 -6.0647
-2.47379 -6.0642
-2.47305 -6.06405
-2.46825 -6.06279
-2.46344 -6.06153
-2.4627 -6.06143
-2.46198 -6.06116
-2.46121 -6.06124
-2.46047 -6.06105
-2.45972 -6.06122
-2.45311 -6.06188
-2.44649 -6.06253
-2.43988 -6.06319
-2.43327 -6.06385
-2.43249 -6.06346
-2.43178 -6.06378
-2.4311 -6.06408
-2.43039 -6.06425
-2.42975 -6.06463
-2.42883 -6.06435
-2.42849 -6.06534
-2.42782 -6.06563
-2.42689 -6.06554
-2.42632 -6.06606
-2.42151 -6.07073
-2.42139 -6.07067
-2.41797 -6.07349
-2.41454 -6.07632
-2.41392 -6.07656
-2.40984 -6.08021
-2.40577 -6.08386
-2.40169 -6.08752
-2.40134 -6.08814
-2.40121 -6.08896
-2.40024 -6.089
-2.39618 -6.0944
-2.39212 -6.09979
-2.39173 -6.10043
-2.39129 -6.10103
-2.39116 -6.1018
-2.39075 -6.10241
-2.39056 -6.10312
-2.39004 -6.10371
-2.38968 -6.10438
-2.38934 -6.10507
-2.38913 -6.10582
-2.3897 -6.10664
-2.38917 -6.10736
-2.38913 -6.10812
-2.38928 -6.10888
-2.38957 -6.1096
-2.38996 -6.11028
-2.39013 -6.11101
-2.39013 -6.11101
-2.38909 -6.11119
-2.38488 -6.11222
-2.38069 -6.1133
-2.37637 -6.11369
-2.37212 -6.11481
-2.36779 -6.11501
-2.36345 -6.11462
-2.35546 -6.11465
-2.34747 -6.11467
-2.33948 -6.11499
-2.33149 -6.11509
-2.3235 -6.11484
-2.31551 -6.11455
-2.31152 -6.11481
-2.30752 -6.11507
-2.30353 -6.11477
-2.29954 -6.11448
-2.29155 -6.11437
-2.28356 -6.11469
-2.27557 -6.11501
-2.26758 -6.11476
-2.25959 -6.11438
-2.2516 -6.11438
-2.24761 -6.11471
-2.24361 -6.11505
-2.23562 -6.11473
-2.22763 -6.11435
-2.22364 -6.1147
-2.21964 -6.11504
-2.21165 -6.11473
-2.20366 -6.11502
-2.19568 -6.11476
-2.18769 -6.11445
-2.1797 -6.11444
-2.17171 -6.11458
-2.16372 -6.11469
-2.15573 -6.11496
-2.14774 -6.11461
-2.13975 -6.11451
-2.13176 -6.11428
-2.12377 -6.11427
-2.11578 -6.1146
-2.10779 -6.1147
-2.09981 -6.1145
-2.09182 -6.11482
-2.08383 -6.11471
-2.07584 -6.11465
-2.06785 -6.11437
-2.05986 -6.11424
-2.05587 -6.11446
-2.05187 -6.11469
-2.04388 -6.11443
-2.03589 -6.11416
-2.0279 -6.1143
-2.01991 -6.11447
-2.01192 -6.1141
-2.00394 -6.11437
-1.99595 -6.11449
-1.98796 -6.11411
-1.97997 -6.11396
-1.97597 -6.1143
-1.97198 -6.11464
-1.96399 -6.11466
-1.956 -6.11464
-1.94801 -6.11451
-1.94002 -6.11425
-1.93203 -6.11421
-1.92404 -6.11435
-1.91605 -6.11412
-1.91206 -6.11433
-1.90806 -6.11454
-1.90008 -6.11418
-1.89209 -6.11432
-1.8841 -6.11422
-1.87611 -6.11404
-1.87211 -6.11429
-1.86812 -6.11455
-1.86412 -6.11431
-1.86013 -6.11407
-1.85613 -6.11427
-1.85214 -6.11448
-1.84415 -6.11418
-1.83616 -6.11439
-1.82817 -6.11415
-1.82018 -6.11383
-1.81619 -6.11414
-1.81219 -6.11446
-1.8042 -6.11414
-1.79622 -6.11393
-1.78823 -6.11408
-1.78024 -6.11374
-1.77624 -6.11407
-1.77225 -6.1144
-1.76426 -6.11414
-1.75627 -6.11419
-1.74828 -6.11407
-1.74029 -6.11408
-1.7323 -6.11389
-1.72431 -6.11373
-1.72032 -6.11399
-1.71632 -6.11426
-1.70833 -6.1143
-1.70035 -6.11396
-1.69236 -6.11418
-1.68836 -6.11389
-1.68437 -6.11359
-1.67638 -6.11379
-1.66839 -6.11413
-1.6604 -6.11424
-1.6564 -6.11388
-1.65241 -6.11353
-1.64442 -6.11373
-1.63643 -6.11411
-1.62844 -6.11417
-1.62045 -6.11408
-1.61646 -6.11379
-1.61246 -6.1135
-1.60847 -6.11386
-1.60447 -6.11422
-1.60048 -6.11394
-1.59649 -6.11367
-1.5885 -6.11343
-1.5845 -6.11375
-1.58051 -6.11408
-1.57252 -6.11384
-1.56453 -6.11374
-1.55654 -6.11353
-1.55254 -6.11385
-1.54855 -6.11416
-1.54456 -6.11386
-1.54056 -6.11356
-1.53257 -6.11368
-1.52458 -6.11343
-1.51659 -6.11356
-1.5086 -6.1134
-1.50062 -6.11363
-1.49263 -6.11352
-1.48464 -6.11391
-1.47665 -6.11355
-1.46866 -6.11363
-1.46067 -6.11334
-1.45268 -6.11351
-1.44469 -6.1133
-1.4367 -6.1136
-1.42871 -6.11356
-1.42072 -6.11371
-1.41273 -6.11384
-1.40874 -6.11355
-1.40474 -6.11325
-1.40075 -6.11356
-1.39675 -6.11387
-1.39276 -6.11365
-1.38877 -6.11343
-1.38078 -6.11358
-1.37279 -6.11326
-1.3648 -6.11352
-1.35681 -6.11376
-1.34882 -6.11341
-1.34083 -6.11369
-1.33284 -6.11326
-1.32885 -6.11356
-1.32485 -6.11386
-1.32086 -6.11347
-1.31686 -6.11308
-1.30887 -6.11346
-1.30088 -6.11334
-1.2929 -6.11345
-1.28491 -6.11343
-1.27692 -6.11345
-1.26893 -6.11347
-1.26094 -6.11307
-1.25295 -6.11327
-1.24496 -6.11342
-1.23697 -6.11303
-1.22898 -6.11317
-1.22499 -6.11342
-1.22099 -6.11366
-1.217 -6.11342
-1.213 -6.11317
-1.20501 -6.11307
-1.19703 -6.11304
-1.19303 -6.11337
-1.18904 -6.11369
-1.18105 -6.11331
-1.17306 -6.11345
-1.16507 -6.1133
-1.15708 -6.11309
-1.14909 -6.11287
-1.1451 -6.1131
-1.1411 -6.11333
-1.13711 -6.1131
-1.13311 -6.11287
-1.12912 -6.11322
-1.12512 -6.11358
-1.11713 -6.11345
-1.10914 -6.11345
-1.10515 -6.11317
-1.10115 -6.11288
-1.09317 -6.11281
-1.08518 -6.11283
-1.07719 -6.11299
-1.07319 -6.11327
-1.0692 -6.11354
-1.06121 -6.11342
-1.05322 -6.11303
-1.04523 -6.11329
-1.04124 -6.11305
-1.03724 -6.11281
-1.02925 -6.1127
-1.02126 -6.11306
-1.01327 -6.11304
-1.00528 -6.11283
-0.997295 -6.11286
-0.989306 -6.11283
-0.985311 -6.11312
-0.981316 -6.11341
-0.977321 -6.11315
-0.973327 -6.11289
-0.965338 -6.11285
-0.957349 -6.11291
-0.94936 -6.11286
-0.945365 -6.11308
-0.94137 -6.11329
-0.933381 -6.11323
-0.925392 -6.11299
-0.917402 -6.1132
-0.909413 -6.11321
-0.901424 -6.11297
-0.893435 -6.11292
-0.885446 -6.11269
-0.881451 -6.11292
-0.877456 -6.11314
-0.869467 -6.11323
-0.861478 -6.11291
-0.853489 -6.11309
-0.845499 -6.11306
-0.837511 -6.11277
-0.833516 -6.113
-0.829521 -6.11323
-0.825526 -6.11295
-0.821532 -6.11267
-0.817537 -6.11291
-0.813542 -6.11314
-0.809548 -6.1128
-0.805554 -6.11245
-0.797565 -6.11248
-0.789576 -6.11248
-0.781586 -6.11249
-0.777591 -6.11278
-0.773596 -6.11307
-0.769602 -6.11271
-0.765608 -6.11235
-0.757619 -6.11248
-0.753624 -6.11277
-0.749629 -6.11305
-0.74164 -6.11271
-0.733651 -6.11281
-0.725662 -6.11243
-0.717673 -6.1124
-0.709683 -6.11275
-0.701694 -6.11284
-0.697699 -6.11258
-0.693705 -6.11232
-0.685715 -6.11267
-0.677727 -6.11235
-0.669737 -6.1123
-0.665742 -6.11261
-0.661747 -6.11291
-0.653758 -6.11273
-0.645769 -6.11274
-0.63778 -6.11259
-0.629791 -6.11247
-0.621802 -6.1125
-0.613812 -6.11258
-0.605823 -6.11271
-0.597834 -6.11263
-0.589845 -6.11251
-0.581856 -6.11229
-0.577861 -6.11258
-0.573866 -6.11288
-0.565877 -6.11254
-0.557888 -6.11219
-0.553893 -6.11242
-0.549899 -6.11265
-0.541909 -6.1128
-0.53392 -6.11279
-0.525931 -6.1126
-0.517942 -6.11271
-0.509953 -6.11243
-0.501964 -6.11217
-0.493974 -6.11229
-0.485985 -6.11254
-0.477996 -6.1124
-0.470007 -6.11235
-0.462017 -6.11268
-0.454028 -6.11254
-0.446039 -6.11231
-0.43805 -6.11244
-0.430061 -6.11207
-0.422071 -6.11229
-0.414082 -6.11225
-0.406093 -6.1123
-0.398104 -6.1125
-0.394109 -6.11218
-0.390115 -6.11187
-0.382126 -6.11209
-0.378131 -6.11232
-0.374136 -6.11256
-0.370142 -6.1122
-0.366147 -6.11184
-0.358158 -6.11213
-0.354163 -6.11234
-0.350168 -6.11255
-0.346174 -6.11228
-0.34218 -6.11201
-0.33419 -6.11222
-0.326201 -6.11209
-0.318212 -6.11192
-0.310223 -6.11181
-0.302233 -6.11207
-0.294244 -6.11243
-0.29025 -6.11208
-0.286255 -6.11173
-0.278266 -6.11188
-0.274271 -6.11217
-0.270276 -6.11246
-0.262287 -6.11213
-0.254298 -6.11186
-0.246309 -6.11192
-0.242314 -6.11215
-0.238319 -6.11237
-0.234325 -6.11216
-0.230331 -6.11194
-0.222342 -6.11167
-0.218347 -6.112
-0.214352 -6.11233
-0.210357 -6.11199
-0.206363 -6.11165
-0.202368 -6.11202
-0.198373 -6.11239
-0.194379 -6.11206
-0.190385 -6.11173
-0.182396 -6.11158
-0.174406 -6.11189
-0.166417 -6.11188
-0.158428 -6.11155
-0.150438 -6.11188
-0.142449 -6.1121
-0.13446 -6.11205
-0.126471 -6.11167
-0.118481 -6.11202
-0.110492 -6.11202
-0.102503 -6.11195
-0.0945139 -6.11181
-0.090519 -6.11202
-0.0865241 -6.11222
-0.0785349 -6.11217
-0.0705459 -6.11203
-0.0625569 -6.11189
-0.054568 -6.11163
-0.050573 -6.11189
-0.0465781 -6.11214
-0.0385892 -6.1119
-0.0306004 -6.11153
-0.0226108 -6.11185
-0.0146218 -6.11166
-0.00663293 -6.11141
-0.00263803 -6.11163
0.00135688 -6.11185
0.00934636 -6.11205
0.0133405 -6.11171
0.0173347 -6.11138
0.0253243 -6.11168
0.0333137 -6.11182
0.0413026 -6.11152
0.0492919 -6.11161
0.0572816 -6.11196
0.0652706 -6.11181
0.0732593 -6.1114
0.0812486 -6.11144
0.0852435 -6.11169
0.0892385 -6.11194
0.0972274 -6.11168
0.105216 -6.11146
0.113206 -6.11168
0.121195 -6.11183
0.129184 -6.1116
0.137173 -6.11135
0.141168 -6.1116
0.145163 -6.11185
0.153152 -6.11146
0.161141 -6.11154
0.16913 -6.11139
0.17712 -6.11175
0.181114 -6.11145
0.185108 -6.11115
0.189103 -6.11149
0.193098 -6.11182
0.201087 -6.11165
0.209076 -6.11138
0.217065 -6.11135
0.225055 -6.1114
0.233044 -6.11127
0.241033 -6.1114
0.249022 -6.11124
0.257011 -6.11133
0.265 -6.11122
0.268995 -6.11145
0.27299 -6.11167
0.280979 -6.11165
0.284974 -6.11134
0.288968 -6.11104
0.292963 -6.11133
0.296958 -6.11162
0.300952 -6.11136
0.304946 -6.11111
0.308941 -6.11132
0.312936 -6.11153
0.316931 -6.11129
0.320925 -6.11106
0.32492 -6.1113
0.328915 -6.11155
0.336904 -6.11145
0.344893 -6.11116
0.352882 -6.11123
0.360871 -6.11088
0.364866 -6.11114
0.368861 -6.1114
0.376849 -6.11105
0.384838 -6.11086
0.392828 -6.11087
0.400817 -6.11097
0.404812 -6.11123
0.408807 -6.11149
0.416796 -6.11131
0.42079 -6.11105
0.424784 -6.11078
0.428779 -6.11099
0.432774 -6.11119
0.440763 -6.11115
0.448753 -6.11115
0.456742 -6.11146
0.460736 -6.11116
0.464731 -6.11087
0.47272 -6.1108
0.476715 -6.1111
0.48071 -6.1114
0.488699 -6.11145
0.492693 -6.11109
0.496687 -6.11073
0.504676 -6.11068
0.508671 -6.11093
0.512666 -6.11119
0.520655 -6.11101
0.528644 -6.11063
0.536633 -6.11071
0.540628 -6.11094
0.544623 -6.11116
0.552612 -6.11117
0.560601 -6.11082
0.56859 -6.11082
0.57658 -6.11094
0.584569 -6.11065
0.592558 -6.11074
0.600548 -6.11112
0.604542 -6.11088
0.608536 -6.11063
0.616526 -6.11063
0.624515 -6.11092
0.632504 -6.1106
0.636499 -6.11085
0.640494 -6.11109
0.648483 -6.11079
0.656472 -6.11081
0.664461 -6.11051
0.67245 -6.11067
0.68044 -6.11099
0.684434 -6.11076
0.688428 -6.11053
0.692423 -6.11082
0.696418 -6.1111
0.704408 -6.11108
0.712397 -6.11106
0.720386 -6.11099
0.728375 -6.11114
0.73237 -6.11081
0.736364 -6.11048
0.744353 -6.11053
0.752343 -6.11093
0.760332 -6.11062
0.768321 -6.11045
0.77631 -6.11038
0.784299 -6.11064
0.792289 -6.11076
0.800278 -6.11044
0.808267 -6.11039
0.816256 -6.11071
0.824246 -6.11087
0.832235 -6.11067
0.840224 -6.11097
0.848213 -6.11093
0.852208 -6.11063
0.856202 -6.11033
0.864191 -6.11057
0.872181 -6.11076
0.876175 -6.11054
0.88017 -6.11031
0.884165 -6.11056
0.888159 -6.1108
0.896148 -6.11041
0.904138 -6.11067
0.912127 -6.11082
0.916121 -6.11059
0.920116 -6.11036
0.928105 -6.11072
0.936095 -6.1107
0.944084 -6.11083
0.948078 -6.11052
0.952072 -6.11022
0.956067 -6.11044
0.960062 -6.11067
0.964057 -6.11037
0.968051 -6.11007
0.97604 -6.11033
0.98403 -6.11036
0.992018 -6.11012
0.996013 -6.11034
1.00001 -6.11056
1.008 -6.11032
1.01599 -6.11024
1.02398 -6.11024
1.03197 -6.1105
1.03995 -6.11018
1.04395 -6.11044
1.04794 -6.1107
1.05194 -6.11035
1.05593 -6.10999
1.06392 -6.11033
1.07191 -6.11006
1.0799 -6.1102
1.08789 -6.10991
1.09188 -6.11018
1.09588 -6.11044
1.10387 -6.11057
1.11186 -6.11049
1.11585 -6.11024
1.11985 -6.10999
1.12784 -6.11028
1.13582 -6.11027
1.14381 -6.11027
1.1518 -6.11046
1.15979 -6.11031
1.16778 -6.11047
1.17577 -6.11015
1.18376 -6.11033
1.19175 -6.11031
1.19974 -6.11036
1.20773 -6.11051
1.21572 -6.11014
1.22371 -6.11023
1.2317 -6.10999
1.23968 -6.1101
1.24767 -6.10971
1.25167 -6.11
1.25566 -6.11029
1.26365 -6.1103
1.27164 -6.11045
1.27564 -6.11023
1.27963 -6.11001
1.28762 -6.10968
1.29561 -6.10981
1.3036 -6.10983
1.30759 -6.11008
1.31159 -6.11034
1.31563 -6.11001
1.3158 -6.10944
1.31548 -6.10869
1.3159 -6.10799
1.31576 -6.10722
1.3164 -6.10661
1.31603 -6.10574
1.31646 -6.1051
1.31694 -6.1045
1.31691 -6.10365
1.31771 -6.10325
1.31785 -6.10245
1.31862 -6.10211
1.31919 -6.10163
1.31975 -6.10118
1.32335 -6.09767
1.32695 -6.09416
1.32734 -6.09347
1.32824 -6.0934
1.32885 -6.09299
1.32958 -6.09278
1.33013 -6.09226
1.33074 -6.09183
1.33139 -6.0914
1.33731 -6.08968
1.34324 -6.08797
1.34917 -6.08625
1.35509 -6.08453
1.35587 -6.08468
1.35656 -6.08456
1.35724 -6.08432
1.36216 -6.08369
1.36708 -6.08305
1.36775 -6.08293
1.36843 -6.08316
1.36911 -6.0828
1.36977 -6.08313
1.37041 -6.08344
1.37112 -6.08324
1.37172 -6.08364
1.37844 -6.08585
1.37915 -6.08572
1.37967 -6.08616
1.38614 -6.08861
1.39262 -6.09107
1.3991 -6.09352
1.40558 -6.09598
1.41206 -6.09843
1.41253 -6.09924
1.4134 -6.09914
1.41409 -6.09946
1.41474 -6.09986
1.41525 -6.10046
1.41579 -6.10099
1.41601 -6.10183
1.41682 -6.10209
1.41737 -6.10262
1.41751 -6.10344
1.41819 -6.1039
1.41815 -6.10477
1.4185 -6.10543
1.41867 -6.10615
1.41913 -6.10679
1.419 -6.10758
1.41912 -6.10831
1.4192 -6.10904
1.41912 -6.10968
1.42344 -6.10987
1.43143 -6.11012
1.43941 -6.11
1.4474 -6.11007
1.45539 -6.10974
1.46338 -6.10973
1.47137 -6.10948
1.47537 -6.10979
1.47936 -6.1101
1.48735 -6.10993
1.49534 -6.10969
1.50333 -6.10957
1.51132 -6.10995
1.51931 -6.10958
1.5273 -6.10967
1.53529 -6.10994
1.54327 -6.10988
1.55126 -6.10954
1.55925 -6.10934
1.56325 -6.10954
1.56724 -6.10975
1.57523 -6.1096
1.58322 -6.1095
1.58722 -6.10975
1.59121 -6.11
1.5952 -6.10971
1.5992 -6.10941
1.60719 -6.10925
1.61518 -6.10933
1.62317 -6.10924
1.63116 -6.10929
1.63914 -6.10936
1.64713 -6.10926
1.65113 -6.10956
1.65512 -6.10987
1.65912 -6.10963
1.66311 -6.10938
1.6711 -6.10975
1.67909 -6.10947
1.68708 -6.10945
1.69507 -6.10965
1.70306 -6.10948
1.71105 -6.10959
1.71904 -6.10942
1.72703 -6.1092
1.73102 -6.10947
1.73502 -6.10975
1.73901 -6.10943
1.743 -6.10912
1.75099 -6.10919
1.75499 -6.1095
1.75898 -6.1098
1.76697 -6.10968
1.77496 -6.10978
1.77896 -6.10956
1.78295 -6.10934
1.79094 -6.10926
1.79493 -6.1095
1.79893 -6.10974
1.80692 -6.10938
1.81491 -6.10949
1.8189 -6.10927
1.8229 -6.10905
1.82689 -6.1093
1.83089 -6.10955
1.83888 -6.1095
1.84686 -6.10922
1.85086 -6.10943
1.85485 -6.10965
1.86284 -6.10956
1.86684 -6.1093
1.87083 -6.10904
1.87483 -6.10928
1.87882 -6.10952
1.88681 -6.1093
1.8948 -6.10938
1.90279 -6.10925
1.91078 -6.10926
1.91877 -6.10952
1.92276 -6.10929
1.92676 -6.10906
1.93475 -6.10943
1.94274 -6.10949
1.94673 -6.10923
1.95072 -6.10898
1.95871 -6.10938
1.9667 -6.1091
1.97469 -6.10912
1.98268 -6.10899
1.99067 -6.10908
1.99866 -6.10894
2.00265 -6.10917
2.00665 -6.10941
2.01064 -6.10916
2.01464 -6.1089
2.02263 -6.10888
2.03062 -6.10872
2.03861 -6.10889
2.0466 -6.10914
2.05175 -6.10864
2.05694 -6.10864
2.06199 -6.10749
2.06722 -6.10722
2.07221 -6.10586
2.07708 -6.10412
2.08196 -6.1024
2.08688 -6.10077
2.09042 -6.09889
2.09396 -6.09701
2.10127 -6.09378
2.10865 -6.09069
2.11604 -6.08765
2.11963 -6.08588
2.12322 -6.08411
2.13055 -6.08092
2.1343 -6.07953
2.13806 -6.07814
2.14539 -6.07495
2.15265 -6.0716
2.15622 -6.06979
2.15979 -6.06799
2.16353 -6.06657
2.16727 -6.06514
2.17458 -6.06189
2.17815 -6.0601
2.18173 -6.0583
2.18549 -6.05692
2.18925 -6.05555
2.19283 -6.05377
2.19642 -6.05199
2.2002 -6.05066
2.20398 -6.04933
2.21125 -6.04601
2.21852 -6.04267
2.22207 -6.04081
2.22562 -6.03896
2.22938 -6.03759
2.23315 -6.03623
2.23669 -6.03437
2.24024 -6.0325
2.24768 -6.02956
2.25495 -6.02623
2.2622 -6.02285
2.26951 -6.01963
2.27329 -6.01831
2.27708 -6.01698
2.28441 -6.01381
2.28794 -6.0119
2.29147 -6.00999
2.2952 -6.00854
2.29893 -6.00709
2.30625 -6.0039
2.31362 -6.00079
2.3172 -5.999
2.32077 -5.9972
2.32455 -5.99585
2.32832 -5.99451
2.33561 -5.99123
2.3392 -5.98946
2.34279 -5.98769
2.35005 -5.98435
2.3573 -5.98097
2.36103 -5.97952
2.36476 -5.97808
2.3721 -5.97492
2.37943 -5.97173
2.38682 -5.96867
2.39405 -5.96526
2.40124 -5.96176
2.40854 -5.9585
2.41229 -5.95709
2.41604 -5.95568
2.42329 -5.95232
2.43068 -5.94927
2.43425 -5.94747
2.43783 -5.94567
2.44519 -5.94256
2.45261 -5.93957
2.45987 -5.93623
2.46345 -5.93444
2.46703 -5.93265
2.47083 -5.93136
2.47463 -5.93007
2.47814 -5.92812
2.48165 -5.92618
2.48543 -5.92484
2.4892 -5.92349
2.49274 -5.92161
2.49628 -5.91973
2.50369 -5.91671
2.51093 -5.91332
2.51468 -5.91194
2.51844 -5.91055
2.52565 -5.90709
2.53284 -5.90358
2.5402 -5.90047
2.54395 -5.89907
2.5477 -5.89766
2.55126 -5.89583
2.55482 -5.894
2.55862 -5.8927
2.56241 -5.8914
2.56593 -5.88947
2.56945 -5.88754
2.57679 -5.88438
2.58415 -5.88126
2.59152 -5.87817
2.59896 -5.87523
2.6063 -5.87205
2.60982 -5.87014
2.61335 -5.86823
2.62067 -5.86503
2.6244 -5.86357
2.62812 -5.86211
2.63548 -5.85899
2.63904 -5.85714
2.64259 -5.8553
2.64639 -5.85401
2.65019 -5.85272
2.6537 -5.85077
2.65721 -5.84883
2.661 -5.84753
2.6648 -5.84622
2.67212 -5.843
2.67936 -5.83963
2.68293 -5.83782
2.6865 -5.836
2.69023 -5.83456
2.69397 -5.83313
2.70116 -5.82963
2.70849 -5.82643
2.71576 -5.8231
2.72307 -5.81987
2.73049 -5.81688
2.73777 -5.81359
2.74156 -5.81204
2.74501 -5.80984
2.74873 -5.8081
2.75201 -5.80566
2.75562 -5.80369
2.75866 -5.80095
2.76187 -5.79841
2.7653 -5.79612
2.77119 -5.79074
2.77689 -5.78514
2.78254 -5.77949
2.78872 -5.77443
2.79452 -5.76894
2.80059 -5.76375
2.80619 -5.75805
2.81219 -5.75279
2.81804 -5.74736
2.82395 -5.74199
2.82997 -5.73676
2.83553 -5.73101
2.84159 -5.7258
2.84716 -5.72007
2.85334 -5.715
2.85928 -5.70967
2.86496 -5.70406
2.87082 -5.69864
2.87692 -5.69348
2.88282 -5.68812
2.88857 -5.68257
2.89465 -5.6774
2.9003 -5.67175
2.90614 -5.66631
2.91203 -5.66093
2.91815 -5.65579
2.92366 -5.64999
2.92962 -5.64468
2.9358 -5.63961
2.94167 -5.63421
2.94742 -5.62867
2.95333 -5.62331
2.95924 -5.61795
2.96521 -5.61264
2.97095 -5.6071
2.97703 -5.60192
2.97974 -5.59897
2.98245 -5.59602
2.98837 -5.59067
2.99152 -5.5882
2.99467 -5.58573
2.99741 -5.58281
3.00014 -5.57989
3.00328 -5.57741
3.00642 -5.57493
3.01209 -5.5693
3.01776 -5.56368
3.02385 -5.55851
3.02951 -5.55287
3.03544 -5.54753
3.04127 -5.54209
3.04448 -5.53968
3.04768 -5.53727
3.05339 -5.53169
3.059 -5.526
3.06486 -5.52058
3.07069 -5.51513
3.0769 -5.5101
3.08254 -5.50444
3.08866 -5.4993
3.09463 -5.494
3.1003 -5.48838
3.10633 -5.48315
3.11189 -5.4774
3.11794 -5.47219
3.12362 -5.46657
3.12676 -5.4641
3.1299 -5.46162
3.13559 -5.45601
3.1413 -5.45043
3.14446 -5.44798
3.14763 -5.44552
3.1533 -5.4399
3.15927 -5.43461
3.16526 -5.42933
3.16799 -5.4264
3.17072 -5.42347
3.1769 -5.41841
3.18244 -5.41263
3.1886 -5.40755
3.19433 -5.40199
3.20031 -5.39671
3.20615 -5.39126
3.21207 -5.38591
3.21771 -5.38026
3.22392 -5.37521
3.22963 -5.36964
3.23538 -5.3641
3.23853 -5.36162
3.24167 -5.35915
3.24761 -5.35381
3.25332 -5.34824
3.25939 -5.34304
3.26518 -5.33755
3.2709 -5.33199
3.27686 -5.32668
3.28246 -5.32098
3.28837 -5.31561
3.29442 -5.3104
3.30047 -5.30519
3.30632 -5.29977
3.3119 -5.29404
3.31779 -5.28865
3.32363 -5.28322
3.32988 -5.27822
3.33579 -5.27286
3.34136 -5.26712
3.34761 -5.26213
3.35032 -5.25919
3.35303 -5.25624
3.35617 -5.25375
3.3593 -5.25126
3.36485 -5.2455
3.37083 -5.24023
3.37667 -5.23478
3.38273 -5.22958
3.38834 -5.22389
3.39441 -5.21871
3.40025 -5.21326
3.40604 -5.20777
3.41213 -5.2026
3.41783 -5.19701
3.42365 -5.19155
3.42681 -5.1891
3.42998 -5.18665
3.43582 -5.1812
3.44151 -5.1756
3.44717 -5.16997
3.45311 -5.16464
3.4591 -5.15936
3.46508 -5.15407
3.47102 -5.14874
3.47672 -5.14315
3.48265 -5.13781
3.48836 -5.13224
3.49382 -5.12673
3.49906 -5.12098
3.5037 -5.11474
3.50594 -5.11132
3.50847 -5.1081
3.5111 -5.10376
3.51394 -5.0995
3.51579 -5.09477
3.51782 -5.09013
3.51987 -5.08548
3.52151 -5.08066
3.52248 -5.07567
3.52402 -5.0708
3.52465 -5.06576
3.52493 -5.0607
3.52494 -5.05563
3.52568 -5.05057
3.52557 -5.04282
3.52551 -5.03506
3.5253 -5.02731
3.52515 -5.01956
3.52506 -5.01181
3.52517 -5.00406
3.52436 -4.99631
3.52503 -4.98855
3.52483 -4.9808
3.52478 -4.97305
3.52469 -4.9653
3.52409 -4.95755
3.52444 -4.94979
3.5238 -4.94205
3.5239 -4.93429
3.52378 -4.92654
3.52405 -4.91878
3.52336 -4.91104
3.52381 -4.90328
3.52333 -4.89553
3.52339 -4.88778
3.52296 -4.88003
3.52287 -4.87228
3.52295 -4.86453
3.52249 -4.85678
3.52286 -4.84902
3.52235 -4.84128
3.52223 -4.83352
3.52214 -4.82577
3.52199 -4.81802
3.52227 -4.81026
3.52194 -4.80252
3.5218 -4.79782
3.5218 -4.79308
3.52084 -4.78847
3.5203 -4.78377
3.51907 -4.77924
3.5175 -4.77481
3.51594 -4.77038
3.51467 -4.76583
3.51289 -4.76147
3.5108 -4.75723
3.50841 -4.75318
3.50553 -4.74946
3.50306 -4.74545
3.50037 -4.74158
3.49751 -4.73783
3.49426 -4.73442
3.48976 -4.73029
3.48561 -4.72582
3.48123 -4.72157
3.47742 -4.71675
3.47141 -4.71184
3.4686 -4.70899
3.46579 -4.70614
3.4596 -4.70108
3.45357 -4.69583
3.44783 -4.69027
3.44198 -4.68483
3.43579 -4.67977
3.42997 -4.67429
3.42384 -4.66916
3.41793 -4.66379
3.41178 -4.65868
3.40609 -4.65306
3.39991 -4.64799
3.39391 -4.64271
3.38795 -4.6374
3.38214 -4.63191
3.37588 -4.62692
3.36992 -4.62161
3.36391 -4.61634
3.35809 -4.61087
3.35214 -4.60553
3.34608 -4.60033
3.34012 -4.59502
3.33728 -4.5922
3.33444 -4.58938
3.32854 -4.584
3.32258 -4.57867
3.31665 -4.57332
3.31346 -4.57089
3.31028 -4.56847
3.30455 -4.56288
3.29837 -4.55781
3.29251 -4.55238
3.28645 -4.54717
3.28051 -4.54183
3.2747 -4.53634
3.26846 -4.53134
3.26568 -4.52845
3.26291 -4.52557
3.25973 -4.52313
3.25655 -4.52069
3.25069 -4.51526
3.24456 -4.51013
3.24173 -4.50731
3.23889 -4.50449
3.23282 -4.49929
3.22692 -4.49391
3.22101 -4.48853
3.21485 -4.48343
3.20878 -4.47825
3.20276 -4.47299
3.19995 -4.47014
3.19715 -4.46728
3.19124 -4.4619
3.18527 -4.4566
3.18207 -4.45418
3.17888 -4.45176
3.17609 -4.44888
3.17331 -4.446
3.16709 -4.44098
3.16111 -4.43567
3.15503 -4.4305
3.14905 -4.4252
3.14624 -4.42234
3.14344 -4.41949
3.14031 -4.417
3.13717 -4.41452
3.13127 -4.40913
3.12531 -4.40381
3.11947 -4.39835
3.11346 -4.3931
3.1077 -4.38755
3.10178 -4.38218
3.09577 -4.37693
3.09258 -4.3745
3.0894 -4.37207
3.0835 -4.36667
3.07765 -4.36123
3.07157 -4.35606
3.06876 -4.3532
3.06596 -4.35034
3.05977 -4.34529
3.05356 -4.34024
3.04773 -4.33478
3.0449 -4.33194
3.04208 -4.32911
3.03596 -4.32397
3.03001 -4.31864
3.02685 -4.31618
3.02369 -4.31372
3.01785 -4.30827
3.01182 -4.30303
3.00587 -4.2977
2.99992 -4.29238
2.99389 -4.28713
2.99106 -4.2843
2.98823 -4.28147
2.98214 -4.27631
2.97605 -4.27113
2.97326 -4.26826
2.97047 -4.26538
2.96731 -4.26292
2.96416 -4.26046
2.95848 -4.25483
2.9524 -4.24964
2.94634 -4.24444
2.94018 -4.23934
2.93426 -4.23398
2.92839 -4.22856
2.92522 -4.22593
2.92551 -4.22548
2.92587 -4.22483
2.92693 -4.22464
2.92679 -4.22368
2.92703 -4.22298
2.92736 -4.22233
2.92763 -4.22165
2.92804 -4.22101
2.92804 -4.22026
2.92881 -4.21963
2.92905 -4.21888
2.92875 -4.2181
2.92893 -4.21734
2.92843 -4.21663
2.92823 -4.21591
2.92757 -4.21051
2.9269 -4.20511
2.92655 -4.20444
2.92654 -4.2037
2.92623 -4.20304
2.92619 -4.20226
2.92603 -4.20152
2.92584 -4.20076
2.92489 -4.2005
2.92109 -4.19494
2.9173 -4.18937
2.9135 -4.18381
2.90971 -4.17825
2.90592 -4.17269
2.90567 -4.17198
2.90506 -4.17158
2.90434 -4.17132
2.90391 -4.17077
2.90343 -4.17027
2.90293 -4.16978
2.90235 -4.16938
2.90195 -4.16863
2.90115 -4.16865
2.9006 -4.16812
2.89401 -4.1657
2.88742 -4.16327
2.88083 -4.16085
2.87424 -4.15842
2.86765 -4.156
2.86106 -4.15358
2.86029 -4.1536
2.85968 -4.15303
2.8589 -4.15324
2.85822 -4.15275
2.85747 -4.15296
2.85675 -4.15312
2.85602 -4.15302
2.85525 -4.1528
2.85453 -4.153
2.85383 -4.15323
2.85296 -4.15297
2.85237 -4.15352
2.85162 -4.1537
2.85105 -4.15421
2.85026 -4.15437
2.84993 -4.15518
2.849 -4.15522
2.8484 -4.1557
2.84803 -4.15639
2.84783 -4.15667
2.84491 -4.15414
2.83884 -4.14894
2.83277 -4.14375
2.82672 -4.13852
2.82398 -4.13559
2.82124 -4.13266
2.8151 -4.12755
2.80889 -4.12252
2.80291 -4.11722
2.80009 -4.11438
2.79728 -4.11153
2.79112 -4.10644
2.78523 -4.10103
2.7821 -4.09855
2.77896 -4.09607
2.77319 -4.09054
2.76742 -4.085
2.76134 -4.07982
2.75539 -4.07449
2.74939 -4.06922
2.74319 -4.06417
2.73732 -4.05875
2.7316 -4.05315
2.72547 -4.04802
2.71938 -4.04286
2.71343 -4.03752
2.70735 -4.03234
2.70453 -4.0295
2.70171 -4.02666
2.69566 -4.02144
2.68964 -4.0162
2.68384 -4.0107
2.67765 -4.00563
2.67168 -4.00033
2.66576 -3.99497
2.6597 -3.98975
2.65372 -3.98446
2.64802 -3.97884
2.64214 -3.97343
2.63895 -3.97102
2.63575 -3.9686
2.62987 -3.9632
2.62407 -3.9577
2.61809 -3.9524
2.61183 -3.94741
2.60601 -3.94194
2.60002 -3.93665
2.59409 -3.9313
2.5883 -3.92579
2.58241 -3.92039
2.57926 -3.91793
2.5761 -3.91547
2.57033 -3.90994
2.56448 -3.90449
2.55857 -3.89912
2.55257 -3.89384
2.54666 -3.88847
2.54047 -3.88341
2.53436 -3.87826
2.52852 -3.87281
2.52262 -3.86743
2.51658 -3.86219
2.5108 -3.85667
2.5076 -3.85426
2.5044 -3.85185
2.4985 -3.84646
2.49568 -3.84362
2.49285 -3.84079
2.48969 -3.83834
2.48652 -3.83589
2.48058 -3.83054
2.47462 -3.82523
2.46869 -3.81988
2.46588 -3.81703
2.46306 -3.81418
2.45684 -3.80916
2.45071 -3.80403
2.44796 -3.80111
2.44521 -3.7982
2.43898 -3.79318
2.43281 -3.7881
2.43004 -3.7852
2.42728 -3.78229
2.4241 -3.77986
2.42091 -3.77743
2.41491 -3.77217
2.40916 -3.7666
2.40336 -3.76111
2.39734 -3.75586
2.3913 -3.75063
2.38514 -3.74553
2.37906 -3.74035
2.37629 -3.73745
2.37353 -3.73455
2.36752 -3.72928
2.36437 -3.72682
2.36122 -3.72435
2.35843 -3.72148
2.35563 -3.71861
2.34964 -3.71333
2.34343 -3.70829
2.33759 -3.70284
2.3316 -3.69755
2.32563 -3.69225
2.31945 -3.68718
2.31665 -3.68431
2.31386 -3.68144
2.30792 -3.67609
2.30188 -3.67087
2.29589 -3.66558
2.28966 -3.66056
2.28684 -3.65773
2.28402 -3.65489
2.27806 -3.64957
2.27209 -3.64426
2.26894 -3.6418
2.26578 -3.63933
2.25974 -3.63411
2.25376 -3.62881
2.24778 -3.62352
2.24182 -3.6182
2.23579 -3.61296
2.23299 -3.6101
2.23019 -3.60723
2.2243 -3.60184
2.21836 -3.59649
2.21219 -3.59141
2.20597 -3.58638
2.20005 -3.58102
2.19419 -3.57559
2.18841 -3.57006
2.18242 -3.56479
2.17658 -3.55932
2.17063 -3.554
2.16456 -3.5488
2.16141 -3.54634
2.15825 -3.54387
2.15257 -3.53824
2.14667 -3.53286
2.1435 -3.53041
2.14032 -3.52797
2.13447 -3.52253
2.12866 -3.51704
2.12276 -3.51166
2.11691 -3.50622
2.11369 -3.50383
2.11047 -3.50144
2.1045 -3.49614
2.10174 -3.49322
2.09898 -3.49031
2.09577 -3.48792
2.09255 -3.48552
2.0898 -3.48261
2.08705 -3.47969
2.08385 -3.47727
2.08066 -3.47485
2.07465 -3.46959
2.06865 -3.46431
2.06286 -3.45881
2.05687 -3.45352
2.05101 -3.4481
2.04489 -3.44295
2.04195 -3.44001
2.04211 -3.43991
2.04264 -3.43938
2.04315 -3.43882
2.04382 -3.43834
2.04381 -3.43748
2.04416 -3.43682
2.04472 -3.43623
2.04502 -3.43552
2.04521 -3.43478
2.0454 -3.43403
2.04549 -3.43327
2.04534 -3.4325
2.04524 -3.43175
2.0451 -3.43102
2.04524 -3.43024
2.04456 -3.42545
2.04388 -3.42065
2.04363 -3.41996
2.04347 -3.41926
2.04304 -3.41864
2.04267 -3.41803
2.04288 -3.41714
2.04272 -3.41638
2.03936 -3.41066
2.03599 -3.40494
2.03262 -3.39922
2.02925 -3.3935
2.02875 -3.39294
2.02825 -3.39239
2.02761 -3.39198
2.0272 -3.39136
2.02321 -3.38737
2.01922 -3.38338
2.01523 -3.37939
2.01452 -3.37907
2.01402 -3.37853
2.01335 -3.37821
2.01277 -3.37776
2.01231 -3.37702
2.0117 -3.37652
2.01078 -3.37687
2.01017 -3.37634
2.00947 -3.37605
2.0029 -3.3743
1.99634 -3.37256
1.98978 -3.37081
1.98321 -3.36907
1.97665 -3.36732
1.97587 -3.36729
1.97515 -3.36694
1.97438 -3.36683
1.97361 -3.36724
1.97284 -3.36698
1.97211 -3.36726
1.97138 -3.36741
1.97067 -3.36762
1.96989 -3.36764
1.96932 -3.36823
1.96836 -3.36791
1.96772 -3.36835
1.9672 -3.36895
1.96663 -3.36943
1.96596 -3.36978
1.9656 -3.37049
1.96502 -3.37093
1.96482 -3.37116
1.96153 -3.36839
1.95551 -3.36315
1.94966 -3.35771
1.94348 -3.35263
1.93761 -3.34721
1.93183 -3.34169
1.92866 -3.33924
1.92549 -3.3368
1.91979 -3.33118
1.9139 -3.32579
1.91071 -3.32337
1.90752 -3.32094
1.90177 -3.31538
1.89577 -3.31011
1.89004 -3.30453
1.88388 -3.29944
1.87816 -3.29385
1.87212 -3.28862
1.86617 -3.2833
1.86297 -3.28088
1.85978 -3.27846
1.85703 -3.27555
1.85427 -3.27263
1.84805 -3.26761
1.84204 -3.26235
1.83601 -3.25711
1.83031 -3.2515
1.82422 -3.24632
1.82129 -3.24353
1.82149 -3.24313
1.82219 -3.24271
1.82231 -3.24193
1.82271 -3.24131
1.82287 -3.24059
1.82313 -3.23991
1.82354 -3.23927
1.82376 -3.23856
1.82374 -3.23782
1.82383 -3.23709
1.82388 -3.23637
1.82428 -3.23561
1.82359 -3.23493
1.82345 -3.22972
1.82331 -3.22452
1.82278 -3.22386
1.82251 -3.22318
1.82238 -3.22248
1.82235 -3.22173
1.82184 -3.22117
1.82204 -3.22026
1.82159 -3.21967
1.82137 -3.21892
1.82056 -3.21861
1.81666 -3.21306
1.81276 -3.20751
1.80886 -3.20196
1.80496 -3.19641
1.80106 -3.19086
1.79715 -3.18531
1.79623 -3.18512
1.79591 -3.18441
1.79552 -3.18375
1.79483 -3.18341
1.79407 -3.18323
1.79382 -3.18223
1.79283 -3.18251
1.79225 -3.18205
1.79178 -3.18123
1.79101 -3.18119
1.79024 -3.18119
1.78338 -3.17921
1.77652 -3.17724
1.76967 -3.17526
1.76281 -3.17329
1.75595 -3.17131
1.75529 -3.1709
1.75457 -3.1707
1.75384 -3.17041
1.75307 -3.17102
1.75235 -3.17082
1.75157 -3.17042
1.75081 -3.17043
1.75009 -3.1707
1.74944 -3.17115
1.74859 -3.17098
1.74799 -3.1715
1.74745 -3.17206
1.7465 -3.17188
1.74607 -3.17259
1.74544 -3.17299
1.74505 -3.17365
1.74404 -3.17365
1.74391 -3.17456
1.74384 -3.17458
1.74085 -3.17178
1.73482 -3.16654
1.72864 -3.16146
1.72274 -3.15608
1.7196 -3.15359
1.71647 -3.1511
1.71374 -3.14817
1.71101 -3.14523
1.70485 -3.14013
1.69902 -3.13466
1.69583 -3.13224
1.69264 -3.12982
1.68669 -3.12449
1.68081 -3.11908
1.67497 -3.11362
1.669 -3.10832
1.66322 -3.1028
1.65717 -3.09758
1.65101 -3.09249
1.64512 -3.08709
1.63904 -3.0819
1.63311 -3.07655
1.63028 -3.07372
1.62746 -3.07089
1.62432 -3.0684
1.62118 -3.06592
1.61537 -3.06043
1.60943 -3.0551
1.60326 -3.05002
1.5975 -3.04447
1.59435 -3.042
1.59121 -3.03952
1.58536 -3.03408
1.57965 -3.02848
1.57643 -3.02609
1.57322 -3.02369
1.56726 -3.01837
1.56446 -3.01551
1.56166 -3.01264
1.55553 -3.00752
1.54943 -3.00236
1.54368 -2.9968
1.54055 -2.99431
1.53742 -2.99182
1.53166 -2.98628
1.52563 -2.98104
1.51972 -2.97566
1.51394 -2.97015
1.50773 -2.9651
1.50192 -2.95961
1.49575 -2.95454
1.49291 -2.95172
1.49008 -2.94889
1.4842 -2.94347
1.48096 -2.94111
1.47773 -2.93874
1.47191 -2.93326
1.46595 -2.92794
1.46014 -2.92245
1.45394 -2.9174
1.44794 -2.91213
1.44217 -2.90659
1.43644 -2.90102
1.4332 -2.89865
1.42997 -2.89627
1.42723 -2.89335
1.42448 -2.89042
1.4185 -2.88512
1.41238 -2.87999
1.4063 -2.87481
1.40044 -2.86938
1.39445 -2.86409
1.38823 -2.85906
1.38543 -2.8562
1.38264 -2.85333
1.37945 -2.8509
1.37627 -2.84847
1.37344 -2.84564
1.37061 -2.84282
1.36477 -2.83736
1.35878 -2.83207
1.35268 -2.82691
1.34954 -2.82444
1.3464 -2.82196
1.34044 -2.81664
1.33461 -2.81117
1.33177 -2.80835
1.32894 -2.80553
1.32286 -2.80034
1.31662 -2.79534
1.31066 -2.79002
1.30479 -2.78459
1.29895 -2.77915
1.293 -2.77381
1.28713 -2.76839
1.28096 -2.76331
1.27519 -2.75778
1.26894 -2.75278
1.26287 -2.74759
1.25691 -2.74227
1.25415 -2.73936
1.25139 -2.73646
1.24518 -2.73142
1.2393 -2.72601
1.23325 -2.72079
1.22702 -2.71578
1.22113 -2.71038
1.21511 -2.70513
1.20923 -2.69972
1.20322 -2.69446
1.20045 -2.69156
1.19768 -2.68867
1.19449 -2.68625
1.1913 -2.68382
1.18544 -2.67838
1.17958 -2.67296
1.17346 -2.66781
1.16754 -2.66245
1.16155 -2.65717
1.15572 -2.65171
1.14979 -2.64635
1.14398 -2.64086
1.14078 -2.63845
1.13759 -2.63603
1.13152 -2.63083
1.12569 -2.62537
1.11965 -2.62013
1.11682 -2.61731
1.11399 -2.61448
1.10783 -2.60939
1.10207 -2.60385
1.09589 -2.59877
1.09016 -2.59319
1.08419 -2.58789
1.08105 -2.58541
1.07791 -2.58293
1.07513 -2.58004
1.07235 -2.57716
1.0691 -2.5748
1.06585 -2.57244
1.06307 -2.56956
1.06029 -2.56668
1.05429 -2.56141
1.05112 -2.55896
1.04795 -2.55651
1.04213 -2.55103
1.0393 -2.54821
1.03647 -2.54538
1.03034 -2.54025
1.02423 -2.5351
1.01835 -2.5297
1.01225 -2.52453
1.00632 -2.51918
1.00021 -2.51403
0.997477 -2.51109
0.994745 -2.50815
0.988532 -2.50312
0.982413 -2.49798
0.976364 -2.49276
0.973608 -2.48985
0.970852 -2.48694
0.967692 -2.48448
0.964532 -2.48202
0.95874 -2.47652
0.952716 -2.47127
0.946967 -2.46571
0.940929 -2.46048
0.934926 -2.45521
0.928685 -2.45021
0.922749 -2.44486
0.917023 -2.43928
0.913893 -2.43679
0.910764 -2.4343
0.90797 -2.43143
0.905175 -2.42856
0.899041 -2.42344
0.893141 -2.41805
0.887058 -2.41287
0.88105 -2.40761
0.874947 -2.40245
0.869206 -2.39688
0.863059 -2.39177
0.857125 -2.38643
0.85106 -2.38123
0.845249 -2.37574
0.839222 -2.3705
0.83323 -2.36521
0.830404 -2.36238
0.827577 -2.35955
0.821382 -2.35449
0.815649 -2.34892
0.809555 -2.34375
0.80347 -2.33857
0.797253 -2.33354
0.794441 -2.33069
0.79163 -2.32784
0.785765 -2.32242
0.779693 -2.31723
0.776555 -2.31474
0.773417 -2.31226
0.770673 -2.30934
0.76793 -2.30641
0.764735 -2.30399
0.76154 -2.30158
0.755751 -2.29606
0.749644 -2.29091
0.743685 -2.28559
0.737577 -2.28044
0.731891 -2.27481
0.725678 -2.26978
0.719937 -2.26421
0.713812 -2.25908
0.711 -2.25623
0.708188 -2.25338
0.701974 -2.24835
0.695858 -2.2432
0.690043 -2.23772
0.684273 -2.23219
0.678334 -2.22685
0.672286 -2.22163
0.666134 -2.21652
0.660226 -2.21115
0.65425 -2.20585
0.648229 -2.2006
0.642439 -2.19509
0.639274 -2.19263
0.636109 -2.19018
0.633355 -2.18726
0.6306 -2.18434
0.626331 -2.18161
0.623338 -2.17896
0.620344 -2.1763
0.614107 -2.1713
0.610866 -2.16895
0.607625 -2.1666
0.604594 -2.16399
0.601563 -2.16138
0.595477 -2.15619
0.592237 -2.15384
0.588998 -2.15149
0.582701 -2.14656
0.579798 -2.14379
0.576896 -2.14102
0.570585 -2.13611
0.567333 -2.13377
0.56408 -2.13144
0.561139 -2.12871
0.558197 -2.12599
0.554954 -2.12365
0.551711 -2.1213
0.545463 -2.11631
0.539131 -2.11143
0.533051 -2.10623
0.526977 -2.10102
0.523775 -2.09862
0.520574 -2.09623
0.514372 -2.09118
0.508246 -2.08604
0.502005 -2.08104
0.495708 -2.07611
0.492375 -2.07376
0.492448 -2.0737
0.492921 -2.07312
0.493154 -2.07239
0.493792 -2.07189
0.493802 -2.07107
0.494579 -2.07057
0.494338 -2.06971
0.494913 -2.06908
0.494807 -2.0683
0.495249 -2.06759
0.49523 -2.06683
0.495411 -2.06607
0.49484 -2.06535
0.494698 -2.06464
0.494875 -2.06385
0.49506 -2.06302
0.493511 -2.05813
0.491962 -2.05323
0.491761 -2.05255
0.491848 -2.05173
0.49145 -2.05111
0.491237 -2.05039
0.490777 -2.04981
0.490088 -2.04942
0.486253 -2.04417
0.482418 -2.03892
0.478584 -2.03367
0.474749 -2.02842
0.470914 -2.02317
0.470653 -2.02242
0.47013 -2.02188
0.469749 -2.02118
0.468949 -2.02098
0.468317 -2.02059
0.467917 -2.01984
0.464309 -2.01759
0.4607 -2.01534
0.460074 -2.01493
0.459181 -2.01512
0.458524 -2.01485
0.457961 -2.01426
0.452536 -2.01278
0.447111 -2.0113
0.441686 -2.00983
0.441031 -2.00958
0.435231 -2.00807
0.429432 -2.00655
0.423632 -2.00503
0.423025 -2.00428
0.422234 -2.00456
0.4215 -2.00454
0.420773 -2.00467
0.420049 -2.00466
0.419262 -2.00427
0.41848 -2.0042
0.417769 -2.00448
0.416987 -2.00452
0.416434 -2.00518
0.415728 -2.00542
0.414888 -2.00544
0.414356 -2.00602
0.413658 -2.00633
0.413277 -2.00705
0.412462 -2.00725
0.411997 -2.00785
0.411602 -2.0085
0.411542 -2.00878
