2.13246 -6.04114
2.13632 -6.03979
2.14388 -6.03719
2.15142 -6.03454
2.15881 -6.03149
2.16636 -6.02886
2.17376 -6.02584
2.18126 -6.02309
2.18884 -6.02055
2.19626 -6.01758
2.20366 -6.01455
2.21126 -6.01207
2.21879 -6.0094
2.22622 -6.00645
2.22989 -6.00485
2.23356 -6.00326
2.24108 -6.00056
2.24864 -5.99796
2.25603 -5.99491
2.2599 -5.99385
2.26377 -5.99279
2.27113 -5.98966
2.27495 -5.98847
2.27877 -5.98728
2.28244 -5.98568
2.28611 -5.98409
2.29369 -5.98155
2.30123 -5.9789
2.30868 -5.97602
2.31611 -5.97306
2.32352 -5.97007
2.33105 -5.96739
2.33487 -5.9662
2.33869 -5.96501
2.34615 -5.96216
2.34979 -5.96048
2.35343 -5.9588
2.36093 -5.95606
2.36845 -5.95333
2.37227 -5.95216
2.3761 -5.95099
2.3835 -5.94796
2.39107 -5.94539
2.39858 -5.94268
2.40607 -5.9399
2.41348 -5.93689
2.42088 -5.93388
2.42841 -5.9312
2.4359 -5.9284
2.43973 -5.92725
2.44356 -5.92609
2.44719 -5.92438
2.45082 -5.92267
2.45833 -5.91995
2.46584 -5.91723
2.47329 -5.91433
2.47716 -5.91328
2.48103 -5.91223
2.48468 -5.91057
2.48832 -5.90891
2.49217 -5.90779
2.49602 -5.90668
2.49964 -5.90494
2.50325 -5.90321
2.51074 -5.90042
2.51832 -5.89788
2.52582 -5.89512
2.53331 -5.89233
2.53713 -5.89114
2.54095 -5.88996
2.54844 -5.88717
2.55594 -5.88441
2.56334 -5.8814
2.5707 -5.87826
2.57832 -5.87583
2.58589 -5.87326
2.59329 -5.87022
2.6007 -5.86724
2.60814 -5.86432
2.61201 -5.86325
2.61587 -5.86219
2.62331 -5.85926
2.63072 -5.85626
2.63811 -5.8532
2.64565 -5.85057
2.65309 -5.84765
2.65691 -5.84645
2.66073 -5.84525
2.66824 -5.84254
2.67576 -5.83982
2.6794 -5.83815
2.68304 -5.83648
2.68691 -5.83542
2.69077 -5.83435
2.69451 -5.83293
2.69825 -5.8315
2.70255 -5.82928
2.70721 -5.82783
2.71133 -5.8253
2.71538 -5.82269
2.71957 -5.82027
2.72367 -5.81767
2.727 -5.81412
2.73084 -5.8112
2.73686 -5.80594
2.74293 -5.80073
2.74871 -5.7952
2.75155 -5.79238
2.75439 -5.78957
2.76021 -5.78408
2.76614 -5.77872
2.76925 -5.7762
2.77236 -5.77367
2.77832 -5.76833
2.78106 -5.76542
2.78381 -5.7625
2.78987 -5.75727
2.7957 -5.7518
2.80174 -5.74655
2.80774 -5.74127
2.81358 -5.73581
2.81933 -5.73024
2.82536 -5.72499
2.82821 -5.72218
2.83106 -5.71937
2.83713 -5.71416
2.83995 -5.71133
2.84278 -5.70849
2.8487 -5.70312
2.85475 -5.69789
2.86057 -5.69241
2.86659 -5.68714
2.86938 -5.68426
2.87217 -5.68139
2.87808 -5.67601
2.88396 -5.67059
2.88713 -5.66813
2.89031 -5.66568
2.89619 -5.66026
2.899 -5.65741
2.90181 -5.65456
2.90489 -5.65201
2.90798 -5.64946
2.91394 -5.64413
2.91672 -5.64125
2.9195 -5.63836
2.92255 -5.63577
2.92559 -5.63317
2.92844 -5.63036
2.93128 -5.62755
2.93727 -5.62225
2.94316 -5.61684
2.94625 -5.6143
2.94934 -5.61175
2.95512 -5.60622
2.96114 -5.60096
2.964 -5.59816
2.96686 -5.59536
2.97264 -5.58983
2.97853 -5.58442
2.98431 -5.5789
2.99021 -5.5735
2.996 -5.56799
3.00194 -5.56264
3.0051 -5.56017
3.00826 -5.5577
3.01416 -5.5523
3.02006 -5.54691
3.02287 -5.54405
3.02567 -5.54119
3.03153 -5.53575
3.03735 -5.53026
3.04319 -5.5248
3.04912 -5.51944
3.05219 -5.51687
3.05525 -5.51429
3.05806 -5.51144
3.06087 -5.50859
3.06392 -5.50601
3.06698 -5.50343
3.07297 -5.49813
3.07901 -5.49289
3.08179 -5.49
3.08457 -5.48712
3.0877 -5.48461
3.09083 -5.48211
3.09364 -5.47927
3.09646 -5.47642
3.09953 -5.47385
3.10259 -5.47128
3.10848 -5.46587
3.11428 -5.46036
3.12025 -5.45504
3.12303 -5.45216
3.12582 -5.44929
3.12887 -5.44669
3.13192 -5.4441
3.13764 -5.43852
3.14077 -5.43602
3.14391 -5.43352
3.14978 -5.42809
3.15257 -5.42522
3.15536 -5.42234
3.16123 -5.41691
3.16709 -5.41147
3.17309 -5.40619
3.17618 -5.40364
3.17927 -5.4011
3.1821 -5.39827
3.18494 -5.39545
3.19067 -5.38987
3.19651 -5.38441
3.20247 -5.37907
3.20562 -5.3766
3.20878 -5.37412
3.21148 -5.37116
3.21418 -5.36819
3.21727 -5.36564
3.22036 -5.36309
3.22609 -5.35751
3.23207 -5.3522
3.23786 -5.34669
3.24092 -5.34411
3.24399 -5.34154
3.24972 -5.33595
3.25574 -5.33069
3.25854 -5.32783
3.26135 -5.32498
3.26737 -5.31972
3.2705 -5.31722
3.27364 -5.31472
3.27642 -5.31184
3.27921 -5.30897
3.28512 -5.30358
3.29092 -5.29807
3.29398 -5.29549
3.29704 -5.29292
3.30302 -5.2876
3.30898 -5.28228
3.3117 -5.27933
3.31442 -5.27638
3.31754 -5.27386
3.32065 -5.27134
3.32347 -5.2685
3.32628 -5.26565
3.32942 -5.26315
3.33255 -5.26066
3.3383 -5.25509
3.34434 -5.24985
3.35014 -5.24434
3.35318 -5.24174
3.35622 -5.23915
3.35902 -5.23628
3.36181 -5.23342
3.36771 -5.22802
3.37348 -5.22248
3.37952 -5.21724
3.3826 -5.21468
3.38568 -5.21213
3.39156 -5.2067
3.39741 -5.20125
3.40331 -5.19586
3.40922 -5.19047
3.41205 -5.18764
3.41488 -5.18481
3.42074 -5.17937
3.4268 -5.17415
3.43275 -5.16881
3.43853 -5.16328
3.44445 -5.1579
3.44826 -5.15433
3.45158 -5.1503
3.45495 -5.14631
3.45856 -5.14246
3.46077 -5.13768
3.46403 -5.13354
3.46602 -5.1287
3.4684 -5.12407
3.47055 -5.11931
3.47189 -5.11427
3.47345 -5.10928
3.47449 -5.10419
3.47597 -5.09914
3.47641 -5.09393
3.47682 -5.08872
3.47698 -5.0835
3.47722 -5.07572
3.47656 -5.06794
3.47636 -5.06016
3.47643 -5.05239
3.47673 -5.0446
3.4762 -5.03683
3.47643 -5.02905
3.4765 -5.02127
3.4767 -5.01349
3.47667 -5.00571
3.47661 -4.99793
3.47639 -4.99016
3.47621 -4.98238
3.47625 -4.9746
3.47602 -4.96682
3.47635 -4.95904
3.47621 -4.95127
3.47618 -4.94349
3.47591 -4.93571
3.47627 -4.92793
3.47616 -4.92015
3.47614 -4.91237
3.47588 -4.9046
3.47572 -4.89682
3.47545 -4.88904
3.47582 -4.88126
3.47559 -4.87348
3.47577 -4.8657
3.47542 -4.85793
3.47529 -4.85015
3.47506 -4.84237
3.47551 -4.83459
3.47499 -4.82682
3.47531 -4.81904
3.4754 -4.81126
3.47479 -4.8035
3.47516 -4.79825
3.47425 -4.79311
3.47396 -4.78787
3.47255 -4.78284
3.47124 -4.77779
3.47006 -4.77271
3.46822 -4.76782
3.46604 -4.76311
3.46424 -4.75817
3.46177 -4.75353
3.45881 -4.74924
3.45569 -4.74506
3.4523 -4.74109
3.44943 -4.73665
3.44562 -4.73308
3.44174 -4.72958
3.43579 -4.72425
3.42996 -4.71878
3.42415 -4.71328
3.41804 -4.70812
3.41212 -4.70275
3.40608 -4.69751
3.40001 -4.69231
3.39417 -4.68685
3.38816 -4.68158
3.38207 -4.6764
3.37632 -4.67084
3.37015 -4.66575
3.3641 -4.66052
3.36124 -4.65772
3.35838 -4.65492
3.35245 -4.64956
3.34648 -4.64425
3.34338 -4.64171
3.34029 -4.63917
3.33439 -4.63378
3.32838 -4.62851
3.32256 -4.62303
3.31648 -4.61784
3.31361 -4.61505
3.31074 -4.61226
3.30473 -4.60699
3.30161 -4.60448
3.29849 -4.60198
3.29573 -4.59907
3.29296 -4.59617
3.28704 -4.5908
3.28387 -4.58835
3.28071 -4.58589
3.27474 -4.58058
3.27196 -4.57768
3.26919 -4.57479
3.26321 -4.56948
3.26002 -4.56706
3.25682 -4.56463
3.25093 -4.55923
3.2481 -4.5564
3.24527 -4.55357
3.24214 -4.55107
3.23901 -4.54858
3.23616 -4.54577
3.2333 -4.54296
3.2274 -4.53758
3.22431 -4.53504
3.22122 -4.5325
3.21838 -4.52968
3.21554 -4.52685
3.2094 -4.52173
3.20355 -4.51628
3.19766 -4.51088
3.19452 -4.50839
3.19138 -4.5059
3.18558 -4.5004
3.17957 -4.49513
3.17648 -4.49259
3.17338 -4.49006
3.16758 -4.48456
3.1615 -4.47936
3.15869 -4.47651
3.15588 -4.47366
3.15273 -4.47119
3.14957 -4.46872
3.14353 -4.46348
3.1407 -4.46065
3.13788 -4.45781
3.13175 -4.45267
3.12577 -4.44736
3.1198 -4.44205
3.11702 -4.43917
3.11423 -4.43629
3.10807 -4.43118
3.10496 -4.42867
3.10184 -4.42616
3.09904 -4.42329
3.09625 -4.42042
3.09041 -4.41496
3.08731 -4.41243
3.08421 -4.4099
3.07828 -4.40454
3.07248 -4.39904
3.0665 -4.39373
3.06049 -4.38846
3.05444 -4.38323
3.04867 -4.37769
3.04557 -4.37516
3.04247 -4.37263
3.03658 -4.36723
3.0305 -4.36204
3.02764 -4.35925
3.02477 -4.35645
3.02159 -4.35401
3.01841 -4.35157
3.0156 -4.34872
3.01278 -4.34588
3.00969 -4.34334
3.00659 -4.3408
3.00379 -4.33795
3.00098 -4.33509
2.99789 -4.33255
2.99479 -4.33002
2.98898 -4.32453
2.98284 -4.3194
2.97689 -4.31406
2.97403 -4.31127
2.97116 -4.30848
2.9652 -4.30316
2.95907 -4.29802
2.95302 -4.29278
2.947 -4.28753
2.94088 -4.28238
2.93814 -4.27945
2.9354 -4.27652
2.92943 -4.2712
2.92348 -4.26586
2.92031 -4.26341
2.91714 -4.26096
2.91435 -4.25809
2.91156 -4.25521
2.90539 -4.25012
2.8995 -4.24471
2.89358 -4.23934
2.88743 -4.23423
2.88162 -4.22873
2.87579 -4.22326
2.87267 -4.22075
2.86955 -4.21824
2.86354 -4.21297
2.86075 -4.2101
2.85795 -4.20724
2.85483 -4.20473
2.85172 -4.20222
2.84592 -4.1967
2.83993 -4.19141
2.83393 -4.18613
2.82791 -4.18088
2.82194 -4.17555
2.81613 -4.17006
2.81017 -4.16473
2.80418 -4.15944
2.79809 -4.15425
2.79192 -4.14917
2.78911 -4.14631
2.7863 -4.14346
2.78313 -4.14101
2.77997 -4.13855
2.77717 -4.13568
2.77438 -4.1328
2.77125 -4.13031
2.76812 -4.12781
2.76227 -4.12237
2.75941 -4.11957
2.75655 -4.11677
2.75038 -4.11168
2.74456 -4.10619
2.73861 -4.10086
2.73268 -4.09549
2.72951 -4.09305
2.72633 -4.09061
2.72351 -4.08777
2.72069 -4.08492
2.71458 -4.07976
2.70845 -4.07462
2.70566 -4.07175
2.70286 -4.06888
2.69974 -4.06638
2.69662 -4.06387
2.69078 -4.05841
2.68474 -4.05317
2.67894 -4.04767
2.67316 -4.04214
2.66699 -4.03705
2.66388 -4.03453
2.66078 -4.032
2.65486 -4.02663
2.6491 -4.02108
2.6433 -4.01557
2.63727 -4.01032
2.63413 -4.00784
2.63098 -4.00537
2.62523 -3.99981
2.61931 -3.99444
2.61621 -3.99191
2.61311 -3.98938
2.6072 -3.98399
2.60433 -3.9812
2.60146 -3.97842
2.59832 -3.97593
2.59518 -3.97345
2.59233 -3.97064
2.58949 -3.96783
2.58341 -3.96263
2.5806 -3.95978
2.57778 -3.95693
2.57173 -3.9517
2.56587 -3.94626
2.55991 -3.94095
2.5567 -3.93854
2.55349 -3.93612
2.55074 -3.9332
2.54799 -3.93028
2.542 -3.92499
2.53602 -3.91969
2.52991 -3.91453
2.52384 -3.90933
2.52103 -3.90647
2.51822 -3.90362
2.51225 -3.8983
2.50906 -3.89588
2.50586 -3.89346
2.49998 -3.88804
2.49417 -3.88255
2.4883 -3.87712
2.48223 -3.87191
2.47643 -3.86641
2.4733 -3.86392
2.47016 -3.86143
2.46734 -3.85859
2.46451 -3.85576
2.45853 -3.85045
2.45544 -3.84792
2.45234 -3.84538
2.44659 -3.83982
2.44343 -3.83736
2.44027 -3.8349
2.43745 -3.83206
2.43463 -3.82921
2.42863 -3.82393
2.42553 -3.8214
2.42243 -3.81888
2.41962 -3.81602
2.41682 -3.81316
2.41364 -3.81071
2.41047 -3.80827
2.40762 -3.80545
2.40477 -3.80264
2.39871 -3.79743
2.39281 -3.79203
2.38685 -3.78671
2.381 -3.78126
2.37517 -3.77578
2.37201 -3.77332
2.36885 -3.77086
2.36278 -3.76567
2.35994 -3.76285
2.3571 -3.76003
2.35133 -3.75448
2.3481 -3.75209
2.34488 -3.7497
2.33908 -3.74419
2.33309 -3.73891
2.32718 -3.73352
2.3214 -3.72799
2.3155 -3.7226
2.30943 -3.71739
2.30362 -3.71191
2.3005 -3.70939
2.29739 -3.70688
2.29164 -3.70131
2.28569 -3.69598
2.27973 -3.69065
2.27361 -3.6855
2.26751 -3.68034
2.26469 -3.67749
2.26188 -3.67464
2.25598 -3.66925
2.25286 -3.66674
2.24974 -3.66423
2.24387 -3.65881
2.2379 -3.65348
2.23481 -3.65094
2.23172 -3.6484
2.22892 -3.64554
2.22613 -3.64267
2.22298 -3.64019
2.21983 -3.63772
2.21385 -3.63241
2.20802 -3.62694
2.20209 -3.62158
2.19624 -3.61613
2.19019 -3.6109
2.18422 -3.60559
2.17807 -3.60048
2.17231 -3.59492
2.16632 -3.58963
2.16019 -3.58449
2.1544 -3.57898
2.14836 -3.57374
2.14238 -3.56843
2.13628 -3.56326
2.13354 -3.56033
2.1308 -3.5574
2.12769 -3.55489
2.12457 -3.55237
2.11857 -3.54709
2.11271 -3.54166
2.10659 -3.5365
2.10057 -3.53124
2.09482 -3.52569
2.08902 -3.52018
2.0831 -3.51481
2.07711 -3.50951
2.07113 -3.50421
2.06518 -3.49887
2.06205 -3.49638
2.05891 -3.49389
2.0529 -3.48863
2.05008 -3.48578
2.04727 -3.48293
2.04411 -3.48047
2.04095 -3.478
2.03496 -3.47271
2.03215 -3.46985
2.02934 -3.467
2.02326 -3.46181
2.02015 -3.45929
2.01705 -3.45676
2.01425 -3.4539
2.01145 -3.45104
2.00543 -3.44577
1.99927 -3.44067
1.99644 -3.43784
1.9936 -3.43502
1.98758 -3.42976
1.98148 -3.42459
1.97556 -3.41922
1.96955 -3.41394
1.96671 -3.41113
1.96386 -3.40832
1.96069 -3.40587
1.95752 -3.40341
1.95465 -3.40063
1.95178 -3.39784
1.94579 -3.39255
1.93968 -3.38739
1.93376 -3.38203
1.92784 -3.37665
1.9219 -3.3713
1.91903 -3.36851
1.91616 -3.36572
1.9102 -3.3604
1.90413 -3.3552
1.90101 -3.35269
1.89789 -3.35018
1.89513 -3.34728
1.89236 -3.34438
1.88644 -3.339
1.88323 -3.33659
1.88002 -3.33419
1.87409 -3.32882
1.86806 -3.32358
1.86521 -3.32077
1.86236 -3.31796
1.85652 -3.3125
1.85062 -3.3071
1.84466 -3.30178
1.83859 -3.29658
1.83273 -3.29114
1.82961 -3.28863
1.82649 -3.28613
1.82046 -3.28087
1.81441 -3.27565
1.81164 -3.27275
1.80887 -3.26985
1.80569 -3.26741
1.80251 -3.26498
1.79658 -3.25962
1.79073 -3.25417
1.7848 -3.24881
1.77895 -3.24336
1.77298 -3.23804
1.76698 -3.23276
1.7612 -3.22723
1.75533 -3.22181
1.74924 -3.21662
1.74329 -3.21128
1.74013 -3.20883
1.73696 -3.20637
1.73413 -3.20354
1.73129 -3.20072
1.72544 -3.19527
1.71945 -3.18998
1.71633 -3.18747
1.71321 -3.18496
1.70727 -3.17961
1.70119 -3.17442
1.69536 -3.16894
1.68958 -3.16341
1.68648 -3.16089
1.68337 -3.15837
1.6806 -3.15547
1.67783 -3.15258
1.6717 -3.14744
1.66559 -3.14229
1.65949 -3.13711
1.65672 -3.13421
1.65395 -3.13131
1.64804 -3.12593
1.64488 -3.12346
1.64173 -3.121
1.63595 -3.11547
1.62984 -3.11031
1.62403 -3.10481
1.62094 -3.10227
1.61785 -3.09973
1.61507 -3.09685
1.61228 -3.09397
1.60913 -3.0915
1.60598 -3.08903
1.60021 -3.08348
1.59434 -3.07806
1.59117 -3.0756
1.58801 -3.07315
1.58203 -3.06784
1.57917 -3.06504
1.57631 -3.06225
1.57016 -3.05713
1.56435 -3.05164
1.56124 -3.04911
1.55814 -3.04659
1.55528 -3.04379
1.55242 -3.04099
1.54933 -3.03845
1.54624 -3.03592
1.54348 -3.033
1.54073 -3.03008
1.53471 -3.02482
1.52867 -3.01959
1.52552 -3.01711
1.52237 -3.01464
1.51642 -3.0093
1.51054 -3.00388
1.5045 -2.99864
1.49875 -2.99308
1.49295 -2.98758
1.48699 -2.98225
1.48093 -2.97703
1.47486 -2.97184
1.47202 -2.96902
1.46917 -2.9662
1.4632 -2.96089
1.45714 -2.95568
1.45109 -2.95045
1.44515 -2.9451
1.439 -2.93999
1.43618 -2.93714
1.43336 -2.9343
1.43019 -2.93185
1.42702 -2.9294
1.42416 -2.9266
1.4213 -2.9238
1.41542 -2.91839
1.40955 -2.91297
1.40643 -2.91046
1.4033 -2.90795
1.39744 -2.90251
1.39133 -2.89736
1.38528 -2.89214
1.3795 -2.8866
1.37667 -2.88378
1.37383 -2.88095
1.37068 -2.87849
1.36752 -2.87602
1.36169 -2.87055
1.35883 -2.86775
1.35598 -2.86494
1.34993 -2.85971
1.3468 -2.85722
1.34366 -2.85474
1.3379 -2.84918
1.3321 -2.84367
1.32617 -2.83832
1.32304 -2.83582
1.31992 -2.83332
1.31381 -2.82816
1.30805 -2.82261
1.3019 -2.8175
1.29905 -2.81469
1.2962 -2.81188
1.29043 -2.80633
1.28432 -2.80118
1.27837 -2.79584
1.27523 -2.79335
1.27209 -2.79087
1.26923 -2.78807
1.26637 -2.78527
1.2606 -2.77974
1.2574 -2.77731
1.25421 -2.77489
1.24844 -2.76935
1.24229 -2.76424
1.23953 -2.76133
1.23677 -2.75841
1.2308 -2.7531
1.22768 -2.7506
1.22455 -2.7481
1.22173 -2.74525
1.21892 -2.7424
1.21575 -2.73995
1.21258 -2.7375
1.20676 -2.73202
1.20079 -2.7267
1.19793 -2.7239
1.19507 -2.72111
1.18898 -2.71593
1.18297 -2.71065
1.17983 -2.70818
1.17668 -2.7057
1.1739 -2.70281
1.17112 -2.69992
1.16511 -2.69466
1.15909 -2.6894
1.15313 -2.68406
1.14735 -2.67854
1.14424 -2.67602
1.14112 -2.67351
1.13529 -2.66804
1.12915 -2.66292
1.12633 -2.66007
1.12352 -2.65722
1.12036 -2.65476
1.1172 -2.65229
1.1113 -2.6469
1.10523 -2.6417
1.10239 -2.63888
1.09955 -2.63606
1.09645 -2.63353
1.09335 -2.631
1.08736 -2.62571
1.08452 -2.62289
1.08168 -2.62007
1.07582 -2.61463
1.0727 -2.61212
1.06958 -2.60961
1.06353 -2.60438
1.06073 -2.60152
1.05792 -2.59866
1.05475 -2.59621
1.05158 -2.59377
1.0457 -2.58835
1.04288 -2.58551
1.04006 -2.58267
1.03388 -2.57758
1.02773 -2.57248
1.02491 -2.56963
1.0221 -2.56678
1.01899 -2.56426
1.01588 -2.56174
1.01308 -2.55888
1.01027 -2.55602
1.00427 -2.55074
0.998173 -2.54557
0.995063 -2.54305
0.991953 -2.54053
0.986203 -2.53497
0.983114 -2.53243
0.980025 -2.52988
0.977252 -2.52699
0.974478 -2.5241
0.968414 -2.51889
0.962322 -2.51371
0.956412 -2.50832
0.950665 -2.50276
0.947457 -2.50035
0.944249 -2.49794
0.938385 -2.49251
0.935565 -2.48966
0.932746 -2.48682
0.9267 -2.48159
0.920711 -2.4763
0.91478 -2.47094
0.908942 -2.46547
0.905724 -2.46308
0.902507 -2.46068
0.896692 -2.45519
0.893896 -2.45232
0.891101 -2.44945
0.885122 -2.44414
0.879031 -2.43896
0.875892 -2.43648
0.872754 -2.43399
0.869892 -2.4312
0.86703 -2.4284
0.861195 -2.42293
0.855061 -2.4178
0.84931 -2.41224
0.846129 -2.4098
0.842948 -2.40737
0.837084 -2.40193
0.831318 -2.39639
0.82553 -2.39087
0.822333 -2.38845
0.819137 -2.38603
0.813262 -2.3806
0.807455 -2.37511
0.80153 -2.36974
0.798419 -2.36722
0.795309 -2.36471
0.789506 -2.3592
0.786404 -2.35668
0.783301 -2.35415
0.780463 -2.35133
0.777625 -2.34851
0.771788 -2.34304
0.768618 -2.34059
0.765449 -2.33814
0.762595 -2.33533
0.759741 -2.33253
0.753912 -2.32706
0.747749 -2.32196
0.741942 -2.31646
0.735852 -2.31128
0.730066 -2.30576
0.723936 -2.30062
0.717858 -2.29542
0.711788 -2.29022
0.705971 -2.28473
0.703158 -2.28188
0.700346 -2.27903
0.697231 -2.27652
0.694117 -2.27401
0.688292 -2.26853
0.685171 -2.26602
0.68205 -2.26352
0.679274 -2.26063
0.676499 -2.25773
0.670463 -2.25249
0.664432 -2.24724
0.661293 -2.24476
0.658155 -2.24227
0.655428 -2.23932
0.652702 -2.23638
0.646651 -2.23115
0.640505 -2.22603
0.634553 -2.2207
0.631703 -2.21789
0.628853 -2.21508
0.62572 -2.21259
0.622586 -2.2101
0.616491 -2.20492
0.613627 -2.20213
0.610762 -2.19934
0.604604 -2.19423
0.601818 -2.19135
0.599032 -2.18847
0.593082 -2.18313
0.591288 -2.18244
0.586941 -2.17794
0.581962 -2.17418
0.579978 -2.17199
0.573643 -2.16718
0.567417 -2.16224
0.561136 -2.15736
0.5552 -2.15206
0.54901 -2.14707
0.542975 -2.14189
0.536431 -2.13733
0.530252 -2.13233
0.524117 -2.12727
0.517852 -2.12238
0.511845 -2.11716
0.505624 -2.11221
0.499719 -2.10687
0.493294 -2.10217
0.487118 -2.09716
0.481167 -2.09188
0.474974 -2.0869
0.468788 -2.0819
0.462672 -2.07682
0.456167 -2.07222
0.450003 -2.0672
0.444101 -2.06186
0.43805 -2.05669
0.431743 -2.05185
0.425372 -2.04708
0.419348 -2.04189
0.41312 -2.03695
0.407061 -2.0318
0.400773 -2.02693
0.39484 -2.02162
0.388631 -2.01666
0.38232 -2.01182
0.375991 -2.007
0.369744 -2.00208
0.363966 -1.99658
0.357725 -1.99166
0.351473 -1.98674
0.345151 -1.98192
0.339052 -1.97682
0.33269 -1.97204
0.326824 -1.96665
0.320807 -1.96145
0.314456 -1.95666
0.30843 -1.95147
0.302199 -1.94653
0.295766 -1.94184
0.289479 -1.93697
0.283444 -1.93179
0.277496 -1.9265
0.270966 -1.92193
0.264835 -1.91687
0.258948 -1.91151
0.252491 -1.90685
0.246448 -1.90168
0.240119 -1.89686
0.234253 -1.89147
0.228081 -1.88646
0.221632 -1.88179
0.215637 -1.87656
0.209354 -1.87168
0.203412 -1.86639
0.197217 -1.86141
0.190933 -1.85653
0.184889 -1.85136
0.178821 -1.84622
0.172407 -1.84151
0.1664 -1.8363
0.160003 -1.83156
0.153827 -1.82656
0.147755 -1.82142
0.141678 -1.81629
0.135343 -1.81148
0.129073 -1.80659
0.123182 -1.80123
0.116953 -1.79629
0.110778 -1.79129
0.104792 -1.78604
0.0984292 -1.78127
0.0919758 -1.7766
0.0859738 -1.77138
0.0799453 -1.7662
0.0738311 -1.76111
0.067663 -1.7561
0.0613129 -1.7513
0.0553481 -1.74604
0.0490819 -1.74114
0.0430866 -1.73591
0.036606 -1.73128
0.0302795 -1.72646
0.0245316 -1.72093
0.0181721 -1.71615
0.011904 -1.71125
0.0059198 -1.70601
-0.00029742 -1.70106
-0.00628299 -1.69581
-0.012536 -1.6909
-0.0189761 -1.68622
-0.0250201 -1.68105
-0.0314043 -1.6763
-0.0373004 -1.67095
-0.043733 -1.66626
-0.0494943 -1.66074
-0.0557663 -1.65586
-0.0621167 -1.65106
-0.0681933 -1.64594
-0.0744218 -1.64099
-0.0781106 -1.63779
-0.0822044 -1.63512
-0.0863273 -1.63252
-0.0906459 -1.63026
-0.0951295 -1.62835
-0.0994704 -1.62615
-0.104144 -1.62476
-0.108716 -1.62318
-0.113308 -1.62146
-0.11806 -1.62031
-0.122951 -1.6201
-0.127725 -1.6191
-0.132596 -1.61901
-0.137452 -1.61842
-0.144502 -1.61829
-0.151552 -1.61831
-0.158602 -1.61836
-0.165652 -1.61893
-0.172702 -1.6189
-0.179752 -1.61893
-0.186802 -1.61848
-0.193852 -1.61862
-0.198602 -1.6191
-0.203395 -1.61893
-0.208068 -1.61992
-0.212764 -1.62062
-0.217426 -1.62162
-0.222012 -1.62286
-0.226472 -1.62455
-0.231212 -1.62552
-0.235394 -1.62783
-0.239858 -1.62958
-0.243876 -1.63216
-0.248177 -1.6343
-0.25208 -1.63703
-0.255927 -1.63987
-0.26228 -1.64472
-0.265252 -1.6474
-0.268223 -1.65009
-0.274663 -1.65482
-0.277671 -1.65746
-0.280679 -1.6601
-0.283952 -1.6624
-0.287226 -1.6647
-0.293612 -1.66951
-0.296568 -1.67221
-0.299524 -1.67491
-0.305861 -1.67978
-0.312064 -1.68482
-0.318524 -1.68953
-0.324976 -1.69425
-0.327901 -1.69699
-0.330825 -1.69974
-0.337252 -1.70449
-0.340193 -1.70678
-0.340329 -1.70662
-0.340819 -1.70604
-0.341286 -1.70543
-0.342078 -1.70521
-0.342606 -1.70467
-0.343298 -1.70437
-0.343944 -1.70402
-0.344681 -1.70386
-0.345378 -1.70367
-0.346042 -1.70339
-0.346721 -1.70313
-0.347439 -1.70304
-0.348098 -1.70246
-0.34884 -1.70234
-0.349586 -1.70246
-0.354507 -1.70256
-0.359428 -1.70266
-0.360199 -1.70202
-0.360945 -1.70216
-0.361694 -1.70226
-0.362404 -1.70252
-0.36317 -1.70258
-0.369532 -1.70481
-0.375895 -1.70705
-0.382257 -1.70929
-0.38862 -1.71153
-0.389492 -1.71134
-0.390236 -1.71154
-0.390602 -1.71238
-0.391354 -1.71256
-0.391962 -1.71298
-0.392429 -1.71358
-0.39836 -1.71847
-0.404291 -1.72336
-0.405126 -1.72357
-0.405606 -1.72417
-0.405745 -1.72502
-0.406405 -1.72545
-0.406637 -1.72618
-0.407587 -1.72652
-0.410757 -1.73289
-0.413928 -1.73926
-0.417098 -1.74564
-0.420269 -1.75201
-0.423439 -1.75839
-0.423578 -1.75912
-0.424215 -1.75968
-0.424766 -1.76032
-0.42486 -1.76108
-0.424884 -1.76184
-0.425185 -1.76259
-0.424828 -1.76335
-0.42491 -1.76411
-0.424387 -1.76479
-0.424906 -1.76564
-0.424658 -1.76636
-0.424313 -1.76704
-0.423689 -1.7676
-0.424104 -1.7686
-0.423326 -1.76905
-0.422957 -1.76969
-0.422836 -1.77052
-0.422406 -1.77109
-0.425369 -1.7734
-0.428297 -1.77614
-0.431224 -1.77888
-0.437727 -1.78354
-0.443843 -1.78869
-0.447117 -1.79099
-0.450391 -1.79329
-0.456507 -1.79844
-0.462772 -1.8034
-0.46917 -1.80819
-0.472168 -1.81084
-0.475165 -1.81349
-0.48159 -1.81824
-0.487879 -1.82317
-0.494259 -1.82799
-0.500696 -1.83273
-0.50367 -1.83541
-0.506643 -1.83809
-0.513103 -1.8428
-0.519443 -1.84766
-0.525611 -1.85275
-0.531973 -1.85758
-0.538103 -1.86271
-0.544479 -1.86753
-0.550509 -1.87279
-0.556859 -1.87764
-0.563073 -1.88266
-0.56942 -1.88752
-0.572718 -1.88979
-0.576016 -1.89206
-0.579004 -1.89472
-0.581992 -1.89738
-0.585256 -1.8997
-0.58852 -1.90201
-0.594655 -1.90713
-0.600931 -1.91208
-0.606979 -1.91731
-0.613281 -1.92222
-0.619635 -1.92707
-0.625937 -1.93198
-0.632029 -1.93716
-0.638359 -1.94204
-0.644683 -1.94692
-0.65091 -1.95193
-0.657146 -1.95693
-0.660476 -1.95915
-0.663805 -1.96138
-0.669943 -1.96651
-0.676044 -1.97167
-0.679375 -1.9739
-0.682706 -1.97613
-0.685657 -1.97884
-0.688608 -1.98155
-0.691879 -1.98385
-0.695151 -1.98615
-0.701275 -1.99129
-0.707477 -1.99633
-0.713909 -2.00108
-0.720256 -2.00593
-0.72647 -2.01096
-0.732563 -2.01613
-0.738987 -2.02089
-0.745359 -2.02571
-0.748372 -2.02835
-0.751384 -2.03098
-0.757816 -2.03573
-0.76406 -2.04071
-0.770342 -2.04565
-0.776492 -2.05075
-0.78283 -2.05562
-0.789188 -2.06046
-0.792191 -2.06311
-0.795194 -2.06575
-0.801612 -2.07051
-0.808042 -2.07526
-0.814376 -2.08014
-0.820572 -2.08518
-0.826782 -2.09021
-0.832844 -2.09543
-0.839159 -2.10032
-0.842441 -2.10261
-0.845724 -2.1049
-0.851838 -2.11005
-0.858235 -2.11484
-0.86464 -2.11963
-0.87076 -2.12477
-0.877164 -2.12955
-0.883324 -2.13464
-0.889672 -2.1395
-0.896027 -2.14434
-0.898947 -2.14709
-0.901868 -2.14984
-0.905194 -2.15207
-0.90852 -2.15431
-0.91477 -2.15929
-0.921151 -2.1641
-0.924165 -2.16673
-0.927179 -2.16936
-0.933453 -2.1743
-0.939609 -2.1794
-0.946089 -2.18409
-0.95237 -2.18903
-0.958601 -2.19403
-0.964636 -2.19927
-0.967116 -2.2013
-0.972347 -2.20527
-0.977607 -2.2092
-0.978481 -2.21067
-0.984443 -2.21599
-0.99048 -2.22122
-0.996575 -2.22639
-1.00248 -2.23177
-1.00859 -2.23692
-1.01475 -2.24201
-1.02086 -2.24716
-1.02662 -2.25271
-1.02984 -2.2551
-1.03306 -2.25748
-1.03896 -2.26287
-1.04477 -2.26835
-1.05084 -2.27355
-1.05708 -2.27856
-1.06299 -2.28393
-1.06908 -2.2891
-1.07521 -2.29422
-1.08104 -2.29969
-1.08718 -2.30481
-1.09336 -2.30987
-1.09916 -2.31538
-1.10528 -2.32052
-1.11132 -2.32574
-1.11418 -2.32854
-1.11705 -2.33133
-1.12027 -2.33371
-1.12349 -2.3361
-1.12942 -2.34145
-1.1352 -2.34698
-1.1412 -2.35226
-1.14721 -2.35752
-1.15314 -2.36287
-1.15932 -2.36794
-1.16524 -2.3733
-1.17129 -2.37852
-1.1776 -2.38344
-1.18346 -2.38888
-1.18968 -2.3939
-1.19584 -2.39899
-1.19865 -2.40184
-1.20147 -2.40469
-1.20759 -2.40982
-1.21386 -2.41479
-1.21977 -2.42017
-1.22596 -2.42522
-1.23196 -2.43049
-1.23795 -2.43579
-1.24391 -2.4411
-1.24998 -2.44629
-1.25592 -2.45164
-1.26172 -2.45715
-1.26797 -2.46213
-1.27403 -2.46734
-1.27989 -2.47277
-1.28615 -2.47775
-1.289 -2.48056
-1.29184 -2.48338
-1.29793 -2.48855
-1.30109 -2.491
-1.30426 -2.49344
-1.3071 -2.49627
-1.30994 -2.49909
-1.31313 -2.50151
-1.31632 -2.50393
-1.32235 -2.50916
-1.32521 -2.51196
-1.32807 -2.51476
-1.33414 -2.51996
-1.34038 -2.52495
-1.34636 -2.53025
-1.35213 -2.53579
-1.35822 -2.54096
-1.36138 -2.54341
-1.36455 -2.54586
-1.37056 -2.55112
-1.37655 -2.5564
-1.3827 -2.5615
-1.38552 -2.56435
-1.38834 -2.5672
-1.39441 -2.57239
-1.40055 -2.57751
-1.40641 -2.58293
-1.41248 -2.58813
-1.41847 -2.59341
-1.42469 -2.59844
-1.43056 -2.60386
-1.43372 -2.60631
-1.43688 -2.60877
-1.44298 -2.61392
-1.44574 -2.61684
-1.4485 -2.61975
-1.45175 -2.6221
-1.455 -2.62445
-1.46091 -2.62983
-1.46376 -2.63264
-1.46661 -2.63545
-1.47265 -2.64068
-1.4787 -2.64589
-1.48474 -2.65113
-1.49079 -2.65634
-1.49682 -2.66158
-1.50002 -2.66399
-1.50322 -2.6664
-1.50921 -2.67168
-1.5153 -2.67686
-1.52108 -2.68238
-1.52707 -2.68767
-1.53295 -2.69308
-1.53898 -2.69832
-1.54506 -2.70351
-1.55109 -2.70875
-1.55739 -2.71367
-1.56022 -2.71651
-1.56304 -2.71934
-1.56935 -2.72427
-1.57546 -2.72942
-1.58137 -2.73479
-1.58738 -2.74005
-1.59316 -2.74558
-1.59927 -2.75073
-1.60551 -2.75573
-1.61158 -2.76092
-1.61761 -2.76616
-1.62361 -2.77143
-1.62954 -2.7768
-1.63542 -2.7822
-1.64164 -2.78722
-1.64756 -2.79259
-1.65347 -2.79797
-1.65948 -2.80324
-1.66569 -2.80826
-1.67183 -2.81338
-1.67803 -2.81843
-1.68386 -2.8239
-1.69001 -2.82899
-1.69288 -2.83179
-1.69574 -2.83458
-1.70183 -2.83976
-1.70776 -2.84511
-1.71092 -2.84755
-1.71409 -2.85
-1.71997 -2.85542
-1.72595 -2.86071
-1.732 -2.86593
-1.73805 -2.87115
-1.74415 -2.8763
-1.75019 -2.88153
-1.75624 -2.88675
-1.76233 -2.89192
-1.76517 -2.89474
-1.76802 -2.89755
-1.77126 -2.89991
-1.7745 -2.90228
-1.78035 -2.90772
-1.78638 -2.91296
-1.7925 -2.91809
-1.79535 -2.9209
-1.7982 -2.92372
-1.80429 -2.92889
-1.81027 -2.93419
-1.81636 -2.93935
-1.82226 -2.94475
-1.8283 -2.94997
-1.83154 -2.95234
-1.83478 -2.9547
-1.84053 -2.96026
-1.8468 -2.96522
-1.8528 -2.97049
-1.85867 -2.97592
-1.86458 -2.98129
-1.8708 -2.98632
-1.87688 -2.9915
-1.87972 -2.99433
-1.88255 -2.99715
-1.88878 -3.00216
-1.89488 -3.00733
-1.90075 -3.01275
-1.90392 -3.01519
-1.90709 -3.01763
-1.91286 -3.02317
-1.9161 -3.02601
-1.91574 -3.02637
-1.91517 -3.02684
-1.91447 -3.02725
-1.91407 -3.02789
-1.91382 -3.02861
-1.91381 -3.02942
-1.91372 -3.03016
-1.9129 -3.03067
-1.9134 -3.03156
-1.9131 -3.03223
-1.91319 -3.03297
-1.91261 -3.03366
-1.91275 -3.03441
-1.91271 -3.03516
-1.9131 -3.03586
-1.91394 -3.04066
-1.91477 -3.04546
-1.91515 -3.04609
-1.91519 -3.04678
-1.91539 -3.04744
-1.91518 -3.04827
-1.91558 -3.04888
-1.91589 -3.04952
-1.91629 -3.05011
-1.92011 -3.05571
-1.92392 -3.0613
-1.92773 -3.0669
-1.93154 -3.07249
-1.93536 -3.07809
-1.93579 -3.07866
-1.93601 -3.07937
-1.93674 -3.07968
-1.93726 -3.08016
-1.93738 -3.08107
-1.93815 -3.08127
-1.93882 -3.08156
-1.93917 -3.08232
-1.93985 -3.08259
-1.94354 -3.08422
-1.94723 -3.08584
-1.94785 -3.08614
-1.94831 -3.08679
-1.9537 -3.08874
-1.95909 -3.0907
-1.96447 -3.09265
-1.96507 -3.09296
-1.97053 -3.09455
-1.97599 -3.09613
-1.98144 -3.09772
-1.98222 -3.09772
-1.98292 -3.09792
-1.98361 -3.09828
-1.98433 -3.09856
-1.9851 -3.09832
-1.98584 -3.09811
-1.98661 -3.09841
-1.98726 -3.0977
-1.98811 -3.0982
-1.98869 -3.09745
-1.98959 -3.0978
-1.99001 -3.09685
-1.99068 -3.09656
-1.99157 -3.09663
-1.99227 -3.09632
-1.99258 -3.09546
-1.99343 -3.09532
-1.99395 -3.09476
-1.99406 -3.09413
-1.99709 -3.09674
-2.00032 -3.09912
-2.00354 -3.1015
-2.00945 -3.10688
-2.01231 -3.10968
-2.01518 -3.11247
-2.02128 -3.11762
-2.02726 -3.12293
-2.03046 -3.12533
-2.03367 -3.12772
-2.03647 -3.13059
-2.03927 -3.13346
-2.04252 -3.13581
-2.04577 -3.13816
-2.05165 -3.14357
-2.05773 -3.14875
-2.06059 -3.15155
-2.06345 -3.15436
-2.06963 -3.15942
-2.07548 -3.16486
-2.07866 -3.16729
-2.08184 -3.16973
-2.08466 -3.17257
-2.08748 -3.17542
-2.09067 -3.17784
-2.09386 -3.18025
-2.09971 -3.1857
-2.10553 -3.19118
-2.11162 -3.19636
-2.11775 -3.20148
-2.12393 -3.20654
-2.13003 -3.2117
-2.13611 -3.21688
-2.14206 -3.22222
-2.14789 -3.22769
-2.15392 -3.23293
-2.16004 -3.23806
-2.16609 -3.24328
-2.17206 -3.24859
-2.17803 -3.2539
-2.18405 -3.25914
-2.19012 -3.26434
-2.19606 -3.26969
-2.20197 -3.27506
-2.20818 -3.2801
-2.2143 -3.28523
-2.22052 -3.29026
-2.22338 -3.29306
-2.22624 -3.29586
-2.22939 -3.29831
-2.23255 -3.30077
-2.23851 -3.30609
-2.24456 -3.31131
-2.25053 -3.31661
-2.2534 -3.3194
-2.25627 -3.3222
-2.2624 -3.32731
-2.26853 -3.33244
-2.27478 -3.33743
-2.28056 -3.34295
-2.28679 -3.34796
-2.29268 -3.35336
-2.29876 -3.35854
-2.30461 -3.364
-2.31091 -3.36893
-2.31673 -3.37441
-2.323 -3.37936
-2.32582 -3.38221
-2.32863 -3.38507
-2.33186 -3.38744
-2.33509 -3.38981
-2.34097 -3.39523
-2.34677 -3.40073
-2.34994 -3.40318
-2.3531 -3.40562
-2.3589 -3.41113
-2.36485 -3.41647
-2.36806 -3.41886
-2.37127 -3.42125
-2.37413 -3.42406
-2.37698 -3.42686
-2.38313 -3.43196
-2.38934 -3.43699
-2.39215 -3.43986
-2.39495 -3.44272
-2.39812 -3.44516
-2.40129 -3.4476
-2.40411 -3.45044
-2.40694 -3.45328
-2.4102 -3.45562
-2.41346 -3.45796
-2.41936 -3.46334
-2.42218 -3.46618
-2.42501 -3.46902
-2.42823 -3.4714
-2.43146 -3.47378
-2.4343 -3.4766
-2.43714 -3.47943
-2.4432 -3.48462
-2.44641 -3.48702
-2.44962 -3.48941
-2.45541 -3.49493
-2.46164 -3.49995
-2.46446 -3.50278
-2.46729 -3.50562
-2.4735 -3.51065
-2.47958 -3.51584
-2.48536 -3.52136
-2.49149 -3.52649
-2.4976 -3.53164
-2.50343 -3.53711
-2.50944 -3.54237
-2.51574 -3.5473
-2.52171 -3.55261
-2.52769 -3.5579
-2.53364 -3.56324
-2.53993 -3.56817
-2.54279 -3.57097
-2.54565 -3.57378
-2.55191 -3.57875
-2.55767 -3.5843
-2.56091 -3.58666
-2.56415 -3.58902
-2.57012 -3.59433
-2.57595 -3.5998
-2.58201 -3.60501
-2.58782 -3.6105
-2.59099 -3.61294
-2.59416 -3.61539
-2.60019 -3.62063
-2.60302 -3.62345
-2.60586 -3.62628
-2.60902 -3.62873
-2.61217 -3.63119
-2.61831 -3.63631
-2.62442 -3.64145
-2.63027 -3.6469
-2.63631 -3.65213
-2.64209 -3.65766
-2.64832 -3.66267
-2.65418 -3.66811
-2.65736 -3.67053
-2.66055 -3.67296
-2.6664 -3.67839
-2.6722 -3.68391
-2.67848 -3.68886
-2.68437 -3.69426
-2.69065 -3.69921
-2.69642 -3.70475
-2.70258 -3.70984
-2.70883 -3.71483
-2.71159 -3.71774
-2.71435 -3.72065
-2.71761 -3.72299
-2.72087 -3.72533
-2.72364 -3.72823
-2.72642 -3.73112
-2.73258 -3.73621
-2.73578 -3.73862
-2.73897 -3.74104
-2.7418 -3.74387
-2.74463 -3.74671
-2.75076 -3.75183
-2.75679 -3.75706
-2.76273 -3.76242
-2.76864 -3.76779
-2.7747 -3.773
-2.78093 -3.77801
-2.78687 -3.78334
-2.79294 -3.78854
-2.79873 -3.79406
-2.80497 -3.79905
-2.80812 -3.80154
-2.80881 -3.80133
-2.80915 -3.8006
-2.80988 -3.80037
-2.81052 -3.80003
-2.81104 -3.79947
-2.81155 -3.79882
-2.81241 -3.79898
-2.81299 -3.7984
-2.81375 -3.79837
-2.81437 -3.79771
-2.81514 -3.79773
-2.81591 -3.79805
-2.81664 -3.79792
-2.81735 -3.79816
-2.81813 -3.79781
-2.81887 -3.79786
-2.82349 -3.7986
-2.82811 -3.79933
-2.82875 -3.79933
-2.8293 -3.79966
-2.82977 -3.80018
-2.83045 -3.8001
-2.83435 -3.80186
-2.83826 -3.80362
-2.83914 -3.80332
-2.83967 -3.8038
-2.8401 -3.80441
-2.84562 -3.80773
-2.85115 -3.81106
-2.85668 -3.81438
-2.86221 -3.8177
-2.86774 -3.82103
-2.86854 -3.82116
-2.86919 -3.82154
-2.86975 -3.82205
-2.86988 -3.82297
-2.87052 -3.82336
-2.87139 -3.82361
-2.87156 -3.82441
-2.87204 -3.82498
-2.87267 -3.82549
-2.87535 -3.83069
-2.87803 -3.83589
-2.88071 -3.84109
-2.88305 -3.84631
-2.88538 -3.85154
-2.88772 -3.85676
-2.88824 -3.85734
-2.88834 -3.85808
-2.88872 -3.85874
-2.88927 -3.85939
-2.88935 -3.86015
-2.88961 -3.8609
-2.88929 -3.86166
-2.88955 -3.86243
-2.88889 -3.86311
-2.88884 -3.86384
-2.88869 -3.86456
-2.88903 -3.86544
-2.88831 -3.86597
-2.8882 -3.86672
-2.88823 -3.86759
-2.88766 -3.86813
-2.88744 -3.8689
-2.88674 -3.86932
-2.88647 -3.87008
-2.88636 -3.87026
-2.88914 -3.8727
-2.89532 -3.87777
-2.90151 -3.88282
-2.90756 -3.88804
-2.91349 -3.89339
-2.91954 -3.89862
-2.92556 -3.90387
-2.93147 -3.90925
-2.93755 -3.91442
-2.94381 -3.9194
-2.94958 -3.92494
-2.95549 -3.93032
-2.95874 -3.93267
-2.96199 -3.93502
-2.96485 -3.93781
-2.96772 -3.9406
-2.9737 -3.9459
-2.97959 -3.9513
-2.98574 -3.9564
-2.99168 -3.96174
-2.99485 -3.96419
-2.99802 -3.96663
-3.00087 -3.96944
-3.00371 -3.97226
-3.00974 -3.97749
-3.01586 -3.98264
-3.02183 -3.98794
-3.02805 -3.99296
-3.03419 -3.99807
-3.0402 -4.00334
-3.04632 -4.00848
-3.04914 -4.01133
-3.05196 -4.01417
-3.05823 -4.01914
-3.06438 -4.02423
-3.07038 -4.0295
-3.07641 -4.03474
-3.08255 -4.03986
-3.08537 -4.0427
-3.0882 -4.04554
-3.09444 -4.05054
-3.10047 -4.05578
-3.10657 -4.06094
-3.10941 -4.06375
-3.11225 -4.06657
-3.11835 -4.07174
-3.12444 -4.07691
-3.13073 -4.08185
-3.13355 -4.0847
-3.13636 -4.08755
-3.14242 -4.09275
-3.14867 -4.09775
-3.15458 -4.10312
-3.16064 -4.10832
-3.16683 -4.11338
-3.17278 -4.11871
-3.17871 -4.12407
-3.18457 -4.1295
-3.18774 -4.13195
-3.19091 -4.13439
-3.19687 -4.13971
-3.20289 -4.14495
-3.20882 -4.15032
-3.21484 -4.15556
-3.22082 -4.16086
-3.22705 -4.16587
-3.23284 -4.17139
-3.23908 -4.17639
-3.24483 -4.18195
-3.25106 -4.18696
-3.25716 -4.19212
-3.26312 -4.19743
-3.26892 -4.20295
-3.27216 -4.20531
-3.27539 -4.20767
-3.27819 -4.21054
-3.28099 -4.21341
-3.28423 -4.21577
-3.28747 -4.21813
-3.29339 -4.2235
-3.2992 -4.22899
-3.30237 -4.23144
-3.30553 -4.23389
-3.31135 -4.23937
-3.31723 -4.24478
-3.32317 -4.25012
-3.32926 -4.2553
-3.33542 -4.26038
-3.34139 -4.26569
-3.34736 -4.271
-3.35333 -4.27631
-3.35653 -4.27872
-3.35972 -4.28113
-3.3658 -4.28632
-3.36864 -4.28914
-3.37148 -4.29196
-3.37777 -4.2969
-3.38061 -4.29973
-3.38344 -4.30256
-3.38972 -4.30751
-3.39573 -4.31277
-3.4017 -4.31808
-3.40777 -4.32328
-3.41404 -4.32824
-3.41994 -4.33363
-3.42588 -4.33897
-3.43212 -4.34397
-3.43791 -4.34949
-3.44391 -4.35476
-3.44707 -4.35721
-3.45023 -4.35967
-3.45625 -4.36492
-3.46229 -4.37015
-3.46823 -4.37549
-3.47108 -4.3783
-3.47393 -4.38111
-3.47988 -4.38644
-3.48307 -4.38886
-3.48626 -4.39128
-3.49211 -4.39672
-3.49834 -4.40173
-3.50413 -4.40725
-3.51016 -4.41249
-3.51625 -4.41766
-3.52254 -4.4226
-3.52843 -4.42801
-3.53451 -4.43318
-3.54065 -4.43831
-3.54641 -4.44385
-3.55261 -4.4489
-3.55548 -4.45168
-3.55835 -4.45447
-3.56156 -4.45687
-3.56476 -4.45927
-3.56754 -4.46216
-3.57032 -4.46505
-3.57356 -4.46742
-3.57679 -4.46979
-3.57961 -4.47263
-3.58244 -4.47546
-3.58566 -4.47785
-3.58888 -4.48023
-3.59492 -4.48546
-3.59778 -4.48826
-3.60064 -4.49105
-3.6069 -4.49603
-3.60974 -4.49886
-3.61257 -4.50168
-3.61867 -4.50685
-3.62497 -4.51178
-3.62778 -4.51463
-3.63059 -4.51749
-3.6367 -4.52263
-3.64296 -4.5276
-3.64884 -4.53302
-3.65488 -4.53825
-3.66104 -4.54335
-3.66687 -4.54881
-3.67003 -4.55127
-3.67318 -4.55372
-3.67606 -4.55651
-3.67893 -4.55929
-3.68498 -4.56451
-3.69101 -4.56975
-3.69729 -4.5747
-3.70338 -4.57987
-3.70619 -4.58273
-3.709 -4.58559
-3.71525 -4.59056
-3.72149 -4.59557
-3.72428 -4.59845
-3.72708 -4.60132
-3.73324 -4.6064
-3.73942 -4.61147
-3.74547 -4.61669
-3.75123 -4.62224
-3.7575 -4.6272
-3.76347 -4.63251
-3.76932 -4.63796
-3.77253 -4.64035
-3.77575 -4.64274
-3.78152 -4.64828
-3.78753 -4.65354
-3.79339 -4.65898
-3.79953 -4.66409
-3.80567 -4.6692
-3.81178 -4.67435
-3.81765 -4.67977
-3.82363 -4.68507
-3.82974 -4.69022
-3.83575 -4.69548
-3.84164 -4.70088
-3.84486 -4.70326
-3.84808 -4.70565
-3.85401 -4.711
-3.85992 -4.71639
-3.863 -4.71996
-3.86673 -4.72286
-3.86978 -4.72644
-3.87261 -4.73017
-3.87527 -4.73404
-3.87833 -4.73763
-3.8809 -4.74157
-3.88284 -4.74585
-3.88521 -4.74993
-3.88718 -4.75423
-3.88853 -4.75873
-3.8901 -4.76316
-3.89119 -4.76773
-3.89234 -4.77228
-3.89302 -4.77693
-3.89405 -4.78156
-3.89416 -4.78625
-3.89439 -4.79095
-3.89426 -4.79892
-3.8943 -4.80688
-3.89424 -4.81485
-3.89487 -4.82281
-3.89479 -4.83078
-3.89445 -4.83875
-3.89438 -4.84672
-3.89449 -4.85468
-3.8953 -4.86264
-3.89521 -4.87061
-3.89541 -4.87857
-3.89538 -4.88654
-3.89513 -4.89451
-3.89522 -4.90247
-3.895 -4.91044
-3.89565 -4.9184
-3.89563 -4.92637
-3.89572 -4.93434
-3.89574 -4.9423
-3.89574 -4.95027
-3.89592 -4.95823
-3.89551 -4.9662
-3.8962 -4.97416
-3.89621 -4.98213
-3.89638 -4.9901
-3.89633 -4.99806
-3.89596 -5.00603
-3.89657 -5.01399
-3.89676 -5.02196
-3.89611 -5.02993
-3.89633 -5.0379
-3.89672 -5.04586
-3.8966 -5.05383
-3.89644 -5.06179
-3.89724 -5.06975
-3.8967 -5.07773
-3.89735 -5.08569
-3.89729 -5.09365
-3.89749 -5.10163
-3.89723 -5.10637
-3.89669 -5.11108
-3.89577 -5.11574
-3.89529 -5.12044
-3.89468 -5.12516
-3.89327 -5.12969
-3.89189 -5.13422
-3.89006 -5.13857
-3.88863 -5.14313
-3.88678 -5.14752
-3.88396 -5.15137
-3.88166 -5.15549
-3.87944 -5.15971
-3.87667 -5.16359
-3.87319 -5.16685
-3.8705 -5.17081
-3.86721 -5.17423
-3.86376 -5.17749
-3.85788 -5.18287
-3.85184 -5.18809
-3.84577 -5.19325
-3.83992 -5.19866
-3.83385 -5.20384
-3.82773 -5.20895
-3.8219 -5.21438
-3.81608 -5.21984
-3.81019 -5.22521
-3.80398 -5.23022
-3.798 -5.2355
-3.79203 -5.24078
-3.786 -5.24599
-3.78038 -5.25167
-3.77424 -5.25676
-3.76844 -5.26223
-3.76218 -5.26718
-3.75653 -5.27283
-3.75052 -5.27806
-3.74445 -5.28323
-3.73833 -5.28834
-3.73251 -5.29379
-3.72649 -5.29902
-3.72084 -5.30466
-3.71462 -5.30966
-3.7085 -5.31477
-3.70291 -5.32049
-3.69684 -5.32565
-3.691 -5.33108
-3.68491 -5.33623
-3.67904 -5.34162
-3.67293 -5.34675
-3.66689 -5.35195
-3.66105 -5.35738
-3.6551 -5.36268
-3.64919 -5.36803
-3.64288 -5.37294
-3.63734 -5.3787
-3.63147 -5.38409
-3.62542 -5.38928
-3.61926 -5.39435
-3.61344 -5.39981
-3.60736 -5.40496
-3.60168 -5.41057
-3.59847 -5.41296
-3.59526 -5.41535
-3.58939 -5.42074
-3.58335 -5.42595
-3.57741 -5.43126
-3.57141 -5.43651
-3.56587 -5.44227
-3.55975 -5.44739
-3.55362 -5.45249
-3.54763 -5.45774
-3.54179 -5.46317
-3.53614 -5.46881
-3.52976 -5.47363
-3.52381 -5.47894
-3.51809 -5.4845
-3.51183 -5.48946
-3.50622 -5.49515
-3.49989 -5.50002
-3.49715 -5.50294
-3.49442 -5.50586
-3.4882 -5.51087
-3.48221 -5.51613
-3.47619 -5.52135
-3.47053 -5.52699
-3.46446 -5.53215
-3.45864 -5.53761
-3.45235 -5.54252
-3.4465 -5.54794
-3.44052 -5.55322
-3.43446 -5.55839
-3.42874 -5.56396
-3.42256 -5.56901
-3.41688 -5.57461
-3.41092 -5.57991
-3.40466 -5.58486
-3.39908 -5.59058
-3.39293 -5.59566
-3.3869 -5.60088
-3.38101 -5.60625
-3.37525 -5.61177
-3.36931 -5.61708
-3.36338 -5.62241
-3.35711 -5.62735
-3.35099 -5.63246
-3.34529 -5.63805
-3.33917 -5.64317
-3.33325 -5.64849
-3.32753 -5.65407
-3.32166 -5.65945
-3.31547 -5.66449
-3.30927 -5.66952
-3.30653 -5.67243
-3.30379 -5.67535
-3.30056 -5.67771
-3.29733 -5.68008
-3.29153 -5.68555
-3.2858 -5.69111
-3.27957 -5.69609
-3.27362 -5.7014
-3.26754 -5.70655
-3.26193 -5.71224
-3.25591 -5.71747
-3.25002 -5.72284
-3.24384 -5.72789
-3.2378 -5.73308
-3.23504 -5.73599
-3.23229 -5.73889
-3.22624 -5.74408
-3.21987 -5.7489
-3.21713 -5.75183
-3.2144 -5.75476
-3.20821 -5.75978
-3.20219 -5.76501
-3.19616 -5.77023
-3.19018 -5.77548
-3.18681 -5.77853
-3.18349 -5.78169
-3.17948 -5.78387
-3.1757 -5.78636
-3.17169 -5.78847
-3.16783 -5.7909
-3.16363 -5.79262
-3.15935 -5.79412
-3.15199 -5.79723
-3.14463 -5.80035
-3.13703 -5.80284
-3.1297 -5.80605
-3.12225 -5.80893
-3.11474 -5.81166
-3.10733 -5.81465
-3.1035 -5.81583
-3.09967 -5.817
-3.0923 -5.82008
-3.08472 -5.82264
-3.07721 -5.82535
-3.06975 -5.82822
-3.06225 -5.83096
-3.0586 -5.8326
-3.05495 -5.83424
-3.04748 -5.83707
-3.03993 -5.83971
-3.03247 -5.84258
-3.02496 -5.8453
-3.01759 -5.84838
-3.01008 -5.85111
-3.00253 -5.85375
-2.99891 -5.85545
-2.99528 -5.85715
-2.98771 -5.85971
-2.98032 -5.86277
-2.97278 -5.86541
-2.96522 -5.86801
-2.95771 -5.87073
-2.9541 -5.87248
-2.95049 -5.87424
-2.94663 -5.87532
-2.94277 -5.87639
-2.93912 -5.87804
-2.93547 -5.87969
-2.92811 -5.88281
-2.92054 -5.88538
-2.91318 -5.88848
-2.90565 -5.89118
-2.89823 -5.89414
-2.89064 -5.89665
-2.88319 -5.89954
-2.87585 -5.9027
-2.8683 -5.90532
-2.86449 -5.90654
-2.86067 -5.90775
-2.85322 -5.91064
-2.8459 -5.91386
-2.83847 -5.91679
-2.83462 -5.91791
-2.83077 -5.91903
-2.82712 -5.92067
-2.82347 -5.9223
-2.81596 -5.92502
-2.80859 -5.92813
-2.80117 -5.93109
-2.79733 -5.93223
-2.79349 -5.93337
-2.78608 -5.93636
-2.77849 -5.93889
-2.77112 -5.94198
-2.76377 -5.94512
-2.75635 -5.94808
-2.74882 -5.95077
-2.74139 -5.95369
-2.73384 -5.95632
-2.72633 -5.95905
-2.71886 -5.96187
-2.7115 -5.965
-2.7041 -5.96802
-2.70025 -5.96914
-2.69641 -5.97026
-2.68889 -5.97298
-2.68526 -5.97466
-2.68162 -5.97634
-2.67781 -5.97755
-2.674 -5.97877
-2.6665 -5.98153
-2.65903 -5.98437
-2.6554 -5.98604
-2.65176 -5.98771
-2.64419 -5.99029
-2.63671 -5.9931
-2.63305 -5.99472
-2.6294 -5.99634
-2.62192 -5.99915
-2.6181 -6.00033
-2.61427 -6.00152
-2.61063 -6.00318
-2.60699 -6.00484
-2.60317 -6.00605
-2.59936 -6.00725
-2.59186 -6.01002
-2.58449 -6.0131
-2.57709 -6.01613
-2.56957 -6.01882
-2.56209 -6.02163
-2.55463 -6.02449
-2.54707 -6.0271
-2.54344 -6.02878
-2.53981 -6.03046
-2.53598 -6.03164
-2.53215 -6.03282
-2.52474 -6.03579
-2.5174 -6.03896
-2.50984 -6.04156
-2.50243 -6.04456
-2.49502 -6.04755
-2.48741 -6.05
-2.47992 -6.0528
-2.47235 -6.05537
-2.4687 -6.05699
-2.46504 -6.05862
-2.45761 -6.06155
-2.45379 -6.06273
-2.44996 -6.06392
-2.44251 -6.06681
-2.43887 -6.06846
-2.43522 -6.07011
-2.42762 -6.0726
-2.42008 -6.07524
-2.41646 -6.07697
-2.41285 -6.0787
-2.40528 -6.08127
-2.39792 -6.0844
-2.39038 -6.08705
-2.383 -6.09011
-2.37917 -6.09129
-2.37535 -6.09247
-2.3678 -6.0951
-2.36034 -6.09797
-2.35296 -6.10102
-2.34881 -6.10282
-2.34435 -6.1036
-2.3401 -6.10524
-2.3357 -6.10637
-2.33117 -6.10651
-2.32671 -6.10722
-2.3222 -6.10725
-2.3177 -6.10791
-2.30972 -6.1079
-2.30173 -6.10773
-2.29375 -6.10785
-2.28576 -6.10754
-2.27778 -6.10758
-2.27378 -6.10786
-2.26979 -6.10814
-2.26181 -6.10822
-2.25781 -6.10786
-2.25382 -6.1075
-2.24584 -6.10777
-2.23785 -6.10762
-2.22987 -6.10774
-2.22188 -6.10782
-2.2139 -6.10804
-2.20591 -6.10773
-2.19792 -6.1079
-2.18994 -6.10768
-2.18195 -6.10798
-2.17397 -6.10838
-2.16598 -6.1083
-2.158 -6.10806
-2.15001 -6.10826
-2.14203 -6.10831
-2.13404 -6.10814
-2.12606 -6.10807
-2.11807 -6.10842
-2.11009 -6.10823
-2.1021 -6.10798
-2.09412 -6.10786
-2.08613 -6.10821
-2.07815 -6.10818
-2.07016 -6.10813
-2.06218 -6.10824
-2.05419 -6.10814
-2.04621 -6.10846
-2.03822 -6.10822
-2.03024 -6.10872
-2.02624 -6.10842
-2.02225 -6.10812
-2.01426 -6.10847
-2.00628 -6.10815
-1.99829 -6.10818
-1.99031 -6.10849
-1.98232 -6.10853
-1.97434 -6.10882
-1.96635 -6.10861
-1.95837 -6.10892
-1.95038 -6.10884
-1.9424 -6.10874
-1.93441 -6.10889
-1.92643 -6.10887
-1.91844 -6.10892
-1.91046 -6.10853
-1.90247 -6.10833
-1.89848 -6.10859
-1.89449 -6.10885
-1.8865 -6.10869
-1.87851 -6.1088
-1.87053 -6.10861
-1.86254 -6.10903
-1.85456 -6.10868
-1.84657 -6.10911
-1.84258 -6.10886
-1.83859 -6.10861
-1.8306 -6.10909
-1.82262 -6.10928
-1.81463 -6.10932
-1.80665 -6.10922
-1.80265 -6.10898
-1.79866 -6.10874
-1.79068 -6.10891
-1.78269 -6.10916
-1.77471 -6.10924
-1.76672 -6.10892
-1.75874 -6.10902
-1.75075 -6.10893
-1.74277 -6.10907
-1.73478 -6.10944
-1.72679 -6.10901
-1.71881 -6.10946
-1.71082 -6.10954
-1.70284 -6.10954
-1.69885 -6.10927
-1.69485 -6.10901
-1.68687 -6.1094
-1.67888 -6.10965
-1.6709 -6.10952
-1.66291 -6.10916
-1.65493 -6.10894
-1.64694 -6.10909
-1.63896 -6.10915
-1.63097 -6.10956
-1.62299 -6.10938
-1.615 -6.10956
-1.60702 -6.10957
-1.59903 -6.10924
-1.59105 -6.10956
-1.58306 -6.1095
-1.57507 -6.10947
-1.56709 -6.10966
-1.5591 -6.10953
-1.55112 -6.10997
-1.54313 -6.10981
-1.53515 -6.10978
-1.52716 -6.10997
-1.51918 -6.10969
-1.51119 -6.10985
-1.50321 -6.10951
-1.49522 -6.10985
-1.48724 -6.10995
-1.47925 -6.10968
-1.47127 -6.10951
-1.46727 -6.10985
-1.46328 -6.1102
-1.4553 -6.11008
-1.44731 -6.11024
-1.43933 -6.11003
-1.43134 -6.11007
-1.42336 -6.11017
-1.41537 -6.10984
-1.40738 -6.10991
-1.3994 -6.1102
-1.39541 -6.10996
-1.39141 -6.10972
-1.38343 -6.10973
-1.37944 -6.11002
-1.37544 -6.11032
-1.36746 -6.11014
-1.35947 -6.11003
-1.35149 -6.11
-1.3435 -6.11044
-1.33951 -6.1102
-1.33552 -6.10996
-1.32753 -6.11033
-1.31955 -6.11012
-1.31156 -6.11021
-1.30358 -6.1099
-1.29559 -6.10989
-1.2876 -6.10999
-1.27962 -6.11027
-1.27163 -6.11003
-1.26365 -6.11001
-1.25966 -6.1103
-1.25567 -6.1106
-1.24768 -6.11037
-1.23969 -6.10998
-1.23171 -6.11012
-1.22372 -6.11013
-1.21574 -6.11033
-1.20775 -6.11056
-1.19977 -6.1102
-1.19178 -6.11054
-1.1838 -6.11085
-1.17581 -6.11093
-1.16783 -6.11048
-1.15984 -6.11092
-1.15186 -6.11094
-1.14387 -6.11087
-1.13589 -6.11097
-1.1279 -6.11093
-1.11992 -6.11107
-1.11592 -6.11076
-1.11193 -6.11045
-1.10394 -6.11055
-1.09596 -6.11097
-1.09197 -6.11067
-1.08797 -6.11036
-1.07999 -6.11072
-1.072 -6.11056
-1.06402 -6.11048
-1.05603 -6.11095
-1.04805 -6.11086
-1.04006 -6.11073
-1.03208 -6.11096
-1.02409 -6.1108
-1.01611 -6.11061
-1.00812 -6.11083
-1.00014 -6.11061
-0.992151 -6.11095
-0.984167 -6.11133
-0.976181 -6.11101
-0.968195 -6.11089
-0.964203 -6.11116
-0.960211 -6.11142
-0.952225 -6.11104
-0.944239 -6.11085
-0.936254 -6.11106
-0.928269 -6.11098
-0.920283 -6.11081
-0.916291 -6.11106
-0.912299 -6.11132
-0.904313 -6.11116
-0.896327 -6.11101
-0.888342 -6.11112
-0.880357 -6.11103
-0.872372 -6.11103
-0.864387 -6.11132
-0.856403 -6.11164
-0.848417 -6.1114
-0.840432 -6.11159
-0.832446 -6.11146
-0.824461 -6.11168
-0.816475 -6.11123
-0.80849 -6.11127
-0.804498 -6.11154
-0.800506 -6.11181
-0.79252 -6.11173
-0.788527 -6.11146
-0.784534 -6.11119
-0.776549 -6.11136
-0.772557 -6.11164
-0.768565 -6.11192
-0.764572 -6.11167
-0.760578 -6.11141
-0.752593 -6.11125
-0.744608 -6.11145
-0.736622 -6.11147
-0.732631 -6.11174
-0.728639 -6.11202
-0.720653 -6.11191
-0.71666 -6.1116
-0.712666 -6.1113
-0.704682 -6.11172
-0.696697 -6.1118
-0.688711 -6.11171
-0.680726 -6.1118
-0.672741 -6.11186
-0.664756 -6.11212
-0.660763 -6.11182
-0.65677 -6.11153
-0.648784 -6.11148
-0.640799 -6.11166
-0.632814 -6.11178
-0.62483 -6.112
-0.616844 -6.11179
-0.608859 -6.11202
-0.600874 -6.11196
-0.592888 -6.11175
-0.584903 -6.1119
-0.576918 -6.11213
-0.568932 -6.11189
-0.560947 -6.11209
-0.552962 -6.1119
-0.544976 -6.1119
-0.536992 -6.11227
-0.529007 -6.11235
-0.521021 -6.11229
-0.513036 -6.11236
-0.50505 -6.11221
-0.497065 -6.11204
-0.489079 -6.11193
-0.485087 -6.11219
-0.481095 -6.11245
-0.47311 -6.11232
-0.465124 -6.11222
-0.45714 -6.1126
-0.449154 -6.11237
-0.441168 -6.11204
-0.437176 -6.11231
-0.433184 -6.11257
-0.425197 -6.11215
-0.417212 -6.11207
-0.409227 -6.11238
-0.401243 -6.11287
-0.393258 -6.11289
-0.385273 -6.11292
-0.381279 -6.11267
-0.377286 -6.11243
-0.369301 -6.11257
-0.361316 -6.11279
-0.353331 -6.11273
-0.345346 -6.11275
-0.33736 -6.11269
-0.329375 -6.11272
-0.321389 -6.11255
-0.313404 -6.11267
-0.30542 -6.11289
-0.297434 -6.11263
-0.289448 -6.11238
-0.281463 -6.11279
-0.273477 -6.11245
-0.265493 -6.11295
-0.2615 -6.1127
-0.257507 -6.11244
-0.249522 -6.11257
-0.241537 -6.11284
-0.233552 -6.11303
-0.225567 -6.11309
-0.217582 -6.11325
-0.209596 -6.11282
-0.20161 -6.11259
-0.193625 -6.11289
-0.185641 -6.1133
-0.181648 -6.11297
-0.177654 -6.11265
-0.173662 -6.11293
-0.16967 -6.11321
-0.161684 -6.11304
-0.1537 -6.11346
-0.149707 -6.1131
-0.145713 -6.11273
-0.137729 -6.11317
-0.129744 -6.11337
-0.121758 -6.11322
-0.113772 -6.11295
-0.10978 -6.11324
-0.105788 -6.11353
-0.0978028 -6.11335
-0.0938095 -6.11311
-0.0898162 -6.11287
-0.0858245 -6.11324
-0.0818328 -6.1136
-0.0778394 -6.11332
-0.073846 -6.11303
-0.0658618 -6.11348
-0.057877 -6.11366
-0.0538835 -6.11333
-0.04989 -6.113
-0.0458981 -6.1133
-0.0419063 -6.11361
-0.0339206 -6.11348
-0.0259348 -6.11326
-0.0179498 -6.11341
-0.00996453 -6.11341
-0.00198016 -6.11378
0.00600503 -6.11383
0.0139909 -6.11362
0.0219769 -6.11333
0.029962 -6.11341
0.0379476 -6.11329
0.0459319 -6.11368
0.0539178 -6.11347
0.061902 -6.11391
0.0698879 -6.11364
0.0778737 -6.11345
0.0858586 -6.11364
0.0938443 -6.11346
0.10183 -6.1134
0.105822 -6.11374
0.109813 -6.11408
0.113807 -6.11376
0.1178 -6.11343
0.125785 -6.11371
0.13377 -6.11377
0.141756 -6.11345
0.145748 -6.11385
0.149739 -6.11425
0.157725 -6.11413
0.161718 -6.11387
0.165712 -6.11361
0.173696 -6.11409
0.181682 -6.11387
0.189666 -6.1143
0.193659 -6.11402
0.197653 -6.11374
0.205637 -6.11392
0.213623 -6.11391
0.221608 -6.11413
0.229593 -6.11397
0.237579 -6.11395
0.245564 -6.1141
0.253549 -6.11396
0.261534 -6.11419
0.269519 -6.11412
0.277504 -6.11452
0.28549 -6.11414
0.293474 -6.11461
0.297468 -6.11424
0.301461 -6.11386
0.309446 -6.11409
0.317431 -6.11425
0.325416 -6.11416
0.329408 -6.11442
0.3334 -6.11468
0.337394 -6.11443
0.341387 -6.11418
0.349371 -6.11455
0.357357 -6.11429
0.365343 -6.11421
0.373328 -6.11425
0.381314 -6.11414
0.389298 -6.11461
0.397282 -6.11484
0.405268 -6.11469
0.413253 -6.11484
0.421239 -6.11459
0.429224 -6.1149
0.433217 -6.11466
0.43721 -6.11442
0.445195 -6.11475
0.453179 -6.11498
0.461165 -6.11487
0.469151 -6.11454
0.477136 -6.11449
0.485121 -6.11472
0.493107 -6.11469
0.501092 -6.11456
0.509077 -6.11464
0.517062 -6.11474
0.525048 -6.11441
0.533033 -6.11462
0.541018 -6.11488
0.549004 -6.11465
0.556989 -6.11468
0.564974 -6.11481
0.57296 -6.11465
0.576952 -6.11495
0.580943 -6.11524
0.588929 -6.11514
0.596914 -6.11516
0.6049 -6.1149
0.612886 -6.11463
0.616878 -6.11494
0.62087 -6.11526
0.628856 -6.11503
0.636841 -6.11523
0.644825 -6.11549
0.652812 -6.11503
0.660796 -6.1153
0.668782 -6.11511
0.676767 -6.1155
0.684753 -6.11505
0.692737 -6.11539
0.700722 -6.1156
0.708708 -6.11529
0.716694 -6.11512
0.72468 -6.11504
0.732664 -6.11534
0.740649 -6.11547
0.744642 -6.11522
0.748636 -6.11498
0.752628 -6.11524
0.75662 -6.1155
0.764606 -6.11515
0.768598 -6.11542
0.77259 -6.11569
0.780575 -6.11571
0.78856 -6.11566
0.796546 -6.11556
0.804531 -6.11568
0.808524 -6.11541
0.812518 -6.11514
0.816509 -6.11553
0.820501 -6.11593
0.824494 -6.11569
0.828487 -6.11545
0.836473 -6.11544
0.844459 -6.11526
0.852444 -6.11526
0.860428 -6.11566
0.868414 -6.11554
0.876399 -6.11562
0.884384 -6.11558
0.892369 -6.11572
0.900354 -6.11594
0.904347 -6.11568
0.908341 -6.11542
0.916325 -6.11577
0.924311 -6.11558
0.932296 -6.11578
0.940281 -6.11565
0.948266 -6.11573
0.956251 -6.11611
0.964237 -6.1158
0.972222 -6.11602
0.980208 -6.11574
0.988193 -6.11563
0.992185 -6.11591
0.996177 -6.11619
1.00416 -6.11632
1.01215 -6.11587
1.02013 -6.11633
1.02413 -6.11604
1.02812 -6.11574
1.03211 -6.11611
1.0361 -6.11647
1.04409 -6.11641
1.05207 -6.11599
1.06006 -6.11593
1.06405 -6.11625
1.06804 -6.11656
1.07204 -6.11629
1.07603 -6.11602
1.08402 -6.11594
1.092 -6.11631
1.09999 -6.11636
1.10797 -6.11595
1.11596 -6.11611
1.12394 -6.1163
1.13193 -6.1166
1.13592 -6.11633
1.13991 -6.11607
1.1479 -6.11653
1.15588 -6.11666
1.15988 -6.1164
1.16387 -6.11615
1.17185 -6.11661
1.17984 -6.11673
1.18782 -6.11668
1.19182 -6.11642
1.19581 -6.11616
1.20379 -6.11618
1.20779 -6.11653
1.21178 -6.11688
1.21976 -6.11673
1.22775 -6.11671
1.23574 -6.11656
1.24372 -6.11688
1.25171 -6.11691
1.25969 -6.11662
1.26768 -6.11687
1.27566 -6.11687
1.28365 -6.1165
1.29163 -6.11646
1.29962 -6.11635
1.30361 -6.11673
1.3076 -6.11712
1.31559 -6.11714
1.32357 -6.11716
1.33156 -6.11702
1.33954 -6.11722
1.34753 -6.11684
1.35551 -6.11673
1.35951 -6.11699
1.3635 -6.11725
1.37148 -6.11715
1.37947 -6.11717
1.38745 -6.11707
1.39544 -6.11699
1.40343 -6.11701
1.41141 -6.11703
1.4194 -6.11705
1.42738 -6.11672
1.43537 -6.11719
1.44335 -6.11699
1.45134 -6.11748
1.45533 -6.11722
1.45932 -6.11695
1.46731 -6.11741
1.47529 -6.11754
1.47929 -6.1173
1.48328 -6.11706
1.49126 -6.11705
1.49925 -6.11731
1.50723 -6.11702
1.51522 -6.11691
1.52321 -6.1169
1.53119 -6.11734
1.53918 -6.11707
1.54716 -6.11714
1.55515 -6.11755
1.56313 -6.1171
1.57112 -6.11741
1.5791 -6.11751
1.58709 -6.11713
1.59507 -6.11758
1.60306 -6.11782
1.61104 -6.11752
1.61903 -6.11747
1.62701 -6.11737
1.635 -6.11782
1.63899 -6.11758
1.64298 -6.11733
1.65097 -6.11733
1.65895 -6.11765
1.66694 -6.11793
1.67492 -6.11791
1.68291 -6.11806
1.69089 -6.11772
1.69888 -6.11802
1.70687 -6.11761
1.71485 -6.11806
1.72284 -6.11765
1.72683 -6.11791
1.73082 -6.11816
1.73881 -6.11821
1.74679 -6.11783
1.75478 -6.11778
1.76276 -6.11819
1.76675 -6.11792
1.77075 -6.11764
1.77873 -6.11812
1.78273 -6.11785
1.78672 -6.11758
1.7947 -6.11798
1.80269 -6.11827
1.80668 -6.11802
1.81067 -6.11776
1.81866 -6.11777
1.82664 -6.11783
1.83463 -6.11784
1.83862 -6.11815
1.84261 -6.11847
1.84661 -6.11817
1.8506 -6.11788
1.85858 -6.11826
1.86657 -6.118
1.87456 -6.11784
1.87855 -6.11814
1.88254 -6.11845
1.89053 -6.1183
1.89851 -6.11802
1.90251 -6.11823
1.9065 -6.11844
1.91095 -6.11785
1.91542 -6.11778
1.91989 -6.11749
1.92429 -6.1167
1.92865 -6.11568
1.93309 -6.11497
1.93729 -6.11344
1.9416 -6.11221
1.94905 -6.10931
1.95661 -6.10671
1.96029 -6.10514
1.96396 -6.10356
1.96779 -6.10238
1.97161 -6.10121
1.97524 -6.09951
1.97888 -6.09782
1.98274 -6.09675
1.9866 -6.09567
1.99405 -6.09276
2.00145 -6.08974
2.00907 -6.08731
2.01644 -6.08421
2.02396 -6.0815
2.03132 -6.07836
2.03509 -6.07694
2.03529 -6.07741
2.03554 -6.0781
2.03608 -6.07866
2.03591 -6.07962
2.0367 -6.07999
2.03726 -6.08049
2.03766 -6.0811
2.03811 -6.08168
2.0384 -6.08247
2.03892 -6.08305
2.03964 -6.08335
2.04025 -6.08379
2.04095 -6.08408
2.04158 -6.0845
2.0424 -6.08444
2.04298 -6.0851
2.04377 -6.08502
2.04446 -6.08543
2.04521 -6.08549
2.04963 -6.08596
2.05405 -6.08643
2.05457 -6.08662
2.05512 -6.08633
2.05566 -6.08668
2.05986 -6.08648
2.06407 -6.08629
2.06478 -6.08627
2.07272 -6.08557
2.08067 -6.08486
2.08134 -6.08423
2.08218 -6.0847
2.08293 -6.08457
2.08349 -6.08387
2.08442 -6.08423
2.08808 -6.08252
2.09174 -6.08081
2.09226 -6.08034
2.09314 -6.08055
2.09852 -6.07748
2.10391 -6.0744
2.10929 -6.07133
2.11468 -6.06826
2.11527 -6.06781
2.1157 -6.06717
2.11658 -6.06707
2.11708 -6.06651
2.12134 -6.06237
2.12559 -6.05823
2.12985 -6.05408
2.13026 -6.05345
2.131 -6.05307
2.13144 -6.05245
2.13187 -6.05182
2.13169 -6.05088
2.13261 -6.05049
2.13291 -6.04978
2.13314 -6.04905
2.13329 -6.04831
2.13279 -6.04747
2.13311 -6.04677
2.13371 -6.04605
2.13353 -6.0453
2.13353 -6.04454
2.13287 -6.04389
2.13342 -6.04302
2.1331 -6.04232
2.13298 -6.04157
2.13246 -6.04114
