0.724643 -2.30913
0.724994 -2.30873
0.725776 -2.30835
0.726005 -2.3076
0.726344 -2.30692
0.726674 -2.30624
0.726942 -2.30553
0.72736 -2.30487
0.727029 -2.30401
0.727703 -2.30337
0.727413 -2.30258
0.72802 -2.30186
0.727448 -2.30111
0.727827 -2.30033
0.727851 -2.29955
0.727062 -2.29893
0.726114 -2.29436
0.725167 -2.28978
0.725713 -2.2889
0.725087 -2.28835
0.72525 -2.28751
0.724614 -2.28701
0.724299 -2.28637
0.724125 -2.28565
0.72074 -2.27988
0.717354 -2.2741
0.713969 -2.26833
0.710584 -2.26256
0.707199 -2.25679
0.707025 -2.25606
0.706112 -2.25587
0.706169 -2.25493
0.705432 -2.25466
0.705172 -2.25393
0.704623 -2.25349
0.704058 -2.25308
0.70331 -2.25295
0.70267 -2.25268
0.699149 -2.25048
0.695628 -2.24828
0.695214 -2.24756
0.694474 -2.24746
0.693807 -2.24724
0.693178 -2.2469
0.686557 -2.24488
0.679935 -2.24286
0.673313 -2.24084
0.666692 -2.23882
0.66007 -2.2368
0.659452 -2.23629
0.658707 -2.23625
0.657968 -2.23626
0.657283 -2.23552
0.656523 -2.23599
0.655745 -2.23538
0.655048 -2.23598
0.654273 -2.23586
0.653576 -2.23616
0.652819 -2.23623
0.652166 -2.23662
0.651525 -2.23699
0.650693 -2.237
0.650202 -2.23763
0.649568 -2.23801
0.649073 -2.23856
0.648439 -2.23895
0.647848 -2.2394
0.647169 -2.23979
0.647122 -2.23982
0.644053 -2.23741
0.638279 -2.23188
0.632479 -2.22637
0.626636 -2.22091
0.62077 -2.21548
0.617581 -2.21304
0.614392 -2.21061
0.611551 -2.20779
0.60871 -2.20497
0.602808 -2.19958
0.596976 -2.19411
0.590961 -2.18884
0.584874 -2.18365
0.582812 -2.18199
0.577873 -2.17814
0.573406 -2.17373
0.571656 -2.17254
0.565458 -2.16761
0.559579 -2.16228
0.553269 -2.15747
0.547067 -2.15254
0.541115 -2.1473
0.535094 -2.14214
0.528895 -2.13721
0.52287 -2.13205
0.516299 -2.12757
0.510386 -2.12228
0.504087 -2.11747
0.498031 -2.11235
0.491744 -2.10752
0.485627 -2.10249
0.479422 -2.09756
0.473738 -2.09199
0.467292 -2.08735
0.461382 -2.08206
0.455057 -2.07728
0.448915 -2.07227
0.44285 -2.06717
0.436452 -2.06247
0.430506 -2.05722
0.424353 -2.05223
0.418196 -2.04724
0.412054 -2.04223
0.405818 -2.03734
0.39992 -2.03203
0.393677 -2.02715
0.387693 -2.02195
0.381675 -2.01679
0.375536 -2.01178
0.369296 -2.00689
0.363019 -2.00205
0.356991 -1.9969
0.35093 -1.99179
0.344599 -1.98702
0.338326 -1.98217
0.332413 -1.97688
0.326297 -1.97184
0.319808 -1.96726
0.313983 -1.96186
0.307786 -1.95692
0.301776 -1.95175
0.295508 -1.9469
0.28932 -1.94195
0.283227 -1.93688
0.276984 -1.932
0.271028 -1.92676
0.264608 -1.92209
0.258459 -1.91709
0.252344 -1.91205
0.246561 -1.90661
0.240317 -1.90172
0.234191 -1.89669
0.227795 -1.892
0.221701 -1.88693
0.215607 -1.88186
0.209327 -1.87703
0.203239 -1.87195
0.197165 -1.86686
0.191319 -1.86149
0.18496 -1.85675
0.178875 -1.85167
0.1728 -1.84658
0.166637 -1.8416
0.16061 -1.83645
0.154315 -1.83163
0.148168 -1.82663
0.141984 -1.82167
0.135825 -1.81669
0.129794 -1.81154
0.123465 -1.80676
0.11734 -1.80173
0.11117 -1.79676
0.105059 -1.79172
0.099029 -1.78657
0.0931357 -1.78126
0.0866211 -1.77671
0.0807979 -1.77131
0.0742951 -1.76674
0.0683838 -1.76145
0.0621208 -1.75659
0.0561217 -1.75141
0.0500247 -1.74635
0.0437939 -1.74145
0.0375701 -1.73654
0.031388 -1.73158
0.0256014 -1.72614
0.0190416 -1.72164
0.0132214 -1.71624
0.00688307 -1.71147
0.000822596 -1.70637
-0.00534385 -1.70139
-0.0112119 -1.69604
-0.0176189 -1.69136
-0.0235309 -1.68607
-0.029775 -1.68119
-0.0360832 -1.67638
-0.0421934 -1.67134
-0.0484596 -1.66648
-0.0546302 -1.66151
-0.0604666 -1.65613
-0.0669049 -1.65148
-0.0726136 -1.64594
-0.0789259 -1.64114
-0.0828444 -1.63822
-0.0868212 -1.63538
-0.0908767 -1.63263
-0.0951077 -1.63014
-0.0997561 -1.62854
-0.104054 -1.62619
-0.108758 -1.62482
-0.113251 -1.62286
-0.117927 -1.6214
-0.122716 -1.62031
-0.127541 -1.61951
-0.132408 -1.61882
-0.137287 -1.61849
-0.142188 -1.6186
-0.150173 -1.61852
-0.158157 -1.61867
-0.166142 -1.61854
-0.174127 -1.61898
-0.182112 -1.61871
-0.190097 -1.61834
-0.198081 -1.61862
-0.20286 -1.61899
-0.207689 -1.61882
-0.212442 -1.61943
-0.217204 -1.62017
-0.221758 -1.62171
-0.226426 -1.62277
-0.230969 -1.62429
-0.235447 -1.62597
-0.239988 -1.62756
-0.244045 -1.63014
-0.248493 -1.63202
-0.25237 -1.63485
-0.256359 -1.63751
-0.260281 -1.64026
-0.266412 -1.64534
-0.272933 -1.64992
-0.27918 -1.65485
-0.285019 -1.66029
-0.291661 -1.66472
-0.29747 -1.6702
-0.304007 -1.67476
-0.310321 -1.6796
-0.316166 -1.68504
-0.322593 -1.68974
-0.328829 -1.69468
-0.335169 -1.69949
-0.341103 -1.70481
-0.347302 -1.7098
-0.353642 -1.71461
-0.360046 -1.71934
-0.366143 -1.72446
-0.372293 -1.72951
-0.378671 -1.73427
-0.384782 -1.73937
-0.391227 -1.74405
-0.397411 -1.74906
-0.40368 -1.75395
-0.410027 -1.75876
-0.416025 -1.764
-0.42248 -1.76866
-0.428495 -1.77388
-0.434539 -1.77907
-0.440847 -1.78392
-0.447005 -1.78896
-0.453192 -1.79396
-0.459494 -1.79882
-0.466083 -1.80332
-0.472146 -1.80848
-0.478438 -1.81335
-0.484724 -1.81823
-0.490817 -1.82335
-0.497037 -1.82831
-0.503383 -1.83311
-0.509395 -1.83834
-0.515557 -1.84337
-0.521783 -1.84832
-0.527987 -1.85331
-0.534573 -1.85781
-0.540914 -1.86262
-0.546984 -1.86777
-0.553384 -1.8725
-0.559448 -1.87766
-0.56555 -1.88277
-0.571948 -1.88751
-0.577916 -1.89279
-0.584234 -1.89762
-0.590484 -1.90255
-0.596696 -1.90752
-0.602995 -1.91238
-0.609294 -1.91725
-0.615548 -1.92216
-0.621676 -1.92724
-0.627699 -1.93245
-0.634242 -1.93701
-0.640547 -1.94186
-0.646567 -1.94707
-0.652899 -1.95189
-0.659048 -1.95695
-0.665085 -1.96214
-0.671627 -1.96669
-0.677727 -1.97181
-0.684247 -1.97639
-0.690023 -1.98191
-0.696296 -1.98681
-0.702947 -1.99123
-0.708869 -1.99656
-0.715274 -2.00129
-0.721158 -2.00668
-0.727835 -2.01106
-0.734071 -2.016
-0.740308 -2.02094
-0.746205 -2.02631
-0.752441 -2.03125
-0.758556 -2.03635
-0.764941 -2.0411
-0.771037 -2.04622
-0.777674 -2.05066
-0.783802 -2.05573
-0.789712 -2.06108
-0.796103 -2.06583
-0.802454 -2.07063
-0.808679 -2.07558
-0.81468 -2.08082
-0.821261 -2.08533
-0.827556 -2.0902
-0.833707 -2.09524
-0.839567 -2.10066
-0.84605 -2.10529
-0.852222 -2.11031
-0.858452 -2.11526
-0.864849 -2.12
-0.870852 -2.12523
-0.877126 -2.13013
-0.883526 -2.13486
-0.889667 -2.13992
-0.895678 -2.14515
-0.901994 -2.14999
-0.908324 -2.15481
-0.9145 -2.15983
-0.921022 -2.16441
-0.926879 -2.16983
-0.933437 -2.17437
-0.939368 -2.17969
-0.94567 -2.18455
-0.951851 -2.18956
-0.958001 -2.19461
-0.964397 -2.19935
-0.966546 -2.20053
-0.971539 -2.20484
-0.976672 -2.20898
-0.978062 -2.21115
-0.984236 -2.21623
-0.987414 -2.21867
-0.990593 -2.22111
-0.993469 -2.22389
-0.996345 -2.22667
-1.0024 -2.2319
-1.00855 -2.237
-1.01141 -2.23981
-1.01426 -2.24262
-1.02037 -2.24778
-1.02646 -2.25296
-1.03231 -2.25841
-1.03821 -2.26381
-1.04426 -2.26903
-1.04738 -2.27154
-1.0505 -2.27404
-1.05642 -2.27941
-1.06244 -2.28468
-1.06559 -2.28714
-1.06875 -2.28961
-1.07165 -2.29237
-1.07454 -2.29513
-1.08065 -2.30029
-1.08354 -2.30305
-1.08643 -2.30582
-1.09258 -2.31094
-1.09569 -2.31345
-1.0988 -2.31597
-1.10469 -2.32138
-1.11052 -2.32685
-1.11658 -2.33206
-1.12274 -2.33716
-1.12866 -2.34254
-1.13156 -2.3453
-1.13445 -2.34806
-1.14043 -2.35336
-1.14654 -2.35852
-1.15243 -2.36393
-1.15554 -2.36645
-1.15865 -2.36896
-1.16462 -2.37427
-1.16775 -2.37677
-1.17088 -2.37927
-1.17374 -2.38207
-1.1766 -2.38486
-1.17971 -2.38738
-1.18282 -2.3899
-1.18895 -2.39503
-1.19491 -2.40037
-1.20097 -2.40557
-1.20381 -2.40839
-1.20666 -2.41122
-1.20978 -2.41371
-1.21291 -2.41621
-1.21902 -2.42137
-1.2219 -2.42415
-1.22477 -2.42693
-1.23067 -2.43234
-1.23683 -2.43743
-1.24265 -2.44292
-1.2487 -2.44815
-1.25182 -2.45065
-1.25495 -2.45315
-1.26084 -2.45856
-1.26693 -2.46373
-1.26982 -2.4665
-1.27271 -2.46927
-1.27887 -2.47437
-1.28502 -2.47948
-1.28784 -2.48233
-1.29066 -2.48517
-1.29379 -2.48767
-1.29692 -2.49016
-1.30277 -2.49561
-1.30593 -2.49807
-1.30908 -2.50054
-1.31508 -2.50582
-1.32114 -2.51103
-1.32397 -2.51388
-1.32679 -2.51672
-1.32997 -2.51915
-1.33316 -2.52158
-1.33596 -2.52445
-1.33876 -2.52732
-1.34198 -2.52971
-1.3452 -2.5321
-1.35112 -2.53748
-1.35716 -2.54271
-1.36315 -2.54801
-1.36898 -2.55348
-1.37517 -2.55855
-1.38122 -2.56377
-1.38719 -2.5691
-1.39325 -2.5743
-1.39932 -2.57951
-1.40215 -2.58234
-1.40499 -2.58517
-1.40818 -2.58759
-1.41138 -2.59001
-1.41426 -2.59278
-1.41715 -2.59555
-1.4231 -2.60089
-1.42928 -2.60597
-1.43521 -2.61133
-1.44104 -2.61681
-1.44414 -2.61933
-1.44725 -2.62185
-1.45316 -2.62724
-1.45922 -2.63245
-1.46236 -2.63493
-1.46549 -2.63742
-1.46827 -2.64031
-1.47105 -2.64321
-1.47706 -2.64849
-1.48315 -2.65366
-1.48931 -2.65876
-1.49545 -2.66388
-1.5014 -2.66922
-1.50428 -2.672
-1.50716 -2.67478
-1.51329 -2.67992
-1.51938 -2.68509
-1.52524 -2.69054
-1.53132 -2.69572
-1.53731 -2.70102
-1.54336 -2.70625
-1.54927 -2.71164
-1.55519 -2.71701
-1.56135 -2.72211
-1.56745 -2.72728
-1.57333 -2.73269
-1.57646 -2.73519
-1.57959 -2.73768
-1.58549 -2.74308
-1.5916 -2.74824
-1.59743 -2.75371
-1.60055 -2.75622
-1.60366 -2.75873
-1.60967 -2.76401
-1.61255 -2.76678
-1.61543 -2.76956
-1.62146 -2.77481
-1.6246 -2.77729
-1.62775 -2.77977
-1.63063 -2.78255
-1.63351 -2.78533
-1.63939 -2.79074
-1.6455 -2.7959
-1.64866 -2.79835
-1.65183 -2.80081
-1.65776 -2.80616
-1.66372 -2.81149
-1.66966 -2.81684
-1.67569 -2.82209
-1.68188 -2.82716
-1.68473 -2.82997
-1.68759 -2.83278
-1.69374 -2.83789
-1.69969 -2.84323
-1.70588 -2.84829
-1.71198 -2.85346
-1.71485 -2.85625
-1.71772 -2.85904
-1.72061 -2.86181
-1.72349 -2.86458
-1.72959 -2.86975
-1.73561 -2.87502
-1.74155 -2.88037
-1.74758 -2.88562
-1.75075 -2.88806
-1.75392 -2.8905
-1.75991 -2.8958
-1.76579 -2.90122
-1.7689 -2.90374
-1.77201 -2.90626
-1.77486 -2.90906
-1.77772 -2.91187
-1.78086 -2.91435
-1.784 -2.91683
-1.78989 -2.92224
-1.79602 -2.92737
-1.80191 -2.93278
-1.80778 -2.93822
-1.81377 -2.9435
-1.81992 -2.94862
-1.82583 -2.954
-1.82899 -2.95647
-1.83214 -2.95893
-1.83802 -2.96435
-1.84092 -2.96711
-1.84382 -2.96987
-1.84695 -2.97236
-1.85008 -2.97485
-1.85605 -2.98016
-1.86211 -2.98538
-1.86826 -2.9905
-1.87421 -2.99583
-1.88006 -3.00129
-1.88604 -3.00659
-1.89199 -3.01193
-1.89796 -3.01725
-1.904 -3.02249
-1.90986 -3.02793
-1.91308 -3.03031
-1.91631 -3.0327
-1.91911 -3.03556
-1.92192 -3.03842
-1.92506 -3.04091
-1.9282 -3.04339
-1.9341 -3.04879
-1.94015 -3.05401
-1.94603 -3.05943
-1.95215 -3.06457
-1.95828 -3.06971
-1.96417 -3.07512
-1.96733 -3.07758
-1.97048 -3.08005
-1.97334 -3.08285
-1.9762 -3.08565
-1.98227 -3.09086
-1.98845 -3.09593
-1.99426 -3.10143
-2.00022 -3.10676
-2.00631 -3.11194
-2.01241 -3.11711
-2.01527 -3.11991
-2.01812 -3.12272
-2.02429 -3.12781
-2.0303 -3.13308
-2.03341 -3.13559
-2.03652 -3.13811
-2.03936 -3.14093
-2.0422 -3.14376
-2.04831 -3.14892
-2.0544 -3.1541
-2.06036 -3.15942
-2.06626 -3.16482
-2.06937 -3.16734
-2.07248 -3.16986
-2.07869 -3.1749
-2.08156 -3.17769
-2.08444 -3.18047
-2.08756 -3.18297
-2.09068 -3.18547
-2.09656 -3.1909
-2.10265 -3.19608
-2.10544 -3.19895
-2.10824 -3.20183
-2.11136 -3.20433
-2.11448 -3.20683
-2.12051 -3.21209
-2.12643 -3.21745
-2.13241 -3.22276
-2.13555 -3.22525
-2.13868 -3.22773
-2.14478 -3.2329
-2.15071 -3.23827
-2.15358 -3.24106
-2.15645 -3.24385
-2.16233 -3.24927
-2.16545 -3.25177
-2.16857 -3.25428
-2.17478 -3.25933
-2.18065 -3.26475
-2.18674 -3.26993
-2.19286 -3.27508
-2.19572 -3.27788
-2.19857 -3.28069
-2.20451 -3.28604
-2.20772 -3.28845
-2.21092 -3.29086
-2.21382 -3.29362
-2.21671 -3.29638
-2.22286 -3.30149
-2.22889 -3.30674
-2.23179 -3.3095
-2.23468 -3.31226
-2.24055 -3.3177
-2.24663 -3.32289
-2.25276 -3.32802
-2.25889 -3.33315
-2.26174 -3.33597
-2.26458 -3.33879
-2.26775 -3.34124
-2.27091 -3.34369
-2.27374 -3.34653
-2.27657 -3.34936
-2.28276 -3.35444
-2.28893 -3.35952
-2.29179 -3.36232
-2.29464 -3.36513
-2.29781 -3.36758
-2.30097 -3.37004
-2.30699 -3.3753
-2.31304 -3.38053
-2.31594 -3.38329
-2.31883 -3.38605
-2.32195 -3.38856
-2.32506 -3.39107
-2.33091 -3.39653
-2.3338 -3.3993
-2.33668 -3.40207
-2.3398 -3.40458
-2.34291 -3.40709
-2.34581 -3.40985
-2.3487 -3.41261
-2.35484 -3.41773
-2.36096 -3.42288
-2.36687 -3.42827
-2.37281 -3.43362
-2.37599 -3.43605
-2.37917 -3.43849
-2.38201 -3.44132
-2.38484 -3.44415
-2.39101 -3.44924
-2.39689 -3.45466
-2.40281 -3.46003
-2.40597 -3.46249
-2.40913 -3.46495
-2.41501 -3.47037
-2.41817 -3.47283
-2.42132 -3.4753
-2.42422 -3.47806
-2.42711 -3.48082
-2.43304 -3.48618
-2.43913 -3.49137
-2.44501 -3.49679
-2.45091 -3.50218
-2.45412 -3.50458
-2.45733 -3.50698
-2.46318 -3.51244
-2.46904 -3.51788
-2.47509 -3.5231
-2.48117 -3.5283
-2.48431 -3.53078
-2.48744 -3.53327
-2.49346 -3.53854
-2.49633 -3.54132
-2.49921 -3.5441
-2.50529 -3.54929
-2.51127 -3.5546
-2.51746 -3.55967
-2.52331 -3.56512
-2.5293 -3.57041
-2.53512 -3.5759
-2.54123 -3.58106
-2.54744 -3.58611
-2.55033 -3.58887
-2.55322 -3.59163
-2.55931 -3.59681
-2.56518 -3.60225
-2.56836 -3.60468
-2.57154 -3.60711
-2.57763 -3.61229
-2.58359 -3.61762
-2.58957 -3.62293
-2.59238 -3.62579
-2.59519 -3.62865
-2.59833 -3.63113
-2.60147 -3.63361
-2.60437 -3.63637
-2.60727 -3.63912
-2.61039 -3.64163
-2.6135 -3.64414
-2.61964 -3.64926
-2.62572 -3.65446
-2.62849 -3.65736
-2.63125 -3.66027
-2.63725 -3.66556
-2.64044 -3.66798
-2.64364 -3.6704
-2.64958 -3.67574
-2.65576 -3.68082
-2.65855 -3.68371
-2.66133 -3.68659
-2.66454 -3.689
-2.66774 -3.69141
-2.67379 -3.69664
-2.67666 -3.69942
-2.67954 -3.7022
-2.68561 -3.70741
-2.69148 -3.71284
-2.69462 -3.71532
-2.69776 -3.71781
-2.70381 -3.72303
-2.70983 -3.72829
-2.71585 -3.73355
-2.72169 -3.73901
-2.72459 -3.74177
-2.72749 -3.74453
-2.73365 -3.74962
-2.73971 -3.75484
-2.74282 -3.75736
-2.74593 -3.75987
-2.7487 -3.76277
-2.75147 -3.76568
-2.75471 -3.76805
-2.75794 -3.77042
-2.76379 -3.77588
-2.76666 -3.77867
-2.76953 -3.78146
-2.77277 -3.78383
-2.77601 -3.78619
-2.77887 -3.78899
-2.78174 -3.79179
-2.78774 -3.79707
-2.79366 -3.80245
-2.79677 -3.80496
-2.79988 -3.80748
-2.80602 -3.8126
-2.80886 -3.81542
-2.81171 -3.81824
-2.81776 -3.82346
-2.82362 -3.82891
-2.82681 -3.83132
-2.83001 -3.83374
-2.83591 -3.83914
-2.84174 -3.84461
-2.84495 -3.84701
-2.84817 -3.84941
-2.85105 -3.85218
-2.85394 -3.85495
-2.86008 -3.86007
-2.86595 -3.8655
-2.87214 -3.87057
-2.87497 -3.8734
-2.87781 -3.87623
-2.88394 -3.88136
-2.8871 -3.88383
-2.89025 -3.88629
-2.8931 -3.88911
-2.89595 -3.89192
-2.89911 -3.89438
-2.90227 -3.89683
-2.90811 -3.9023
-2.91397 -3.90775
-2.92014 -3.91283
-2.92619 -3.91806
-2.93226 -3.92326
-2.93812 -3.9287
-2.94412 -3.93399
-2.95007 -3.93932
-2.95319 -3.94183
-2.95631 -3.94433
-2.96223 -3.94971
-2.96511 -3.95249
-2.96798 -3.95528
-2.97109 -3.95779
-2.9742 -3.96031
-2.98005 -3.96576
-2.98611 -3.97097
-2.98924 -3.97347
-2.99236 -3.97598
-2.99517 -3.97883
-2.99798 -3.98169
-3.0012 -3.98408
-3.00441 -3.98648
-3.01027 -3.99192
-3.01636 -3.9971
-3.02222 -4.00255
-3.02836 -4.00767
-3.03122 -4.01047
-3.03408 -4.01328
-3.03728 -4.01569
-3.04048 -4.0181
-3.0433 -4.02095
-3.04612 -4.0238
-3.0523 -4.02887
-3.05827 -4.03419
-3.06139 -4.03669
-3.06452 -4.03919
-3.0673 -4.04208
-3.07008 -4.04497
-3.07627 -4.05004
-3.08242 -4.05515
-3.08836 -4.0605
-3.09148 -4.063
-3.0946 -4.0655
-3.10063 -4.07076
-3.10352 -4.07352
-3.10642 -4.07628
-3.11252 -4.08145
-3.11853 -4.08672
-3.12445 -4.09209
-3.13062 -4.09718
-3.13347 -4.1
-3.13631 -4.10282
-3.13944 -4.10531
-3.14258 -4.1078
-3.14875 -4.11289
-3.15162 -4.11568
-3.15449 -4.11847
-3.16058 -4.12364
-3.16662 -4.12888
-3.17265 -4.13412
-3.17866 -4.1394
-3.18461 -4.14473
-3.19062 -4.15001
-3.19657 -4.15535
-3.20274 -4.16043
-3.2087 -4.16577
-3.21454 -4.17124
-3.22056 -4.1765
-3.22371 -4.17897
-3.22686 -4.18144
-3.23287 -4.1867
-3.23871 -4.19217
-3.24459 -4.19759
-3.25069 -4.20276
-3.2566 -4.20814
-3.26268 -4.21333
-3.26872 -4.21858
-3.27465 -4.22394
-3.27777 -4.22644
-3.28089 -4.22894
-3.28701 -4.23409
-3.28981 -4.23696
-3.29261 -4.23983
-3.29581 -4.24225
-3.29901 -4.24466
-3.30493 -4.25003
-3.31084 -4.25541
-3.31696 -4.26056
-3.32304 -4.26575
-3.32907 -4.271
-3.33509 -4.27626
-3.34093 -4.28172
-3.34677 -4.2872
-3.34994 -4.28963
-3.35312 -4.29207
-3.35601 -4.29484
-3.3589 -4.29761
-3.36478 -4.30303
-3.37085 -4.30823
-3.37673 -4.31365
-3.37996 -4.31603
-3.38319 -4.31841
-3.38602 -4.32125
-3.38884 -4.32409
-3.39201 -4.32654
-3.39518 -4.32898
-3.39802 -4.33181
-3.40085 -4.33464
-3.40397 -4.33715
-3.40708 -4.33966
-3.41296 -4.34508
-3.41881 -4.35054
-3.42481 -4.35582
-3.42793 -4.35833
-3.43104 -4.36084
-3.43724 -4.36589
-3.44006 -4.36875
-3.44287 -4.3716
-3.44885 -4.37691
-3.45199 -4.37939
-3.45513 -4.38188
-3.46105 -4.38724
-3.46419 -4.38972
-3.46733 -4.3922
-3.47018 -4.39502
-3.47303 -4.39783
-3.47921 -4.40291
-3.48211 -4.40566
-3.48502 -4.40841
-3.49094 -4.41378
-3.4971 -4.41889
-3.50319 -4.42407
-3.50607 -4.42684
-3.50896 -4.42961
-3.51208 -4.43211
-3.5152 -4.43462
-3.51807 -4.4374
-3.52095 -4.44019
-3.52705 -4.44536
-3.533 -4.45069
-3.53623 -4.45308
-3.53945 -4.45546
-3.54551 -4.46068
-3.54834 -4.46351
-3.55117 -4.46634
-3.55733 -4.47145
-3.56345 -4.4766
-3.56947 -4.48185
-3.57536 -4.48727
-3.58119 -4.49275
-3.58432 -4.49524
-3.58745 -4.49773
-3.59357 -4.50287
-3.59646 -4.50564
-3.59935 -4.50841
-3.60249 -4.51089
-3.60562 -4.51338
-3.60846 -4.5162
-3.6113 -4.51902
-3.61735 -4.52426
-3.62344 -4.52943
-3.62926 -4.53493
-3.63526 -4.54021
-3.63846 -4.54262
-3.64165 -4.54504
-3.6445 -4.54786
-3.64735 -4.55067
-3.6534 -4.5559
-3.65923 -4.56137
-3.66243 -4.56379
-3.66563 -4.5662
-3.67156 -4.57156
-3.67757 -4.57683
-3.68356 -4.58212
-3.68642 -4.58493
-3.68927 -4.58774
-3.69252 -4.59009
-3.69577 -4.59245
-3.69859 -4.5953
-3.7014 -4.59815
-3.70757 -4.60325
-3.71046 -4.60602
-3.71334 -4.60878
-3.71951 -4.61388
-3.72544 -4.61925
-3.72861 -4.62169
-3.73178 -4.62413
-3.73779 -4.62941
-3.74361 -4.63489
-3.74673 -4.63741
-3.74984 -4.63992
-3.75586 -4.64518
-3.76192 -4.6504
-3.76475 -4.65322
-3.76759 -4.65605
-3.77345 -4.66149
-3.77947 -4.66676
-3.78564 -4.67184
-3.79157 -4.6772
-3.79774 -4.68229
-3.80384 -4.68747
-3.8067 -4.69026
-3.80956 -4.69306
-3.81279 -4.69544
-3.81602 -4.69782
-3.81888 -4.70062
-3.82174 -4.70342
-3.82761 -4.70886
-3.83356 -4.71419
-3.83677 -4.7166
-3.83997 -4.71901
-3.84288 -4.72176
-3.84578 -4.72451
-3.85193 -4.72962
-3.8578 -4.73505
-3.86135 -4.73809
-3.86449 -4.74155
-3.86736 -4.74524
-3.87071 -4.74853
-3.87325 -4.75245
-3.87578 -4.75634
-3.8782 -4.76034
-3.88057 -4.76435
-3.8833 -4.76852
-3.88511 -4.77283
-3.88725 -4.77701
-3.88876 -4.78143
-3.89019 -4.78589
-3.89143 -4.7904
-3.89211 -4.79502
-3.89322 -4.79958
-3.89349 -4.80424
-3.89416 -4.80888
-3.89446 -4.81355
-3.89438 -4.8214
-3.89437 -4.82925
-3.89448 -4.8371
-3.89456 -4.84495
-3.89495 -4.8528
-3.89444 -4.86065
-3.89465 -4.8685
-3.89451 -4.87636
-3.8953 -4.8842
-3.89534 -4.89205
-3.895 -4.8999
-3.89524 -4.90775
-3.89561 -4.9156
-3.89519 -4.92345
-3.89571 -4.9313
-3.89536 -4.93915
-3.89595 -4.947
-3.89573 -4.95485
-3.89602 -4.9627
-3.8962 -4.97055
-3.89552 -4.97841
-3.89578 -4.98626
-3.89601 -4.9941
-3.89608 -5.00196
-3.8959 -5.00981
-3.89623 -5.01766
-3.89672 -5.0255
-3.89637 -5.03336
-3.89656 -5.04121
-3.89638 -5.04906
-3.89692 -5.0569
-3.89696 -5.06475
-3.89687 -5.07261
-3.89701 -5.08046
-3.89694 -5.08476
-3.8967 -5.08907
-3.89582 -5.0933
-3.89534 -5.09755
-3.89514 -5.10191
-3.89374 -5.106
-3.89256 -5.11014
-3.89175 -5.11442
-3.88949 -5.11816
-3.88835 -5.12234
-3.88668 -5.12513
-3.88525 -5.12915
-3.88282 -5.13263
-3.88075 -5.13632
-3.87892 -5.14018
-3.87615 -5.14339
-3.87367 -5.14681
-3.87099 -5.15008
-3.86838 -5.15344
-3.86504 -5.15607
-3.86231 -5.15935
-3.85646 -5.16472
-3.85003 -5.16946
-3.84416 -5.17481
-3.83856 -5.18046
-3.83262 -5.18574
-3.82626 -5.19054
-3.82053 -5.19605
-3.81458 -5.20132
-3.80866 -5.20662
-3.80267 -5.21183
-3.79711 -5.21754
-3.79113 -5.22277
-3.78495 -5.22778
-3.77901 -5.23305
-3.7729 -5.23813
-3.76704 -5.2435
-3.76129 -5.24899
-3.75554 -5.25449
-3.74955 -5.2597
-3.74324 -5.26456
-3.73772 -5.27031
-3.73142 -5.27518
-3.72557 -5.28055
-3.71985 -5.28608
-3.71363 -5.29104
-3.70769 -5.29632
-3.70198 -5.30185
-3.69595 -5.30702
-3.68991 -5.31218
-3.68432 -5.31785
-3.67833 -5.32308
-3.67201 -5.32793
-3.66636 -5.33353
-3.6602 -5.33855
-3.65427 -5.34385
-3.64854 -5.34935
-3.6428 -5.35485
-3.63685 -5.36012
-3.63085 -5.36533
-3.62488 -5.37057
-3.61864 -5.37551
-3.61272 -5.3808
-3.60671 -5.386
-3.60114 -5.39169
-3.59483 -5.39655
-3.5889 -5.40184
-3.5834 -5.40761
-3.5771 -5.41248
-3.57154 -5.41819
-3.56538 -5.42321
-3.55956 -5.42862
-3.55367 -5.43395
-3.54753 -5.43901
-3.54172 -5.44443
-3.53578 -5.44971
-3.52997 -5.45513
-3.52401 -5.46038
-3.51821 -5.46581
-3.51198 -5.47076
-3.5062 -5.47622
-3.49996 -5.48115
-3.49408 -5.4865
-3.48827 -5.49193
-3.48209 -5.49693
-3.47625 -5.50231
-3.4703 -5.50758
-3.46445 -5.51296
-3.45877 -5.51853
-3.45261 -5.52355
-3.44684 -5.52903
-3.44082 -5.5342
-3.43464 -5.53921
-3.4287 -5.54448
-3.42318 -5.55024
-3.41694 -5.55518
-3.41107 -5.56053
-3.40516 -5.56584
-3.39901 -5.57087
-3.39318 -5.57627
-3.38761 -5.58196
-3.38153 -5.58709
-3.37539 -5.59214
-3.36944 -5.5974
-3.36352 -5.6027
-3.35768 -5.60809
-3.35182 -5.61346
-3.34589 -5.61874
-3.34009 -5.62417
-3.33408 -5.62937
-3.32792 -5.6344
-3.32208 -5.63979
-3.31617 -5.6451
-3.31044 -5.65061
-3.30427 -5.65563
-3.29841 -5.66099
-3.29267 -5.66649
-3.28644 -5.67144
-3.28066 -5.6769
-3.2747 -5.68215
-3.26894 -5.68763
-3.26261 -5.69246
-3.25694 -5.69804
-3.25082 -5.70312
-3.24495 -5.70847
-3.23929 -5.71406
-3.23318 -5.71914
-3.2274 -5.7246
-3.22143 -5.72985
-3.21541 -5.73504
-3.20933 -5.74015
-3.20358 -5.74564
-3.19748 -5.75074
-3.19137 -5.75582
-3.18581 -5.76152
-3.17976 -5.76667
-3.17353 -5.77163
-3.16766 -5.77696
-3.16473 -5.77972
-3.16165 -5.78231
-3.15845 -5.78474
-3.15509 -5.78696
-3.15159 -5.78892
-3.14814 -5.79098
-3.14462 -5.79294
-3.14076 -5.79414
-3.13361 -5.79768
-3.12621 -5.80063
-3.11884 -5.80365
-3.11143 -5.80659
-3.10414 -5.8098
-3.09702 -5.81341
-3.08948 -5.81603
-3.0824 -5.81974
-3.07496 -5.82259
-3.06765 -5.82576
-3.06026 -5.82874
-3.05305 -5.83214
-3.04566 -5.83512
-3.03842 -5.83844
-3.03124 -5.8419
-3.02367 -5.84445
-3.01632 -5.84753
-3.00906 -5.85081
-3.00196 -5.85447
-2.99815 -5.85569
-2.99435 -5.85692
-2.98704 -5.8601
-2.97987 -5.86357
-2.97267 -5.86699
-2.96535 -5.87014
-2.95786 -5.87289
-2.95044 -5.87579
-2.9433 -5.87936
-2.93608 -5.88271
-2.92866 -5.88563
-2.92145 -5.88903
-2.91414 -5.89219
-2.90684 -5.89537
-2.89924 -5.89787
-2.89212 -5.90147
-2.88486 -5.90475
-2.87744 -5.90764
-2.86995 -5.9104
-2.86271 -5.91373
-2.85533 -5.91671
-2.84825 -5.92043
-2.84074 -5.92311
-2.83367 -5.92685
-2.82614 -5.9295
-2.81877 -5.93253
-2.81168 -5.9362
-2.80439 -5.9394
-2.7969 -5.94215
-2.78971 -5.94559
-2.78238 -5.9487
-2.77499 -5.95169
-2.76773 -5.95497
-2.76026 -5.95776
-2.7529 -5.9608
-2.74571 -5.96424
-2.73828 -5.96714
-2.73114 -5.97068
-2.72372 -5.9736
-2.71642 -5.97679
-2.70907 -5.97984
-2.70174 -5.98297
-2.69434 -5.98591
-2.68715 -5.98937
-2.67986 -5.99257
-2.67238 -5.99534
-2.66888 -5.99728
-2.66537 -5.99921
-2.6579 -6.00199
-2.65048 -6.00489
-2.64342 -6.00865
-2.63608 -6.01174
-2.62853 -6.01435
-2.62121 -6.01749
-2.61401 -6.0209
-2.60668 -6.02401
-2.5993 -6.02701
-2.59191 -6.02999
-2.58478 -6.03358
-2.57729 -6.03633
-2.57024 -6.04009
-2.56278 -6.0429
-2.55542 -6.04594
-2.54808 -6.04905
-2.5409 -6.0525
-2.53359 -6.05567
-2.5261 -6.05841
-2.51874 -6.06146
-2.51142 -6.06459
-2.50422 -6.06802
-2.49681 -6.07095
-2.48957 -6.07427
-2.48241 -6.07778
-2.47505 -6.08085
-2.46764 -6.08376
-2.46044 -6.08719
-2.45307 -6.09021
-2.44578 -6.09343
-2.43834 -6.09627
-2.43103 -6.09942
-2.42619 -6.10092
-2.42151 -6.10273
-2.41668 -6.10425
-2.41177 -6.10534
-2.40676 -6.10601
-2.40183 -6.10747
-2.39679 -6.10779
-2.39172 -6.10796
-2.38372 -6.10784
-2.37573 -6.10797
-2.37173 -6.10783
-2.36773 -6.10768
-2.35973 -6.10756
-2.35573 -6.10773
-2.35173 -6.1079
-2.34373 -6.10799
-2.33973 -6.10779
-2.33573 -6.10759
-2.33174 -6.10782
-2.32774 -6.10806
-2.32374 -6.10783
-2.31974 -6.10761
-2.31174 -6.10751
-2.30774 -6.10762
-2.30374 -6.10774
-2.29974 -6.10766
-2.29574 -6.10758
-2.29174 -6.10789
-2.28775 -6.1082
-2.28375 -6.10801
-2.27975 -6.10783
-2.27175 -6.10789
-2.26775 -6.10803
-2.26375 -6.10817
-2.25975 -6.10789
-2.25575 -6.1076
-2.25175 -6.10783
-2.24775 -6.10805
-2.24375 -6.10779
-2.23975 -6.10753
-2.23576 -6.10783
-2.23176 -6.10814
-2.22376 -6.10817
-2.21976 -6.10799
-2.21576 -6.10781
-2.20776 -6.10792
-2.20376 -6.10813
-2.19976 -6.10835
-2.19577 -6.10815
-2.19177 -6.10796
-2.18377 -6.10805
-2.17977 -6.10791
-2.17577 -6.10778
-2.16777 -6.10777
-2.16377 -6.10793
-2.15977 -6.10809
-2.15177 -6.10804
-2.14378 -6.10803
-2.13578 -6.108
-2.13178 -6.10813
-2.12778 -6.10826
-2.11978 -6.10823
-2.11178 -6.1084
-2.10778 -6.10816
-2.10378 -6.10792
-2.09979 -6.1081
-2.09579 -6.10829
-2.08779 -6.10841
-2.07979 -6.10844
-2.07179 -6.1085
-2.06779 -6.10821
-2.06379 -6.10793
-2.05979 -6.10821
-2.0558 -6.1085
-2.0518 -6.10821
-2.0478 -6.10792
-2.0438 -6.10802
-2.0398 -6.10812
-2.0318 -6.10826
-2.0278 -6.10805
-2.0238 -6.10783
-2.0198 -6.10805
-2.0158 -6.10826
-2.00781 -6.10825
-1.99981 -6.10839
-1.99581 -6.10849
-1.99181 -6.10858
-1.98781 -6.10849
-1.98381 -6.1084
-1.97981 -6.10828
-1.97581 -6.10816
-1.97181 -6.10827
-1.96781 -6.10838
-1.96382 -6.10816
-1.95982 -6.10795
-1.95582 -6.10805
-1.95182 -6.10815
-1.94782 -6.10829
-1.94382 -6.10842
-1.93982 -6.10828
-1.93582 -6.10814
-1.93182 -6.10827
-1.92782 -6.10841
-1.92382 -6.10851
-1.91983 -6.10861
-1.91583 -6.10841
-1.91183 -6.10821
-1.90783 -6.10846
-1.90383 -6.1087
-1.89983 -6.10845
-1.89583 -6.1082
-1.88783 -6.10835
-1.88383 -6.10856
-1.87983 -6.10876
-1.87184 -6.10863
-1.86384 -6.1087
-1.85984 -6.1086
-1.85584 -6.1085
-1.84784 -6.10855
-1.83984 -6.10853
-1.83584 -6.10868
-1.83185 -6.10883
-1.82785 -6.10865
-1.82385 -6.10847
-1.81985 -6.10837
-1.81585 -6.10826
-1.80785 -6.10817
-1.80385 -6.10832
-1.79985 -6.10846
-1.79585 -6.10836
-1.79185 -6.10825
-1.78385 -6.10823
-1.77586 -6.10836
-1.77186 -6.10855
-1.76786 -6.10874
-1.76386 -6.10857
-1.75986 -6.10841
-1.75586 -6.10872
-1.75186 -6.10903
-1.74386 -6.10889
-1.73987 -6.1087
-1.73587 -6.10852
-1.72787 -6.10867
-1.71987 -6.10852
-1.71187 -6.10859
-1.70387 -6.10845
-1.69587 -6.10845
-1.68788 -6.10849
-1.67988 -6.10847
-1.67588 -6.10857
-1.67188 -6.10867
-1.66788 -6.10857
-1.66388 -6.10846
-1.65988 -6.10874
-1.65588 -6.10902
-1.64789 -6.10914
-1.63989 -6.10917
-1.63589 -6.10894
-1.63189 -6.10872
-1.62789 -6.10896
-1.62389 -6.10921
-1.61589 -6.10914
-1.61189 -6.10888
-1.60789 -6.10862
-1.60389 -6.10875
-1.5999 -6.10887
-1.5959 -6.109
-1.5919 -6.10912
-1.5839 -6.10918
-1.5759 -6.10907
-1.5679 -6.10912
-1.5639 -6.10888
-1.5599 -6.10864
-1.55191 -6.10859
-1.54791 -6.10879
-1.54391 -6.10899
-1.53991 -6.10915
-1.53591 -6.1093
-1.52791 -6.10919
-1.52391 -6.10891
-1.51991 -6.10863
-1.51591 -6.10894
-1.51192 -6.10926
-1.50392 -6.10935
-1.49992 -6.10918
-1.49592 -6.10901
-1.49192 -6.109
-1.49192 -6.10898
-1.49222 -6.10823
-1.4915 -6.10752
-1.49202 -6.10671
-1.49188 -6.10596
-1.49123 -6.10534
-1.49138 -6.10451
-1.49075 -6.10394
-1.4902 -6.10339
-1.49014 -6.10259
-1.4899 -6.10185
-1.48942 -6.10126
-1.48858 -6.10098
-1.48853 -6.10001
-1.48778 -6.09969
-1.48719 -6.09922
-1.48314 -6.09642
-1.4791 -6.09361
-1.47857 -6.09309
-1.47798 -6.09265
-1.47737 -6.09223
-1.47662 -6.09209
-1.47607 -6.09148
-1.47526 -6.09157
-1.47462 -6.09112
-1.4686 -6.08971
-1.46258 -6.08831
-1.45657 -6.0869
-1.45055 -6.08549
-1.44979 -6.08558
-1.44433 -6.08449
-1.43888 -6.08341
-1.43342 -6.08232
-1.43268 -6.08241
-1.43195 -6.08257
-1.43125 -6.08246
-1.43055 -6.08255
-1.42984 -6.08247
-1.42909 -6.08222
-1.42844 -6.08271
-1.4276 -6.08231
-1.42693 -6.08265
-1.42632 -6.08311
-1.42116 -6.08548
-1.416 -6.08786
-1.41084 -6.09024
-1.41013 -6.09035
-1.40494 -6.0929
-1.39976 -6.09544
-1.39457 -6.09799
-1.39413 -6.09877
-1.39323 -6.09871
-1.39277 -6.09937
-1.39232 -6.10001
-1.39178 -6.1005
-1.39099 -6.10075
-1.39063 -6.10144
-1.39019 -6.10205
-1.38986 -6.10272
-1.38916 -6.10317
-1.38919 -6.10404
-1.38903 -6.10477
-1.38864 -6.1054
-1.38793 -6.10597
-1.38791 -6.10676
-1.38807 -6.10755
-1.388 -6.1083
-1.38762 -6.10904
-1.38795 -6.10939
-1.38394 -6.1094
-1.37994 -6.10949
-1.37595 -6.10959
-1.37195 -6.1094
-1.36795 -6.10921
-1.35995 -6.10912
-1.35595 -6.10902
-1.35195 -6.10892
-1.34795 -6.10901
-1.34395 -6.1091
-1.33995 -6.10929
-1.33595 -6.10947
-1.32796 -6.10951
-1.32396 -6.10942
-1.31996 -6.10932
-1.31596 -6.10922
-1.31196 -6.10913
-1.30396 -6.10912
-1.29996 -6.10933
-1.29596 -6.10954
-1.28796 -6.10941
-1.28397 -6.10957
-1.27997 -6.10973
-1.27197 -6.10978
-1.26397 -6.10963
-1.25997 -6.10947
-1.25597 -6.1093
-1.24797 -6.10915
-1.23997 -6.10912
-1.23598 -6.10931
-1.23198 -6.10951
-1.22798 -6.10937
-1.22398 -6.10923
-1.21598 -6.10924
-1.20798 -6.10931
-1.19998 -6.10931
-1.19598 -6.10961
-1.19199 -6.1099
-1.18799 -6.10979
-1.18399 -6.10967
-1.17599 -6.10971
-1.17199 -6.10981
-1.16799 -6.1099
-1.16399 -6.10978
-1.15999 -6.10966
-1.15599 -6.10945
-1.15199 -6.10924
-1.144 -6.1093
-1.14 -6.10944
-1.136 -6.10959
-1.128 -6.10957
-1.12 -6.10974
-1.112 -6.10968
-1.108 -6.10978
-1.10401 -6.10988
-1.09601 -6.11003
-1.09201 -6.10986
-1.08801 -6.10969
-1.08401 -6.10956
-1.08001 -6.10942
-1.07201 -6.10936
-1.06801 -6.10957
-1.06401 -6.10977
-1.06001 -6.10991
-1.05602 -6.11004
-1.04802 -6.10997
-1.04402 -6.10975
-1.04002 -6.10953
-1.03602 -6.10976
-1.03202 -6.10999
-1.02802 -6.10989
-1.02402 -6.10979
-1.01602 -6.10982
-1.01203 -6.10992
-1.00803 -6.11002
-1.00403 -6.10982
-1.00003 -6.10961
-0.992029 -6.10979
-0.98803 -6.10999
-0.984032 -6.11019
-0.980032 -6.11004
-0.976033 -6.10988
-0.972034 -6.11005
-0.968035 -6.11021
-0.960037 -6.11012
-0.952039 -6.11027
-0.948039 -6.10999
-0.94404 -6.1097
-0.936041 -6.10964
-0.928043 -6.10978
-0.924044 -6.10991
-0.920045 -6.11004
-0.916046 -6.1099
-0.912047 -6.10976
-0.908048 -6.11
-0.904049 -6.11023
-0.900046 -6.10998
-0.899971 -6.10929
-0.899977 -6.10854
-0.89986 -6.1078
-0.899774 -6.10705
-0.899833 -6.10625
-0.899183 -6.10566
-0.898663 -6.10507
-0.898304 -6.10443
-0.898378 -6.10354
-0.897495 -6.10322
-0.897608 -6.10221
-0.896733 -6.10195
-0.896044 -6.1016
-0.895586 -6.10102
-0.895261 -6.10025
-0.894429 -6.10012
-0.894068 -6.09929
-0.893397 -6.09892
-0.889404 -6.09737
-0.885412 -6.09582
-0.885135 -6.09491
-0.884503 -6.09473
-0.877908 -6.09237
-0.871312 -6.09002
-0.864717 -6.08766
-0.858121 -6.08531
-0.851526 -6.08296
-0.850971 -6.08227
-0.850146 -6.08242
-0.849481 -6.08192
-0.848696 -6.08204
-0.847961 -6.08168
-0.84719 -6.08193
-0.846436 -6.08201
-0.845706 -6.08226
-0.844952 -6.0823
-0.844179 -6.08232
-0.843545 -6.08284
-0.842813 -6.08302
-0.836295 -6.08573
-0.829776 -6.08845
-0.823258 -6.09116
-0.81674 -6.09388
-0.810221 -6.09659
-0.803703 -6.09931
-0.802863 -6.09923
-0.802439 -6.10008
-0.801743 -6.10034
-0.800981 -6.10052
-0.800612 -6.10128
-0.800159 -6.10187
-0.799364 -6.10209
-0.798862 -6.10264
-0.798708 -6.10347
-0.79797 -6.10383
-0.797549 -6.10445
-0.797214 -6.10512
-0.797205 -6.10593
-0.796849 -6.10657
-0.7964 -6.1072
-0.796296 -6.10795
-0.79653 -6.10874
-0.796171 -6.10942
-0.796247 -6.11012
-0.792073 -6.10988
-0.788074 -6.11021
-0.784076 -6.11053
-0.780076 -6.11041
-0.776077 -6.11029
-0.768079 -6.11039
-0.76008 -6.11029
-0.752082 -6.11027
-0.748083 -6.11008
-0.744083 -6.10989
-0.740085 -6.11015
-0.736086 -6.11042
-0.728087 -6.11027
-0.720089 -6.11015
-0.712091 -6.11007
-0.704092 -6.10997
-0.696094 -6.11007
-0.692095 -6.11034
-0.688097 -6.11061
-0.680098 -6.11062
-0.676099 -6.11028
-0.672099 -6.10994
-0.6681 -6.11013
-0.664101 -6.11032
-0.656103 -6.11047
-0.652104 -6.11059
-0.648105 -6.11071
-0.644106 -6.11046
-0.640106 -6.11021
-0.636107 -6.1101
-0.632108 -6.11
-0.628109 -6.11016
-0.62411 -6.11031
-0.620111 -6.11048
-0.616112 -6.11064
-0.612113 -6.11034
-0.608113 -6.11004
-0.604114 -6.11037
-0.600116 -6.1107
-0.596116 -6.1104
-0.592117 -6.1101
-0.588118 -6.11029
-0.584119 -6.11049
-0.58012 -6.11059
-0.576121 -6.11069
-0.572122 -6.11062
-0.568123 -6.11054
-0.564124 -6.11069
-0.560125 -6.11085
-0.556125 -6.11068
-0.552126 -6.1105
-0.548127 -6.11062
-0.544128 -6.11073
-0.540129 -6.1105
-0.536129 -6.11027
-0.53213 -6.11054
-0.528132 -6.11082
-0.524132 -6.11063
-0.520133 -6.11043
-0.516134 -6.11063
-0.512135 -6.11082
-0.504137 -6.11075
-0.500137 -6.11059
-0.496138 -6.11043
-0.492139 -6.11065
-0.48814 -6.11086
-0.480142 -6.11099
-0.476143 -6.11074
-0.472143 -6.11049
-0.468144 -6.1106
-0.464145 -6.11071
-0.456147 -6.11064
-0.452148 -6.11051
-0.448148 -6.11037
-0.44415 -6.1107
-0.440151 -6.11103
-0.432153 -6.11097
-0.424154 -6.11098
-0.416156 -6.11092
-0.412157 -6.11064
-0.408157 -6.11037
-0.404158 -6.11055
-0.400159 -6.11074
-0.39616 -6.11091
-0.392162 -6.11109
-0.384163 -6.1111
-0.380164 -6.11097
-0.376165 -6.11083
-0.372165 -6.11073
-0.368166 -6.11062
-0.364167 -6.11071
-0.360168 -6.1108
-0.356169 -6.11092
-0.35217 -6.11105
-0.348171 -6.11096
-0.344172 -6.11087
-0.336173 -6.11085
-0.332174 -6.11076
-0.328175 -6.11066
-0.320176 -6.11054
-0.316178 -6.11075
-0.312179 -6.11096
-0.30818 -6.11109
-0.304181 -6.11122
-0.300182 -6.11109
-0.296182 -6.11095
-0.288184 -6.11107
-0.280186 -6.11112
-0.276186 -6.11087
-0.272187 -6.11061
-0.264189 -6.11059
-0.256191 -6.11071
-0.248193 -6.11086
-0.240194 -6.11085
-0.232196 -6.11098
-0.224198 -6.11099
-0.2162 -6.11101
-0.208202 -6.11109
-0.204202 -6.11098
-0.200203 -6.11087
-0.196204 -6.11099
-0.192205 -6.11112
-0.188206 -6.11126
-0.184207 -6.11141
-0.180208 -6.11107
-0.176208 -6.11074
-0.172209 -6.11107
-0.168211 -6.11141
-0.164211 -6.11117
-0.160212 -6.11093
-0.152214 -6.11092
-0.144215 -6.11077
-0.140216 -6.11104
-0.136218 -6.11132
-0.132218 -6.11113
-0.128219 -6.11095
-0.12422 -6.11111
-0.120221 -6.11128
-0.112223 -6.11144
-0.104225 -6.11141
-0.100225 -6.11121
-0.0962258 -6.111
-0.0882274 -6.11094
-0.0842285 -6.11106
-0.0802296 -6.11119
-0.0762307 -6.11137
-0.0722319 -6.11155
-0.0642337 -6.11162
-0.0562352 -6.11146
-0.0522356 -6.11118
-0.0482361 -6.11089
-0.0402379 -6.11098
-0.0322398 -6.11105
-0.0242417 -6.11117
-0.0202429 -6.11138
-0.0162441 -6.1116
-0.0122447 -6.11139
-0.00824521 -6.11119
-0.0042463 -6.11133
-0.000247398 -6.11148
0.00775105 -6.11136
0.0117499 -6.11153
0.0157488 -6.1117
0.0197483 -6.11147
0.0237478 -6.11124
0.0277466 -6.11144
0.0317454 -6.11164
0.0397436 -6.1117
0.0477418 -6.11174
0.0517413 -6.11147
0.0557409 -6.1112
0.0597396 -6.11146
0.0637383 -6.11172
0.0717365 -6.1118
0.075736 -6.11156
0.0797355 -6.11133
0.0877338 -6.11126
0.0917327 -6.11142
0.0957316 -6.11159
0.0997311 -6.11136
0.103731 -6.11113
0.107729 -6.11127
0.111728 -6.11141
0.115727 -6.11167
0.119726 -6.11192
0.123725 -6.11177
0.127725 -6.11161
0.135723 -6.11177
0.139722 -6.11162
0.143721 -6.11147
0.15172 -6.11152
0.155719 -6.1114
0.159718 -6.11127
0.167716 -6.11142
0.175714 -6.11139
0.179713 -6.11169
0.183712 -6.11198
0.19171 -6.11184
0.19571 -6.1117
0.199709 -6.11156
0.203708 -6.1117
0.207707 -6.11184
0.215705 -6.11179
0.223704 -6.11174
0.227703 -6.11156
0.231702 -6.11139
0.235701 -6.11152
0.2397 -6.11165
0.243699 -6.11184
0.247698 -6.11203
0.251697 -6.11182
0.255697 -6.11161
0.263695 -6.11148
0.267694 -6.11172
0.271693 -6.11196
0.275692 -6.11184
0.279691 -6.11171
0.28769 -6.1116
0.291689 -6.11171
0.295688 -6.11182
0.299687 -6.11202
0.303685 -6.11221
0.307685 -6.11189
0.311685 -6.11156
0.315684 -6.11167
0.319683 -6.11177
0.323682 -6.1119
0.32768 -6.11203
0.33168 -6.11187
0.335679 -6.11171
0.343678 -6.11167
0.347676 -6.11186
0.351675 -6.11205
0.355675 -6.11183
0.359674 -6.11162
0.363673 -6.11178
0.367672 -6.11195
0.371671 -6.11211
0.37567 -6.11227
0.379669 -6.11212
0.383668 -6.11197
0.387668 -6.11187
0.391667 -6.11176
0.395666 -6.11198
0.399665 -6.11221
0.403664 -6.11191
0.407664 -6.11162
0.415662 -6.11179
0.42366 -6.11189
0.431658 -6.1118
0.435657 -6.11197
0.439656 -6.11215
0.443655 -6.11195
0.447655 -6.11176
0.451654 -6.11201
0.455652 -6.11225
0.459652 -6.11212
0.463651 -6.11199
0.471649 -6.11187
0.475648 -6.11212
0.479647 -6.11238
0.483646 -6.11213
0.487646 -6.11188
0.491645 -6.11207
0.495644 -6.11225
0.499643 -6.11209
0.503642 -6.11194
0.507641 -6.11205
0.51164 -6.11217
0.51564 -6.11199
0.519639 -6.11181
0.523638 -6.11215
0.527636 -6.11248
0.531636 -6.11213
0.535636 -6.11179
0.539634 -6.11207
0.543633 -6.11236
0.551632 -6.11222
0.555631 -6.11206
0.55963 -6.11191
0.567629 -6.11185
0.571628 -6.11198
0.575626 -6.11211
0.579625 -6.11233
0.583624 -6.11256
0.591622 -6.11258
0.595622 -6.11247
0.599621 -6.11236
0.607619 -6.11244
0.611618 -6.11224
0.615618 -6.11204
0.623616 -6.11199
0.627615 -6.11219
0.631614 -6.11238
0.635613 -6.11224
0.639613 -6.11211
0.647611 -6.11217
0.651609 -6.11244
0.655608 -6.11271
0.659607 -6.11259
0.663607 -6.11246
0.667606 -6.1123
0.671606 -6.11215
0.675605 -6.11225
0.679603 -6.11235
0.683602 -6.11258
0.687601 -6.1128
0.6956 -6.11267
0.703598 -6.11261
0.711596 -6.11254
0.719594 -6.11271
0.723594 -6.11255
0.727593 -6.11238
0.735591 -6.11233
0.73959 -6.11258
0.743589 -6.11284
0.747588 -6.11275
0.751587 -6.11267
0.759585 -6.11279
0.763585 -6.11264
0.767584 -6.11249
0.771583 -6.11268
0.775582 -6.11287
0.779581 -6.11273
0.783581 -6.1126
0.787579 -6.11277
0.791578 -6.11294
0.795578 -6.11273
0.799577 -6.11252
0.807576 -6.11246
0.811574 -6.11258
0.815573 -6.1127
0.823572 -6.1128
0.827571 -6.11261
0.83157 -6.11242
0.839568 -6.11257
0.843567 -6.11269
0.847566 -6.11281
0.851566 -6.11272
0.855565 -6.11263
0.859564 -6.11254
0.863563 -6.11244
0.871562 -6.11246
0.87556 -6.1127
0.879559 -6.11295
0.883559 -6.11272
0.887558 -6.1125
0.891557 -6.11276
0.895556 -6.11302
0.899555 -6.11276
0.903555 -6.1125
0.907553 -6.11267
0.911552 -6.11284
0.91955 -6.11302
0.927548 -6.11307
0.931548 -6.11287
0.935547 -6.11267
0.943546 -6.11261
0.947545 -6.11281
0.951543 -6.11302
0.959542 -6.11299
0.963541 -6.11277
0.967541 -6.11254
0.975539 -6.11268
0.979537 -6.11298
0.983536 -6.11327
0.991534 -6.11327
0.995534 -6.11299
0.999533 -6.11271
1.00753 -6.1127
1.01153 -6.11282
1.01553 -6.11294
1.01953 -6.11281
1.02353 -6.11269
1.02753 -6.11282
1.03153 -6.11296
1.03553 -6.11279
1.03952 -6.11262
1.04752 -6.11268
1.05152 -6.11298
1.05552 -6.11329
1.05952 -6.11306
1.06352 -6.11284
1.06752 -6.11293
1.07152 -6.11303
1.07952 -6.11319
1.08351 -6.11295
1.08751 -6.11271
1.09151 -6.11303
1.09551 -6.11336
1.09951 -6.1131
1.10351 -6.11284
1.11151 -6.11299
1.11551 -6.11287
1.11951 -6.11275
1.12351 -6.11301
1.1275 -6.11326
1.1315 -6.11309
1.1355 -6.11293
1.1435 -6.11287
1.1515 -6.11282
1.1595 -6.11275
1.1635 -6.11311
1.1675 -6.11348
1.1715 -6.11327
1.17549 -6.11305
1.17949 -6.11328
1.18349 -6.11351
1.18749 -6.11327
1.19149 -6.11304
1.19549 -6.11328
1.19949 -6.11351
1.20349 -6.11317
1.20749 -6.11283
1.21149 -6.11314
1.21549 -6.11345
1.22348 -6.11333
1.23148 -6.11323
1.23948 -6.11339
1.24348 -6.11315
1.24748 -6.11291
1.25148 -6.11317
1.25548 -6.11343
1.25948 -6.11327
1.26348 -6.11312
1.26747 -6.11322
1.27147 -6.11333
1.27947 -6.11322
1.28747 -6.11334
1.29147 -6.11344
1.29547 -6.11353
1.30347 -6.11357
1.30747 -6.11342
1.31146 -6.11328
1.31946 -6.11341
1.32346 -6.11359
1.32746 -6.11378
1.33146 -6.11361
1.33546 -6.11345
1.33946 -6.11357
1.34346 -6.11368
1.35146 -6.11367
1.35545 -6.1135
1.35945 -6.11332
1.36345 -6.11359
1.36745 -6.11385
1.37145 -6.1136
1.37545 -6.11334
1.38345 -6.11349
1.38745 -6.11329
1.39145 -6.1131
1.39545 -6.1132
1.39945 -6.11329
1.40744 -6.11339
1.41544 -6.11335
1.41944 -6.11361
1.42344 -6.11387
1.42744 -6.11373
1.43144 -6.11358
1.43544 -6.11376
1.43944 -6.11393
1.44344 -6.11357
1.44744 -6.11321
1.45143 -6.11348
1.45543 -6.11376
1.46343 -6.11368
1.46743 -6.11349
1.47143 -6.1133
1.47543 -6.11365
1.47943 -6.114
1.48743 -6.11404
1.49142 -6.11395
1.49542 -6.11387
1.49942 -6.11359
1.50342 -6.11331
1.51142 -6.11336
1.51542 -6.11352
1.51942 -6.11368
1.52742 -6.11361
1.53542 -6.11352
1.54341 -6.1137
1.55141 -6.11375
1.55541 -6.11361
1.55941 -6.11347
1.56341 -6.11363
1.56741 -6.11378
1.57541 -6.11393
1.57941 -6.11403
1.5834 -6.11412
1.5874 -6.11394
1.5914 -6.11377
1.5994 -6.1138
1.6034 -6.11372
1.6074 -6.11364
1.6114 -6.11393
1.6154 -6.11422
1.6194 -6.11396
1.6234 -6.1137
1.6274 -6.11386
1.63139 -6.11402
1.63939 -6.11388
1.64339 -6.11372
1.64739 -6.11355
1.65139 -6.1139
1.65539 -6.11424
1.65939 -6.11403
1.66339 -6.11382
1.66739 -6.11399
1.67139 -6.11416
1.67538 -6.11396
1.67938 -6.11375
1.68338 -6.11402
1.68738 -6.11428
1.69538 -6.11425
1.69938 -6.11397
1.70338 -6.11369
1.71138 -6.1136
1.71538 -6.11399
1.71937 -6.11438
1.72337 -6.11426
1.72737 -6.11414
1.73537 -6.11403
1.73937 -6.11394
1.74337 -6.11385
1.75137 -6.11379
1.75937 -6.11371
1.76736 -6.11375
1.77536 -6.11391
1.77936 -6.114
1.78336 -6.1141
1.78736 -6.114
1.79136 -6.1139
1.79536 -6.11412
1.79936 -6.11435
1.80336 -6.11418
1.80736 -6.11401
1.81535 -6.11414
1.82335 -6.11423
1.82735 -6.11404
1.83135 -6.11385
1.83935 -6.11399
1.84335 -6.11424
1.84735 -6.1145
1.85135 -6.11442
1.85534 -6.11434
1.85934 -6.11415
1.86334 -6.11396
1.87134 -6.11396
1.87934 -6.11406
1.88334 -6.11424
1.88734 -6.11441
1.89534 -6.11443
1.89934 -6.11431
1.90333 -6.1142
1.90733 -6.11435
1.91133 -6.11451
1.91533 -6.11431
1.91933 -6.11411
1.92733 -6.11396
1.93532 -6.11425
1.93994 -6.11437
1.94455 -6.114
1.94911 -6.11334
1.95375 -6.11301
1.95816 -6.1116
1.96265 -6.11054
1.96714 -6.10944
1.97145 -6.10779
1.97872 -6.10452
1.98624 -6.10193
1.99376 -6.09932
2.00121 -6.09655
2.00847 -6.09325
2.01589 -6.09041
2.0234 -6.08777
2.03091 -6.08515
2.03833 -6.08229
2.04554 -6.07888
2.05291 -6.0759
2.06047 -6.07338
2.06787 -6.07048
2.07534 -6.06774
2.08273 -6.06479
2.09006 -6.06171
2.09762 -6.05922
2.10499 -6.0562
2.11251 -6.05361
2.11996 -6.05082
2.12739 -6.048
2.13478 -6.04506
2.142 -6.04167
2.14945 -6.03889
2.15689 -6.03609
2.1643 -6.0332
2.17172 -6.03032
2.17918 -6.02757
2.18673 -6.02504
2.19405 -6.02192
2.20135 -6.01876
2.20888 -6.01617
2.21623 -6.01314
2.22371 -6.01043
2.23121 -6.00777
2.23858 -6.00479
2.24612 -6.00223
2.25356 -5.99942
2.26095 -5.99648
2.26823 -5.99327
2.27579 -5.99075
2.28321 -5.98789
2.29043 -5.98453
2.29804 -5.98214
2.30532 -5.97893
2.31273 -5.97604
2.32018 -5.97326
2.32758 -5.97035
2.33494 -5.96733
2.34259 -5.96506
2.34995 -5.96205
2.35746 -5.95941
2.36481 -5.95638
2.37212 -5.95323
2.37955 -5.9504
2.38702 -5.94766
2.39444 -5.94478
2.40197 -5.94222
2.40922 -5.93891
2.41667 -5.93612
2.42424 -5.93365
2.43162 -5.93069
2.43903 -5.9278
2.44628 -5.9245
2.45375 -5.92177
2.46119 -5.91897
2.4688 -5.91659
2.4761 -5.91342
2.48346 -5.91041
2.49087 -5.9075
2.49827 -5.9046
2.50585 -5.90216
2.51308 -5.89881
2.52066 -5.89636
2.5281 -5.89353
2.53534 -5.89021
2.54292 -5.88777
2.55023 -5.88461
2.5578 -5.88215
2.56519 -5.8792
2.57265 -5.87646
2.58006 -5.87355
2.58729 -5.8702
2.59483 -5.86767
2.60236 -5.86508
2.60966 -5.8619
2.61717 -5.85929
2.62447 -5.8561
2.63204 -5.85364
2.63926 -5.85026
2.64671 -5.84748
2.65415 -5.84467
2.6616 -5.84187
2.66916 -5.83937
2.67652 -5.83637
2.68382 -5.83319
2.69146 -5.83085
2.69566 -5.82875
2.70006 -5.82702
2.70382 -5.82414
2.70798 -5.82202
2.71215 -5.81979
2.71599 -5.81706
2.71957 -5.81404
2.72304 -5.81087
2.72612 -5.80831
2.72919 -5.80574
2.73197 -5.80286
2.73474 -5.79997
2.74052 -5.79443
2.74368 -5.79196
2.74684 -5.78949
2.74966 -5.78665
2.75247 -5.78381
2.75532 -5.78099
2.75816 -5.77818
2.76121 -5.77559
2.76426 -5.77299
2.76709 -5.77016
2.76991 -5.76733
2.77591 -5.76204
2.77896 -5.75945
2.78201 -5.75686
2.78484 -5.75403
2.78766 -5.75119
2.79077 -5.74866
2.79387 -5.74613
2.79985 -5.74082
2.8056 -5.73526
2.80845 -5.73245
2.81129 -5.72963
2.81728 -5.72433
2.82035 -5.72176
2.82342 -5.71919
2.82921 -5.71367
2.83499 -5.70815
2.83802 -5.70553
2.84105 -5.70292
2.84699 -5.69757
2.84976 -5.69468
2.85253 -5.69178
2.8556 -5.68921
2.85867 -5.68664
2.86149 -5.6838
2.8643 -5.68096
2.86743 -5.67844
2.87055 -5.67593
2.87643 -5.67051
2.87916 -5.66757
2.88189 -5.66463
2.885 -5.66212
2.88812 -5.65961
2.8939 -5.65407
2.89972 -5.64858
2.90567 -5.64325
2.9087 -5.64063
2.91172 -5.63801
2.91754 -5.63252
2.92344 -5.62713
2.92627 -5.62429
2.92909 -5.62145
2.93216 -5.61889
2.93523 -5.61632
2.93804 -5.61346
2.94085 -5.61061
2.94681 -5.60529
2.9526 -5.59977
2.95567 -5.5972
2.95874 -5.59463
2.96475 -5.58935
2.9706 -5.5839
2.97636 -5.57835
2.97922 -5.57555
2.98208 -5.57276
2.9879 -5.56727
2.99388 -5.56196
2.99699 -5.55944
3.0001 -5.55691
3.00293 -5.55409
3.00577 -5.55127
3.00884 -5.54869
3.0119 -5.54612
3.01775 -5.54066
3.0235 -5.5351
3.02627 -5.53221
3.02905 -5.52932
3.03222 -5.52687
3.0354 -5.52441
3.03822 -5.52157
3.04104 -5.51873
3.0441 -5.51615
3.04716 -5.51358
3.04989 -5.51063
3.05261 -5.50769
3.05564 -5.50508
3.05867 -5.50247
3.06172 -5.49987
3.06477 -5.49728
3.07059 -5.4918
3.07656 -5.48648
3.08229 -5.4809
3.08818 -5.47548
3.09125 -5.47292
3.09433 -5.47036
3.10014 -5.46486
3.10295 -5.46201
3.10576 -5.45916
3.10881 -5.45657
3.11187 -5.45399
3.11784 -5.44867
3.1237 -5.44323
3.12656 -5.44044
3.12943 -5.43765
3.13228 -5.43484
3.13514 -5.43204
3.13823 -5.4295
3.14133 -5.42696
3.14722 -5.42156
3.15003 -5.4187
3.15284 -5.41585
3.15863 -5.41033
3.16458 -5.40498
3.16764 -5.40241
3.1707 -5.39983
3.17669 -5.39453
3.17953 -5.39171
3.18236 -5.38888
3.18541 -5.38629
3.18846 -5.3837
3.19121 -5.38079
3.19397 -5.37788
3.19985 -5.37247
3.20582 -5.36714
3.21166 -5.36168
3.21471 -5.35909
3.21777 -5.3565
3.2236 -5.35104
3.22945 -5.34558
3.23253 -5.34303
3.23562 -5.34047
3.24154 -5.3351
3.24439 -5.33229
3.24724 -5.32948
3.25309 -5.32403
3.25884 -5.31847
3.26197 -5.31597
3.26511 -5.31347
3.26787 -5.31058
3.27064 -5.30768
3.2737 -5.30509
3.27675 -5.30251
3.28261 -5.29706
3.28843 -5.29159
3.29151 -5.28903
3.29459 -5.28647
3.29743 -5.28365
3.30027 -5.28083
3.30309 -5.27799
3.30592 -5.27516
3.31174 -5.26968
3.31488 -5.26718
3.31801 -5.26468
3.32377 -5.25913
3.32659 -5.25629
3.32941 -5.25345
3.33254 -5.25094
3.33567 -5.24844
3.33849 -5.24561
3.34132 -5.24278
3.34723 -5.23738
3.35298 -5.23182
3.35609 -5.2293
3.35921 -5.22679
3.36518 -5.22146
3.36796 -5.21858
3.37074 -5.2157
3.37383 -5.21315
3.37692 -5.2106
3.37972 -5.20774
3.38252 -5.20488
3.38831 -5.19936
3.39428 -5.19404
3.39737 -5.1915
3.40047 -5.18896
3.40328 -5.18611
3.40609 -5.18326
3.41192 -5.17778
3.4179 -5.17247
3.42095 -5.16988
3.424 -5.16729
3.42703 -5.16468
3.43006 -5.16207
3.43596 -5.15667
3.43867 -5.15372
3.44138 -5.15077
3.44528 -5.14728
3.44873 -5.14339
3.45189 -5.13923
3.45566 -5.13552
3.45814 -5.13091
3.46104 -5.12656
3.46316 -5.12179
3.46574 -5.11723
3.46739 -5.11228
3.46914 -5.10737
3.47087 -5.10243
3.47219 -5.09735
3.4729 -5.09218
3.47325 -5.08698
3.47394 -5.08179
3.47364 -5.07656
3.47363 -5.06864
3.47417 -5.0607
3.47414 -5.05277
3.47388 -5.04485
3.47358 -5.03692
3.47332 -5.02899
3.47318 -5.02107
3.47316 -5.01314
3.47363 -5.00521
3.47311 -4.99728
3.47338 -4.98935
3.47359 -4.98142
3.47303 -4.9735
3.47294 -4.96557
3.47319 -4.95764
3.47288 -4.94971
3.47321 -4.94178
3.4731 -4.93385
3.47286 -4.92593
3.47245 -4.918
3.47248 -4.91007
3.47224 -4.90214
3.47238 -4.89421
3.47254 -4.88628
3.47216 -4.87836
3.47238 -4.87043
3.47221 -4.8625
3.47188 -4.85457
3.47218 -4.84664
3.47198 -4.83872
3.47177 -4.83079
3.47188 -4.82287
3.4721 -4.81765
3.47128 -4.81251
3.47018 -4.80744
3.46964 -4.80227
3.46833 -4.79725
3.46718 -4.79215
3.46516 -4.78737
3.46339 -4.78247
3.46115 -4.77778
3.45868 -4.77318
3.45533 -4.76917
3.45253 -4.76483
3.44925 -4.76081
3.44619 -4.75662
3.44235 -4.75312
3.43879 -4.74934
3.4327 -4.74416
3.4299 -4.74129
3.42711 -4.73842
3.42395 -4.73595
3.42079 -4.73348
3.41494 -4.72804
3.40904 -4.72264
3.40325 -4.71712
3.39721 -4.71188
3.39139 -4.70639
3.38561 -4.70087
3.37949 -4.69571
3.37345 -4.69048
3.36762 -4.68501
3.36181 -4.6795
3.35571 -4.67434
3.34981 -4.66894
3.34673 -4.66638
3.34366 -4.66382
3.3379 -4.65827
3.33483 -4.65571
3.33176 -4.65314
3.32582 -4.64779
3.32298 -4.64496
3.32014 -4.64214
3.31411 -4.6369
3.31101 -4.63436
3.30792 -4.63183
3.30187 -4.62659
3.29912 -4.62367
3.29637 -4.62075
3.29045 -4.61537
3.28452 -4.61001
3.28132 -4.60759
3.27812 -4.60518
3.2723 -4.59969
3.26634 -4.59437
3.26035 -4.58907
3.25748 -4.58628
3.25461 -4.58349
3.24853 -4.57829
3.24264 -4.57288
3.23659 -4.56766
3.23069 -4.56226
3.22488 -4.55676
3.21909 -4.55125
3.21593 -4.54879
3.21277 -4.54632
3.20696 -4.54083
3.20097 -4.53553
3.19516 -4.53003
3.18932 -4.52457
3.18616 -4.52211
3.18299 -4.51965
3.17722 -4.51411
3.17136 -4.50867
3.16823 -4.50617
3.1651 -4.50367
3.16237 -4.50073
3.15964 -4.49779
3.15656 -4.49524
3.15348 -4.49269
3.14734 -4.48755
3.14447 -4.48477
3.14159 -4.48199
3.13582 -4.47645
3.13267 -4.47398
3.12951 -4.47151
3.12357 -4.46615
3.12077 -4.4633
3.11796 -4.46045
3.11195 -4.45517
3.10592 -4.44991
3.10284 -4.44736
3.09975 -4.44481
3.09389 -4.43939
3.09108 -4.43652
3.08828 -4.43366
3.08238 -4.42827
3.07923 -4.42579
3.07608 -4.42331
3.07004 -4.41808
3.06716 -4.4153
3.06428 -4.41252
3.05836 -4.40715
3.05238 -4.40184
3.04646 -4.39647
3.04045 -4.3912
3.03737 -4.38864
3.0343 -4.38608
3.03147 -4.38325
3.02863 -4.38042
3.0227 -4.37507
3.01671 -4.36976
3.01074 -4.36445
3.00788 -4.36165
3.00502 -4.35885
3.00195 -4.35629
2.99888 -4.35373
2.9928 -4.34852
2.98679 -4.34325
2.98092 -4.33782
2.97809 -4.33499
2.97526 -4.33216
2.97211 -4.32968
2.96897 -4.3272
2.96611 -4.3244
2.96326 -4.32159
2.95743 -4.31612
2.95141 -4.31085
2.9456 -4.30536
2.94248 -4.30285
2.93936 -4.30034
2.93357 -4.29483
2.92744 -4.28968
2.92155 -4.28428
2.91558 -4.27896
2.90965 -4.2736
2.9038 -4.26814
2.90073 -4.26557
2.89767 -4.26301
2.89482 -4.26019
2.89198 -4.25737
2.88884 -4.25489
2.8857 -4.25241
2.88294 -4.2495
2.88017 -4.24659
2.87408 -4.2414
2.86802 -4.23619
2.86225 -4.23065
2.85912 -4.22815
2.85599 -4.22566
2.85318 -4.22281
2.85037 -4.21995
2.84725 -4.21744
2.84414 -4.21492
2.83829 -4.20947
2.83217 -4.20432
2.82637 -4.19881
2.8235 -4.19602
2.82063 -4.19323
2.81476 -4.1878
2.81169 -4.18524
2.80862 -4.18268
2.80577 -4.17986
2.80293 -4.17705
2.79688 -4.17182
2.79077 -4.16666
2.78768 -4.16411
2.7846 -4.16156
2.77866 -4.15621
2.77584 -4.15337
2.77302 -4.15052
2.76989 -4.14803
2.76675 -4.14554
2.76401 -4.14261
2.76126 -4.13968
2.75812 -4.1372
2.75498 -4.13471
2.74895 -4.12946
2.74309 -4.12402
2.74023 -4.12123
2.73737 -4.11843
2.73137 -4.11314
2.7285 -4.11035
2.72564 -4.10756
2.72255 -4.10501
2.71947 -4.10246
2.71369 -4.09693
2.70763 -4.09171
2.70162 -4.08644
2.69851 -4.08392
2.6954 -4.0814
2.68954 -4.07596
2.68677 -4.07306
2.68399 -4.07017
2.67786 -4.06503
2.6718 -4.05982
2.66873 -4.05725
2.66565 -4.05469
2.6598 -4.04925
2.65396 -4.04379
2.65089 -4.04122
2.64782 -4.03865
2.64196 -4.03322
2.6391 -4.03041
2.63624 -4.02761
2.63038 -4.02218
2.62724 -4.01969
2.6241 -4.0172
2.62126 -4.01438
2.61843 -4.01156
2.61535 -4.009
2.61227 -4.00645
2.60939 -4.00366
2.60652 -4.00088
2.6006 -3.99551
2.59752 -3.99295
2.59444 -3.9904
2.58841 -3.98515
2.58254 -3.97972
2.57668 -3.97427
2.57073 -3.96894
2.56465 -3.96375
2.55868 -3.95842
2.55285 -3.95295
2.55002 -3.95011
2.5472 -3.94728
2.54401 -3.94484
2.54083 -3.9424
2.53489 -3.93706
2.53207 -3.93421
2.52926 -3.93136
2.52319 -3.92615
2.51719 -3.92086
2.51433 -3.91807
2.51147 -3.91527
2.50559 -3.90985
2.50249 -3.90731
2.49939 -3.90478
2.49655 -3.90196
2.49371 -3.89914
2.48774 -3.89383
2.48174 -3.88854
2.47579 -3.8832
2.47262 -3.88076
2.46944 -3.87831
2.46672 -3.87536
2.464 -3.8724
2.45797 -3.86715
2.45489 -3.86459
2.45182 -3.86204
2.44575 -3.85682
2.43987 -3.8514
2.43701 -3.8486
2.43415 -3.84581
2.42826 -3.8404
2.4251 -3.83794
2.42193 -3.83548
2.41911 -3.83264
2.41629 -3.8298
2.41047 -3.82432
2.40734 -3.82182
2.40421 -3.81932
2.39831 -3.81392
2.39226 -3.80869
2.38948 -3.8058
2.38671 -3.80291
2.38076 -3.79757
2.37761 -3.7951
2.37446 -3.79262
2.37166 -3.78976
2.36885 -3.78689
2.36291 -3.78154
2.35679 -3.7764
2.35079 -3.77111
2.34475 -3.76588
2.34187 -3.76309
2.339 -3.76031
2.33587 -3.75781
2.33275 -3.75531
2.32689 -3.74986
2.3241 -3.74698
2.32131 -3.7441
2.31527 -3.73887
2.3094 -3.73344
2.30632 -3.73089
2.30324 -3.72833
2.2972 -3.72309
2.29126 -3.71774
2.28549 -3.7122
2.28233 -3.70973
2.27918 -3.70726
2.27333 -3.70181
2.26748 -3.69636
2.26136 -3.69121
2.25855 -3.68836
2.25573 -3.68551
2.24995 -3.67998
2.24676 -3.67755
2.24357 -3.67512
2.24074 -3.67229
2.2379 -3.66946
2.23189 -3.66419
2.22591 -3.65889
2.22284 -3.65632
2.21977 -3.65375
2.21702 -3.65084
2.21427 -3.64792
2.20831 -3.64258
2.20227 -3.63734
2.19614 -3.6322
2.19014 -3.62692
2.18434 -3.62141
2.17842 -3.61604
2.1753 -3.61354
2.17217 -3.61103
2.16934 -3.60821
2.1665 -3.60539
2.16073 -3.59984
2.15753 -3.59742
2.15434 -3.59499
2.14836 -3.58968
2.14248 -3.58427
2.13669 -3.57874
2.13362 -3.57618
2.13055 -3.57361
2.12768 -3.57083
2.12482 -3.56804
2.12194 -3.56526
2.11906 -3.56248
2.11305 -3.5572
2.1071 -3.55187
2.10124 -3.54643
2.09812 -3.54392
2.09499 -3.54142
2.0892 -3.53591
2.08322 -3.5306
2.07726 -3.52526
2.07129 -3.51994
2.0653 -3.51465
2.05952 -3.50912
2.05353 -3.50383
2.04765 -3.49841
2.04155 -3.49323
2.0357 -3.48778
2.02988 -3.4823
2.02384 -3.47706
2.01805 -3.47154
2.012 -3.46631
2.00892 -3.46375
2.00585 -3.46119
2.00301 -3.45837
2.00017 -3.45555
1.99418 -3.45026
1.99111 -3.4477
1.98803 -3.44513
1.9852 -3.44231
1.98237 -3.43948
1.97928 -3.43693
1.9762 -3.43438
1.97014 -3.42916
1.96434 -3.42365
1.95822 -3.4185
1.95217 -3.41327
1.94943 -3.41035
1.94668 -3.40742
1.94078 -3.40203
1.93756 -3.39963
1.93434 -3.39724
1.9316 -3.3943
1.92886 -3.39137
1.92286 -3.38609
1.91973 -3.38359
1.9166 -3.38109
1.91377 -3.37826
1.91094 -3.37543
1.90499 -3.37008
1.90187 -3.36758
1.89875 -3.36507
1.89591 -3.36224
1.89308 -3.35941
1.88999 -3.35687
1.88691 -3.35432
1.88108 -3.34884
1.87502 -3.34362
1.86899 -3.33838
1.86613 -3.33558
1.86327 -3.33278
1.85725 -3.32751
1.85148 -3.32198
1.84538 -3.3168
1.83929 -3.31162
1.83336 -3.30626
1.83057 -3.30338
1.82778 -3.30051
1.82466 -3.29799
1.82154 -3.29548
1.81868 -3.29269
1.81581 -3.2899
1.80981 -3.28462
1.80393 -3.2792
1.79782 -3.27404
1.79188 -3.26868
1.7859 -3.26338
1.77979 -3.25822
1.774 -3.25269
1.76799 -3.24743
1.76195 -3.24218
1.75593 -3.23692
1.75016 -3.23138
1.74406 -3.22621
1.74132 -3.22328
1.73857 -3.22035
1.73263 -3.21501
1.72659 -3.20976
1.72067 -3.20439
1.71755 -3.20188
1.71444 -3.19937
1.71162 -3.19652
1.7088 -3.19367
1.70563 -3.19122
1.70247 -3.18876
1.69963 -3.18594
1.69679 -3.18312
1.69097 -3.17763
1.68488 -3.17244
1.6818 -3.1699
1.67871 -3.16735
1.6728 -3.16196
1.66681 -3.15666
1.66397 -3.15385
1.66112 -3.15104
1.65524 -3.14563
1.65216 -3.14307
1.64908 -3.14051
1.64297 -3.13536
1.6371 -3.12993
1.63109 -3.12465
1.62526 -3.11917
1.61927 -3.11388
1.61338 -3.10848
1.60758 -3.10297
1.60451 -3.10041
1.60143 -3.09785
1.59862 -3.095
1.5958 -3.09215
1.5898 -3.08686
1.5837 -3.0817
1.58087 -3.07886
1.57804 -3.07603
1.57204 -3.07075
1.56619 -3.0653
1.56309 -3.06276
1.55999 -3.06023
1.55712 -3.05744
1.55425 -3.05466
1.55116 -3.05212
1.54807 -3.04958
1.54498 -3.04703
1.54189 -3.04449
1.53609 -3.03898
1.53325 -3.03616
1.53042 -3.03333
1.52444 -3.02802
1.52129 -3.02554
1.51814 -3.02307
1.51533 -3.02022
1.51252 -3.01736
1.50936 -3.0149
1.5062 -3.01243
1.50033 -3.007
1.49756 -3.00411
1.49479 -3.00121
1.48873 -2.99599
1.48563 -2.99346
1.48253 -2.99093
1.47661 -2.98556
1.47062 -2.98026
1.46485 -2.97472
1.45874 -2.96956
1.45273 -2.96428
1.44991 -2.96144
1.4471 -2.95859
1.44401 -2.95605
1.44092 -2.95351
1.43491 -2.94822
1.42913 -2.9427
1.4263 -2.93987
1.42347 -2.93704
1.42028 -2.9346
1.4171 -2.93217
1.41115 -2.92682
1.40833 -2.92398
1.40551 -2.92114
1.39953 -2.91584
1.3936 -2.91047
1.38775 -2.90502
1.38465 -2.90237
1.38513 -2.90208
1.38562 -2.90152
1.38588 -2.90081
1.38631 -2.90021
1.38692 -2.89968
1.38733 -2.89903
1.38743 -2.89827
1.38713 -2.89742
1.38732 -2.89673
1.38798 -2.89609
1.38747 -2.89531
1.38754 -2.8946
1.38756 -2.89388
1.38811 -2.89309
1.3876 -2.88799
1.38709 -2.88288
1.38703 -2.88212
1.38669 -2.88142
1.3866 -2.88066
1.38604 -2.88007
1.38619 -2.87919
1.38548 -2.87871
1.38525 -2.87799
1.38479 -2.8774
1.38441 -2.87676
1.38011 -2.87128
1.37581 -2.8658
1.37151 -2.86033
1.36722 -2.85485
1.36292 -2.84937
1.35862 -2.84389
1.35842 -2.84309
1.35748 -2.84303
1.3572 -2.84228
1.35652 -2.84199
1.35611 -2.84131
1.35525 -2.84137
1.35496 -2.84036
1.35402 -2.84072
1.35352 -2.84
1.35271 -2.84018
1.34602 -2.83805
1.33933 -2.83592
1.33263 -2.83378
1.32594 -2.83165
1.31925 -2.82952
1.31843 -2.82978
1.31778 -2.82909
1.317 -2.82935
1.31625 -2.82919
1.31553 -2.82967
1.31472 -2.8291
1.31403 -2.82951
1.31327 -2.82953
1.31257 -2.82981
1.31181 -2.82992
1.3111 -2.83018
1.31031 -2.83032
1.30976 -2.83089
1.30899 -2.83112
1.30885 -2.83214
1.3079 -2.8322
1.30735 -2.83273
1.3073 -2.83294
1.30435 -2.83036
1.29851 -2.8249
1.29534 -2.82245
1.29217 -2.82
1.28629 -2.81458
1.28353 -2.81166
1.28077 -2.80875
1.27765 -2.80624
1.27454 -2.80373
1.26873 -2.79823
1.26564 -2.79569
1.26255 -2.79314
1.2567 -2.7877
1.25085 -2.78224
1.24494 -2.77686
1.24184 -2.77433
1.23874 -2.7718
1.23596 -2.7689
1.23319 -2.76601
1.23001 -2.76357
1.22683 -2.76113
1.22105 -2.75559
1.21523 -2.75012
1.21212 -2.74759
1.20902 -2.74506
1.20617 -2.74225
1.20332 -2.73945
1.19723 -2.73426
1.19146 -2.72871
1.18837 -2.72618
1.18527 -2.72365
1.18241 -2.72084
1.17956 -2.71804
1.17358 -2.71273
1.17047 -2.71021
1.16736 -2.70769
1.16455 -2.70484
1.16173 -2.70199
1.15864 -2.69946
1.15554 -2.69692
1.14964 -2.69152
1.14381 -2.68606
1.13795 -2.68062
1.13207 -2.67519
1.12888 -2.67276
1.12568 -2.67034
1.1198 -2.66493
1.11389 -2.65954
1.11103 -2.65674
1.10818 -2.65394
1.10224 -2.64858
1.09914 -2.64604
1.09605 -2.6435
1.0932 -2.64069
1.09036 -2.63788
1.08452 -2.63242
1.07855 -2.62709
1.07248 -2.62189
1.0664 -2.6167
1.06051 -2.61129
1.05763 -2.60851
1.05476 -2.60573
1.04871 -2.60049
1.04274 -2.59518
1.03686 -2.58976
1.03085 -2.58449
1.02478 -2.57927
1.02172 -2.5767
1.01865 -2.57414
1.01588 -2.57124
1.01311 -2.56834
1.01001 -2.56581
1.0069 -2.56329
1.00102 -2.55787
0.998177 -2.55505
0.995334 -2.55224
0.989399 -2.54688
0.983279 -2.54173
0.977334 -2.53638
0.971315 -2.53112
0.96546 -2.52567
0.962326 -2.52318
0.959192 -2.52069
0.953346 -2.51523
0.947332 -2.50996
0.941426 -2.50457
0.938565 -2.50178
0.935704 -2.49898
0.93263 -2.49642
0.929557 -2.49386
0.923751 -2.48836
0.917824 -2.48299
0.91183 -2.4777
0.906002 -2.47222
0.90293 -2.46966
0.899857 -2.4671
0.8938 -2.46188
0.887896 -2.45649
0.885151 -2.45356
0.882406 -2.45063
0.87918 -2.44824
0.875954 -2.44585
0.873189 -2.44295
0.870425 -2.44004
0.867297 -2.43754
0.864169 -2.43504
0.858262 -2.42966
0.852265 -2.42437
0.846457 -2.41887
0.843371 -2.41632
0.840286 -2.41378
0.837555 -2.41083
0.834824 -2.40789
0.831643 -2.40545
0.828461 -2.40301
0.825704 -2.4001
0.822946 -2.39719
0.817009 -2.39183
0.813784 -2.38944
0.810559 -2.38705
0.807802 -2.38414
0.805045 -2.38122
0.801925 -2.37871
0.798806 -2.3762
0.795971 -2.37338
0.793137 -2.37055
0.787099 -2.36531
0.784 -2.36278
0.780901 -2.36024
0.778056 -2.35743
0.775211 -2.35461
0.772135 -2.35206
0.769059 -2.3495
0.763219 -2.34404
0.757087 -2.3389
0.751297 -2.33338
0.745424 -2.32795
0.739446 -2.32264
0.736571 -2.31986
0.733695 -2.31708
0.730597 -2.31455
0.727498 -2.31202
0.724643 -2.30913
