1.93582 -3.41244
1.93295 -3.40985
1.92994 -3.40722
1.92693 -3.40459
1.92421 -3.40164
1.92149 -3.39869
1.91835 -3.39619
1.91522 -3.39369
1.90929 -3.38832
1.90629 -3.38568
1.90328 -3.38304
1.90054 -3.38011
1.8978 -3.37718
1.89475 -3.37459
1.89169 -3.37201
1.88886 -3.36918
1.88603 -3.36635
1.88008 -3.361
1.87691 -3.35854
1.87374 -3.35608
1.87093 -3.35323
1.86812 -3.35038
1.86505 -3.34781
1.86198 -3.34523
1.85919 -3.34236
1.8564 -3.33948
1.85329 -3.33696
1.85018 -3.33443
1.84422 -3.3291
1.84149 -3.32616
1.83876 -3.32322
1.83571 -3.32063
1.83266 -3.31804
1.82677 -3.31263
1.82078 -3.30732
1.81795 -3.3045
1.81511 -3.30167
1.81199 -3.29916
1.80887 -3.29665
1.806 -3.29386
1.80313 -3.29107
1.80025 -3.28829
1.79736 -3.28552
1.79436 -3.28288
1.79135 -3.28024
1.78831 -3.27764
1.78528 -3.27503
1.78247 -3.27218
1.77966 -3.26933
1.7737 -3.26399
1.76771 -3.25869
1.7646 -3.25616
1.7615 -3.25363
1.75559 -3.24823
1.75284 -3.24531
1.7501 -3.24239
1.74707 -3.23978
1.74404 -3.23716
1.74101 -3.23455
1.73799 -3.23193
1.73513 -3.22913
1.73227 -3.22632
1.72942 -3.22352
1.72656 -3.22071
1.72349 -3.21814
1.72042 -3.21557
1.71758 -3.21276
1.71473 -3.20995
1.71159 -3.20746
1.70845 -3.20497
1.70544 -3.20233
1.70243 -3.1997
1.69957 -3.19689
1.69672 -3.19409
1.69081 -3.18869
1.68778 -3.18608
1.68475 -3.18347
1.67889 -3.17803
1.67299 -3.17262
1.66708 -3.16724
1.6642 -3.16446
1.66133 -3.16167
1.65537 -3.15633
1.65248 -3.15357
1.64959 -3.15081
1.64362 -3.14548
1.63773 -3.14006
1.63469 -3.13747
1.63165 -3.13487
1.62567 -3.12956
1.6228 -3.12677
1.61993 -3.12398
1.61409 -3.11851
1.61101 -3.11595
1.60794 -3.11339
1.60519 -3.11047
1.60244 -3.10754
1.59658 -3.10211
1.59348 -3.09957
1.59038 -3.09703
1.58455 -3.09155
1.58148 -3.08898
1.57841 -3.08642
1.57565 -3.0835
1.57289 -3.08059
1.56972 -3.07814
1.56655 -3.07568
1.56368 -3.0729
1.5608 -3.07011
1.55779 -3.06748
1.55477 -3.06486
1.55193 -3.06203
1.5491 -3.05921
1.5462 -3.05645
1.54331 -3.05369
1.53742 -3.04827
1.53441 -3.04564
1.53139 -3.04301
1.52838 -3.04038
1.52538 -3.03774
1.52252 -3.03493
1.51967 -3.03212
1.51655 -3.02961
1.51344 -3.02709
1.50758 -3.02165
1.50483 -3.01872
1.50209 -3.01579
1.49904 -3.0132
1.496 -3.0106
1.49314 -3.0078
1.49028 -3.005
1.48725 -3.00239
1.48421 -2.99978
1.48133 -2.99701
1.47844 -2.99424
1.47526 -2.99179
1.47209 -2.98934
1.46928 -2.98648
1.46648 -2.98361
1.4634 -2.98106
1.46032 -2.9785
1.45444 -2.97307
1.45162 -2.97024
1.4488 -2.9674
1.44282 -2.96208
1.43974 -2.95952
1.43666 -2.95697
1.43387 -2.95409
1.43107 -2.95122
1.4252 -2.94579
1.42213 -2.94322
1.41907 -2.94064
1.41326 -2.93514
1.4104 -2.93235
1.40753 -2.92956
1.40451 -2.92694
1.40149 -2.92431
1.39846 -2.9217
1.39543 -2.91908
1.39242 -2.91645
1.3894 -2.91382
1.38346 -2.90847
1.37758 -2.90305
1.37164 -2.89768
1.36877 -2.8949
1.36589 -2.89212
1.3599 -2.88682
1.354 -2.88142
1.35111 -2.87866
1.34821 -2.8759
1.34534 -2.87312
1.34247 -2.87033
1.33937 -2.86779
1.33627 -2.86525
1.33347 -2.86239
1.33067 -2.85953
1.32757 -2.85699
1.32447 -2.85446
1.32171 -2.85155
1.31894 -2.84864
1.3158 -2.84616
1.31265 -2.84368
1.3099 -2.84075
1.30716 -2.83782
1.30398 -2.83538
1.30079 -2.83293
1.29806 -2.83
1.29533 -2.82706
1.29231 -2.82443
1.2893 -2.8218
1.28349 -2.81629
1.28038 -2.81377
1.27727 -2.81125
1.2745 -2.80835
1.27173 -2.80545
1.26859 -2.80296
1.26545 -2.80047
1.26244 -2.79783
1.25944 -2.79519
1.25668 -2.79228
1.25393 -2.78936
1.2509 -2.78674
1.24788 -2.78412
1.24485 -2.78151
1.24182 -2.7789
1.23903 -2.77603
1.23623 -2.77316
1.23319 -2.77055
1.23015 -2.76795
1.22708 -2.76539
1.22401 -2.76282
1.2182 -2.75732
1.21227 -2.75195
1.2063 -2.74663
1.20355 -2.74371
1.2008 -2.74079
1.19763 -2.73833
1.19446 -2.73587
1.19172 -2.73294
1.18898 -2.73001
1.18309 -2.7246
1.18003 -2.72201
1.17698 -2.71943
1.17415 -2.7166
1.17131 -2.71377
1.16825 -2.7112
1.16518 -2.70863
1.15927 -2.70324
1.1562 -2.70067
1.15314 -2.69809
1.14726 -2.69266
1.14444 -2.68982
1.14162 -2.68698
1.13875 -2.68419
1.13587 -2.68141
1.13284 -2.6788
1.12981 -2.67619
1.12391 -2.67079
1.12088 -2.66818
1.11784 -2.66557
1.11482 -2.66295
1.11179 -2.66033
1.10585 -2.65499
1.10313 -2.65203
1.10042 -2.64906
1.09727 -2.64659
1.09412 -2.64411
1.08829 -2.63863
1.08547 -2.63578
1.08265 -2.63294
1.0796 -2.63036
1.07654 -2.62777
1.07364 -2.62501
1.07075 -2.62225
1.06763 -2.61973
1.06452 -2.61721
1.05872 -2.6117
1.05585 -2.60891
1.05298 -2.60612
1.05014 -2.60331
1.04729 -2.60049
1.04424 -2.5979
1.0412 -2.5953
1.03521 -2.59
1.03215 -2.58742
1.02908 -2.58485
1.02324 -2.57939
1.01731 -2.57402
1.01448 -2.57119
1.01165 -2.56836
1.00578 -2.56292
0.999829 -2.55758
0.993943 -2.55216
0.990911 -2.54955
0.987878 -2.54694
0.981974 -2.54154
0.976157 -2.53605
0.973123 -2.53344
0.970089 -2.53084
0.964251 -2.52537
0.961234 -2.52274
0.958217 -2.52011
0.955499 -2.51716
0.952781 -2.5142
0.949572 -2.51179
0.946363 -2.50937
0.94364 -2.50642
0.940918 -2.50347
0.937854 -2.5009
0.93479 -2.49832
0.931746 -2.49572
0.928702 -2.49313
0.925935 -2.49023
0.923167 -2.48733
0.920122 -2.48473
0.917077 -2.48213
0.914208 -2.47934
0.911338 -2.47656
0.908326 -2.47392
0.905313 -2.47129
0.902218 -2.46875
0.899123 -2.46621
0.896417 -2.46324
0.893711 -2.46027
0.890653 -2.45769
0.887596 -2.45511
0.88165 -2.44976
0.878814 -2.44693
0.875978 -2.44411
0.872897 -2.44155
0.869816 -2.439
0.866929 -2.43623
0.864043 -2.43346
0.858221 -2.42797
0.855157 -2.42539
0.852094 -2.42282
0.846151 -2.41746
0.840152 -2.41217
0.837359 -2.4093
0.834566 -2.40643
0.831531 -2.40382
0.828495 -2.40121
0.825426 -2.39864
0.822357 -2.39608
0.816476 -2.39065
0.810561 -2.38527
0.80777 -2.38239
0.80498 -2.37952
0.799105 -2.37409
0.793247 -2.36864
0.787323 -2.36327
0.784215 -2.36074
0.781107 -2.35822
0.778214 -2.35545
0.77532 -2.35269
0.769396 -2.34732
0.763588 -2.34182
0.760492 -2.33928
0.757396 -2.33673
0.754541 -2.33393
0.751685 -2.33113
0.748646 -2.32852
0.745608 -2.32592
0.739794 -2.32043
0.736985 -2.31757
0.734175 -2.31472
0.731121 -2.31213
0.728067 -2.30954
0.724986 -2.30699
0.721904 -2.30443
0.716009 -2.29903
0.713301 -2.29606
0.710592 -2.2931
0.707467 -2.29059
0.704342 -2.28808
0.698357 -2.28277
0.695567 -2.2799
0.692777 -2.27702
0.689736 -2.27442
0.686695 -2.27182
0.683826 -2.26903
0.680958 -2.26624
0.677912 -2.26365
0.674865 -2.26105
0.672029 -2.25823
0.669193 -2.2554
0.666167 -2.25278
0.663141 -2.25017
0.660045 -2.24763
0.65695 -2.24508
0.654079 -2.2423
0.651207 -2.23951
0.648193 -2.23688
0.64518 -2.23425
0.642429 -2.23133
0.639677 -2.22842
0.636514 -2.22595
0.63335 -2.22348
0.627392 -2.21815
0.624639 -2.21523
0.621886 -2.21231
0.615895 -2.20701
0.609914 -2.2017
0.604109 -2.1962
0.601226 -2.19342
0.598344 -2.19065
0.595169 -2.18819
0.591993 -2.18574
0.586141 -2.18029
0.58026 -2.17487
0.576596 -2.1719
0.570625 -2.1666
0.564701 -2.16124
0.558597 -2.1561
0.552399 -2.15108
0.546063 -2.14622
0.539995 -2.14103
0.534065 -2.13569
0.527854 -2.13068
0.521653 -2.12565
0.515318 -2.12079
0.509084 -2.11581
0.502898 -2.11077
0.497039 -2.10534
0.490659 -2.10053
0.48454 -2.09541
0.478497 -2.0902
0.472493 -2.08494
0.466268 -2.07994
0.460166 -2.0748
0.453888 -2.06987
0.448006 -2.06447
0.441944 -2.05928
0.435667 -2.05434
0.429337 -2.04948
0.423203 -2.04438
0.417096 -2.03924
0.410835 -2.03429
0.404717 -2.02917
0.398612 -2.02403
0.395735 -2.02125
0.392858 -2.01847
0.386491 -2.01365
0.380555 -2.0083
0.374099 -2.00359
0.368229 -1.99817
0.361783 -1.99344
0.35891 -1.99066
0.356036 -1.98787
0.349846 -1.98284
0.343666 -1.97779
0.337495 -1.97273
0.331255 -1.96776
0.325064 -1.96272
0.318936 -1.95761
0.313042 -1.95222
0.30657 -1.94752
0.300349 -1.94252
0.294192 -1.93745
0.288163 -1.93222
0.282099 -1.92703
0.276216 -1.92163
0.269802 -1.91686
0.263503 -1.91196
0.2577 -1.90646
0.251362 -1.9016
0.245153 -1.89659
0.239312 -1.89113
0.232831 -1.88645
0.227021 -1.88095
0.220891 -1.87584
0.214507 -1.87104
0.208181 -1.86617
0.202338 -1.86072
0.195911 -1.85597
0.18989 -1.85073
0.183793 -1.84558
0.177609 -1.84054
0.171571 -1.83532
0.165373 -1.83029
0.159498 -1.82488
0.152999 -1.82021
0.147054 -1.81488
0.140632 -1.81013
0.134703 -1.80478
0.12856 -1.79969
0.122351 -1.79467
0.116412 -1.78934
0.110263 -1.78425
0.103905 -1.77942
0.101025 -1.77664
0.0981443 -1.77386
0.0919145 -1.76888
0.0857136 -1.76385
0.0796458 -1.75867
0.0735566 -1.75351
0.0671299 -1.74876
0.0613089 -1.74328
0.0548549 -1.73857
0.0485549 -1.73366
0.045713 -1.73084
0.0428711 -1.72802
0.0366866 -1.72298
0.0302253 -1.71827
0.0241442 -1.7131
0.0182231 -1.70774
0.0119981 -1.70275
0.00599394 -1.69749
0.00272503 -1.69518
-0.00054388 -1.69287
-0.00665089 -1.68774
-0.0124817 -1.68227
-0.018598 -1.67714
-0.0246625 -1.67196
-0.0309324 -1.66702
-0.0370063 -1.66184
-0.0432551 -1.65688
-0.0494192 -1.65181
-0.0555245 -1.64667
-0.061613 -1.6415
-0.065848 -1.6389
-0.0696115 -1.63566
-0.0739648 -1.6333
-0.0780231 -1.63042
-0.0825645 -1.62845
-0.0870747 -1.62644
-0.091667 -1.62459
-0.0963161 -1.62286
-0.101216 -1.62207
-0.10598 -1.62084
-0.110779 -1.61949
-0.11572 -1.61906
-0.120677 -1.61915
-0.125603 -1.61838
-0.132952 -1.61886
-0.140302 -1.619
-0.147652 -1.61865
-0.155002 -1.61836
-0.162352 -1.61873
-0.169701 -1.61845
-0.177051 -1.61862
-0.181868 -1.61907
-0.186726 -1.61894
-0.191499 -1.6197
-0.196191 -1.6208
-0.200942 -1.62172
-0.205758 -1.6225
-0.210188 -1.62447
-0.214731 -1.62609
-0.21925 -1.62783
-0.223506 -1.63013
-0.227789 -1.63238
-0.23209 -1.63467
-0.235594 -1.63807
-0.239493 -1.6409
-0.24607 -1.64541
-0.251935 -1.65081
-0.258151 -1.65578
-0.264479 -1.6606
-0.270786 -1.66545
-0.277026 -1.67039
-0.283054 -1.67558
-0.289091 -1.68077
-0.295363 -1.68566
-0.301944 -1.69017
-0.308118 -1.69519
-0.314159 -1.70037
-0.32044 -1.70525
-0.326709 -1.71015
-0.332873 -1.71518
-0.338923 -1.72035
-0.34509 -1.72537
-0.351482 -1.73012
-0.357708 -1.73507
-0.363934 -1.74002
-0.36979 -1.74543
-0.376187 -1.75017
-0.382232 -1.75535
-0.388517 -1.76023
-0.394772 -1.76514
-0.400762 -1.77038
-0.40689 -1.77546
-0.413249 -1.78024
-0.419304 -1.78541
-0.42572 -1.79012
-0.431837 -1.79521
-0.438083 -1.80014
-0.444546 -1.80479
-0.450564 -1.81
-0.456497 -1.81532
-0.462704 -1.82029
-0.469207 -1.8249
-0.47536 -1.82994
-0.481499 -1.835
-0.48755 -1.84017
-0.493912 -1.84495
-0.500381 -1.8496
-0.506534 -1.85464
-0.51229 -1.86018
-0.518787 -1.86479
-0.525185 -1.86953
-0.531002 -1.87499
-0.537203 -1.87997
-0.543456 -1.88489
-0.549828 -1.88966
-0.555848 -1.89487
-0.562126 -1.89975
-0.568584 -1.90441
-0.574309 -1.90999
-0.580745 -1.91468
-0.587021 -1.91957
-0.593209 -1.92457
-0.599327 -1.92965
-0.605333 -1.93488
-0.611908 -1.93939
-0.617869 -1.94468
-0.624226 -1.94946
-0.630432 -1.95444
-0.636676 -1.95937
-0.642904 -1.96432
-0.649072 -1.96934
-0.654924 -1.97476
-0.66125 -1.97958
-0.667635 -1.98434
-0.673822 -1.98934
-0.679849 -1.99454
-0.686125 -1.99942
-0.692225 -2.00453
-0.698811 -2.00904
-0.704817 -2.01426
-0.710913 -2.01937
-0.717228 -2.02421
-0.723248 -2.02942
-0.729326 -2.03456
-0.735657 -2.03938
-0.742046 -2.04412
-0.7481 -2.04929
-0.754591 -2.05391
-0.76077 -2.05892
-0.766804 -2.06411
-0.773075 -2.06901
-0.779305 -2.07395
-0.785459 -2.07899
-0.79143 -2.08426
-0.797853 -2.08897
-0.803987 -2.09403
-0.810039 -2.0992
-0.816625 -2.1037
-0.822657 -2.1089
-0.828606 -2.11419
-0.834845 -2.11913
-0.840959 -2.12422
-0.84756 -2.1287
-0.853793 -2.13365
-0.859849 -2.13881
-0.865941 -2.14393
-0.872195 -2.14884
-0.87818 -2.15409
-0.884836 -2.15851
-0.890558 -2.16409
-0.896892 -2.1689
-0.903042 -2.17395
-0.909234 -2.17894
-0.915784 -2.18349
-0.921625 -2.18892
-0.927947 -2.19375
-0.93442 -2.19841
-0.937477 -2.20152
-0.943353 -2.20694
-0.946583 -2.20932
-0.949813 -2.21169
-0.952699 -2.21446
-0.955585 -2.21723
-0.961749 -2.22233
-0.964568 -2.22517
-0.967388 -2.22802
-0.973408 -2.23328
-0.979578 -2.23836
-0.982462 -2.24113
-0.985346 -2.2439
-0.988539 -2.24632
-0.991733 -2.24874
-0.997839 -2.2539
-1.00375 -2.25929
-1.00658 -2.26211
-1.00942 -2.26494
-1.01544 -2.27019
-1.02137 -2.27555
-1.02457 -2.27797
-1.02776 -2.28039
-1.03389 -2.28553
-1.03677 -2.2883
-1.03965 -2.29108
-1.04553 -2.29649
-1.05166 -2.30163
-1.05782 -2.30673
-1.06366 -2.31218
-1.06949 -2.31765
-1.07564 -2.32276
-1.08156 -2.32813
-1.08766 -2.33331
-1.09365 -2.33859
-1.09968 -2.34384
-1.10568 -2.34912
-1.11173 -2.35433
-1.11782 -2.35951
-1.12402 -2.36457
-1.12998 -2.3699
-1.13282 -2.37271
-1.13567 -2.37552
-1.14164 -2.38084
-1.14773 -2.38602
-1.15371 -2.39132
-1.1596 -2.39672
-1.16572 -2.40187
-1.17179 -2.40706
-1.17783 -2.4123
-1.18367 -2.41776
-1.18959 -2.42314
-1.1928 -2.42553
-1.19602 -2.42793
-1.20193 -2.4333
-1.20783 -2.4387
-1.21372 -2.4441
-1.21971 -2.44939
-1.22292 -2.45179
-1.22613 -2.45419
-1.229 -2.45698
-1.23187 -2.45977
-1.238 -2.4649
-1.24386 -2.47035
-1.24999 -2.47547
-1.25587 -2.48089
-1.26182 -2.48622
-1.26789 -2.49142
-1.27406 -2.49652
-1.27993 -2.50194
-1.28581 -2.50736
-1.2918 -2.51264
-1.29776 -2.51797
-1.30382 -2.52319
-1.30986 -2.52842
-1.31304 -2.53085
-1.31622 -2.53328
-1.31907 -2.5361
-1.32191 -2.53892
-1.32805 -2.54404
-1.33092 -2.54683
-1.3338 -2.54961
-1.33982 -2.55486
-1.34597 -2.55997
-1.352 -2.56522
-1.35514 -2.5677
-1.35828 -2.57018
-1.36111 -2.57301
-1.36394 -2.57584
-1.36707 -2.57833
-1.3702 -2.58082
-1.37605 -2.58627
-1.38188 -2.59175
-1.38504 -2.59421
-1.3882 -2.59666
-1.39399 -2.60218
-1.39711 -2.60468
-1.40024 -2.60718
-1.4062 -2.61251
-1.40902 -2.61535
-1.41184 -2.61819
-1.41795 -2.62334
-1.4239 -2.62869
-1.42714 -2.63105
-1.43039 -2.63341
-1.43623 -2.63887
-1.44211 -2.64428
-1.44796 -2.64974
-1.45115 -2.65216
-1.45434 -2.65458
-1.45718 -2.6574
-1.46002 -2.66023
-1.46318 -2.66269
-1.46634 -2.66514
-1.46916 -2.66798
-1.47199 -2.67082
-1.47809 -2.67599
-1.48424 -2.68109
-1.49024 -2.68637
-1.49644 -2.69143
-1.50238 -2.69677
-1.50823 -2.70222
-1.51419 -2.70755
-1.52017 -2.71285
-1.52333 -2.71531
-1.52649 -2.71777
-1.52924 -2.72069
-1.53199 -2.72361
-1.53807 -2.72881
-1.54405 -2.7341
-1.54727 -2.73649
-1.5505 -2.73888
-1.55337 -2.74166
-1.55624 -2.74445
-1.56228 -2.74969
-1.56836 -2.75488
-1.57438 -2.76013
-1.5804 -2.76539
-1.58621 -2.77088
-1.59221 -2.77616
-1.59815 -2.7815
-1.60435 -2.78656
-1.61054 -2.79162
-1.61658 -2.79686
-1.61943 -2.79966
-1.62229 -2.80246
-1.62827 -2.80777
-1.63447 -2.81282
-1.64051 -2.81806
-1.64656 -2.82328
-1.65264 -2.82847
-1.65552 -2.83124
-1.6584 -2.83401
-1.66446 -2.83923
-1.67066 -2.84428
-1.67648 -2.84976
-1.68239 -2.85515
-1.68843 -2.86039
-1.69434 -2.86576
-1.6975 -2.86822
-1.70065 -2.87069
-1.70651 -2.87613
-1.71255 -2.88136
-1.71844 -2.88677
-1.72439 -2.8921
-1.73054 -2.89722
-1.73672 -2.90229
-1.74253 -2.90778
-1.74834 -2.91329
-1.75456 -2.91831
-1.7607 -2.92343
-1.7635 -2.9263
-1.76629 -2.92917
-1.77249 -2.93423
-1.77862 -2.93937
-1.7844 -2.9449
-1.78756 -2.94735
-1.79073 -2.9498
-1.79664 -2.95518
-1.80273 -2.96036
-1.80558 -2.96317
-1.80843 -2.96597
-1.81159 -2.96843
-1.81475 -2.97089
-1.82054 -2.97641
-1.82647 -2.98177
-1.82962 -2.98424
-1.83277 -2.98671
-1.83866 -2.99211
-1.84465 -2.9974
-1.85065 -3.00268
-1.85354 -3.00545
-1.85642 -3.00823
-1.85964 -3.01062
-1.86285 -3.01301
-1.86572 -3.0158
-1.86859 -3.01859
-1.87474 -3.0237
-1.88069 -3.02903
-1.88681 -3.03418
-1.89289 -3.03936
-1.89882 -3.04473
-1.90487 -3.04995
-1.90771 -3.05277
-1.91055 -3.05559
-1.91656 -3.06086
-1.91969 -3.06335
-1.92282 -3.06584
-1.92863 -3.07134
-1.93484 -3.07638
-1.94067 -3.08186
-1.94685 -3.08692
-1.94972 -3.08971
-1.95259 -3.0925
-1.95872 -3.09763
-1.96485 -3.10276
-1.97073 -3.10818
-1.97659 -3.11362
-1.97975 -3.11608
-1.98291 -3.11854
-1.9887 -3.12406
-1.99486 -3.12916
-1.9977 -3.13197
-2.00055 -3.13479
-2.00368 -3.13728
-2.00681 -3.13976
-2.01261 -3.14528
-2.01878 -3.15037
-2.02494 -3.15546
-2.02776 -3.1583
-2.03058 -3.16115
-2.03375 -3.1636
-2.03691 -3.16605
-2.04285 -3.1714
-2.04598 -3.1739
-2.0491 -3.17639
-2.0519 -3.17927
-2.05469 -3.18214
-2.06086 -3.18723
-2.06682 -3.19255
-2.07273 -3.19794
-2.07586 -3.20042
-2.079 -3.20291
-2.08516 -3.20801
-2.09101 -3.21346
-2.09684 -3.21893
-2.10001 -3.22138
-2.10318 -3.22383
-2.10598 -3.22669
-2.10878 -3.22955
-2.11197 -3.23198
-2.11516 -3.2344
-2.11798 -3.23724
-2.1208 -3.24009
-2.12686 -3.2453
-2.13275 -3.25071
-2.13893 -3.25578
-2.14481 -3.2612
-2.15077 -3.26652
-2.15397 -3.26893
-2.15718 -3.27134
-2.16315 -3.27665
-2.16927 -3.28179
-2.17214 -3.28458
-2.17501 -3.28737
-2.18088 -3.29279
-2.18702 -3.29792
-2.19292 -3.30332
-2.19895 -3.30856
-2.20493 -3.31386
-2.21093 -3.31914
-2.21688 -3.32448
-2.22011 -3.32686
-2.22334 -3.32924
-2.22918 -3.33469
-2.23203 -3.3375
-2.23488 -3.34031
-2.24107 -3.34537
-2.24724 -3.35046
-2.25009 -3.35327
-2.25294 -3.35608
-2.25896 -3.36134
-2.2621 -3.36382
-2.26523 -3.36631
-2.27126 -3.37156
-2.27409 -3.37439
-2.27692 -3.37723
-2.28296 -3.38246
-2.28901 -3.38768
-2.29491 -3.39308
-2.29811 -3.39549
-2.3013 -3.39791
-2.3073 -3.4032
-2.3133 -3.40847
-2.31919 -3.41388
-2.32522 -3.41912
-2.33138 -3.42422
-2.33721 -3.42969
-2.34314 -3.43505
-2.34905 -3.44043
-2.35226 -3.44284
-2.35546 -3.44524
-2.35832 -3.44804
-2.36118 -3.45084
-2.36713 -3.45618
-2.37314 -3.46145
-2.37631 -3.4639
-2.37947 -3.46635
-2.38227 -3.46923
-2.38506 -3.4721
-2.39104 -3.4774
-2.3942 -3.47986
-2.39735 -3.48232
-2.40324 -3.48773
-2.40638 -3.49021
-2.40952 -3.49269
-2.41542 -3.49809
-2.42136 -3.50344
-2.42735 -3.50872
-2.4332 -3.51418
-2.43926 -3.51938
-2.44526 -3.52466
-2.45146 -3.52972
-2.45759 -3.53485
-2.46041 -3.5377
-2.46323 -3.54054
-2.46641 -3.54297
-2.4696 -3.5454
-2.47558 -3.5507
-2.48137 -3.55622
-2.48761 -3.56123
-2.49362 -3.56649
-2.49963 -3.57176
-2.50249 -3.57456
-2.50535 -3.57736
-2.50849 -3.57985
-2.51162 -3.58233
-2.51742 -3.58784
-2.52321 -3.59336
-2.52642 -3.59576
-2.52964 -3.59815
-2.53247 -3.60098
-2.53531 -3.6038
-2.53847 -3.60626
-2.54163 -3.60872
-2.54449 -3.61152
-2.54735 -3.61432
-2.55341 -3.61953
-2.55656 -3.622
-2.55971 -3.62447
-2.56555 -3.62993
-2.57157 -3.63519
-2.57445 -3.63796
-2.57733 -3.64074
-2.58357 -3.64575
-2.58949 -3.65111
-2.59547 -3.65642
-2.60133 -3.66186
-2.60454 -3.66426
-2.60774 -3.66667
-2.61365 -3.67205
-2.61968 -3.6773
-2.62251 -3.68013
-2.62534 -3.68297
-2.63132 -3.68826
-2.63751 -3.69333
-2.64362 -3.69849
-2.64649 -3.70127
-2.64936 -3.70406
-2.65251 -3.70653
-2.65566 -3.709
-2.6618 -3.71412
-2.6678 -3.7194
-2.67386 -3.72461
-2.67976 -3.73
-2.68587 -3.73516
-2.68868 -3.73801
-2.69149 -3.74087
-2.69465 -3.74333
-2.6978 -3.74579
-2.70064 -3.74862
-2.70347 -3.75145
-2.7097 -3.75647
-2.71554 -3.76194
-2.7215 -3.76725
-2.7247 -3.76967
-2.72789 -3.77209
-2.73388 -3.77739
-2.73674 -3.78018
-2.73961 -3.78297
-2.74544 -3.78845
-2.74861 -3.79088
-2.75179 -3.79332
-2.75794 -3.79843
-2.76378 -3.80389
-2.76993 -3.809
-2.77278 -3.81182
-2.77562 -3.81464
-2.78155 -3.81999
-2.78767 -3.82514
-2.79079 -3.82764
-2.79392 -3.83014
-2.79975 -3.83561
-2.80287 -3.83811
-2.806 -3.84061
-2.81203 -3.84585
-2.81478 -3.84878
-2.81752 -3.8517
-2.82078 -3.85406
-2.82403 -3.85641
-2.82689 -3.8592
-2.82976 -3.86199
-2.83569 -3.86736
-2.83881 -3.86985
-2.84194 -3.87235
-2.84784 -3.87774
-2.85379 -3.88308
-2.85965 -3.88851
-2.86583 -3.89359
-2.87187 -3.89882
-2.87809 -3.90385
-2.88401 -3.90923
-2.88684 -3.91206
-2.88967 -3.91489
-2.89563 -3.92022
-2.90179 -3.92531
-2.90496 -3.92776
-2.90813 -3.93021
-2.91413 -3.93549
-2.92015 -3.94075
-2.92599 -3.94621
-2.93197 -3.9515
-2.93818 -3.95655
-2.94414 -3.96187
-2.94694 -3.96474
-2.94974 -3.9676
-2.95287 -3.9701
-2.956 -3.97259
-2.96211 -3.97775
-2.96499 -3.98052
-2.96788 -3.98329
-2.97376 -3.98871
-2.97693 -3.99115
-2.98011 -3.99358
-2.98611 -3.99887
-2.98896 -4.00168
-2.99181 -4.00448
-2.995 -4.00691
-2.99819 -4.00933
-3.00104 -4.01215
-3.00388 -4.01496
-3.00698 -4.0174
-3.00678 -4.01775
-3.0063 -4.01832
-3.00622 -4.01916
-3.00549 -4.01957
-3.00489 -4.02012
-3.00468 -4.02086
-3.00473 -4.02168
-3.00463 -4.02243
-3.00409 -4.02307
-3.00411 -4.02384
-3.00403 -4.02459
-3.00409 -4.02534
-3.00383 -4.0261
-3.00436 -4.02682
-3.00464 -4.02752
-3.00423 -4.02836
-3.00467 -4.02903
-3.00469 -4.02982
-3.0064 -4.03386
-3.00811 -4.0379
-3.00853 -4.03843
-3.00894 -4.03895
-3.00901 -4.03965
-3.0123 -4.04504
-3.01558 -4.05042
-3.01886 -4.05581
-3.02214 -4.0612
-3.02491 -4.06507
-3.02767 -4.06893
-3.02774 -4.06972
-3.02797 -4.07041
-3.02833 -4.07104
-3.02897 -4.07142
-3.02941 -4.07198
-3.03036 -4.07195
-3.03076 -4.07255
-3.03133 -4.07294
-3.03198 -4.07319
-3.03261 -4.07347
-3.0332 -4.07383
-3.03955 -4.07634
-3.0459 -4.07885
-3.05225 -4.08135
-3.05859 -4.08386
-3.06494 -4.08637
-3.07129 -4.08888
-3.07182 -4.08953
-3.07246 -4.08995
-3.0732 -4.09008
-3.074 -4.08987
-3.07474 -4.08986
-3.0754 -4.09063
-3.07617 -4.09006
-3.07692 -4.09043
-3.07768 -4.09049
-3.0784 -4.0902
-3.0791 -4.08991
-3.0799 -4.08999
-3.08049 -4.08938
-3.08124 -4.08924
-3.08176 -4.08862
-3.08247 -4.08838
-3.08321 -4.08815
-3.08345 -4.08723
-3.08426 -4.08706
-3.08445 -4.0862
-3.08477 -4.08581
-3.08797 -4.08878
-3.09412 -4.09389
-3.09724 -4.09639
-3.10037 -4.09889
-3.1062 -4.10435
-3.11227 -4.10955
-3.11514 -4.11234
-3.11801 -4.11513
-3.12407 -4.12034
-3.12994 -4.12576
-3.13594 -4.13105
-3.13908 -4.13352
-3.14223 -4.136
-3.14814 -4.14138
-3.15401 -4.1468
-3.1601 -4.15199
-3.16595 -4.15743
-3.16916 -4.15984
-3.17236 -4.16225
-3.17837 -4.16752
-3.18119 -4.17036
-3.18401 -4.1732
-3.19012 -4.17837
-3.19617 -4.18358
-3.20231 -4.1887
-3.20827 -4.19402
-3.21434 -4.19922
-3.22013 -4.20474
-3.22622 -4.20993
-3.23209 -4.21536
-3.23529 -4.21776
-3.23849 -4.22017
-3.24136 -4.22296
-3.24423 -4.22575
-3.25009 -4.23119
-3.25628 -4.23626
-3.26248 -4.24131
-3.26855 -4.2465
-3.27134 -4.24938
-3.27413 -4.25226
-3.27734 -4.25466
-3.28055 -4.25706
-3.28638 -4.26254
-3.29216 -4.26807
-3.2982 -4.2733
-3.30422 -4.27855
-3.31034 -4.2837
-3.31626 -4.28907
-3.3225 -4.29408
-3.32851 -4.29934
-3.33438 -4.30477
-3.34056 -4.30985
-3.34654 -4.31515
-3.35241 -4.32058
-3.35821 -4.32609
-3.36428 -4.33129
-3.36747 -4.33371
-3.37065 -4.33614
-3.37668 -4.34139
-3.38253 -4.34684
-3.38538 -4.34965
-3.38823 -4.35246
-3.39147 -4.35483
-3.39471 -4.3572
-3.39749 -4.36008
-3.40028 -4.36296
-3.40347 -4.36538
-3.40666 -4.36781
-3.40952 -4.37061
-3.41238 -4.37341
-3.41858 -4.37847
-3.42473 -4.38357
-3.43053 -4.38908
-3.43647 -4.39442
-3.44246 -4.39972
-3.44829 -4.40519
-3.4515 -4.40758
-3.45472 -4.40998
-3.45759 -4.41277
-3.46045 -4.41556
-3.4636 -4.41803
-3.46675 -4.4205
-3.46955 -4.42337
-3.47235 -4.42623
-3.4755 -4.4287
-3.47866 -4.43117
-3.48152 -4.43396
-3.48439 -4.43675
-3.49062 -4.44177
-3.49682 -4.44683
-3.49967 -4.44963
-3.50252 -4.45244
-3.50568 -4.4549
-3.50884 -4.45735
-3.51484 -4.46264
-3.52074 -4.46803
-3.52356 -4.47088
-3.52638 -4.47372
-3.52953 -4.47619
-3.53268 -4.47866
-3.53882 -4.48378
-3.54161 -4.48665
-3.5444 -4.48953
-3.55055 -4.49465
-3.55657 -4.49991
-3.5597 -4.5024
-3.56283 -4.50489
-3.56882 -4.51018
-3.57492 -4.51534
-3.58081 -4.52075
-3.58675 -4.5261
-3.58961 -4.52889
-3.59248 -4.53168
-3.59565 -4.53413
-3.59882 -4.53658
-3.6048 -4.54188
-3.61082 -4.54713
-3.61698 -4.55223
-3.62276 -4.55776
-3.6289 -4.56288
-3.635 -4.56805
-3.63776 -4.57096
-3.64052 -4.57387
-3.64366 -4.57635
-3.6468 -4.57883
-3.65275 -4.58417
-3.65868 -4.58953
-3.66482 -4.59465
-3.67063 -4.60015
-3.67687 -4.60516
-3.67972 -4.60796
-3.68258 -4.61076
-3.68863 -4.61599
-3.69479 -4.62109
-3.70094 -4.6262
-3.70699 -4.63142
-3.71309 -4.63658
-3.71904 -4.64192
-3.725 -4.64724
-3.72781 -4.6501
-3.73062 -4.65296
-3.73664 -4.65821
-3.73985 -4.66061
-3.74306 -4.66301
-3.74587 -4.66587
-3.74867 -4.66874
-3.75478 -4.67389
-3.761 -4.67892
-3.76688 -4.68434
-3.77267 -4.68986
-3.77589 -4.69225
-3.7791 -4.69464
-3.78199 -4.69741
-3.78487 -4.70019
-3.79103 -4.70528
-3.79392 -4.70805
-3.7968 -4.71082
-3.80279 -4.71612
-3.80889 -4.72128
-3.81204 -4.72375
-3.81519 -4.72622
-3.82112 -4.73158
-3.82704 -4.73695
-3.83053 -4.74076
-3.83571 -4.74493
-3.84048 -4.74953
-3.84524 -4.75415
-3.84974 -4.75903
-3.85476 -4.76337
-3.85546 -4.7647
-3.85977 -4.76896
-3.86406 -4.77325
-3.86717 -4.77697
-3.87078 -4.78027
-3.87365 -4.78417
-3.87666 -4.78801
-3.87919 -4.79215
-3.88126 -4.79654
-3.88333 -4.80093
-3.88562 -4.80521
-3.88709 -4.80984
-3.88879 -4.81436
-3.89047 -4.81894
-3.89151 -4.8237
-3.89206 -4.82852
-3.89255 -4.83333
-3.89332 -4.83814
-3.89356 -4.84299
-3.89368 -4.85099
-3.89348 -4.85499
-3.89328 -4.85899
-3.89348 -4.86299
-3.89368 -4.86699
-3.89352 -4.87099
-3.89335 -4.87499
-3.89336 -4.88299
-3.89337 -4.89099
-3.89353 -4.89498
-3.89369 -4.89898
-3.89384 -4.90298
-3.894 -4.90698
-3.89391 -4.91098
-3.89382 -4.91498
-3.89393 -4.92298
-3.89414 -4.92698
-3.89434 -4.93097
-3.89411 -4.93498
-3.89387 -4.93898
-3.89399 -4.94298
-3.89411 -4.94697
-3.89427 -4.95097
-3.89444 -4.95497
-3.89438 -4.96297
-3.89461 -4.96697
-3.89483 -4.97097
-3.89466 -4.97497
-3.89449 -4.97897
-3.89472 -4.98297
-3.89496 -4.98696
-3.89484 -4.99096
-3.89472 -4.99496
-3.89482 -4.99896
-3.89493 -5.00296
-3.89467 -5.00696
-3.89441 -5.01096
-3.89463 -5.01496
-3.89485 -5.01896
-3.89455 -5.02415
-3.89471 -5.0294
-3.89391 -5.03454
-3.89304 -5.03969
-3.89188 -5.04476
-3.89035 -5.04974
-3.88863 -5.05465
-3.88697 -5.05962
-3.88435 -5.06413
-3.88189 -5.0687
-3.87956 -5.07338
-3.87661 -5.07768
-3.87344 -5.08181
-3.87011 -5.08581
-3.86724 -5.08907
-3.86453 -5.09248
-3.86296 -5.09387
-3.8576 -5.09944
-3.85263 -5.10537
-3.84724 -5.11092
-3.84205 -5.11665
-3.83684 -5.12236
-3.83528 -5.12358
-3.83012 -5.12911
-3.82499 -5.13467
-3.81962 -5.14
-3.81469 -5.14574
-3.80964 -5.1504
-3.80367 -5.15571
-3.80093 -5.15864
-3.7982 -5.16157
-3.79222 -5.16688
-3.78608 -5.17201
-3.78041 -5.17764
-3.77451 -5.18303
-3.76848 -5.18828
-3.76263 -5.19373
-3.75682 -5.19922
-3.75095 -5.20464
-3.74483 -5.20979
-3.74205 -5.21266
-3.73926 -5.21554
-3.73615 -5.21805
-3.73303 -5.22057
-3.72716 -5.22599
-3.72437 -5.22886
-3.72159 -5.23174
-3.71842 -5.2342
-3.71526 -5.23666
-3.70951 -5.24221
-3.70387 -5.24789
-3.70072 -5.25036
-3.69756 -5.25283
-3.69166 -5.25822
-3.68888 -5.2611
-3.68609 -5.26397
-3.68301 -5.26652
-3.67992 -5.26907
-3.67418 -5.27463
-3.66821 -5.27994
-3.66224 -5.28526
-3.65947 -5.28814
-3.65669 -5.29103
-3.6536 -5.29357
-3.65051 -5.29611
-3.64467 -5.30157
-3.63894 -5.30714
-3.63313 -5.31263
-3.62717 -5.31795
-3.62134 -5.32342
-3.61822 -5.32593
-3.6151 -5.32844
-3.60916 -5.33379
-3.60333 -5.33925
-3.6006 -5.34218
-3.59787 -5.34512
-3.59178 -5.3503
-3.58585 -5.35566
-3.58 -5.36111
-3.57387 -5.36624
-3.57113 -5.36916
-3.56838 -5.37208
-3.56522 -5.37455
-3.56207 -5.37702
-3.55638 -5.38265
-3.55047 -5.38802
-3.54439 -5.39322
-3.54167 -5.39616
-3.53895 -5.3991
-3.53301 -5.40446
-3.52991 -5.40699
-3.52682 -5.40952
-3.52109 -5.4151
-3.5153 -5.42061
-3.50919 -5.42577
-3.50333 -5.43121
-3.50052 -5.43405
-3.49771 -5.43689
-3.49454 -5.43935
-3.49138 -5.44182
-3.48567 -5.44742
-3.47984 -5.45288
-3.47386 -5.45819
-3.46773 -5.46332
-3.46503 -5.4663
-3.46234 -5.46927
-3.45925 -5.47181
-3.45616 -5.47435
-3.45027 -5.47976
-3.44428 -5.48505
-3.44147 -5.48789
-3.43865 -5.49073
-3.43264 -5.496
-3.42957 -5.49856
-3.4265 -5.50112
-3.42374 -5.50404
-3.42099 -5.50695
-3.41514 -5.51239
-3.41201 -5.51488
-3.40888 -5.51738
-3.40297 -5.52277
-3.39703 -5.52811
-3.39123 -5.53361
-3.38528 -5.53894
-3.38248 -5.5418
-3.37968 -5.54467
-3.37355 -5.5498
-3.36761 -5.55515
-3.36184 -5.56068
-3.35618 -5.56633
-3.35009 -5.57151
-3.34419 -5.5769
-3.33823 -5.58222
-3.33546 -5.58512
-3.3327 -5.58802
-3.32673 -5.59333
-3.32073 -5.59862
-3.31476 -5.60393
-3.30865 -5.60909
-3.30585 -5.61195
-3.30305 -5.61481
-3.29692 -5.61994
-3.29417 -5.62286
-3.29142 -5.62577
-3.28823 -5.62821
-3.28505 -5.63065
-3.27917 -5.63605
-3.2734 -5.64159
-3.26754 -5.64703
-3.26148 -5.65223
-3.25873 -5.65515
-3.25599 -5.65807
-3.2501 -5.66347
-3.24419 -5.66886
-3.24111 -5.67141
-3.23804 -5.67397
-3.23223 -5.67946
-3.22646 -5.68499
-3.22065 -5.69048
-3.21484 -5.69597
-3.21164 -5.69839
-3.20843 -5.7008
-3.20573 -5.70377
-3.20303 -5.70673
-3.19989 -5.70923
-3.19676 -5.71172
-3.19397 -5.7146
-3.19119 -5.71747
-3.18515 -5.72271
-3.17946 -5.72833
-3.17361 -5.73377
-3.17043 -5.73622
-3.16725 -5.73866
-3.16154 -5.74425
-3.15552 -5.74952
-3.14968 -5.75498
-3.14361 -5.76018
-3.13783 -5.7657
-3.13196 -5.77112
-3.12619 -5.77665
-3.12217 -5.77973
-3.11844 -5.78318
-3.11417 -5.78592
-3.10997 -5.78875
-3.10566 -5.79143
-3.10086 -5.79315
-3.09386 -5.79693
-3.08677 -5.80052
-3.07943 -5.80358
-3.07218 -5.80682
-3.06508 -5.8104
-3.05787 -5.81375
-3.05079 -5.81735
-3.04362 -5.82079
-3.03611 -5.82347
-3.02904 -5.82711
-3.02184 -5.83047
-3.01473 -5.834
-3.00752 -5.83736
-3.00036 -5.8408
-2.99319 -5.84421
-2.98576 -5.84707
-2.97876 -5.85085
-2.97147 -5.85403
-2.96416 -5.85716
-2.9571 -5.8608
-2.94981 -5.86397
-2.94278 -5.8677
-2.93554 -5.87095
-2.92842 -5.87448
-2.92109 -5.87757
-2.91396 -5.88108
-2.90685 -5.88463
-2.89971 -5.8881
-2.8925 -5.89145
-2.88516 -5.89451
-2.87806 -5.89808
-2.87073 -5.90115
-2.86348 -5.9044
-2.85646 -5.90815
-2.84905 -5.91105
-2.84208 -5.9149
-2.83487 -5.91825
-2.82764 -5.92154
-2.82024 -5.92447
-2.81307 -5.92788
-2.80612 -5.93178
-2.7989 -5.9351
-2.79153 -5.93809
-2.78447 -5.94173
-2.7772 -5.94496
-2.7701 -5.94852
-2.76268 -5.95141
-2.75562 -5.95506
-2.74826 -5.95807
-2.74119 -5.96172
-2.73397 -5.96504
-2.72673 -5.9683
-2.71955 -5.97171
-2.71229 -5.97493
-2.70525 -5.97862
-2.6981 -5.9821
-2.69081 -5.98525
-2.68357 -5.98854
-2.67633 -5.99179
-2.66938 -5.99569
-2.66207 -5.99882
-2.65499 -6.00243
-2.64762 -6.00543
-2.64056 -6.00907
-2.63337 -6.01245
-2.62609 -6.01564
-2.61878 -6.01876
-2.61179 -6.02256
-2.60466 -6.02608
-2.5973 -6.02908
-2.59008 -6.03241
-2.58281 -6.03562
-2.57566 -6.03909
-2.5687 -6.04294
-2.56123 -6.04574
-2.55419 -6.04942
-2.5471 -6.05303
-2.53963 -6.05581
-2.5326 -6.05953
-2.52538 -6.06283
-2.51809 -6.066
-2.51089 -6.06936
-2.50367 -6.07267
-2.4966 -6.07631
-2.48933 -6.07952
-2.48221 -6.08305
-2.47507 -6.08653
-2.46786 -6.08986
-2.46068 -6.09328
-2.45663 -6.09486
-2.45256 -6.09635
-2.44836 -6.09745
-2.44433 -6.09912
-2.44008 -6.10001
-2.43589 -6.10131
-2.4315 -6.1012
-2.42724 -6.10207
-2.42293 -6.10267
-2.41857 -6.10259
-2.41058 -6.10267
-2.40258 -6.10284
-2.39858 -6.10273
-2.39458 -6.10263
-2.39058 -6.10244
-2.38658 -6.10225
-2.38258 -6.10257
-2.37858 -6.10289
-2.37059 -6.10291
-2.36259 -6.1029
-2.35459 -6.10289
-2.34659 -6.10293
-2.34259 -6.1027
-2.33859 -6.10247
-2.33459 -6.1027
-2.33059 -6.10293
-2.3266 -6.10306
-2.3226 -6.10319
-2.3186 -6.10295
-2.3146 -6.10271
-2.3066 -6.10285
-2.3026 -6.10274
-2.2986 -6.10263
-2.2906 -6.10263
-2.2826 -6.10268
-2.27461 -6.1026
-2.27061 -6.1028
-2.26661 -6.10301
-2.26261 -6.10288
-2.25861 -6.10276
-2.25461 -6.10312
-2.25061 -6.10347
-2.24661 -6.10329
-2.24261 -6.1031
-2.23862 -6.103
-2.23462 -6.10289
-2.23062 -6.10321
-2.22662 -6.10353
-2.22262 -6.10329
-2.21862 -6.10305
-2.21062 -6.103
-2.20662 -6.10333
-2.20263 -6.10365
-2.19863 -6.10335
-2.19463 -6.10305
-2.18663 -6.10304
-2.18263 -6.10317
-2.17863 -6.10331
-2.17463 -6.10317
-2.17063 -6.10302
-2.16663 -6.10319
-2.16263 -6.10336
-2.15864 -6.1035
-2.15464 -6.10363
-2.15064 -6.10345
-2.14664 -6.10327
-2.14264 -6.10344
-2.13864 -6.10361
-2.13464 -6.10349
-2.13064 -6.10338
-2.12264 -6.10332
-2.11464 -6.10341
-2.10665 -6.10327
-2.09865 -6.10332
-2.09465 -6.10357
-2.09065 -6.10382
-2.08265 -6.10386
-2.07865 -6.10397
-2.07466 -6.10408
-2.06666 -6.10404
-2.05866 -6.10413
-2.05066 -6.10399
-2.04666 -6.10377
-2.04266 -6.10354
-2.03866 -6.1037
-2.03466 -6.10385
-2.03066 -6.10371
-2.02667 -6.10357
-2.02267 -6.10381
-2.01867 -6.10405
-2.01067 -6.10413
-2.00667 -6.10397
-2.00267 -6.10381
-1.99467 -6.10398
-1.98668 -6.10399
-1.98268 -6.10413
-1.97868 -6.10426
-1.97468 -6.10405
-1.97068 -6.10384
-1.96668 -6.10412
-1.96268 -6.1044
-1.95468 -6.10447
-1.94669 -6.10454
-1.93869 -6.10444
-1.93069 -6.10461
-1.92669 -6.1043
-1.92269 -6.10398
-1.91469 -6.10408
-1.91069 -6.10438
-1.9067 -6.10469
-1.9027 -6.10449
-1.8987 -6.10428
-1.8907 -6.10438
-1.8867 -6.10419
-1.8827 -6.10401
-1.8787 -6.10423
-1.8747 -6.10444
-1.8707 -6.10456
-1.8667 -6.10469
-1.8627 -6.10439
-1.8587 -6.10409
-1.85471 -6.10444
-1.85071 -6.10479
-1.84671 -6.10469
-1.84271 -6.1046
-1.83871 -6.1044
-1.83471 -6.10421
-1.83071 -6.10447
-1.82671 -6.10473
-1.81872 -6.10492
-1.81472 -6.1048
-1.81072 -6.10467
-1.80672 -6.10454
-1.80272 -6.10441
-1.79872 -6.10464
-1.79472 -6.10488
-1.78672 -6.10496
-1.78272 -6.10481
-1.77872 -6.10466
-1.77073 -6.1048
-1.76273 -6.10468
-1.75873 -6.10486
-1.75473 -6.10503
-1.74673 -6.10519
-1.73874 -6.10523
-1.73074 -6.10514
-1.72674 -6.10493
-1.72274 -6.10471
-1.71874 -6.10482
-1.71474 -6.10492
-1.71074 -6.10504
-1.70674 -6.10515
-1.70274 -6.105
-1.69874 -6.10485
-1.69474 -6.10499
-1.69075 -6.10513
-1.68275 -6.10504
-1.67475 -6.10515
-1.67075 -6.10504
-1.66675 -6.10493
-1.65875 -6.10485
-1.65075 -6.10482
-1.64676 -6.10509
-1.64276 -6.10536
-1.63476 -6.10541
-1.62676 -6.1053
-1.62276 -6.10523
-1.61876 -6.10515
-1.61076 -6.10519
-1.60677 -6.10537
-1.60277 -6.10554
-1.59877 -6.10565
-1.59477 -6.10575
-1.59077 -6.10567
-1.58677 -6.10559
-1.57877 -6.10555
-1.57077 -6.10541
-1.56677 -6.10529
-1.56277 -6.10517
-1.55878 -6.10536
-1.55478 -6.10554
-1.54678 -6.10569
-1.53878 -6.10564
-1.53078 -6.1055
-1.52279 -6.10556
-1.51879 -6.10579
-1.51479 -6.10603
-1.51079 -6.10583
-1.50679 -6.10563
-1.50279 -6.10553
-1.49879 -6.10544
-1.49479 -6.10575
-1.49079 -6.10607
-1.48679 -6.10588
-1.48279 -6.1057
-1.4748 -6.10582
-1.4668 -6.10572
-1.4628 -6.106
-1.4588 -6.10628
-1.4508 -6.10626
-1.4468 -6.10616
-1.44281 -6.10605
-1.43481 -6.10619
-1.43081 -6.10611
-1.42681 -6.10604
-1.41881 -6.10592
-1.41481 -6.10617
-1.41081 -6.10643
-1.40681 -6.10635
-1.40281 -6.10628
-1.39482 -6.10642
-1.39082 -6.10616
-1.38682 -6.10589
-1.38282 -6.10601
-1.37882 -6.10614
-1.37082 -6.10633
-1.36682 -6.10622
-1.36282 -6.1061
-1.35882 -6.10631
-1.35483 -6.10652
-1.35083 -6.10634
-1.34683 -6.10616
-1.34283 -6.10638
-1.33883 -6.10659
-1.33083 -6.10645
-1.32683 -6.10635
-1.32283 -6.10626
-1.31483 -6.10622
-1.30684 -6.10613
-1.29884 -6.10626
-1.29484 -6.10641
-1.29084 -6.10656
-1.28684 -6.10642
-1.28284 -6.10629
-1.27484 -6.10647
-1.26685 -6.10665
-1.26285 -6.10676
-1.25885 -6.10687
-1.25085 -6.10682
-1.24685 -6.10674
-1.24285 -6.10666
-1.23885 -6.10681
-1.23486 -6.10696
-1.22686 -6.10706
-1.21886 -6.10708
-1.21486 -6.10687
-1.21086 -6.10666
-1.20286 -6.10652
-1.19486 -6.10644
-1.19086 -6.1067
-1.18687 -6.10696
-1.17887 -6.10706
-1.17487 -6.10695
-1.17087 -6.10684
-1.16687 -6.10708
-1.16287 -6.10732
-1.15887 -6.10706
-1.15487 -6.1068
-1.14687 -6.10666
-1.14296 -6.10673
-1.14287 -6.10712
-1.14267 -6.10785
-1.14293 -6.10864
-1.14294 -6.10941
-1.14209 -6.10994
-1.14191 -6.11064
-1.14214 -6.11154
-1.14198 -6.11231
-1.14103 -6.11262
-1.14081 -6.11335
-1.14027 -6.11385
-1.14027 -6.11483
-1.13961 -6.11525
-1.13906 -6.11575
-1.13488 -6.11925
-1.13071 -6.12275
-1.13055 -6.12369
-1.12964 -6.12365
-1.12917 -6.12425
-1.12875 -6.12499
-1.12805 -6.12524
-1.12728 -6.12527
-1.12666 -6.12571
-1.12587 -6.12557
-1.12516 -6.12568
-1.11747 -6.12747
-1.10977 -6.12926
-1.10208 -6.13105
-1.09438 -6.13284
-1.09368 -6.13284
-1.09301 -6.13301
-1.09231 -6.13275
-1.09164 -6.1328
-1.09093 -6.13307
-1.0902 -6.13334
-1.08551 -6.13263
-1.08082 -6.13193
-1.08016 -6.13142
-1.07948 -6.13114
-1.07866 -6.13126
-1.0779 -6.13113
-1.07158 -6.1287
-1.06527 -6.12626
-1.05895 -6.12383
-1.05263 -6.12139
-1.04631 -6.11896
-1.04579 -6.11827
-1.04522 -6.11778
-1.04443 -6.11763
-1.04371 -6.11734
-1.04342 -6.11651
-1.04288 -6.11601
-1.04193 -6.11588
-1.04183 -6.11499
-1.04124 -6.1145
-1.04059 -6.11402
-1.04021 -6.11336
-1.03997 -6.11263
-1.0395 -6.11199
-1.03979 -6.11111
-1.03951 -6.11043
-1.03872 -6.10981
-1.03876 -6.10903
-1.03858 -6.10827
-1.03882 -6.10758
-1.0349 -6.10754
-1.0269 -6.10742
-1.0229 -6.1073
-1.0189 -6.10718
-1.01091 -6.10714
-1.00691 -6.10729
-1.00291 -6.10744
-0.99491 -6.10734
-0.986912 -6.10734
-0.982914 -6.1075
-0.978915 -6.10765
-0.974915 -6.10743
-0.970915 -6.10722
-0.966917 -6.10733
-0.962918 -6.10744
-0.958919 -6.1076
-0.954921 -6.10777
-0.946923 -6.10782
-0.938924 -6.10775
-0.930927 -6.10787
-0.922928 -6.1079
-0.91893 -6.10802
-0.914931 -6.10814
-0.906933 -6.10807
-0.902933 -6.10797
-0.898934 -6.10787
-0.890936 -6.10806
-0.886937 -6.10796
-0.882937 -6.10785
-0.874939 -6.1079
-0.870941 -6.10812
-0.866943 -6.10834
-0.862943 -6.1081
-0.858943 -6.10786
-0.850944 -6.10776
-0.846946 -6.108
-0.842948 -6.10825
-0.838948 -6.10798
-0.834948 -6.10772
-0.82695 -6.10778
-0.822951 -6.10791
-0.818952 -6.10804
-0.814954 -6.10819
-0.810955 -6.10834
-0.806957 -6.10847
-0.802958 -6.1086
-0.798958 -6.10845
-0.794959 -6.1083
-0.78696 -6.1082
-0.782961 -6.10831
-0.778963 -6.10842
-0.774963 -6.10827
-0.770963 -6.10811
-0.766965 -6.10838
-0.762967 -6.10864
-0.754969 -6.10867
-0.750969 -6.10856
-0.74697 -6.10844
-0.742972 -6.10863
-0.738973 -6.10882
-0.734973 -6.10859
-0.730973 -6.10836
-0.726975 -6.10848
-0.722976 -6.1086
-0.714978 -6.10858
-0.70698 -6.10872
-0.698981 -6.10859
-0.694983 -6.10874
-0.690984 -6.10889
-0.686985 -6.10877
-0.682985 -6.10865
-0.674986 -6.10852
-0.670987 -6.10845
-0.666988 -6.10837
-0.662989 -6.10855
-0.658991 -6.10872
-0.650992 -6.10869
-0.642994 -6.10871
-0.634996 -6.10879
-0.626998 -6.10883
-0.622999 -6.1087
-0.618999 -6.10858
-0.615 -6.10868
-0.611002 -6.10879
-0.603004 -6.10893
-0.599005 -6.10882
-0.595005 -6.10872
-0.587007 -6.10882
-0.583009 -6.10895
-0.57901 -6.10908
-0.57501 -6.10891
-0.571011 -6.10874
-0.563013 -6.10887
-0.555015 -6.1089
-0.551016 -6.109
-0.547017 -6.10911
-0.539019 -6.10906
-0.535019 -6.10898
-0.53102 -6.10889
-0.527022 -6.10911
-0.523023 -6.10932
-0.515025 -6.10941
-0.511026 -6.10917
-0.507026 -6.10894
-0.503027 -6.10906
-0.499028 -6.10919
-0.491031 -6.10937
-0.483033 -6.10956
-0.479033 -6.10934
-0.475033 -6.10912
-0.471035 -6.10942
-0.467037 -6.10972
-0.463038 -6.10958
-0.459038 -6.10944
-0.455038 -6.10925
-0.451039 -6.10905
-0.443041 -6.10922
-0.439043 -6.10948
-0.435045 -6.10975
-0.431045 -6.10963
-0.427046 -6.10951
-0.419047 -6.10952
-0.415049 -6.10967
-0.41105 -6.10982
-0.407051 -6.10968
-0.403051 -6.10954
-0.395053 -6.10957
-0.391054 -6.10972
-0.387056 -6.10986
-0.383056 -6.10968
-0.379056 -6.1095
-0.375058 -6.1097
-0.37106 -6.10989
-0.36706 -6.10982
-0.363061 -6.10975
-0.355063 -6.10988
-0.351064 -6.10974
-0.347064 -6.10961
-0.339065 -6.10952
-0.331067 -6.10951
-0.323069 -6.10961
-0.319071 -6.10973
-0.315072 -6.10986
-0.311073 -6.10997
-0.307075 -6.11008
-0.303075 -6.10984
-0.299075 -6.10959
-0.295077 -6.10996
-0.291079 -6.11033
-0.283081 -6.11038
-0.279081 -6.11011
-0.275081 -6.10984
-0.267083 -6.10977
-0.263084 -6.1099
-0.259085 -6.11003
-0.255086 -6.10993
-0.251086 -6.10984
-0.247088 -6.11019
-0.243091 -6.11053
-0.235092 -6.11045
-0.231092 -6.11015
-0.227092 -6.10985
-0.219094 -6.10989
-0.215096 -6.11023
-0.211098 -6.11057
-0.207098 -6.11043
-0.203099 -6.11029
-0.195101 -6.11038
-0.191102 -6.11052
-0.187104 -6.11066
-0.183104 -6.11038
-0.179103 -6.1101
-0.175106 -6.11045
-0.171108 -6.1108
-0.167108 -6.11065
-0.163108 -6.11049
-0.15911 -6.11062
-0.155111 -6.11074
-0.151112 -6.11062
-0.147112 -6.11051
-0.143113 -6.11038
-0.139113 -6.11024
-0.131115 -6.11035
-0.123117 -6.11051
-0.119118 -6.11038
-0.115118 -6.11025
-0.107121 -6.11036
-0.103122 -6.11055
-0.0991237 -6.11074
-0.0911255 -6.11074
-0.0871257 -6.11055
-0.0831259 -6.11036
-0.0791281 -6.11073
-0.0751304 -6.1111
-0.0711301 -6.11077
-0.0671298 -6.11043
-0.063132 -6.11081
-0.0591342 -6.11118
-0.055134 -6.11085
-0.0511337 -6.11051
-0.047135 -6.11065
-0.0431364 -6.11078
-0.0351381 -6.11074
-0.0271394 -6.1106
-0.0191413 -6.11064
-0.0151434 -6.11098
-0.0111455 -6.11131
-0.00714583 -6.11116
-0.00314618 -6.111
0.000852178 -6.11121
0.00485053 -6.11142
0.0128486 -6.11145
0.0168483 -6.11128
0.0208481 -6.1111
0.0288461 -6.11115
0.0368438 -6.1113
0.0408432 -6.11119
0.0448427 -6.11109
0.0488411 -6.11128
0.0528396 -6.11147
0.0568394 -6.11126
0.0608392 -6.11106
0.0648372 -6.11137
0.0688352 -6.11168
0.0728349 -6.11153
0.0768345 -6.11139
0.080833 -6.11156
0.0848315 -6.11173
0.0888311 -6.11159
0.0928306 -6.11145
0.100829 -6.1114
0.104829 -6.11129
0.108828 -6.11118
0.116827 -6.1111
0.120824 -6.11146
0.124822 -6.11182
0.128822 -6.1116
0.132822 -6.11138
0.13682 -6.11159
0.140819 -6.11181
0.144818 -6.11164
0.148818 -6.11147
0.152816 -6.11171
0.156815 -6.11194
0.160815 -6.11161
0.164815 -6.11129
0.172813 -6.11143
0.180811 -6.11144
0.184809 -6.11163
0.188808 -6.11181
0.196806 -6.1118
0.200805 -6.11192
0.204803 -6.11204
0.208803 -6.11186
0.212803 -6.11169
0.220801 -6.11183
0.228799 -6.11183
0.232797 -6.11202
0.236796 -6.1122
0.240795 -6.11202
0.244795 -6.11183
0.248794 -6.11199
0.252792 -6.11215
0.256792 -6.11198
0.260792 -6.11181
0.268789 -6.11193
0.272789 -6.11179
0.276789 -6.11165
0.280787 -6.11198
0.284784 -6.11231
0.288784 -6.11222
0.292783 -6.11213
0.296782 -6.11229
0.30078 -6.11245
0.30478 -6.11238
0.308779 -6.1123
0.312778 -6.11243
0.316776 -6.11256
0.324775 -6.11256
0.332773 -6.11255
0.336773 -6.11227
0.340773 -6.11198
0.344771 -6.11222
0.34877 -6.11246
0.352768 -6.11257
0.356767 -6.11269
0.360767 -6.11241
0.364767 -6.11214
0.368765 -6.11234
0.372764 -6.11254
0.376763 -6.11264
0.380761 -6.11275
0.384761 -6.11267
0.38876 -6.11259
0.39276 -6.11244
0.396759 -6.11229
0.404758 -6.11218
0.412756 -6.11229
0.416754 -6.11252
0.420752 -6.11274
0.428751 -6.11271
0.436748 -6.11284
0.444747 -6.11281
0.448745 -6.11292
0.452744 -6.11302
0.456744 -6.11275
0.460744 -6.11248
0.468742 -6.11253
0.47274 -6.1128
0.476739 -6.11308
0.484737 -6.11308
0.488737 -6.11289
0.492736 -6.1127
0.500735 -6.11269
0.508733 -6.11268
0.512731 -6.11286
0.51673 -6.11304
0.520728 -6.11317
0.524727 -6.1133
0.528727 -6.11313
0.532726 -6.11297
0.536726 -6.11282
0.540726 -6.11267
0.544724 -6.11295
0.548722 -6.11322
0.552722 -6.11296
0.556722 -6.1127
0.56472 -6.11267
0.572718 -6.11271
0.576717 -6.11287
0.580715 -6.11304
0.588713 -6.11319
0.592712 -6.11311
0.596712 -6.11303
0.60471 -6.11297
0.612708 -6.11295
0.616707 -6.11315
0.620705 -6.11335
0.624705 -6.11317
0.628705 -6.11299
0.636703 -6.113
0.644701 -6.11302
0.648699 -6.11323
0.652698 -6.11344
0.660696 -6.11339
0.664695 -6.11355
0.668693 -6.11372
0.672693 -6.11341
0.676694 -6.11311
0.680692 -6.1133
0.68469 -6.11348
0.692689 -6.11341
0.696688 -6.11333
0.700688 -6.11324
0.704686 -6.11356
0.708684 -6.11388
0.712684 -6.11357
0.716684 -6.11327
0.724682 -6.11342
0.73268 -6.11345
0.740678 -6.11357
0.748676 -6.11351
0.752675 -6.11365
0.756673 -6.1138
0.760673 -6.1137
0.764672 -6.11361
0.768671 -6.11352
0.772671 -6.11342
0.776669 -6.11371
0.780667 -6.114
0.788665 -6.11402
0.792665 -6.11384
0.796665 -6.11366
0.804663 -6.11369
0.812661 -6.11374
0.81666 -6.11366
0.82066 -6.11358
0.828657 -6.11375
0.832655 -6.11406
0.836653 -6.11438
0.844652 -6.11428
0.848652 -6.114
0.852652 -6.11372
0.85665 -6.114
0.860648 -6.11427
0.868646 -6.11446
0.872645 -6.11432
0.876645 -6.11418
0.880644 -6.11403
0.884644 -6.11388
0.888642 -6.11415
0.89264 -6.11441
0.89664 -6.11425
0.90064 -6.11409
0.904638 -6.11424
0.908637 -6.11439
0.912636 -6.11427
0.916636 -6.11415
0.920634 -6.11437
0.924633 -6.11459
0.928633 -6.11429
0.932633 -6.114
0.94063 -6.11419
0.944629 -6.11431
0.948628 -6.11443
0.952627 -6.11435
0.956626 -6.11427
0.964625 -6.11427
0.972623 -6.11413
0.976621 -6.11446
0.980619 -6.11479
0.984619 -6.11449
0.98862 -6.1142
0.992618 -6.11436
0.996617 -6.11452
1.00061 -6.11475
1.00461 -6.11497
1.00861 -6.11468
1.01261 -6.11439
1.02061 -6.11436
1.02461 -6.11455
1.02861 -6.11475
1.03261 -6.11455
1.03661 -6.11434
1.04061 -6.11473
1.0446 -6.11513
1.0486 -6.11491
1.0526 -6.11469
1.0566 -6.1148
1.0606 -6.11491
1.0646 -6.11483
1.0686 -6.11475
1.0726 -6.11466
1.0766 -6.11457
1.0806 -6.11479
1.0846 -6.11501
1.08859 -6.11483
1.09259 -6.11465
1.09659 -6.1149
1.10059 -6.11515
1.10859 -6.11511
1.11659 -6.11514
1.12059 -6.11526
1.12458 -6.11538
1.12859 -6.11505
1.13259 -6.11472
1.14058 -6.11486
1.14458 -6.11496
1.14858 -6.11507
1.15258 -6.1152
1.15658 -6.11534
1.16458 -6.1152
1.16858 -6.1153
1.17257 -6.1154
1.17657 -6.1153
1.18057 -6.1152
1.18457 -6.11506
1.18857 -6.11492
1.19657 -6.11504
1.20057 -6.11536
1.20457 -6.11567
1.20857 -6.11558
1.21256 -6.11549
1.21656 -6.11563
1.22056 -6.11576
1.22456 -6.11552
1.22856 -6.11528
1.23656 -6.11515
1.24456 -6.11526
1.25256 -6.11537
1.26055 -6.11553
1.26855 -6.1157
1.27655 -6.11575
1.28055 -6.11566
1.28455 -6.11557
1.28855 -6.1154
1.29255 -6.11523
1.29655 -6.11551
1.30054 -6.11579
1.30854 -6.11593
1.31254 -6.11566
1.31654 -6.11539
1.32054 -6.11556
1.32454 -6.11572
1.32854 -6.11563
1.33254 -6.11553
1.33654 -6.11578
1.34053 -6.11602
1.34853 -6.11604
1.35653 -6.11606
1.36053 -6.11593
1.36453 -6.1158
1.37253 -6.11566
1.37653 -6.11583
1.38053 -6.11601
1.38852 -6.11599
1.39652 -6.11608
1.40052 -6.11587
1.40452 -6.11565
1.40852 -6.11599
1.41252 -6.11633
1.41652 -6.11621
1.42052 -6.1161
1.42452 -6.11598
1.42851 -6.11587
1.43651 -6.11606
1.44051 -6.11591
1.44451 -6.11577
1.44851 -6.11592
1.45251 -6.11607
1.45651 -6.11626
1.46051 -6.11645
1.4645 -6.11636
1.4685 -6.11627
1.4765 -6.1163
1.4805 -6.11612
1.4845 -6.11594
1.4925 -6.11597
1.4965 -6.11631
1.5005 -6.11665
1.50849 -6.11655
1.51649 -6.11652
1.52049 -6.11643
1.52449 -6.11635
1.52849 -6.11659
1.53249 -6.11683
1.53649 -6.11651
1.54049 -6.11618
1.54849 -6.11623
1.55249 -6.11641
1.55648 -6.11658
1.56448 -6.1167
1.56848 -6.11646
1.57248 -6.11623
1.57648 -6.11642
1.58048 -6.1166
1.58448 -6.11675
1.58848 -6.11689
1.59247 -6.11673
1.59647 -6.11657
1.60047 -6.11671
1.60447 -6.11686
1.60847 -6.11665
1.61247 -6.11643
1.61647 -6.11673
1.62047 -6.11702
1.62847 -6.117
1.63246 -6.11711
1.63646 -6.11723
1.64446 -6.11714
1.65246 -6.11723
1.65646 -6.11701
1.66046 -6.11679
1.66446 -6.11699
1.66846 -6.11719
1.67645 -6.11737
1.68045 -6.1172
1.68445 -6.11702
1.68845 -6.11717
1.69245 -6.11732
1.69645 -6.11725
1.70045 -6.11717
1.70845 -6.11705
1.71245 -6.11718
1.71644 -6.11731
1.72044 -6.11743
1.72444 -6.11755
1.72844 -6.11742
1.73244 -6.11729
1.74044 -6.11734
1.74444 -6.11749
1.74844 -6.11763
1.75244 -6.11727
1.75644 -6.11691
1.76444 -6.11706
1.77243 -6.11714
1.77643 -6.11726
1.78043 -6.11737
1.78443 -6.11752
1.78843 -6.11766
1.79243 -6.11747
1.79643 -6.11727
1.80043 -6.11742
1.80442 -6.11757
1.81242 -6.1177
1.82042 -6.11775
1.82442 -6.11759
1.82842 -6.11742
1.83642 -6.1176
1.84042 -6.11753
1.84442 -6.11745
1.85241 -6.11749
1.86041 -6.1174
1.86441 -6.1175
1.86841 -6.1176
1.87241 -6.11751
1.87641 -6.11742
1.88041 -6.11773
1.8844 -6.11805
1.8884 -6.11785
1.8924 -6.11765
1.8964 -6.11785
1.9004 -6.11804
1.9044 -6.11792
1.9084 -6.11779
1.9124 -6.11763
1.9164 -6.11746
1.9204 -6.11758
1.9244 -6.11771
1.9324 -6.11763
1.93639 -6.11796
1.94039 -6.11829
1.94439 -6.11793
1.94839 -6.11757
1.95239 -6.11793
1.95639 -6.11828
1.96039 -6.11814
1.96439 -6.118
1.97239 -6.11796
1.98038 -6.1181
1.98438 -6.11796
1.98838 -6.11783
1.99238 -6.11796
1.99638 -6.1181
2.00038 -6.11802
2.00438 -6.11794
2.01238 -6.11787
2.01637 -6.11816
2.02037 -6.11846
2.02438 -6.11844
2.02838 -6.11842
2.03299 -6.11812
2.03763 -6.11805
2.04222 -6.11753
2.04681 -6.11682
2.05134 -6.11588
2.05574 -6.11444
2.06014 -6.11302
2.06468 -6.11194
2.06874 -6.10968
2.07314 -6.10818
2.08032 -6.10466
2.08376 -6.10261
2.0872 -6.10055
2.09087 -6.09896
2.09454 -6.09737
2.10171 -6.09382
2.10892 -6.09038
2.1124 -6.08841
2.11589 -6.08644
2.1196 -6.08492
2.1233 -6.0834
2.12675 -6.08135
2.13019 -6.0793
2.13385 -6.07769
2.13752 -6.07608
2.1447 -6.07257
2.14818 -6.07059
2.15166 -6.06861
2.15897 -6.06537
2.16623 -6.06201
2.16971 -6.06003
2.17319 -6.05805
2.1769 -6.05655
2.18062 -6.05505
2.18411 -6.0531
2.1876 -6.05114
2.1947 -6.04746
2.20185 -6.04389
2.20557 -6.0424
2.20929 -6.0409
2.21637 -6.03719
2.22342 -6.03342
2.23058 -6.02985
2.23428 -6.02833
2.23799 -6.0268
2.24141 -6.02471
2.24483 -6.02261
2.24852 -6.02106
2.25221 -6.0195
2.25941 -6.01603
2.26664 -6.01262
2.27013 -6.01066
2.27362 -6.00871
2.2809 -6.0054
2.288 -6.00172
2.29506 -5.99797
2.30229 -5.99456
2.30599 -5.99301
2.30968 -5.99146
2.31315 -5.98946
2.31662 -5.98745
2.32369 -5.98372
2.33099 -5.98046
2.33813 -5.97686
2.34188 -5.97526
2.34233 -5.97565
2.3427 -5.97628
2.34256 -5.97729
2.34355 -5.97743
2.34391 -5.97809
2.34438 -5.97865
2.34502 -5.97903
2.34564 -5.9794
2.34584 -5.98044
2.3465 -5.98083
2.34723 -5.98105
2.34811 -5.98087
2.34858 -5.98177
2.34944 -5.98145
2.35009 -5.98198
2.35089 -5.98157
2.3516 -5.98177
2.35633 -5.98226
2.36106 -5.98275
2.36168 -5.9829
2.36231 -5.98291
2.36296 -5.98314
2.36352 -5.98251
2.36413 -5.98245
2.37086 -5.98111
2.37759 -5.97977
2.38432 -5.97843
2.39105 -5.97709
2.39778 -5.97575
2.40451 -5.97441
2.40536 -5.97486
2.40586 -5.97401
2.40674 -5.9743
2.40745 -5.97408
2.4079 -5.97336
2.40861 -5.97315
2.40925 -5.97281
2.40961 -5.9721
2.41034 -5.97185
2.41097 -5.97146
2.41117 -5.97067
2.41175 -5.97023
2.41608 -5.96444
2.4204 -5.95866
2.42472 -5.95288
2.42904 -5.9471
2.43336 -5.94132
2.43376 -5.94071
2.43441 -5.94023
2.43493 -5.93965
2.43477 -5.93878
2.43527 -5.93818
2.43597 -5.93759
2.43581 -5.93678
2.43571 -5.93601
2.43631 -5.93531
2.43624 -5.93454
2.43637 -5.93377
2.43563 -5.9331
2.43606 -5.93228
2.43564 -5.9316
2.43592 -5.93073
2.43526 -5.93017
2.43507 -5.92944
2.43507 -5.92903
2.43836 -5.92709
2.44203 -5.9255
2.4457 -5.92392
2.45279 -5.92022
2.45999 -5.91674
2.46723 -5.91334
2.47439 -5.9098
2.47788 -5.90785
2.48137 -5.90589
2.48858 -5.90243
2.49577 -5.89894
2.50286 -5.89524
2.50655 -5.89369
2.51024 -5.89214
2.51726 -5.88831
2.52456 -5.88502
2.53171 -5.88145
2.53888 -5.87791
2.54615 -5.87459
2.55321 -5.87084
2.56033 -5.8672
2.56746 -5.86359
2.57112 -5.86198
2.57478 -5.86037
2.58188 -5.85668
2.589 -5.85306
2.59625 -5.84968
2.59976 -5.84775
2.60326 -5.84582
2.6069 -5.84422
2.60675 -5.84471
2.60773 -5.84501
2.60775 -5.84589
2.60841 -5.84632
2.60874 -5.84702
2.60905 -5.84777
2.60996 -5.84789
2.61019 -5.84879
2.61097 -5.849
2.61165 -5.8493
2.6121 -5.85006
2.61286 -5.85022
2.61346 -5.85077
2.61433 -5.85053
2.61505 -5.8507
2.61578 -5.85073
2.61649 -5.85104
2.61724 -5.85091
2.62181 -5.85141
2.62637 -5.85191
2.62714 -5.85186
2.62786 -5.85142
2.63409 -5.85101
2.64032 -5.85061
2.64655 -5.8502
2.64729 -5.85021
2.6479 -5.84951
2.64874 -5.84993
2.64937 -5.84948
2.64992 -5.84893
2.65085 -5.84925
2.65129 -5.84851
2.65194 -5.8482
2.65281 -5.84818
2.65317 -5.84746
2.65369 -5.84696
2.65423 -5.84647
2.65693 -5.84353
2.65764 -5.84339
2.65764 -5.84262
2.66224 -5.83718
2.66685 -5.83174
2.66752 -5.83131
2.66805 -5.83076
2.66834 -5.83005
2.66855 -5.82933
2.6691 -5.82875
2.67131 -5.82338
2.67352 -5.818
2.67573 -5.81263
2.67573 -5.81184
2.6761 -5.81117
2.67652 -5.81048
2.67605 -5.80965
2.67647 -5.80894
2.67604 -5.8082
2.67665 -5.80743
2.6761 -5.80674
2.67629 -5.80595
2.67634 -5.80516
2.67619 -5.80441
2.67601 -5.80366
2.67523 -5.80318
2.67498 -5.80248
2.6745 -5.80191
2.67421 -5.80121
2.67394 -5.80048
2.67375 -5.80037
2.67657 -5.7977
2.68289 -5.79285
2.68876 -5.78746
2.69484 -5.78232
2.70097 -5.77724
2.70702 -5.77207
2.71328 -5.76714
2.71931 -5.76194
2.72532 -5.75672
2.73113 -5.75127
2.73722 -5.74613
2.7436 -5.74135
2.74975 -5.73628
2.75586 -5.73118
2.76187 -5.72597
2.7676 -5.72041
2.77369 -5.71529
2.78014 -5.71058
2.78591 -5.70508
2.79207 -5.70003
2.79802 -5.69474
2.8044 -5.68995
2.81032 -5.68462
2.81632 -5.67938
2.82222 -5.67403
2.82869 -5.66936
2.83484 -5.6643
2.84081 -5.65902
2.84657 -5.65351
2.85295 -5.64872
2.85882 -5.64333
2.86518 -5.63853
2.871 -5.63309
2.87716 -5.62803
2.88327 -5.62293
2.88907 -5.61747
2.89551 -5.61275
2.90139 -5.60738
2.90738 -5.60212
2.9136 -5.59715
2.91942 -5.5917
2.92585 -5.58698
2.93186 -5.58176
2.93774 -5.57638
2.94395 -5.5714
2.95004 -5.56627
2.95617 -5.56119
2.9619 -5.55563
2.96796 -5.55047
2.97429 -5.54563
2.98052 -5.54067
2.98631 -5.53518
2.99243 -5.53009
2.99834 -5.52475
3.00486 -5.52013
3.01044 -5.5144
3.0167 -5.50947
3.02259 -5.5041
3.02894 -5.49929
3.03504 -5.49417
3.04127 -5.48921
3.04734 -5.48406
3.0532 -5.47865
3.05902 -5.47322
3.06549 -5.46853
3.07123 -5.46299
3.07759 -5.45818
3.08364 -5.45301
3.08977 -5.44792
3.09579 -5.44271
3.10168 -5.43735
3.10796 -5.43245
3.11414 -5.42742
3.11996 -5.42198
3.12597 -5.41676
3.13225 -5.41185
3.13825 -5.40662
3.14437 -5.40152
3.15028 -5.39618
3.15621 -5.39087
3.16224 -5.38568
3.16878 -5.38108
3.17468 -5.37572
3.18058 -5.37037
3.18663 -5.3652
3.19267 -5.36001
3.19868 -5.35479
3.20513 -5.35008
3.21102 -5.34472
3.21708 -5.33956
3.22314 -5.33439
3.22911 -5.32913
3.23522 -5.32402
3.24121 -5.31877
3.24762 -5.31402
3.25377 -5.30897
3.2597 -5.30365
3.26568 -5.29839
3.27181 -5.29331
3.27791 -5.2882
3.28378 -5.28281
3.29009 -5.27794
3.29589 -5.27247
3.30208 -5.26746
3.30842 -5.26263
3.3142 -5.25713
3.32055 -5.25232
3.32632 -5.2468
3.33252 -5.2418
3.33871 -5.2368
3.34469 -5.23155
3.35075 -5.22638
3.3569 -5.22132
3.36268 -5.21582
3.36897 -5.21093
3.37501 -5.20575
3.3811 -5.20062
3.3872 -5.1955
3.39331 -5.19039
3.39957 -5.18547
3.40547 -5.18012
3.41156 -5.175
3.41768 -5.1699
3.42339 -5.16432
3.42978 -5.15955
3.43551 -5.15402
3.44161 -5.14916
3.44694 -5.14349
3.45186 -5.13746
3.45613 -5.13168
3.46009 -5.12567
3.46408 -5.11969
3.46893 -5.11431
3.47108 -5.11025
3.47404 -5.10669
3.47585 -5.10247
3.47823 -5.09853
3.48009 -5.09435
3.4814 -5.08997
3.48326 -5.08577
3.48442 -5.08134
3.48553 -5.0769
3.4868 -5.07248
3.48752 -5.06796
3.4876 -5.06337
3.48798 -5.05881
3.48771 -5.05424
3.4884 -5.04637
3.48829 -5.03852
3.48804 -5.03066
3.48792 -5.0228
3.48759 -5.01495
3.48798 -5.00709
3.48787 -4.99923
3.48783 -4.99137
3.48742 -4.98351
3.48759 -4.97566
3.48726 -4.9678
3.48785 -4.95994
3.48716 -4.95208
3.48734 -4.94423
3.48728 -4.93637
3.48736 -4.92851
3.48732 -4.92065
3.48739 -4.91279
3.48747 -4.90493
3.48731 -4.89708
3.48686 -4.88922
3.487 -4.88136
3.48711 -4.8735
3.48674 -4.86846
3.48656 -4.8634
3.48535 -4.85849
3.48507 -4.8534
3.48317 -4.84868
3.48192 -4.84383
3.4808 -4.83885
3.47882 -4.83419
3.47623 -4.82984
3.47433 -4.82513
3.4717 -4.82083
3.46861 -4.81685
3.46572 -4.8127
3.46258 -4.80876
3.45913 -4.80508
3.45568 -4.80138
3.45034 -4.79585
3.44447 -4.79086
3.43888 -4.7856
3.43309 -4.78053
3.42776 -4.77498
3.42213 -4.76975
3.41679 -4.76421
3.41089 -4.75926
3.40986 -4.75791
3.4068 -4.75533
3.40374 -4.75275
3.40085 -4.74999
3.39795 -4.74723
3.3951 -4.74442
3.39224 -4.74162
3.38921 -4.73901
3.38617 -4.7364
3.3831 -4.73384
3.38002 -4.73128
3.37716 -4.72848
3.37429 -4.72569
3.37144 -4.72288
3.36859 -4.72008
3.36546 -4.71756
3.36234 -4.71505
3.35957 -4.71215
3.35681 -4.70925
3.35362 -4.70681
3.35044 -4.70436
3.3446 -4.69889
3.33875 -4.69345
3.33276 -4.68814
3.32994 -4.6853
3.32712 -4.68246
3.32424 -4.67968
3.32135 -4.67691
3.31822 -4.67441
3.31508 -4.67192
3.30924 -4.66645
3.30331 -4.66109
3.30029 -4.65845
3.29728 -4.65582
3.29457 -4.65286
3.29185 -4.6499
3.28879 -4.64733
3.28572 -4.64476
3.27989 -4.63928
3.27684 -4.63669
3.2738 -4.63409
3.27075 -4.6315
3.2677 -4.62891
3.265 -4.62593
3.26231 -4.62295
3.25632 -4.61765
3.25319 -4.61515
3.25006 -4.61264
3.2472 -4.60985
3.24433 -4.60705
3.24149 -4.60423
3.23865 -4.60141
3.23557 -4.59885
3.23249 -4.5963
3.22659 -4.5909
3.22074 -4.58544
3.21772 -4.58282
3.2147 -4.58019
3.20883 -4.57476
3.20596 -4.57197
3.20309 -4.56919
3.19724 -4.56373
3.19415 -4.56118
3.19106 -4.55864
3.18517 -4.55322
3.17924 -4.54786
3.17339 -4.5424
3.16738 -4.53712
3.16144 -4.53177
3.15864 -4.5289
3.15585 -4.52603
3.15004 -4.52052
3.14414 -4.51513
3.14096 -4.51267
3.13779 -4.51022
3.135 -4.50734
3.13221 -4.50447
3.12913 -4.5019
3.12606 -4.49934
3.12324 -4.4965
3.12041 -4.49366
3.11737 -4.49106
3.11433 -4.48846
3.11145 -4.48569
3.10856 -4.48291
3.10554 -4.48029
3.10252 -4.47767
3.09951 -4.47504
3.0965 -4.4724
3.09369 -4.46955
3.09088 -4.46669
3.08501 -4.46126
3.0791 -4.45587
3.07309 -4.45059
3.07006 -4.44798
3.06703 -4.44537
3.06419 -4.44255
3.06135 -4.43973
3.05826 -4.43718
3.05517 -4.43463
3.05228 -4.43186
3.04939 -4.4291
3.04631 -4.42654
3.04324 -4.42397
3.04042 -4.42113
3.0376 -4.41829
3.03176 -4.41282
3.02575 -4.40754
3.01987 -4.40212
3.01682 -4.39953
3.01376 -4.39694
3.011 -4.39404
3.00823 -4.39114
3.00507 -4.38867
3.00191 -4.3862
2.99915 -4.3833
2.99638 -4.38039
2.99047 -4.375
2.98732 -4.37252
2.98417 -4.37004
2.98138 -4.36717
2.97859 -4.36429
2.97264 -4.35894
2.96981 -4.35611
2.96698 -4.35329
2.9639 -4.35072
2.96083 -4.34816
2.95778 -4.34557
2.95473 -4.34298
2.94881 -4.33759
2.94608 -4.33465
2.94335 -4.33171
2.94016 -4.32928
2.93696 -4.32685
2.9311 -4.3214
2.92829 -4.31855
2.92548 -4.3157
2.92246 -4.31308
2.91943 -4.31046
2.91637 -4.30788
2.91331 -4.3053
2.91059 -4.30235
2.90786 -4.29941
2.9048 -4.29683
2.90174 -4.29425
2.89868 -4.29167
2.89561 -4.2891
2.89279 -4.28626
2.88996 -4.28342
2.88688 -4.28086
2.8838 -4.2783
2.88105 -4.27539
2.87829 -4.27248
2.87512 -4.27002
2.87194 -4.26757
2.86913 -4.26472
2.86632 -4.26186
2.86325 -4.2593
2.86017 -4.25674
2.8573 -4.25396
2.85443 -4.25117
2.84845 -4.24585
2.84565 -4.24299
2.84285 -4.24012
2.83979 -4.23755
2.83672 -4.23497
2.83089 -4.2295
2.82801 -4.22672
2.82512 -4.22395
2.81914 -4.21864
2.81318 -4.21331
2.80733 -4.20785
2.80426 -4.20528
2.8012 -4.2027
2.79839 -4.19985
2.79558 -4.19699
2.79249 -4.19445
2.7894 -4.1919
2.78654 -4.1891
2.78368 -4.1863
2.78061 -4.18373
2.77754 -4.18116
2.77165 -4.17576
2.76882 -4.17292
2.76599 -4.17009
2.7629 -4.16754
2.75981 -4.16499
2.75696 -4.16219
2.7541 -4.15939
2.75102 -4.15683
2.74794 -4.15427
2.74512 -4.15142
2.74231 -4.14858
2.73941 -4.14583
2.7365 -4.14307
2.73347 -4.14047
2.73043 -4.13786
2.72739 -4.13526
2.72434 -4.13267
2.7216 -4.12974
2.71886 -4.12681
2.71571 -4.12433
2.71255 -4.12186
2.70658 -4.11653
2.70066 -4.11115
2.69789 -4.10826
2.69511 -4.10537
2.69198 -4.10287
2.68884 -4.10038
2.68608 -4.09747
2.68332 -4.09456
2.68026 -4.09198
2.6772 -4.0894
2.67438 -4.08656
2.67156 -4.08372
2.66851 -4.08112
2.66547 -4.07852
2.66246 -4.07589
2.65944 -4.07326
2.65363 -4.06776
2.65081 -4.06492
2.64799 -4.06208
2.64488 -4.05955
2.64177 -4.05703
2.63586 -4.05164
2.633 -4.04884
2.63014 -4.04604
2.62704 -4.0435
2.62394 -4.04096
2.62109 -4.03816
2.61823 -4.03536
2.6152 -4.03275
2.61217 -4.03013
2.60942 -4.02722
2.60666 -4.0243
2.60077 -4.0189
2.59764 -4.0164
2.5945 -4.0139
2.59167 -4.01107
2.58884 -4.00824
2.58576 -4.00568
2.58268 -4.00312
2.57686 -3.99763
2.57101 -3.99218
2.565 -3.98689
2.56194 -3.98431
2.55888 -3.98173
2.55601 -3.97895
2.55314 -3.97617
2.54719 -3.97082
2.5444 -3.96794
2.54161 -3.96507
2.53856 -3.96248
2.53551 -3.95989
2.53246 -3.9573
2.52941 -3.95471
2.52654 -3.95191
2.52368 -3.94912
2.51778 -3.94372
2.51494 -3.94089
2.5121 -3.93807
2.50611 -3.93277
2.5031 -3.93013
2.50009 -3.9275
2.49703 -3.92493
2.49396 -3.92235
2.4911 -3.91955
2.48824 -3.91676
2.48543 -3.9139
2.48263 -3.91104
2.4795 -3.90854
2.47637 -3.90603
2.47045 -3.90065
2.46756 -3.89788
2.46468 -3.89511
2.4588 -3.88969
2.45577 -3.88707
2.45274 -3.88446
2.44971 -3.88185
2.44668 -3.87924
2.44381 -3.87644
2.44095 -3.87365
2.43509 -3.86821
2.42926 -3.86273
2.42328 -3.85741
2.42024 -3.85481
2.41721 -3.85221
2.41135 -3.84676
2.40856 -3.84388
2.40577 -3.841
2.40274 -3.83839
2.39971 -3.83577
2.39668 -3.83316
2.39365 -3.83055
2.38769 -3.82522
2.38169 -3.81993
2.37883 -3.81713
2.37597 -3.81433
2.37317 -3.81146
2.37038 -3.80859
2.36723 -3.80611
2.36408 -3.80362
2.36125 -3.8008
2.35842 -3.79797
2.35259 -3.79249
2.34955 -3.78988
2.34652 -3.78728
2.34344 -3.78472
2.34035 -3.78216
2.33764 -3.77921
2.33492 -3.77625
2.33191 -3.77362
2.32889 -3.771
2.32583 -3.76842
2.32276 -3.76584
2.31689 -3.76041
2.31409 -3.75755
2.31128 -3.75469
2.30826 -3.75207
2.30524 -3.74945
2.29932 -3.74407
2.2935 -3.73858
2.28758 -3.7332
2.28444 -3.73071
2.28129 -3.72823
2.27543 -3.72279
2.27263 -3.71992
2.26983 -3.71706
2.26681 -3.71443
2.26378 -3.71181
2.26072 -3.70924
2.25766 -3.70666
2.25492 -3.70372
2.25219 -3.70079
2.24908 -3.69827
2.24597 -3.69574
2.24013 -3.69027
2.23418 -3.68492
2.23137 -3.68207
2.22856 -3.67922
2.22543 -3.67672
2.22229 -3.67422
2.21943 -3.67142
2.21657 -3.66862
2.21374 -3.66579
2.21091 -3.66297
2.20778 -3.66046
2.20466 -3.65795
2.20165 -3.65531
2.19864 -3.65267
2.1959 -3.64974
2.19316 -3.64681
2.18715 -3.64153
2.18407 -3.63898
2.18099 -3.63642
2.17809 -3.63366
2.1752 -3.6309
2.17219 -3.62827
2.16917 -3.62563
2.1663 -3.62285
2.16343 -3.62007
2.16034 -3.61751
2.15726 -3.61496
2.15449 -3.61207
2.15171 -3.60917
2.14586 -3.60372
2.14272 -3.60123
2.13958 -3.59873
2.13679 -3.59586
2.134 -3.59299
2.13088 -3.59047
2.12777 -3.58794
2.12499 -3.58505
2.12222 -3.58217
2.11912 -3.57963
2.11602 -3.57709
2.11323 -3.57421
2.11045 -3.57133
2.10727 -3.56887
2.1041 -3.56642
2.10128 -3.56358
2.09846 -3.56074
2.09543 -3.55812
2.0924 -3.55551
2.08955 -3.5527
2.0867 -3.54989
2.08074 -3.54456
2.07493 -3.53906
2.07185 -3.53649
2.06878 -3.53393
2.06296 -3.52844
2.06007 -3.52568
2.05717 -3.52292
2.0543 -3.52013
2.05144 -3.51734
2.04843 -3.5147
2.04541 -3.51207
2.03951 -3.50667
2.03355 -3.50134
2.03068 -3.49855
2.02781 -3.49576
2.02459 -3.49336
2.02137 -3.49095
2.01857 -3.48808
2.01578 -3.48522
2.01258 -3.48236
2.01258 -3.48233
2.01353 -3.48213
2.0138 -3.48138
2.01437 -3.48084
2.01426 -3.47993
2.01464 -3.4793
2.01546 -3.4788
2.01542 -3.47799
2.01548 -3.47724
2.01556 -3.4765
2.01619 -3.47581
2.01603 -3.47504
2.01626 -3.47427
2.01594 -3.47353
2.01584 -3.47278
2.01535 -3.47211
2.0144 -3.46693
2.01345 -3.46176
2.01336 -3.46106
2.01312 -3.46041
2.01304 -3.45969
2.0129 -3.45898
2.01243 -3.45843
2.00958 -3.45299
2.00673 -3.44755
2.00388 -3.44211
2.00103 -3.43668
2.00096 -3.43585
2.00023 -3.43547
1.99971 -3.43496
1.99911 -3.43454
1.99865 -3.43399
1.99559 -3.43063
1.99254 -3.42728
1.99185 -3.42704
1.99151 -3.42638
1.9907 -3.42638
1.99016 -3.42598
1.98977 -3.4253
1.98903 -3.42529
1.98849 -3.42483
1.98197 -3.4223
1.97544 -3.41978
1.96892 -3.41725
1.96239 -3.41473
1.95587 -3.4122
1.94934 -3.40968
1.94874 -3.40917
1.94796 -3.40925
1.94725 -3.40908
1.94658 -3.40857
1.94582 -3.40893
1.94509 -3.40877
1.94437 -3.40883
1.94359 -3.40846
1.94288 -3.40874
1.94211 -3.40874
1.94134 -3.40881
1.94068 -3.40918
1.93993 -3.40936
1.93952 -3.41018
1.9389 -3.41054
1.93801 -3.41055
1.93773 -3.41138
1.93691 -3.41156
1.93651 -3.4122
1.93582 -3.41244
