1.95903 -3.41609
1.95606 -3.41361
1.95024 -3.40814
1.94413 -3.403
1.93836 -3.39748
1.93515 -3.39508
1.93194 -3.39268
1.9292 -3.38974
1.92647 -3.38681
1.92329 -3.38437
1.92012 -3.38194
1.91733 -3.37906
1.91455 -3.37618
1.90861 -3.37084
1.90247 -3.36573
1.89659 -3.36033
1.89032 -3.35536
1.88459 -3.34979
1.87851 -3.34461
1.87273 -3.3391
1.86667 -3.33389
1.86075 -3.32854
1.85462 -3.32341
1.8486 -3.31816
1.84587 -3.31523
1.84314 -3.31229
1.8399 -3.30992
1.83667 -3.30755
1.83391 -3.30464
1.83116 -3.30173
1.82517 -3.29645
1.81899 -3.29138
1.81292 -3.28619
1.80701 -3.28082
1.8013 -3.27523
1.79548 -3.26976
1.7893 -3.2647
1.78322 -3.25951
1.77744 -3.25399
1.77119 -3.249
1.76539 -3.24351
1.75932 -3.23832
1.75651 -3.23547
1.7537 -3.23263
1.74751 -3.22757
1.74185 -3.22192
1.73596 -3.21653
1.73275 -3.21413
1.72955 -3.21172
1.72387 -3.20609
1.71796 -3.20073
1.71193 -3.19549
1.70601 -3.19013
1.7 -3.18486
1.69412 -3.17947
1.68812 -3.1742
1.68212 -3.16893
1.67642 -3.16332
1.67326 -3.16087
1.6701 -3.15842
1.66731 -3.15554
1.66453 -3.15266
1.65827 -3.14769
1.65219 -3.1425
1.64941 -3.13963
1.64662 -3.13675
1.64073 -3.13137
1.63748 -3.129
1.63424 -3.12664
1.6283 -3.1213
1.6224 -3.11592
1.61641 -3.11064
1.61362 -3.10777
1.61083 -3.1049
1.60488 -3.09958
1.60171 -3.09713
1.59854 -3.09469
1.59262 -3.08933
1.58982 -3.08647
1.58702 -3.08361
1.58387 -3.08115
1.58071 -3.07869
1.57505 -3.07304
1.56909 -3.06773
1.56292 -3.06265
1.55713 -3.05714
1.55117 -3.05183
1.54541 -3.04629
1.53937 -3.04106
1.53324 -3.03594
1.52753 -3.03035
1.52435 -3.02791
1.52117 -3.02548
1.5153 -3.02007
1.50967 -3.01439
1.50366 -3.00913
1.50048 -3.00669
1.49731 -3.00425
1.49459 -3.0013
1.49187 -2.99835
1.48865 -2.99596
1.48543 -2.99358
1.47979 -2.9879
1.47388 -2.98253
1.46766 -2.97752
1.46174 -2.97215
1.45579 -2.96683
1.44982 -2.96152
1.4439 -2.95617
1.44109 -2.95332
1.43828 -2.95047
1.43208 -2.94543
1.42599 -2.94025
1.42028 -2.93467
1.41712 -2.93221
1.41396 -2.92976
1.40819 -2.92422
1.40222 -2.91893
1.3963 -2.91357
1.39018 -2.90843
1.38438 -2.90294
1.37853 -2.8975
1.37233 -2.89245
1.3665 -2.887
1.3605 -2.88173
1.35479 -2.87614
1.34859 -2.87109
1.34257 -2.86585
1.33665 -2.86048
1.33066 -2.8552
1.32475 -2.84983
1.31902 -2.84427
1.3131 -2.8389
1.30728 -2.83343
1.30101 -2.82847
1.29497 -2.82324
1.28933 -2.81757
1.28337 -2.81225
1.27734 -2.80702
1.27114 -2.80197
1.26511 -2.79673
1.25918 -2.79139
1.25638 -2.78853
1.25359 -2.78566
1.24752 -2.78047
1.24151 -2.77522
1.23552 -2.76994
1.22942 -2.76477
1.22375 -2.75914
1.21773 -2.75389
1.21204 -2.74828
1.20597 -2.74308
1.19988 -2.73791
1.19397 -2.73255
1.18809 -2.72715
1.18193 -2.72205
1.1759 -2.71682
1.16993 -2.71151
1.16398 -2.70619
1.15815 -2.70073
1.15251 -2.69506
1.1464 -2.68992
1.14014 -2.68494
1.13421 -2.67958
1.12831 -2.67421
1.1223 -2.66895
1.11636 -2.66361
1.11067 -2.65799
1.10484 -2.65254
1.0988 -2.64731
1.09296 -2.64186
1.08686 -2.6367
1.08103 -2.63124
1.07782 -2.62884
1.07461 -2.62644
1.06865 -2.62113
1.06592 -2.6182
1.06318 -2.61527
1.05724 -2.60994
1.05409 -2.60746
1.05095 -2.60498
1.04523 -2.5994
1.03937 -2.59398
1.0331 -2.58901
1.02732 -2.5835
1.0214 -2.57814
1.01519 -2.57311
1.01239 -2.57025
1.00959 -2.56738
1.00357 -2.56214
0.997476 -2.55698
0.991268 -2.55194
0.98539 -2.54654
0.979712 -2.54091
0.976564 -2.53844
0.973417 -2.53597
0.970627 -2.5331
0.967837 -2.53023
0.964661 -2.52779
0.961485 -2.52535
0.955675 -2.51987
0.950045 -2.51419
0.946891 -2.51172
0.943737 -2.50926
0.937986 -2.50371
0.931774 -2.49868
0.925899 -2.49327
0.920074 -2.48781
0.914289 -2.4823
0.908116 -2.47722
0.902135 -2.47193
0.896172 -2.46662
0.890379 -2.46112
0.884154 -2.4561
0.878417 -2.45054
0.872323 -2.44538
0.86626 -2.44018
0.863502 -2.43727
0.860744 -2.43437
0.854524 -2.42934
0.848417 -2.42419
0.845663 -2.42128
0.84291 -2.41837
0.836814 -2.41321
0.830665 -2.40811
0.824685 -2.40282
0.818587 -2.39766
0.812789 -2.39216
0.807011 -2.38665
0.801108 -2.38127
0.795103 -2.376
0.789144 -2.37069
0.78328 -2.36527
0.780106 -2.36283
0.776933 -2.36039
0.771094 -2.35494
0.768307 -2.35206
0.765521 -2.34919
0.762376 -2.34672
0.75923 -2.34425
0.753475 -2.3387
0.747313 -2.33362
0.741357 -2.3283
0.735369 -2.32302
0.729573 -2.31752
0.723854 -2.31193
0.717628 -2.30692
0.711835 -2.30142
0.705959 -2.29601
0.699862 -2.29085
0.694087 -2.28533
0.688012 -2.28014
0.684852 -2.27769
0.681691 -2.27523
0.678886 -2.27238
0.676082 -2.26953
0.672934 -2.26706
0.669787 -2.26459
0.66404 -2.25903
0.657907 -2.25391
0.655107 -2.25106
0.652306 -2.2482
0.64636 -2.24287
0.64317 -2.24045
0.63998 -2.23802
0.637237 -2.2351
0.634493 -2.23218
0.628236 -2.2272
0.622423 -2.22172
0.616262 -2.21663
0.610396 -2.21121
0.604558 -2.20576
0.598573 -2.20048
0.592511 -2.19528
0.586506 -2.19001
0.583728 -2.18713
0.58095 -2.18425
0.574908 -2.17902
0.568873 -2.17379
0.566823 -2.17267
0.560976 -2.16732
0.554804 -2.16234
0.549183 -2.15672
0.542866 -2.15192
0.536921 -2.14668
0.530915 -2.14151
0.524943 -2.1363
0.518674 -2.13144
0.512951 -2.12594
0.506846 -2.12089
0.500924 -2.11562
0.494858 -2.11052
0.488549 -2.10571
0.482526 -2.10056
0.476477 -2.09544
0.470688 -2.09002
0.464465 -2.0851
0.45859 -2.07978
0.452643 -2.07454
0.446563 -2.06946
0.44069 -2.06414
0.434229 -2.0595
0.428646 -2.05383
0.422211 -2.04917
0.416272 -2.04392
0.410607 -2.03835
0.404566 -2.03323
0.398543 -2.02808
0.392141 -2.02337
0.386216 -2.01811
0.380272 -2.01287
0.374422 -2.00751
0.368275 -2.00251
0.361951 -1.99772
0.356008 -1.99247
0.350337 -1.98691
0.344304 -1.98177
0.337799 -1.97719
0.331781 -1.97204
0.32597 -1.96664
0.319769 -1.9617
0.313982 -1.95627
0.307864 -1.95123
0.30182 -1.94611
0.296088 -1.94062
0.289954 -1.9356
0.28363 -1.93081
0.277538 -1.92574
0.271597 -1.92049
0.265682 -1.91522
0.259775 -1.90993
0.253834 -1.90469
0.247883 -1.89945
0.241701 -1.89449
0.235548 -1.88949
0.229346 -1.88456
0.223625 -1.87905
0.217721 -1.87376
0.211473 -1.86888
0.205233 -1.86398
0.199638 -1.85833
0.193589 -1.85322
0.187317 -1.84836
0.181337 -1.84316
0.175273 -1.83806
0.169186 -1.83298
0.163009 -1.82802
0.157341 -1.82245
0.151195 -1.81745
0.145141 -1.81233
0.139216 -1.80707
0.13294 -1.80222
0.127268 -1.79666
0.121225 -1.79153
0.115251 -1.78633
0.108817 -1.78166
0.102961 -1.77631
0.0971813 -1.77088
0.0911635 -1.76572
0.0848468 -1.76092
0.0790076 -1.75556
0.07297 -1.75042
0.0667765 -1.74548
0.0605404 -1.74058
0.054842 -1.73505
0.0486431 -1.7301
0.0425907 -1.72499
0.0364363 -1.71999
0.0307823 -1.71441
0.0244401 -1.70964
0.018757 -1.70409
0.012488 -1.69923
0.00675292 -1.69374
0.00071249 -1.68862
-0.00541361 -1.68359
-0.0116086 -1.67864
-0.0177278 -1.6736
-0.0237523 -1.66846
-0.0297078 -1.66323
-0.0357975 -1.65816
-0.041488 -1.65262
-0.0475382 -1.6475
-0.0537146 -1.64253
-0.0575501 -1.63924
-0.0617724 -1.63647
-0.0660328 -1.63377
-0.0701741 -1.63083
-0.0747904 -1.62878
-0.0793827 -1.6267
-0.0841862 -1.62515
-0.0888147 -1.6231
-0.0937336 -1.62198
-0.0985643 -1.62041
-0.103531 -1.61952
-0.108572 -1.6191
-0.1136 -1.61865
-0.11865 -1.61895
-0.126315 -1.61885
-0.13398 -1.6188
-0.141646 -1.61876
-0.149311 -1.61826
-0.156977 -1.61889
-0.164642 -1.61862
-0.16957 -1.61868
-0.174503 -1.61895
-0.179389 -1.61958
-0.184129 -1.62093
-0.188987 -1.6218
-0.193898 -1.62262
-0.198525 -1.6243
-0.202947 -1.6265
-0.207422 -1.62855
-0.211965 -1.63048
-0.215979 -1.63336
-0.220188 -1.63585
-0.224425 -1.63841
-0.228355 -1.64139
-0.234569 -1.64638
-0.240788 -1.65137
-0.246855 -1.65654
-0.252739 -1.66194
-0.259135 -1.66671
-0.264968 -1.67216
-0.271505 -1.67676
-0.277267 -1.68231
-0.283406 -1.68739
-0.289641 -1.69236
-0.29583 -1.69738
-0.302148 -1.70225
-0.308132 -1.70752
-0.314603 -1.7122
-0.320688 -1.71735
-0.326835 -1.72243
-0.332915 -1.72758
-0.338813 -1.73296
-0.344919 -1.73808
-0.351099 -1.74312
-0.357396 -1.74801
-0.363482 -1.75316
-0.369489 -1.7584
-0.372787 -1.76067
-0.376085 -1.76293
-0.382206 -1.76804
-0.388394 -1.77307
-0.391244 -1.77587
-0.394095 -1.77868
-0.400455 -1.7835
-0.406562 -1.78862
-0.412839 -1.79354
-0.418678 -1.79898
-0.425186 -1.80362
-0.431331 -1.8087
-0.437143 -1.81418
-0.440434 -1.81645
-0.443725 -1.81873
-0.44983 -1.82385
-0.455844 -1.82909
-0.462006 -1.83415
-0.468134 -1.83924
-0.474294 -1.8443
-0.480371 -1.84946
-0.486601 -1.85443
-0.492656 -1.85962
-0.49878 -1.86472
-0.504897 -1.86983
-0.511123 -1.87481
-0.517486 -1.87963
-0.523317 -1.88508
-0.529649 -1.88993
-0.535961 -1.89481
-0.541699 -1.90038
-0.547774 -1.90554
-0.554331 -1.91012
-0.560471 -1.9152
-0.5664 -1.92054
-0.572804 -1.9253
-0.578995 -1.93033
-0.585098 -1.93545
-0.591083 -1.94072
-0.596966 -1.94612
-0.603415 -1.95083
-0.609731 -1.9557
-0.615557 -1.96116
-0.621839 -1.96607
-0.627941 -1.9712
-0.634333 -1.97598
-0.640221 -1.98137
-0.646466 -1.98632
-0.65263 -1.99138
-0.658922 -1.99628
-0.664644 -2.00186
-0.67103 -2.00665
-0.677303 -2.01157
-0.683057 -2.01712
-0.689339 -2.02203
-0.695352 -2.02727
-0.701832 -2.03194
-0.708082 -2.03689
-0.714178 -2.04203
-0.719991 -2.04751
-0.726231 -2.05247
-0.732313 -2.05762
-0.738837 -2.06224
-0.744862 -2.06746
-0.750815 -2.07277
-0.756986 -2.07782
-0.763159 -2.08286
-0.769451 -2.08776
-0.775523 -2.09292
-0.781805 -2.09784
-0.787883 -2.10299
-0.793907 -2.10822
-0.80032 -2.11297
-0.806465 -2.11805
-0.812592 -2.12315
-0.81863 -2.12835
-0.824506 -2.13376
-0.830903 -2.13853
-0.836813 -2.14389
-0.843318 -2.14853
-0.849234 -2.15389
-0.85552 -2.15879
-0.861726 -2.16379
-0.867792 -2.16897
-0.873991 -2.17398
-0.880039 -2.17917
-0.886173 -2.18426
-0.892109 -2.18959
-0.898428 -2.19446
-0.904494 -2.19963
-0.906078 -2.20051
-0.912112 -2.20575
-0.918258 -2.21086
-0.924275 -2.21612
-0.930293 -2.22138
-0.936161 -2.22681
-0.94242 -2.23179
-0.948696 -2.23675
-0.954583 -2.24216
-0.960587 -2.24744
-0.966823 -2.25244
-0.972664 -2.25791
-0.978941 -2.26286
-0.984821 -2.26828
-0.987992 -2.27072
-0.991163 -2.27316
-0.997146 -2.27846
-1.00324 -2.28363
-1.00921 -2.28896
-1.01516 -2.29429
-1.01833 -2.29673
-1.02151 -2.29916
-1.02738 -2.30459
-1.03351 -2.30972
-1.0398 -2.31466
-1.04593 -2.31979
-1.05182 -2.32519
-1.05791 -2.33037
-1.06405 -2.33549
-1.07024 -2.34055
-1.07308 -2.34337
-1.07593 -2.34619
-1.08205 -2.35133
-1.08804 -2.35662
-1.09121 -2.35906
-1.09438 -2.36151
-1.10025 -2.36694
-1.10619 -2.37229
-1.11224 -2.3775
-1.11852 -2.38246
-1.12464 -2.3876
-1.13062 -2.3929
-1.13685 -2.39791
-1.14291 -2.40313
-1.14909 -2.40819
-1.15521 -2.41334
-1.16106 -2.41879
-1.16698 -2.42416
-1.17022 -2.42653
-1.17345 -2.42889
-1.17625 -2.43177
-1.17905 -2.43464
-1.18512 -2.43984
-1.18835 -2.44221
-1.19159 -2.44457
-1.19748 -2.44998
-1.20357 -2.45515
-1.20968 -2.4603
-1.21557 -2.46571
-1.22156 -2.471
-1.22773 -2.47609
-1.23404 -2.48101
-1.24021 -2.48608
-1.24304 -2.48893
-1.24586 -2.49177
-1.24912 -2.49411
-1.25238 -2.49645
-1.25846 -2.50163
-1.26454 -2.50683
-1.27065 -2.51197
-1.2765 -2.51743
-1.28246 -2.52275
-1.28564 -2.52519
-1.28881 -2.52762
-1.29164 -2.53046
-1.29447 -2.53331
-1.29768 -2.53569
-1.3009 -2.53808
-1.30686 -2.54341
-1.31297 -2.54856
-1.31911 -2.55367
-1.32528 -2.55876
-1.32817 -2.56153
-1.33106 -2.5643
-1.33699 -2.56966
-1.34321 -2.57468
-1.34911 -2.58008
-1.35519 -2.58526
-1.36132 -2.5904
-1.36758 -2.59536
-1.37347 -2.60077
-1.37669 -2.60316
-1.37991 -2.60555
-1.38592 -2.61081
-1.3888 -2.61359
-1.39168 -2.61637
-1.39487 -2.61879
-1.39805 -2.62122
-1.40414 -2.62639
-1.407 -2.6292
-1.40985 -2.63201
-1.41614 -2.63695
-1.42198 -2.64242
-1.42521 -2.6448
-1.42843 -2.64717
-1.43132 -2.64994
-1.43421 -2.65271
-1.43745 -2.65508
-1.44068 -2.65745
-1.44354 -2.66025
-1.4464 -2.66305
-1.44961 -2.66545
-1.45281 -2.66785
-1.45567 -2.67066
-1.45852 -2.67347
-1.46479 -2.67843
-1.47077 -2.68374
-1.47702 -2.68872
-1.48306 -2.69397
-1.48921 -2.69907
-1.49522 -2.70433
-1.50143 -2.70937
-1.5074 -2.71468
-1.51025 -2.7175
-1.5131 -2.72032
-1.51628 -2.72274
-1.51947 -2.72516
-1.52551 -2.7304
-1.53151 -2.73567
-1.53741 -2.74108
-1.54361 -2.74612
-1.5468 -2.74854
-1.54999 -2.75095
-1.55594 -2.75629
-1.56215 -2.76132
-1.56505 -2.76408
-1.56795 -2.76684
-1.57417 -2.77187
-1.57708 -2.77461
-1.57999 -2.77735
-1.58618 -2.78241
-1.59245 -2.78737
-1.59853 -2.79256
-1.6045 -2.79788
-1.61073 -2.8029
-1.61363 -2.80565
-1.61653 -2.80841
-1.61969 -2.81086
-1.62285 -2.81332
-1.62885 -2.81859
-1.63478 -2.82396
-1.63794 -2.82641
-1.6411 -2.82885
-1.64393 -2.83169
-1.64676 -2.83453
-1.65298 -2.83957
-1.65883 -2.84502
-1.66496 -2.85015
-1.66811 -2.8526
-1.67127 -2.85506
-1.67418 -2.8578
-1.67709 -2.86055
-1.68334 -2.86554
-1.68651 -2.86798
-1.68969 -2.87041
-1.6926 -2.87316
-1.6955 -2.87591
-1.70165 -2.88102
-1.70787 -2.88604
-1.71395 -2.89123
-1.71979 -2.89669
-1.72578 -2.90198
-1.73196 -2.90706
-1.73824 -2.91201
-1.74112 -2.91479
-1.74399 -2.91758
-1.74715 -2.92003
-1.75031 -2.92248
-1.75635 -2.92772
-1.76254 -2.93278
-1.76546 -2.93552
-1.76837 -2.93826
-1.77447 -2.94342
-1.77739 -2.94616
-1.7803 -2.94889
-1.78659 -2.95385
-1.7928 -2.95888
-1.7987 -2.96427
-1.80189 -2.96669
-1.80508 -2.96911
-1.811 -2.97448
-1.81689 -2.97989
-1.82296 -2.98509
-1.82888 -2.99046
-1.83208 -2.99287
-1.83529 -2.99527
-1.84133 -3.00049
-1.84726 -3.00586
-1.85321 -3.01119
-1.85944 -3.01621
-1.86573 -3.02115
-1.86856 -3.02399
-1.87139 -3.02683
-1.87462 -3.0292
-1.87785 -3.03156
-1.88075 -3.03433
-1.88364 -3.0371
-1.88975 -3.04225
-1.89571 -3.04757
-1.90177 -3.05278
-1.905 -3.05515
-1.90823 -3.05752
-1.91412 -3.06293
-1.92 -3.06836
-1.92319 -3.07078
-1.92637 -3.0732
-1.92925 -3.07598
-1.93212 -3.07877
-1.93541 -3.08107
-1.9387 -3.08337
-1.94152 -3.08623
-1.94434 -3.08908
-1.95064 -3.09401
-1.95666 -3.09926
-1.96276 -3.10443
-1.96904 -3.10938
-1.97513 -3.11455
-1.97797 -3.11739
-1.9808 -3.12022
-1.98398 -3.12265
-1.98716 -3.12508
-1.99306 -3.13048
-1.99904 -3.13578
-2.00224 -3.13818
-2.00545 -3.14059
-2.01145 -3.14586
-2.01761 -3.15096
-2.0205 -3.15373
-2.02339 -3.1565
-2.02659 -3.1589
-2.02979 -3.1613
-2.03258 -3.16419
-2.03536 -3.16708
-2.04152 -3.17218
-2.04754 -3.17743
-2.0507 -3.17989
-2.05386 -3.18235
-2.05979 -3.1877
-2.06591 -3.19284
-2.07183 -3.19822
-2.075 -3.20066
-2.07818 -3.2031
-2.08414 -3.20842
-2.09017 -3.21367
-2.09625 -3.21884
-2.09945 -3.22125
-2.10265 -3.22366
-2.10873 -3.22885
-2.11473 -3.23413
-2.12059 -3.23957
-2.12652 -3.24493
-2.12969 -3.24737
-2.13286 -3.24982
-2.13895 -3.25499
-2.14483 -3.26041
-2.15105 -3.26543
-2.15709 -3.27067
-2.16314 -3.27589
-2.16941 -3.28086
-2.17549 -3.28604
-2.17831 -3.28889
-2.18113 -3.29174
-2.18721 -3.29693
-2.19038 -3.29937
-2.19355 -3.30181
-2.19982 -3.30677
-2.20585 -3.31201
-2.21194 -3.3172
-2.21779 -3.32265
-2.22383 -3.32789
-2.22983 -3.33316
-2.23602 -3.33822
-2.24194 -3.3436
-2.24512 -3.34602
-2.2483 -3.34845
-2.25421 -3.35384
-2.26009 -3.35927
-2.26623 -3.36438
-2.26939 -3.36684
-2.27255 -3.36929
-2.27879 -3.37428
-2.28477 -3.37959
-2.28766 -3.38236
-2.29055 -3.38513
-2.29674 -3.39018
-2.30263 -3.39559
-2.30891 -3.40054
-2.31207 -3.40299
-2.31524 -3.40544
-2.32126 -3.4107
-2.32723 -3.416
-2.33315 -3.42138
-2.33912 -3.4267
-2.34233 -3.4291
-2.34553 -3.4315
-2.35141 -3.43691
-2.35433 -3.43965
-2.35724 -3.44239
-2.3634 -3.44749
-2.36661 -3.44989
-2.36981 -3.4523
-2.37578 -3.45761
-2.38199 -3.46265
-2.38809 -3.4678
-2.39097 -3.47058
-2.39385 -3.47336
-2.39999 -3.47848
-2.40616 -3.48356
-2.4121 -3.48891
-2.41837 -3.49388
-2.42127 -3.49663
-2.42418 -3.49938
-2.43024 -3.50459
-2.43633 -3.50977
-2.44249 -3.51486
-2.44868 -3.51991
-2.45467 -3.52521
-2.46069 -3.53046
-2.46687 -3.53554
-2.47315 -3.54049
-2.47594 -3.54338
-2.47872 -3.54627
-2.48192 -3.54868
-2.48512 -3.55108
-2.49116 -3.55631
-2.49742 -3.5613
-2.50024 -3.56414
-2.50306 -3.56699
-2.50628 -3.56938
-2.50949 -3.57177
-2.51537 -3.5772
-2.51854 -3.57964
-2.5217 -3.58208
-2.5246 -3.58484
-2.5275 -3.5876
-2.53366 -3.59269
-2.53988 -3.59771
-2.54601 -3.60285
-2.55209 -3.60803
-2.55796 -3.61346
-2.56381 -3.61892
-2.56704 -3.62129
-2.57027 -3.62366
-2.57613 -3.62911
-2.58231 -3.63417
-2.58853 -3.63919
-2.59133 -3.64208
-2.59412 -3.64496
-2.59736 -3.64732
-2.6006 -3.64967
-2.60344 -3.65251
-2.60627 -3.65534
-2.61242 -3.66045
-2.61844 -3.6657
-2.62171 -3.66803
-2.62498 -3.67035
-2.63086 -3.67578
-2.63682 -3.68109
-2.64298 -3.68619
-2.64923 -3.69118
-2.65211 -3.69397
-2.65498 -3.69675
-2.6612 -3.70178
-2.66747 -3.70674
-2.6735 -3.71198
-2.67641 -3.71473
-2.67932 -3.71748
-2.68523 -3.72286
-2.69127 -3.72809
-2.69743 -3.73319
-2.70065 -3.73557
-2.70388 -3.73795
-2.70995 -3.74314
-2.71596 -3.74841
-2.72188 -3.75379
-2.72811 -3.75879
-2.73102 -3.76154
-2.73392 -3.76429
-2.74023 -3.76922
-2.74607 -3.77469
-2.75206 -3.77998
-2.75526 -3.78238
-2.75846 -3.78479
-2.76137 -3.78752
-2.76429 -3.79026
-2.7675 -3.79266
-2.77071 -3.79506
-2.77658 -3.80049
-2.78259 -3.80575
-2.78887 -3.8107
-2.79486 -3.81599
-2.80089 -3.82124
-2.80713 -3.82624
-2.81322 -3.83142
-2.8192 -3.83672
-2.82524 -3.84195
-2.83112 -3.84738
-2.83718 -3.85259
-2.84312 -3.85793
-2.84929 -3.86302
-2.85544 -3.86813
-2.85864 -3.87053
-2.86184 -3.87293
-2.86791 -3.87813
-2.87073 -3.88098
-2.87355 -3.88384
-2.87958 -3.88908
-2.88584 -3.89406
-2.89179 -3.8994
-2.8979 -3.90455
-2.90412 -3.90957
-2.91025 -3.91469
-2.91645 -3.91975
-2.91934 -3.92251
-2.92223 -3.92528
-2.9283 -3.93047
-2.93146 -3.93293
-2.93462 -3.93538
-2.94072 -3.94055
-2.94356 -3.94337
-2.9464 -3.9462
-2.94958 -3.94863
-2.95276 -3.95106
-2.95564 -3.95384
-2.95852 -3.95662
-2.96466 -3.96174
-2.96786 -3.96414
-2.97106 -3.96655
-2.97392 -3.96935
-2.97679 -3.97215
-2.98292 -3.97727
-2.9891 -3.98234
-2.99509 -3.98764
-2.99824 -3.9901
-3.0014 -3.99255
-3.00732 -3.99793
-3.01064 -4.00058
-3.01057 -4.00069
-3.00966 -4.00088
-3.00934 -4.0016
-3.00895 -4.00224
-3.00889 -4.00307
-3.00849 -4.00368
-3.00798 -4.00427
-3.00755 -4.00493
-3.00752 -4.00571
-3.0077 -4.00651
-3.00747 -4.00722
-3.00719 -4.00795
-3.00727 -4.00871
-3.00739 -4.00945
-3.00748 -4.01019
-3.00782 -4.01089
-3.0088 -4.01578
-3.00978 -4.02067
-3.00985 -4.02139
-3.01 -4.02209
-3.01069 -4.02259
-3.01088 -4.02326
-3.01074 -4.02412
-3.01143 -4.02455
-3.01177 -4.02517
-3.01528 -4.03042
-3.01879 -4.03566
-3.02229 -4.0409
-3.0258 -4.04614
-3.02658 -4.04646
-3.02673 -4.04724
-3.02709 -4.04788
-3.02799 -4.04799
-3.02821 -4.04881
-3.02879 -4.04923
-3.02965 -4.04926
-3.03031 -4.0495
-3.03085 -4.04996
-3.03718 -4.05292
-3.04352 -4.05588
-3.04985 -4.05885
-3.05618 -4.06181
-3.06252 -4.06477
-3.06885 -4.06773
-3.07519 -4.07069
-3.07586 -4.07098
-3.0766 -4.07108
-3.07724 -4.07145
-3.0779 -4.07182
-3.07868 -4.07169
-3.07941 -4.07166
-3.08011 -4.07206
-3.08085 -4.07226
-3.08157 -4.07164
-3.08229 -4.07166
-3.08299 -4.07145
-3.0838 -4.07172
-3.08458 -4.07166
-3.08511 -4.07095
-3.08575 -4.07059
-3.08639 -4.07024
-3.08695 -4.06976
-3.08763 -4.06947
-3.08802 -4.06879
-3.089 -4.0688
-3.08938 -4.06814
-3.09231 -4.07069
-3.09838 -4.07589
-3.10455 -4.08097
-3.11043 -4.08639
-3.11671 -4.09135
-3.12276 -4.09657
-3.12859 -4.10204
-3.13472 -4.10718
-3.14095 -4.11219
-3.14686 -4.11757
-3.1529 -4.1228
-3.15614 -4.12517
-3.15937 -4.12753
-3.16524 -4.13297
-3.17149 -4.13796
-3.17755 -4.14317
-3.18363 -4.14835
-3.1865 -4.15114
-3.18938 -4.15392
-3.19257 -4.15634
-3.19576 -4.15876
-3.19865 -4.16153
-3.20153 -4.1643
-3.20472 -4.16672
-3.20791 -4.16915
-3.21384 -4.1745
-3.21982 -4.17981
-3.2261 -4.18476
-3.232 -4.19016
-3.23789 -4.19557
-3.24407 -4.20064
-3.25004 -4.20595
-3.25628 -4.21096
-3.25946 -4.21338
-3.26265 -4.2158
-3.26871 -4.221
-3.27154 -4.22385
-3.27436 -4.2267
-3.27761 -4.22905
-3.28086 -4.23139
-3.28377 -4.23414
-3.28668 -4.23688
-3.29263 -4.24222
-3.29586 -4.2446
-3.29909 -4.24697
-3.30195 -4.24977
-3.30481 -4.25257
-3.308 -4.25499
-3.31118 -4.25742
-3.31401 -4.26025
-3.31685 -4.26309
-3.32303 -4.26816
-3.32913 -4.27331
-3.33538 -4.2783
-3.34139 -4.28358
-3.34734 -4.28891
-3.35054 -4.29132
-3.35374 -4.29372
-3.35658 -4.29656
-3.35941 -4.29939
-3.36551 -4.30456
-3.37162 -4.30971
-3.3778 -4.31478
-3.38392 -4.31991
-3.38979 -4.32534
-3.39598 -4.3304
-3.40199 -4.33567
-3.40516 -4.33812
-3.40832 -4.34057
-3.41435 -4.34582
-3.42034 -4.35111
-3.42626 -4.35648
-3.43247 -4.36152
-3.43834 -4.36695
-3.44154 -4.36936
-3.44474 -4.37176
-3.4476 -4.37456
-3.45046 -4.37736
-3.45363 -4.37981
-3.45679 -4.38226
-3.46272 -4.38762
-3.469 -4.39257
-3.47186 -4.39538
-3.47472 -4.39818
-3.4779 -4.40061
-3.48108 -4.40304
-3.48734 -4.40802
-3.49327 -4.41338
-3.49931 -4.41861
-3.50557 -4.42359
-3.51158 -4.42886
-3.51442 -4.43169
-3.51726 -4.43451
-3.52336 -4.43968
-3.52963 -4.44464
-3.53577 -4.44976
-3.54188 -4.4549
-3.54476 -4.45768
-3.54764 -4.46046
-3.55384 -4.46551
-3.55705 -4.46791
-3.56025 -4.47031
-3.56316 -4.47306
-3.56608 -4.4758
-3.57198 -4.4812
-3.57804 -4.4864
-3.58406 -4.49166
-3.59035 -4.4966
-3.59618 -4.50207
-3.59947 -4.50438
-3.60275 -4.50669
-3.60883 -4.51187
-3.61487 -4.51712
-3.62082 -4.52246
-3.62671 -4.52786
-3.6327 -4.53315
-3.63592 -4.53554
-3.63913 -4.53793
-3.645 -4.54336
-3.65112 -4.54851
-3.65715 -4.55374
-3.66337 -4.55876
-3.66628 -4.56151
-3.66919 -4.56426
-3.67549 -4.56919
-3.67838 -4.57196
-3.68128 -4.57472
-3.68444 -4.57716
-3.68761 -4.57961
-3.69348 -4.58504
-3.69969 -4.59008
-3.70553 -4.59554
-3.7116 -4.60075
-3.71766 -4.60595
-3.72093 -4.60828
-3.72419 -4.61061
-3.73021 -4.61586
-3.73607 -4.62131
-3.7422 -4.62645
-3.74818 -4.63174
-3.75412 -4.63709
-3.75734 -4.63948
-3.76056 -4.64186
-3.76646 -4.64725
-3.76963 -4.6497
-3.7728 -4.65214
-3.77886 -4.65735
-3.78479 -4.66271
-3.79073 -4.66806
-3.79665 -4.67344
-3.79985 -4.67584
-3.80306 -4.67824
-3.80892 -4.68368
-3.81492 -4.68896
-3.81808 -4.69141
-3.82124 -4.69387
-3.82744 -4.69891
-3.83029 -4.70173
-3.83314 -4.70455
-3.8394 -4.70952
-3.84529 -4.71493
-3.84848 -4.71735
-3.85168 -4.71977
-3.85479 -4.72334
-3.85837 -4.72642
-3.86173 -4.72975
-3.8643 -4.73371
-3.86742 -4.73728
-3.86982 -4.74131
-3.87279 -4.74504
-3.87503 -4.7492
-3.87724 -4.75337
-3.87876 -4.75785
-3.8805 -4.76223
-3.88241 -4.76659
-3.88312 -4.77127
-3.88416 -4.77584
-3.88558 -4.78039
-3.88576 -4.78512
-3.8865 -4.7898
-3.88687 -4.79452
-3.88684 -4.80242
-3.88682 -4.81031
-3.88656 -4.81822
-3.88682 -4.82611
-3.88674 -4.83401
-3.88707 -4.8419
-3.88706 -4.8498
-3.88739 -4.85769
-3.88764 -4.86559
-3.88763 -4.87349
-3.88746 -4.88139
-3.88771 -4.88928
-3.88801 -4.89717
-3.88825 -4.90507
-3.88783 -4.91297
-3.88824 -4.92086
-3.8881 -4.92876
-3.88828 -4.93666
-3.88862 -4.94455
-3.88839 -4.95245
-3.88847 -4.96035
-3.88928 -4.96824
-3.8894 -4.97613
-3.88922 -4.98403
-3.88902 -4.99193
-3.8895 -4.99982
-3.8898 -5.00772
-3.89002 -5.01561
-3.89012 -5.02351
-3.88953 -5.0314
-3.88949 -5.03638
-3.8898 -5.0414
-3.88913 -5.04633
-3.88801 -5.05118
-3.88685 -5.05602
-3.88619 -5.06101
-3.88443 -5.06567
-3.88248 -5.07025
-3.88074 -5.07492
-3.87838 -5.07931
-3.87599 -5.08368
-3.87332 -5.08788
-3.87061 -5.09206
-3.86766 -5.0961
-3.86439 -5.09985
-3.86054 -5.10303
-3.85733 -5.10689
-3.8534 -5.10997
-3.85041 -5.11262
-3.84742 -5.11528
-3.84416 -5.11761
-3.84089 -5.11993
-3.83788 -5.12257
-3.83487 -5.1252
-3.83171 -5.12765
-3.82854 -5.13009
-3.8256 -5.13281
-3.82265 -5.13552
-3.81947 -5.13794
-3.81628 -5.14036
-3.81023 -5.14559
-3.80727 -5.14829
-3.80432 -5.15099
-3.80103 -5.15329
-3.79774 -5.15558
-3.79151 -5.1606
-3.78863 -5.16339
-3.78574 -5.16618
-3.78252 -5.16855
-3.77929 -5.17092
-3.77632 -5.1736
-3.77335 -5.17629
-3.77013 -5.17867
-3.76692 -5.18105
-3.76073 -5.18612
-3.75773 -5.18877
-3.75473 -5.19141
-3.75151 -5.1938
-3.7483 -5.19618
-3.74215 -5.2013
-3.73918 -5.20397
-3.7362 -5.20665
-3.73299 -5.20904
-3.72977 -5.21142
-3.72691 -5.21424
-3.72405 -5.21705
-3.72078 -5.21937
-3.71751 -5.22169
-3.71455 -5.22439
-3.71159 -5.22708
-3.70843 -5.22953
-3.70526 -5.23197
-3.6992 -5.23719
-3.69601 -5.23961
-3.69282 -5.24203
-3.68679 -5.24728
-3.68359 -5.24968
-3.68038 -5.25208
-3.67744 -5.25479
-3.67449 -5.25751
-3.6713 -5.25992
-3.6681 -5.26233
-3.66512 -5.26499
-3.66213 -5.26765
-3.65606 -5.27286
-3.65284 -5.27524
-3.64961 -5.27761
-3.64339 -5.28263
-3.64048 -5.28539
-3.63758 -5.28816
-3.63145 -5.29329
-3.62524 -5.29833
-3.61898 -5.30331
-3.61292 -5.30853
-3.60668 -5.31353
-3.60348 -5.31594
-3.60028 -5.31834
-3.59422 -5.32355
-3.58796 -5.32853
-3.58172 -5.33354
-3.57551 -5.33857
-3.56943 -5.34378
-3.56627 -5.34623
-3.56311 -5.34867
-3.5601 -5.35131
-3.5571 -5.35395
-3.55079 -5.35888
-3.5447 -5.36406
-3.54177 -5.36679
-3.53883 -5.36951
-3.53559 -5.37186
-3.53234 -5.3742
-3.52943 -5.37696
-3.52652 -5.37972
-3.5233 -5.38209
-3.52007 -5.38447
-3.5139 -5.38955
-3.51074 -5.392
-3.50757 -5.39445
-3.50144 -5.39958
-3.49521 -5.4046
-3.48919 -5.40987
-3.48289 -5.41479
-3.48003 -5.41761
-3.47717 -5.42043
-3.47086 -5.42534
-3.4676 -5.42767
-3.46434 -5.43001
-3.46134 -5.43265
-3.45834 -5.4353
-3.45211 -5.44031
-3.44601 -5.44548
-3.44301 -5.44813
-3.44001 -5.45077
-3.43393 -5.45597
-3.42774 -5.46104
-3.42457 -5.46348
-3.42141 -5.46592
-3.4182 -5.46832
-3.415 -5.47072
-3.40892 -5.47592
-3.40273 -5.48098
-3.39647 -5.48596
-3.39352 -5.48866
-3.39056 -5.49137
-3.38738 -5.49379
-3.38419 -5.49621
-3.3813 -5.49899
-3.37841 -5.50177
-3.37525 -5.50421
-3.37208 -5.50665
-3.36594 -5.51178
-3.35962 -5.51669
-3.35332 -5.52161
-3.35033 -5.52427
-3.34734 -5.52693
-3.34131 -5.53219
-3.33512 -5.53725
-3.33188 -5.53961
-3.32864 -5.54196
-3.32261 -5.54722
-3.31649 -5.55236
-3.31027 -5.55739
-3.30728 -5.56005
-3.30428 -5.5627
-3.3011 -5.56513
-3.29792 -5.56756
-3.29189 -5.5728
-3.28559 -5.57774
-3.27941 -5.58281
-3.2762 -5.5852
-3.27299 -5.58759
-3.27012 -5.59041
-3.26726 -5.59322
-3.26397 -5.59551
-3.26068 -5.5978
-3.25777 -5.60056
-3.25485 -5.60331
-3.24856 -5.60825
-3.24539 -5.61069
-3.24222 -5.61312
-3.23619 -5.61838
-3.23321 -5.62105
-3.23023 -5.62372
-3.22392 -5.62864
-3.21776 -5.63374
-3.21451 -5.63609
-3.21127 -5.63844
-3.20518 -5.64363
-3.20229 -5.6464
-3.19939 -5.64917
-3.19309 -5.6541
-3.18697 -5.65924
-3.18376 -5.66164
-3.18056 -5.66404
-3.17425 -5.66896
-3.1713 -5.67166
-3.16834 -5.67437
-3.16225 -5.67955
-3.15599 -5.68452
-3.14982 -5.68961
-3.14356 -5.69459
-3.14063 -5.69731
-3.13769 -5.70004
-3.13138 -5.70496
-3.12812 -5.70729
-3.12486 -5.70962
-3.12199 -5.71243
-3.11912 -5.71523
-3.11592 -5.71762
-3.11271 -5.72002
-3.10976 -5.72273
-3.10681 -5.72544
-3.10055 -5.73042
-3.09442 -5.73555
-3.0883 -5.7407
-3.085 -5.74298
-3.0817 -5.74527
-3.07882 -5.74805
-3.07593 -5.75083
-3.06965 -5.75578
-3.06345 -5.76084
-3.06044 -5.76348
-3.05744 -5.76612
-3.05113 -5.77104
-3.04791 -5.77342
-3.04469 -5.77579
-3.03846 -5.78078
-3.03523 -5.784
-3.03148 -5.78654
-3.02763 -5.78891
-3.02389 -5.79147
-3.01674 -5.79502
-3.00977 -5.79888
-3.00288 -5.80289
-2.99591 -5.80675
-2.98882 -5.8104
-2.98204 -5.81462
-2.97514 -5.8186
-2.96815 -5.82243
-2.96113 -5.82621
-2.95394 -5.82968
-2.94712 -5.83381
-2.94008 -5.83755
-2.9332 -5.84158
-2.92616 -5.84532
-2.91928 -5.84933
-2.91233 -5.85324
-2.90525 -5.8569
-2.89861 -5.86137
-2.89494 -5.86297
-2.89128 -5.86458
-2.88446 -5.86872
-2.87746 -5.87253
-2.87071 -5.87679
-2.86354 -5.8803
-2.85655 -5.88414
-2.84978 -5.88835
-2.8428 -5.89219
-2.83564 -5.89572
-2.82896 -5.9001
-2.82185 -5.90373
-2.8148 -5.90744
-2.80793 -5.91148
-2.80096 -5.91535
-2.79389 -5.91904
-2.78711 -5.92325
-2.78 -5.92687
-2.77293 -5.93054
-2.76599 -5.93446
-2.75903 -5.93834
-2.75222 -5.9425
-2.74512 -5.94613
-2.73845 -5.95053
-2.73143 -5.95431
-2.72425 -5.9578
-2.71731 -5.96172
-2.71054 -5.96593
-2.70329 -5.9693
-2.6965 -5.97349
-2.68962 -5.97752
-2.68248 -5.98108
-2.67557 -5.98506
-2.66851 -5.98875
-2.66156 -5.99266
-2.65487 -5.99703
-2.64788 -6.00085
-2.64082 -6.00456
-2.6339 -6.0085
-2.62672 -6.012
-2.61977 -6.0159
-2.61298 -6.02009
-2.60591 -6.02377
-2.59905 -6.02783
-2.59225 -6.032
-2.58521 -6.03574
-2.5781 -6.03936
-2.5713 -6.04353
-2.56437 -6.04747
-2.55735 -6.05124
-2.55048 -6.05528
-2.54353 -6.05919
-2.53656 -6.06306
-2.52929 -6.06638
-2.52257 -6.0707
-2.51538 -6.07417
-2.50844 -6.07809
-2.50142 -6.08185
-2.49455 -6.08591
-2.48779 -6.09018
-2.48313 -6.09213
-2.47866 -6.09453
-2.4739 -6.0962
-2.46912 -6.09782
-2.46416 -6.09877
-2.45941 -6.10069
-2.45434 -6.10088
-2.4494 -6.10207
-2.44434 -6.10188
-2.43932 -6.10229
-2.43533 -6.10246
-2.43133 -6.10262
-2.42333 -6.10267
-2.41534 -6.10271
-2.40734 -6.10258
-2.39935 -6.10285
-2.39135 -6.10302
-2.38735 -6.10287
-2.38336 -6.10272
-2.37536 -6.10274
-2.36737 -6.10301
-2.35937 -6.10307
-2.35537 -6.10277
-2.35137 -6.10246
-2.34338 -6.10262
-2.33938 -6.10288
-2.33538 -6.10314
-2.33139 -6.10298
-2.32739 -6.10281
-2.31939 -6.10292
-2.3154 -6.10311
-2.3114 -6.10331
-2.3074 -6.10302
-2.3034 -6.10272
-2.2994 -6.10288
-2.29541 -6.10304
-2.28741 -6.10306
-2.27942 -6.1029
-2.27142 -6.10292
-2.26342 -6.10272
-2.25943 -6.10299
-2.25543 -6.10326
-2.24743 -6.10311
-2.24344 -6.10328
-2.23944 -6.10344
-2.23144 -6.1035
-2.22745 -6.10322
-2.22345 -6.10294
-2.21945 -6.10328
-2.21545 -6.10361
-2.21146 -6.10338
-2.20746 -6.10314
-2.19946 -6.10299
-2.19546 -6.10326
-2.19147 -6.10353
-2.18347 -6.10367
-2.17947 -6.10342
-2.17548 -6.10317
-2.16748 -6.10341
-2.15948 -6.10317
-2.15549 -6.10343
-2.15149 -6.10369
-2.1435 -6.10374
-2.1395 -6.10357
-2.1355 -6.1034
-2.1275 -6.10339
-2.11951 -6.10329
-2.11551 -6.10359
-2.11151 -6.10389
-2.10352 -6.10398
-2.09952 -6.10383
-2.09552 -6.10367
-2.08753 -6.10351
-2.08353 -6.10378
-2.07953 -6.10404
-2.07553 -6.10376
-2.07154 -6.10349
-2.06754 -6.1037
-2.06354 -6.10391
-2.05954 -6.10369
-2.05554 -6.10347
-2.05155 -6.10379
-2.04755 -6.1041
-2.03956 -6.10426
-2.03556 -6.10411
-2.03156 -6.10395
-2.02756 -6.10414
-2.02357 -6.10432
-2.01557 -6.10423
-2.01157 -6.10402
-2.00757 -6.10381
-1.99958 -6.10394
-1.99558 -6.1042
-1.99158 -6.10446
-1.98758 -6.10415
-1.98359 -6.10384
-1.97559 -6.10375
-1.9676 -6.10404
-1.9636 -6.10425
-1.9596 -6.10445
-1.95161 -6.10455
-1.94361 -6.10442
-1.93561 -6.10419
-1.93162 -6.10438
-1.92762 -6.10457
-1.91962 -6.10439
-1.91563 -6.10424
-1.91163 -6.10409
-1.90763 -6.10426
-1.90363 -6.10443
-1.89964 -6.10461
-1.89564 -6.10479
-1.88764 -6.10464
-1.87965 -6.10477
-1.87165 -6.10475
-1.86765 -6.10451
-1.86366 -6.10428
-1.85566 -6.10431
-1.85166 -6.10458
-1.84767 -6.10485
-1.83967 -6.10476
-1.83567 -6.10464
-1.83167 -6.10452
-1.82768 -6.10468
-1.82368 -6.10485
-1.81968 -6.10462
-1.81568 -6.10439
-1.80769 -6.10448
-1.79969 -6.10476
-1.7917 -6.10458
-1.7877 -6.10475
-1.7837 -6.10493
-1.7797 -6.10474
-1.77571 -6.10455
-1.76771 -6.10478
-1.75972 -6.10507
-1.75572 -6.10491
-1.75172 -6.10475
-1.74372 -6.10458
-1.73973 -6.10482
-1.73573 -6.10506
-1.73173 -6.10521
-1.72774 -6.10536
-1.72374 -6.10517
-1.71974 -6.10498
-1.71174 -6.10517
-1.70775 -6.10503
-1.70375 -6.10489
-1.69975 -6.10506
-1.69575 -6.10522
-1.68776 -6.10537
-1.68376 -6.10507
-1.67976 -6.10476
-1.67576 -6.10496
-1.67177 -6.10516
-1.66777 -6.10533
-1.66377 -6.10549
-1.65977 -6.10526
-1.65578 -6.10503
-1.64778 -6.10501
-1.64378 -6.10531
-1.63979 -6.1056
-1.63179 -6.1054
-1.62779 -6.1052
-1.62379 -6.105
-1.6158 -6.10521
-1.6118 -6.10546
-1.60781 -6.1057
-1.59981 -6.10579
-1.59181 -6.10567
-1.58782 -6.10538
-1.58382 -6.1051
-1.57582 -6.10531
-1.56783 -6.10554
-1.55983 -6.10575
-1.55184 -6.10557
-1.54384 -6.10554
-1.53585 -6.10568
-1.52785 -6.10578
-1.51986 -6.10604
-1.51586 -6.10583
-1.51186 -6.10562
-1.50786 -6.10589
-1.50387 -6.10615
-1.49987 -6.1058
-1.49587 -6.10544
-1.49187 -6.1056
-1.48787 -6.10575
-1.47988 -6.10596
-1.47588 -6.10612
-1.47188 -6.10628
-1.46789 -6.10606
-1.46389 -6.10584
-1.45989 -6.1057
-1.45589 -6.10557
-1.4479 -6.10576
-1.4399 -6.10587
-1.4359 -6.1061
-1.43191 -6.10632
-1.42791 -6.10605
-1.42391 -6.10578
-1.41991 -6.10611
-1.41592 -6.10645
-1.40792 -6.10624
-1.39992 -6.10622
-1.39193 -6.10635
-1.38393 -6.10658
-1.37994 -6.10636
-1.37594 -6.10613
-1.37194 -6.106
-1.36794 -6.10587
-1.35995 -6.10603
-1.35595 -6.10627
-1.35195 -6.1065
-1.34396 -6.10667
-1.33996 -6.10642
-1.33596 -6.10617
-1.33196 -6.10645
-1.32797 -6.10673
-1.32397 -6.1066
-1.31997 -6.10647
-1.31597 -6.10666
-1.31198 -6.10684
-1.30798 -6.10661
-1.30398 -6.10639
-1.29598 -6.1064
-1.28799 -6.10626
-1.27999 -6.10619
-1.276 -6.10649
-1.272 -6.10679
-1.264 -6.10681
-1.25601 -6.10675
-1.24801 -6.10669
-1.24002 -6.10683
-1.23202 -6.10665
-1.22403 -6.10668
-1.22003 -6.10688
-1.21603 -6.10708
-1.21203 -6.1069
-1.20803 -6.10671
-1.20004 -6.10697
-1.19604 -6.10677
-1.19204 -6.10657
-1.18405 -6.10682
-1.18005 -6.10669
-1.17605 -6.10655
-1.17206 -6.10692
-1.16806 -6.10728
-1.16406 -6.10699
-1.16006 -6.10669
-1.15606 -6.10699
-1.15207 -6.1073
-1.14407 -6.10722
-1.14007 -6.10696
-1.13608 -6.10669
-1.13208 -6.10688
-1.12808 -6.10707
-1.12406 -6.10717
-1.12409 -6.10742
-1.12418 -6.10818
-1.12438 -6.10898
-1.12364 -6.10961
-1.12399 -6.11046
-1.12371 -6.11118
-1.12356 -6.11194
-1.12301 -6.11252
-1.12253 -6.1131
-1.12222 -6.11379
-1.12184 -6.11443
-1.12151 -6.11513
-1.12092 -6.1156
-1.12016 -6.11588
-1.11985 -6.11666
-1.11938 -6.11729
-1.11874 -6.11769
-1.11457 -6.1201
-1.11041 -6.12252
-1.11015 -6.12355
-1.10923 -6.12337
-1.10853 -6.12357
-1.10793 -6.12405
-1.10199 -6.12599
-1.09605 -6.12794
-1.09011 -6.12988
-1.08417 -6.13182
-1.08343 -6.13199
-1.08266 -6.13193
-1.08197 -6.13244
-1.0812 -6.13231
-1.08045 -6.13224
-1.07968 -6.13266
-1.07561 -6.13239
-1.07154 -6.13211
-1.07144 -6.13162
-1.06739 -6.1316
-1.06333 -6.13159
-1.06266 -6.13122
-1.06192 -6.13134
-1.06115 -6.13143
-1.06063 -6.1307
-1.05986 -6.13075
-1.05354 -6.12834
-1.04721 -6.12592
-1.04088 -6.12351
-1.03455 -6.12109
-1.02823 -6.11868
-1.02742 -6.11866
-1.0267 -6.11841
-1.02624 -6.11772
-1.02554 -6.11744
-1.02473 -6.11726
-1.02417 -6.11675
-1.02401 -6.11584
-1.02345 -6.11537
-1.02247 -6.1152
-1.02251 -6.11425
-1.02189 -6.11376
-1.02118 -6.11327
-1.02123 -6.11242
-1.02068 -6.11182
-1.02052 -6.11108
-1.02081 -6.11024
-1.02033 -6.10958
-1.01997 -6.10886
-1.02018 -6.1081
-1.02018 -6.1076
-1.01615 -6.10745
-1.00815 -6.10733
-1.00015 -6.1072
-0.996157 -6.10753
-0.992161 -6.10786
-0.984164 -6.10767
-0.980166 -6.10747
-0.976167 -6.10727
-0.968173 -6.1075
-0.960178 -6.10777
-0.952184 -6.10806
-0.948185 -6.10789
-0.944187 -6.10771
-0.940189 -6.10758
-0.936191 -6.10745
-0.932194 -6.10776
-0.928197 -6.10806
-0.924199 -6.10784
-0.9202 -6.10763
-0.912205 -6.10753
-0.908208 -6.10786
-0.904211 -6.1082
-0.900213 -6.10792
-0.896214 -6.10764
-0.892217 -6.10787
-0.88822 -6.10809
-0.880225 -6.10824
-0.872229 -6.10819
-0.868231 -6.10803
-0.864233 -6.10787
-0.856237 -6.10782
-0.848242 -6.10779
-0.840246 -6.10775
-0.83625 -6.10812
-0.832253 -6.10848
-0.828254 -6.10823
-0.824256 -6.10797
-0.820259 -6.10824
-0.816262 -6.10852
-0.812264 -6.10837
-0.808266 -6.10822
-0.80027 -6.10807
-0.796273 -6.10836
-0.792276 -6.10865
-0.78428 -6.10845
-0.776284 -6.1083
-0.768289 -6.1084
-0.760294 -6.10849
-0.752299 -6.1087
-0.7483 -6.10838
-0.744301 -6.10806
-0.736307 -6.10831
-0.728312 -6.1086
-0.720317 -6.10854
-0.712321 -6.10851
-0.704325 -6.10843
-0.700328 -6.10869
-0.696332 -6.10896
-0.688336 -6.10895
-0.680341 -6.10903
-0.676342 -6.10873
-0.672343 -6.10842
-0.668346 -6.10858
-0.664349 -6.10874
-0.660351 -6.10859
-0.656352 -6.10843
-0.652355 -6.1086
-0.648358 -6.10876
-0.640363 -6.10885
-0.632368 -6.10909
-0.62837 -6.10892
-0.624371 -6.10876
-0.616376 -6.10888
-0.612378 -6.10871
-0.60838 -6.10854
-0.600385 -6.10869
-0.59239 -6.10891
-0.584394 -6.10874
-0.576399 -6.10891
-0.572401 -6.10879
-0.568403 -6.10866
-0.560408 -6.10876
-0.552413 -6.10887
-0.544417 -6.10884
-0.536421 -6.10876
-0.528426 -6.10886
-0.524429 -6.1091
-0.520432 -6.10934
-0.512437 -6.1095
-0.508439 -6.10919
-0.50444 -6.10889
-0.500443 -6.10905
-0.496445 -6.10921
-0.488449 -6.10901
-0.480454 -6.10899
-0.472458 -6.10899
-0.468462 -6.10932
-0.464465 -6.10966
-0.460467 -6.10953
-0.456469 -6.10941
-0.448473 -6.10941
-0.440478 -6.10936
-0.43648 -6.10955
-0.432483 -6.10975
-0.424487 -6.1096
-0.416491 -6.1094
-0.408495 -6.1093
-0.4005 -6.10926
-0.392505 -6.10952
-0.384509 -6.1094
-0.380513 -6.10967
-0.376516 -6.10994
-0.36852 -6.10979
-0.360524 -6.10968
-0.356527 -6.10992
-0.35253 -6.11015
-0.348531 -6.10991
-0.344533 -6.10968
-0.336538 -6.1098
-0.328542 -6.10968
-0.320546 -6.10961
-0.316549 -6.10989
-0.312553 -6.11017
-0.304558 -6.11027
-0.300559 -6.10998
-0.29656 -6.10969
-0.288565 -6.10985
-0.280571 -6.11013
-0.272575 -6.11
-0.264579 -6.10991
-0.256584 -6.11
-0.248588 -6.10987
-0.244591 -6.11021
-0.240595 -6.11054
-0.236596 -6.11022
-0.232597 -6.10991
-0.224602 -6.11003
-0.220605 -6.11025
-0.216608 -6.11047
-0.208613 -6.11056
-0.200616 -6.11032
-0.192621 -6.11034
-0.184626 -6.11059
-0.176631 -6.11051
-0.172632 -6.11032
-0.168634 -6.11014
-0.160639 -6.11021
-0.152644 -6.11036
-0.148647 -6.11062
-0.14465 -6.11087
-0.140651 -6.11065
-0.136653 -6.11043
-0.128657 -6.1102
-0.120661 -6.11025
-0.112667 -6.11045
-0.104671 -6.11045
-0.096676 -6.11056
-0.0886809 -6.11067
-0.0806854 -6.11065
-0.0726902 -6.11075
-0.0646953 -6.11091
-0.060697 -6.11075
-0.0566987 -6.11059
-0.048703 -6.11053
-0.0447064 -6.11085
-0.0407098 -6.11117
-0.0327145 -6.11124
-0.0247184 -6.11105
-0.0207212 -6.1112
-0.016724 -6.11136
-0.0127249 -6.11098
-0.00872587 -6.1106
-0.000731162 -6.11082
0.0072636 -6.11103
0.0152586 -6.11118
0.0232545 -6.11104
0.03125 -6.11105
0.0392459 -6.11091
0.0432426 -6.11122
0.0472392 -6.11154
0.0512379 -6.11126
0.0552366 -6.11098
0.0632315 -6.11115
0.0712279 -6.11091
0.075225 -6.11108
0.0792222 -6.11125
0.0872182 -6.11109
0.0952136 -6.11113
0.0992103 -6.11142
0.103207 -6.11171
0.107206 -6.11139
0.111205 -6.11106
0.1192 -6.11108
0.127195 -6.11127
0.13519 -6.11143
0.143186 -6.11122
0.151182 -6.11117
0.159176 -6.11143
0.167172 -6.11152
0.175166 -6.11172
0.183161 -6.11191
0.187159 -6.11178
0.191158 -6.11165
0.195156 -6.11152
0.199154 -6.1114
0.207149 -6.11142
0.215144 -6.11154
0.219141 -6.1118
0.223138 -6.11207
0.227137 -6.11183
0.231135 -6.1116
0.235132 -6.11184
0.239129 -6.11209
0.247124 -6.11215
0.251122 -6.11201
0.255121 -6.11186
0.263116 -6.11189
0.267113 -6.11204
0.27111 -6.11219
0.275109 -6.11199
0.279107 -6.11179
0.287103 -6.11169
0.295098 -6.11188
0.299095 -6.11217
0.303091 -6.11246
0.311087 -6.11239
0.319083 -6.11228
0.327079 -6.1121
0.335075 -6.11191
0.339072 -6.1122
0.343069 -6.11248
0.347067 -6.11232
0.351065 -6.11216
0.355062 -6.11234
0.35906 -6.11252
0.367055 -6.11253
0.37505 -6.11257
0.379049 -6.11245
0.383047 -6.11232
0.391042 -6.11229
0.399037 -6.11252
0.407032 -6.11258
0.415027 -6.11274
0.423022 -6.1128
0.431019 -6.11258
0.435016 -6.11276
0.439013 -6.11294
0.443012 -6.11258
0.447011 -6.11221
0.451008 -6.11246
0.455005 -6.1127
0.462999 -6.11292
0.470994 -6.11305
0.47899 -6.1129
0.482989 -6.11273
0.486987 -6.11257
0.494983 -6.11237
0.502979 -6.11241
0.510974 -6.11254
0.51497 -6.11285
0.518967 -6.11316
0.522966 -6.11289
0.526964 -6.11263
0.530961 -6.11291
0.534958 -6.11319
0.538956 -6.11303
0.542954 -6.11287
0.550949 -6.11314
0.554947 -6.11292
0.558946 -6.1127
0.566941 -6.11276
0.570938 -6.11303
0.574935 -6.1133
0.58293 -6.11346
0.586928 -6.11322
0.590927 -6.11299
0.598922 -6.11316
0.606917 -6.1133
0.614913 -6.11316
0.618911 -6.11302
0.622909 -6.11289
0.626906 -6.11306
0.630903 -6.11324
0.638898 -6.11336
0.642897 -6.11313
0.646896 -6.11291
0.650893 -6.11306
0.65489 -6.11321
0.662885 -6.11338
0.670881 -6.11316
0.678876 -6.11335
0.686871 -6.1135
0.694867 -6.11342
0.698865 -6.11329
0.702863 -6.11315
0.710859 -6.11314
0.714856 -6.11332
0.718853 -6.11349
0.726849 -6.11343
0.734844 -6.11336
0.742839 -6.11346
0.746836 -6.11367
0.750833 -6.11389
0.758828 -6.11405
0.766824 -6.11401
0.774819 -6.11401
0.782815 -6.11401
0.79081 -6.11406
0.798806 -6.11382
0.802805 -6.11366
0.806803 -6.11349
0.814798 -6.11371
0.818795 -6.11387
0.822792 -6.11402
0.830788 -6.11397
0.834786 -6.11381
0.838785 -6.11365
0.842781 -6.11387
0.846778 -6.1141
0.854774 -6.11395
0.858772 -6.11411
0.862769 -6.11427
0.866767 -6.11401
0.870766 -6.11376
0.874763 -6.11391
0.87876 -6.11406
0.886755 -6.1142
0.894751 -6.11417
0.898749 -6.11403
0.902747 -6.1139
0.910743 -6.11399
0.91474 -6.11414
0.918737 -6.11429
0.926733 -6.11422
0.93073 -6.11445
0.934727 -6.11467
0.942722 -6.11473
0.950718 -6.11457
0.958713 -6.11476
0.962711 -6.11457
0.96671 -6.11438
0.970708 -6.11425
0.974706 -6.11411
0.978703 -6.11448
0.982699 -6.11485
0.986697 -6.11466
0.990696 -6.11446
0.994694 -6.11429
0.998692 -6.11413
1.00269 -6.1143
1.00669 -6.11448
1.01068 -6.11472
1.01468 -6.11496
1.01868 -6.11484
1.02268 -6.11471
1.03067 -6.11471
1.03867 -6.11459
1.04666 -6.11477
1.05466 -6.11479
1.06265 -6.11502
1.07065 -6.11507
1.07465 -6.11492
1.07865 -6.11478
1.08664 -6.11483
1.09064 -6.11467
1.09464 -6.11452
1.10263 -6.1145
1.11063 -6.11474
1.11462 -6.11493
1.11862 -6.11513
1.12662 -6.1153
1.13061 -6.11506
1.13461 -6.11482
1.13861 -6.11498
1.14261 -6.11515
1.1506 -6.11525
1.1546 -6.11506
1.1586 -6.11486
1.16659 -6.11505
1.17059 -6.11522
1.17459 -6.11539
1.17859 -6.11516
1.18259 -6.11492
1.19058 -6.11499
1.19858 -6.11493
1.20257 -6.11519
1.20657 -6.11546
1.21457 -6.11524
1.22256 -6.11505
1.22656 -6.11529
1.23056 -6.11553
1.23855 -6.11549
1.24655 -6.11535
1.25454 -6.11515
1.26254 -6.11513
1.27053 -6.11526
1.27853 -6.11546
1.28253 -6.11531
1.28653 -6.11517
1.29052 -6.11547
1.29452 -6.11576
1.30251 -6.11595
1.30651 -6.11571
1.31051 -6.11547
1.31851 -6.11567
1.3265 -6.11557
1.3345 -6.11553
1.33849 -6.11573
1.34249 -6.11593
1.34649 -6.11573
1.35049 -6.11553
1.35848 -6.11559
1.36648 -6.11566
1.37447 -6.11593
1.38247 -6.11591
1.39046 -6.11607
1.39846 -6.11611
1.40645 -6.11634
1.41045 -6.11604
1.41445 -6.11573
1.42245 -6.11577
1.43044 -6.11573
1.43444 -6.11602
1.43844 -6.11631
1.44643 -6.11621
1.45443 -6.11627
1.46242 -6.1165
1.46642 -6.11624
1.47042 -6.11598
1.47841 -6.11622
1.48641 -6.11603
1.49041 -6.11627
1.4944 -6.1165
1.4984 -6.11638
1.5024 -6.11625
1.5104 -6.11612
1.51439 -6.1164
1.51839 -6.11667
1.52639 -6.11661
1.53038 -6.11645
1.53438 -6.11629
1.54238 -6.11615
1.55037 -6.11637
1.55837 -6.11666
1.56237 -6.11646
1.56636 -6.11626
1.57036 -6.11657
1.57436 -6.11688
1.57836 -6.11666
1.58235 -6.11644
1.59035 -6.11664
1.59435 -6.11647
1.59835 -6.11629
1.60234 -6.11667
1.60634 -6.11704
1.61433 -6.11685
1.62233 -6.11666
1.63033 -6.11643
1.63832 -6.11644
1.64632 -6.11654
1.65032 -6.11672
1.65431 -6.1169
1.66231 -6.11671
1.66631 -6.11695
1.6703 -6.11719
1.6783 -6.11703
1.6823 -6.1168
1.6863 -6.11657
1.69429 -6.11675
1.69829 -6.11698
1.70228 -6.11722
1.71028 -6.11708
1.71428 -6.11724
1.71827 -6.11741
1.72627 -6.11723
1.73027 -6.11697
1.73427 -6.11672
1.73826 -6.11703
1.74226 -6.11734
1.74626 -6.11709
1.75026 -6.11684
1.75825 -6.117
1.76225 -6.11718
1.76625 -6.11736
1.77424 -6.11719
1.77824 -6.11735
1.78224 -6.1175
1.79023 -6.11735
1.79823 -6.1174
1.80223 -6.11719
1.80623 -6.11698
1.81022 -6.11729
1.81422 -6.11761
1.81822 -6.11743
1.82222 -6.11726
1.83021 -6.11737
1.83421 -6.11755
1.83821 -6.11773
1.8422 -6.11753
1.8462 -6.11732
1.8542 -6.1172
1.86219 -6.1172
1.87019 -6.11717
1.87419 -6.11742
1.87818 -6.11767
1.88618 -6.11777
1.89417 -6.11761
1.89817 -6.11777
1.90217 -6.11793
1.90617 -6.11775
1.91017 -6.11756
1.91816 -6.11737
1.92216 -6.11761
1.92616 -6.11785
1.93415 -6.11781
1.94215 -6.11778
1.94614 -6.11801
1.95014 -6.11825
1.95814 -6.11812
1.96213 -6.11792
1.96613 -6.11772
1.97413 -6.11758
1.98212 -6.11778
1.98612 -6.11801
1.99012 -6.11823
1.99412 -6.11796
1.99812 -6.11768
2.00611 -6.11791
2.01411 -6.11778
2.0221 -6.11798
2.0301 -6.11784
2.03409 -6.11819
2.03809 -6.11853
2.04609 -6.11852
2.05009 -6.1184
2.05408 -6.11829
2.05863 -6.11791
2.0632 -6.11792
2.06773 -6.11744
2.07215 -6.1163
2.07672 -6.11586
2.08102 -6.11433
2.08554 -6.1135
2.08968 -6.11156
2.09404 -6.11016
2.09815 -6.10819
2.10209 -6.1059
2.10605 -6.10366
2.11299 -6.0998
2.11962 -6.09541
2.12672 -6.09181
2.13337 -6.08746
2.13994 -6.08298
2.14678 -6.07895
2.15388 -6.07534
2.1606 -6.0711
2.16729 -6.06683
2.17418 -6.06288
2.18081 -6.0585
2.18788 -6.05484
2.19461 -6.05063
2.20148 -6.04665
2.20805 -6.04217
2.2148 -6.03798
2.22155 -6.03379
2.22844 -6.02984
2.23537 -6.02597
2.24188 -6.02139
2.24871 -6.01733
2.25583 -6.01376
2.26231 -6.00913
2.26912 -6.00506
2.27601 -6.0011
2.28301 -5.99732
2.28978 -5.99319
2.29662 -5.98914
2.30307 -5.98446
2.30994 -5.98049
2.31676 -5.97642
2.32371 -5.97257
2.33063 -5.96866
2.33715 -5.96409
2.34047 -5.96199
2.34074 -5.96234
2.34123 -5.96289
2.34149 -5.96362
2.34204 -5.96412
2.34218 -5.96503
2.34279 -5.96551
2.34363 -5.96566
2.34417 -5.96618
2.3448 -5.96657
2.34539 -5.96704
2.34607 -5.96736
2.3469 -5.96725
2.3474 -5.96813
2.34822 -5.96795
2.3489 -5.96846
2.34965 -5.96848
2.35448 -5.96906
2.35931 -5.96963
2.36003 -5.96962
2.36072 -5.96912
2.36142 -5.96923
2.36217 -5.9696
2.36275 -5.96887
2.36353 -5.96917
2.36971 -5.9677
2.37589 -5.96624
2.38207 -5.96477
2.38825 -5.96331
2.3889 -5.96296
2.38962 -5.9628
2.3902 -5.96233
2.3972 -5.95904
2.40419 -5.95575
2.40497 -5.95568
2.40561 -5.95532
2.40606 -5.95471
2.40693 -5.95464
2.40714 -5.95379
2.40803 -5.95365
2.4083 -5.95291
2.40854 -5.95219
2.40921 -5.95178
2.40932 -5.95099
2.4133 -5.94501
2.41728 -5.93903
2.42126 -5.93305
2.42524 -5.92706
2.42921 -5.92108
2.42929 -5.92027
2.42977 -5.91967
2.42986 -5.9189
2.42992 -5.91815
2.43063 -5.91755
2.43015 -5.91672
2.43064 -5.91603
2.43085 -5.91529
2.43092 -5.91453
2.43038 -5.91382
2.43057 -5.91305
2.43033 -5.91234
2.43033 -5.91157
2.42967 -5.91102
2.43001 -5.91008
2.42952 -5.90948
2.42924 -5.90878
2.42911 -5.90844
2.43229 -5.9066
2.439 -5.90236
2.44616 -5.89885
2.45255 -5.89408
2.45975 -5.89064
2.46631 -5.88614
2.47318 -5.88216
2.47991 -5.87794
2.48688 -5.87413
2.4936 -5.8699
2.50016 -5.86539
2.50715 -5.86161
2.51372 -5.85713
2.52088 -5.85363
2.5275 -5.84923
2.53441 -5.84531
2.54131 -5.84138
2.54803 -5.83715
2.55469 -5.83281
2.56153 -5.82877
2.56521 -5.82634
2.56903 -5.82409
2.57523 -5.81907
2.58153 -5.81418
2.58454 -5.81202
2.5846 -5.8121
2.58506 -5.81271
2.58555 -5.81329
2.58611 -5.81379
2.58694 -5.81396
2.58744 -5.81452
2.58798 -5.81505
2.58844 -5.81575
2.58942 -5.81545
2.59002 -5.81589
2.59059 -5.81648
2.59141 -5.81633
2.59207 -5.81674
2.59283 -5.8166
2.59354 -5.81688
2.59913 -5.81732
2.60471 -5.81775
2.60541 -5.8182
2.60616 -5.81841
2.60686 -5.81808
2.60755 -5.81781
2.60825 -5.81769
2.60893 -5.8175
2.60957 -5.81717
2.61031 -5.8171
2.61776 -5.81422
2.62521 -5.81134
2.63266 -5.80846
2.63319 -5.80785
2.63386 -5.80753
2.63778 -5.80552
2.64171 -5.80352
2.64224 -5.803
2.6426 -5.80227
2.64354 -5.80227
2.64359 -5.80127
2.64437 -5.80104
2.6447 -5.80038
2.64535 -5.79998
2.64589 -5.79948
2.64934 -5.79424
2.65279 -5.789
2.65623 -5.78376
2.65968 -5.77851
2.66284 -5.77397
2.66599 -5.76943
2.66914 -5.76488
2.66954 -5.76424
2.66954 -5.76341
2.67018 -5.76287
2.67035 -5.76214
2.67059 -5.76143
2.67036 -5.76063
2.67057 -5.75993
2.67109 -5.75923
2.67139 -5.75848
2.67116 -5.75773
2.67109 -5.75698
2.6708 -5.75627
2.6706 -5.75555
2.67081 -5.75472
2.67021 -5.75414
2.67029 -5.75329
2.66967 -5.75276
2.66954 -5.75197
2.66878 -5.75159
2.66856 -5.75128
2.67193 -5.74876
2.67842 -5.74414
2.68479 -5.73934
2.69092 -5.73423
2.69769 -5.72998
2.70375 -5.72477
2.71038 -5.72033
2.71664 -5.71538
2.72333 -5.71103
2.72954 -5.70602
2.7362 -5.70163
2.74247 -5.69669
2.74903 -5.69217
2.75528 -5.68721
2.76158 -5.68232
2.76841 -5.67816
2.77472 -5.67328
2.78115 -5.66858
2.78731 -5.6635
2.79391 -5.65901
2.80017 -5.65407
2.80687 -5.64974
2.81344 -5.64522
2.8197 -5.64027
2.82634 -5.63585
2.83275 -5.63112
2.83878 -5.62586
2.84547 -5.62151
2.85177 -5.61662
2.85822 -5.61194
2.86469 -5.60728
2.87124 -5.60273
2.87764 -5.59798
2.88401 -5.59319
2.89053 -5.5886
2.89675 -5.58361
2.90324 -5.57898
2.90966 -5.57425
2.91616 -5.56965
2.9225 -5.56481
2.92915 -5.56041
2.93534 -5.55537
2.94205 -5.55104
2.94848 -5.54633
2.95499 -5.54173
2.9612 -5.53673
2.96778 -5.53222
2.97387 -5.52704
2.98058 -5.52271
2.98676 -5.51767
2.99358 -5.51349
2.99988 -5.5086
3.00625 -5.50381
3.01264 -5.49905
3.01918 -5.49448
3.02573 -5.48993
3.03216 -5.48523
3.03822 -5.48002
3.04485 -5.47558
3.05122 -5.47079
3.0578 -5.46628
3.0641 -5.46139
3.07074 -5.45697
3.07709 -5.45214
3.08345 -5.44734
3.09005 -5.44286
3.09305 -5.44021
3.09605 -5.43757
3.10273 -5.4332
3.10926 -5.42863
3.11552 -5.42369
3.12213 -5.41922
3.12849 -5.41442
3.13478 -5.40952
3.14114 -5.40471
3.14776 -5.40027
3.1544 -5.39585
3.16044 -5.3906
3.16687 -5.38589
3.17367 -5.38168
3.17977 -5.37653
3.18645 -5.37215
3.19263 -5.3671
3.19904 -5.36237
3.20565 -5.35791
3.21197 -5.35305
3.21864 -5.34866
3.225 -5.34385
3.23146 -5.33918
3.23789 -5.33447
3.24441 -5.32989
3.25085 -5.32519
3.25704 -5.32016
3.2634 -5.31536
3.26974 -5.31052
3.27317 -5.30845
3.27659 -5.30638
3.28279 -5.30137
3.28907 -5.29645
3.29562 -5.2919
3.30234 -5.28759
3.30533 -5.28492
3.30832 -5.28226
3.31506 -5.27797
3.32135 -5.27308
3.32786 -5.26847
3.33416 -5.26359
3.34055 -5.25882
3.34701 -5.25415
3.35377 -5.2499
3.36023 -5.24523
3.36626 -5.23997
3.37309 -5.23581
3.37947 -5.23103
3.38552 -5.2258
3.39204 -5.22122
3.39852 -5.21657
3.40494 -5.21184
3.4117 -5.20759
3.418 -5.20271
3.42424 -5.19773
3.43082 -5.19323
3.43739 -5.18871
3.44342 -5.18345
3.44685 -5.18139
3.45027 -5.17932
3.45664 -5.1745
3.46004 -5.1712
3.4641 -5.16864
3.46705 -5.16489
3.47066 -5.16181
3.47347 -5.158
3.47661 -5.15448
3.47926 -5.15056
3.48236 -5.14693
3.48475 -5.14285
3.48643 -5.13841
3.48878 -5.13428
3.49065 -5.12993
3.49183 -5.12534
3.49362 -5.12095
3.49452 -5.11631
3.49545 -5.1117
3.49675 -5.10711
3.49677 -5.10236
3.49726 -5.09765
3.49782 -5.09292
3.49745 -5.08507
3.49719 -5.07722
3.49714 -5.06937
3.49752 -5.06151
3.49688 -5.05366
3.49739 -5.04581
3.49734 -5.03795
3.49661 -5.0301
3.49729 -5.02224
3.49675 -5.01439
3.49655 -5.00654
3.49668 -4.99869
3.4965 -4.99083
3.49662 -4.98298
3.49697 -4.97512
3.4968 -4.96727
3.4968 -4.95942
3.49638 -4.95157
3.49648 -4.94371
3.49629 -4.93586
3.49594 -4.92801
3.49644 -4.92015
3.49642 -4.9123
3.49651 -4.90444
3.49573 -4.8966
3.49616 -4.88874
3.49567 -4.88089
3.49623 -4.87303
3.49608 -4.86518
3.49588 -4.85733
3.49586 -4.84947
3.4956 -4.84162
3.49571 -4.83376
3.49545 -4.82855
3.49533 -4.82331
3.49408 -4.81823
3.49336 -4.81306
3.49208 -4.80801
3.49033 -4.80311
3.48901 -4.79803
3.48657 -4.79341
3.48454 -4.78859
3.48224 -4.78388
3.47925 -4.7796
3.47651 -4.77513
3.47316 -4.77114
3.46971 -4.76722
3.46604 -4.76351
3.46245 -4.75971
3.4565 -4.75439
3.45046 -4.74917
3.44425 -4.74413
3.43842 -4.73867
3.43241 -4.73341
3.42642 -4.72813
3.42074 -4.72251
3.4149 -4.71706
3.40893 -4.71176
3.40578 -4.70929
3.40263 -4.70682
3.3967 -4.70147
3.39063 -4.69628
3.38784 -4.69341
3.38505 -4.69054
3.37911 -4.6852
3.373 -4.68006
3.36702 -4.67477
3.36088 -4.66966
3.35809 -4.66678
3.35531 -4.6639
3.34922 -4.65874
3.34314 -4.65355
3.33704 -4.64839
3.33142 -4.64271
3.32533 -4.63754
3.31925 -4.63235
3.31332 -4.62701
3.30734 -4.62172
3.3014 -4.61638
3.29859 -4.61353
3.29579 -4.61068
3.29258 -4.60828
3.28937 -4.60588
3.2835 -4.60046
3.27751 -4.59518
3.27473 -4.5923
3.27196 -4.58941
3.26606 -4.58403
3.26287 -4.5816
3.25968 -4.57918
3.2537 -4.57389
3.25095 -4.57098
3.24819 -4.56807
3.24502 -4.56562
3.24186 -4.56318
3.2361 -4.55764
3.2301 -4.55237
3.22405 -4.54715
3.21818 -4.54174
3.21228 -4.53636
3.20619 -4.53119
3.2004 -4.52568
3.19425 -4.52059
3.18846 -4.51509
3.18228 -4.51001
3.17948 -4.50715
3.17668 -4.5043
3.17047 -4.49927
3.16471 -4.49372
3.1587 -4.48846
3.15265 -4.48325
3.14651 -4.47814
3.14077 -4.47258
3.13481 -4.46727
3.12875 -4.46207
3.12282 -4.45672
3.11718 -4.45104
3.11118 -4.44578
3.10802 -4.44331
3.10487 -4.44085
3.09921 -4.4352
3.09607 -4.43272
3.09293 -4.43025
3.08708 -4.42481
3.08429 -4.42194
3.08151 -4.41906
3.07545 -4.41385
3.0695 -4.40853
3.06365 -4.4031
3.05757 -4.39792
3.05172 -4.39248
3.04563 -4.38731
3.04248 -4.38484
3.03933 -4.38238
3.03659 -4.37946
3.03384 -4.37653
3.02757 -4.37157
3.02161 -4.36626
3.01551 -4.3611
3.01271 -4.35824
3.00991 -4.35538
3.00395 -4.35007
2.99775 -4.34502
2.99181 -4.33968
2.98589 -4.33433
2.97985 -4.3291
2.97418 -4.32346
2.97104 -4.32099
2.96789 -4.31852
2.96216 -4.31295
2.95623 -4.30761
2.9502 -4.30236
2.94439 -4.29688
2.93835 -4.29166
2.93247 -4.28625
2.92666 -4.28077
2.9205 -4.27568
2.9144 -4.27053
2.90855 -4.26509
2.90263 -4.25973
2.89644 -4.25467
2.89364 -4.25181
2.89085 -4.24895
2.88467 -4.24388
2.87871 -4.23857
2.8759 -4.23572
2.87309 -4.23287
2.86708 -4.22761
2.86115 -4.22226
2.85498 -4.21719
2.84891 -4.212
2.84285 -4.20679
2.83691 -4.20146
2.83122 -4.19584
2.82527 -4.19051
2.81917 -4.18536
2.8135 -4.17972
2.80747 -4.17448
2.80157 -4.1691
2.79543 -4.16399
2.78939 -4.15876
2.78346 -4.15341
2.77776 -4.14781
2.7715 -4.14284
2.76584 -4.13719
2.75991 -4.13184
2.75675 -4.12938
2.75359 -4.12693
2.74771 -4.12152
2.74194 -4.11599
2.73589 -4.11079
2.73025 -4.10512
2.72411 -4.1
2.71794 -4.09492
2.7123 -4.08925
2.70911 -4.08682
2.70592 -4.0844
2.7001 -4.07893
2.69412 -4.07364
2.68814 -4.06835
2.68537 -4.06546
2.6826 -4.06257
2.67943 -4.06012
2.67626 -4.05768
2.67052 -4.05212
2.6643 -4.0471
2.65856 -4.04153
2.65263 -4.03618
2.64672 -4.03082
2.64069 -4.02559
2.6346 -4.02041
2.62853 -4.01522
2.62577 -4.01232
2.62301 -4.00942
2.61982 -4.00699
2.61664 -4.00456
2.61071 -3.99921
2.605 -3.99361
2.59921 -3.98811
2.59316 -3.9829
2.58715 -3.97764
2.58105 -3.97249
2.57505 -3.96722
2.56929 -3.96168
2.56343 -3.95625
2.55745 -3.95096
2.55428 -3.94851
2.55112 -3.94607
2.54539 -3.94049
2.5397 -3.93488
2.53647 -3.93249
2.53325 -3.93011
2.52753 -3.92453
2.52144 -3.91935
2.51581 -3.91367
2.50967 -3.90856
2.50364 -3.90333
2.50083 -3.90048
2.49802 -3.89763
2.49187 -3.89253
2.48568 -3.88748
2.47999 -3.88185
2.47376 -3.87685
2.47099 -3.87396
2.46821 -3.87107
2.46195 -3.8661
2.45608 -3.86068
2.45001 -3.85549
2.44724 -3.8526
2.44446 -3.84971
2.44125 -3.84732
2.43804 -3.84492
2.43232 -3.83934
2.42644 -3.83393
2.42043 -3.82868
2.4146 -3.82321
2.41146 -3.82074
2.40832 -3.81826
2.40255 -3.81273
2.39634 -3.8077
2.39358 -3.8048
2.39082 -3.80189
2.38466 -3.7968
2.37898 -3.79118
2.37293 -3.78597
2.36705 -3.78056
2.36079 -3.77558
2.35497 -3.77011
2.34898 -3.76482
2.34287 -3.75969
2.33704 -3.75422
2.33124 -3.74873
2.32518 -3.74352
2.31913 -3.73831
2.31314 -3.73303
2.30721 -3.72769
2.30127 -3.72235
2.2952 -3.71716
2.2892 -3.7119
2.28331 -3.7065
2.27765 -3.70085
2.27448 -3.6984
2.27131 -3.69596
2.26543 -3.69056
2.26261 -3.68772
2.2598 -3.68487
2.25355 -3.67988
2.24779 -3.67434
2.24192 -3.66893
2.23877 -3.66646
2.23562 -3.664
2.23283 -3.66113
2.23004 -3.65826
2.22402 -3.65301
2.21795 -3.64783
2.2122 -3.64228
2.20901 -3.63986
2.20582 -3.63743
2.20309 -3.63449
2.20037 -3.63154
2.19719 -3.62911
2.19401 -3.62668
2.18835 -3.62103
2.18519 -3.61857
2.18203 -3.61612
2.17629 -3.61056
2.17018 -3.60541
2.16416 -3.60017
2.15827 -3.59477
2.15546 -3.59193
2.15265 -3.58908
2.14645 -3.58403
2.14074 -3.57844
2.13475 -3.57316
2.12892 -3.5677
2.12297 -3.56237
2.11694 -3.55714
2.11068 -3.55216
2.10458 -3.547
2.09867 -3.54163
2.09302 -3.53597
2.08678 -3.53097
2.08109 -3.52536
2.07523 -3.51993
2.0692 -3.51469
2.06319 -3.50944
2.05734 -3.504
2.05128 -3.4988
2.04519 -3.49363
2.04239 -3.49077
2.03959 -3.48791
2.03661 -3.48537
2.037 -3.48534
2.03689 -3.48434
2.03728 -3.48373
2.03783 -3.48321
2.0381 -3.48254
2.03869 -3.48198
2.03886 -3.48126
2.03877 -3.48048
2.03961 -3.4799
2.03923 -3.47909
2.03955 -3.47837
2.03966 -3.47763
2.03938 -3.4769
2.03924 -3.47618
2.03922 -3.47544
2.03938 -3.47465
2.03823 -3.46991
2.03708 -3.46517
2.03694 -3.46446
2.03673 -3.46377
2.0365 -3.46308
2.03625 -3.46242
2.03332 -3.45651
2.0304 -3.45061
2.02747 -3.44471
2.02455 -3.4388
2.02409 -3.43823
2.02348 -3.43778
2.02361 -3.43677
2.02276 -3.43653
2.02258 -3.43569
2.02208 -3.43514
2.02161 -3.43453
2.02087 -3.43428
2.0163 -3.43119
2.01173 -3.4281
2.00716 -3.42501
2.00647 -3.42476
2.00588 -3.42431
2.00535 -3.42365
1.99997 -3.42178
1.99458 -3.41992
1.98919 -3.41805
1.98859 -3.41747
1.98291 -3.41588
1.97723 -3.41429
1.97156 -3.4127
1.97083 -3.41257
1.97013 -3.41224
1.96937 -3.41242
1.96864 -3.41187
1.96788 -3.41184
1.96712 -3.4119
1.96637 -3.41204
1.96565 -3.41231
1.96497 -3.41264
1.96422 -3.41276
1.96359 -3.41319
1.96285 -3.41335
1.96236 -3.41398
1.96166 -3.41426
1.96115 -3.41479
1.96013 -3.41476
1.95986 -3.41556
1.95912 -3.41591
1.95903 -3.41609
