-3.65148 -4.7748
-3.65635 -4.7793
-3.65929 -4.78201
-3.66463 -4.78623
-3.66973 -4.7907
-3.6744 -4.79565
-3.67943 -4.8002
-3.68433 -4.80488
-3.68754 -4.80795
-3.69273 -4.81269
-3.69775 -4.81761
-3.7025 -4.82279
-3.70754 -4.82768
-3.70878 -4.82862
-3.7136 -4.83425
-3.71877 -4.8395
-3.7222 -4.84281
-3.72549 -4.84627
-3.72827 -4.85013
-3.73071 -4.8542
-3.73323 -4.85823
-3.73562 -4.86233
-3.73782 -4.86654
-3.73978 -4.87088
-3.74096 -4.8755
-3.74286 -4.87986
-3.74419 -4.88443
-3.74548 -4.88903
-3.7461 -4.89374
-3.74705 -4.89844
-3.74727 -4.90318
-3.74727 -4.90794
-3.74748 -4.91589
-3.74725 -4.92384
-3.74715 -4.93178
-3.74756 -4.93973
-3.74718 -4.94768
-3.74797 -4.95562
-3.74804 -4.96356
-3.74801 -4.97151
-3.74763 -4.97946
-3.74759 -4.98741
-3.74766 -4.99535
-3.74805 -5.0033
-3.74784 -5.01125
-3.74793 -5.01919
-3.74827 -5.02713
-3.74805 -5.03508
-3.74832 -5.04303
-3.74843 -5.05097
-3.74855 -5.05892
-3.74836 -5.06685
-3.74826 -5.07172
-3.74827 -5.07659
-3.74773 -5.08143
-3.74715 -5.08629
-3.74599 -5.09102
-3.74457 -5.09567
-3.74343 -5.10043
-3.74124 -5.10479
-3.73987 -5.10952
-3.73741 -5.11374
-3.73507 -5.11801
-3.73292 -5.12244
-3.73006 -5.12638
-3.72712 -5.1303
-3.72343 -5.13354
-3.72037 -5.13733
-3.71644 -5.14138
-3.7126 -5.14552
-3.7087 -5.1496
-3.7079 -5.15079
-3.70276 -5.1551
-3.6985 -5.1603
-3.69335 -5.1646
-3.6891 -5.1698
-3.68415 -5.17432
-3.67925 -5.17887
-3.67636 -5.18145
-3.67071 -5.18703
-3.6649 -5.19244
-3.65909 -5.19786
-3.65318 -5.20316
-3.64756 -5.20877
-3.64175 -5.21418
-3.63558 -5.2192
-3.6298 -5.22464
-3.62443 -5.23052
-3.6185 -5.2358
-3.61279 -5.24132
-3.60677 -5.24651
-3.60097 -5.25192
-3.59511 -5.25727
-3.58933 -5.26272
-3.58347 -5.26807
-3.57771 -5.27353
-3.572 -5.27906
-3.56618 -5.28445
-3.56003 -5.28949
-3.55451 -5.29521
-3.54853 -5.30044
-3.54295 -5.3061
-3.53667 -5.311
-3.53116 -5.31674
-3.52507 -5.32184
-3.5196 -5.32761
-3.51377 -5.333
-3.50793 -5.33838
-3.5022 -5.34388
-3.49617 -5.34905
-3.4904 -5.3545
-3.48443 -5.35974
-3.47891 -5.36546
-3.47279 -5.37053
-3.46729 -5.37628
-3.46109 -5.38127
-3.45535 -5.38674
-3.44938 -5.39199
-3.44391 -5.39776
-3.43795 -5.40301
-3.43212 -5.4084
-3.42632 -5.41381
-3.42067 -5.4194
-3.41487 -5.42482
-3.40886 -5.43001
-3.40316 -5.43553
-3.3972 -5.44079
-3.3913 -5.44609
-3.38552 -5.45154
-3.37948 -5.4567
-3.37372 -5.46217
-3.36815 -5.46783
-3.36248 -5.47339
-3.35648 -5.4786
-3.35041 -5.48372
-3.345 -5.48957
-3.33912 -5.4949
-3.33329 -5.50029
-3.32711 -5.50529
-3.32176 -5.5112
-3.31596 -5.51662
-3.30999 -5.52186
-3.30414 -5.52722
-3.29832 -5.53262
-3.29256 -5.53808
-3.2866 -5.54333
-3.28076 -5.54871
-3.27499 -5.55416
-3.26938 -5.55979
-3.26308 -5.56466
-3.25722 -5.57003
-3.25167 -5.57572
-3.24584 -5.5811
-3.24004 -5.58652
-3.23418 -5.59188
-3.22824 -5.59714
-3.22243 -5.60255
-3.21681 -5.60816
-3.21067 -5.61322
-3.20537 -5.61918
-3.19912 -5.62411
-3.1936 -5.62984
-3.18747 -5.6349
-3.18159 -5.64024
-3.17593 -5.64581
-3.16996 -5.65104
-3.16424 -5.65655
-3.15845 -5.66198
-3.15255 -5.66729
-3.14688 -5.67285
-3.14099 -5.67817
-3.13548 -5.6839
-3.12926 -5.68887
-3.12357 -5.69441
-3.11785 -5.69992
-3.11211 -5.7054
-3.10616 -5.71066
-3.10024 -5.71595
-3.09467 -5.72162
-3.08875 -5.72691
-3.08278 -5.73215
-3.07704 -5.73763
-3.071 -5.74278
-3.06548 -5.74851
-3.05945 -5.75368
-3.05365 -5.75911
-3.04771 -5.76438
-3.04238 -5.7703
-3.0364 -5.77552
-3.03042 -5.78075
-3.02458 -5.78613
-3.01889 -5.79166
-3.01296 -5.79694
-3.00697 -5.80216
-3.0015 -5.80794
-2.99559 -5.81324
-2.9896 -5.81845
-2.98413 -5.82423
-2.97811 -5.82941
-2.97227 -5.83479
-2.96624 -5.83996
-2.96071 -5.84568
-2.9572 -5.84832
-2.95371 -5.85095
-2.95047 -5.85397
-2.94669 -5.8562
-2.94317 -5.85889
-2.93935 -5.86112
-2.93524 -5.86271
-2.93112 -5.86423
-2.92388 -5.86756
-2.91657 -5.87069
-2.90935 -5.87406
-2.90192 -5.87692
-2.89459 -5.88003
-2.88712 -5.88278
-2.87997 -5.88632
-2.87247 -5.88902
-2.86508 -5.89199
-2.85767 -5.8949
-2.85048 -5.89832
-2.84314 -5.90141
-2.83572 -5.9043
-2.82838 -5.90738
-2.82117 -5.91076
-2.81366 -5.91343
-2.80645 -5.91683
-2.79908 -5.91983
-2.79167 -5.92274
-2.78434 -5.92585
-2.77703 -5.92899
-2.76958 -5.93179
-2.76247 -5.93544
-2.75487 -5.93789
-2.74762 -5.94117
-2.74033 -5.94438
-2.73308 -5.94766
-2.72572 -5.9507
-2.71845 -5.95395
-2.71104 -5.95685
-2.70351 -5.95947
-2.69615 -5.96252
-2.68901 -5.96607
-2.68155 -5.96885
-2.67436 -5.97229
-2.66697 -5.97525
-2.65959 -5.97823
-2.65234 -5.98153
-2.64493 -5.98443
-2.63767 -5.98772
-2.63007 -5.99016
-2.62301 -5.99391
-2.61539 -5.99632
-2.60816 -5.99965
-2.60096 -6.00307
-2.59342 -6.00568
-2.58612 -6.00884
-2.57886 -6.01212
-2.57154 -6.01524
-2.56403 -6.01792
-2.55671 -6.02105
-2.54938 -6.02414
-2.54194 -6.02698
-2.5348 -6.03054
-2.52732 -6.03329
-2.52002 -6.03647
-2.51266 -6.03948
-2.5054 -6.04275
-2.498 -6.04568
-2.49059 -6.04859
-2.48331 -6.05183
-2.47607 -6.05513
-2.46862 -6.05796
-2.4613 -6.06109
-2.45412 -6.06455
-2.44669 -6.06741
-2.43943 -6.07066
-2.43184 -6.07316
-2.42473 -6.07679
-2.41723 -6.07947
-2.40978 -6.0823
-2.40265 -6.08587
-2.39538 -6.08911
-2.38797 -6.09203
-2.3807 -6.09528
-2.3732 -6.09797
-2.3659 -6.10113
-2.35844 -6.10394
-2.35117 -6.10717
-2.34661 -6.10917
-2.34177 -6.1103
-2.33703 -6.11184
-2.33224 -6.11324
-2.32727 -6.11362
-2.32238 -6.11459
-2.3174 -6.11442
-2.31245 -6.11523
-2.30446 -6.11502
-2.30046 -6.11488
-2.29646 -6.11473
-2.28847 -6.11477
-2.28047 -6.11498
-2.27647 -6.11476
-2.27247 -6.11454
-2.26848 -6.11487
-2.26448 -6.11519
-2.25648 -6.1151
-2.25248 -6.1149
-2.24849 -6.1147
-2.24449 -6.11489
-2.24049 -6.11508
-2.23249 -6.11484
-2.2285 -6.11503
-2.2245 -6.11522
-2.2165 -6.115
-2.2125 -6.11481
-2.20851 -6.11462
-2.20051 -6.11485
-2.19651 -6.11467
-2.19251 -6.11448
-2.18852 -6.11462
-2.18452 -6.11475
-2.17652 -6.11472
-2.16852 -6.11489
-2.16053 -6.11483
-2.15253 -6.11479
-2.14853 -6.11462
-2.14454 -6.11445
-2.13654 -6.11455
-2.13254 -6.11472
-2.12854 -6.11489
-2.12055 -6.11499
-2.11255 -6.11506
-2.10855 -6.1149
-2.10456 -6.11475
-2.09656 -6.11481
-2.09256 -6.11457
-2.08856 -6.11433
-2.08457 -6.11447
-2.08057 -6.11461
-2.07657 -6.11444
-2.07257 -6.11427
-2.06857 -6.11458
-2.06458 -6.11489
-2.06058 -6.11463
-2.05658 -6.11438
-2.05258 -6.11463
-2.04858 -6.11489
-2.04459 -6.1146
-2.04059 -6.11431
-2.03659 -6.1145
-2.03259 -6.1147
-2.02859 -6.11454
-2.0246 -6.11438
-2.0206 -6.11454
-2.0166 -6.1147
-2.0086 -6.11455
-2.00461 -6.11471
-2.00061 -6.11487
-1.99261 -6.1147
-1.98861 -6.11452
-1.98462 -6.11433
-1.97662 -6.1143
-1.97262 -6.11457
-1.96862 -6.11484
-1.96462 -6.11461
-1.96063 -6.11438
-1.95263 -6.11418
-1.94863 -6.11445
-1.94463 -6.11472
-1.93664 -6.11484
-1.92864 -6.1148
-1.92065 -6.11461
-1.91265 -6.11443
-1.90865 -6.11458
-1.90465 -6.11472
-1.90066 -6.11448
-1.89666 -6.11424
-1.88866 -6.11406
-1.88466 -6.11426
-1.88067 -6.11447
-1.87267 -6.11455
-1.86867 -6.11433
-1.86467 -6.11411
-1.86068 -6.11432
-1.85668 -6.11453
-1.85268 -6.11434
-1.84868 -6.11415
-1.84468 -6.1143
-1.84069 -6.11445
-1.83269 -6.1145
-1.82869 -6.11424
-1.82469 -6.11399
-1.8167 -6.11402
-1.8087 -6.11403
-1.8047 -6.11423
-1.80071 -6.11443
-1.79271 -6.11454
-1.78871 -6.11439
-1.78471 -6.11425
-1.77672 -6.11446
-1.76872 -6.11423
-1.76073 -6.11414
-1.75273 -6.114
-1.74873 -6.11425
-1.74473 -6.11451
-1.73674 -6.11458
-1.72874 -6.11446
-1.72074 -6.11431
-1.71675 -6.11405
-1.71275 -6.11379
-1.70875 -6.11393
-1.70475 -6.11406
-1.69676 -6.11399
-1.69276 -6.11418
-1.68876 -6.11436
-1.68076 -6.11447
-1.67677 -6.11428
-1.67277 -6.1141
-1.66477 -6.11403
-1.65678 -6.11396
-1.65278 -6.11422
-1.64878 -6.11448
-1.64478 -6.11432
-1.64078 -6.11415
-1.63279 -6.11419
-1.62479 -6.11395
-1.62079 -6.11419
-1.6168 -6.11442
-1.6128 -6.1141
-1.6088 -6.11378
-1.6048 -6.11394
-1.6008 -6.1141
-1.59281 -6.11419
-1.58881 -6.114
-1.58481 -6.1138
-1.57682 -6.11366
-1.57282 -6.11388
-1.56882 -6.1141
-1.56082 -6.11418
-1.55682 -6.114
-1.55283 -6.11381
-1.54483 -6.114
-1.53683 -6.11379
-1.53284 -6.11397
-1.52884 -6.11414
-1.52484 -6.11396
-1.52084 -6.11378
-1.51285 -6.11399
-1.50485 -6.11401
-1.49685 -6.11393
-1.48886 -6.11388
-1.48486 -6.11371
-1.48086 -6.11354
-1.47287 -6.1135
-1.46887 -6.11383
-1.46487 -6.11415
-1.46087 -6.11386
-1.45687 -6.11357
-1.45288 -6.1137
-1.44888 -6.11383
-1.44488 -6.11396
-1.44088 -6.11409
-1.43688 -6.11375
-1.43289 -6.11341
-1.42889 -6.11374
-1.42489 -6.11407
-1.41689 -6.11409
-1.4089 -6.11383
-1.4009 -6.11398
-1.3969 -6.11369
-1.39291 -6.1134
-1.38891 -6.11376
-1.38491 -6.11411
-1.38091 -6.11396
-1.37691 -6.11382
-1.37291 -6.11395
-1.36892 -6.11408
-1.36492 -6.1138
-1.36092 -6.11352
-1.35293 -6.11364
-1.34493 -6.11339
-1.33693 -6.11342
-1.32894 -6.1134
-1.32494 -6.11353
-1.32094 -6.11365
-1.31294 -6.11356
-1.30895 -6.11372
-1.30495 -6.11388
-1.30095 -6.11364
-1.29695 -6.11341
-1.29295 -6.11366
-1.28896 -6.11391
-1.28496 -6.11364
-1.28096 -6.11336
-1.27296 -6.11337
-1.26897 -6.11367
-1.26497 -6.11397
-1.25697 -6.11376
-1.25297 -6.11348
-1.24898 -6.1132
-1.24498 -6.11342
-1.24098 -6.11363
-1.23298 -6.1138
-1.22899 -6.11348
-1.22499 -6.11317
-1.21699 -6.11324
-1.21299 -6.11356
-1.209 -6.11388
-1.201 -6.11375
-1.197 -6.11355
-1.193 -6.11336
-1.18901 -6.11351
-1.18501 -6.11366
-1.17701 -6.11378
-1.16901 -6.11372
-1.16502 -6.11348
-1.16102 -6.11323
-1.15702 -6.1135
-1.15302 -6.11377
-1.14503 -6.11364
-1.14103 -6.11347
-1.13703 -6.1133
-1.13303 -6.11349
-1.12903 -6.11368
-1.12104 -6.1135
-1.11304 -6.11366
-1.10904 -6.11337
-1.10505 -6.11308
-1.10105 -6.11321
-1.09705 -6.11333
-1.08905 -6.1131
-1.08106 -6.11296
-1.07706 -6.11331
-1.07306 -6.11366
-1.06507 -6.11355
-1.05707 -6.11367
-1.05307 -6.11352
-1.04907 -6.11337
-1.04108 -6.11339
-1.03308 -6.11342
-1.02908 -6.11315
-1.02509 -6.11288
-1.01709 -6.11301
-1.00909 -6.11289
-1.0011 -6.11288
-0.993102 -6.11297
-0.985106 -6.1129
-0.981107 -6.11322
-0.977109 -6.11354
-0.973111 -6.11327
-0.969114 -6.113
-0.961117 -6.11317
-0.953121 -6.11308
-0.945125 -6.11309
-0.937129 -6.11314
-0.929133 -6.11323
-0.921137 -6.11303
-0.917139 -6.11319
-0.913141 -6.11335
-0.909143 -6.11312
-0.905145 -6.11289
-0.897149 -6.11296
-0.893151 -6.11315
-0.889152 -6.11334
-0.881156 -6.11336
-0.87316 -6.11318
-0.869162 -6.11305
-0.865165 -6.11291
-0.857169 -6.11276
-0.85317 -6.11291
-0.849172 -6.11305
-0.845174 -6.11317
-0.841176 -6.1133
-0.837178 -6.11308
-0.83318 -6.11287
-0.825184 -6.11265
-0.821186 -6.11299
-0.817187 -6.11333
-0.809192 -6.11318
-0.801195 -6.11331
-0.797198 -6.1131
-0.7932 -6.11289
-0.785204 -6.11294
-0.777207 -6.11312
-0.769211 -6.11327
-0.765213 -6.11291
-0.761216 -6.11255
-0.757218 -6.11267
-0.753219 -6.11279
-0.745223 -6.11268
-0.741225 -6.11291
-0.737227 -6.11314
-0.733229 -6.11297
-0.729231 -6.1128
-0.725233 -6.11295
-0.721235 -6.11309
-0.717237 -6.11287
-0.713239 -6.11265
-0.709241 -6.1128
-0.705243 -6.11296
-0.697246 -6.11307
-0.68925 -6.11317
-0.685252 -6.11301
-0.681255 -6.11286
-0.677256 -6.11298
-0.673258 -6.1131
-0.665262 -6.11314
-0.661264 -6.11278
-0.657267 -6.11243
-0.653268 -6.11267
-0.64927 -6.1129
-0.641274 -6.11313
-0.633278 -6.11307
-0.625282 -6.113
-0.617286 -6.11305
-0.613288 -6.11284
-0.60929 -6.11264
-0.605292 -6.11283
-0.601293 -6.11302
-0.597296 -6.11285
-0.593298 -6.11268
-0.585302 -6.11265
-0.577305 -6.11286
-0.573308 -6.11265
-0.56931 -6.11244
-0.561314 -6.11248
-0.557315 -6.11263
-0.553317 -6.11279
-0.545321 -6.11288
-0.541323 -6.11272
-0.537325 -6.11256
-0.529329 -6.11255
-0.521333 -6.11229
-0.513337 -6.11231
-0.509339 -6.11253
-0.505341 -6.11274
-0.497345 -6.11266
-0.489349 -6.11267
-0.485351 -6.11247
-0.481353 -6.11226
-0.473357 -6.11228
-0.469359 -6.11242
-0.46536 -6.11256
-0.457364 -6.11258
-0.453366 -6.11272
-0.449368 -6.11285
-0.44537 -6.11256
-0.441373 -6.11226
-0.433377 -6.11215
-0.429378 -6.11242
-0.42538 -6.11269
-0.421382 -6.11241
-0.417385 -6.11214
-0.409388 -6.11221
-0.401392 -6.11245
-0.397394 -6.11226
-0.393396 -6.11207
-0.3854 -6.11204
-0.377404 -6.11221
-0.373406 -6.11238
-0.369407 -6.11255
-0.361412 -6.1124
-0.353416 -6.11229
-0.349417 -6.11242
-0.345419 -6.11254
-0.341421 -6.11235
-0.337424 -6.11215
-0.333425 -6.11234
-0.329427 -6.11253
-0.325429 -6.11234
-0.321431 -6.11216
-0.313435 -6.11206
-0.309437 -6.11229
-0.305439 -6.11251
-0.297443 -6.11254
-0.289447 -6.11243
-0.285449 -6.11225
-0.281451 -6.11206
-0.273455 -6.11226
-0.269457 -6.11208
-0.265459 -6.1119
-0.257463 -6.11211
-0.253464 -6.11232
-0.249466 -6.11253
-0.245468 -6.11221
-0.241471 -6.11188
-0.233475 -6.11198
-0.225479 -6.11192
-0.22148 -6.11216
-0.217482 -6.11239
-0.213484 -6.11218
-0.209486 -6.11198
-0.205488 -6.11227
-0.201489 -6.11256
-0.197492 -6.11221
-0.193494 -6.11186
-0.189496 -6.11209
-0.185498 -6.11231
-0.177501 -6.11248
-0.169506 -6.11224
-0.165508 -6.1121
-0.16151 -6.11197
-0.157511 -6.11218
-0.153513 -6.1124
-0.149515 -6.11218
-0.145518 -6.11197
-0.141519 -6.11214
-0.137521 -6.1123
-0.129525 -6.11223
-0.121529 -6.11211
-0.113533 -6.11204
-0.105537 -6.1118
-0.101539 -6.11197
-0.0975409 -6.11214
-0.0895451 -6.11188
-0.0815489 -6.11197
-0.0735531 -6.11178
-0.0655568 -6.11193
-0.061559 -6.11177
-0.0575611 -6.1116
-0.0535626 -6.11198
-0.049564 -6.11236
-0.0455663 -6.11216
-0.0415685 -6.11197
-0.0335726 -6.11178
-0.0295744 -6.11194
-0.0255761 -6.11209
-0.0215783 -6.11194
-0.0175804 -6.1118
-0.0095843 -6.11182
-0.00158806 -6.11194
0.00640776 -6.11173
0.010406 -6.11189
0.0144043 -6.11206
0.018402 -6.11183
0.0223998 -6.1116
0.0303962 -6.11183
0.0383925 -6.11203
0.0423902 -6.11175
0.0463879 -6.11146
0.0543841 -6.1116
0.0583824 -6.11178
0.0623807 -6.11196
0.070377 -6.11211
0.078373 -6.11203
0.0863687 -6.11178
0.090367 -6.11193
0.0943652 -6.11207
0.0983629 -6.11185
0.102361 -6.11162
0.106359 -6.11177
0.110357 -6.11192
0.118353 -6.11184
0.126349 -6.11187
0.130347 -6.11172
0.134345 -6.11158
0.138343 -6.11175
0.142342 -6.11193
0.150338 -6.11201
0.154335 -6.11168
0.158333 -6.11136
0.166329 -6.11142
0.170328 -6.11168
0.174326 -6.11193
0.178324 -6.11179
0.182322 -6.11164
0.190318 -6.11165
0.198314 -6.11145
0.20631 -6.11163
0.214306 -6.11178
0.222302 -6.11193
0.230298 -6.11168
0.234296 -6.11181
0.238295 -6.11195
0.242292 -6.11158
0.24629 -6.11122
0.250288 -6.11152
0.254287 -6.11182
0.258285 -6.11165
0.262282 -6.11148
0.270279 -6.11156
0.278274 -6.11143
0.282273 -6.11158
0.286271 -6.11173
0.290269 -6.11147
0.294266 -6.1112
0.302263 -6.1113
0.306261 -6.11148
0.310259 -6.11165
0.314257 -6.11148
0.318255 -6.1113
0.326251 -6.11121
0.330249 -6.11142
0.334247 -6.11164
0.342243 -6.11166
0.350239 -6.11148
0.358235 -6.11143
0.362234 -6.11158
0.366232 -6.11173
0.37023 -6.11148
0.374227 -6.11123
0.382223 -6.11115
0.39022 -6.11129
0.398216 -6.11125
0.402214 -6.1115
0.406212 -6.11174
0.41021 -6.11143
0.414208 -6.11112
0.418206 -6.11142
0.422204 -6.11172
0.426202 -6.11156
0.4302 -6.1114
0.434198 -6.11124
0.438196 -6.11109
0.446192 -6.11102
0.45019 -6.11127
0.454189 -6.11152
0.462184 -6.11126
0.470181 -6.11146
0.474178 -6.11118
0.478176 -6.11089
0.482174 -6.11102
0.486172 -6.11116
0.494169 -6.11124
0.502165 -6.11138
0.506163 -6.11117
0.51016 -6.11096
0.514159 -6.11122
0.518157 -6.11149
0.522155 -6.11129
0.526153 -6.11109
0.534149 -6.11124
0.538147 -6.11108
0.542145 -6.11092
0.546143 -6.11105
0.550141 -6.11118
0.558137 -6.11101
0.566133 -6.11115
0.574129 -6.11108
0.578127 -6.1109
0.582125 -6.11073
0.586123 -6.1111
0.590122 -6.11147
0.59412 -6.11133
0.598118 -6.11119
0.606114 -6.11136
0.610112 -6.11106
0.614109 -6.11076
0.622105 -6.11072
0.626104 -6.11096
0.630102 -6.1112
0.6341 -6.11105
0.638098 -6.1109
0.646094 -6.11096
0.65409 -6.11098
0.662086 -6.11091
0.666084 -6.11113
0.670083 -6.11135
0.674081 -6.1112
0.678078 -6.11105
0.686074 -6.11101
0.690072 -6.11085
0.69407 -6.11069
0.698069 -6.11096
0.702067 -6.11123
0.710063 -6.111
0.718059 -6.11109
0.726055 -6.11103
0.730053 -6.11088
0.734051 -6.11072
0.742047 -6.11066
0.750043 -6.11067
0.754041 -6.11079
0.758039 -6.11091
0.766035 -6.11068
0.770033 -6.11092
0.774032 -6.11116
0.782028 -6.1111
0.786025 -6.11082
0.790023 -6.11054
0.794022 -6.11089
0.79802 -6.11123
0.802018 -6.11108
0.806016 -6.11093
0.810014 -6.11074
0.814011 -6.11054
0.81801 -6.1107
0.822008 -6.11086
0.826006 -6.11071
0.830004 -6.11056
0.834002 -6.11085
0.838 -6.11114
0.841998 -6.11086
0.845996 -6.11057
0.853992 -6.11052
0.85799 -6.11066
0.861988 -6.11079
0.869984 -6.11069
0.873982 -6.11084
0.877981 -6.111
0.881978 -6.11072
0.885976 -6.11044
0.889974 -6.1106
0.893973 -6.11076
0.897971 -6.11092
0.901969 -6.11107
0.905967 -6.11085
0.909965 -6.11062
0.917961 -6.11085
0.925957 -6.11065
0.933953 -6.11089
0.937951 -6.11057
0.941948 -6.11025
0.949945 -6.11041
0.953943 -6.11059
0.957941 -6.11078
0.961939 -6.11056
0.965937 -6.11033
0.969935 -6.11066
0.973934 -6.11098
0.98193 -6.11085
0.985927 -6.11059
0.989925 -6.11034
0.997921 -6.11053
1.00592 -6.11075
1.01391 -6.11073
1.02191 -6.11064
1.02991 -6.1105
1.0379 -6.11053
1.0419 -6.11036
1.0459 -6.11018
1.0499 -6.11044
1.05389 -6.11071
1.05789 -6.11045
1.06189 -6.11019
1.06989 -6.11017
1.07388 -6.11051
1.07788 -6.11086
1.08188 -6.11047
1.08588 -6.11008
1.09387 -6.11028
1.10187 -6.1103
1.10987 -6.11012
1.11386 -6.1103
1.11786 -6.11048
1.12186 -6.11029
1.12586 -6.1101
1.13385 -6.11023
1.14185 -6.11041
1.14985 -6.11021
1.15784 -6.11016
1.16584 -6.11021
1.17384 -6.11039
1.17783 -6.1102
1.18183 -6.11002
1.18583 -6.11015
1.18983 -6.11029
1.19782 -6.11049
1.20182 -6.11026
1.20582 -6.11004
1.20982 -6.11032
1.21382 -6.11061
1.21781 -6.11047
1.22181 -6.11033
1.22981 -6.11012
1.23381 -6.11029
1.2378 -6.11045
1.2458 -6.11054
1.2498 -6.11039
1.2538 -6.11023
1.25779 -6.11038
1.26179 -6.11053
1.26979 -6.11037
1.27778 -6.11044
1.28178 -6.11019
1.28578 -6.10995
1.28978 -6.11016
1.29378 -6.11037
1.29777 -6.11009
1.30177 -6.10982
1.30977 -6.10988
1.31377 -6.11003
1.31776 -6.11019
1.32576 -6.11011
1.33376 -6.11004
1.34175 -6.10983
1.34975 -6.11001
1.35774 -6.10998
1.36174 -6.11022
1.36574 -6.11046
1.36974 -6.11027
1.37374 -6.11007
1.37773 -6.10993
1.38173 -6.10978
1.38573 -6.11001
1.38973 -6.11024
1.39373 -6.10996
1.39772 -6.10967
1.40572 -6.10965
1.40972 -6.10994
1.41372 -6.11023
1.42171 -6.11021
1.42571 -6.10991
1.42971 -6.1096
1.43371 -6.10983
1.43771 -6.11006
1.4417 -6.10992
1.4457 -6.10978
1.4537 -6.10999
1.46169 -6.11011
1.46969 -6.11009
1.47769 -6.11018
1.48168 -6.11001
1.48568 -6.10985
1.49368 -6.10989
1.49768 -6.10972
1.50167 -6.10955
1.50567 -6.10976
1.50967 -6.10997
1.51767 -6.11013
1.52166 -6.10996
1.52566 -6.10978
1.53366 -6.10993
1.54165 -6.11
1.54565 -6.10978
1.54965 -6.10957
1.55365 -6.10988
1.55765 -6.11019
1.56164 -6.10994
1.56564 -6.10969
1.57364 -6.10978
1.58164 -6.10979
1.58963 -6.10979
1.59763 -6.10985
1.60163 -6.10966
1.60562 -6.10948
1.61362 -6.10964
1.61762 -6.10983
1.62162 -6.11001
1.62961 -6.10985
1.63761 -6.10983
1.64161 -6.10963
1.6456 -6.10943
1.6496 -6.10971
1.6536 -6.10998
1.6576 -6.10973
1.6616 -6.10948
1.66959 -6.10956
1.67759 -6.10962
1.68558 -6.10982
1.68958 -6.10959
1.69358 -6.10937
1.70158 -6.10935
1.70957 -6.10928
1.71357 -6.10946
1.71757 -6.10963
1.72157 -6.10944
1.72556 -6.10925
1.73356 -6.10929
1.73756 -6.10943
1.74156 -6.10956
1.74955 -6.10945
1.75755 -6.10945
1.76155 -6.10958
1.76555 -6.10971
1.76954 -6.10954
1.77354 -6.10937
1.77754 -6.10963
1.78154 -6.1099
1.78553 -6.10953
1.78953 -6.10916
1.79353 -6.10949
1.79753 -6.10983
1.80153 -6.10967
1.80553 -6.10951
1.81352 -6.10973
1.82152 -6.10952
1.82951 -6.10928
1.83751 -6.10926
1.84151 -6.10939
1.84551 -6.10951
1.8495 -6.10938
1.8535 -6.10924
1.8575 -6.10953
1.8615 -6.10981
1.8655 -6.10953
1.86949 -6.10924
1.87749 -6.10938
1.88549 -6.10954
1.88948 -6.10932
1.89348 -6.1091
1.89748 -6.10942
1.90148 -6.10975
1.90548 -6.10948
1.90947 -6.10921
1.91747 -6.10914
1.92547 -6.10933
1.93346 -6.10937
1.94146 -6.10926
1.94546 -6.10913
1.94945 -6.10899
1.95745 -6.10914
1.96145 -6.10934
1.96545 -6.10954
1.96944 -6.10932
1.97344 -6.10909
1.98144 -6.10907
1.98943 -6.1093
1.99743 -6.10918
2.00143 -6.10901
2.00543 -6.10884
2.01342 -6.10899
2.02142 -6.10914
2.02542 -6.10936
2.02942 -6.10958
2.03741 -6.10936
2.04541 -6.10924
2.04941 -6.10901
2.0534 -6.10878
2.0574 -6.10903
2.0614 -6.10927
2.0654 -6.10907
2.0694 -6.10887
2.07739 -6.10894
2.08539 -6.10877
2.08939 -6.10892
2.09338 -6.10907
2.09738 -6.1089
2.10138 -6.10872
2.10538 -6.10903
2.10938 -6.10933
2.11337 -6.1091
2.11737 -6.10887
2.12537 -6.10875
2.13336 -6.10892
2.13736 -6.10907
2.14136 -6.10923
2.14936 -6.10912
2.15734 -6.10887
2.16206 -6.10915
2.16673 -6.1085
2.1714 -6.10795
2.17603 -6.10717
2.1806 -6.10611
2.18525 -6.10524
2.18968 -6.10367
2.19399 -6.10181
2.19823 -6.09978
2.20278 -6.09842
2.20623 -6.09638
2.20967 -6.09434
2.21669 -6.09053
2.22391 -6.0871
2.23118 -6.08376
2.23816 -6.07988
2.24533 -6.07636
2.25255 -6.07291
2.25948 -6.06893
2.26314 -6.06732
2.2668 -6.0657
2.27393 -6.06209
2.27734 -6.05999
2.28076 -6.0579
2.28446 -6.05637
2.28817 -6.05485
2.29162 -6.05282
2.29506 -6.05078
2.30237 -6.04753
2.30948 -6.04389
2.31665 -6.04037
2.32363 -6.03648
2.33076 -6.03286
2.33786 -6.02921
2.34506 -6.02573
2.35202 -6.0218
2.3557 -6.02023
2.35938 -6.01866
2.36643 -6.0149
2.37358 -6.01133
2.38066 -6.00762
2.38771 -6.00386
2.3949 -6.00038
2.40189 -5.99651
2.40897 -5.99282
2.41607 -5.98915
2.41975 -5.98758
2.42344 -5.98601
2.4304 -5.98209
2.43759 -5.97859
2.44469 -5.97494
2.45165 -5.97101
2.45883 -5.9675
2.46602 -5.96401
2.46947 -5.96199
2.47293 -5.95998
2.47662 -5.95842
2.48031 -5.95686
2.48746 -5.9533
2.49439 -5.94932
2.5014 -5.94547
2.50856 -5.94192
2.51223 -5.94034
2.51591 -5.93876
2.52293 -5.93493
2.52998 -5.93118
2.537 -5.92736
2.54069 -5.92582
2.54439 -5.92427
2.55137 -5.92037
2.55861 -5.91699
2.56567 -5.91326
2.57289 -5.90983
2.57627 -5.90767
2.57966 -5.90551
2.58335 -5.90396
2.58705 -5.90241
2.59398 -5.89843
2.60103 -5.89467
2.60473 -5.89313
2.60843 -5.89159
2.61187 -5.88956
2.61532 -5.88752
2.6225 -5.88401
2.62975 -5.88066
2.63668 -5.87665
2.64386 -5.87316
2.65094 -5.86945
2.65459 -5.86783
2.65825 -5.86621
2.66171 -5.8642
2.66517 -5.86219
2.66883 -5.86058
2.67249 -5.85897
2.67594 -5.85694
2.67938 -5.8549
2.68307 -5.85334
2.68676 -5.85178
2.69015 -5.84964
2.69355 -5.8475
2.70083 -5.8442
2.70781 -5.84031
2.71491 -5.83664
2.72218 -5.83332
2.72941 -5.82991
2.73645 -5.82613
2.74358 -5.82253
2.7508 -5.81911
2.7579 -5.81544
2.76488 -5.81155
2.77194 -5.80782
2.77567 -5.80564
2.77951 -5.80366
2.78294 -5.80101
2.78648 -5.79858
2.78972 -5.79572
2.79342 -5.79341
2.7993 -5.78801
2.80528 -5.78274
2.81101 -5.77718
2.81687 -5.77176
2.82312 -5.76678
2.82916 -5.76156
2.83191 -5.75866
2.83467 -5.75576
2.84065 -5.75048
2.84656 -5.74512
2.84978 -5.74273
2.85299 -5.74034
2.85887 -5.73494
2.86455 -5.72933
2.87039 -5.72389
2.87633 -5.71857
2.88217 -5.71313
2.88539 -5.71075
2.88862 -5.70837
2.89135 -5.70544
2.89408 -5.70251
2.90017 -5.69735
2.90621 -5.69213
2.91192 -5.68655
2.91806 -5.68145
2.92413 -5.67627
2.93008 -5.67095
2.93574 -5.66531
2.94195 -5.66029
2.94754 -5.65458
2.95375 -5.64954
2.95968 -5.6442
2.96548 -5.63873
2.97152 -5.63351
2.97725 -5.62795
2.98346 -5.62292
2.98924 -5.61742
2.99523 -5.61215
3.00119 -5.60684
3.00748 -5.60191
3.01022 -5.59899
3.01297 -5.59608
3.01888 -5.59072
3.02495 -5.58554
3.03111 -5.58046
3.03704 -5.57512
3.04262 -5.56939
3.04893 -5.56449
3.05493 -5.55922
3.05768 -5.55632
3.06043 -5.55341
3.06366 -5.55103
3.06689 -5.54865
3.07269 -5.54317
3.07843 -5.53762
3.0847 -5.53267
3.08745 -5.52976
3.0902 -5.52685
3.09645 -5.52187
3.10211 -5.51623
3.10808 -5.51094
3.11411 -5.50572
3.12002 -5.50035
3.12631 -5.49542
3.1321 -5.48993
3.13778 -5.48431
3.14395 -5.47924
3.14992 -5.47395
3.15556 -5.46829
3.16178 -5.46327
3.16777 -5.458
3.17366 -5.45261
3.17957 -5.44726
3.18528 -5.44168
3.19128 -5.43642
3.19747 -5.43137
3.20312 -5.42572
3.2063 -5.42329
3.20948 -5.42086
3.21524 -5.41533
3.22091 -5.40971
3.22719 -5.40476
3.23306 -5.39935
3.23911 -5.39415
3.24188 -5.39127
3.24465 -5.38838
3.25075 -5.38324
3.25702 -5.37827
3.25976 -5.37536
3.26251 -5.37244
3.26568 -5.37
3.26885 -5.36756
3.27473 -5.36217
3.28077 -5.35695
3.2865 -5.3514
3.29248 -5.34612
3.29836 -5.34072
3.3041 -5.33518
3.31018 -5.33
3.31631 -5.32488
3.32236 -5.31969
3.32824 -5.31429
3.33424 -5.30903
3.34008 -5.3036
3.34595 -5.29819
3.35179 -5.29275
3.35792 -5.28764
3.36392 -5.28238
3.36667 -5.27947
3.36941 -5.27655
3.37537 -5.27125
3.38151 -5.26614
3.38743 -5.2608
3.39325 -5.25534
3.39947 -5.25032
3.40526 -5.24483
3.41141 -5.23973
3.4171 -5.23413
3.423 -5.22876
3.42922 -5.22375
3.43503 -5.21828
3.44108 -5.21307
3.44704 -5.20776
3.45298 -5.20244
3.45881 -5.19699
3.46487 -5.1918
3.47067 -5.18632
3.4767 -5.18109
3.48244 -5.17555
3.48877 -5.17065
3.4915 -5.16772
3.49423 -5.16479
3.50028 -5.15959
3.50631 -5.15436
3.51251 -5.14933
3.51827 -5.1438
3.52417 -5.13843
3.53012 -5.13311
3.53587 -5.12757
3.54184 -5.12228
3.54673 -5.11774
3.55132 -5.11286
3.55628 -5.10836
3.56094 -5.10355
3.56528 -5.09845
3.57007 -5.09377
3.57133 -5.09317
3.57454 -5.08908
3.57792 -5.08519
3.58119 -5.08159
3.58476 -5.07821
3.58713 -5.07393
3.59026 -5.07018
3.59229 -5.06574
3.595 -5.06169
3.59707 -5.05728
3.59876 -5.05273
3.60031 -5.04812
3.60194 -5.04355
3.60347 -5.03891
3.6045 -5.03413
3.60514 -5.02931
3.60566 -5.02445
3.60536 -5.01958
3.60604 -5.01472
3.60545 -5.00695
3.6058 -4.99916
3.60506 -4.99139
3.60527 -4.9836
3.60504 -4.97582
3.60515 -4.96804
3.60451 -4.96027
3.60472 -4.95248
3.60461 -4.9447
3.60413 -4.93693
3.60424 -4.92915
3.60421 -4.92136
3.60404 -4.91359
3.60363 -4.90581
3.60368 -4.89803
3.60378 -4.89024
3.60359 -4.88246
3.60349 -4.87468
3.60303 -4.86691
3.60256 -4.85914
3.60288 -4.85135
3.60254 -4.84357
3.6025 -4.83579
3.60224 -4.82801
3.60181 -4.82024
3.60217 -4.81245
3.60169 -4.80468
3.60179 -4.79689
3.60181 -4.7891
3.60136 -4.78401
3.60109 -4.7789
3.60038 -4.77384
3.5992 -4.76885
3.59781 -4.76394
3.59625 -4.75909
3.59459 -4.75426
3.59255 -4.74959
3.59018 -4.74506
3.58799 -4.74044
3.58486 -4.73639
3.58261 -4.73172
3.57912 -4.72798
3.57615 -4.72377
3.57256 -4.72014
3.56882 -4.71665
3.56336 -4.71204
3.55834 -4.70697
3.55273 -4.70254
3.54732 -4.69789
3.54254 -4.69254
3.53673 -4.68832
3.53186 -4.68308
3.53056 -4.68234
3.52442 -4.67722
3.51851 -4.67185
3.51258 -4.66651
3.50667 -4.66113
3.50046 -4.6561
3.49459 -4.65068
3.48871 -4.64528
3.48248 -4.64027
3.47672 -4.63473
3.47047 -4.62974
3.46451 -4.62442
3.45873 -4.61891
3.45245 -4.61395
3.44676 -4.60833
3.44358 -4.6059
3.4404 -4.60348
3.43457 -4.59801
3.42854 -4.59277
3.42242 -4.58764
3.41648 -4.58231
3.41054 -4.57697
3.40439 -4.57186
3.39841 -4.56658
3.39238 -4.56134
3.38661 -4.55581
3.38069 -4.55044
3.37457 -4.54531
3.36873 -4.53986
3.36272 -4.53461
3.35655 -4.52953
3.35042 -4.52441
3.34471 -4.5188
3.33873 -4.51351
3.33552 -4.51112
3.33231 -4.50873
3.32634 -4.50342
3.32039 -4.4981
3.31463 -4.49255
3.3087 -4.48721
3.3055 -4.4848
3.3023 -4.48239
3.29948 -4.47955
3.29666 -4.47671
3.29037 -4.47177
3.28458 -4.46626
3.27873 -4.46082
3.27253 -4.45578
3.26678 -4.45022
3.26066 -4.44509
3.25469 -4.43979
3.2487 -4.4345
3.24263 -4.42931
3.23674 -4.42392
3.23071 -4.41868
3.22474 -4.41338
3.21851 -4.40838
3.21262 -4.40298
3.20643 -4.39792
3.20038 -4.39271
3.19439 -4.38744
3.18854 -4.38199
3.18256 -4.3767
3.17651 -4.37149
3.17071 -4.36599
3.16478 -4.36064
3.16153 -4.3583
3.15827 -4.35595
3.15551 -4.35305
3.15274 -4.35015
3.1467 -4.34492
3.14352 -4.34249
3.14034 -4.34006
3.1346 -4.33449
3.12834 -4.32953
3.12553 -4.32667
3.12272 -4.32382
3.11642 -4.3189
3.11034 -4.31372
3.10429 -4.3085
3.0984 -4.30311
3.09559 -4.30026
3.09278 -4.2974
3.08659 -4.29235
3.08068 -4.28698
3.07474 -4.28164
3.06869 -4.27643
3.0626 -4.27127
3.05668 -4.26591
3.05068 -4.26063
3.04747 -4.25824
3.04425 -4.25585
3.04143 -4.25301
3.03861 -4.25017
3.03241 -4.24514
3.02634 -4.23994
3.02033 -4.23468
3.0145 -4.22922
3.00874 -4.22368
3.00275 -4.2184
2.99954 -4.21601
2.99632 -4.21361
2.99057 -4.20806
2.98448 -4.20289
2.97841 -4.19771
2.97557 -4.19489
2.97273 -4.19207
2.96666 -4.18688
2.96057 -4.18171
2.95435 -4.17669
2.95155 -4.17383
2.94875 -4.17097
2.94261 -4.16586
2.93643 -4.16079
2.93046 -4.15549
2.9244 -4.15029
2.91835 -4.14508
2.91554 -4.14223
2.91273 -4.13937
2.90957 -4.13692
2.90641 -4.13447
2.90032 -4.1293
2.89439 -4.12395
2.88827 -4.11882
2.88551 -4.11592
2.88274 -4.11302
2.87949 -4.11067
2.87624 -4.10831
2.87026 -4.10303
2.86445 -4.09753
2.85849 -4.09222
2.85241 -4.08705
2.84653 -4.08164
2.84042 -4.07649
2.83468 -4.07093
2.82837 -4.06601
2.82257 -4.06052
2.81645 -4.05538
2.81037 -4.0502
2.80468 -4.04458
2.79872 -4.03927
2.79554 -4.03684
2.79236 -4.03441
2.78641 -4.02908
2.7807 -4.02348
2.77468 -4.01823
2.76862 -4.01303
2.76237 -4.00804
2.75628 -4.00288
2.75042 -3.99746
2.74436 -3.99224
2.73833 -3.98701
2.73222 -3.98187
2.72946 -3.97896
2.7267 -3.97605
2.72071 -3.97077
2.71452 -3.96572
2.70848 -3.9605
2.70222 -3.95552
2.69651 -3.94993
2.6906 -3.94454
2.68438 -3.93953
2.67827 -3.93438
2.67253 -3.92882
2.66629 -3.92382
2.66047 -3.91835
2.65455 -3.91299
2.64845 -3.90783
2.64253 -3.90247
2.63654 -3.89719
2.63051 -3.89196
2.62457 -3.88662
2.61862 -3.88129
2.61251 -3.87615
2.60627 -3.87115
2.60018 -3.86598
2.59444 -3.86042
2.58831 -3.8553
2.58257 -3.84973
2.57939 -3.84731
2.5762 -3.84488
2.57051 -3.83926
2.56441 -3.83411
2.55828 -3.82899
2.55233 -3.82365
2.54646 -3.81824
2.54025 -3.81321
2.53426 -3.80793
2.53143 -3.80509
2.52861 -3.80226
2.52257 -3.79704
2.51632 -3.79205
2.5106 -3.78646
2.50458 -3.78121
2.49831 -3.77626
2.49241 -3.77087
2.48645 -3.76556
2.48034 -3.76041
2.47426 -3.75523
2.47142 -3.75241
2.46858 -3.7496
2.46537 -3.7472
2.46216 -3.74481
2.45932 -3.74199
2.45648 -3.73917
2.45053 -3.73385
2.44426 -3.72889
2.44142 -3.72606
2.43859 -3.72324
2.43227 -3.71833
2.42625 -3.71309
2.42042 -3.70763
2.41426 -3.70254
2.40823 -3.6973
2.40544 -3.69443
2.40264 -3.69156
2.39655 -3.68639
2.3903 -3.68142
2.38418 -3.67629
2.3784 -3.67076
2.37261 -3.66525
2.36634 -3.66029
2.36044 -3.6549
2.3544 -3.64968
2.34861 -3.64418
2.34537 -3.64181
2.34214 -3.63944
2.33623 -3.63407
2.33031 -3.62871
2.32431 -3.62343
2.31845 -3.61801
2.31215 -3.61308
2.30646 -3.60746
2.30056 -3.60208
2.29448 -3.59689
2.29132 -3.59444
2.28815 -3.592
2.28537 -3.58911
2.28259 -3.58623
2.27656 -3.58099
2.27036 -3.57595
2.26431 -3.57074
2.25839 -3.56537
2.25225 -3.56026
2.24623 -3.55502
2.24015 -3.54984
2.23736 -3.54697
2.23456 -3.54411
2.22845 -3.53896
2.22235 -3.5338
2.21642 -3.52846
2.21021 -3.52342
2.20739 -3.52059
2.20456 -3.51776
2.20134 -3.51537
2.19813 -3.51298
2.1953 -3.51016
2.19246 -3.50733
2.18647 -3.50205
2.18045 -3.49681
2.17455 -3.49142
2.16826 -3.48649
2.16227 -3.4812
2.15637 -3.47582
2.15025 -3.47069
2.14423 -3.46544
2.13853 -3.45983
2.13249 -3.4546
2.1264 -3.44943
2.12013 -3.44448
2.1144 -3.43889
2.10825 -3.4338
2.10543 -3.43096
2.10261 -3.42812
2.09647 -3.42301
2.09031 -3.41792
2.08419 -3.41278
2.07846 -3.40721
2.07252 -3.40187
2.06621 -3.39696
2.0601 -3.39182
2.0573 -3.38895
2.0545 -3.38609
2.04832 -3.38103
2.04213 -3.37597
2.03933 -3.37311
2.03652 -3.37025
2.03043 -3.36509
2.02423 -3.36005
2.01815 -3.35486
2.0123 -3.34943
2.00613 -3.34435
2.00332 -3.3415
2.00051 -3.33865
1.99425 -3.33368
1.98856 -3.32806
1.98225 -3.32314
1.97628 -3.31784
1.97052 -3.3123
1.96451 -3.30703
1.96135 -3.30459
1.95818 -3.30214
1.95218 -3.29687
1.94937 -3.29402
1.94657 -3.29116
1.94053 -3.28593
1.93438 -3.28083
1.92852 -3.2754
1.92532 -3.273
1.92211 -3.2706
1.91629 -3.26513
1.91008 -3.26009
1.90727 -3.25725
1.90445 -3.2544
1.89856 -3.24901
1.89239 -3.24394
1.88657 -3.23846
1.88337 -3.23605
1.88017 -3.23364
1.8741 -3.22846
1.86817 -3.22311
1.86221 -3.21779
1.85634 -3.21238
1.85051 -3.20691
1.84732 -3.20449
1.84414 -3.20207
1.83835 -3.19655
1.8322 -3.19145
1.82607 -3.18634
1.8233 -3.18343
1.82054 -3.18053
1.81736 -3.1781
1.81418 -3.17567
1.81135 -3.17284
1.80853 -3.17
1.80531 -3.16761
1.80209 -3.16523
1.79927 -3.16239
1.79644 -3.15956
1.79049 -3.15424
1.78419 -3.14931
1.77807 -3.14418
1.77529 -3.1413
1.7725 -3.13841
1.76928 -3.13604
1.76605 -3.13367
1.76033 -3.12807
1.75417 -3.12298
1.74816 -3.11773
1.74237 -3.11222
1.73622 -3.10712
1.73033 -3.10172
1.72405 -3.09677
1.7213 -3.09386
1.71855 -3.09094
1.71251 -3.08571
1.70928 -3.08333
1.70605 -3.08096
1.70015 -3.07558
1.69734 -3.07273
1.69454 -3.06987
1.68851 -3.06463
1.68228 -3.05963
1.67649 -3.05412
1.67329 -3.05171
1.67009 -3.04931
1.66437 -3.04372
1.65854 -3.03825
1.65232 -3.03324
1.64604 -3.02828
1.64023 -3.02279
1.63423 -3.01753
1.62827 -3.01221
1.62225 -3.00696
1.61606 -3.00191
1.61015 -2.99653
1.60734 -2.99369
1.60452 -2.99085
1.5983 -2.98583
1.59219 -2.98069
1.58604 -2.97559
1.58008 -2.97027
1.57416 -2.9649
1.57134 -2.96207
1.56852 -2.95923
1.56236 -2.95414
1.55632 -2.94892
1.55033 -2.94364
1.54717 -2.94119
1.54401 -2.93874
1.53805 -2.93342
1.53207 -2.92812
1.52636 -2.92252
1.52051 -2.91708
1.51451 -2.91181
1.50842 -2.90665
1.50227 -2.90155
1.49644 -2.89608
1.4902 -2.89109
1.48431 -2.8857
1.47826 -2.88049
1.47199 -2.87552
1.4661 -2.87013
1.46329 -2.86728
1.46047 -2.86443
1.45424 -2.85942
1.44846 -2.8539
1.44246 -2.84863
1.43648 -2.84335
1.43037 -2.8382
1.4272 -2.83576
1.42403 -2.83332
1.41809 -2.82798
1.41213 -2.82267
1.40644 -2.81705
1.40036 -2.81187
1.39419 -2.80679
1.38818 -2.80153
1.38248 -2.79592
1.37644 -2.79069
1.37032 -2.78556
1.36411 -2.78053
1.35799 -2.7754
1.35223 -2.76986
1.3461 -2.76473
1.34003 -2.75955
1.33423 -2.75405
1.32836 -2.74863
1.32245 -2.74326
1.31642 -2.73802
1.31039 -2.73279
1.30443 -2.72747
1.29844 -2.72219
1.29224 -2.71715
1.28605 -2.71209
1.28001 -2.70687
1.27411 -2.70148
1.26811 -2.69622
1.26234 -2.69068
1.25627 -2.68549
1.25004 -2.68049
1.24411 -2.67514
1.23799 -2.67001
1.23215 -2.66455
1.22646 -2.65894
1.22328 -2.65651
1.2201 -2.65407
1.21399 -2.64892
1.20831 -2.6433
1.20209 -2.63828
1.1964 -2.63265
1.19036 -2.62743
1.18715 -2.62503
1.18395 -2.62263
1.17818 -2.61709
1.17246 -2.61151
1.16928 -2.60908
1.1661 -2.60664
1.16035 -2.60109
1.15716 -2.59868
1.15396 -2.59627
1.15118 -2.59338
1.14841 -2.59049
1.14246 -2.58516
1.13627 -2.5801
1.13043 -2.57465
1.12423 -2.56961
1.11813 -2.56446
1.1123 -2.559
1.10912 -2.55656
1.10594 -2.55413
1.10006 -2.54872
1.0943 -2.54318
1.08813 -2.53811
1.0823 -2.53265
1.07624 -2.52744
1.06994 -2.52252
1.06398 -2.5172
1.05813 -2.51176
1.05196 -2.50669
1.04918 -2.5038
1.0464 -2.50091
1.04039 -2.49565
1.03432 -2.49046
1.02837 -2.48513
1.02234 -2.47991
1.01635 -2.47462
1.01012 -2.46961
1.00438 -2.46405
0.998357 -2.45881
0.992345 -2.45355
0.989182 -2.4511
0.986019 -2.44865
0.983223 -2.44578
0.980427 -2.44292
0.974239 -2.43786
0.971073 -2.43542
0.967907 -2.43297
0.965138 -2.43007
0.962369 -2.42717
0.959159 -2.42478
0.955949 -2.42238
0.953147 -2.41952
0.950346 -2.41666
0.947159 -2.41424
0.943973 -2.41182
0.941161 -2.40897
0.938349 -2.40612
0.935155 -2.4037
0.931961 -2.40129
0.926166 -2.39579
0.919966 -2.39075
0.917129 -2.38793
0.914291 -2.38511
0.908125 -2.38003
0.90215 -2.37473
0.895944 -2.36969
0.890248 -2.36408
0.883991 -2.3591
0.87803 -2.35379
0.872324 -2.34818
0.869155 -2.34574
0.865985 -2.3433
0.863199 -2.34042
0.860414 -2.33754
0.854307 -2.33239
0.848279 -2.32715
0.845108 -2.32471
0.841937 -2.32227
0.839161 -2.31938
0.836384 -2.3165
0.830349 -2.31127
0.824121 -2.30626
0.818043 -2.30108
0.812253 -2.29557
0.809081 -2.29313
0.805909 -2.29069
0.800206 -2.28508
0.794359 -2.27964
0.788366 -2.27436
0.785171 -2.27195
0.781976 -2.26953
0.779144 -2.26671
0.776313 -2.26388
0.77037 -2.25855
0.764254 -2.25341
0.758315 -2.24807
0.752177 -2.24296
0.745998 -2.23789
0.740089 -2.23252
0.733878 -2.22749
0.727982 -2.2221
0.722076 -2.21672
0.716276 -2.21123
0.710036 -2.20623
0.70406 -2.20093
0.698151 -2.19556
0.692114 -2.19033
0.686254 -2.1849
0.683083 -2.18246
0.679913 -2.18002
0.674126 -2.17451
0.668149 -2.16922
0.661962 -2.16417
0.65876 -2.16079
0.652478 -2.15593
0.646236 -2.15102
0.639918 -2.14621
0.633694 -2.14128
0.627426 -2.13641
0.621479 -2.13113
0.615305 -2.12614
0.608809 -2.12155
0.602824 -2.11632
0.596396 -2.11164
0.59049 -2.10632
0.584316 -2.10132
0.578004 -2.0965
0.5717 -2.09167
0.565378 -2.08687
0.559312 -2.08174
0.553359 -2.07647
0.547147 -2.07153
0.540885 -2.06664
0.534533 -2.06187
0.528467 -2.05675
0.522209 -2.05186
0.515756 -2.04722
0.509905 -2.04182
0.503763 -2.03679
0.49732 -2.03213
0.49121 -2.02706
0.484841 -2.02231
0.478782 -2.01717
0.472606 -2.01218
0.466266 -2.0074
0.460022 -2.00249
0.45399 -1.99732
0.447742 -1.99242
0.441271 -1.9878
0.43538 -1.98246
0.429091 -1.97761
0.423109 -1.97238
0.416715 -1.96766
0.410264 -1.96301
0.404392 -1.95764
0.398147 -1.95274
0.39179 -1.94798
0.38548 -1.94315
0.379487 -1.93793
0.373454 -1.93276
0.36728 -1.92777
0.360937 -1.92299
0.354715 -1.91806
0.34865 -1.91293
0.342274 -1.90819
0.335946 -1.90339
0.329831 -1.89832
0.323445 -1.8936
0.317498 -1.88832
0.311438 -1.88319
0.305 -1.87852
0.298952 -1.87337
0.292605 -1.8686
0.286292 -1.86378
0.280007 -1.85893
0.273879 -1.85388
0.267781 -1.84879
0.261686 -1.8437
0.255291 -1.83898
0.249046 -1.83408
0.242824 -1.82914
0.237035 -1.82367
0.230869 -1.81867
0.224631 -1.81376
0.218256 -1.80902
0.211882 -1.80427
0.205938 -1.79899
0.199478 -1.79436
0.193551 -1.78906
0.187153 -1.78434
0.180935 -1.77941
0.174696 -1.7745
0.168842 -1.7691
0.162623 -1.76417
0.156112 -1.7596
0.150103 -1.7544
0.144024 -1.74929
0.137827 -1.74432
0.131392 -1.73966
0.125047 -1.73488
0.118939 -1.7298
0.112983 -1.72454
0.10635 -1.72012
0.100214 -1.71508
0.0942275 -1.70985
0.0877767 -1.70521
0.0816192 -1.70019
0.0758125 -1.69474
0.0691335 -1.69038
0.0633755 -1.68487
0.0570363 -1.68008
0.0507089 -1.67528
0.0443295 -1.67055
0.0386014 -1.665
0.032166 -1.66033
0.0258411 -1.65553
0.0196705 -1.65053
0.013615 -1.64539
0.00723148 -1.64068
0.00340618 -1.63775
-0.000587359 -1.6351
-0.00473848 -1.63266
-0.00860151 -1.62966
-0.0131387 -1.628
-0.0174819 -1.62591
-0.0219732 -1.62417
-0.026631 -1.62296
-0.0312617 -1.62163
-0.035982 -1.6208
-0.0406962 -1.61976
-0.0454544 -1.6189
-0.0502759 -1.61893
-0.0550811 -1.61876
-0.0627094 -1.61872
-0.0703377 -1.61824
-0.0779659 -1.619
-0.0855942 -1.61867
-0.0932225 -1.61901
-0.100851 -1.61851
-0.108467 -1.61885
-0.113458 -1.61869
-0.118467 -1.61879
-0.123326 -1.61994
-0.128236 -1.62069
-0.133123 -1.62166
-0.137949 -1.62293
-0.142454 -1.6251
-0.147159 -1.62665
-0.151577 -1.62895
-0.156301 -1.63063
-0.160585 -1.63317
-0.164646 -1.63604
-0.168462 -1.63924
-0.172509 -1.64212
-0.178699 -1.64712
-0.184764 -1.65226
-0.191027 -1.65717
-0.196813 -1.66264
-0.203078 -1.66755
-0.209338 -1.67246
-0.215411 -1.67759
-0.221449 -1.68277
-0.227786 -1.68759
-0.233422 -1.69324
-0.239578 -1.69828
-0.245649 -1.70342
-0.251869 -1.70837
-0.258087 -1.71333
-0.264214 -1.7184
-0.270066 -1.7238
-0.276543 -1.72845
-0.28231 -1.73395
-0.28838 -1.73909
-0.294757 -1.74386
-0.30089 -1.74892
-0.306718 -1.75435
-0.312813 -1.75946
-0.318889 -1.76459
-0.325223 -1.76941
-0.331026 -1.77487
-0.337078 -1.78003
-0.343385 -1.78488
-0.349464 -1.79001
-0.35572 -1.79492
-0.361736 -1.80013
-0.36773 -1.80535
-0.374 -1.81025
-0.38004 -1.81543
-0.386025 -1.82067
-0.392121 -1.82577
-0.398088 -1.83103
-0.404576 -1.83567
-0.410282 -1.84124
-0.416531 -1.84617
-0.422567 -1.85135
-0.428798 -1.85629
-0.434757 -1.86156
-0.441137 -1.86633
-0.447111 -1.87158
-0.453331 -1.87654
-0.459345 -1.88174
-0.465314 -1.887
-0.471257 -1.89229
-0.477592 -1.89711
-0.48383 -1.90205
-0.489675 -1.90746
-0.495864 -1.91245
-0.502062 -1.91744
-0.508015 -1.92272
-0.51397 -1.92799
-0.520457 -1.93263
-0.526212 -1.93814
-0.532559 -1.94295
-0.538649 -1.94806
-0.544851 -1.95304
-0.550581 -1.95859
-0.556989 -1.96332
-0.562947 -1.96859
-0.569141 -1.97358
-0.575205 -1.97873
-0.581163 -1.984
-0.587321 -1.98903
-0.593473 -1.99407
-0.599404 -1.99938
-0.60553 -2.00445
-0.611909 -2.00921
-0.617891 -2.01446
-0.623824 -2.01976
-0.630175 -2.02456
-0.636256 -2.02969
-0.642146 -2.03504
-0.648208 -2.04019
-0.654602 -2.04494
-0.660366 -2.05044
-0.666463 -2.05554
-0.672863 -2.06029
-0.678735 -2.06566
-0.68477 -2.07084
-0.690832 -2.07599
-0.697024 -2.08098
-0.703151 -2.08605
-0.709534 -2.09081
-0.715156 -2.09649
-0.721735 -2.10102
-0.727361 -2.10668
-0.733818 -2.11136
-0.739649 -2.11678
-0.745669 -2.12198
-0.752043 -2.12676
-0.757832 -2.13223
-0.764278 -2.13692
-0.770191 -2.14224
-0.776144 -2.14752
-0.782693 -2.15209
-0.788491 -2.15755
-0.794663 -2.16256
-0.80063 -2.16782
-0.806961 -2.17265
-0.812978 -2.17785
-0.819136 -2.18288
-0.8252 -2.18803
-0.831242 -2.1932
-0.837455 -2.19817
-0.840652 -2.20125
-0.846625 -2.20656
-0.852611 -2.21184
-0.858561 -2.21717
-0.861277 -2.22011
-0.863994 -2.22306
-0.870085 -2.22823
-0.875821 -2.23379
-0.878947 -2.23629
-0.882074 -2.23879
-0.884827 -2.24169
-0.887579 -2.2446
-0.893701 -2.24974
-0.899695 -2.25501
-0.90565 -2.26034
-0.911282 -2.26601
-0.917432 -2.27112
-0.923041 -2.27681
-0.928889 -2.28225
-0.934802 -2.28762
-0.940909 -2.29277
-0.946594 -2.29839
-0.952401 -2.30387
-0.958584 -2.30894
-0.96423 -2.3146
-0.970412 -2.31967
-0.976369 -2.32499
-0.982082 -2.33058
-0.988123 -2.3358
-0.99399 -2.34122
-0.999986 -2.34649
-1.00555 -2.35224
-1.01154 -2.35753
-1.01733 -2.36303
-1.02347 -2.36815
-1.02934 -2.37356
-1.03211 -2.37644
-1.03489 -2.37932
-1.04085 -2.38463
-1.04657 -2.39021
-1.05262 -2.39543
-1.05837 -2.40098
-1.06429 -2.40633
-1.07013 -2.41178
-1.07618 -2.417
-1.08227 -2.42217
-1.08799 -2.42775
-1.09376 -2.43326
-1.09971 -2.4386
-1.10556 -2.44403
-1.11141 -2.44947
-1.11742 -2.45473
-1.12322 -2.46022
-1.12909 -2.46563
-1.13224 -2.4681
-1.13539 -2.47057
-1.141 -2.47627
-1.14673 -2.48184
-1.15262 -2.48722
-1.15858 -2.49254
-1.16171 -2.49504
-1.16483 -2.49754
-1.16761 -2.50042
-1.17038 -2.5033
-1.17636 -2.5086
-1.18219 -2.51405
-1.18829 -2.51922
-1.19389 -2.52493
-1.19991 -2.53017
-1.20592 -2.53544
-1.21152 -2.54114
-1.21773 -2.54618
-1.22362 -2.55158
-1.22962 -2.55685
-1.23548 -2.56227
-1.24115 -2.56791
-1.24735 -2.57295
-1.25304 -2.57856
-1.25905 -2.58383
-1.26464 -2.58955
-1.26775 -2.59206
-1.27087 -2.59457
-1.2768 -2.59992
-1.27957 -2.6028
-1.28234 -2.60569
-1.28812 -2.6112
-1.29127 -2.61368
-1.29441 -2.61615
-1.30028 -2.62157
-1.30605 -2.62709
-1.3119 -2.63253
-1.31778 -2.63793
-1.32339 -2.64363
-1.32946 -2.64882
-1.33557 -2.65398
-1.34159 -2.65922
-1.34744 -2.66465
-1.35016 -2.6676
-1.35288 -2.67054
-1.35885 -2.67584
-1.36478 -2.68119
-1.37076 -2.68649
-1.37677 -2.69175
-1.38276 -2.69703
-1.3886 -2.70247
-1.39134 -2.70539
-1.39409 -2.7083
-1.39998 -2.71369
-1.4031 -2.7162
-1.40623 -2.7187
-1.4122 -2.724
-1.41814 -2.72933
-1.42401 -2.73475
-1.42969 -2.74037
-1.43564 -2.74569
-1.44158 -2.75103
-1.44733 -2.75658
-1.45344 -2.76173
-1.45939 -2.76705
-1.46209 -2.77002
-1.46479 -2.77298
-1.4709 -2.77813
-1.47657 -2.78376
-1.48263 -2.78897
-1.48841 -2.79448
-1.49155 -2.79696
-1.4947 -2.79944
-1.50035 -2.80509
-1.50623 -2.81049
-1.51188 -2.81614
-1.51785 -2.82145
-1.52381 -2.82676
-1.52982 -2.83202
-1.53573 -2.83739
-1.54163 -2.84278
-1.54766 -2.84801
-1.55042 -2.85091
-1.55318 -2.85381
-1.55904 -2.85923
-1.56221 -2.86168
-1.56538 -2.86414
-1.57098 -2.86984
-1.57665 -2.87547
-1.5798 -2.87795
-1.58295 -2.88042
-1.58864 -2.88602
-1.59459 -2.89136
-1.6006 -2.89661
-1.60658 -2.90191
-1.61236 -2.90742
-1.61812 -2.91295
-1.62408 -2.91827
-1.62983 -2.92381
-1.63598 -2.92892
-1.63875 -2.9318
-1.64153 -2.93469
-1.64743 -2.94006
-1.65055 -2.94256
-1.65367 -2.94507
-1.65955 -2.95047
-1.66518 -2.95615
-1.67095 -2.96168
-1.67687 -2.96704
-1.68295 -2.97222
-1.68857 -2.9779
-1.69447 -2.98328
-1.70061 -2.9884
-1.70669 -2.99359
-1.71259 -2.99897
-1.71841 -3.00444
-1.724 -3.01015
-1.72998 -3.01544
-1.73572 -3.021
-1.73885 -3.02349
-1.74198 -3.02599
-1.74779 -3.03147
-1.75348 -3.03708
-1.7596 -3.04222
-1.76558 -3.04751
-1.77123 -3.05316
-1.7774 -3.05825
-1.78017 -3.06114
-1.78293 -3.06403
-1.78895 -3.06929
-1.79508 -3.07441
-1.80099 -3.07978
-1.80661 -3.08547
-1.81226 -3.09112
-1.81841 -3.09624
-1.82414 -3.1018
-1.82996 -3.10726
-1.83597 -3.11252
-1.84202 -3.11774
-1.8478 -3.12325
-1.85384 -3.12849
-1.85983 -3.13376
-1.86542 -3.13948
-1.87137 -3.14481
-1.87736 -3.15009
-1.88335 -3.15537
-1.88609 -3.15829
-1.88883 -3.16121
-1.89478 -3.16654
-1.90082 -3.17176
-1.90676 -3.1771
-1.91251 -3.18264
-1.91871 -3.18771
-1.92466 -3.19302
-1.93055 -3.19842
-1.93627 -3.20399
-1.94225 -3.20929
-1.94799 -3.21484
-1.95384 -3.22028
-1.95953 -3.22588
-1.9627 -3.22834
-1.96586 -3.23081
-1.96858 -3.23375
-1.9713 -3.23669
-1.9773 -3.24196
-1.98315 -3.24739
-1.98907 -3.25275
-1.99484 -3.25827
-2.00082 -3.26356
-2.00394 -3.26607
-2.00706 -3.26858
-2.00978 -3.27152
-2.0125 -3.27446
-2.01848 -3.27975
-2.02465 -3.28484
-2.03061 -3.29016
-2.03639 -3.29566
-2.04243 -3.30089
-2.04835 -3.30625
-2.05417 -3.31172
-2.05692 -3.31462
-2.05968 -3.31753
-2.06563 -3.32285
-2.07151 -3.32825
-2.07735 -3.33369
-2.08356 -3.33874
-2.0893 -3.34429
-2.09504 -3.34986
-2.10121 -3.35494
-2.10722 -3.3602
-2.1129 -3.36581
-2.1189 -3.37109
-2.12492 -3.37634
-2.13071 -3.38184
-2.13667 -3.38715
-2.14249 -3.39262
-2.14846 -3.39792
-2.15418 -3.40351
-2.1599 -3.40908
-2.16577 -3.4145
-2.17152 -3.42003
-2.17755 -3.42528
-2.18363 -3.43046
-2.18933 -3.43606
-2.19247 -3.43855
-2.19561 -3.44103
-2.19833 -3.44397
-2.20106 -3.4469
-2.20726 -3.45195
-2.21297 -3.45754
-2.21874 -3.46307
-2.22475 -3.46832
-2.23073 -3.47361
-2.23659 -3.47905
-2.24249 -3.48442
-2.24831 -3.48989
-2.2543 -3.49517
-2.26011 -3.50065
-2.26578 -3.50628
-2.26896 -3.50872
-2.27214 -3.51116
-2.27801 -3.51657
-2.28078 -3.51947
-2.28354 -3.52236
-2.28669 -3.52483
-2.28985 -3.5273
-2.2926 -3.5302
-2.29535 -3.53311
-2.3011 -3.53865
-2.307 -3.54404
-2.31301 -3.5493
-2.31883 -3.55476
-2.32468 -3.5602
-2.33063 -3.56552
-2.3367 -3.57072
-2.34234 -3.57639
-2.34833 -3.58166
-2.3542 -3.58708
-2.36017 -3.59238
-2.36604 -3.59779
-2.372 -3.60311
-2.37796 -3.60843
-2.3837 -3.61398
-2.38978 -3.61916
-2.39544 -3.62481
-2.40123 -3.63031
-2.40443 -3.63272
-2.40764 -3.63513
-2.41037 -3.63806
-2.41311 -3.64099
-2.41907 -3.6463
-2.42519 -3.65144
-2.43114 -3.65676
-2.43386 -3.65971
-2.43658 -3.66265
-2.44275 -3.66773
-2.44848 -3.6733
-2.45462 -3.67842
-2.46058 -3.68373
-2.46331 -3.68666
-2.46604 -3.68959
-2.4692 -3.69206
-2.47236 -3.69452
-2.47803 -3.70015
-2.48412 -3.70532
-2.48985 -3.71089
-2.49578 -3.71623
-2.5015 -3.72182
-2.50746 -3.72713
-2.5133 -3.73258
-2.51951 -3.73762
-2.52518 -3.74325
-2.53094 -3.74879
-2.53686 -3.75415
-2.54289 -3.75938
-2.54866 -3.7649
-2.55452 -3.77032
-2.56058 -3.77553
-2.56622 -3.7812
-2.57219 -3.7865
-2.57829 -3.79166
-2.58421 -3.79703
-2.58987 -3.80267
-2.5958 -3.80801
-2.60174 -3.81335
-2.60769 -3.81867
-2.61367 -3.82397
-2.61641 -3.82688
-2.61916 -3.8298
-2.62532 -3.83489
-2.63127 -3.84022
-2.63709 -3.84568
-2.64297 -3.85109
-2.64879 -3.85656
-2.65499 -3.86161
-2.66078 -3.86712
-2.66649 -3.8727
-2.67251 -3.87795
-2.67844 -3.8833
-2.68435 -3.88867
-2.68998 -3.89434
-2.69577 -3.89985
-2.70166 -3.90523
-2.70764 -3.91053
-2.7135 -3.91595
-2.71952 -3.9212
-2.72559 -3.92639
-2.72832 -3.92933
-2.73105 -3.93226
-2.73704 -3.93754
-2.74289 -3.94298
-2.74883 -3.94831
-2.75485 -3.95356
-2.76103 -3.95864
-2.76682 -3.96414
-2.77268 -3.96956
-2.77855 -3.97497
-2.78459 -3.98021
-2.78729 -3.98317
-2.78999 -3.98614
-2.79317 -3.98856
-2.79636 -3.99099
-2.80219 -3.99646
-2.80495 -3.99935
-2.80771 -4.00225
-2.81385 -4.00737
-2.81947 -4.01306
-2.8256 -4.01819
-2.83157 -4.02349
-2.83755 -4.02879
-2.84027 -4.03173
-2.84299 -4.03467
-2.84885 -4.04008
-2.85204 -4.04251
-2.85523 -4.04494
-2.858 -4.04783
-2.86076 -4.05073
-2.86686 -4.05589
-2.87293 -4.06108
-2.87565 -4.06403
-2.87836 -4.06698
-2.88448 -4.07213
-2.89041 -4.07746
-2.89648 -4.08266
-2.89923 -4.08557
-2.90198 -4.08848
-2.90509 -4.091
-2.9082 -4.09351
-2.91096 -4.09641
-2.91372 -4.09931
-2.91965 -4.10465
-2.92568 -4.10989
-2.93138 -4.1155
-2.93726 -4.1209
-2.94335 -4.12607
-2.9491 -4.13162
-2.95501 -4.13699
-2.95812 -4.1395
-2.96124 -4.14201
-2.96395 -4.14496
-2.96666 -4.14791
-2.97254 -4.15331
-2.97571 -4.15576
-2.97888 -4.15821
-2.98457 -4.16382
-2.99038 -4.1693
-2.99349 -4.17182
-2.9966 -4.17433
-3.00223 -4.18001
-3.0081 -4.18542
-3.01421 -4.19057
-3.02 -4.19607
-3.0257 -4.20167
-3.0318 -4.20683
-3.0374 -4.21254
-3.04324 -4.21799
-3.04933 -4.22316
-3.0555 -4.22825
-3.05822 -4.23119
-3.06094 -4.23413
-3.06706 -4.23927
-3.07289 -4.24472
-3.07901 -4.24987
-3.08175 -4.25279
-3.0845 -4.2557
-3.08763 -4.25819
-3.09077 -4.26068
-3.09633 -4.26642
-3.09948 -4.2689
-3.10262 -4.27138
-3.10538 -4.27427
-3.10815 -4.27717
-3.11428 -4.28229
-3.12013 -4.28773
-3.1261 -4.29303
-3.1318 -4.29863
-3.13759 -4.30413
-3.14356 -4.30944
-3.14937 -4.31492
-3.15546 -4.32008
-3.16121 -4.32564
-3.16698 -4.33116
-3.17012 -4.33364
-3.17327 -4.33611
-3.17885 -4.34184
-3.18461 -4.34738
-3.19048 -4.35278
-3.19361 -4.35528
-3.19675 -4.35777
-3.20274 -4.36304
-3.20552 -4.36592
-3.2083 -4.3688
-3.21443 -4.37393
-3.22037 -4.37926
-3.22612 -4.38481
-3.23183 -4.3904
-3.23785 -4.39565
-3.24367 -4.40112
-3.24945 -4.40663
-3.25557 -4.41176
-3.26139 -4.41723
-3.26723 -4.42268
-3.27335 -4.42782
-3.27612 -4.43071
-3.27889 -4.4336
-3.2851 -4.43863
-3.29077 -4.44426
-3.29658 -4.44975
-3.30269 -4.4549
-3.30873 -4.46013
-3.31433 -4.46583
-3.32049 -4.47093
-3.32636 -4.47634
-3.33226 -4.48173
-3.33814 -4.48713
-3.34087 -4.49006
-3.3436 -4.49298
-3.34567 -4.49424
-3.34869 -4.49704
-3.35157 -4.49998
-3.35749 -4.50531
-3.36341 -4.51064
-3.36886 -4.51646
-3.37492 -4.52164
-3.38087 -4.52694
-3.38654 -4.53253
-3.39211 -4.53824
-3.39791 -4.54369
-3.40394 -4.54889
-3.40979 -4.5543
-3.41572 -4.55961
-3.42132 -4.56529
-3.42728 -4.57056
-3.43296 -4.57615
-3.43908 -4.58126
-3.44466 -4.58695
-3.45047 -4.59239
-3.45653 -4.59758
-3.46211 -4.60301
-3.46802 -4.60809
-3.47344 -4.6137
-3.47912 -4.61902
-3.48493 -4.62421
-3.49056 -4.6296
-3.4965 -4.63464
-3.50202 -4.64014
-3.5078 -4.64536
-3.51347 -4.65069
-3.51916 -4.65602
-3.52507 -4.66109
-3.5308 -4.66637
-3.53665 -4.67151
-3.54239 -4.67668
-3.54798 -4.68201
-3.55376 -4.68713
-3.55955 -4.69224
-3.56548 -4.6972
-3.57127 -4.70231
-3.57687 -4.70763
-3.58253 -4.71288
-3.58811 -4.71823
-3.59422 -4.72298
-3.5999 -4.72822
-3.60572 -4.7333
-3.61113 -4.73882
-3.61718 -4.74364
-3.62301 -4.74871
-3.62867 -4.75397
-3.6343 -4.75926
-3.63979 -4.7647
-3.64566 -4.76973
-3.65148 -4.7748
