-3.17393 -4.25927
-3.17675 -4.26159
-3.18255 -4.26709
-3.18855 -4.27235
-3.19444 -4.27776
-3.20066 -4.28278
-3.20647 -4.28826
-3.21219 -4.29385
-3.21536 -4.2963
-3.21853 -4.29874
-3.22435 -4.30421
-3.23042 -4.30941
-3.23321 -4.31227
-3.23601 -4.31513
-3.24205 -4.32036
-3.2483 -4.32535
-3.25415 -4.33079
-3.25694 -4.33366
-3.25974 -4.33652
-3.26588 -4.34164
-3.27171 -4.34709
-3.2775 -4.3526
-3.28073 -4.35498
-3.28396 -4.35735
-3.28963 -4.363
-3.29571 -4.36818
-3.30151 -4.37368
-3.30744 -4.37903
-3.31366 -4.38405
-3.31933 -4.38969
-3.32536 -4.39493
-3.33142 -4.40013
-3.33417 -4.40305
-3.33691 -4.40597
-3.34306 -4.41108
-3.3493 -4.41608
-3.35505 -4.42163
-3.36081 -4.42717
-3.36691 -4.43233
-3.37284 -4.43768
-3.3789 -4.44288
-3.38171 -4.44573
-3.38452 -4.44858
-3.3906 -4.45376
-3.39666 -4.45896
-3.40267 -4.46422
-3.40832 -4.46988
-3.41454 -4.47491
-3.42061 -4.4801
-3.42631 -4.48572
-3.43246 -4.49082
-3.43814 -4.49645
-3.44407 -4.50179
-3.44605 -4.50305
-3.45138 -4.50855
-3.45673 -4.51401
-3.46265 -4.51887
-3.46827 -4.52404
-3.47373 -4.5294
-3.47931 -4.53461
-3.48456 -4.54019
-3.49023 -4.54532
-3.49614 -4.55018
-3.5015 -4.55564
-3.50714 -4.5608
-3.51261 -4.56613
-3.51814 -4.57141
-3.52393 -4.57641
-3.52927 -4.58188
-3.53467 -4.5873
-3.54026 -4.59251
-3.54617 -4.59738
-3.55186 -4.60265
-3.5576 -4.60788
-3.56338 -4.61307
-3.56878 -4.61866
-3.57461 -4.62379
-3.5805 -4.62886
-3.58611 -4.63422
-3.59206 -4.63923
-3.59756 -4.64471
-3.60316 -4.6501
-3.60904 -4.65517
-3.61464 -4.66055
-3.62071 -4.66542
-3.62605 -4.67109
-3.63234 -4.67595
-3.63811 -4.68141
-3.64433 -4.68636
-3.65006 -4.69187
-3.65629 -4.6968
-3.66245 -4.70181
-3.66854 -4.70691
-3.67439 -4.71228
-3.68061 -4.71722
-3.68628 -4.7228
-3.6923 -4.72798
-3.69823 -4.73326
-3.70471 -4.73789
-3.71031 -4.74356
-3.71674 -4.74826
-3.72276 -4.75343
-3.72884 -4.75854
-3.73457 -4.76405
-3.74085 -4.76892
-3.74668 -4.77431
-3.75153 -4.77772
-3.7569 -4.78227
-3.76104 -4.78682
-3.76558 -4.79093
-3.77058 -4.79452
-3.77518 -4.79859
-3.77844 -4.80177
-3.78156 -4.8051
-3.7844 -4.80866
-3.78762 -4.81194
-3.79002 -4.81581
-3.79253 -4.81961
-3.79593 -4.82476
-3.79794 -4.82899
-3.80061 -4.83286
-3.80277 -4.83701
-3.80455 -4.84135
-3.80598 -4.8458
-3.80711 -4.85032
-3.80885 -4.8547
-3.80941 -4.85936
-3.81051 -4.86392
-3.81086 -4.86858
-3.81142 -4.87323
-3.81107 -4.87791
-3.8115 -4.88588
-3.81178 -4.89385
-3.8118 -4.90182
-3.81161 -4.90979
-3.81162 -4.91777
-3.81204 -4.92574
-3.81205 -4.93371
-3.81214 -4.94168
-3.81162 -4.94966
-3.8119 -4.95763
-3.81211 -4.9656
-3.81207 -4.97357
-3.81183 -4.98155
-3.81231 -4.98952
-3.81187 -4.99749
-3.81215 -5.00546
-3.81248 -5.01343
-3.81237 -5.0214
-3.81255 -5.02938
-3.81229 -5.03735
-3.81229 -5.04532
-3.81208 -5.0533
-3.81202 -5.06127
-3.81242 -5.06924
-3.81279 -5.07721
-3.81247 -5.0812
-3.81214 -5.08519
-3.81218 -5.09316
-3.81272 -5.10113
-3.81264 -5.10607
-3.81197 -5.11096
-3.81136 -5.11585
-3.81086 -5.12078
-3.80939 -5.12549
-3.80807 -5.13023
-3.80778 -5.13359
-3.80531 -5.13993
-3.80249 -5.14611
-3.80127 -5.14906
-3.79894 -5.15341
-3.79664 -5.15775
-3.79414 -5.162
-3.79177 -5.16639
-3.78812 -5.16978
-3.78513 -5.17367
-3.78201 -5.17751
-3.77835 -5.18081
-3.77473 -5.18417
-3.77066 -5.18696
-3.76452 -5.19203
-3.75807 -5.1967
-3.75175 -5.20155
-3.74535 -5.20629
-3.73942 -5.21164
-3.73277 -5.21605
-3.72668 -5.22119
-3.72027 -5.22591
-3.71408 -5.23092
-3.70747 -5.23539
-3.70134 -5.24048
-3.69485 -5.24509
-3.68859 -5.25001
-3.68235 -5.25496
-3.67578 -5.25947
-3.66957 -5.26446
-3.66344 -5.26955
-3.65674 -5.2739
-3.65039 -5.2787
-3.64413 -5.28362
-3.63793 -5.28862
-3.63138 -5.29315
-3.62517 -5.29814
-3.61866 -5.30274
-3.61232 -5.30755
-3.60623 -5.31269
-3.59984 -5.31745
-3.59359 -5.32237
-3.59042 -5.32456
-3.59062 -5.32498
-3.59106 -5.32558
-3.5912 -5.32633
-3.59166 -5.32691
-3.59176 -5.32765
-3.59219 -5.32828
-3.59238 -5.32898
-3.59251 -5.3297
-3.59256 -5.33042
-3.59258 -5.33114
-3.59289 -5.33187
-3.59323 -5.33263
-3.59296 -5.33336
-3.59272 -5.33407
-3.59276 -5.33484
-3.59239 -5.33551
-3.59093 -5.34035
-3.58948 -5.3452
-3.58902 -5.34578
-3.58894 -5.34651
-3.58863 -5.34714
-3.58854 -5.34791
-3.58769 -5.34819
-3.58758 -5.34898
-3.58356 -5.3541
-3.57954 -5.35921
-3.57552 -5.36433
-3.57149 -5.36945
-3.56747 -5.37456
-3.56701 -5.37516
-3.56644 -5.37565
-3.5659 -5.37618
-3.56522 -5.37652
-3.56457 -5.37688
-3.56412 -5.37756
-3.56335 -5.37769
-3.56277 -5.37821
-3.56206 -5.37843
-3.56131 -5.3785
-3.55554 -5.38061
-3.54978 -5.38271
-3.54401 -5.38482
-3.53825 -5.38693
-3.53742 -5.38674
-3.53183 -5.38834
-3.52624 -5.38995
-3.52065 -5.39155
-3.5199 -5.39152
-3.51924 -5.39207
-3.51847 -5.3916
-3.51775 -5.39187
-3.517 -5.39232
-3.5163 -5.39179
-3.51556 -5.39182
-3.5148 -5.39184
-3.51418 -5.39136
-3.51344 -5.39126
-3.51286 -5.39077
-3.51186 -5.39112
-3.51153 -5.39021
-3.51098 -5.38974
-3.51033 -5.38941
-3.50944 -5.38931
-3.50898 -5.38872
-3.50842 -5.38822
-3.50835 -5.38734
-3.5083 -5.38727
-3.50503 -5.39005
-3.49873 -5.39492
-3.4921 -5.39935
-3.48576 -5.40417
-3.4794 -5.40896
-3.47297 -5.41365
-3.46704 -5.419
-3.46035 -5.42337
-3.45417 -5.42839
-3.4478 -5.43317
-3.44132 -5.43779
-3.43528 -5.443
-3.42887 -5.44773
-3.42253 -5.45254
-3.41632 -5.45754
-3.40962 -5.46187
-3.40357 -5.46707
-3.39717 -5.47181
-3.39097 -5.4768
-3.38445 -5.48139
-3.37811 -5.48619
-3.37201 -5.49133
-3.36539 -5.49578
-3.35908 -5.50063
-3.3529 -5.50566
-3.34658 -5.5105
-3.3401 -5.51513
-3.33393 -5.52016
-3.32752 -5.52489
-3.32096 -5.52941
-3.31499 -5.53472
-3.30853 -5.53937
-3.30223 -5.54425
-3.29594 -5.54913
-3.28939 -5.55366
-3.28327 -5.55877
-3.27665 -5.56322
-3.27055 -5.56834
-3.26432 -5.57331
-3.25808 -5.57825
-3.25144 -5.58267
-3.24511 -5.5875
-3.23905 -5.59269
-3.2324 -5.5971
-3.2263 -5.60223
-3.21992 -5.60698
-3.21375 -5.61202
-3.20708 -5.61641
-3.20106 -5.62164
-3.19471 -5.62644
-3.18804 -5.63083
-3.18168 -5.63562
-3.17534 -5.64043
-3.16941 -5.64578
-3.16263 -5.65002
-3.15648 -5.65509
-3.15007 -5.65981
-3.14404 -5.66503
-3.13762 -5.66975
-3.13096 -5.67414
-3.1249 -5.67932
-3.1187 -5.68432
-3.11208 -5.68877
-3.10578 -5.69363
-3.09961 -5.69867
-3.09319 -5.70339
-3.08691 -5.70828
-3.08039 -5.71286
-3.07395 -5.71755
-3.06767 -5.72243
-3.06171 -5.72775
-3.055 -5.73208
-3.04872 -5.73697
-3.04229 -5.74167
-3.03626 -5.74689
-3.02988 -5.75166
-3.02328 -5.75612
-3.01713 -5.76119
-3.01097 -5.76624
-3.0047 -5.77115
-2.9981 -5.77563
-2.99184 -5.78054
-2.98539 -5.78522
-2.97898 -5.78994
-2.97267 -5.79479
-2.96624 -5.79949
-2.96017 -5.80466
-2.95376 -5.80939
-2.94736 -5.81411
-2.94379 -5.81692
-2.9385 -5.82064
-2.93418 -5.82301
-2.93028 -5.82608
-2.92304 -5.82933
-2.9163 -5.83349
-2.90933 -5.83723
-2.90255 -5.84129
-2.89567 -5.84519
-2.89189 -5.84707
-2.89182 -5.84694
-2.89184 -5.84611
-2.89114 -5.84568
-2.89066 -5.84514
-2.89026 -5.84454
-2.88971 -5.84406
-2.88922 -5.84354
-2.8891 -5.84254
-2.88832 -5.84233
-2.88742 -5.84235
-2.88681 -5.84197
-2.88645 -5.84105
-2.88565 -5.841
-2.88497 -5.84069
-2.88412 -5.84098
-2.88346 -5.84061
-2.88279 -5.84002
-2.878 -5.83972
-2.87321 -5.83942
-2.87245 -5.83972
-2.87172 -5.83942
-2.87098 -5.83938
-2.87026 -5.83967
-2.86958 -5.84002
-2.86886 -5.84012
-2.86236 -5.84206
-2.85586 -5.84401
-2.84936 -5.84595
-2.84286 -5.8479
-2.83635 -5.84984
-2.82985 -5.85178
-2.82907 -5.85176
-2.82832 -5.85191
-2.82782 -5.85262
-2.82722 -5.85305
-2.82642 -5.85317
-2.82597 -5.85381
-2.82535 -5.85422
-2.82494 -5.85486
-2.82427 -5.85524
-2.82394 -5.85593
-2.81974 -5.86148
-2.81554 -5.86703
-2.81133 -5.87258
-2.80713 -5.87814
-2.80293 -5.88369
-2.80239 -5.88423
-2.80257 -5.88524
-2.80179 -5.88565
-2.8019 -5.88653
-2.80143 -5.88712
-2.80083 -5.88771
-2.80099 -5.88853
-2.80113 -5.88932
-2.80065 -5.88998
-2.80038 -5.89072
-2.80056 -5.89148
-2.80034 -5.89224
-2.80049 -5.893
-2.80095 -5.89369
-2.80099 -5.89445
-2.80127 -5.89514
-2.80162 -5.89582
-2.80155 -5.89667
-2.80209 -5.89725
-2.80211 -5.8973
-2.79892 -5.89902
-2.79178 -5.90246
-2.78483 -5.90623
-2.77814 -5.91047
-2.77112 -5.91411
-2.76406 -5.91768
-2.75744 -5.92205
-2.75034 -5.92556
-2.74348 -5.92949
-2.73644 -5.93311
-2.72976 -5.93736
-2.72281 -5.94114
-2.71597 -5.94512
-2.70881 -5.94851
-2.70189 -5.95233
-2.69513 -5.95645
-2.68798 -5.95986
-2.68111 -5.96378
-2.6744 -5.96798
-2.66751 -5.97187
-2.66035 -5.97526
-2.65371 -5.97959
-2.64663 -5.98313
-2.63993 -5.98735
-2.63292 -5.99103
-2.62577 -5.99443
-2.61914 -5.99878
-2.61195 -6.00213
-2.60529 -6.00643
-2.5982 -6.00994
-2.59126 -6.01373
-2.58463 -6.01809
-2.57738 -6.02132
-2.57056 -6.02533
-2.5639 -6.02962
-2.55696 -6.03342
-2.5499 -6.03699
-2.54292 -6.04071
-2.53598 -6.0445
-2.52909 -6.04838
-2.52229 -6.05242
-2.51529 -6.0561
-2.50846 -6.0601
-2.5016 -6.06404
-2.49473 -6.06795
-2.48776 -6.07168
-2.48062 -6.07512
-2.47373 -6.079
-2.46703 -6.08322
-2.4599 -6.08667
-2.45314 -6.09079
-2.44629 -6.09475
-2.43929 -6.09843
-2.43248 -6.10248
-2.42768 -6.10423
-2.42326 -6.10675
-2.41854 -6.10865
-2.41373 -6.11027
-2.40887 -6.11179
-2.40391 -6.11295
-2.39892 -6.11393
-2.39383 -6.11407
-2.38877 -6.11471
-2.38369 -6.11446
-2.3797 -6.11482
-2.3757 -6.11518
-2.37171 -6.11484
-2.36771 -6.11451
-2.36372 -6.11476
-2.35972 -6.11501
-2.35173 -6.11497
-2.34374 -6.11519
-2.33575 -6.11498
-2.33175 -6.11478
-2.32776 -6.11458
-2.31977 -6.11442
-2.31178 -6.11441
-2.30379 -6.11472
-2.2958 -6.11476
-2.28781 -6.11499
-2.27981 -6.11497
-2.27182 -6.1148
-2.26383 -6.11473
-2.25584 -6.11488
-2.24785 -6.1149
-2.23986 -6.11454
-2.23187 -6.11437
-2.22788 -6.11459
-2.22388 -6.1148
-2.21589 -6.1147
-2.21189 -6.11446
-2.2079 -6.11422
-2.2039 -6.11459
-2.19991 -6.11497
-2.19591 -6.11474
-2.19192 -6.11451
-2.18393 -6.11473
-2.17594 -6.11472
-2.16794 -6.11492
-2.16395 -6.11471
-2.15995 -6.11451
-2.15196 -6.11417
-2.14797 -6.1145
-2.14397 -6.11483
-2.13598 -6.11476
-2.12799 -6.11476
-2.124 -6.11444
-2.12 -6.11413
-2.11601 -6.11439
-2.11201 -6.11465
-2.10801 -6.11443
-2.10402 -6.11421
-2.09603 -6.11437
-2.08804 -6.11455
-2.08005 -6.11445
-2.07206 -6.11408
-2.06407 -6.11434
-2.05608 -6.11433
-2.04808 -6.11429
-2.04009 -6.11416
-2.0321 -6.11431
-2.02411 -6.11434
-2.01612 -6.11462
-2.00813 -6.11471
-2.00414 -6.1145
-2.00014 -6.11429
-1.99215 -6.11445
-1.98416 -6.11412
-1.97617 -6.11432
-1.96818 -6.11393
-1.96019 -6.11411
-1.9522 -6.11401
-1.94421 -6.11417
-1.93621 -6.11392
-1.93222 -6.11426
-1.92822 -6.1146
-1.92023 -6.11425
-1.91224 -6.11451
-1.90825 -6.11418
-1.90425 -6.11386
-1.90026 -6.1142
-1.89626 -6.11454
-1.88827 -6.11448
-1.88427 -6.11425
-1.88028 -6.11401
-1.87628 -6.11424
-1.87229 -6.11447
-1.8643 -6.11428
-1.85631 -6.11441
-1.84832 -6.11426
-1.84033 -6.11387
-1.83633 -6.11408
-1.83233 -6.1143
-1.82834 -6.11408
-1.82434 -6.11387
-1.81635 -6.11408
-1.80836 -6.11425
-1.80437 -6.11398
-1.80037 -6.11371
-1.79638 -6.11403
-1.79238 -6.11436
-1.78439 -6.11416
-1.7764 -6.1141
-1.76841 -6.11372
-1.76042 -6.11409
-1.75243 -6.1137
-1.74843 -6.114
-1.74444 -6.11431
-1.73645 -6.11418
-1.72846 -6.11404
-1.72047 -6.11389
-1.71247 -6.11421
-1.70448 -6.11431
-1.70049 -6.11407
-1.69649 -6.11382
-1.6885 -6.11396
-1.68051 -6.11398
-1.67252 -6.11406
-1.66453 -6.11384
-1.65654 -6.11362
-1.65254 -6.11383
-1.64855 -6.11404
-1.64455 -6.1138
-1.64056 -6.11357
-1.63656 -6.11384
-1.63257 -6.1141
-1.62458 -6.11386
-1.61659 -6.11403
-1.6086 -6.11403
-1.6006 -6.11406
-1.59261 -6.11394
-1.58462 -6.11372
-1.57663 -6.11382
-1.56864 -6.11396
-1.56065 -6.11364
-1.55266 -6.1136
-1.54467 -6.11366
-1.53668 -6.11349
-1.52869 -6.11365
-1.5207 -6.11389
-1.51271 -6.11362
-1.50472 -6.11368
-1.49673 -6.1139
-1.48873 -6.1136
-1.48074 -6.11349
-1.47275 -6.11385
-1.46476 -6.11356
-1.45677 -6.11369
-1.44878 -6.11385
-1.44079 -6.11348
-1.4328 -6.11335
-1.42481 -6.11326
-1.41682 -6.11357
-1.40883 -6.11329
-1.40483 -6.11363
-1.40084 -6.11396
-1.39684 -6.11359
-1.39285 -6.11321
-1.38486 -6.11335
-1.37686 -6.11357
-1.36887 -6.11388
-1.36488 -6.11365
-1.36088 -6.11343
-1.35289 -6.11368
-1.3449 -6.11375
-1.34091 -6.11354
-1.33691 -6.11332
-1.33292 -6.11358
-1.32892 -6.11383
-1.32093 -6.11381
-1.31294 -6.11362
-1.30495 -6.11354
-1.29696 -6.11327
-1.29296 -6.11354
-1.28897 -6.11381
-1.28497 -6.11344
-1.28098 -6.11307
-1.27299 -6.11319
-1.265 -6.11307
-1.257 -6.11337
-1.24901 -6.1136
-1.24102 -6.11348
-1.23703 -6.11323
-1.23303 -6.11298
-1.22904 -6.11332
-1.22504 -6.11365
-1.21705 -6.11365
-1.20906 -6.11348
-1.20107 -6.11313
-1.19308 -6.11322
-1.18509 -6.11308
-1.1771 -6.11326
-1.16911 -6.11288
-1.16112 -6.11323
-1.15312 -6.11346
-1.14913 -6.1132
-1.14513 -6.11293
-1.14114 -6.11322
-1.13714 -6.11351
-1.12915 -6.11336
-1.12116 -6.11351
-1.11317 -6.11338
-1.10518 -6.11342
-1.09719 -6.11315
-1.0892 -6.11345
-1.08121 -6.11318
-1.07322 -6.11318
-1.06523 -6.11308
-1.05724 -6.11337
-1.04925 -6.11306
-1.04125 -6.11314
-1.03326 -6.1131
-1.02527 -6.1131
-1.01728 -6.11304
-1.00929 -6.11279
-1.0013 -6.11275
-0.993311 -6.11281
-0.989315 -6.11302
-0.98532 -6.11322
-0.977329 -6.11309
-0.969338 -6.11307
-0.961348 -6.11283
-0.953357 -6.11295
-0.945366 -6.11306
-0.941371 -6.11283
-0.937376 -6.1126
-0.93338 -6.11283
-0.929385 -6.11307
-0.921394 -6.11297
-0.913404 -6.11258
-0.909408 -6.11284
-0.905412 -6.11311
-0.901417 -6.11288
-0.897422 -6.11265
-0.893427 -6.11298
-0.889431 -6.1133
-0.885436 -6.11296
-0.881441 -6.11261
-0.87345 -6.11299
-0.865459 -6.11305
-0.857468 -6.11303
-0.849477 -6.11309
-0.841487 -6.11275
-0.833496 -6.11312
-0.825506 -6.11284
-0.817514 -6.1131
-0.809524 -6.11306
-0.805529 -6.11276
-0.801534 -6.11246
-0.793543 -6.11247
-0.789547 -6.11281
-0.785552 -6.11314
-0.781557 -6.11276
-0.777562 -6.11238
-0.773566 -6.11258
-0.769571 -6.11279
-0.76158 -6.11245
-0.757585 -6.11267
-0.753589 -6.1129
-0.745598 -6.1129
-0.737608 -6.11251
-0.729617 -6.11275
-0.725622 -6.11254
-0.721627 -6.11234
-0.717631 -6.11266
-0.713635 -6.11298
-0.705645 -6.11287
-0.697654 -6.11287
-0.689664 -6.11252
-0.681673 -6.11272
-0.673682 -6.11262
-0.665691 -6.11297
-0.661696 -6.1127
-0.657701 -6.11244
-0.653705 -6.11271
-0.649709 -6.11298
-0.645714 -6.11265
-0.64172 -6.11232
-0.637724 -6.1126
-0.633728 -6.11287
-0.629733 -6.11267
-0.625738 -6.11246
-0.621742 -6.11266
-0.617747 -6.11286
-0.613752 -6.11251
-0.609757 -6.11216
-0.605761 -6.11253
-0.601765 -6.11289
-0.593775 -6.11279
-0.58978 -6.11249
-0.585785 -6.11219
-0.577794 -6.11232
-0.573798 -6.11256
-0.569802 -6.1128
-0.561812 -6.11267
-0.553821 -6.1128
-0.545831 -6.11247
-0.53784 -6.11249
-0.529849 -6.1123
-0.521858 -6.11255
-0.517863 -6.11235
-0.513868 -6.11214
-0.509872 -6.11242
-0.505877 -6.1127
-0.501882 -6.11242
-0.497887 -6.11214
-0.489896 -6.11223
-0.481905 -6.11236
-0.473915 -6.11202
-0.465924 -6.11199
-0.461928 -6.11236
-0.457932 -6.11272
-0.453937 -6.11248
-0.449942 -6.11224
-0.441951 -6.11239
-0.433961 -6.11201
-0.429965 -6.11223
-0.42597 -6.11246
-0.417979 -6.11247
-0.409989 -6.11222
-0.405993 -6.11241
-0.401997 -6.11261
-0.394007 -6.11233
-0.386016 -6.1125
-0.378025 -6.11255
-0.37403 -6.1123
-0.370035 -6.11205
-0.36604 -6.11224
-0.362044 -6.11244
-0.358049 -6.11224
-0.354054 -6.11203
-0.346063 -6.11207
-0.342067 -6.11233
-0.338072 -6.11258
-0.334077 -6.11219
-0.330082 -6.1118
-0.322091 -6.11214
-0.3141 -6.1121
-0.306109 -6.11232
-0.298119 -6.11212
-0.290128 -6.11227
-0.282137 -6.1119
-0.278142 -6.11219
-0.274146 -6.11247
-0.270151 -6.1122
-0.266156 -6.11193
-0.26216 -6.11213
-0.258165 -6.11232
-0.250174 -6.11202
-0.242184 -6.1119
-0.234193 -6.11199
-0.230197 -6.11221
-0.226202 -6.11243
-0.218211 -6.11223
-0.210221 -6.11188
-0.20223 -6.11214
-0.194239 -6.11216
-0.190244 -6.11191
-0.186249 -6.11166
-0.182253 -6.11185
-0.178258 -6.11205
-0.174263 -6.11182
-0.170268 -6.1116
-0.166272 -6.1119
-0.162276 -6.11221
-0.154286 -6.112
-0.146295 -6.11161
-0.138305 -6.11179
-0.130313 -6.11213
-0.122323 -6.11209
-0.114332 -6.11173
-0.106341 -6.11207
-0.0983508 -6.11183
-0.09036 -6.11192
-0.0823693 -6.11189
-0.0743788 -6.1117
-0.0663879 -6.11183
-0.058397 -6.11199
-0.0504065 -6.11186
-0.0464114 -6.11165
-0.0424163 -6.11144
-0.0384205 -6.11178
-0.0344247 -6.11212
-0.0264339 -6.11211
-0.0184436 -6.11184
-0.0104526 -6.11203
-0.00246233 -6.11168
0.00552856 -6.11181
0.013519 -6.11158
0.0215101 -6.11185
0.0295004 -6.11156
0.0374909 -6.11137
0.0454818 -6.11153
0.0494775 -6.11179
0.0534732 -6.11204
0.0574683 -6.11184
0.0614634 -6.11164
0.0694545 -6.11193
0.0734496 -6.11172
0.0774447 -6.1115
0.0854352 -6.11131
0.0894309 -6.11164
0.0934267 -6.11197
0.0974218 -6.11172
0.101417 -6.11148
0.109408 -6.11184
0.117399 -6.11168
0.12539 -6.11189
0.13338 -6.11169
0.14137 -6.11149
0.149362 -6.11175
0.157352 -6.11181
0.165343 -6.11159
0.169338 -6.11138
0.173333 -6.11117
0.177329 -6.11144
0.181324 -6.11172
0.189315 -6.11152
0.197306 -6.11164
0.205296 -6.11134
0.213287 -6.11168
0.221278 -6.11177
0.229269 -6.11175
0.233264 -6.11145
0.237259 -6.11116
0.241254 -6.11142
0.24525 -6.11168
0.249245 -6.11138
0.25324 -6.11109
0.257189 -6.11139
0.256934 -6.11208
0.256931 -6.11286
0.257623 -6.11351
0.257299 -6.11437
0.257837 -6.11499
0.257776 -6.11583
0.258291 -6.11644
0.258983 -6.11691
0.258959 -6.1178
0.259476 -6.11836
0.260225 -6.1187
0.260573 -6.11938
0.260991 -6.12002
0.261315 -6.12082
0.261871 -6.12135
0.266038 -6.12439
0.270205 -6.12743
0.270966 -6.12755
0.271612 -6.12781
0.272047 -6.12851
0.272711 -6.12876
0.273492 -6.12865
0.274196 -6.12866
0.274835 -6.12889
0.27546 -6.12929
0.2762 -6.12902
0.283853 -6.13015
0.291506 -6.13128
0.299159 -6.13241
0.306812 -6.13354
0.307383 -6.13419
0.308029 -6.13424
0.308668 -6.13389
0.313157 -6.1339
0.317646 -6.13392
0.318387 -6.13424
0.319038 -6.13367
0.319737 -6.13359
0.320413 -6.13339
0.328167 -6.13161
0.335921 -6.12983
0.336573 -6.12942
0.337411 -6.12953
0.342789 -6.12734
0.348168 -6.12515
0.353546 -6.12296
0.354174 -6.12252
0.354747 -6.12201
0.355644 -6.12203
0.356055 -6.1213
0.356615 -6.12081
0.357361 -6.12052
0.357552 -6.11967
0.358361 -6.11938
0.358676 -6.11869
0.359328 -6.11821
0.359424 -6.11741
0.360071 -6.11688
0.360028 -6.11606
0.360194 -6.11534
0.360953 -6.11476
0.361168 -6.11402
0.361336 -6.11327
0.361203 -6.11249
0.361427 -6.11173
0.361351 -6.11138
0.365111 -6.11163
0.373101 -6.11142
0.381092 -6.1112
0.389083 -6.11134
0.397073 -6.11096
0.401069 -6.11127
0.405065 -6.11158
0.413055 -6.11121
0.421046 -6.11149
0.429037 -6.11151
0.437027 -6.11115
0.445018 -6.11143
0.449013 -6.11123
0.453008 -6.11102
0.460999 -6.1109
0.464994 -6.11114
0.46899 -6.11138
0.47698 -6.11103
0.484971 -6.11081
0.492962 -6.11102
0.500953 -6.11123
0.508944 -6.11127
0.516934 -6.11103
0.524925 -6.11116
0.532916 -6.11135
0.540906 -6.11119
0.548897 -6.11103
0.556887 -6.11085
0.564878 -6.11068
0.568873 -6.11088
0.572869 -6.11108
0.58086 -6.11089
0.58885 -6.11083
0.596841 -6.11087
0.604832 -6.1108
0.612823 -6.11097
0.620813 -6.11079
0.628804 -6.11074
0.632799 -6.11093
0.636795 -6.11112
0.644785 -6.11077
0.652776 -6.11059
0.660767 -6.11076
0.668757 -6.11052
0.676748 -6.11061
0.684738 -6.11048
0.692729 -6.11049
0.696725 -6.11074
0.700721 -6.111
0.708711 -6.1109
0.716702 -6.111
0.724693 -6.11086
0.732684 -6.11117
0.736679 -6.11089
0.740674 -6.11061
0.748665 -6.11074
0.756656 -6.1111
0.760651 -6.11087
0.764646 -6.11065
0.772637 -6.11091
0.780628 -6.11111
0.788619 -6.11112
0.796609 -6.1111
0.8046 -6.11073
0.812591 -6.11108
0.816586 -6.11088
0.820581 -6.11068
0.828571 -6.11034
0.836562 -6.11051
0.844553 -6.1104
0.852544 -6.11044
0.860534 -6.11041
0.868525 -6.11042
0.876516 -6.1105
0.880512 -6.1107
0.884507 -6.1109
0.892498 -6.11081
0.900488 -6.11043
0.908479 -6.11036
0.912474 -6.11064
0.91647 -6.11093
0.92446 -6.11064
0.932451 -6.11051
0.940441 -6.11017
0.944437 -6.11053
0.948433 -6.11089
0.956423 -6.11076
0.960418 -6.11044
0.964413 -6.11011
0.972404 -6.11032
0.980395 -6.11047
0.988386 -6.11082
0.992381 -6.11055
0.996376 -6.11028
1.00437 -6.11041
1.01236 -6.11024
1.01635 -6.11053
1.02035 -6.11083
1.02434 -6.11056
1.02834 -6.11029
1.03633 -6.11038
1.04432 -6.11027
1.05231 -6.11012
1.05631 -6.11038
1.0603 -6.11064
1.06829 -6.11054
1.07229 -6.11031
1.07628 -6.11008
1.08028 -6.11033
1.08427 -6.11058
1.08827 -6.11038
1.09227 -6.11018
1.09626 -6.11039
1.10026 -6.1106
1.10425 -6.11028
1.10825 -6.10997
1.11224 -6.11023
1.11624 -6.1105
1.12423 -6.11017
1.13222 -6.1105
1.13621 -6.11025
1.14021 -6.11
1.1482 -6.11015
1.15619 -6.11009
1.16418 -6.11046
1.17217 -6.11057
1.17617 -6.11025
1.18016 -6.10993
1.18815 -6.11007
1.19614 -6.11043
1.20014 -6.11016
1.20413 -6.10989
1.20813 -6.11018
1.21213 -6.11047
1.22012 -6.11036
1.22811 -6.11003
1.2361 -6.11023
1.24409 -6.11
1.25208 -6.11029
1.26007 -6.11026
1.26806 -6.11017
1.27605 -6.10996
1.28005 -6.11019
1.28404 -6.11041
1.28804 -6.11011
1.29203 -6.1098
1.29603 -6.11007
1.30002 -6.11035
1.30402 -6.11005
1.30801 -6.10975
1.31201 -6.10998
1.31601 -6.11021
1.324 -6.11016
1.33199 -6.11012
1.33998 -6.11013
1.34797 -6.11027
1.35596 -6.1103
1.36395 -6.11023
1.37194 -6.11031
1.37594 -6.11003
1.37993 -6.10975
1.38792 -6.11007
1.39591 -6.10985
1.4039 -6.11006
1.41189 -6.10966
1.41589 -6.10986
1.41988 -6.11006
1.42388 -6.10981
1.42787 -6.10956
1.43187 -6.10977
1.43587 -6.10998
1.44386 -6.1101
1.45185 -6.10977
1.45984 -6.10959
1.46383 -6.10978
1.46783 -6.10997
1.47582 -6.10992
1.48381 -6.10979
1.48781 -6.10998
1.4918 -6.11017
1.49979 -6.10982
1.50778 -6.10967
1.51577 -6.10994
1.52376 -6.10974
1.53175 -6.10949
1.53975 -6.10968
1.54774 -6.10978
1.55573 -6.11014
1.56372 -6.10991
1.57171 -6.10982
1.5757 -6.1096
1.5797 -6.10938
1.58769 -6.10972
1.59568 -6.11
1.60367 -6.1097
1.61166 -6.10955
1.61965 -6.10966
1.62764 -6.10956
1.63563 -6.1097
1.64362 -6.1099
1.65162 -6.10964
1.65961 -6.10951
1.6676 -6.10972
1.67559 -6.10973
1.67958 -6.10947
1.68358 -6.1092
1.68757 -6.1094
1.69157 -6.10959
1.69956 -6.10935
1.70755 -6.10926
1.71554 -6.10926
1.71954 -6.10958
1.72353 -6.10989
1.72753 -6.1096
1.73152 -6.10931
1.73951 -6.10932
1.7475 -6.10928
1.75549 -6.10945
1.76349 -6.10958
1.77148 -6.10964
1.77547 -6.10937
1.77947 -6.1091
1.78746 -6.10933
1.79545 -6.10914
1.79944 -6.10942
1.80344 -6.1097
1.81143 -6.10932
1.81942 -6.10909
1.82342 -6.10935
1.82741 -6.10961
1.8354 -6.10968
1.8394 -6.10948
1.84339 -6.10927
1.85138 -6.10896
1.85937 -6.1091
1.86337 -6.10937
1.86736 -6.10964
1.87136 -6.10938
1.87535 -6.10911
1.88335 -6.10938
1.89134 -6.10902
1.89933 -6.10934
1.90732 -6.10942
1.91131 -6.10917
1.91531 -6.10892
1.9233 -6.10889
1.92729 -6.10912
1.93129 -6.10936
1.93928 -6.10952
1.94328 -6.1093
1.94727 -6.10908
1.95526 -6.1092
1.96325 -6.10946
1.97124 -6.10938
1.97923 -6.10948
1.98323 -6.10914
1.98722 -6.1088
1.99522 -6.10902
1.99921 -6.10926
2.00321 -6.1095
2.0072 -6.10916
2.0112 -6.10882
2.01519 -6.10904
2.01919 -6.10926
2.02718 -6.1094
2.03111 -6.10918
2.03116 -6.10933
2.03086 -6.11011
2.03114 -6.11084
2.03167 -6.1115
2.03121 -6.11239
2.03184 -6.11299
2.03165 -6.11388
2.032 -6.11457
2.03267 -6.11507
2.03309 -6.11569
2.03318 -6.11656
2.03414 -6.11674
2.03464 -6.11728
2.0351 -6.11786
2.03899 -6.12184
2.04288 -6.12581
2.04338 -6.12635
2.044 -6.12674
2.04476 -6.12689
2.04549 -6.12703
2.04584 -6.12792
2.04672 -6.12766
2.04719 -6.12849
2.05331 -6.13038
2.05943 -6.13227
2.06555 -6.13416
2.07167 -6.13605
2.0724 -6.13615
2.07312 -6.13629
2.07379 -6.1367
2.07452 -6.13701
2.07527 -6.13652
2.07603 -6.13698
2.07673 -6.13655
2.07754 -6.13692
2.07813 -6.13617
2.07884 -6.136
2.08523 -6.13438
2.09163 -6.13275
2.09802 -6.13113
2.10442 -6.1295
2.11081 -6.12788
2.1115 -6.12752
2.1122 -6.12722
2.1127 -6.12655
2.1135 -6.12643
2.11404 -6.12589
2.11494 -6.12583
2.11952 -6.1221
2.12409 -6.11836
2.12441 -6.11761
2.12516 -6.11732
2.12568 -6.11678
2.1259 -6.11601
2.12681 -6.11573
2.12674 -6.11482
2.12705 -6.11416
2.1275 -6.11356
2.12788 -6.11291
2.12853 -6.11232
2.12798 -6.11142
2.12848 -6.11076
2.12873 -6.11004
2.12874 -6.10928
2.12832 -6.10855
2.12875 -6.10777
2.12853 -6.10705
2.12847 -6.10679
2.13071 -6.1061
2.13535 -6.10496
2.13978 -6.10319
2.14426 -6.10158
2.14872 -6.09987
2.15309 -6.09793
2.16015 -6.09431
2.16699 -6.09027
2.17414 -6.08682
2.18115 -6.0831
2.1884 -6.07983
2.19523 -6.07578
2.20232 -6.07221
2.20934 -6.06851
2.21633 -6.06476
2.22336 -6.06107
2.23057 -6.05773
2.23766 -6.05418
2.24456 -6.05024
2.2516 -6.04658
2.25864 -6.04293
2.26566 -6.03923
2.27291 -6.03598
2.2798 -6.03203
2.28684 -6.02835
2.29402 -6.02496
2.30104 -6.02128
2.30787 -6.0172
2.31503 -6.01378
2.32196 -6.0099
2.32916 -6.00656
2.33596 -6.00244
2.34334 -5.99943
2.35025 -5.99552
2.3574 -5.99207
2.36423 -5.988
2.37148 -5.98475
2.37826 -5.98058
2.38539 -5.97709
2.39237 -5.97331
2.39938 -5.9696
2.40674 -5.96656
2.41375 -5.96285
2.42077 -5.95914
2.42768 -5.95523
2.43481 -5.95175
2.44177 -5.94793
2.44879 -5.94424
2.45596 -5.94082
2.46305 -5.93726
2.46979 -5.93302
2.477 -5.92969
2.48387 -5.92569
2.49122 -5.92263
2.49797 -5.91841
2.50505 -5.91483
2.51216 -5.9113
2.51934 -5.90791
2.52634 -5.90417
2.53348 -5.90072
2.54041 -5.89684
2.54732 -5.89292
2.55428 -5.88912
2.56153 -5.88585
2.5687 -5.88245
2.57557 -5.87846
2.58275 -5.87507
2.58966 -5.87115
2.59683 -5.86774
2.60374 -5.86385
2.61077 -5.86015
2.61784 -5.85655
2.6249 -5.85292
2.632 -5.84938
2.63902 -5.8457
2.64586 -5.84163
2.6531 -5.83837
2.66004 -5.83451
2.66732 -5.83132
2.67437 -5.82767
2.68126 -5.82372
2.68837 -5.8202
2.69541 -5.81653
2.70218 -5.81239
2.70911 -5.80886
2.71546 -5.80441
2.72165 -5.79971
2.72747 -5.79425
2.73362 -5.78916
2.7397 -5.784
2.74592 -5.77899
2.75181 -5.77362
2.75785 -5.7684
2.76412 -5.76346
2.77006 -5.75813
2.77581 -5.75258
2.78221 -5.74779
2.78808 -5.74239
2.79434 -5.73742
2.80029 -5.73211
2.80311 -5.72928
2.80593 -5.72644
2.81221 -5.72151
2.81825 -5.7163
2.82455 -5.71139
2.83037 -5.70593
2.83647 -5.70078
2.84217 -5.69517
2.84824 -5.69
2.85149 -5.68766
2.85474 -5.68533
2.85753 -5.68245
2.86031 -5.67957
2.86355 -5.67722
2.8668 -5.67488
2.87263 -5.66943
2.87855 -5.66408
2.88492 -5.65925
2.8909 -5.65398
2.89371 -5.65112
2.89652 -5.64827
2.89978 -5.64595
2.90305 -5.64363
2.90587 -5.64079
2.90869 -5.63796
2.91494 -5.63299
2.92092 -5.62771
2.9269 -5.62244
2.93287 -5.61714
2.93884 -5.61185
2.945 -5.60678
2.95089 -5.60139
2.95723 -5.59653
2.96302 -5.59103
2.96944 -5.58626
2.97516 -5.58068
2.98115 -5.57541
2.98717 -5.57017
2.9932 -5.56496
2.99922 -5.55972
3.00526 -5.55451
3.01135 -5.54936
3.01747 -5.54425
3.02375 -5.53931
3.02959 -5.53387
3.03548 -5.52848
3.04163 -5.5234
3.04795 -5.51851
3.05404 -5.51336
3.05972 -5.50774
3.06601 -5.50282
3.07192 -5.49745
3.07792 -5.4922
3.08398 -5.48701
3.08995 -5.48172
3.09617 -5.47672
3.10219 -5.47148
3.10836 -5.46642
3.11422 -5.461
3.12043 -5.45599
3.1262 -5.45047
3.13233 -5.44537
3.13837 -5.44015
3.14433 -5.43485
3.15042 -5.4297
3.15634 -5.42435
3.16232 -5.41906
3.16838 -5.41388
3.17162 -5.41153
3.17485 -5.40917
3.17764 -5.40629
3.18042 -5.40341
3.18683 -5.39863
3.19297 -5.39354
3.19886 -5.38816
3.20506 -5.38313
3.20786 -5.38027
3.21066 -5.37741
3.217 -5.37254
3.22311 -5.36742
3.22882 -5.36183
3.23503 -5.35681
3.2409 -5.3514
3.24687 -5.34611
3.25009 -5.34374
3.25331 -5.34137
3.2594 -5.33621
3.26509 -5.3306
3.27136 -5.32565
3.27754 -5.32061
3.28348 -5.31528
3.2895 -5.31005
3.29518 -5.30442
3.30131 -5.29931
3.30742 -5.29418
3.31338 -5.28888
3.31954 -5.28381
3.32585 -5.27891
3.33166 -5.27343
3.33777 -5.2683
3.34388 -5.26318
3.34991 -5.25795
3.35593 -5.25272
3.36164 -5.24713
3.36805 -5.24235
3.37384 -5.23684
3.38019 -5.23199
3.38611 -5.22665
3.39227 -5.22157
3.39806 -5.21607
3.40424 -5.21103
3.41002 -5.20551
3.4164 -5.2007
3.42224 -5.19525
3.42826 -5.19003
3.43456 -5.18512
3.44034 -5.1796
3.44637 -5.17438
3.45251 -5.16928
3.45874 -5.1643
3.46442 -5.15867
3.47077 -5.15382
3.47686 -5.14866
3.47963 -5.14577
3.48241 -5.14289
3.48867 -5.13794
3.49484 -5.13287
3.50078 -5.12755
3.50438 -5.12417
3.5082 -5.12098
3.51125 -5.11708
3.5144 -5.11328
3.51668 -5.11052
3.51961 -5.10667
3.52208 -5.10252
3.52463 -5.09841
3.52664 -5.09403
3.52882 -5.08972
3.53057 -5.08524
3.53202 -5.08063
3.53383 -5.07615
3.53514 -5.0715
3.53631 -5.06679
3.53655 -5.06195
3.53707 -5.05717
3.53741 -5.05235
3.5375 -5.04753
3.53775 -5.03959
3.53737 -5.03165
3.53757 -5.02371
3.53735 -5.01577
3.53729 -5.00783
3.53701 -4.9999
3.53651 -4.99196
3.53668 -4.98402
3.5363 -4.97609
3.53648 -4.96814
3.53633 -4.9602
3.53622 -4.95227
3.53591 -4.94433
3.53573 -4.93639
3.53552 -4.92845
3.53549 -4.92051
3.53572 -4.91257
3.53592 -4.90463
3.53509 -4.8967
3.53537 -4.88875
3.53538 -4.88081
3.53492 -4.87288
3.53476 -4.86494
3.535 -4.857
3.53458 -4.84906
3.53463 -4.84112
3.53415 -4.83319
3.53451 -4.82524
3.53458 -4.8173
3.53429 -4.80937
3.53376 -4.80143
3.53397 -4.79349
3.53361 -4.78555
3.53386 -4.77761
3.53365 -4.76967
3.53331 -4.7656
3.53298 -4.76154
3.53241 -4.75751
3.53209 -4.75342
3.53083 -4.74952
3.5304 -4.74542
3.52896 -4.7416
3.52792 -4.73765
3.52677 -4.73374
3.52393 -4.7272
3.52052 -4.72095
3.51775 -4.71587
3.51548 -4.71053
3.51313 -4.70654
3.5108 -4.70252
3.50792 -4.69889
3.50525 -4.6951
3.50219 -4.69162
3.49919 -4.6881
3.49574 -4.685
3.49257 -4.6816
3.48632 -4.67662
3.48037 -4.67129
3.47432 -4.66607
3.47146 -4.66328
3.46859 -4.66049
3.46246 -4.65535
3.45635 -4.6502
3.45009 -4.64523
3.44725 -4.64241
3.44441 -4.63959
3.44124 -4.63715
3.43806 -4.63471
3.43528 -4.63183
3.43249 -4.62894
3.42638 -4.62379
3.42022 -4.6187
3.41424 -4.6134
3.41109 -4.61094
3.40793 -4.60849
3.40206 -4.60306
3.39599 -4.59786
3.39009 -4.59248
3.3838 -4.58753
3.37799 -4.58204
3.37191 -4.57686
3.36608 -4.57138
3.35998 -4.56623
3.35409 -4.56083
3.35092 -4.55838
3.34775 -4.55594
3.34164 -4.5508
3.33887 -4.54789
3.3361 -4.54499
3.33007 -4.53974
3.32388 -4.53469
3.31774 -4.52958
3.31169 -4.52436
3.30565 -4.51913
3.2997 -4.5138
3.2938 -4.50841
3.29064 -4.50595
3.28748 -4.50349
3.28466 -4.50066
3.28183 -4.49782
3.27572 -4.49267
3.27253 -4.49025
3.26934 -4.48783
3.26651 -4.485
3.26367 -4.48217
3.26048 -4.47975
3.25729 -4.47734
3.25447 -4.47449
3.25166 -4.47164
3.2454 -4.46666
3.23925 -4.46156
3.23344 -4.45607
3.22755 -4.45066
3.22439 -4.44821
3.22123 -4.44576
3.21541 -4.44027
3.20945 -4.43495
3.20338 -4.42975
3.19719 -4.4247
3.19114 -4.41948
3.18532 -4.414
3.17923 -4.40883
3.17305 -4.40376
3.16712 -4.3984
3.1613 -4.39291
3.15501 -4.38797
3.14886 -4.38287
3.14299 -4.37745
3.14013 -4.37466
3.13726 -4.37186
3.13119 -4.36666
3.12798 -4.36428
3.12476 -4.36189
3.11879 -4.35658
3.11596 -4.35375
3.11313 -4.35091
3.10704 -4.34574
3.10117 -4.34031
3.09511 -4.33511
3.09186 -4.33275
3.08862 -4.3304
3.08575 -4.32761
3.08288 -4.32482
3.07659 -4.31988
3.0738 -4.317
3.071 -4.31413
3.0648 -4.30909
3.05858 -4.30406
3.05574 -4.30124
3.05291 -4.29841
3.04671 -4.29337
3.04076 -4.28803
3.03457 -4.28297
3.02875 -4.27749
3.02285 -4.2721
3.01961 -4.26973
3.01638 -4.26737
3.01052 -4.26193
3.0045 -4.25668
2.9986 -4.25128
2.99543 -4.24885
2.99225 -4.24641
2.98628 -4.2411
2.98023 -4.23589
2.97416 -4.23069
2.96823 -4.22533
2.96539 -4.22251
2.96256 -4.21969
2.95938 -4.21725
2.9562 -4.21482
2.95025 -4.20949
2.94419 -4.20428
2.93821 -4.19897
2.93224 -4.19367
2.92645 -4.18816
2.92043 -4.18291
2.91718 -4.18055
2.91393 -4.1782
2.91111 -4.17536
2.90829 -4.17251
2.90225 -4.16728
2.89622 -4.16205
2.89026 -4.15672
2.88419 -4.15153
2.87828 -4.14615
2.87219 -4.14097
2.86603 -4.13588
2.86005 -4.13059
2.85416 -4.12518
2.84788 -4.12023
2.84207 -4.11473
2.83592 -4.10964
2.82974 -4.10457
2.82376 -4.09926
2.81797 -4.09375
2.81187 -4.08859
2.80581 -4.08338
2.79966 -4.07828
2.79347 -4.07322
2.78758 -4.06782
2.78171 -4.0624
2.77562 -4.05722
2.76949 -4.05209
2.76352 -4.04679
2.75771 -4.04129
2.75161 -4.03613
2.74569 -4.03076
2.74245 -4.0284
2.73921 -4.02604
2.73634 -4.02326
2.73347 -4.02047
2.72747 -4.01519
2.72142 -4.00997
2.71534 -4.00479
2.70932 -3.99954
2.7034 -3.99417
2.70021 -3.99175
2.69703 -3.98932
2.69416 -3.98653
2.6913 -3.98373
2.68815 -3.98127
2.685 -3.97881
2.67923 -3.97326
2.67335 -3.96785
2.66716 -3.96279
2.66132 -3.95733
2.65507 -3.95235
2.64908 -3.94705
2.64303 -3.94184
2.63687 -3.93675
2.63085 -3.93149
2.62488 -3.92619
2.62201 -3.9234
2.61914 -3.92062
2.61299 -3.91551
2.60671 -3.91056
2.60088 -3.90508
2.59472 -3.89999
2.58861 -3.89484
2.58277 -3.88939
2.57693 -3.88392
2.57086 -3.87873
2.56472 -3.87361
2.55881 -3.86824
2.55564 -3.86579
2.55248 -3.86334
2.54665 -3.85787
2.54056 -3.8527
2.53477 -3.84719
2.52872 -3.84197
2.5227 -3.83671
2.5195 -3.8343
2.5163 -3.8319
2.51032 -3.8266
2.5075 -3.82375
2.50469 -3.8209
2.50148 -3.8185
2.49827 -3.8161
2.49546 -3.81324
2.49266 -3.81038
2.48663 -3.80514
2.48047 -3.80004
2.47438 -3.79487
2.46849 -3.78947
2.46534 -3.78701
2.46219 -3.78454
2.45625 -3.7792
2.4504 -3.77375
2.44725 -3.77128
2.4441 -3.76882
2.43822 -3.76341
2.43214 -3.75822
2.42623 -3.75284
2.42 -3.74783
2.41424 -3.74228
2.40837 -3.73686
2.40518 -3.73443
2.402 -3.73201
2.39594 -3.7268
2.39001 -3.72144
2.38377 -3.71645
2.37776 -3.71118
2.3749 -3.70838
2.37204 -3.70559
2.36611 -3.70022
2.36016 -3.69489
2.35406 -3.68973
2.34777 -3.68479
2.34199 -3.67926
2.33587 -3.67412
2.32965 -3.6691
2.32681 -3.66628
2.32397 -3.66346
2.32077 -3.66105
2.31757 -3.65864
2.31171 -3.65321
2.30579 -3.64784
2.29953 -3.64287
2.29373 -3.63736
2.28761 -3.63222
2.28182 -3.6267
2.27559 -3.62169
2.26955 -3.61646
2.26371 -3.611
2.25746 -3.60601
2.25133 -3.60089
2.24848 -3.59808
2.24564 -3.59526
2.24242 -3.59287
2.2392 -3.59048
2.23638 -3.58764
2.23356 -3.5848
2.22746 -3.57964
2.2216 -3.57421
2.21531 -3.56926
2.20944 -3.56384
2.20324 -3.55879
2.20039 -3.55599
2.19753 -3.55319
2.19137 -3.54809
2.1851 -3.54312
2.17918 -3.53775
2.17331 -3.53234
2.16719 -3.5272
2.16403 -3.52474
2.16087 -3.52229
2.15801 -3.51949
2.15516 -3.51668
2.14903 -3.51155
2.14291 -3.50642
2.13678 -3.50129
2.1308 -3.49599
2.12488 -3.49063
2.12204 -3.4878
2.11921 -3.48497
2.11606 -3.4825
2.11291 -3.48004
2.10686 -3.47482
2.10109 -3.46928
2.09491 -3.46421
2.08863 -3.45925
2.08272 -3.45387
2.0768 -3.44852
2.07062 -3.44345
2.06456 -3.43823
2.06174 -3.43539
2.05891 -3.43255
2.05571 -3.43015
2.05251 -3.42774
2.04654 -3.42243
2.04051 -3.41719
2.03445 -3.41199
2.02859 -3.40655
2.02237 -3.40152
2.01647 -3.39614
2.01063 -3.39068
2.00747 -3.38822
2.00431 -3.38577
1.99839 -3.3804
1.99261 -3.37487
1.98642 -3.36982
1.98058 -3.36435
1.97446 -3.35922
1.96837 -3.35405
1.9624 -3.34874
1.95925 -3.34627
1.9561 -3.34381
1.95002 -3.33862
1.94423 -3.33311
1.938 -3.32809
1.93197 -3.32286
1.92595 -3.3176
1.92308 -3.31482
1.92021 -3.31203
1.91431 -3.30663
1.90834 -3.30133
1.90511 -3.29895
1.90188 -3.29658
1.8961 -3.29105
1.89016 -3.28571
1.88403 -3.28058
1.87822 -3.27508
1.87497 -3.27274
1.87172 -3.27039
1.86895 -3.26749
1.86618 -3.26458
1.86298 -3.26217
1.85978 -3.25977
1.85378 -3.25449
1.84785 -3.24914
1.84171 -3.24402
1.83888 -3.24118
1.83606 -3.23835
1.83 -3.23314
1.82683 -3.23069
1.82367 -3.22824
1.8208 -3.22546
1.81793 -3.22267
1.81475 -3.22024
1.81157 -3.2178
1.80568 -3.2124
1.79956 -3.20727
1.79355 -3.202
1.78776 -3.19648
1.78461 -3.19402
1.78145 -3.19156
1.7754 -3.18634
1.76958 -3.18087
1.76355 -3.17563
1.75735 -3.17059
1.75141 -3.16524
1.7455 -3.15986
1.73938 -3.15472
1.73335 -3.14948
1.72725 -3.14432
1.72124 -3.13906
1.71516 -3.13387
1.70904 -3.12874
1.70621 -3.1259
1.70339 -3.12306
1.70019 -3.12064
1.697 -3.11823
1.69113 -3.1128
1.68516 -3.10749
1.67925 -3.10212
1.67315 -3.09695
1.66731 -3.09149
1.66128 -3.08625
1.65807 -3.08386
1.65486 -3.08146
1.64891 -3.07612
1.64289 -3.07087
1.63697 -3.06551
1.63113 -3.06005
1.62797 -3.0576
1.6248 -3.05515
1.62197 -3.05232
1.61914 -3.04948
1.61287 -3.04452
1.60682 -3.0393
1.60083 -3.03401
1.59469 -3.0289
1.5886 -3.02372
1.58577 -3.0209
1.58293 -3.01808
1.57974 -3.01566
1.57654 -3.01324
1.5737 -3.01043
1.57085 -3.00762
1.56456 -3.00267
1.55873 -2.9972
1.5526 -2.99208
1.54975 -2.98927
1.54689 -2.98647
1.54068 -2.98143
1.53441 -2.97647
1.52832 -2.9713
1.52547 -2.96849
1.52262 -2.96568
1.51945 -2.96323
1.51628 -2.96079
1.51345 -2.95796
1.51062 -2.95513
1.50465 -2.94982
1.49837 -2.94486
1.49223 -2.93974
1.48633 -2.93436
1.48036 -2.92904
1.4746 -2.9235
1.46854 -2.91829
1.46536 -2.91586
1.46217 -2.91344
1.45623 -2.9081
1.45037 -2.90266
1.44438 -2.89738
1.43819 -2.89232
1.43227 -2.88695
1.42629 -2.88165
1.42308 -2.87925
1.41987 -2.87685
1.41399 -2.87144
1.40788 -2.86629
1.40188 -2.86102
1.39605 -2.85555
1.38989 -2.85045
1.38399 -2.84507
1.37792 -2.83987
1.37185 -2.83468
1.36576 -2.8295
1.36289 -2.82672
1.36002 -2.82393
1.35396 -2.81872
1.34805 -2.81334
1.34202 -2.8081
1.33602 -2.80283
1.32975 -2.79786
1.32395 -2.79236
1.32079 -2.7899
1.31763 -2.78744
1.31182 -2.78195
1.30569 -2.77683
1.29965 -2.7716
1.29371 -2.76626
1.28765 -2.76105
1.28137 -2.7561
1.27542 -2.75076
1.27259 -2.74793
1.26976 -2.7451
1.26364 -2.73996
1.25743 -2.73492
1.25135 -2.72974
1.24518 -2.72466
1.23918 -2.71939
1.23636 -2.71654
1.23354 -2.7137
1.22725 -2.70876
1.2244 -2.70594
1.22155 -2.70313
1.21836 -2.70072
1.21516 -2.6983
1.20911 -2.69309
1.20326 -2.68764
1.1974 -2.6822
1.19142 -2.6769
1.18519 -2.67189
1.17932 -2.66647
1.17336 -2.66115
1.17019 -2.65871
1.16702 -2.65627
1.1609 -2.65113
1.1549 -2.64585
1.15204 -2.64305
1.14918 -2.64025
1.14291 -2.63529
1.14004 -2.6325
1.13718 -2.62971
1.1312 -2.62441
1.12502 -2.61934
1.11883 -2.61429
1.11278 -2.60906
1.1069 -2.60365
1.10087 -2.59841
1.09492 -2.59308
1.08872 -2.58803
1.08258 -2.58291
1.07974 -2.58009
1.0769 -2.57727
1.07084 -2.57207
1.06478 -2.56686
1.06163 -2.56439
1.05847 -2.56193
1.05246 -2.55667
1.0467 -2.55113
1.04077 -2.54576
1.0376 -2.54332
1.03443 -2.54088
1.02862 -2.53539
1.02258 -2.53016
1.01667 -2.52478
1.01038 -2.51984
1.00448 -2.51445
0.9982 -2.50949
0.992148 -2.50428
0.989359 -2.5014
0.98657 -2.49852
0.98056 -2.49325
0.977371 -2.49084
0.974181 -2.48842
0.968136 -2.48319
0.962362 -2.47766
0.95624 -2.47252
0.950236 -2.46725
0.944183 -2.46204
0.938018 -2.45695
0.932243 -2.45142
0.92609 -2.44632
0.920271 -2.44083
0.914256 -2.43557
0.908287 -2.43026
0.905033 -2.42792
0.901779 -2.42557
0.896004 -2.42004
0.890233 -2.4145
0.88412 -2.40935
0.877976 -2.40424
0.871864 -2.3991
0.865662 -2.39405
0.859625 -2.38882
0.853669 -2.38349
0.847576 -2.37833
0.844708 -2.37554
0.84184 -2.37275
0.835545 -2.36781
0.832677 -2.36502
0.829808 -2.36223
0.823765 -2.35701
0.817848 -2.35164
0.811802 -2.34641
0.808639 -2.34396
0.805476 -2.34151
0.802642 -2.33868
0.799808 -2.33586
0.793636 -2.33078
0.78768 -2.32545
0.781465 -2.32042
0.775707 -2.31487
0.769686 -2.30962
0.763498 -2.30456
0.757326 -2.29948
0.751519 -2.29399
0.745382 -2.28887
0.739308 -2.28368
0.733262 -2.27845
0.72742 -2.273
0.721253 -2.26791
0.715222 -2.26267
0.709269 -2.25734
0.703193 -2.25216
0.697051 -2.24704
0.691136 -2.24167
0.685086 -2.23645
0.679065 -2.2312
0.676217 -2.22839
0.673368 -2.22558
0.667217 -2.22048
0.661007 -2.21544
0.655021 -2.21015
0.648882 -2.20503
0.643091 -2.19952
0.637179 -2.19414
0.633991 -2.19172
0.630803 -2.1893
0.624713 -2.18413
0.622707 -2.18193
0.616649 -2.17675
0.610353 -2.17187
0.604423 -2.16653
0.601101 -2.1643
0.597779 -2.16207
0.591936 -2.15663
0.585676 -2.1517
0.579479 -2.1467
0.573414 -2.14153
0.567475 -2.13621
0.561261 -2.13122
0.555096 -2.12618
0.548937 -2.12112
0.542837 -2.116
0.536257 -2.11146
0.530158 -2.10633
0.524349 -2.10085
0.518005 -2.09602
0.512034 -2.09074
0.505421 -2.08624
0.499601 -2.08077
0.493331 -2.07586
0.487141 -2.07084
0.481061 -2.06569
0.474642 -2.06095
0.468459 -2.05593
0.462696 -2.05039
0.456369 -2.04554
0.450237 -2.04046
0.443887 -2.03564
0.437703 -2.03062
0.431931 -2.02509
0.425575 -2.02028
0.419656 -2.01493
0.413111 -2.01035
0.407019 -2.00521
0.400761 -2.00028
0.394874 -1.9949
0.388688 -1.98988
0.382295 -1.98511
0.376257 -1.97991
0.370357 -1.97454
0.363974 -1.96976
0.357567 -1.96501
0.351832 -1.95944
0.345551 -1.95453
0.339379 -1.94949
0.333399 -1.94422
0.327213 -1.9392
0.32092 -1.93431
0.314806 -1.9292
0.308782 -1.92399
0.302619 -1.91894
0.296455 -1.91389
0.289917 -1.9093
0.283793 -1.9042
0.277923 -1.8988
0.271349 -1.89425
0.265616 -1.88868
0.259462 -1.88362
0.253167 -1.87873
0.246932 -1.87377
0.240947 -1.8685
0.234538 -1.86375
0.228618 -1.85841
0.222307 -1.85354
0.216324 -1.84827
0.210094 -1.84331
0.204085 -1.83807
0.19783 -1.83314
0.191692 -1.82806
0.185112 -1.82352
0.179173 -1.81819
0.173244 -1.81286
0.166695 -1.80828
0.160705 -1.80302
0.15447 -1.79806
0.14863 -1.79262
0.142032 -1.7881
0.136231 -1.78261
0.13006 -1.77757
0.123994 -1.77241
0.117813 -1.76738
0.111393 -1.76264
0.105278 -1.75754
0.0991336 -1.75247
0.0931147 -1.74724
0.0867607 -1.74243
0.0806592 -1.7373
0.0743758 -1.7324
0.068149 -1.72743
0.06235 -1.72194
0.0562018 -1.71687
0.0498519 -1.71205
0.0435092 -1.70722
0.0377599 -1.70167
0.0314681 -1.69678
0.0252385 -1.69181
0.0189811 -1.68688
0.012969 -1.68165
0.00696579 -1.6764
0.000495801 -1.67173
-0.00540421 -1.66636
-0.0117596 -1.66155
-0.0178601 -1.65642
-0.02398 -1.65132
-0.0300169 -1.64612
-0.0364604 -1.64142
-0.0401548 -1.63817
-0.0441001 -1.6352
-0.048383 -1.63281
-0.0525711 -1.63021
-0.0571061 -1.62832
-0.0614468 -1.62596
-0.0662656 -1.62487
-0.0708721 -1.62329
-0.075504 -1.62159
-0.0803352 -1.62079
-0.0851043 -1.61951
-0.0899845 -1.61872
-0.0949087 -1.61898
-0.0998023 -1.61852
-0.107085 -1.61847
-0.114368 -1.61871
-0.121651 -1.61881
-0.128934 -1.61873
-0.136217 -1.61833
-0.143499 -1.61835
-0.150799 -1.61829
-0.155752 -1.61894
-0.160727 -1.61913
-0.16569 -1.61961
-0.170667 -1.62024
-0.175465 -1.62158
-0.180337 -1.62275
-0.184977 -1.62456
-0.189438 -1.62677
-0.193912 -1.62895
-0.198641 -1.63064
-0.203004 -1.63305
-0.20711 -1.6359
-0.210938 -1.63909
-0.214876 -1.64212
-0.220897 -1.64734
-0.224048 -1.64978
-0.224532 -1.64948
-0.224816 -1.64869
-0.225236 -1.64799
-0.226273 -1.64814
-0.226662 -1.64737
-0.227508 -1.64737
-0.227865 -1.64636
-0.22865 -1.64625
-0.229495 -1.64644
-0.230201 -1.64624
-0.230826 -1.64552
-0.23164 -1.64598
-0.23235 -1.64546
-0.23786 -1.64517
-0.243371 -1.64488
-0.244095 -1.64503
-0.24481 -1.64511
-0.24555 -1.64499
-0.246355 -1.6447
-0.247078 -1.6449
-0.247703 -1.64538
-0.248377 -1.64566
-0.253974 -1.64789
-0.259571 -1.65011
-0.265168 -1.65234
-0.270765 -1.65456
-0.271357 -1.65504
-0.272118 -1.65517
-0.272959 -1.65525
-0.273628 -1.65563
-0.274255 -1.65607
-0.274404 -1.65702
-0.275304 -1.65719
-0.275641 -1.6579
-0.275861 -1.65867
-0.28001 -1.66408
-0.284159 -1.66949
-0.288307 -1.67491
-0.292456 -1.68032
-0.296605 -1.68573
-0.296849 -1.68635
-0.297189 -1.68689
-0.298202 -1.68712
-0.297833 -1.68803
-0.300328 -1.69326
-0.302823 -1.6985
-0.305318 -1.70374
-0.305354 -1.70453
-0.306 -1.70512
-0.305829 -1.70594
-0.306116 -1.70665
-0.305816 -1.70743
-0.30599 -1.70815
-0.306224 -1.7089
-0.306503 -1.70968
-0.306443 -1.71045
-0.306284 -1.7112
-0.305611 -1.7118
-0.305775 -1.71265
-0.305144 -1.7132
-0.30492 -1.71391
-0.304638 -1.71461
-0.303972 -1.71506
-0.30352 -1.71562
-0.303355 -1.71624
-0.306448 -1.71889
-0.312598 -1.72395
-0.318759 -1.729
-0.325118 -1.73382
-0.331164 -1.739
-0.337066 -1.74436
-0.343342 -1.74928
-0.349437 -1.75441
-0.355627 -1.75942
-0.361531 -1.76478
-0.367468 -1.7701
-0.373633 -1.77514
-0.380041 -1.7799
-0.386084 -1.78509
-0.392121 -1.79029
-0.398089 -1.79557
-0.404121 -1.80078
-0.410465 -1.80561
-0.416448 -1.81087
-0.422623 -1.8159
-0.428507 -1.82129
-0.43505 -1.82588
-0.440777 -1.83145
-0.447008 -1.83642
-0.453316 -1.84129
-0.459233 -1.84663
-0.465588 -1.85145
-0.468398 -1.8543
-0.471209 -1.85715
-0.477724 -1.86178
-0.483798 -1.86693
-0.48978 -1.87219
-0.496014 -1.87716
-0.501988 -1.88243
-0.508227 -1.88739
-0.51427 -1.89258
-0.520527 -1.89752
-0.526667 -1.90259
-0.529472 -1.90545
-0.532277 -1.9083
-0.538822 -1.91289
-0.544574 -1.91843
-0.551018 -1.92314
-0.556827 -1.92861
-0.56296 -1.9337
-0.569173 -1.93869
-0.575396 -1.94366
-0.581546 -1.94873
-0.587396 -1.95415
-0.593472 -1.9593
-0.599908 -1.96402
-0.605631 -1.9696
-0.612117 -1.97426
-0.617956 -1.97969
-0.623873 -1.98504
-0.629991 -1.99014
-0.6362 -1.99513
-0.64238 -2.00016
-0.648354 -2.00543
-0.654433 -2.01058
-0.660577 -2.01565
-0.666863 -2.02056
-0.672739 -2.02595
-0.675695 -2.02829
-0.675736 -2.02802
-0.676435 -2.02765
-0.676754 -2.0269
-0.677423 -2.02653
-0.677906 -2.02593
-0.678806 -2.02594
-0.679483 -2.02568
-0.680012 -2.02513
-0.680738 -2.02499
-0.681316 -2.02446
-0.681993 -2.02415
-0.68278 -2.02434
-0.683457 -2.02401
-0.684176 -2.02389
-0.6849 -2.0235
-0.685643 -2.0236
-0.686364 -2.02386
-0.691191 -2.02413
-0.696018 -2.02441
-0.696689 -2.02472
-0.69733 -2.02506
-0.698119 -2.02482
-0.69873 -2.02523
-0.699337 -2.02559
-0.700057 -2.02569
-0.700643 -2.02608
-0.701462 -2.0261
-0.706667 -2.02934
-0.711873 -2.03258
-0.717078 -2.03581
-0.722284 -2.03905
-0.728976 -2.043
-0.72901 -2.04388
-0.729747 -2.04379
-0.730155 -2.04414
-0.736039 -2.04941
-0.73648 -2.05001
-0.737051 -2.05048
-0.737967 -2.0507
-0.738186 -2.05148
-0.738216 -2.05234
-0.741815 -2.0581
-0.745414 -2.06386
-0.749013 -2.06962
-0.752612 -2.07538
-0.756211 -2.08115
-0.756728 -2.08171
-0.757132 -2.08234
-0.757739 -2.08293
-0.757354 -2.08382
-0.758159 -2.08441
-0.758093 -2.08519
-0.75779 -2.08596
-0.757968 -2.08669
-0.758167 -2.08744
-0.758016 -2.08818
-0.758272 -2.08898
-0.757855 -2.08966
-0.757578 -2.09035
-0.757147 -2.09098
-0.757366 -2.09188
-0.756851 -2.09246
-0.756838 -2.09333
-0.755947 -2.09364
-0.755943 -2.09457
-0.755658 -2.09488
-0.758323 -2.09745
-0.764613 -2.10235
-0.770518 -2.10771
-0.776844 -2.11256
-0.783063 -2.11754
-0.788837 -2.12305
-0.795011 -2.12809
-0.801137 -2.13318
-0.807514 -2.13798
-0.813174 -2.14362
-0.819635 -2.14832
-0.825538 -2.15368
-0.83152 -2.15894
-0.837656 -2.16402
-0.843997 -2.16886
-0.85021 -2.17384
-0.856188 -2.17911
-0.862341 -2.18417
-0.868351 -2.1894
-0.874674 -2.19426
-0.880835 -2.19932
-0.883085 -2.20196
-0.889151 -2.20716
-0.895255 -2.21232
-0.901168 -2.21769
-0.907016 -2.22313
-0.912736 -2.22871
-0.918626 -2.2341
-0.924687 -2.23931
-0.930806 -2.24445
-0.936442 -2.25012
-0.942564 -2.25526
-0.948582 -2.26051
-0.95472 -2.26563
-0.957477 -2.26853
-0.960234 -2.27144
-0.966354 -2.27658
-0.972108 -2.28212
-0.978091 -2.28741
-0.984126 -2.29265
-0.990101 -2.29795
-0.995964 -2.30337
-1.00186 -2.30876
-1.00503 -2.3112
-1.0082 -2.31365
-1.01384 -2.31932
-1.0199 -2.32452
-1.02601 -2.32968
-1.02873 -2.33262
-1.03145 -2.33557
-1.03465 -2.33798
-1.03785 -2.3404
-1.04374 -2.34579
-1.04937 -2.35147
-1.05545 -2.35666
-1.06127 -2.36213
-1.06727 -2.36739
-1.07336 -2.37257
-1.07949 -2.37769
-1.08546 -2.38301
-1.08826 -2.38586
-1.09107 -2.38871
-1.0942 -2.3912
-1.09733 -2.39369
-1.10014 -2.39654
-1.10294 -2.39939
-1.10898 -2.40462
-1.11501 -2.40986
-1.12093 -2.41522
-1.12673 -2.42071
-1.13274 -2.42598
-1.13857 -2.43144
-1.14446 -2.43683
-1.15065 -2.44188
-1.15642 -2.44742
-1.1622 -2.45293
-1.16536 -2.45539
-1.16852 -2.45784
-1.17415 -2.46353
-1.17732 -2.46598
-1.18048 -2.46843
-1.18612 -2.47411
-1.19197 -2.47954
-1.19511 -2.48202
-1.19825 -2.4845
-1.20402 -2.49003
-1.20986 -2.49548
-1.21577 -2.50085
-1.22185 -2.50604
-1.22792 -2.51124
-1.23073 -2.51408
-1.23354 -2.51692
-1.23954 -2.5222
-1.24558 -2.52742
-1.2518 -2.53245
-1.25768 -2.53786
-1.26049 -2.5407
-1.2633 -2.54355
-1.26645 -2.54602
-1.26959 -2.5485
-1.27236 -2.55139
-1.27512 -2.55429
-1.28108 -2.5596
-1.28422 -2.56209
-1.28735 -2.56458
-1.29314 -2.57009
-1.29909 -2.57541
-1.30521 -2.58055
-1.30797 -2.58345
-1.31074 -2.58635
-1.31387 -2.58884
-1.317 -2.59133
-1.32296 -2.59664
-1.32875 -2.60214
-1.33475 -2.60742
-1.34049 -2.61298
-1.34656 -2.61817
-1.35257 -2.62343
-1.35839 -2.6289
-1.36436 -2.63421
-1.37053 -2.6393
-1.3765 -2.6446
-1.38248 -2.64989
-1.38524 -2.65279
-1.388 -2.6557
-1.39116 -2.65815
-1.39433 -2.6606
-1.40013 -2.6661
-1.40587 -2.67166
-1.412 -2.67679
-1.41812 -2.68192
-1.42382 -2.68752
-1.42996 -2.69264
-1.43566 -2.69825
-1.44158 -2.7036
-1.44757 -2.70889
-1.45361 -2.71412
-1.45948 -2.71953
-1.46548 -2.7248
-1.4713 -2.73027
-1.47745 -2.73538
-1.48309 -2.74106
-1.48927 -2.74612
-1.49528 -2.75139
-1.50115 -2.75679
-1.50728 -2.76192
-1.5131 -2.7674
-1.51884 -2.77295
-1.5249 -2.77817
-1.53084 -2.78351
-1.53664 -2.78899
-1.54259 -2.79432
-1.54574 -2.79679
-1.54889 -2.79926
-1.55484 -2.80459
-1.56062 -2.81011
-1.56651 -2.81549
-1.5722 -2.82111
-1.57536 -2.82357
-1.57852 -2.82603
-1.58432 -2.83153
-1.59047 -2.83663
-1.59611 -2.8423
-1.60206 -2.84763
-1.60788 -2.8531
-1.61389 -2.85836
-1.61993 -2.86358
-1.6257 -2.86911
-1.62884 -2.87159
-1.63199 -2.87407
-1.638 -2.87932
-1.64388 -2.88472
-1.64668 -2.88759
-1.64947 -2.89045
-1.65553 -2.89566
-1.66178 -2.90065
-1.66753 -2.9062
-1.6735 -2.91151
-1.67943 -2.91685
-1.68544 -2.92211
-1.69116 -2.9277
-1.69737 -2.93273
-1.70326 -2.93813
-1.70918 -2.9435
-1.71521 -2.94873
-1.72095 -2.95429
-1.72716 -2.95932
-1.73294 -2.96485
-1.73892 -2.97014
-1.74501 -2.97531
-1.74772 -2.97826
-1.75044 -2.98122
-1.75663 -2.98628
-1.76231 -2.9919
-1.76848 -2.99698
-1.7745 -3.00223
-1.78035 -3.00767
-1.7865 -3.01278
-1.79245 -3.0181
-1.79523 -3.02098
-1.79801 -3.02387
-1.80121 -3.02628
-1.80441 -3.02869
-1.81008 -3.03433
-1.81623 -3.03944
-1.82207 -3.04488
-1.82789 -3.05035
-1.83404 -3.05546
-1.84005 -3.06072
-1.84599 -3.06606
-1.84876 -3.06895
-1.85153 -3.07184
-1.85757 -3.07707
-1.86338 -3.08255
-1.8695 -3.08769
-1.87524 -3.09325
-1.88116 -3.09861
-1.88434 -3.10105
-1.88752 -3.10348
-1.89319 -3.10912
-1.89943 -3.11412
-1.90222 -3.11699
-1.90501 -3.11986
-1.91086 -3.1253
-1.91711 -3.13029
-1.92319 -3.13548
-1.92597 -3.13835
-1.92876 -3.14123
-1.93489 -3.14635
-1.94104 -3.15146
-1.94378 -3.15439
-1.94652 -3.15731
-1.9497 -3.15974
-1.95289 -3.16217
-1.95566 -3.16506
-1.95843 -3.16795
-1.96445 -3.1732
-1.97067 -3.17823
-1.97639 -3.18382
-1.98236 -3.18912
-1.98834 -3.19441
-1.99432 -3.1997
-2.00051 -3.20477
-2.00625 -3.21033
-2.01231 -3.21553
-2.01796 -3.22119
-2.02419 -3.22621
-2.0302 -3.23146
-2.03604 -3.23692
-2.03883 -3.23978
-2.04162 -3.24265
-2.04477 -3.24512
-2.04793 -3.24758
-2.05372 -3.25309
-2.05974 -3.25833
-2.06584 -3.26349
-2.06863 -3.26636
-2.07142 -3.26923
-2.07744 -3.27449
-2.08318 -3.28004
-2.08918 -3.28531
-2.09509 -3.29069
-2.09827 -3.29312
-2.10146 -3.29554
-2.10735 -3.30094
-2.11319 -3.30639
-2.11901 -3.31186
-2.12489 -3.31727
-2.13102 -3.32239
-2.13707 -3.32761
-2.14302 -3.33293
-2.14888 -3.33837
-2.15491 -3.3436
-2.16071 -3.3491
-2.16644 -3.35467
-2.17257 -3.35979
-2.17847 -3.36517
-2.1843 -3.37063
-2.19026 -3.37596
-2.19341 -3.37842
-2.19657 -3.38088
-2.20229 -3.38647
-2.20844 -3.39157
-2.21117 -3.3945
-2.21391 -3.39743
-2.21996 -3.40264
-2.22591 -3.40798
-2.23188 -3.41328
-2.23808 -3.41832
-2.24372 -3.424
-2.24688 -3.42645
-2.25005 -3.4289
-2.25584 -3.43441
-2.26171 -3.43982
-2.26762 -3.4452
-2.27378 -3.45028
-2.27964 -3.45571
-2.28533 -3.46133
-2.2885 -3.46378
-2.29166 -3.46623
-2.29755 -3.47162
-2.30342 -3.47704
-2.30943 -3.4823
-2.31515 -3.48788
-2.32102 -3.4933
-2.32681 -3.49881
-2.33279 -3.50411
-2.33881 -3.50935
-2.34486 -3.51456
-2.35092 -3.51977
-2.35676 -3.52522
-2.36248 -3.5308
-2.36566 -3.53324
-2.36883 -3.53569
-2.37164 -3.53854
-2.37444 -3.54139
-2.38051 -3.54659
-2.38666 -3.55169
-2.39266 -3.55696
-2.39861 -3.56229
-2.40431 -3.56789
-2.41024 -3.57324
-2.41626 -3.57849
-2.42211 -3.58393
-2.42818 -3.58912
-2.43417 -3.59441
-2.43694 -3.5973
-2.43971 -3.60019
-2.44563 -3.60555
-2.45177 -3.61067
-2.45802 -3.61566
-2.46082 -3.61851
-2.46363 -3.62137
-2.46947 -3.62682
-2.47553 -3.63202
-2.48155 -3.63727
-2.48768 -3.64239
-2.49362 -3.64774
-2.49929 -3.65337
-2.50243 -3.65586
-2.50556 -3.65834
-2.51136 -3.66384
-2.51731 -3.66916
-2.52306 -3.67472
-2.52916 -3.67987
-2.53525 -3.68505
-2.54121 -3.69036
-2.54684 -3.69604
-2.55267 -3.7015
-2.55862 -3.70683
-2.56448 -3.71226
-2.57048 -3.71753
-2.5765 -3.72279
-2.58247 -3.72809
-2.58831 -3.73353
-2.5944 -3.73871
-2.60045 -3.74392
-2.60652 -3.74911
-2.60929 -3.75201
-2.61205 -3.75491
-2.61815 -3.76007
-2.6243 -3.76517
-2.63023 -3.77052
-2.63595 -3.7761
-2.64212 -3.78119
-2.64491 -3.78406
-2.6477 -3.78693
-2.65085 -3.7894
-2.654 -3.79186
-2.65677 -3.79476
-2.65954 -3.79765
-2.66274 -3.80006
-2.66594 -3.80248
-2.6718 -3.8079
-2.67788 -3.81308
-2.68361 -3.81866
-2.68938 -3.82418
-2.69563 -3.82917
-2.69843 -3.83204
-2.70123 -3.8349
-2.70723 -3.84017
-2.71338 -3.84527
-2.71936 -3.85057
-2.72509 -3.85613
-2.73109 -3.8614
-2.73716 -3.8666
-2.73997 -3.86944
-2.74279 -3.87229
-2.74884 -3.8775
-2.75466 -3.88298
-2.76067 -3.88823
-2.76655 -3.89364
-2.76972 -3.89609
-2.77288 -3.89854
-2.77565 -3.90143
-2.77843 -3.90432
-2.78441 -3.90961
-2.78755 -3.91208
-2.79069 -3.91456
-2.7966 -3.91994
-2.80229 -3.92556
-2.80828 -3.93084
-2.81418 -3.93622
-2.82016 -3.94152
-2.82638 -3.94653
-2.83228 -3.95192
-2.83824 -3.95724
-2.84414 -3.96262
-2.8499 -3.96816
-2.85593 -3.9734
-2.86181 -3.9788
-2.8679 -3.98397
-2.87364 -3.98953
-2.8794 -3.99507
-2.88262 -3.99746
-2.88584 -3.99986
-2.8917 -4.00528
-2.89752 -4.01075
-2.90335 -4.01621
-2.90922 -4.02163
-2.91543 -4.02667
-2.92132 -4.03206
-2.92736 -4.03729
-2.93017 -4.04013
-2.93298 -4.04298
-2.93889 -4.04835
-2.9449 -4.05362
-2.9507 -4.05911
-2.95691 -4.06414
-2.96301 -4.06931
-2.96899 -4.0746
-2.97469 -4.08021
-2.98051 -4.08567
-2.98661 -4.09084
-2.99279 -4.09591
-2.99869 -4.10129
-3.00143 -4.10421
-3.00418 -4.10713
-3.01033 -4.11223
-3.01653 -4.11729
-3.02221 -4.12291
-3.02836 -4.12802
-3.0343 -4.13335
-3.04005 -4.1389
-3.04584 -4.14441
-3.05203 -4.14947
-3.05814 -4.15462
-3.06403 -4.16001
-3.06997 -4.16535
-3.07276 -4.16822
-3.07555 -4.17108
-3.07872 -4.17353
-3.08189 -4.17598
-3.08757 -4.18161
-3.09355 -4.1869
-3.09674 -4.18949
-3.09692 -4.18938
-3.09713 -4.18851
-3.09772 -4.18803
-3.09849 -4.18783
-3.09924 -4.18766
-3.09969 -4.18696
-3.10037 -4.18666
-3.10106 -4.18642
-3.10184 -4.18645
-3.1025 -4.1861
-3.1032 -4.1859
-3.10389 -4.1854
-3.10465 -4.18571
-3.10538 -4.18572
-3.10612 -4.18562
-3.10691 -4.18533
-3.10765 -4.1854
-3.11213 -4.18655
-3.1166 -4.18769
-3.11741 -4.1872
-3.1179 -4.18794
-3.12388 -4.18971
-3.12985 -4.19148
-3.13582 -4.19325
-3.1418 -4.19502
-3.14247 -4.19537
-3.14322 -4.19552
-3.14375 -4.19612
-3.14467 -4.19602
-3.14527 -4.1965
-3.14599 -4.19682
-3.14629 -4.19763
-3.14706 -4.19792
-3.14716 -4.19883
-3.14819 -4.19896
-3.14805 -4.19999
-3.15198 -4.2055
-3.15591 -4.21101
-3.15985 -4.21652
-3.16378 -4.22203
-3.16771 -4.22753
-3.16837 -4.22799
-3.16847 -4.22876
-3.16883 -4.22939
-3.16967 -4.22986
-3.17165 -4.23559
-3.17363 -4.24133
-3.17561 -4.24706
-3.1758 -4.24777
-3.17624 -4.24841
-3.17636 -4.24915
-3.17635 -4.24989
-3.17687 -4.25061
-3.1766 -4.25136
-3.17688 -4.25213
-3.17632 -4.25281
-3.17645 -4.25359
-3.17618 -4.25429
-3.17562 -4.25488
-3.17553 -4.25562
-3.17516 -4.25625
-3.17489 -4.25693
-3.17483 -4.25778
-3.17438 -4.25838
-3.17407 -4.25911
-3.17393 -4.25927
