2.80034 -4.16426
2.79713 -4.16157
2.79431 -4.15873
2.79149 -4.15589
2.78826 -4.15351
2.78503 -4.15113
2.77928 -4.14558
2.77351 -4.14005
2.76766 -4.13461
2.76149 -4.12953
2.75566 -4.12406
2.74943 -4.11905
2.7466 -4.11622
2.74378 -4.11339
2.73758 -4.10834
2.73189 -4.10272
2.72588 -4.09746
2.71973 -4.09235
2.71376 -4.08705
2.70767 -4.08188
2.70192 -4.07632
2.69611 -4.07084
2.68992 -4.06578
2.68403 -4.06039
2.67789 -4.05527
2.67198 -4.0499
2.66606 -4.04454
2.66039 -4.0389
2.65725 -4.03642
2.65411 -4.03394
2.64815 -4.02863
2.64239 -4.02308
2.63644 -4.01776
2.63022 -4.01274
2.6274 -4.00989
2.62459 -4.00704
2.62144 -4.00457
2.61829 -4.00211
2.61246 -3.99664
2.60628 -3.99157
2.6006 -3.98594
2.59451 -3.98078
2.58849 -3.97553
2.5824 -3.97035
2.57645 -3.96503
2.57058 -3.95961
2.56476 -3.95414
2.55883 -3.94879
2.55279 -3.94356
2.54685 -3.93823
2.54098 -3.93281
2.53492 -3.9276
2.52906 -3.92217
2.52302 -3.91695
2.51694 -3.91176
2.51119 -3.90621
2.50528 -3.90084
2.49923 -3.89562
2.49339 -3.89017
2.48741 -3.88488
2.48131 -3.87972
2.47547 -3.87427
2.46949 -3.86898
2.46324 -3.86398
2.45735 -3.85858
2.45126 -3.85342
2.44542 -3.84797
2.4394 -3.84272
2.43363 -3.83718
2.42778 -3.83175
2.42197 -3.82626
2.41597 -3.82099
2.41282 -3.81853
2.40967 -3.81606
2.40396 -3.81046
2.39812 -3.80501
2.392 -3.79987
2.38584 -3.79478
2.38304 -3.79192
2.38024 -3.78905
2.3771 -3.78657
2.37396 -3.78409
2.36783 -3.77897
2.36193 -3.7736
2.35915 -3.77071
2.35637 -3.76782
2.35015 -3.7628
2.3443 -3.75736
2.3382 -3.7522
2.3321 -3.74704
2.32622 -3.74163
2.3202 -3.73638
2.31443 -3.73086
2.30861 -3.72538
2.30276 -3.71994
2.29957 -3.71752
2.29638 -3.7151
2.29055 -3.70963
2.28472 -3.70417
2.27854 -3.69911
2.27251 -3.69387
2.26971 -3.69101
2.26691 -3.68815
2.26067 -3.68314
2.25788 -3.68027
2.25509 -3.6774
2.25186 -3.67502
2.24864 -3.67264
2.24591 -3.6697
2.24317 -3.66676
2.23702 -3.66167
2.23112 -3.65628
2.22528 -3.65083
2.21909 -3.64577
2.21318 -3.6404
2.20701 -3.63531
2.20124 -3.62979
2.19515 -3.62461
2.18918 -3.61931
2.18348 -3.6137
2.17742 -3.6085
2.17164 -3.60298
2.16539 -3.59798
2.1594 -3.59271
2.1536 -3.58721
2.14751 -3.58204
2.14138 -3.57691
2.1354 -3.57162
2.1295 -3.56623
2.12346 -3.561
2.12072 -3.55809
2.11797 -3.55517
2.11191 -3.54996
2.10574 -3.54488
2.1 -3.53932
2.09395 -3.5341
2.08818 -3.52857
2.08206 -3.52343
2.07592 -3.51832
2.07001 -3.51295
2.064 -3.50769
2.05833 -3.50205
2.05235 -3.49675
2.04641 -3.49141
2.04032 -3.48624
2.03427 -3.48103
2.02812 -3.47592
2.0253 -3.47309
2.02247 -3.47025
2.01668 -3.46476
2.01062 -3.45955
2.00459 -3.45431
1.99857 -3.44906
1.99251 -3.44386
1.98651 -3.43858
1.98043 -3.4334
1.97447 -3.42808
1.96849 -3.42279
1.96265 -3.41734
1.95664 -3.41208
1.95062 -3.40684
1.94466 -3.40152
1.93887 -3.396
1.93305 -3.39054
1.92708 -3.38522
1.92126 -3.37975
1.91504 -3.37473
1.90897 -3.36954
1.903 -3.36423
1.89734 -3.35858
1.89137 -3.35327
1.88547 -3.34789
1.87937 -3.34273
1.87312 -3.33774
1.87039 -3.3348
1.86767 -3.33185
1.86451 -3.32939
1.86136 -3.32693
1.85543 -3.32157
1.84933 -3.31641
1.84348 -3.31098
1.84065 -3.30814
1.83783 -3.30531
1.83464 -3.30289
1.83145 -3.30047
1.82551 -3.29513
1.81975 -3.28959
1.81369 -3.28438
1.81089 -3.28153
1.80808 -3.27868
1.80199 -3.27351
1.79584 -3.2684
1.79008 -3.26286
1.78417 -3.25749
1.77808 -3.25232
1.77208 -3.24704
1.76626 -3.24157
1.76019 -3.23638
1.75397 -3.23135
1.74796 -3.22609
1.74215 -3.22061
1.73933 -3.21776
1.73652 -3.21492
1.73337 -3.21245
1.73023 -3.20998
1.72436 -3.20456
1.71828 -3.19937
1.71261 -3.19373
1.70644 -3.18866
1.70362 -3.18582
1.7008 -3.18298
1.69766 -3.1805
1.69452 -3.17801
1.68858 -3.17268
1.68276 -3.16721
1.67676 -3.16194
1.67097 -3.15643
1.66475 -3.1514
1.65867 -3.14622
1.65589 -3.14333
1.65311 -3.14045
1.64687 -3.13546
1.64073 -3.13034
1.63494 -3.12484
1.62877 -3.11975
1.62279 -3.11446
1.61709 -3.10885
1.61117 -3.10348
1.60494 -3.09848
1.6022 -3.09554
1.59947 -3.09261
1.59333 -3.0875
1.58734 -3.08221
1.58147 -3.07679
1.57833 -3.07431
1.57519 -3.07184
1.57237 -3.069
1.56955 -3.06616
1.56638 -3.06371
1.56322 -3.06126
1.5604 -3.05842
1.55759 -3.05558
1.55133 -3.05059
1.54553 -3.04509
1.5396 -3.03975
1.53365 -3.03442
1.52781 -3.02897
1.52181 -3.02369
1.51555 -3.01872
1.51279 -3.01581
1.51003 -3.0129
1.504 -3.00766
1.49807 -3.00231
1.49219 -2.99691
1.48613 -2.99171
1.48299 -2.98923
1.47985 -2.98674
1.474 -2.9813
1.46829 -2.97571
1.46237 -2.97035
1.45633 -2.96513
1.45012 -2.96008
1.44424 -2.95468
1.43834 -2.94929
1.43234 -2.94402
1.42642 -2.93866
1.42052 -2.93329
1.41425 -2.92831
1.40837 -2.9229
1.4027 -2.91726
1.39955 -2.9148
1.39639 -2.91234
1.39363 -2.90944
1.39086 -2.90654
1.38468 -2.90147
1.37861 -2.89628
1.37264 -2.89097
1.36666 -2.88568
1.36098 -2.88004
1.35481 -2.87496
1.34887 -2.86963
1.34292 -2.8643
1.3372 -2.85872
1.33108 -2.85358
1.32508 -2.84831
1.31933 -2.84276
1.31308 -2.83776
1.30693 -2.83266
1.30417 -2.82975
1.30142 -2.82684
1.29534 -2.82166
1.28912 -2.81664
1.28309 -2.81139
1.28027 -2.80856
1.27744 -2.80572
1.27139 -2.80051
1.2655 -2.79511
1.25971 -2.78961
1.2537 -2.78435
1.25054 -2.7819
1.24738 -2.77944
1.24149 -2.77404
1.23541 -2.76886
1.22975 -2.76321
1.2237 -2.758
1.21796 -2.75243
1.21204 -2.74707
1.20606 -2.74177
1.2001 -2.73646
1.19394 -2.73136
1.18795 -2.72608
1.1822 -2.72054
1.17629 -2.71516
1.17026 -2.70992
1.16414 -2.70478
1.15809 -2.69956
1.15224 -2.69413
1.14629 -2.6888
1.14038 -2.68343
1.13454 -2.67797
1.13139 -2.67551
1.12823 -2.67305
1.12222 -2.66779
1.11645 -2.66226
1.11029 -2.65717
1.10447 -2.6517
1.09838 -2.64653
1.09235 -2.64129
1.08642 -2.63594
1.08363 -2.63306
1.08085 -2.63019
1.07491 -2.62485
1.06874 -2.61976
1.0627 -2.61453
1.05686 -2.60909
1.05092 -2.60374
1.04516 -2.5982
1.04202 -2.59573
1.03888 -2.59325
1.03287 -2.58799
1.02695 -2.58263
1.0211 -2.57718
1.01519 -2.57182
1.00923 -2.56649
1.00339 -2.56105
1.00024 -2.55858
0.997101 -2.5561
0.994291 -2.55325
0.991482 -2.5504
0.988291 -2.54798
0.9851 -2.54556
0.982288 -2.54271
0.979475 -2.53986
0.973541 -2.53452
0.967455 -2.52934
0.961607 -2.5239
0.955442 -2.51882
0.94972 -2.51323
0.946521 -2.51082
0.943321 -2.50841
0.937661 -2.50275
0.931515 -2.49765
0.92585 -2.492
0.91995 -2.48662
0.913784 -2.48153
0.908078 -2.47593
0.902042 -2.4707
0.895883 -2.4656
0.889871 -2.46035
0.884146 -2.45477
0.878239 -2.44939
0.872036 -2.44435
0.866176 -2.43892
0.860241 -2.43357
0.854111 -2.42845
0.848241 -2.42303
0.842309 -2.41768
0.836184 -2.41255
0.830172 -2.40729
0.824119 -2.40208
0.818234 -2.39668
0.815438 -2.39382
0.812641 -2.39095
0.809493 -2.38848
0.806344 -2.38601
0.800586 -2.38047
0.794594 -2.37519
0.78844 -2.37009
0.782766 -2.36445
0.77651 -2.35947
0.773698 -2.35662
0.770886 -2.35378
0.764667 -2.34875
0.758775 -2.34336
0.753075 -2.33775
0.746954 -2.33261
0.740834 -2.32748
0.735032 -2.32198
0.729087 -2.31665
0.723287 -2.31115
0.717301 -2.30587
0.711255 -2.30064
0.705247 -2.29538
0.699086 -2.29029
0.693373 -2.2847
0.687341 -2.27946
0.681495 -2.27402
0.67561 -2.26862
0.669449 -2.26353
0.66324 -2.25849
0.657239 -2.25322
0.654517 -2.25027
0.651796 -2.24732
0.645641 -2.24222
0.639462 -2.23715
0.636645 -2.23431
0.633829 -2.23147
0.627942 -2.22607
0.621736 -2.22103
0.616019 -2.21544
0.609802 -2.21041
0.603805 -2.20514
0.597822 -2.19985
0.594997 -2.19702
0.592171 -2.19419
0.589017 -2.19172
0.585863 -2.18926
0.579854 -2.18401
0.577121 -2.18119
0.570824 -2.17635
0.564906 -2.17106
0.558721 -2.16609
0.552585 -2.16107
0.54639 -2.15611
0.540531 -2.15075
0.534274 -2.14586
0.528217 -2.14074
0.521977 -2.13584
0.515779 -2.13089
0.509909 -2.12554
0.50353 -2.1208
0.497435 -2.11573
0.491167 -2.11086
0.485296 -2.10551
0.479005 -2.10067
0.472767 -2.09576
0.46685 -2.09047
0.460884 -2.08524
0.45442 -2.08061
0.448245 -2.07563
0.442517 -2.0701
0.436015 -2.06552
0.430093 -2.06023
0.424116 -2.05501
0.417986 -2.04998
0.411724 -2.0451
0.405753 -2.03987
0.399342 -2.03518
0.393522 -2.02977
0.387506 -2.02459
0.381369 -2.01957
0.375227 -2.01455
0.368734 -2.00995
0.362772 -2.00471
0.35662 -1.99971
0.350617 -1.99452
0.344367 -1.98963
0.338475 -1.9843
0.332081 -1.97959
0.326282 -1.97415
0.31987 -1.96946
0.313677 -1.9645
0.307725 -1.95925
0.301617 -1.95419
0.295373 -1.94929
0.289159 -1.94436
0.283422 -1.93885
0.27712 -1.93402
0.271079 -1.92888
0.264759 -1.92407
0.258819 -1.91881
0.252439 -1.91407
0.246686 -1.90858
0.240209 -1.90397
0.234312 -1.89865
0.227877 -1.89398
0.222183 -1.88842
0.215634 -1.88389
0.209665 -1.87866
0.203645 -1.87349
0.197635 -1.86831
0.191612 -1.86315
0.185338 -1.85829
0.178982 -1.85353
0.173186 -1.84809
0.166977 -1.84315
0.160819 -1.83815
0.154499 -1.83334
0.148553 -1.82808
0.142185 -1.82334
0.136341 -1.81795
0.130327 -1.81278
0.124179 -1.80777
0.117685 -1.80317
0.111756 -1.79789
0.10544 -1.79308
0.0994685 -1.78786
0.0936587 -1.78243
0.0873819 -1.77758
0.0812073 -1.7726
0.0749307 -1.76774
0.0688744 -1.76261
0.0627106 -1.75762
0.0568172 -1.7523
0.0507679 -1.74716
0.0442777 -1.74257
0.0381919 -1.73748
0.0324305 -1.732
0.0260816 -1.72723
0.019764 -1.72242
0.0140735 -1.71685
0.00748487 -1.71237
0.00141884 -1.70726
-0.00474259 -1.70226
-0.0105218 -1.6968
-0.0169888 -1.69217
-0.0228619 -1.68683
-0.0291558 -1.68199
-0.0348906 -1.67648
-0.0413229 -1.67181
-0.0475167 -1.66685
-0.0533197 -1.66142
-0.0596752 -1.65666
-0.0656535 -1.65144
-0.0720993 -1.64679
-0.0781984 -1.64174
-0.0817816 -1.63831
-0.0860244 -1.63582
-0.0900064 -1.63289
-0.0941978 -1.63026
-0.0988653 -1.62862
-0.103285 -1.62651
-0.107871 -1.62472
-0.112505 -1.6231
-0.117246 -1.62178
-0.122048 -1.62079
-0.126865 -1.61972
-0.131738 -1.6189
-0.136663 -1.61884
-0.141579 -1.6183
-0.149094 -1.61864
-0.156608 -1.61862
-0.164123 -1.61848
-0.171637 -1.61886
-0.179152 -1.61836
-0.186666 -1.61841
-0.194181 -1.61862
-0.199117 -1.61892
-0.20405 -1.61916
-0.208949 -1.61984
-0.213906 -1.62031
-0.218584 -1.62198
-0.223336 -1.62325
-0.228026 -1.62482
-0.232879 -1.62604
-0.237138 -1.62859
-0.241605 -1.63069
-0.246069 -1.63287
-0.250031 -1.63584
-0.254216 -1.6385
-0.257782 -1.64196
-0.264273 -1.64661
-0.270371 -1.65174
-0.276386 -1.65697
-0.282537 -1.66204
-0.288865 -1.66689
-0.294764 -1.67226
-0.300948 -1.67728
-0.307268 -1.68214
-0.313419 -1.68721
-0.319522 -1.69233
-0.325364 -1.69777
-0.331413 -1.70296
-0.337866 -1.70766
-0.344106 -1.71261
-0.349835 -1.71819
-0.35617 -1.72303
-0.362162 -1.72829
-0.368303 -1.73337
-0.374683 -1.73815
-0.380928 -1.74311
-0.38374 -1.74596
-0.386553 -1.7488
-0.39279 -1.75377
-0.398916 -1.75886
-0.404988 -1.76402
-0.411568 -1.76857
-0.417509 -1.77389
-0.423519 -1.77912
-0.429807 -1.78402
-0.435871 -1.78919
-0.441967 -1.79432
-0.448155 -1.79934
-0.454378 -1.80432
-0.460448 -1.80948
-0.466296 -1.81491
-0.472827 -1.81952
-0.478928 -1.82465
-0.485123 -1.82966
-0.491143 -1.83488
-0.497048 -1.84024
-0.503356 -1.84512
-0.509301 -1.85043
-0.515511 -1.85543
-0.521936 -1.86016
-0.527981 -1.86535
-0.533882 -1.87072
-0.539987 -1.87584
-0.546416 -1.88057
-0.55227 -1.88599
-0.558762 -1.89065
-0.564726 -1.89594
-0.570889 -1.90099
-0.57715 -1.90592
-0.582857 -1.91152
-0.589063 -1.91652
-0.595291 -1.92149
-0.601483 -1.92651
-0.607404 -1.93185
-0.613942 -1.93645
-0.619883 -1.94176
-0.625971 -1.94691
-0.631913 -1.95222
-0.63822 -1.9571
-0.644275 -1.96228
-0.650415 -1.96736
-0.656761 -1.97219
-0.662969 -1.97718
-0.668991 -1.9824
-0.675062 -1.98757
-0.681052 -1.99282
-0.687368 -1.99769
-0.693499 -2.00278
-0.699592 -2.00791
-0.705767 -2.01295
-0.711929 -2.018
-0.71789 -2.0233
-0.723926 -2.0285
-0.730265 -2.03334
-0.736339 -2.0385
-0.742386 -2.04369
-0.74872 -2.04853
-0.754583 -2.05394
-0.760667 -2.05909
-0.76715 -2.06375
-0.773313 -2.0688
-0.779444 -2.07389
-0.785233 -2.07939
-0.791587 -2.08421
-0.797858 -2.08913
-0.803632 -2.09465
-0.809903 -2.09957
-0.816175 -2.10449
-0.822264 -2.10963
-0.828478 -2.11462
-0.834617 -2.1197
-0.840789 -2.12474
-0.84654 -2.13029
-0.852887 -2.13512
-0.85876 -2.14052
-0.865211 -2.14522
-0.871021 -2.1507
-0.874328 -2.15295
-0.877634 -2.1552
-0.883562 -2.16054
-0.889793 -2.16551
-0.89556 -2.17103
-0.901894 -2.17588
-0.907913 -2.1811
-0.914043 -2.18619
-0.920099 -2.19137
-0.926189 -2.19651
-0.93262 -2.20124
-0.934927 -2.20311
-0.940957 -2.20835
-0.94682 -2.21377
-0.952599 -2.2193
-0.95575 -2.22176
-0.958902 -2.22422
-0.964805 -2.2296
-0.970909 -2.23475
-0.97689 -2.24005
-0.982912 -2.24529
-0.988962 -2.25051
-0.994901 -2.25585
-1.00079 -2.26125
-1.00675 -2.26656
-1.01269 -2.2719
-1.01864 -2.27722
-1.02452 -2.28263
-1.03055 -2.28786
-1.03655 -2.29314
-1.04284 -2.29807
-1.04886 -2.30333
-1.05456 -2.30894
-1.06041 -2.31438
-1.06657 -2.31947
-1.07263 -2.32467
-1.07887 -2.32967
-1.0848 -2.33502
-1.09072 -2.34038
-1.09664 -2.34574
-1.10237 -2.35132
-1.10851 -2.35643
-1.11456 -2.36164
-1.12055 -2.36692
-1.12677 -2.37194
-1.1296 -2.37478
-1.13242 -2.37762
-1.13855 -2.38274
-1.14447 -2.38809
-1.15038 -2.39347
-1.15659 -2.39851
-1.16278 -2.40356
-1.16865 -2.40898
-1.17467 -2.41422
-1.18038 -2.41982
-1.18628 -2.42521
-1.19244 -2.4303
-1.1985 -2.4355
-1.20474 -2.4405
-1.21044 -2.44611
-1.2166 -2.4512
-1.22247 -2.45661
-1.22831 -2.46207
-1.23433 -2.46732
-1.24062 -2.47225
-1.24647 -2.4777
-1.25256 -2.48286
-1.25536 -2.48572
-1.25817 -2.48858
-1.26444 -2.49354
-1.27062 -2.49862
-1.27343 -2.50146
-1.27625 -2.5043
-1.27941 -2.50675
-1.28257 -2.50921
-1.28836 -2.51472
-1.29441 -2.51993
-1.30033 -2.52529
-1.30626 -2.53064
-1.31222 -2.53596
-1.31538 -2.53842
-1.31853 -2.54088
-1.32136 -2.54371
-1.32419 -2.54654
-1.33046 -2.5515
-1.33637 -2.55687
-1.3423 -2.56222
-1.34814 -2.56767
-1.35409 -2.573
-1.35728 -2.57542
-1.36046 -2.57785
-1.36631 -2.58329
-1.37227 -2.58861
-1.37836 -2.59377
-1.38417 -2.59926
-1.39026 -2.60443
-1.3964 -2.60954
-1.40232 -2.61491
-1.40816 -2.62036
-1.41419 -2.62559
-1.41994 -2.63114
-1.42311 -2.63359
-1.42627 -2.63604
-1.43235 -2.64122
-1.43814 -2.64673
-1.44429 -2.65183
-1.45017 -2.65724
-1.45639 -2.66226
-1.46232 -2.66761
-1.46827 -2.67294
-1.47111 -2.67576
-1.47394 -2.67858
-1.47714 -2.68099
-1.48034 -2.6834
-1.48613 -2.68891
-1.49201 -2.69432
-1.49827 -2.69929
-1.50398 -2.70489
-1.51011 -2.71001
-1.51633 -2.71504
-1.52213 -2.72053
-1.5281 -2.72583
-1.53412 -2.73108
-1.54003 -2.73645
-1.54606 -2.74169
-1.55192 -2.74713
-1.55777 -2.75256
-1.56401 -2.75756
-1.57021 -2.7626
-1.57305 -2.76543
-1.57588 -2.76825
-1.58187 -2.77353
-1.58804 -2.77861
-1.59423 -2.78367
-1.60003 -2.78916
-1.60593 -2.79454
-1.61203 -2.79971
-1.61817 -2.80482
-1.62098 -2.80767
-1.62379 -2.81052
-1.62698 -2.81294
-1.63017 -2.81536
-1.63592 -2.82091
-1.6421 -2.82598
-1.64493 -2.8288
-1.64776 -2.83163
-1.65402 -2.8366
-1.65993 -2.84199
-1.6659 -2.84729
-1.672 -2.85244
-1.67813 -2.85757
-1.68086 -2.8605
-1.6836 -2.86344
-1.68986 -2.86841
-1.69608 -2.87343
-1.69891 -2.87627
-1.70173 -2.8791
-1.70758 -2.88454
-1.71079 -2.88693
-1.71401 -2.88933
-1.71994 -2.89468
-1.72573 -2.90019
-1.73198 -2.90517
-1.73802 -2.91039
-1.74399 -2.9157
-1.74976 -2.92123
-1.75588 -2.92636
-1.75871 -2.9292
-1.76153 -2.93203
-1.76471 -2.93446
-1.76789 -2.9369
-1.77383 -2.94224
-1.77957 -2.9478
-1.78556 -2.95309
-1.79161 -2.9583
-1.79768 -2.96349
-1.80361 -2.96884
-1.80954 -2.97418
-1.81544 -2.97957
-1.82162 -2.98464
-1.82758 -2.98995
-1.83385 -2.99492
-1.83664 -2.99779
-1.83943 -3.00067
-1.84562 -3.00572
-1.85176 -3.01083
-1.85776 -3.01611
-1.86356 -3.0216
-1.86983 -3.02657
-1.87261 -3.02945
-1.87539 -3.03233
-1.88168 -3.03727
-1.88748 -3.04277
-1.89357 -3.04794
-1.89981 -3.05293
-1.9026 -3.05581
-1.90538 -3.05869
-1.91133 -3.06403
-1.91732 -3.06931
-1.92048 -3.07177
-1.92364 -3.07422
-1.92974 -3.07938
-1.9357 -3.08469
-1.94169 -3.08997
-1.94451 -3.09281
-1.94733 -3.09565
-1.95341 -3.10083
-1.95947 -3.10604
-1.96576 -3.11097
-1.97159 -3.11644
-1.97733 -3.122
-1.98052 -3.12443
-1.9837 -3.12685
-1.98946 -3.13239
-1.99558 -3.13753
-2.00141 -3.14299
-2.00757 -3.14808
-2.01351 -3.15342
-2.01955 -3.15865
-2.02558 -3.16388
-2.02842 -3.1667
-2.03126 -3.16952
-2.03441 -3.17198
-2.03756 -3.17444
-2.04348 -3.1798
-2.04631 -3.18263
-2.04914 -3.18546
-2.05239 -3.18782
-2.05563 -3.19018
-2.05842 -3.19305
-2.0612 -3.19593
-2.06714 -3.20128
-2.07031 -3.20372
-2.07348 -3.20617
-2.07955 -3.21135
-2.08232 -3.21425
-2.08509 -3.21715
-2.09113 -3.22236
-2.09435 -3.22475
-2.09757 -3.22714
-2.10033 -3.23005
-2.10309 -3.23296
-2.1091 -3.23821
-2.11513 -3.24345
-2.12133 -3.24849
-2.12704 -3.25409
-2.13028 -3.25645
-2.13353 -3.25881
-2.13926 -3.26439
-2.14518 -3.26975
-2.15118 -3.27501
-2.15729 -3.28017
-2.16346 -3.28524
-2.16932 -3.29067
-2.17543 -3.29581
-2.18115 -3.30141
-2.18698 -3.30686
-2.19298 -3.31214
-2.19912 -3.31725
-2.20495 -3.32271
-2.21107 -3.32784
-2.21715 -3.33302
-2.22324 -3.3382
-2.22909 -3.34363
-2.23499 -3.34903
-2.24091 -3.35438
-2.24695 -3.35961
-2.25303 -3.36479
-2.25908 -3.37001
-2.26505 -3.3753
-2.27089 -3.38076
-2.2771 -3.38579
-2.28304 -3.39113
-2.28908 -3.39635
-2.29507 -3.40163
-2.30121 -3.40675
-2.30707 -3.41217
-2.31286 -3.41769
-2.31912 -3.42267
-2.32506 -3.428
-2.33119 -3.43313
-2.33726 -3.43832
-2.34325 -3.4436
-2.346 -3.44652
-2.34875 -3.44943
-2.35485 -3.45459
-2.36075 -3.45998
-2.36683 -3.46515
-2.36999 -3.46761
-2.37314 -3.47007
-2.37905 -3.47545
-2.38476 -3.48104
-2.39075 -3.48633
-2.3969 -3.49143
-2.40309 -3.49648
-2.40894 -3.50192
-2.41514 -3.50697
-2.42098 -3.51242
-2.42706 -3.51761
-2.43293 -3.52302
-2.43898 -3.52823
-2.44467 -3.53385
-2.45085 -3.53892
-2.45693 -3.5441
-2.46303 -3.54926
-2.46873 -3.55487
-2.47471 -3.56016
-2.48067 -3.56547
-2.48387 -3.56788
-2.48707 -3.5703
-2.4899 -3.57312
-2.49273 -3.57595
-2.49855 -3.58142
-2.50468 -3.58654
-2.51074 -3.59175
-2.51679 -3.59697
-2.52289 -3.60212
-2.52879 -3.6075
-2.53486 -3.61269
-2.54071 -3.61814
-2.54679 -3.62332
-2.553 -3.62835
-2.55871 -3.63395
-2.56448 -3.63948
-2.56771 -3.64186
-2.57093 -3.64424
-2.57691 -3.64953
-2.5829 -3.65482
-2.58866 -3.66036
-2.59451 -3.6658
-2.59766 -3.66826
-2.60081 -3.67072
-2.60659 -3.67625
-2.61277 -3.68131
-2.61862 -3.68675
-2.62447 -3.6922
-2.6304 -3.69755
-2.63644 -3.70277
-2.64259 -3.70787
-2.64868 -3.71304
-2.65466 -3.71834
-2.66067 -3.72359
-2.66652 -3.72904
-2.67242 -3.73442
-2.67835 -3.73977
-2.68156 -3.74217
-2.68477 -3.74457
-2.6908 -3.7498
-2.69357 -3.75269
-2.69635 -3.75558
-2.70264 -3.76052
-2.70842 -3.76605
-2.7143 -3.77145
-2.72059 -3.77639
-2.72665 -3.78159
-2.73246 -3.78708
-2.73871 -3.79207
-2.74475 -3.7973
-2.75072 -3.80259
-2.75648 -3.80814
-2.76239 -3.81352
-2.7683 -3.81889
-2.77453 -3.8239
-2.78031 -3.82941
-2.78658 -3.83438
-2.79242 -3.83983
-2.79836 -3.84517
-2.80452 -3.85026
-2.80734 -3.8531
-2.81015 -3.85595
-2.81338 -3.85832
-2.81662 -3.86069
-2.82232 -3.8663
-2.82829 -3.8716
-2.83457 -3.87655
-2.84062 -3.88176
-2.84337 -3.88468
-2.84613 -3.8876
-2.84932 -3.89002
-2.85251 -3.89244
-2.85822 -3.89803
-2.86137 -3.9005
-2.86452 -3.90296
-2.87024 -3.90855
-2.87341 -3.91099
-2.87658 -3.91343
-2.87932 -3.91637
-2.88206 -3.9193
-2.88529 -3.92167
-2.88852 -3.92404
-2.89131 -3.92692
-2.8941 -3.92979
-2.8973 -3.9322
-2.9005 -3.93461
-2.9033 -3.93747
-2.9061 -3.94034
-2.91236 -3.94531
-2.91828 -3.95067
-2.92452 -3.95566
-2.93038 -3.9611
-2.93634 -3.96642
-2.94216 -3.97189
-2.94532 -3.97435
-2.94847 -3.97681
-2.9544 -3.98216
-2.96037 -3.98746
-2.96317 -3.99032
-2.96597 -3.99319
-2.9692 -3.99556
-2.97243 -3.99793
-2.97831 -4.00334
-2.98417 -4.00877
-2.99013 -4.01409
-2.99617 -4.01931
-3.00219 -4.02456
-3.00837 -4.02963
-3.01117 -4.0325
-3.01396 -4.03536
-3.0202 -4.04036
-3.02304 -4.04318
-3.02588 -4.04599
-3.03212 -4.051
-3.03824 -4.05613
-3.04404 -4.06163
-3.05021 -4.0667
-3.05628 -4.0719
-3.06223 -4.07722
-3.06829 -4.08242
-3.07426 -4.08773
-3.08013 -4.09314
-3.08297 -4.09596
-3.08581 -4.09878
-3.089 -4.10119
-3.0922 -4.10361
-3.09823 -4.10885
-3.10105 -4.11169
-3.10387 -4.11453
-3.11016 -4.11947
-3.1159 -4.12503
-3.12187 -4.13033
-3.12774 -4.13576
-3.13092 -4.13819
-3.13409 -4.14063
-3.1402 -4.14577
-3.14612 -4.15114
-3.15196 -4.15659
-3.15799 -4.16182
-3.16397 -4.16712
-3.17017 -4.17216
-3.17293 -4.17506
-3.1757 -4.17797
-3.17892 -4.18035
-3.18215 -4.18273
-3.18808 -4.18807
-3.19411 -4.19331
-3.19694 -4.19614
-3.19977 -4.19897
-3.20587 -4.20412
-3.21187 -4.2094
-3.21804 -4.21447
-3.22086 -4.21732
-3.22367 -4.22017
-3.22982 -4.22526
-3.23593 -4.2304
-3.24205 -4.23554
-3.24787 -4.24101
-3.25406 -4.24607
-3.25996 -4.25145
-3.26583 -4.25688
-3.27158 -4.26243
-3.27767 -4.2676
-3.28083 -4.27005
-3.28399 -4.27251
-3.28679 -4.27537
-3.28959 -4.27822
-3.29564 -4.28344
-3.30163 -4.28873
-3.30752 -4.29412
-3.31072 -4.29653
-3.31391 -4.29895
-3.31671 -4.30181
-3.31952 -4.30467
-3.3227 -4.30709
-3.32589 -4.30951
-3.33168 -4.31502
-3.33795 -4.31998
-3.34387 -4.32535
-3.34967 -4.33085
-3.35549 -4.33631
-3.35871 -4.3387
-3.36194 -4.34108
-3.36471 -4.34398
-3.36748 -4.34687
-3.37067 -4.34929
-3.37387 -4.3517
-3.37987 -4.35697
-3.38267 -4.35983
-3.38548 -4.36269
-3.39173 -4.36767
-3.39744 -4.37327
-3.40063 -4.37569
-3.40382 -4.37811
-3.40989 -4.3833
-3.41263 -4.38624
-3.41536 -4.38917
-3.42165 -4.39411
-3.42743 -4.39964
-3.43371 -4.40459
-3.43654 -4.40742
-3.43936 -4.41025
-3.44536 -4.41552
-3.45159 -4.42053
-3.45743 -4.42598
-3.46359 -4.43108
-3.46949 -4.43646
-3.47578 -4.4414
-3.48151 -4.44698
-3.48735 -4.45243
-3.4935 -4.45753
-3.49971 -4.46256
-3.50253 -4.4654
-3.50536 -4.46823
-3.51151 -4.47333
-3.51738 -4.47875
-3.52357 -4.4838
-3.52944 -4.48922
-3.53559 -4.49432
-3.5417 -4.49947
-3.5445 -4.50233
-3.5473 -4.50519
-3.55047 -4.50764
-3.55363 -4.51009
-3.55948 -4.51552
-3.56525 -4.52106
-3.57135 -4.52622
-3.57719 -4.53167
-3.58344 -4.53666
-3.58934 -4.54204
-3.59528 -4.54738
-3.6015 -4.5524
-3.60729 -4.55791
-3.61349 -4.56296
-3.61954 -4.56816
-3.62526 -4.57375
-3.63151 -4.57875
-3.63753 -4.58399
-3.64341 -4.5894
-3.64956 -4.5945
-3.65536 -4.59999
-3.66146 -4.60515
-3.66733 -4.61057
-3.67348 -4.61567
-3.67933 -4.62111
-3.68502 -4.62673
-3.68821 -4.62915
-3.6914 -4.63157
-3.69752 -4.6367
-3.70323 -4.6423
-3.70903 -4.64781
-3.71218 -4.65027
-3.71534 -4.65272
-3.72121 -4.65814
-3.72734 -4.66326
-3.73336 -4.66851
-3.73917 -4.674
-3.74531 -4.67911
-3.75112 -4.6846
-3.7571 -4.68989
-3.76306 -4.69521
-3.76925 -4.70026
-3.77514 -4.70566
-3.78096 -4.71113
-3.78709 -4.71626
-3.79308 -4.72154
-3.79921 -4.72666
-3.80519 -4.73196
-3.81108 -4.73734
-3.81725 -4.74243
-3.82293 -4.74806
-3.82919 -4.75303
-3.83507 -4.75844
-3.84082 -4.76396
-3.84466 -4.76733
-3.84866 -4.77059
-3.85179 -4.77462
-3.85495 -4.77862
-3.85789 -4.78279
-3.86085 -4.78696
-3.86365 -4.79285
-3.86718 -4.79829
-3.86965 -4.80201
-3.87175 -4.80594
-3.87347 -4.81004
-3.87475 -4.8143
-3.87684 -4.81828
-3.87779 -4.82264
-3.87855 -4.82703
-3.87981 -4.83128
-3.88055 -4.83566
-3.88116 -4.84006
-3.88156 -4.84449
-3.88169 -4.84894
-3.8817 -4.85677
-3.88211 -4.86461
-3.88194 -4.87245
-3.88185 -4.88029
-3.88213 -4.88812
-3.88203 -4.89596
-3.88197 -4.9038
-3.882 -4.91164
-3.88252 -4.91948
-3.88232 -4.92732
-3.88272 -4.93515
-3.88272 -4.94299
-3.88257 -4.95083
-3.88248 -4.95867
-3.88268 -4.96651
-3.88266 -4.97434
-3.88293 -4.98218
-3.88299 -4.99002
-3.88309 -4.99786
-3.88328 -5.00569
-3.88295 -5.01353
-3.88351 -5.02137
-3.88346 -5.02921
-3.88374 -5.03704
-3.88316 -5.04487
-3.88315 -5.0496
-3.88328 -5.05434
-3.88275 -5.05903
-3.88176 -5.06365
-3.88086 -5.06829
-3.88009 -5.07299
-3.87832 -5.07738
-3.87664 -5.08178
-3.87468 -5.08608
-3.87281 -5.09039
-3.87081 -5.09469
-3.86863 -5.09891
-3.86553 -5.10251
-3.86319 -5.10665
-3.8628 -5.10703
-3.85801 -5.11253
-3.85316 -5.118
-3.84742 -5.1225
-3.84133 -5.12763
-3.83562 -5.13321
-3.82953 -5.13834
-3.82326 -5.14326
-3.81733 -5.14858
-3.81088 -5.15328
-3.80502 -5.15867
-3.79881 -5.16366
-3.79253 -5.16857
-3.78644 -5.1737
-3.78083 -5.1794
-3.77434 -5.18405
-3.76825 -5.18918
-3.76209 -5.19423
-3.75634 -5.19975
-3.74991 -5.20448
-3.74406 -5.20989
-3.73808 -5.21516
-3.73182 -5.22008
-3.72581 -5.22531
-3.71959 -5.23028
-3.7134 -5.23528
-3.70732 -5.24042
-3.70146 -5.24583
-3.69521 -5.25076
-3.68919 -5.25598
-3.68305 -5.26105
-3.67701 -5.26624
-3.67075 -5.27117
-3.66469 -5.27632
-3.65893 -5.28185
-3.65258 -5.28667
-3.64674 -5.2921
-3.64082 -5.29742
-3.63452 -5.3023
-3.62819 -5.30714
-3.62223 -5.31243
-3.6161 -5.31751
-3.61035 -5.32305
-3.60427 -5.32818
-3.5981 -5.33322
-3.59194 -5.33827
-3.58563 -5.34314
-3.57945 -5.34816
-3.57351 -5.35346
-3.56775 -5.35898
-3.56122 -5.36359
-3.55546 -5.36911
-3.54941 -5.37428
-3.543 -5.37904
-3.53705 -5.38433
-3.53119 -5.38973
-3.52509 -5.39485
-3.51864 -5.39955
-3.51253 -5.40466
-3.50665 -5.41003
-3.50033 -5.41488
-3.49748 -5.41773
-3.49701 -5.41763
-3.49694 -5.41672
-3.49643 -5.41616
-3.49568 -5.41586
-3.49519 -5.41527
-3.49452 -5.4149
-3.4939 -5.41448
-3.4931 -5.41438
-3.4926 -5.41366
-3.49182 -5.41356
-3.49099 -5.41372
-3.49037 -5.41313
-3.48964 -5.41282
-3.48881 -5.41338
-3.48808 -5.41325
-3.48734 -5.41332
-3.48659 -5.41326
-3.48581 -5.41307
-3.48122 -5.41401
-3.47663 -5.41496
-3.47603 -5.41535
-3.47541 -5.41561
-3.46929 -5.41739
-3.46317 -5.41917
-3.45705 -5.42094
-3.45094 -5.42272
-3.45037 -5.42346
-3.44966 -5.42365
-3.44878 -5.42348
-3.44804 -5.42372
-3.4477 -5.42466
-3.44706 -5.42503
-3.44653 -5.42555
-3.44603 -5.4261
-3.44544 -5.42654
-3.44504 -5.42717
-3.44411 -5.4274
-3.44088 -5.43178
-3.43766 -5.43617
-3.43443 -5.44056
-3.43406 -5.44123
-3.43068 -5.44722
-3.4273 -5.4532
-3.42392 -5.45919
-3.42054 -5.46517
-3.41717 -5.47116
-3.41648 -5.47163
-3.41674 -5.47257
-3.41634 -5.4732
-3.41619 -5.47392
-3.41619 -5.47467
-3.41589 -5.47534
-3.41544 -5.47603
-3.41574 -5.4768
-3.41602 -5.47753
-3.41583 -5.47826
-3.41617 -5.47895
-3.41622 -5.47968
-3.4165 -5.48035
-3.41651 -5.48111
-3.41634 -5.48197
-3.41684 -5.48258
-3.41724 -5.48322
-3.41812 -5.48354
-3.41801 -5.48452
-3.41819 -5.4846
-3.41544 -5.48713
-3.40915 -5.49202
-3.40315 -5.49725
-3.39718 -5.50252
-3.3911 -5.50767
-3.38505 -5.51284
-3.37892 -5.51793
-3.37257 -5.52274
-3.36666 -5.52809
-3.36049 -5.53311
-3.35451 -5.53838
-3.34831 -5.54337
-3.34233 -5.54863
-3.33612 -5.55363
-3.33023 -5.55898
-3.32381 -5.56373
-3.31786 -5.56902
-3.31198 -5.57439
-3.30549 -5.57905
-3.29948 -5.58427
-3.29373 -5.58981
-3.28738 -5.59463
-3.28139 -5.59987
-3.27539 -5.60511
-3.27219 -5.60753
-3.2721 -5.6073
-3.27179 -5.60656
-3.27113 -5.60614
-3.27048 -5.60573
-3.26976 -5.60544
-3.2694 -5.60465
-3.2688 -5.60416
-3.26785 -5.60432
-3.26714 -5.60411
-3.26644 -5.60388
-3.26577 -5.60356
-3.26508 -5.60326
-3.26436 -5.60304
-3.26357 -5.60333
-3.26284 -5.60309
-3.2621 -5.60328
-3.26137 -5.60333
-3.26058 -5.60308
-3.25616 -5.6041
-3.25175 -5.60513
-3.251 -5.60474
-3.25038 -5.60504
-3.24973 -5.6052
-3.24925 -5.60581
-3.24871 -5.60619
-3.24304 -5.60902
-3.23737 -5.61185
-3.23171 -5.61469
-3.22604 -5.61752
-3.22543 -5.61791
-3.2206 -5.62091
-3.21578 -5.62391
-3.21095 -5.6269
-3.21032 -5.62726
-3.20988 -5.62786
-3.20926 -5.62823
-3.20842 -5.6284
-3.20792 -5.62895
-3.20792 -5.62989
-3.20724 -5.63028
-3.20701 -5.631
-3.20389 -5.63702
-3.20076 -5.64304
-3.19764 -5.64906
-3.19452 -5.65507
-3.1914 -5.66109
-3.19094 -5.66169
-3.19079 -5.66243
-3.19033 -5.66305
-3.18991 -5.66372
-3.19026 -5.66456
-3.19008 -5.66527
-3.18962 -5.66599
-3.19026 -5.66675
-3.18975 -5.66752
-3.18999 -5.66825
-3.19 -5.66902
-3.19046 -5.66968
-3.191 -5.67029
-3.19108 -5.67104
-3.19163 -5.67159
-3.19198 -5.67222
-3.19189 -5.67314
-3.19272 -5.67347
-3.19286 -5.6743
-3.19294 -5.67435
-3.19013 -5.67691
-3.18385 -5.68182
-3.17766 -5.68682
-3.17173 -5.69215
-3.16581 -5.69747
-3.15933 -5.70214
-3.15367 -5.70778
-3.14743 -5.71273
-3.14146 -5.718
-3.13545 -5.72322
-3.12925 -5.72822
-3.12295 -5.7331
-3.11682 -5.73819
-3.11092 -5.74354
-3.10477 -5.7486
-3.09869 -5.75373
-3.09278 -5.75908
-3.08661 -5.76411
-3.08036 -5.76905
-3.07415 -5.77404
-3.06807 -5.77918
-3.06237 -5.78476
-3.05586 -5.7894
-3.05 -5.7948
-3.04411 -5.80016
-3.03779 -5.80503
-3.03191 -5.8104
-3.02565 -5.81533
-3.01933 -5.81995
-3.01301 -5.82463
-3.00608 -5.8283
-2.9988 -5.83161
-2.99178 -5.83545
-2.98476 -5.83928
-2.97756 -5.84276
-2.97041 -5.84634
-2.96324 -5.84986
-2.95608 -5.85342
-2.94893 -5.85699
-2.94174 -5.8605
-2.93464 -5.86417
-2.93096 -5.86574
-2.92728 -5.86732
-2.92014 -5.87091
-2.91672 -5.87301
-2.9133 -5.87512
-2.90603 -5.87844
-2.89877 -5.8818
-2.89174 -5.88562
-2.88447 -5.88896
-2.87738 -5.89265
-2.87032 -5.8964
-2.86306 -5.89974
-2.85959 -5.90176
-2.85613 -5.90377
-2.84895 -5.90727
-2.84168 -5.91061
-2.83803 -5.91225
-2.83438 -5.91389
-2.82725 -5.91751
-2.82015 -5.92117
-2.81671 -5.92324
-2.81328 -5.92531
-2.8061 -5.92882
-2.80237 -5.9303
-2.79864 -5.93179
-2.79161 -5.9356
-2.78449 -5.93924
-2.781 -5.94119
-2.77751 -5.94314
-2.77386 -5.94478
-2.77021 -5.94642
-2.76317 -5.95021
-2.7561 -5.95395
-2.74898 -5.95758
-2.7453 -5.95916
-2.74162 -5.96073
-2.73447 -5.96431
-2.72741 -5.96806
-2.7202 -5.97152
-2.71319 -5.97538
-2.7095 -5.97692
-2.7058 -5.97847
-2.70231 -5.98042
-2.69882 -5.98238
-2.69171 -5.98603
-2.68452 -5.98953
-2.67731 -5.99298
-2.67381 -5.99492
-2.67031 -5.99686
-2.66311 -6.00032
-2.65609 -6.00416
-2.65239 -6.00569
-2.64869 -6.00723
-2.64168 -6.01108
-2.6346 -6.0148
-2.62753 -6.01853
-2.62385 -6.02012
-2.62018 -6.02172
-2.61669 -6.02368
-2.61321 -6.02564
-2.60597 -6.02905
-2.59879 -6.03255
-2.59158 -6.036
-2.5881 -6.03799
-2.58463 -6.03998
-2.57737 -6.04333
-2.5703 -6.04708
-2.56661 -6.04863
-2.56291 -6.05018
-2.55587 -6.05397
-2.55223 -6.05561
-2.54858 -6.05726
-2.54158 -6.06112
-2.53811 -6.06312
-2.53464 -6.06511
-2.5274 -6.06852
-2.5203 -6.0722
-2.51665 -6.07383
-2.513 -6.07546
-2.50589 -6.07911
-2.49877 -6.08276
-2.49157 -6.08624
-2.4881 -6.08822
-2.48462 -6.09021
-2.47735 -6.09354
-2.47012 -6.09695
-2.46601 -6.09911
-2.46178 -6.10104
-2.45723 -6.10205
-2.45283 -6.10341
-2.4485 -6.10524
-2.44385 -6.10555
-2.4393 -6.10651
-2.43471 -6.10696
-2.43011 -6.10777
-2.42547 -6.10792
-2.41748 -6.1079
-2.40949 -6.10766
-2.40151 -6.10774
-2.39352 -6.10768
-2.38553 -6.10771
-2.37755 -6.10804
-2.37355 -6.10781
-2.36956 -6.10758
-2.36157 -6.10799
-2.35359 -6.10797
-2.3456 -6.1076
-2.33761 -6.10774
-2.32962 -6.10751
-2.32164 -6.10789
-2.31365 -6.1075
-2.30566 -6.10748
-2.29768 -6.10773
-2.28969 -6.10817
-2.2817 -6.10819
-2.27771 -6.10787
-2.27372 -6.10755
-2.26573 -6.10774
-2.26174 -6.10801
-2.25774 -6.10829
-2.24976 -6.10798
-2.24177 -6.10759
-2.23378 -6.10804
-2.2258 -6.10795
-2.21781 -6.10801
-2.20982 -6.1081
-2.20583 -6.10786
-2.20183 -6.10761
-2.19385 -6.10778
-2.18985 -6.10808
-2.18586 -6.10839
-2.18187 -6.10811
-2.17787 -6.10783
-2.16989 -6.10788
-2.1619 -6.10832
-2.15791 -6.10802
-2.15391 -6.10772
-2.14593 -6.10787
-2.13794 -6.10828
-2.12995 -6.10811
-2.12197 -6.10781
-2.11797 -6.10805
-2.11398 -6.10829
-2.10599 -6.10846
-2.102 -6.10817
-2.09801 -6.10788
-2.09002 -6.10811
-2.08203 -6.1085
-2.07405 -6.10819
-2.06606 -6.1079
-2.05807 -6.10786
-2.05008 -6.1081
-2.0421 -6.1085
-2.03411 -6.10854
-2.02612 -6.10828
-2.01814 -6.10845
-2.01015 -6.10832
-2.00216 -6.10838
-1.99418 -6.1082
-1.98619 -6.10792
-1.9782 -6.10805
-1.97421 -6.10837
-1.97022 -6.10869
-1.96223 -6.10844
-1.95424 -6.10843
-1.94626 -6.10816
-1.93827 -6.10824
-1.93028 -6.10843
-1.9223 -6.10862
-1.91431 -6.1082
-1.90632 -6.10857
-1.89833 -6.10847
-1.89035 -6.10815
-1.88236 -6.10838
-1.87437 -6.10825
-1.86639 -6.10859
-1.8584 -6.10834
-1.85041 -6.10871
-1.84243 -6.10888
-1.83444 -6.1089
-1.83045 -6.10856
-1.82645 -6.10821
-1.82246 -6.10857
-1.81847 -6.10893
-1.81048 -6.10873
-1.80249 -6.10897
-1.79451 -6.10881
-1.78652 -6.10855
-1.77853 -6.10893
-1.77055 -6.10878
-1.76256 -6.10887
-1.75457 -6.10896
-1.74658 -6.10903
-1.7386 -6.10866
-1.73061 -6.10844
-1.72262 -6.10848
-1.71464 -6.10851
-1.70665 -6.10867
-1.69866 -6.10894
-1.69068 -6.10905
-1.68269 -6.10882
-1.6747 -6.10857
-1.67071 -6.10882
-1.66672 -6.10908
-1.65873 -6.10867
-1.65074 -6.10863
-1.64276 -6.10893
-1.63477 -6.10906
-1.63078 -6.10883
-1.62678 -6.10859
-1.61879 -6.10883
-1.61081 -6.10882
-1.60282 -6.10866
-1.59883 -6.10893
-1.59483 -6.10919
-1.59084 -6.10897
-1.58685 -6.10875
-1.57886 -6.10867
-1.57087 -6.1089
-1.56289 -6.1089
-1.5549 -6.10873
-1.54691 -6.10894
-1.53893 -6.10895
-1.53094 -6.10938
-1.52695 -6.109
-1.52295 -6.10861
-1.51497 -6.10872
-1.51097 -6.10899
-1.50698 -6.10925
-1.50299 -6.10895
-1.49899 -6.10865
-1.491 -6.1089
-1.48701 -6.10917
-1.48302 -6.10944
-1.47902 -6.10907
-1.47503 -6.1087
-1.46704 -6.10906
-1.45906 -6.10932
-1.45107 -6.10941
-1.44708 -6.10917
-1.44308 -6.10894
-1.4351 -6.10914
-1.42711 -6.10894
-1.41912 -6.10908
-1.41114 -6.10918
-1.40315 -6.10956
-1.39516 -6.10956
-1.38718 -6.10922
-1.37919 -6.10935
-1.3712 -6.10922
-1.36322 -6.10908
-1.35922 -6.10934
-1.35523 -6.10961
-1.34724 -6.10958
-1.33926 -6.10941
-1.33127 -6.10916
-1.32328 -6.10902
-1.31529 -6.10944
-1.30731 -6.10952
-1.29932 -6.10962
-1.29133 -6.10963
-1.28335 -6.10973
-1.27935 -6.10941
-1.27536 -6.10909
-1.26737 -6.10926
-1.25939 -6.1092
-1.2514 -6.10928
-1.24341 -6.10909
-1.23942 -6.10941
-1.23543 -6.10972
-1.22744 -6.10954
-1.21945 -6.10939
-1.21146 -6.10913
-1.20348 -6.10958
-1.19549 -6.10964
-1.1875 -6.10966
-1.17952 -6.10945
-1.17153 -6.10944
-1.16354 -6.10964
-1.15955 -6.10941
-1.15556 -6.10918
-1.14757 -6.10931
-1.13958 -6.10923
-1.13559 -6.10957
-1.1316 -6.1099
-1.12361 -6.10951
-1.11562 -6.10939
-1.10764 -6.10921
-1.09965 -6.1094
-1.09166 -6.10926
-1.08767 -6.10954
-1.08368 -6.10983
-1.07968 -6.10957
-1.07569 -6.10931
-1.0677 -6.10931
-1.05971 -6.10945
-1.05173 -6.10972
-1.04374 -6.10983
-1.03575 -6.10971
-1.02777 -6.10934
-1.01978 -6.10938
-1.01179 -6.10962
-1.00381 -6.11006
-0.99582 -6.10989
-0.987834 -6.11014
-0.979847 -6.10979
-0.97186 -6.10974
-0.963872 -6.1095
-0.955886 -6.10974
-0.947899 -6.10982
-0.939913 -6.11003
-0.931926 -6.10998
-0.923939 -6.10999
-0.915952 -6.11007
-0.907965 -6.11028
-0.899978 -6.10995
-0.891991 -6.10983
-0.884004 -6.10998
-0.876017 -6.10971
-0.86803 -6.10978
-0.860043 -6.10964
-0.852057 -6.11009
-0.84407 -6.11018
-0.840077 -6.10991
-0.836083 -6.10964
-0.828096 -6.1101
-0.82011 -6.1103
-0.812123 -6.11001
-0.804136 -6.10996
-0.796149 -6.11042
-0.788162 -6.11008
-0.780175 -6.10981
-0.772188 -6.11011
-0.764201 -6.10993
-0.756215 -6.11027
-0.748228 -6.10998
-0.740241 -6.11029
-0.732254 -6.11031
-0.724268 -6.11051
-0.716281 -6.11055
-0.712287 -6.11027
-0.708293 -6.10998
-0.700306 -6.10989
-0.69232 -6.11
-0.684333 -6.11028
-0.676347 -6.11058
-0.672353 -6.11035
-0.668359 -6.11012
-0.664366 -6.11038
-0.660373 -6.11063
-0.652386 -6.11057
-0.644399 -6.1104
-0.636412 -6.1105
-0.628425 -6.11017
-0.620438 -6.11019
-0.612452 -6.11051
-0.604465 -6.11043
-0.596478 -6.11043
-0.588491 -6.11051
-0.580504 -6.11014
-0.572517 -6.11034
-0.56453 -6.11003
-0.556543 -6.11017
-0.548557 -6.1106
-0.540569 -6.11017
-0.532582 -6.11013
-0.524596 -6.11037
-0.516609 -6.11053
-0.508622 -6.11017
-0.504629 -6.11047
-0.500636 -6.11077
-0.496642 -6.11054
-0.492648 -6.11031
-0.484661 -6.11032
-0.476675 -6.11052
-0.468689 -6.11091
-0.460702 -6.11085
-0.452714 -6.1105
-0.444728 -6.11075
-0.436741 -6.11078
-0.428754 -6.1109
-0.420767 -6.11078
-0.41278 -6.11075
-0.404794 -6.11087
-0.396806 -6.11076
-0.38882 -6.11088
-0.380833 -6.11095
-0.372846 -6.11065
-0.364859 -6.11072
-0.356872 -6.11099
-0.352879 -6.11068
-0.348885 -6.11038
-0.340898 -6.11081
-0.332911 -6.11058
-0.324925 -6.11099
-0.316938 -6.11107
-0.308951 -6.11079
-0.300964 -6.11106
-0.292977 -6.11065
-0.28499 -6.11068
-0.277004 -6.11114
-0.269017 -6.11081
-0.26103 -6.11071
-0.253043 -6.11105
-0.245056 -6.11085
-0.23707 -6.11114
-0.229083 -6.11105
-0.221095 -6.11064
-0.213108 -6.11056
-0.205121 -6.11054
-0.201128 -6.11089
-0.197135 -6.11125
-0.189148 -6.11093
-0.181161 -6.1109
-0.173175 -6.11114
-0.165188 -6.11095
-0.1572 -6.11068
-0.149214 -6.11106
-0.141227 -6.11119
-0.13324 -6.11092
-0.125254 -6.11138
-0.117267 -6.11137
-0.10928 -6.11134
-0.101293 -6.11142
-0.0933058 -6.111
-0.0853192 -6.11124
-0.0773319 -6.11093
-0.0693451 -6.11098
-0.0613584 -6.11106
-0.0533716 -6.11111
-0.045385 -6.11131
-0.0413912 -6.11108
-0.0373975 -6.11085
-0.0334045 -6.11117
-0.0294115 -6.11148
-0.0214242 -6.11116
-0.0134369 -6.11091
-0.00944388 -6.11117
-0.00545081 -6.11142
0.00253579 -6.1116
0.00652959 -6.11135
0.0105234 -6.1111
0.0185102 -6.11114
0.0264971 -6.1111
0.034484 -6.11108
0.0424708 -6.11117
0.0504579 -6.11103
0.0584443 -6.11129
0.0664309 -6.1115
0.0744175 -6.1117
0.082405 -6.11126
0.0903913 -6.11162
0.0983788 -6.11122
0.106365 -6.11147
0.114352 -6.11163
0.118346 -6.11139
0.122339 -6.11115
0.130326 -6.11107
0.138313 -6.11139
0.146299 -6.11163
0.154286 -6.11185
0.162273 -6.11186
0.166267 -6.1115
0.170261 -6.11113
0.174254 -6.11142
0.178247 -6.1117
0.186234 -6.11179
0.190227 -6.11154
0.194221 -6.11129
0.202208 -6.11162
0.210194 -6.11179
0.218181 -6.11165
0.226168 -6.11176
0.234155 -6.11192
0.242142 -6.11154
0.250128 -6.11193
0.258115 -6.11189
0.266103 -6.11156
0.27409 -6.11139
0.278083 -6.11164
0.282076 -6.11189
0.290063 -6.11161
0.29805 -6.11165
0.306037 -6.11159
0.314024 -6.11138
0.318017 -6.11162
0.32201 -6.11187
0.329998 -6.11157
0.337984 -6.11178
0.345971 -6.1115
0.349964 -6.11176
0.353957 -6.11202
0.361944 -6.11199
0.369931 -6.1119
0.377918 -6.11187
0.385906 -6.11145
0.389899 -6.11181
0.393892 -6.11217
0.401879 -6.11186
0.409866 -6.11199
0.417853 -6.11156
0.42584 -6.11163
0.433827 -6.11176
0.441813 -6.11185
0.4498 -6.11211
0.457787 -6.11205
0.465773 -6.11215
0.47376 -6.11202
0.481748 -6.1118
0.489735 -6.11168
0.497722 -6.11168
0.505708 -6.11186
0.513695 -6.11173
0.517688 -6.11202
0.521681 -6.11231
0.525675 -6.11198
0.529669 -6.11165
0.533662 -6.11201
0.537655 -6.11237
0.541649 -6.11201
0.545643 -6.11165
0.549636 -6.11194
0.553629 -6.11223
0.561616 -6.11237
0.569603 -6.11205
0.577589 -6.11229
0.585577 -6.11189
0.593564 -6.11193
0.60155 -6.11237
0.609537 -6.11206
0.617524 -6.11204
0.625511 -6.11204
0.633498 -6.11209
0.641485 -6.11207
0.649471 -6.11243
0.653465 -6.11215
0.657459 -6.11188
0.665445 -6.11199
0.669438 -6.11226
0.673432 -6.11252
0.681419 -6.11241
0.689406 -6.11216
0.697393 -6.11209
0.705379 -6.11241
0.713366 -6.11234
0.721353 -6.1124
0.72934 -6.11236
0.737327 -6.11208
0.745314 -6.11199
0.753301 -6.11215
0.757294 -6.11243
0.761287 -6.11271
0.769274 -6.11242
0.777261 -6.11247
0.785248 -6.11258
0.793235 -6.11222
0.801222 -6.11247
0.809209 -6.11233
0.813202 -6.11257
0.817195 -6.11282
0.821189 -6.11256
0.825182 -6.11231
0.833169 -6.11253
0.841156 -6.11229
0.849142 -6.11262
0.85713 -6.11228
0.865116 -6.11246
0.873104 -6.11227
0.88109 -6.11242
0.889077 -6.1124
0.897063 -6.11286
0.905051 -6.11263
0.913037 -6.11281
0.921025 -6.11246
0.929011 -6.11286
0.936998 -6.11264
0.944985 -6.1126
0.952972 -6.11252
0.960959 -6.11255
0.968946 -6.11243
0.976933 -6.11242
0.984919 -6.11288
0.992906 -6.11252
1.00089 -6.11285
1.00888 -6.11273
1.01687 -6.11285
1.02485 -6.11279
1.03284 -6.11285
1.04083 -6.11281
1.04881 -6.11265
1.0568 -6.11308
1.06479 -6.11298
1.07277 -6.11288
1.08076 -6.11299
1.08875 -6.11291
1.09673 -6.11324
1.10073 -6.11298
1.10472 -6.11271
1.11271 -6.11262
1.1207 -6.11288
1.12868 -6.11266
1.13667 -6.11289
1.14466 -6.11326
1.14865 -6.11302
1.15264 -6.11278
1.16063 -6.11283
1.16862 -6.11262
1.1766 -6.11287
1.18459 -6.11267
1.18858 -6.11296
1.19258 -6.11325
1.19657 -6.113
1.20056 -6.11275
1.20855 -6.11271
1.21654 -6.11272
1.22452 -6.11314
1.23251 -6.1129
1.2405 -6.11324
1.24849 -6.11314
1.25647 -6.11338
1.26446 -6.11324
1.27245 -6.11284
1.28043 -6.11291
1.28842 -6.11309
1.29641 -6.11279
1.30439 -6.11315
1.31238 -6.11315
1.32037 -6.11357
1.32835 -6.11341
1.33634 -6.11315
1.34433 -6.11349
1.35231 -6.11324
1.3603 -6.11348
1.36429 -6.11318
1.36829 -6.11288
1.37628 -6.11295
1.38426 -6.11294
1.38826 -6.11329
1.39225 -6.11365
1.40024 -6.11327
1.40822 -6.11335
1.41621 -6.11372
1.4202 -6.11344
1.4242 -6.11317
1.42819 -6.11345
1.43218 -6.11373
1.44017 -6.1137
1.44416 -6.11348
1.44816 -6.11325
1.45614 -6.11309
1.46413 -6.11343
1.47212 -6.1138
1.47611 -6.11355
1.4801 -6.1133
1.48809 -6.11303
1.49608 -6.11333
1.50406 -6.11335
1.51205 -6.11357
1.52004 -6.11345
1.52803 -6.1136
1.53601 -6.1136
1.544 -6.11374
1.55199 -6.11342
1.55598 -6.11366
1.55997 -6.11391
1.56796 -6.11355
1.57595 -6.11356
1.58393 -6.1138
1.59192 -6.11339
1.59991 -6.1133
1.60789 -6.11323
1.61588 -6.11324
1.61987 -6.1135
1.62387 -6.11376
1.63185 -6.11378
1.63984 -6.11397
1.64783 -6.11368
1.65581 -6.11382
1.6638 -6.11353
1.67179 -6.11335
1.67578 -6.11367
1.67977 -6.11399
1.68377 -6.11373
1.68776 -6.11347
1.69176 -6.11378
1.69575 -6.1141
1.69974 -6.11385
1.70374 -6.1136
1.71172 -6.11384
1.71971 -6.11341
1.7237 -6.11373
1.7277 -6.11405
1.73568 -6.11419
1.73968 -6.11394
1.74367 -6.11369
1.74766 -6.11394
1.75166 -6.11419
1.75565 -6.11388
1.75964 -6.11357
1.76364 -6.11386
1.76763 -6.11416
1.77162 -6.1139
1.77562 -6.11364
1.7836 -6.11395
1.79159 -6.11356
1.79958 -6.11374
1.80757 -6.11381
1.81555 -6.11386
1.82354 -6.11372
1.83153 -6.11394
1.83951 -6.1136
1.8475 -6.11393
1.85549 -6.11387
1.86347 -6.11423
1.87146 -6.11418
1.87945 -6.11391
1.88743 -6.11434
1.89542 -6.11403
1.90341 -6.11435
1.9074 -6.1141
1.91139 -6.11386
1.91938 -6.11375
1.92737 -6.11391
1.93136 -6.1142
1.93535 -6.11448
1.93935 -6.11421
1.94334 -6.11394
1.95133 -6.1144
1.95932 -6.11408
1.9673 -6.11442
1.97529 -6.11416
1.98328 -6.11437
1.99126 -6.11396
1.99925 -6.11416
2.00724 -6.11419
2.01522 -6.11382
2.01922 -6.1142
2.02321 -6.11458
2.0272 -6.11424
2.0312 -6.11389
2.03519 -6.11416
2.03918 -6.11443
2.04717 -6.11433
2.05237 -6.1142
2.05755 -6.11369
2.06273 -6.11316
2.06779 -6.11197
2.07294 -6.11112
2.07791 -6.10953
2.08288 -6.10799
2.08764 -6.10586
2.09236 -6.10366
2.097 -6.1013
2.10398 -6.09749
2.11065 -6.09313
2.11759 -6.08926
2.12449 -6.08532
2.13127 -6.08115
2.13833 -6.07748
2.14524 -6.07355
2.1521 -6.06954
2.15884 -6.06532
2.16586 -6.06157
2.17272 -6.05756
2.1796 -6.05357
2.18668 -6.04993
2.19369 -6.04618
2.20048 -6.04204
2.20739 -6.03811
2.21414 -6.03391
2.22135 -6.0305
2.22817 -6.02642
2.23481 -6.02201
2.24171 -6.01806
2.24865 -6.01419
2.25571 -6.01051
2.26272 -6.00675
2.26932 -6.0023
2.27644 -5.99872
2.2831 -5.99436
2.29003 -5.99047
2.29717 -5.98694
2.30405 -5.98296
2.31084 -5.97881
2.31765 -5.97472
2.32479 -5.97118
2.33149 -5.96688
2.33869 -5.96346
2.34551 -5.95938
2.3523 -5.95522
2.35929 -5.95144
2.36624 -5.94757
2.37296 -5.94331
2.37985 -5.93935
2.38686 -5.93561
2.3939 -5.93189
2.40056 -5.92752
2.40742 -5.92351
2.4146 -5.92006
2.42154 -5.91618
2.42808 -5.91161
2.43524 -5.9081
2.44207 -5.90403
2.44884 -5.89986
2.45584 -5.89609
2.46291 -5.89244
2.46951 -5.88796
2.47644 -5.88407
2.48361 -5.8806
2.49035 -5.87637
2.49714 -5.87223
2.5044 -5.86891
2.51115 -5.8647
2.51817 -5.86096
2.52487 -5.85666
2.53195 -5.85304
2.53885 -5.84909
2.54569 -5.84504
2.55254 -5.84101
2.55928 -5.83676
2.56636 -5.83315
2.57317 -5.82903
2.58002 -5.825
2.58689 -5.821
2.59406 -5.81752
2.60107 -5.81376
2.60764 -5.80926
2.61414 -5.80547
2.62028 -5.80111
2.62648 -5.79609
2.63259 -5.79095
2.63898 -5.78617
2.64547 -5.78152
2.65143 -5.77618
2.65797 -5.77159
2.66422 -5.76664
2.67047 -5.76168
2.67341 -5.75897
2.67636 -5.75627
2.6829 -5.75167
2.68918 -5.74675
2.69518 -5.74147
2.70135 -5.73642
2.70772 -5.73161
2.71399 -5.72667
2.7173 -5.72443
2.72061 -5.72218
2.72655 -5.71683
2.73301 -5.71213
2.7392 -5.70709
2.74526 -5.7019
2.75169 -5.69716
2.75789 -5.69215
2.76441 -5.68753
2.77043 -5.68228
2.77646 -5.67704
2.78274 -5.67212
2.78932 -5.66758
2.79563 -5.66269
2.80189 -5.65774
2.80482 -5.65502
2.80775 -5.65229
2.8111 -5.65009
2.81444 -5.64789
2.82051 -5.6427
2.82663 -5.63757
2.83292 -5.63267
2.83905 -5.62756
2.84556 -5.62293
2.85185 -5.61802
2.85784 -5.61273
2.86407 -5.60774
2.87036 -5.60283
2.87689 -5.59823
2.88312 -5.59324
2.88918 -5.58805
2.89543 -5.58308
2.90168 -5.57813
2.90809 -5.57337
2.91413 -5.56815
2.92073 -5.56363
2.92687 -5.55853
2.93307 -5.55351
2.93937 -5.54861
2.94546 -5.54345
2.95201 -5.53886
2.95831 -5.53397
2.96449 -5.52892
2.97089 -5.52415
2.97698 -5.51899
2.98295 -5.51368
2.98925 -5.50878
2.9956 -5.50394
3.00218 -5.4994
3.00841 -5.49442
3.01132 -5.49168
3.01424 -5.48893
3.02078 -5.48434
3.0268 -5.47908
3.03317 -5.47428
3.03976 -5.46975
3.04573 -5.46443
3.05188 -5.45936
3.05842 -5.45476
3.06436 -5.4494
3.07072 -5.44458
3.07707 -5.43976
3.08351 -5.43503
3.08979 -5.43012
3.09574 -5.42477
3.10219 -5.42007
3.10843 -5.4151
3.11446 -5.40986
3.121 -5.40527
3.12696 -5.39994
3.13357 -5.39544
3.13967 -5.39029
3.14583 -5.38522
3.15224 -5.38046
3.15838 -5.37536
3.16477 -5.37057
3.17097 -5.36555
3.17711 -5.36045
3.18359 -5.35578
3.18987 -5.35087
3.19585 -5.34557
3.20208 -5.34058
3.20861 -5.33597
3.21155 -5.33325
3.21449 -5.33054
3.21783 -5.32833
3.22117 -5.32613
3.22714 -5.32082
3.23373 -5.31628
3.23995 -5.31129
3.2462 -5.30633
3.2525 -5.30143
3.25851 -5.29617
3.26504 -5.29157
3.26797 -5.28884
3.2709 -5.28612
3.27751 -5.28161
3.28357 -5.2764
3.28967 -5.27126
3.29615 -5.26659
3.30211 -5.26127
3.3086 -5.25661
3.31495 -5.25177
3.3212 -5.24682
3.32759 -5.24204
3.33052 -5.2393
3.33344 -5.23657
3.33967 -5.23159
3.34599 -5.22671
3.35256 -5.22216
3.35874 -5.21711
3.36504 -5.21222
3.37111 -5.20702
3.37742 -5.20214
3.38393 -5.19751
3.38991 -5.19221
3.39631 -5.18743
3.40236 -5.18222
3.40852 -5.17716
3.41512 -5.17264
3.42103 -5.16725
3.42754 -5.16262
3.43375 -5.15761
3.44005 -5.15271
3.44639 -5.14785
3.45185 -5.14259
3.45302 -5.1415
3.45647 -5.1381
3.4598 -5.13462
3.46289 -5.13089
3.46612 -5.12728
3.46875 -5.12321
3.47124 -5.11907
3.47346 -5.11477
3.47563 -5.11048
3.478 -5.10621
3.47935 -5.10155
3.48036 -5.09979
3.48165 -5.0956
3.48272 -5.09136
3.484 -5.08715
3.48462 -5.08281
3.48521 -5.07847
3.48592 -5.07413
3.48612 -5.06975
3.48623 -5.06536
3.48563 -5.05742
3.48616 -5.04947
3.48565 -5.04153
3.48546 -5.03358
3.48606 -5.02563
3.48576 -5.01769
3.48517 -5.00975
3.48582 -5.0018
3.48547 -4.99385
3.48571 -4.98591
3.48555 -4.97796
3.48505 -4.97002
3.4853 -4.96207
3.48515 -4.95413
3.48459 -4.94619
3.48495 -4.93824
3.48509 -4.93029
3.48459 -4.92235
3.4843 -4.9144
3.4842 -4.90646
3.48486 -4.89851
3.48458 -4.89056
3.48456 -4.88262
3.48423 -4.87467
3.4842 -4.86673
3.4844 -4.85878
3.48435 -4.85083
3.48366 -4.84289
3.48394 -4.83494
3.48365 -4.827
3.4837 -4.81906
3.48318 -4.81446
3.48302 -4.80986
3.48293 -4.80521
3.48209 -4.80064
3.48049 -4.79628
3.47987 -4.79165
3.4781 -4.78738
3.47644 -4.78308
3.4744 -4.77894
3.47288 -4.77455
3.47062 -4.77052
3.46797 -4.76675
3.46576 -4.76266
3.46306 -4.75891
3.45975 -4.75436
3.4566 -4.75094
3.4533 -4.74767
3.45012 -4.74427
3.44693 -4.74088
3.4438 -4.73839
3.44066 -4.73591
3.43784 -4.73307
3.43502 -4.73024
3.42877 -4.72524
3.42304 -4.71967
3.41732 -4.71408
3.41134 -4.70879
3.40525 -4.70362
3.39899 -4.69864
3.39623 -4.69573
3.39347 -4.69283
3.3873 -4.68774
3.3811 -4.6827
3.37531 -4.6772
3.36916 -4.67209
3.36637 -4.66921
3.36358 -4.66634
3.35754 -4.66112
3.35128 -4.65614
3.34852 -4.65323
3.34577 -4.65032
3.34258 -4.6479
3.33939 -4.64548
3.33663 -4.64257
3.33388 -4.63966
3.32787 -4.6344
3.32472 -4.63193
3.32157 -4.62946
3.31577 -4.62396
3.30961 -4.61886
3.30359 -4.61362
3.29761 -4.60833
3.29168 -4.60298
3.28601 -4.59733
3.27993 -4.59215
3.27405 -4.58674
3.26832 -4.58117
3.26218 -4.57606
3.25621 -4.57075
3.24997 -4.56575
3.24426 -4.56015
3.23807 -4.55509
3.23528 -4.55222
3.23249 -4.54935
3.22932 -4.5469
3.22615 -4.54446
3.22334 -4.54161
3.22053 -4.53877
3.21457 -4.53345
3.20839 -4.52837
3.20255 -4.52292
3.19647 -4.51774
3.19055 -4.51238
3.18477 -4.50686
3.17872 -4.50165
3.17288 -4.49619
3.16671 -4.49111
3.16096 -4.48557
3.15504 -4.48021
3.15182 -4.47781
3.1486 -4.47542
3.14582 -4.47254
3.14303 -4.46967
3.13686 -4.46459
3.13115 -4.45899
3.12799 -4.45654
3.12482 -4.45409
3.11896 -4.44866
3.11308 -4.44326
3.10736 -4.43767
3.10125 -4.43252
3.09528 -4.42722
3.08926 -4.42197
3.08315 -4.41682
3.07716 -4.41154
3.07436 -4.40868
3.07156 -4.40582
3.0684 -4.40336
3.06524 -4.4009
3.06243 -4.39805
3.05962 -4.3952
3.05354 -4.39003
3.0477 -4.38458
3.04155 -4.37947
3.03548 -4.37428
3.02979 -4.36866
3.02368 -4.3635
3.01755 -4.35838
3.01172 -4.35292
3.00593 -4.34742
2.99988 -4.3422
2.99401 -4.33678
2.99087 -4.3343
2.98774 -4.33181
2.98194 -4.32632
2.97583 -4.32117
2.96999 -4.31572
2.96421 -4.31019
2.95837 -4.30475
2.95521 -4.3023
2.95204 -4.29984
2.94599 -4.29463
2.94014 -4.28919
2.93434 -4.28369
2.92822 -4.27855
2.92213 -4.27338
2.91636 -4.26785
2.91058 -4.26234
2.90433 -4.25735
2.89856 -4.25182
2.89258 -4.24652
2.88652 -4.24132
2.88372 -4.23846
2.88091 -4.23561
2.87771 -4.23313
2.87785 -4.2325
2.87855 -4.23211
2.87931 -4.23171
2.87943 -4.23092
2.87997 -4.23034
2.87997 -4.22953
2.88033 -4.22887
2.88026 -4.22809
2.8806 -4.22741
2.88057 -4.22667
2.8806 -4.22595
2.88088 -4.22522
2.88114 -4.22445
2.88067 -4.22375
2.88001 -4.21869
2.87935 -4.21363
2.87953 -4.21286
2.87975 -4.21204
2.8792 -4.21143
2.87914 -4.21066
2.87838 -4.2102
2.87829 -4.20944
2.87799 -4.20876
2.87782 -4.20798
2.87734 -4.20741
2.87336 -4.20208
2.86938 -4.19675
2.8654 -4.19141
2.86143 -4.18608
2.85745 -4.18075
2.85661 -4.18048
2.85617 -4.17988
2.85561 -4.17941
2.85517 -4.17879
2.8546 -4.17831
2.85388 -4.17806
2.8533 -4.17759
2.8527 -4.17713
2.85207 -4.17672
2.84577 -4.17403
2.83947 -4.17133
2.83318 -4.16864
2.82688 -4.16595
2.82058 -4.16325
2.81429 -4.16056
2.81338 -4.16084
2.81283 -4.16001
2.81206 -4.15994
2.81127 -4.16008
2.8105 -4.16028
2.80977 -4.16019
2.80902 -4.1598
2.80825 -4.1598
2.8075 -4.15988
2.80676 -4.16007
2.80594 -4.15997
2.80529 -4.16045
2.80475 -4.1611
2.80378 -4.16084
2.80323 -4.16142
2.80261 -4.16186
2.802 -4.16231
2.80163 -4.16302
2.80107 -4.1635
2.80053 -4.16401
2.80034 -4.16426
