1.11143 -2.38229
1.10839 -2.3793
1.10218 -2.37427
1.09612 -2.36906
1.09032 -2.36356
1.08714 -2.36113
1.08395 -2.35871
1.07802 -2.35336
1.07214 -2.34796
1.06612 -2.3427
1.05984 -2.33775
1.05699 -2.33494
1.05414 -2.33213
1.04824 -2.32675
1.04193 -2.32183
1.03604 -2.31643
1.02997 -2.31124
1.02401 -2.30592
1.01786 -2.30082
1.01176 -2.29566
1.00578 -2.29037
0.999706 -2.28518
0.993657 -2.27996
0.987804 -2.27452
0.98189 -2.26915
0.975687 -2.26411
0.969681 -2.25884
0.963562 -2.2537
0.960742 -2.25086
0.957923 -2.24802
0.95181 -2.24287
0.94592 -2.23747
0.939853 -2.23228
0.936643 -2.22988
0.933433 -2.22749
0.930574 -2.22469
0.927716 -2.22189
0.921478 -2.21689
0.915449 -2.21165
0.909333 -2.20651
0.906514 -2.20367
0.903695 -2.20082
0.897469 -2.19581
0.89507 -2.19406
0.890166 -2.1897
0.885082 -2.18555
0.880003 -2.1814
0.874993 -2.17717
0.870056 -2.17284
0.868139 -2.1721
0.862025 -2.16701
0.855807 -2.16204
0.84936 -2.15737
0.84344 -2.15203
0.837135 -2.14718
0.830634 -2.14258
0.824773 -2.13716
0.818165 -2.1327
0.812148 -2.12748
0.805937 -2.12251
0.799462 -2.11787
0.793207 -2.11296
0.787212 -2.10771
0.780851 -2.10293
0.774866 -2.09768
0.768177 -2.09331
0.761985 -2.08832
0.756096 -2.08294
0.749605 -2.07832
0.743548 -2.07316
0.736975 -2.06865
0.730934 -2.06346
0.724804 -2.05838
0.718544 -2.05348
0.712338 -2.0485
0.706032 -2.04365
0.699455 -2.03914
0.693448 -2.03391
0.686917 -2.02935
0.680777 -2.02429
0.674546 -2.01934
0.668592 -2.01405
0.662057 -2.00949
0.65612 -2.00417
0.64965 -1.99953
0.643572 -1.99439
0.637387 -1.98938
0.630744 -1.98496
0.624771 -1.97969
0.618395 -1.97493
0.612369 -1.96972
0.605833 -1.96516
0.599759 -1.96002
0.593533 -1.95507
0.586939 -1.95058
0.580758 -1.94557
0.574769 -1.94032
0.56854 -1.93537
0.562413 -1.9303
0.555711 -1.92595
0.549926 -1.92044
0.543291 -1.916
0.536976 -1.91117
0.530772 -1.90619
0.524767 -1.90095
0.518321 -1.89628
0.512012 -1.89143
0.505806 -1.88646
0.499936 -1.88105
0.493674 -1.87615
0.487318 -1.87136
0.481198 -1.86628
0.47485 -1.86148
0.468405 -1.8568
0.462024 -1.85205
0.456172 -1.84662
0.449951 -1.84167
0.443477 -1.83703
0.437423 -1.83186
0.430949 -1.82722
0.424723 -1.82227
0.418425 -1.81741
0.41243 -1.81217
0.406144 -1.80729
0.399873 -1.8024
0.39341 -1.79774
0.387455 -1.79245
0.381138 -1.78761
0.374573 -1.78309
0.368579 -1.77785
0.362487 -1.77272
0.355937 -1.76818
0.34976 -1.76317
0.343542 -1.75821
0.337117 -1.75351
0.33079 -1.74869
0.324703 -1.74356
0.318484 -1.7386
0.312074 -1.73388
0.305896 -1.72887
0.299584 -1.72402
0.293484 -1.71891
0.287301 -1.7139
0.281008 -1.70904
0.274753 -1.70412
0.268428 -1.6993
0.262382 -1.69412
0.25628 -1.68901
0.249848 -1.68432
0.243295 -1.67978
0.237354 -1.67447
0.231216 -1.6694
0.22483 -1.66466
0.218448 -1.6599
0.212427 -1.65469
0.205884 -1.65014
0.199686 -1.64515
0.193558 -1.64008
0.189552 -1.63749
0.18592 -1.63433
0.18168 -1.63215
0.177713 -1.62941
0.173235 -1.62775
0.16897 -1.62555
0.164422 -1.62412
0.159932 -1.62246
0.155232 -1.62162
0.150641 -1.62026
0.145937 -1.61949
0.141173 -1.61927
0.136428 -1.61874
0.131662 -1.61849
0.124066 -1.61901
0.116469 -1.61879
0.108872 -1.61876
0.101275 -1.61828
0.0936784 -1.61881
0.0860816 -1.61883
0.0784801 -1.61853
0.073555 -1.61919
0.0686117 -1.61923
0.0636412 -1.61948
0.0587724 -1.62047
0.0540944 -1.62217
0.0491036 -1.62275
0.0445832 -1.62481
0.0397464 -1.62608
0.0353524 -1.62837
0.0310968 -1.63089
0.0268461 -1.63343
0.0225937 -1.63593
0.0184108 -1.6386
0.014372 -1.6415
0.0115133 -1.6443
0.00865469 -1.64711
0.00537403 -1.64941
0.00209337 -1.65171
-0.0039249 -1.65695
-0.00979093 -1.66239
-0.0159944 -1.66741
-0.0221991 -1.67244
-0.0284166 -1.67745
-0.0344187 -1.68272
-0.0406165 -1.68775
-0.0468181 -1.69278
-0.0531808 -1.69762
-0.059205 -1.70286
-0.0652811 -1.70804
-0.0715028 -1.71304
-0.0773784 -1.71847
-0.0835731 -1.7235
-0.0899458 -1.72833
-0.0959585 -1.73358
-0.102295 -1.73845
-0.105192 -1.74121
-0.108088 -1.74397
-0.114471 -1.74878
-0.120549 -1.75396
-0.126697 -1.75905
-0.132643 -1.76439
-0.139011 -1.76922
-0.145309 -1.77413
-0.151155 -1.77959
-0.157334 -1.78465
-0.163277 -1.78999
-0.169489 -1.795
-0.17589 -1.79979
-0.178779 -1.80256
-0.181667 -1.80533
-0.187831 -1.81041
-0.193985 -1.81549
-0.197231 -1.81783
-0.200476 -1.82017
-0.206469 -1.82545
-0.212829 -1.83029
-0.218815 -1.83558
-0.224957 -1.84068
-0.23122 -1.84564
-0.237191 -1.85094
-0.24335 -1.85602
-0.249572 -1.86103
-0.255538 -1.86634
-0.261892 -1.87119
-0.267714 -1.87667
-0.273806 -1.88183
-0.280093 -1.88676
-0.286527 -1.89151
-0.292355 -1.89699
-0.298421 -1.90218
-0.301685 -1.9045
-0.304949 -1.90682
-0.310939 -1.9121
-0.31693 -1.91738
-0.322962 -1.92262
-0.329171 -1.92764
-0.335175 -1.9329
-0.341542 -1.93773
-0.347642 -1.94288
-0.353783 -1.94799
-0.359714 -1.95334
-0.366055 -1.9582
-0.372346 -1.96312
-0.378493 -1.96822
-0.384504 -1.97348
-0.390586 -1.97865
-0.396795 -1.98367
-0.403069 -1.98861
-0.405955 -1.99139
-0.40884 -1.99416
-0.415087 -1.99913
-0.421156 -2.00432
-0.427409 -2.00929
-0.433695 -2.01422
-0.439776 -2.01939
-0.446106 -2.02427
-0.45223 -2.02939
-0.458168 -2.03474
-0.464181 -2.03999
-0.470299 -2.04512
-0.476627 -2.05
-0.482889 -2.05495
-0.48579 -2.05771
-0.488691 -2.06047
-0.494865 -2.06553
-0.501147 -2.07046
-0.507195 -2.07567
-0.513433 -2.08066
-0.519489 -2.08586
-0.525885 -2.09066
-0.531762 -2.09608
-0.538153 -2.10088
-0.544256 -2.10603
-0.550527 -2.11097
-0.553356 -2.11381
-0.556186 -2.11666
-0.559497 -2.11892
-0.562809 -2.12118
-0.565699 -2.12395
-0.568589 -2.12671
-0.571832 -2.12906
-0.575076 -2.1314
-0.581105 -2.13664
-0.58731 -2.14166
-0.59334 -2.1469
-0.599589 -2.15187
-0.605767 -2.15693
-0.611608 -2.16239
-0.617831 -2.16739
-0.62419 -2.17223
-0.630265 -2.17741
-0.633161 -2.18018
-0.636056 -2.18294
-0.642464 -2.18772
-0.648382 -2.19309
-0.654501 -2.19822
-0.660724 -2.20322
-0.667052 -2.2081
-0.673129 -2.21328
-0.679312 -2.21833
-0.685147 -2.2238
-0.691326 -2.22885
-0.697671 -2.23371
-0.701533 -2.23678
-0.704427 -2.23954
-0.707321 -2.24231
-0.710229 -2.24505
-0.713137 -2.2478
-0.71601 -2.25058
-0.718884 -2.25337
-0.721761 -2.25615
-0.724639 -2.25893
-0.727665 -2.26155
-0.730692 -2.26416
-0.733761 -2.26673
-0.736829 -2.26931
-0.739727 -2.27206
-0.742624 -2.27482
-0.748515 -2.28024
-0.751412 -2.28299
-0.754309 -2.28575
-0.757398 -2.2883
-0.760486 -2.29085
-0.763233 -2.29377
-0.76598 -2.2967
-0.768964 -2.29936
-0.771947 -2.30203
-0.77496 -2.30466
-0.777973 -2.30729
-0.780836 -2.31009
-0.783698 -2.31288
-0.786711 -2.31552
-0.789724 -2.31815
-0.792565 -2.32097
-0.795407 -2.32379
-0.798526 -2.3263
-0.801646 -2.32882
-0.804504 -2.33162
-0.807362 -2.33442
-0.810253 -2.33719
-0.813144 -2.33995
-0.816265 -2.34247
-0.819386 -2.34498
-0.822176 -2.34786
-0.824966 -2.35073
-0.828044 -2.35329
-0.831122 -2.35585
-0.834105 -2.35852
-0.837089 -2.36118
-0.842932 -2.36665
-0.848765 -2.37212
-0.851586 -2.37496
-0.854406 -2.37781
-0.857441 -2.38041
-0.860477 -2.38302
-0.866406 -2.38839
-0.869181 -2.39128
-0.871956 -2.39418
-0.874957 -2.39682
-0.877957 -2.39947
-0.881015 -2.40205
-0.884072 -2.40464
-0.889939 -2.41007
-0.892816 -2.41285
-0.895694 -2.41563
-0.898601 -2.41838
-0.901508 -2.42113
-0.904415 -2.42388
-0.907322 -2.42662
-0.910355 -2.42924
-0.913388 -2.43185
-0.91627 -2.43462
-0.919152 -2.4374
-0.92216 -2.44003
-0.925169 -2.44267
-0.928242 -2.44524
-0.931314 -2.4478
-0.93726 -2.45316
-0.943142 -2.45858
-0.946045 -2.46133
-0.948949 -2.46408
-0.954855 -2.46948
-0.957685 -2.47231
-0.960515 -2.47514
-0.963375 -2.47794
-0.966234 -2.48074
-0.972191 -2.48608
-0.978124 -2.49145
-0.981032 -2.49419
-0.983939 -2.49694
-0.986967 -2.49956
-0.989994 -2.50217
-0.992849 -2.50498
-0.995704 -2.50778
-0.998774 -2.51035
-1.00184 -2.51292
-1.00773 -2.51834
-1.01077 -2.52095
-1.0138 -2.52356
-1.01972 -2.52894
-1.02566 -2.5343
-1.02836 -2.53727
-1.03106 -2.54025
-1.03425 -2.54268
-1.03744 -2.54512
-1.04027 -2.54795
-1.0431 -2.55078
-1.04613 -2.5534
-1.04916 -2.55602
-1.05503 -2.56145
-1.05792 -2.56421
-1.06082 -2.56697
-1.06672 -2.57237
-1.06977 -2.57496
-1.07282 -2.57755
-1.07571 -2.58032
-1.0786 -2.58309
-1.08136 -2.586
-1.08412 -2.5889
-1.08714 -2.59153
-1.09016 -2.59416
-1.09307 -2.5969
-1.09598 -2.59965
-1.09897 -2.6023
-1.10197 -2.60495
-1.10488 -2.60769
-1.10779 -2.61043
-1.11367 -2.61586
-1.11671 -2.61846
-1.11976 -2.62106
-1.12264 -2.62383
-1.12553 -2.6266
-1.12868 -2.62916
-1.12898 -2.62839
-1.1296 -2.62794
-1.13046 -2.62783
-1.13099 -2.6273
-1.13167 -2.627
-1.13217 -2.62633
-1.13287 -2.62603
-1.13364 -2.62597
-1.13439 -2.62591
-1.13499 -2.62508
-1.1358 -2.6254
-1.13654 -2.6253
-1.13729 -2.62552
-1.13802 -2.62554
-1.13881 -2.62506
-1.14372 -2.62588
-1.14864 -2.62671
-1.14931 -2.62678
-1.14997 -2.62688
-1.15074 -2.62668
-1.15152 -2.62659
-1.15777 -2.62916
-1.16402 -2.63172
-1.17026 -2.63429
-1.17651 -2.63686
-1.17746 -2.63659
-1.17806 -2.63709
-1.17875 -2.63742
-1.17932 -2.63793
-1.18008 -2.6382
-1.18035 -2.63903
-1.18118 -2.63927
-1.18155 -2.63996
-1.18181 -2.6407
-1.18243 -2.64119
-1.18273 -2.64188
-1.18597 -2.64746
-1.18921 -2.65303
-1.19245 -2.65861
-1.19569 -2.66418
-1.19893 -2.66976
-1.19913 -2.67039
-1.20165 -2.67557
-1.20418 -2.68076
-1.2067 -2.68594
-1.20761 -2.68636
-1.20771 -2.68713
-1.2081 -2.68779
-1.20842 -2.6885
-1.20828 -2.6893
-1.20808 -2.69006
-1.20828 -2.69079
-1.20839 -2.69154
-1.20872 -2.69232
-1.2086 -2.69308
-1.20803 -2.69373
-1.20835 -2.6946
-1.20766 -2.69516
-1.20777 -2.69601
-1.20698 -2.69646
-1.20693 -2.69729
-1.20666 -2.69801
-1.20598 -2.69844
-1.2056 -2.69909
-1.20506 -2.69936
-1.20813 -2.70222
-1.21403 -2.70762
-1.21702 -2.71028
-1.22001 -2.71294
-1.22586 -2.7184
-1.22863 -2.7213
-1.2314 -2.72419
-1.23735 -2.72954
-1.24053 -2.73199
-1.24371 -2.73444
-1.24658 -2.73723
-1.24945 -2.74002
-1.25244 -2.74267
-1.25543 -2.74533
-1.25823 -2.74819
-1.26103 -2.75105
-1.26698 -2.75641
-1.26982 -2.75923
-1.27266 -2.76205
-1.27577 -2.76458
-1.27887 -2.76711
-1.28172 -2.76993
-1.28456 -2.77274
-1.28757 -2.77538
-1.29059 -2.77801
-1.29654 -2.78335
-1.29941 -2.78614
-1.30228 -2.78893
-1.30815 -2.79436
-1.31124 -2.79691
-1.31433 -2.79946
-1.31732 -2.80212
-1.32031 -2.80478
-1.32322 -2.80752
-1.32613 -2.81026
-1.32898 -2.81307
-1.33183 -2.81588
-1.33466 -2.81871
-1.33749 -2.82155
-1.34058 -2.82409
-1.34367 -2.82664
-1.34654 -2.82943
-1.34941 -2.83222
-1.35231 -2.83497
-1.35522 -2.83772
-1.35834 -2.84024
-1.36146 -2.84276
-1.36421 -2.84567
-1.36695 -2.84859
-1.37014 -2.85104
-1.37333 -2.85348
-1.37618 -2.85629
-1.37903 -2.8591
-1.38193 -2.86185
-1.38484 -2.8646
-1.3907 -2.87004
-1.39356 -2.87284
-1.39642 -2.87564
-1.39953 -2.87817
-1.40264 -2.8807
-1.40858 -2.88605
-1.41156 -2.88872
-1.41455 -2.89138
-1.41738 -2.89421
-1.42022 -2.89703
-1.42313 -2.89978
-1.42604 -2.90252
-1.42915 -2.90505
-1.43226 -2.90758
-1.43516 -2.91033
-1.43807 -2.91307
-1.44089 -2.91592
-1.44371 -2.91876
-1.44679 -2.92131
-1.44988 -2.92387
-1.45274 -2.92666
-1.4556 -2.92946
-1.45862 -2.93209
-1.46164 -2.93471
-1.46448 -2.93753
-1.46733 -2.94035
-1.4704 -2.94292
-1.47347 -2.94549
-1.47636 -2.94825
-1.47925 -2.95101
-1.48209 -2.95384
-1.48493 -2.95666
-1.48783 -2.95942
-1.49073 -2.96217
-1.49383 -2.96471
-1.49692 -2.96725
-1.49971 -2.97014
-1.50249 -2.97302
-1.50556 -2.97559
-1.50863 -2.97815
-1.51152 -2.98093
-1.5144 -2.98371
-1.52027 -2.98914
-1.52331 -2.99174
-1.52635 -2.99434
-1.52916 -2.9972
-1.53197 -3.00005
-1.53501 -3.00265
-1.53805 -3.00525
-1.54113 -3.00782
-1.54421 -3.01038
-1.54711 -3.01313
-1.55001 -3.01589
-1.55586 -3.02134
-1.55868 -3.02419
-1.56149 -3.02703
-1.56455 -3.02962
-1.56761 -3.0322
-1.57045 -3.03502
-1.57329 -3.03784
-1.57643 -3.04034
-1.57956 -3.04284
-1.58232 -3.04575
-1.58508 -3.04865
-1.59101 -3.05403
-1.5941 -3.05657
-1.5972 -3.05911
-1.60002 -3.06195
-1.60285 -3.06479
-1.60586 -3.06743
-1.60887 -3.07006
-1.61175 -3.07283
-1.61464 -3.0756
-1.61771 -3.07817
-1.62077 -3.08075
-1.62664 -3.08618
-1.63256 -3.09157
-1.63546 -3.09433
-1.63835 -3.09709
-1.64116 -3.09994
-1.64396 -3.1028
-1.64985 -3.10822
-1.65283 -3.11089
-1.65582 -3.11355
-1.66172 -3.11894
-1.66463 -3.12169
-1.66754 -3.12444
-1.67338 -3.1299
-1.67926 -3.13533
-1.68518 -3.1407
-1.68816 -3.14337
-1.69115 -3.14604
-1.69405 -3.14879
-1.69696 -3.15154
-1.70005 -3.15408
-1.70314 -3.15663
-1.706 -3.15942
-1.70887 -3.16222
-1.71175 -3.16499
-1.71464 -3.16776
-1.72054 -3.17316
-1.72353 -3.17582
-1.72653 -3.17847
-1.73247 -3.18383
-1.73535 -3.18661
-1.73822 -3.18939
-1.74136 -3.19188
-1.74451 -3.19437
-1.74737 -3.19717
-1.75023 -3.19997
-1.75306 -3.20279
-1.7559 -3.20562
-1.75881 -3.20837
-1.76172 -3.21111
-1.76767 -3.21645
-1.77078 -3.21898
-1.77388 -3.22151
-1.7767 -3.22436
-1.77951 -3.22721
-1.78252 -3.22985
-1.78554 -3.23248
-1.78857 -3.23509
-1.79161 -3.23769
-1.79451 -3.24045
-1.79741 -3.2432
-1.80032 -3.24594
-1.80324 -3.24868
-1.80624 -3.25132
-1.80925 -3.25397
-1.8151 -3.25942
-1.8181 -3.26207
-1.82111 -3.26471
-1.82393 -3.26754
-1.82676 -3.27038
-1.82983 -3.27295
-1.8329 -3.27552
-1.83571 -3.27837
-1.83852 -3.28122
-1.84438 -3.28666
-1.84729 -3.28941
-1.85019 -3.29216
-1.85332 -3.29467
-1.85644 -3.29719
-1.86228 -3.30265
-1.86815 -3.3081
-1.87404 -3.3135
-1.87688 -3.31632
-1.87973 -3.31914
-1.88283 -3.32167
-1.88594 -3.3242
-1.88883 -3.32697
-1.89171 -3.32974
-1.89455 -3.33256
-1.89739 -3.33538
-1.90332 -3.34075
-1.90621 -3.34353
-1.90909 -3.3463
-1.91226 -3.34875
-1.91544 -3.35121
-1.91831 -3.354
-1.92118 -3.35679
-1.92712 -3.36215
-1.92994 -3.36499
-1.93275 -3.36783
-1.93582 -3.37041
-1.93888 -3.37299
-1.94481 -3.37836
-1.94781 -3.38101
-1.95081 -3.38366
-1.95369 -3.38643
-1.95657 -3.3892
-1.95939 -3.39205
-1.9622 -3.3949
-1.96525 -3.39749
-1.9683 -3.40008
-1.97115 -3.40289
-1.974 -3.4057
-1.97987 -3.41114
-1.98299 -3.41365
-1.98612 -3.41616
-1.98894 -3.41901
-1.99176 -3.42185
-1.99477 -3.42449
-1.99778 -3.42712
-2.00369 -3.43251
-2.00653 -3.43534
-2.00936 -3.43816
-2.01524 -3.44359
-2.0211 -3.44904
-2.02703 -3.4544
-2.03002 -3.45706
-2.033 -3.45972
-2.03588 -3.4625
-2.03876 -3.46528
-2.04184 -3.46784
-2.04491 -3.47041
-2.0508 -3.47582
-2.05364 -3.47865
-2.05647 -3.48148
-2.05958 -3.484
-2.06269 -3.48653
-2.06553 -3.48935
-2.06837 -3.49217
-2.07127 -3.49492
-2.07417 -3.49768
-2.07729 -3.50019
-2.08041 -3.50271
-2.08319 -3.5056
-2.08596 -3.5085
-2.08885 -3.51126
-2.09174 -3.51403
-2.09474 -3.51668
-2.09773 -3.51933
-2.10061 -3.52211
-2.10348 -3.52489
-2.10654 -3.52748
-2.10959 -3.53007
-2.11245 -3.53287
-2.11531 -3.53567
-2.11831 -3.53832
-2.12131 -3.54097
-2.12714 -3.54644
-2.13021 -3.54901
-2.13328 -3.55158
-2.1362 -3.55432
-2.13911 -3.55706
-2.14201 -3.55981
-2.14491 -3.56257
-2.15086 -3.56792
-2.15391 -3.57051
-2.15696 -3.57311
-2.1629 -3.57846
-2.16567 -3.58136
-2.16843 -3.58427
-2.17436 -3.58964
-2.17739 -3.59225
-2.18042 -3.59486
-2.18631 -3.60027
-2.1892 -3.60304
-2.19209 -3.60581
-2.1951 -3.60845
-2.19811 -3.61108
-2.20395 -3.61655
-2.20681 -3.61935
-2.20966 -3.62215
-2.21257 -3.6249
-2.21548 -3.62764
-2.2214 -3.63302
-2.22444 -3.63563
-2.22747 -3.63824
-2.23336 -3.64366
-2.23622 -3.64646
-2.23907 -3.64926
-2.24211 -3.65187
-2.24515 -3.65447
-2.24817 -3.65709
-2.2512 -3.65971
-2.25396 -3.66261
-2.25673 -3.66552
-2.26258 -3.67097
-2.26561 -3.67358
-2.26864 -3.6762
-2.27165 -3.67883
-2.27467 -3.68146
-2.27766 -3.68412
-2.28064 -3.68678
-2.28658 -3.69214
-2.28939 -3.69499
-2.2922 -3.69785
-2.29806 -3.7033
-2.3012 -3.70579
-2.30434 -3.70828
-2.31019 -3.71374
-2.31299 -3.7166
-2.3158 -3.71946
-2.31867 -3.72225
-2.32154 -3.72503
-2.32454 -3.72768
-2.32753 -3.73034
-2.33064 -3.73286
-2.33376 -3.73538
-2.3396 -3.74084
-2.34248 -3.74362
-2.34537 -3.74639
-2.34826 -3.74915
-2.35116 -3.75191
-2.35425 -3.75445
-2.35735 -3.757
-2.36323 -3.76242
-2.36609 -3.76522
-2.36896 -3.76801
-2.37195 -3.77066
-2.37494 -3.77332
-2.37795 -3.77596
-2.38096 -3.77859
-2.38381 -3.7814
-2.38666 -3.78422
-2.38956 -3.78697
-2.39247 -3.78972
-2.39834 -3.79515
-2.40117 -3.79798
-2.404 -3.80082
-2.40708 -3.80337
-2.41016 -3.80593
-2.41299 -3.80877
-2.41581 -3.81161
-2.4217 -3.81702
-2.42482 -3.81953
-2.42795 -3.82204
-2.43076 -3.82489
-2.43357 -3.82775
-2.43647 -3.8305
-2.43937 -3.83325
-2.44249 -3.83577
-2.44561 -3.83829
-2.44841 -3.84115
-2.45121 -3.84401
-2.45439 -3.84647
-2.45756 -3.84893
-2.46026 -3.8519
-2.46296 -3.85488
-2.46611 -3.85736
-2.46926 -3.85984
-2.47225 -3.8625
-2.47524 -3.86516
-2.47809 -3.86796
-2.48095 -3.87076
-2.48384 -3.87353
-2.48673 -3.87629
-2.48972 -3.87895
-2.49271 -3.88161
-2.49862 -3.88701
-2.50457 -3.89235
-2.50746 -3.89512
-2.51034 -3.89789
-2.51318 -3.90072
-2.51601 -3.90354
-2.51914 -3.90605
-2.52227 -3.90855
-2.52812 -3.91401
-2.53398 -3.91946
-2.53684 -3.92226
-2.5397 -3.92506
-2.54279 -3.9276
-2.54589 -3.93015
-2.54887 -3.93282
-2.55184 -3.93549
-2.55461 -3.93838
-2.55739 -3.94128
-2.5605 -3.9438
-2.56362 -3.94631
-2.56642 -3.94918
-2.56922 -3.95204
-2.57225 -3.95466
-2.57527 -3.95729
-2.57811 -3.9601
-2.58095 -3.96292
-2.58396 -3.96556
-2.58697 -3.96819
-2.58978 -3.97105
-2.59259 -3.97391
-2.59561 -3.97653
-2.59863 -3.97915
-2.60171 -3.98171
-2.60479 -3.98427
-2.60761 -3.98711
-2.61044 -3.98995
-2.61343 -3.9926
-2.61643 -3.99525
-2.61942 -3.99791
-2.62241 -4.00056
-2.62526 -4.00337
-2.62811 -4.00619
-2.631 -4.00895
-2.63389 -4.01171
-2.63699 -4.01425
-2.64009 -4.01679
-2.64307 -4.01946
-2.64605 -4.02213
-2.64882 -4.02502
-2.6516 -4.02791
-2.65752 -4.03329
-2.66338 -4.03874
-2.6665 -4.04126
-2.66961 -4.04377
-2.67249 -4.04655
-2.67537 -4.04933
-2.6782 -4.05217
-2.68103 -4.055
-2.68694 -4.06038
-2.69005 -4.06291
-2.69316 -4.06544
-2.69908 -4.07082
-2.7019 -4.07366
-2.70472 -4.0765
-2.70782 -4.07905
-2.71091 -4.08159
-2.71382 -4.08434
-2.71672 -4.08709
-2.71949 -4.08999
-2.72225 -4.0929
-2.72524 -4.09555
-2.72824 -4.09821
-2.73127 -4.10082
-2.7343 -4.10343
-2.73732 -4.10605
-2.74035 -4.10867
-2.74325 -4.11142
-2.74616 -4.11416
-2.74903 -4.11696
-2.75189 -4.11975
-2.75498 -4.12231
-2.75806 -4.12486
-2.76079 -4.1278
-2.76352 -4.13074
-2.76653 -4.13338
-2.76955 -4.13601
-2.77254 -4.13866
-2.77553 -4.14132
-2.78145 -4.1467
-2.78446 -4.14934
-2.78746 -4.15198
-2.7903 -4.1548
-2.79314 -4.15762
-2.79614 -4.16027
-2.79913 -4.16292
-2.80505 -4.1683
-2.80782 -4.1712
-2.81059 -4.1741
-2.81365 -4.17668
-2.81671 -4.17927
-2.81962 -4.18201
-2.82253 -4.18475
-2.82559 -4.18733
-2.82866 -4.18991
-2.83149 -4.19274
-2.83432 -4.19557
-2.83733 -4.19821
-2.84034 -4.20084
-2.84332 -4.20351
-2.8463 -4.20618
-2.84909 -4.20906
-2.85187 -4.21193
-2.85487 -4.21459
-2.85786 -4.21724
-2.86379 -4.22261
-2.86691 -4.22513
-2.87002 -4.22765
-2.87292 -4.23041
-2.87582 -4.23316
-2.87858 -4.23607
-2.88135 -4.23897
-2.88452 -4.24143
-2.8877 -4.24388
-2.89056 -4.24668
-2.89342 -4.24948
-2.89629 -4.25227
-2.89916 -4.25506
-2.90506 -4.26045
-2.91094 -4.26588
-2.91394 -4.26852
-2.91695 -4.27116
-2.92278 -4.27664
-2.92586 -4.2792
-2.92894 -4.28176
-2.93184 -4.28452
-2.93474 -4.28727
-2.93756 -4.29012
-2.94038 -4.29296
-2.94324 -4.29575
-2.9461 -4.29855
-2.94911 -4.30118
-2.95212 -4.30382
-2.95527 -4.30631
-2.95842 -4.30879
-2.9643 -4.31421
-2.97018 -4.31964
-2.97601 -4.32511
-2.97878 -4.32801
-2.98155 -4.33091
-2.98458 -4.33352
-2.98761 -4.33614
-2.99063 -4.33876
-2.99366 -4.34138
-2.99666 -4.34403
-2.99966 -4.34667
-3.00245 -4.34955
-3.00524 -4.35242
-3.00829 -4.35501
-3.01134 -4.3576
-3.01727 -4.36297
-3.02001 -4.3659
-3.02275 -4.36883
-3.02594 -4.37128
-3.02912 -4.37372
-3.03182 -4.37669
-3.03452 -4.37967
-3.03752 -4.38231
-3.04053 -4.38496
-3.04344 -4.3877
-3.04635 -4.39044
-3.05228 -4.39581
-3.05531 -4.39843
-3.05833 -4.40105
-3.06421 -4.40647
-3.07017 -4.41181
-3.07308 -4.41455
-3.07599 -4.4173
-3.07901 -4.41992
-3.08204 -4.42254
-3.08787 -4.42801
-3.09068 -4.43087
-3.09349 -4.43372
-3.09944 -4.43907
-3.10533 -4.44448
-3.10833 -4.44713
-3.11133 -4.44978
-3.1142 -4.45257
-3.11707 -4.45535
-3.12007 -4.458
-3.12307 -4.46065
-3.12612 -4.46324
-3.12917 -4.46583
-3.13198 -4.46868
-3.1348 -4.47153
-3.1407 -4.47692
-3.1438 -4.47947
-3.14689 -4.48201
-3.14966 -4.48491
-3.15242 -4.48781
-3.15549 -4.49039
-3.15855 -4.49297
-3.16153 -4.49564
-3.16451 -4.49831
-3.16753 -4.50093
-3.17055 -4.50356
-3.17329 -4.50648
-3.17604 -4.5094
-3.17904 -4.51205
-3.18204 -4.51469
-3.18491 -4.51748
-3.18779 -4.52027
-3.19093 -4.52276
-3.19407 -4.52525
-3.19698 -4.52799
-3.19989 -4.53074
-3.2027 -4.53359
-3.20551 -4.53645
-3.20839 -4.53922
-3.21128 -4.54199
-3.21443 -4.54447
-3.21759 -4.54694
-3.22058 -4.5496
-3.22356 -4.55227
-3.22628 -4.55522
-3.22901 -4.55817
-3.23208 -4.56073
-3.23516 -4.56329
-3.23801 -4.5661
-3.24086 -4.56891
-3.24399 -4.57142
-3.24711 -4.57393
-3.25296 -4.57939
-3.25588 -4.58213
-3.25879 -4.58487
-3.26466 -4.5903
-3.26757 -4.59305
-3.27048 -4.59579
-3.27337 -4.59856
-3.27626 -4.60132
-3.27915 -4.60409
-3.28205 -4.60685
-3.2851 -4.60944
-3.28815 -4.61203
-3.29101 -4.61483
-3.29386 -4.61763
-3.29694 -4.62019
-3.30002 -4.62275
-3.30588 -4.6282
-3.30876 -4.63098
-3.31164 -4.63376
-3.31475 -4.63628
-3.31787 -4.6388
-3.32071 -4.64162
-3.32355 -4.64444
-3.32645 -4.6472
-3.32935 -4.64995
-3.33521 -4.6554
-3.3381 -4.65816
-3.341 -4.66092
-3.34403 -4.66353
-3.34706 -4.66615
-3.34996 -4.66891
-3.35285 -4.67166
-3.35587 -4.6743
-3.35888 -4.67693
-3.36188 -4.67958
-3.36488 -4.68223
-3.36777 -4.68498
-3.37067 -4.68774
-3.37354 -4.69053
-3.37642 -4.69331
-3.3823 -4.69873
-3.38815 -4.70419
-3.39122 -4.70676
-3.39428 -4.70934
-3.39717 -4.71211
-3.40005 -4.71488
-3.40314 -4.71744
-3.40622 -4.71999
-3.41212 -4.7254
-3.41484 -4.72835
-3.41756 -4.7313
-3.42345 -4.73671
-3.42662 -4.73917
-3.42978 -4.74164
-3.43565 -4.74708
-3.43843 -4.74997
-3.44121 -4.75285
-3.44435 -4.75535
-3.44749 -4.75784
-3.45025 -4.76077
-3.45017 -4.76101
-3.44986 -4.76171
-3.44947 -4.76232
-3.44842 -4.76249
-3.44819 -4.76324
-3.44833 -4.76415
-3.44797 -4.76478
-3.44781 -4.7655
-3.44766 -4.76621
-3.44749 -4.76691
-3.44698 -4.76756
-3.44698 -4.76831
-3.44731 -4.76906
-3.44671 -4.7698
-3.44672 -4.77056
-3.44712 -4.77127
-3.44741 -4.77196
-3.44863 -4.77668
-3.44985 -4.7814
-3.44986 -4.78211
-3.45021 -4.78272
-3.45057 -4.7833
-3.45039 -4.78413
-3.45352 -4.7895
-3.45664 -4.79487
-3.45976 -4.80024
-3.46288 -4.80561
-3.46279 -4.80648
-3.46344 -4.80691
-3.46391 -4.80745
-3.46423 -4.80811
-3.4649 -4.80846
-3.46533 -4.80905
-3.46594 -4.80942
-3.46653 -4.80982
-3.46709 -4.81028
-3.47285 -4.81339
-3.47862 -4.81649
-3.47926 -4.81649
-3.4852 -4.82011
-3.48587 -4.82036
-3.49315 -4.82323
-3.50044 -4.82609
-3.50089 -4.82692
-3.50182 -4.82658
-3.50244 -4.82705
-3.50322 -4.82693
-3.50391 -4.82727
-3.50466 -4.82718
-3.50538 -4.82724
-3.50613 -4.82768
-3.50685 -4.82717
-3.50757 -4.82705
-3.50831 -4.82701
-3.50894 -4.82651
-3.50972 -4.82656
-3.51052 -4.82652
-3.51091 -4.82561
-3.51164 -4.82543
-3.51201 -4.82512
-3.51372 -4.82824
-3.51635 -4.83266
-3.5186 -4.83727
-3.52052 -4.84202
-3.52248 -4.84679
-3.52321 -4.85191
-3.52468 -4.8568
-3.52558 -4.86185
-3.52665 -4.86689
-3.52638 -4.87205
-3.52719 -4.87715
-3.52705 -4.88501
-3.52741 -4.89288
-3.52723 -4.90075
-3.52719 -4.90862
-3.52688 -4.91649
-3.52726 -4.92435
-3.52698 -4.93222
-3.52746 -4.94009
-3.52717 -4.94796
-3.52721 -4.95582
-3.52767 -4.96369
-3.5272 -4.97156
-3.52714 -4.97943
-3.52735 -4.9873
-3.52759 -4.99516
-3.52709 -5.00303
-3.52727 -5.0109
-3.52786 -5.01877
-3.52779 -5.02663
-3.52772 -5.0345
-3.52785 -5.04237
-3.52754 -5.05024
-3.5278 -5.05811
-3.52798 -5.06599
-3.52722 -5.07071
-3.527 -5.07544
-3.52687 -5.08022
-3.52555 -5.0848
-3.52487 -5.08952
-3.5235 -5.09406
-3.52252 -5.09875
-3.52099 -5.10329
-3.51845 -5.10735
-3.51688 -5.11188
-3.51446 -5.11597
-3.51227 -5.12021
-3.50915 -5.12413
-3.50593 -5.12907
-3.50262 -5.13378
-3.49954 -5.13867
-3.49608 -5.14235
-3.49171 -5.14831
-3.48672 -5.15416
-3.48116 -5.15946
-3.47524 -5.16484
-3.46919 -5.17007
-3.46637 -5.17291
-3.46354 -5.17574
-3.45756 -5.18105
-3.4517 -5.18649
-3.44596 -5.19206
-3.44276 -5.19448
-3.43956 -5.19691
-3.43677 -5.19978
-3.43398 -5.20266
-3.42824 -5.20822
-3.42519 -5.21081
-3.42214 -5.2134
-3.41909 -5.21599
-3.41604 -5.21859
-3.41009 -5.22393
-3.40729 -5.22678
-3.40448 -5.22964
-3.39842 -5.23486
-3.39263 -5.24037
-3.38959 -5.24297
-3.38655 -5.24557
-3.3837 -5.24838
-3.38085 -5.25119
-3.37486 -5.25649
-3.3691 -5.26204
-3.366 -5.26457
-3.36289 -5.2671
-3.36013 -5.27
-3.35736 -5.2729
-3.3542 -5.27536
-3.35104 -5.27783
-3.34531 -5.28342
-3.33939 -5.28879
-3.33659 -5.29165
-3.33379 -5.29451
-3.32779 -5.2998
-3.32173 -5.30503
-3.31597 -5.31057
-3.31017 -5.31608
-3.30415 -5.32134
-3.29837 -5.32687
-3.29533 -5.32947
-3.29229 -5.33207
-3.28634 -5.33741
-3.28353 -5.34026
-3.28071 -5.3431
-3.27482 -5.34851
-3.26882 -5.3538
-3.26568 -5.35628
-3.26253 -5.35877
-3.25676 -5.36431
-3.25391 -5.36712
-3.25107 -5.36993
-3.24797 -5.37246
-3.24487 -5.375
-3.24208 -5.37787
-3.23928 -5.38073
-3.23619 -5.38327
-3.2331 -5.38582
-3.23025 -5.38863
-3.2274 -5.39144
-3.22458 -5.39427
-3.22175 -5.39711
-3.21865 -5.39964
-3.21554 -5.40217
-3.20949 -5.4074
-3.20359 -5.41279
-3.20084 -5.41572
-3.1981 -5.41864
-3.19204 -5.42386
-3.18628 -5.42941
-3.18038 -5.43481
-3.17435 -5.44006
-3.16838 -5.44537
-3.16553 -5.44818
-3.16268 -5.45099
-3.15684 -5.45645
-3.15375 -5.459
-3.15066 -5.46155
-3.14468 -5.46685
-3.13889 -5.47237
-3.13313 -5.47792
-3.13008 -5.48051
-3.12704 -5.48311
-3.12112 -5.48848
-3.11536 -5.49403
-3.11228 -5.49658
-3.10919 -5.49913
-3.10634 -5.50194
-3.10349 -5.50475
-3.09743 -5.50997
-3.09144 -5.51526
-3.08867 -5.51816
-3.08589 -5.52105
-3.07996 -5.52641
-3.07422 -5.53198
-3.06833 -5.53738
-3.06514 -5.53983
-3.06196 -5.54227
-3.05913 -5.54511
-3.05631 -5.54794
-3.05052 -5.55346
-3.04451 -5.55873
-3.04142 -5.56128
-3.03833 -5.56383
-3.03245 -5.56924
-3.02965 -5.5721
-3.02685 -5.57497
-3.0209 -5.58031
-3.01806 -5.58312
-3.01521 -5.58594
-3.01207 -5.58843
-3.00893 -5.59092
-3.00321 -5.59651
-2.99713 -5.60171
-2.99435 -5.6046
-2.99158 -5.60748
-2.98838 -5.60991
-2.98518 -5.61234
-2.97938 -5.61784
-2.97658 -5.6207
-2.97379 -5.62357
-2.97064 -5.62606
-2.9675 -5.62855
-2.9647 -5.63141
-2.9619 -5.63427
-2.95593 -5.63959
-2.95286 -5.64216
-2.94979 -5.64473
-2.947 -5.64759
-2.9442 -5.65046
-2.93821 -5.65575
-2.93234 -5.66119
-2.92652 -5.66667
-2.92342 -5.6692
-2.92032 -5.67174
-2.91452 -5.67725
-2.91167 -5.68005
-2.90882 -5.68286
-2.90283 -5.68816
-2.89705 -5.69368
-2.89399 -5.69626
-2.89093 -5.69884
-2.88511 -5.70432
-2.87906 -5.70956
-2.87311 -5.71489
-2.87029 -5.71773
-2.86747 -5.72058
-2.86162 -5.72603
-2.85561 -5.7313
-2.84959 -5.73657
-2.84676 -5.7394
-2.84393 -5.74223
-2.84086 -5.7448
-2.83779 -5.74736
-2.83501 -5.75025
-2.83223 -5.75313
-2.82915 -5.75568
-2.82607 -5.75824
-2.82001 -5.76347
-2.81414 -5.76889
-2.81136 -5.77178
-2.80859 -5.77467
-2.8055 -5.77722
-2.80241 -5.77976
-2.79964 -5.78266
-2.79688 -5.78556
-2.79383 -5.78815
-2.79079 -5.79075
-2.78475 -5.79599
-2.77885 -5.80139
-2.77299 -5.80683
-2.76714 -5.81228
-2.76121 -5.81765
-2.75816 -5.82075
-2.75458 -5.82324
-2.75118 -5.82595
-2.74762 -5.82848
-2.74352 -5.83005
-2.7398 -5.83223
-2.73619 -5.83474
-2.73202 -5.83606
-2.72485 -5.83954
-2.71739 -5.84231
-2.71014 -5.84558
-2.70261 -5.84818
-2.69548 -5.85176
-2.68806 -5.85463
-2.68076 -5.85779
-2.67318 -5.86026
-2.66603 -5.86379
-2.65851 -5.86642
-2.65115 -5.86943
-2.64396 -5.87286
-2.63661 -5.87591
-2.6292 -5.8788
-2.62203 -5.88228
-2.6147 -5.88536
-2.60707 -5.88771
-2.59991 -5.89122
-2.59243 -5.89394
-2.58514 -5.89713
-2.57772 -5.9
-2.57051 -5.90338
-2.56324 -5.90661
-2.55575 -5.9093
-2.54839 -5.91232
-2.541 -5.91527
-2.53371 -5.91844
-2.52645 -5.92171
-2.51921 -5.92501
-2.51185 -5.92803
-2.50448 -5.93101
-2.49704 -5.93383
-2.48977 -5.93706
-2.4823 -5.93981
-2.47494 -5.94283
-2.46761 -5.94593
-2.46041 -5.94931
-2.453 -5.95221
-2.44567 -5.95531
-2.43815 -5.95793
-2.43085 -5.96108
-2.42372 -5.96466
-2.41613 -5.96711
-2.40893 -5.97051
-2.40139 -5.97311
-2.39411 -5.97632
-2.38698 -5.97987
-2.37958 -5.98279
-2.37213 -5.98561
-2.36482 -5.98873
-2.35734 -5.99146
-2.35015 -5.99489
-2.34267 -5.9976
-2.33549 -6.00106
-2.32808 -6.00394
-2.32079 -6.00714
-2.31348 -6.01028
-2.30606 -6.01313
-2.29879 -6.01638
-2.29127 -6.01901
-2.28394 -6.0221
-2.27681 -6.02566
-2.26943 -6.02864
-2.26182 -6.03103
-2.25469 -6.0346
-2.24731 -6.03757
-2.23979 -6.04021
-2.23268 -6.04383
-2.2253 -6.0468
-2.21788 -6.04966
-2.21069 -6.05309
-2.20322 -6.05584
-2.19576 -6.05859
-2.18858 -6.06205
-2.18106 -6.06469
-2.17373 -6.06778
-2.16642 -6.0709
-2.15909 -6.07399
-2.15173 -6.07702
-2.14429 -6.07982
-2.13714 -6.08334
-2.12989 -6.08664
-2.12227 -6.08902
-2.1152 -6.09274
-2.10762 -6.09522
-2.10039 -6.09855
-2.09292 -6.10129
-2.08573 -6.10472
-2.0782 -6.10733
-2.07466 -6.10919
-2.07111 -6.11105
-2.06641 -6.11262
-2.06161 -6.11389
-2.05674 -6.11489
-2.05205 -6.11667
-2.0471 -6.11711
-2.04221 -6.11822
-2.03724 -6.11821
-2.03228 -6.11838
-2.02429 -6.11861
-2.02029 -6.11834
-2.0163 -6.11806
-2.0123 -6.11835
-2.00831 -6.11864
-2.00032 -6.1186
-1.99233 -6.11847
-1.98434 -6.11847
-1.98034 -6.11825
-1.97635 -6.11803
-1.96836 -6.11783
-1.96436 -6.11806
-1.96036 -6.11829
-1.95237 -6.11836
-1.94438 -6.11808
-1.93639 -6.11789
-1.9284 -6.1182
-1.92441 -6.11789
-1.92041 -6.11757
-1.91642 -6.11777
-1.91242 -6.11798
-1.90443 -6.1176
-1.89644 -6.11788
-1.88845 -6.1177
-1.88046 -6.11805
-1.87247 -6.11776
-1.86448 -6.11772
-1.85649 -6.11765
-1.8485 -6.1174
-1.8445 -6.11761
-1.84051 -6.11782
-1.83252 -6.11789
-1.82852 -6.11757
-1.82453 -6.11725
-1.82053 -6.11747
-1.81654 -6.1177
-1.80855 -6.11751
-1.80056 -6.1176
-1.79257 -6.11729
-1.78857 -6.11748
-1.78457 -6.11767
-1.77658 -6.11778
-1.76859 -6.1174
-1.7606 -6.11774
-1.75661 -6.1174
-1.75261 -6.11707
-1.74462 -6.11711
-1.73663 -6.11716
-1.73264 -6.11738
-1.72864 -6.11759
-1.72465 -6.11732
-1.72065 -6.11706
-1.71666 -6.11727
-1.71266 -6.11749
-1.70467 -6.11712
-1.69668 -6.11738
-1.69269 -6.11704
-1.68869 -6.1167
-1.6807 -6.11704
-1.67271 -6.11707
-1.66472 -6.11709
-1.65673 -6.11721
-1.64874 -6.11695
-1.64075 -6.11705
-1.63276 -6.11706
-1.62876 -6.11677
-1.62477 -6.11648
-1.62077 -6.11667
-1.61678 -6.11687
-1.60879 -6.1165
-1.60479 -6.11673
-1.60079 -6.11696
-1.5928 -6.11666
-1.58481 -6.11649
-1.57682 -6.11679
-1.56883 -6.11667
-1.56084 -6.1169
-1.55685 -6.11659
-1.55285 -6.11627
-1.54886 -6.11657
-1.54486 -6.11686
-1.54087 -6.11651
-1.53687 -6.11617
-1.53288 -6.11649
-1.52888 -6.11682
-1.52089 -6.11687
-1.5129 -6.11652
-1.50491 -6.11642
-1.49692 -6.11656
-1.48893 -6.11622
-1.48094 -6.11639
-1.47295 -6.11627
-1.46496 -6.11591
-1.45697 -6.11608
-1.44898 -6.11602
-1.44099 -6.11594
-1.43699 -6.11621
-1.43299 -6.11647
-1.425 -6.11611
-1.41701 -6.11606
-1.41302 -6.11626
-1.40902 -6.11647
-1.40103 -6.1164
-1.39304 -6.11641
-1.38905 -6.11614
-1.38505 -6.11588
-1.37706 -6.11611
-1.36907 -6.11573
-1.36108 -6.11573
-1.35309 -6.11584
-1.3451 -6.11548
-1.34111 -6.11569
-1.33711 -6.11591
-1.32912 -6.11557
-1.32113 -6.11557
-1.31314 -6.11554
-1.30515 -6.11575
-1.29716 -6.11533
-1.28917 -6.11569
-1.28118 -6.11572
-1.27318 -6.11589
-1.26919 -6.11567
-1.2652 -6.11546
-1.2612 -6.11567
-1.2572 -6.11589
-1.25321 -6.11562
-1.24922 -6.11536
-1.24123 -6.11507
-1.23323 -6.11543
-1.22524 -6.11501
-1.22125 -6.11524
-1.21725 -6.11547
-1.21326 -6.11524
-1.20926 -6.11501
-1.20527 -6.11524
-1.20127 -6.11547
-1.19328 -6.11543
-1.18529 -6.11516
-1.1773 -6.11487
-1.16931 -6.11503
-1.16132 -6.11497
-1.15333 -6.11504
-1.14534 -6.11482
-1.14134 -6.11503
-1.13735 -6.11524
-1.12936 -6.11514
-1.12137 -6.11495
-1.11338 -6.11482
-1.10938 -6.11506
-1.10539 -6.1153
-1.09739 -6.11527
-1.0894 -6.11512
-1.08141 -6.11487
-1.07342 -6.11479
-1.06544 -6.11454
-1.06144 -6.11474
-1.05744 -6.11494
-1.04945 -6.1149
-1.04146 -6.11466
-1.03347 -6.11451
-1.02548 -6.11469
-1.01749 -6.11433
-1.0135 -6.11464
-1.0095 -6.11496
-1.00151 -6.11495
-0.993518 -6.11495
-0.989524 -6.11467
-0.98553 -6.1144
-0.981534 -6.11459
-0.977538 -6.11479
-0.969548 -6.11452
-0.961557 -6.11462
-0.957563 -6.11437
-0.953569 -6.11411
-0.949573 -6.11432
-0.945577 -6.11452
-0.937587 -6.11416
-0.933591 -6.11444
-0.929595 -6.11472
-0.921606 -6.11432
-0.913616 -6.11418
-0.905625 -6.11417
-0.897634 -6.11438
-0.889644 -6.1142
-0.881654 -6.114
-0.873662 -6.11435
-0.865671 -6.11445
-0.861677 -6.11424
-0.857682 -6.11403
-0.849693 -6.1137
-0.841702 -6.11391
-0.837706 -6.11411
-0.83371 -6.1143
-0.82572 -6.11392
-0.817731 -6.11361
-0.80974 -6.11375
-0.80175 -6.11357
-0.793759 -6.11364
-0.785769 -6.11345
-0.777778 -6.11361
-0.773782 -6.1138
-0.769786 -6.11398
-0.761795 -6.11414
-0.753805 -6.11389
-0.745816 -6.11352
-0.737827 -6.11326
-0.73383 -6.11364
-0.729833 -6.11402
-0.725839 -6.11364
-0.721845 -6.11326
-0.713855 -6.11326
-0.705864 -6.11342
-0.697873 -6.11334
-0.693877 -6.11359
-0.689881 -6.11384
-0.681891 -6.11361
-0.677897 -6.11339
-0.673902 -6.11317
-0.665912 -6.11321
-0.657922 -6.11309
-0.649931 -6.11318
-0.64194 -6.11328
-0.633948 -6.11355
-0.625959 -6.11324
-0.617969 -6.11313
-0.613973 -6.11335
-0.609976 -6.11357
-0.605982 -6.11328
-0.601988 -6.11299
-0.593997 -6.11305
-0.586006 -6.11315
-0.578015 -6.11345
-0.570025 -6.11309
-0.562036 -6.11284
-0.554045 -6.11288
-0.546054 -6.11309
-0.538063 -6.11315
-0.530072 -6.11327
-0.522082 -6.113
-0.514093 -6.11274
-0.506101 -6.11294
-0.498112 -6.11259
-0.490121 -6.11266
-0.482131 -6.11268
-0.474139 -6.11296
-0.466149 -6.11279
-0.458158 -6.11287
-0.450169 -6.11256
-0.442178 -6.11257
-0.434188 -6.11244
-0.426198 -6.11241
-0.418208 -6.11224
-0.410217 -6.11219
-0.406221 -6.11243
-0.402225 -6.11267
-0.394236 -6.11227
-0.386246 -6.11207
-0.38225 -6.11227
-0.378254 -6.11247
-0.370264 -6.11248
-0.362272 -6.11261
-0.354283 -6.11245
-0.346292 -6.11232
-0.342298 -6.11211
-0.338303 -6.11189
-0.330312 -6.11216
-0.322321 -6.11237
-0.314331 -6.11208
-0.30634 -6.11226
-0.29835 -6.11209
-0.290359 -6.11225
-0.282369 -6.11195
-0.274378 -6.11204
-0.266387 -6.11216
-0.258398 -6.11178
-0.250407 -6.112
-0.242417 -6.11174
-0.234427 -6.11176
-0.230431 -6.11195
-0.226435 -6.11214
-0.222441 -6.11181
-0.218446 -6.11149
-0.210455 -6.11183
-0.202464 -6.11182
-0.194473 -6.11196
-0.186484 -6.11164
-0.178494 -6.11147
-0.174498 -6.11172
-0.170501 -6.11197
-0.162511 -6.1118
-0.154522 -6.11148
-0.146531 -6.1116
-0.138541 -6.11133
-0.134545 -6.11151
-0.13055 -6.11169
-0.126555 -6.11145
-0.122561 -6.11121
-0.118565 -6.11143
-0.114569 -6.11165
-0.106578 -6.11152
-0.0985892 -6.11117
-0.0905977 -6.11142
-0.082608 -6.11118
-0.0746177 -6.11111
-0.0666263 -6.11134
-0.0586348 -6.11158
-0.0506443 -6.11157
-0.0426541 -6.11149
-0.0386596 -6.11127
-0.0346651 -6.11105
-0.0266748 -6.11099
-0.0226788 -6.11118
-0.0186828 -6.11136
-0.0146884 -6.11114
-0.0106939 -6.11092
-0.00669778 -6.11114
-0.00270168 -6.11137
0.00129229 -6.11101
0.00528625 -6.11064
0.0132773 -6.11077
0.0172734 -6.111
0.0212695 -6.11123
0.0252638 -6.11096
0.0292581 -6.11069
0.0332543 -6.11094
0.0372504 -6.11118
0.0412449 -6.11096
0.0452394 -6.11074
0.05323 -6.11075
0.0612216 -6.11103
0.0692112 -6.11077
0.0772028 -6.11105
0.0851929 -6.11092
0.0931838 -6.11102
0.101173 -6.11073
0.109162 -6.11032
0.117153 -6.11036
0.125143 -6.11024
0.129139 -6.11046
0.133135 -6.11069
0.13713 -6.11041
0.141124 -6.11014
0.149115 -6.11013
0.157105 -6.11012
0.165096 -6.11027
0.173086 -6.11019
0.181077 -6.11018
0.185073 -6.11039
0.189069 -6.1106
0.193063 -6.11031
0.197058 -6.11003
0.205049 -6.11027
0.209043 -6.11005
0.213038 -6.10984
0.221029 -6.10991
0.22902 -6.11001
0.237009 -6.10976
0.245001 -6.11008
0.252991 -6.11001
0.260981 -6.10979
0.264977 -6.10999
0.268973 -6.1102
0.276964 -6.11027
0.284953 -6.10992
0.292943 -6.10966
0.300934 -6.10992
0.308924 -6.10976
0.31292 -6.10997
0.316917 -6.11018
0.324906 -6.10978
0.332897 -6.11
0.340888 -6.11002
0.344882 -6.10973
0.348876 -6.10943
0.352872 -6.1097
0.356869 -6.10997
0.364858 -6.10967
0.372849 -6.1098
0.38084 -6.11001
0.384835 -6.10979
0.388829 -6.10957
0.39682 -6.10945
0.400816 -6.10966
0.404812 -6.10986
0.408805 -6.10949
0.412799 -6.10911
0.416796 -6.10945
0.420792 -6.1098
0.428783 -6.1097
0.436773 -6.10958
0.444763 -6.10944
0.452753 -6.10944
0.460744 -6.1095
0.464738 -6.10923
0.468733 -6.10896
0.476724 -6.10927
0.484714 -6.10895
0.48871 -6.10913
0.492706 -6.10931
0.500697 -6.10946
0.508688 -6.1095
0.516677 -6.10922
0.520671 -6.10897
0.524666 -6.10872
0.528662 -6.10902
0.532659 -6.10932
0.536653 -6.10898
0.540647 -6.10864
0.548638 -6.10892
0.556629 -6.10895
0.564619 -6.10875
0.57261 -6.10896
0.580601 -6.10912
0.588592 -6.10922
0.592586 -6.10889
0.59658 -6.10856
0.600577 -6.10882
0.604573 -6.10909
0.612562 -6.10883
0.620553 -6.10875
0.628543 -6.10878
0.636534 -6.10873
0.640528 -6.10851
0.644523 -6.10828
0.652513 -6.10825
0.660504 -6.10827
0.668494 -6.1082
0.67249 -6.10843
0.676486 -6.10865
0.684476 -6.10852
0.692466 -6.10823
0.696462 -6.1085
0.700458 -6.10876
0.708448 -6.10851
0.712443 -6.10828
0.716437 -6.10806
0.724428 -6.10824
0.732418 -6.108
0.736414 -6.10828
0.74041 -6.10856
0.7484 -6.10815
0.756391 -6.10827
0.764382 -6.10842
0.772371 -6.10817
0.780361 -6.10794
0.784357 -6.10814
0.788353 -6.10835
0.792347 -6.10808
0.796342 -6.10781
0.804333 -6.10803
0.808329 -6.10824
0.812325 -6.10845
0.816319 -6.10809
0.820313 -6.10772
0.824309 -6.10792
0.828305 -6.10811
0.832299 -6.10786
0.836294 -6.1076
0.84029 -6.10785
0.844286 -6.1081
0.852277 -6.10821
0.860267 -6.10802
0.868257 -6.10788
0.876248 -6.10795
0.884238 -6.10793
0.888233 -6.1077
0.892227 -6.10747
0.900218 -6.10747
0.904214 -6.10778
0.908211 -6.1081
0.912205 -6.10773
0.916199 -6.10737
0.924189 -6.10736
0.93218 -6.10742
0.94017 -6.10742
0.944166 -6.10763
0.948163 -6.10785
0.952157 -6.10759
0.956151 -6.10733
0.964142 -6.10748
0.972132 -6.10713
0.976128 -6.10744
0.980124 -6.10775
0.988114 -6.10759
0.996105 -6.10763
1.0041 -6.10757
1.00809 -6.10733
1.01208 -6.10709
1.02008 -6.10717
1.02806 -6.10695
1.03606 -6.10716
1.04405 -6.10733
1.05204 -6.10737
1.05603 -6.10716
1.06003 -6.10695
1.06802 -6.10721
1.07601 -6.10707
1.084 -6.10708
1.09199 -6.10689
1.09998 -6.10722
1.10797 -6.10688
1.11596 -6.10674
1.12395 -6.10708
1.13194 -6.10713
1.13993 -6.10726
1.14393 -6.10693
1.14792 -6.10659
1.15591 -6.10682
1.1639 -6.1066
1.17189 -6.10677
1.17988 -6.10664
1.18388 -6.10683
1.18788 -6.10702
1.19587 -6.10695
1.19986 -6.10671
1.20386 -6.10647
1.21185 -6.10649
1.21984 -6.1062
1.22383 -6.10645
1.22783 -6.1067
1.23182 -6.10647
1.23582 -6.10623
1.23981 -6.10651
1.24381 -6.1068
1.2478 -6.10656
1.2518 -6.10633
1.25979 -6.10648
1.26378 -6.10625
1.26778 -6.10602
1.27577 -6.10637
1.28376 -6.10641
1.29175 -6.10619
1.29974 -6.10637
1.30773 -6.10608
1.31572 -6.10638
1.32371 -6.10636
1.3317 -6.10638
1.33969 -6.10611
1.34768 -6.10586
1.35168 -6.10607
1.35568 -6.10628
1.35967 -6.10606
1.36366 -6.10583
1.37165 -6.10579
1.37965 -6.10594
1.38764 -6.10584
1.39163 -6.10607
1.39563 -6.10631
1.39962 -6.10595
1.40362 -6.10559
1.41161 -6.10567
1.4196 -6.10567
1.42759 -6.10573
1.43558 -6.10593
1.43957 -6.10571
1.44357 -6.10549
1.44756 -6.10571
1.45156 -6.10594
1.45955 -6.10564
1.46754 -6.1055
1.47154 -6.10574
1.47553 -6.10597
1.48352 -6.1057
1.49151 -6.10573
1.4995 -6.10537
1.50749 -6.10565
1.51149 -6.10539
1.51548 -6.10513
1.51948 -6.10534
1.52347 -6.10556
1.53147 -6.10586
1.53946 -6.10579
1.54745 -6.10555
1.55544 -6.10548
1.56343 -6.10567
1.56742 -6.10546
1.57142 -6.10524
1.57941 -6.10537
1.5874 -6.10535
1.59539 -6.10501
1.59938 -6.1053
1.60338 -6.10558
1.60737 -6.10525
1.61137 -6.10492
1.61936 -6.10477
1.62336 -6.10513
1.62735 -6.1055
1.63135 -6.1051
1.63534 -6.1047
1.63934 -6.10501
1.64333 -6.10532
1.65132 -6.10529
1.65532 -6.10501
1.65931 -6.10472
1.6673 -6.10481
1.67529 -6.10456
1.68328 -6.1049
1.69127 -6.10481
1.69927 -6.10503
1.70725 -6.10472
1.71525 -6.10485
1.72324 -6.10491
1.73123 -6.10458
1.73922 -6.10452
1.74721 -6.10445
1.7552 -6.10472
1.76319 -6.10467
1.77118 -6.10498
1.77917 -6.1047
1.78716 -6.10462
1.79115 -6.10437
1.79515 -6.10413
1.80314 -6.10414
1.80714 -6.10439
1.81113 -6.10463
1.81912 -6.1045
1.82711 -6.10444
1.8351 -6.10452
1.84309 -6.10413
1.85108 -6.10449
1.85907 -6.10436
1.86706 -6.10398
1.87505 -6.10427
1.88305 -6.10451
1.89104 -6.1042
1.89903 -6.10395
1.90302 -6.10418
1.90702 -6.1044
1.91501 -6.10434
1.923 -6.10399
1.93099 -6.10387
1.93898 -6.10404
1.94697 -6.10411
1.95096 -6.10382
1.95496 -6.10353
1.96295 -6.10365
1.97094 -6.10356
1.97493 -6.10375
1.97893 -6.10394
1.98293 -6.10369
1.98692 -6.10345
1.99491 -6.10374
2.0029 -6.10372
2.0069 -6.10391
2.01089 -6.1041
2.01888 -6.10407
2.02288 -6.10372
2.02687 -6.10338
2.03486 -6.1033
2.04285 -6.10363
2.05084 -6.1035
2.05884 -6.10351
2.06683 -6.10338
2.07482 -6.10323
2.08281 -6.10311
2.0908 -6.10323
2.09879 -6.1034
2.10678 -6.10362
2.11477 -6.10375
2.11876 -6.10339
2.12276 -6.10303
2.13075 -6.10309
2.13874 -6.10318
2.14274 -6.10339
2.14673 -6.1036
2.15472 -6.10332
2.16271 -6.10337
2.1707 -6.10299
2.1747 -6.10323
2.17869 -6.10348
2.18269 -6.10317
2.18668 -6.10286
2.19467 -6.10273
2.19867 -6.10293
2.20266 -6.10313
2.21065 -6.10294
2.21465 -6.10313
2.21865 -6.10332
2.22264 -6.10297
2.22663 -6.10261
2.23063 -6.10288
2.23463 -6.10314
2.23862 -6.10287
2.24261 -6.1026
2.25061 -6.1029
2.2586 -6.10269
2.26659 -6.10269
2.27458 -6.1029
2.28257 -6.10255
2.29056 -6.10233
2.29455 -6.10262
2.29855 -6.1029
2.30254 -6.1026
2.30654 -6.10229
2.31053 -6.10252
2.31453 -6.10274
2.32252 -6.1029
2.33051 -6.10289
2.3385 -6.10293
2.3425 -6.10272
2.34649 -6.1025
2.35448 -6.1024
2.35891 -6.10261
2.36331 -6.1021
2.36769 -6.10157
2.37207 -6.10094
2.3763 -6.09963
2.38079 -6.09928
2.38486 -6.09751
2.38921 -6.09651
2.3932 -6.0946
2.39707 -6.09245
2.40434 -6.08926
2.41156 -6.08598
2.41854 -6.0822
2.42576 -6.07891
2.43304 -6.07574
2.44023 -6.0724
2.44728 -6.06876
2.45442 -6.06531
2.46176 -6.06226
2.46874 -6.05849
2.47589 -6.05504
2.48294 -6.05141
2.49038 -6.04858
2.4973 -6.04466
2.50456 -6.04146
2.51162 -6.03784
2.51886 -6.0346
2.52598 -6.03111
2.53331 -6.02806
2.54022 -6.02412
2.54753 -6.02101
2.55478 -6.01779
2.56188 -6.01425
2.56882 -6.01038
2.57626 -6.00756
2.58344 -6.00418
2.59041 -6.00036
2.59778 -5.99741
2.60479 -5.99368
2.61195 -5.99027
2.61924 -5.98712
2.62631 -5.98352
2.63345 -5.98007
2.6405 -5.97642
2.64786 -5.97344
2.65483 -5.96962
2.66211 -5.96647
2.66911 -5.96271
2.67629 -5.95934
2.68343 -5.95588
2.69074 -5.9528
2.6978 -5.94918
2.70481 -5.94545
2.71219 -5.94249
2.71941 -5.93921
2.72653 -5.93572
2.73347 -5.93185
2.74062 -5.92841
2.748 -5.92546
2.75494 -5.92159
2.7624 -5.91879
2.76933 -5.91491
2.77668 -5.91189
2.78383 -5.90846
2.79078 -5.90462
2.7979 -5.90112
2.80501 -5.8976
2.81237 -5.89461
2.81942 -5.89096
2.82668 -5.88777
2.83374 -5.88413
2.841 -5.88093
2.84817 -5.87756
2.85535 -5.87417
2.86255 -5.87085
2.86961 -5.86723
2.8769 -5.8641
2.88386 -5.86026
2.8909 -5.8566
2.89813 -5.85333
2.90551 -5.85038
2.9124 -5.8464
2.91975 -5.84338
2.92691 -5.83997
2.93404 -5.8365
2.94128 -5.83326
2.9484 -5.82976
2.95548 -5.82617
2.96254 -5.82255
2.96992 -5.81961
2.97683 -5.81568
2.98419 -5.81268
2.9912 -5.80896
2.99836 -5.80555
3.00554 -5.80218
3.00988 -5.7997
3.01441 -5.79758
3.01846 -5.79465
3.02252 -5.79176
3.02625 -5.78844
3.0301 -5.78527
3.036 -5.77993
3.04217 -5.77486
3.04799 -5.76942
3.05367 -5.76382
3.05977 -5.75868
3.06529 -5.75291
3.07127 -5.74764
3.07697 -5.74207
3.08297 -5.73682
3.08892 -5.73151
3.09494 -5.72629
3.10081 -5.7209
3.1063 -5.7151
3.11237 -5.70993
3.11803 -5.7043
3.12407 -5.69909
3.12966 -5.6934
3.13563 -5.68812
3.14133 -5.68255
3.14735 -5.67733
3.1531 -5.6718
3.15905 -5.6665
3.16491 -5.6611
3.17068 -5.6556
3.17646 -5.65012
3.18279 -5.64522
3.1887 -5.63988
3.19447 -5.63438
3.20035 -5.62901
3.20578 -5.62314
3.2121 -5.61824
3.21789 -5.61276
3.22344 -5.60702
3.22957 -5.60192
3.23549 -5.59658
3.24092 -5.59072
3.24721 -5.58578
3.25313 -5.58044
3.25852 -5.57453
3.26471 -5.56949
3.27046 -5.56397
3.27623 -5.55847
3.28199 -5.55297
3.28826 -5.54801
3.29375 -5.54221
3.29982 -5.53704
3.30574 -5.5317
3.3115 -5.52619
3.31747 -5.52091
3.323 -5.51515
3.32918 -5.51009
3.33465 -5.50428
3.34086 -5.49925
3.3463 -5.4934
3.3526 -5.48847
3.35831 -5.48291
3.36434 -5.4777
3.36978 -5.47183
3.37559 -5.46638
3.38165 -5.4612
3.38748 -5.45577
3.39316 -5.45017
3.39944 -5.44522
3.40522 -5.43974
3.41086 -5.43411
3.41671 -5.42869
3.42277 -5.42351
3.42857 -5.41804
3.43423 -5.41243
3.44033 -5.40729
3.44616 -5.40185
3.4521 -5.39653
3.45801 -5.39119
3.46367 -5.38557
3.46958 -5.38023
3.47567 -5.37507
3.47833 -5.37208
3.481 -5.3691
3.48692 -5.36377
3.49317 -5.35879
3.49876 -5.35309
3.50447 -5.34754
3.51066 -5.34249
3.5165 -5.33707
3.52245 -5.33176
3.5282 -5.32624
3.53409 -5.32088
3.53987 -5.31539
3.54593 -5.3102
3.55138 -5.30436
3.55743 -5.29916
3.5634 -5.29388
3.56934 -5.28857
3.57511 -5.28307
3.58069 -5.27737
3.58681 -5.27225
3.59252 -5.26669
3.59817 -5.26106
3.6041 -5.25573
3.61007 -5.25045
3.61597 -5.24509
3.62161 -5.23946
3.62791 -5.23453
3.63359 -5.22894
3.63921 -5.22329
3.64546 -5.2183
3.65125 -5.21283
3.6569 -5.20719
3.66286 -5.2019
3.6688 -5.1966
3.6743 -5.1908
3.68021 -5.18546
3.68604 -5.18002
3.69201 -5.17475
3.69778 -5.16924
3.70382 -5.16403
3.7098 -5.15877
3.71546 -5.15315
3.72146 -5.1479
3.72748 -5.14267
3.73306 -5.13697
3.73868 -5.13131
3.74462 -5.126
3.75073 -5.12087
3.75627 -5.11512
3.76238 -5.10999
3.76837 -5.10473
3.77379 -5.09886
3.77976 -5.09357
3.78604 -5.08863
3.79163 -5.08294
3.79589 -5.0787
3.80038 -5.07374
3.80499 -5.06888
3.80997 -5.06439
3.81107 -5.06263
3.81555 -5.05754
3.82062 -5.053
3.82479 -5.04765
3.82779 -5.04396
3.83121 -5.04061
3.83385 -5.03666
3.83616 -5.03252
3.83893 -5.02862
3.84084 -5.02428
3.8433 -5.02017
3.84496 -5.0157
3.84643 -5.01118
3.84755 -5.00658
3.84884 -5.002
3.84974 -4.99735
3.85088 -4.9927
3.85107 -4.98795
3.85097 -4.98319
3.8516 -4.97844
3.85121 -4.97079
3.85104 -4.96314
3.85136 -4.95548
3.85121 -4.94782
3.851 -4.94017
3.8509 -4.93252
3.85075 -4.92486
3.85015 -4.91721
3.85046 -4.90955
3.85003 -4.9019
3.85034 -4.89424
3.85014 -4.88659
3.85018 -4.87893
3.84952 -4.87128
3.84969 -4.86363
3.84954 -4.85597
3.84931 -4.84832
3.8495 -4.84066
3.84951 -4.833
3.84922 -4.82535
3.84909 -4.81769
3.84835 -4.81274
3.84811 -4.80777
3.84751 -4.80282
3.84627 -4.79801
3.84572 -4.79299
3.84367 -4.78842
3.84208 -4.78369
3.84029 -4.77905
3.83854 -4.77435
3.83567 -4.77025
3.83321 -4.76591
3.83062 -4.76165
3.82734 -4.75789
3.82472 -4.75359
3.81991 -4.74834
3.8152 -4.74299
3.81068 -4.73749
3.80614 -4.73199
3.8038 -4.72952
3.80003 -4.72543
3.79575 -4.72184
3.79218 -4.71794
3.78833 -4.71431
3.78547 -4.71152
3.78261 -4.70872
3.77936 -4.70637
3.77611 -4.70402
3.77326 -4.70121
3.77041 -4.6984
3.76428 -4.69328
3.75831 -4.68797
3.75223 -4.68279
3.74631 -4.67742
3.74042 -4.67203
3.73424 -4.66696
3.72794 -4.66203
3.7221 -4.65658
3.71605 -4.65136
3.71016 -4.64596
3.70399 -4.64089
3.69808 -4.63551
3.69185 -4.6305
3.68901 -4.62768
3.68617 -4.62486
3.68297 -4.62245
3.67977 -4.62004
3.67393 -4.61459
3.66809 -4.60913
3.6649 -4.60671
3.66172 -4.60429
3.65576 -4.59896
3.65293 -4.59613
3.65011 -4.59329
3.64398 -4.58816
3.63783 -4.58307
3.63169 -4.57796
3.62595 -4.57239
3.61974 -4.56736
3.61388 -4.56192
3.6079 -4.55662
3.60468 -4.55423
3.60147 -4.55184
3.59545 -4.54659
3.59263 -4.54375
3.5898 -4.54092
3.58379 -4.53565
3.57769 -4.5305
3.57155 -4.52539
3.56577 -4.51986
3.56247 -4.51735
3.56198 -4.51779
3.56146 -4.5183
3.56122 -4.51912
3.56049 -4.51941
3.55973 -4.51961
3.55911 -4.51998
3.55847 -4.52032
3.55805 -4.52113
3.5573 -4.52132
3.5565 -4.52127
3.5558 -4.52148
3.55509 -4.52172
3.55437 -4.52198
3.5536 -4.52167
3.54812 -4.52189
3.54264 -4.52211
3.54192 -4.52158
3.54121 -4.52176
3.54052 -4.52153
3.53973 -4.52191
3.53904 -4.52164
3.53849 -4.52097
3.53766 -4.52115
3.53717 -4.52049
3.53632 -4.52058
3.53063 -4.51703
3.52495 -4.51348
3.51926 -4.50993
3.51358 -4.50638
3.50789 -4.50283
3.50221 -4.49928
3.50142 -4.49917
3.50109 -4.4984
3.50016 -4.49839
3.49972 -4.49778
3.49954 -4.49695
3.49921 -4.4963
3.49877 -4.49576
3.49833 -4.4952
3.49801 -4.49457
3.49485 -4.48817
3.49168 -4.48178
3.48852 -4.47538
3.48535 -4.46899
3.48219 -4.46259
3.48243 -4.46165
3.4816 -4.46119
3.48153 -4.4604
3.48179 -4.45956
3.48167 -4.45884
3.48165 -4.45811
3.48126 -4.4574
3.48147 -4.45665
3.4817 -4.45593
3.48164 -4.45519
3.48193 -4.4545
3.48174 -4.4537
3.48234 -4.45311
3.48232 -4.45232
3.48258 -4.45161
3.48326 -4.45114
3.48324 -4.45026
3.48401 -4.44988
3.48455 -4.44948
3.48104 -4.44688
3.4752 -4.44143
3.46945 -4.43586
3.46314 -4.43094
3.45693 -4.42591
3.45089 -4.42069
3.44487 -4.41544
3.44207 -4.41257
3.43928 -4.40969
3.43305 -4.40468
3.4269 -4.39959
3.42093 -4.39427
3.41482 -4.38913
3.40896 -4.3837
3.40313 -4.37823
3.39995 -4.37579
3.39678 -4.37336
3.39396 -4.37051
3.39115 -4.36766
3.38792 -4.36528
3.3847 -4.36291
3.37862 -4.35773
3.37262 -4.35245
3.3668 -4.34697
3.36084 -4.34165
3.35466 -4.33659
3.35181 -4.33377
3.34897 -4.33095
3.34287 -4.32579
3.33672 -4.3207
3.33058 -4.31558
3.32467 -4.31021
3.31857 -4.30505
3.31571 -4.30225
3.31285 -4.29945
3.30963 -4.29707
3.3064 -4.2947
3.30044 -4.28939
3.29439 -4.28417
3.28842 -4.27886
3.28238 -4.27363
3.27623 -4.26853
3.27343 -4.26567
3.27062 -4.26281
3.26746 -4.26036
3.26429 -4.25791
3.26148 -4.25506
3.25867 -4.25221
3.25264 -4.24697
3.24944 -4.24456
3.24624 -4.24215
3.24023 -4.23689
3.23409 -4.23178
3.23125 -4.22896
3.22841 -4.22614
3.2223 -4.221
3.21602 -4.21604
3.21322 -4.21318
3.21042 -4.21031
3.20415 -4.20535
3.19826 -4.19995
3.19235 -4.19457
3.18912 -4.1922
3.18589 -4.18983
3.18003 -4.1844
3.17718 -4.18159
3.17432 -4.17879
3.16803 -4.17385
3.16228 -4.16829
3.1591 -4.16586
3.15591 -4.16344
3.14995 -4.15812
3.14417 -4.1526
3.13793 -4.1476
3.13171 -4.14257
3.12569 -4.13733
3.12289 -4.13447
3.12009 -4.1316
3.11409 -4.12633
3.10794 -4.12123
3.10195 -4.11594
3.09564 -4.11103
3.0928 -4.1082
3.08997 -4.10537
3.0868 -4.10293
3.08362 -4.1005
3.07752 -4.09534
3.07468 -4.09252
3.07185 -4.08969
3.06592 -4.08434
3.0597 -4.07931
3.05357 -4.0742
3.04782 -4.06864
3.04465 -4.06619
3.04148 -4.06375
3.03537 -4.0586
3.03256 -4.05575
3.02974 -4.05291
3.0236 -4.0478
3.01772 -4.04239
3.01451 -4.03999
3.01131 -4.03758
3.0055 -4.03208
2.99947 -4.02685
2.99358 -4.02145
2.99037 -4.01905
2.98717 -4.01665
2.98117 -4.01138
2.97526 -4.006
2.96911 -4.0009
2.96322 -3.99551
2.95731 -3.99013
2.95104 -3.98517
2.94825 -3.98228
2.94547 -3.97939
2.93943 -3.97417
2.93344 -3.96888
2.93019 -3.96653
2.92695 -3.96418
2.92116 -3.95866
2.91534 -3.95318
2.91211 -3.95081
2.90888 -3.94844
2.90604 -3.94561
2.90321 -3.94278
2.90004 -3.94034
2.89687 -3.9379
2.89403 -3.93509
2.89118 -3.93227
2.88494 -3.92728
2.87877 -3.9222
2.87276 -3.91694
2.86681 -3.91161
2.86398 -3.90877
2.86116 -3.90593
2.85799 -3.90349
2.85482 -3.90105
2.84904 -3.89552
2.84295 -3.89036
2.83975 -3.88794
2.83656 -3.88553
2.83062 -3.88019
2.8278 -3.87735
2.82497 -3.87451
2.81882 -3.86941
2.81271 -3.86427
2.80697 -3.8587
2.80072 -3.85371
2.79454 -3.84864
2.78844 -3.84349
2.7824 -3.83825
2.77638 -3.83301
2.77356 -3.83016
2.77075 -3.82731
2.76752 -3.82494
2.76429 -3.82257
2.76149 -3.8197
2.75869 -3.81684
2.75245 -3.81184
2.74637 -3.80665
2.74352 -3.80384
2.74067 -3.80104
2.73445 -3.79602
2.72842 -3.79078
2.7225 -3.78542
2.71624 -3.78044
2.71023 -3.77518
2.70426 -3.76987
2.69829 -3.76457
2.69225 -3.75933
2.68602 -3.75432
2.68024 -3.74881
2.67446 -3.74328
2.66835 -3.73812
2.66227 -3.73295
2.65604 -3.72794
2.6502 -3.72248
2.64428 -3.71712
2.63833 -3.71179
2.63229 -3.70656
2.62606 -3.70156
2.61996 -3.6964
2.61407 -3.691
2.60816 -3.68562
2.60207 -3.68045
2.5961 -3.67514
2.58985 -3.67015
2.58378 -3.66497
2.578 -3.65944
2.57178 -3.65442
2.56594 -3.64896
2.55988 -3.64376
2.55401 -3.63834
2.5508 -3.63594
2.5476 -3.63354
2.54166 -3.6282
2.53559 -3.623
2.52948 -3.61785
2.52667 -3.61499
2.52387 -3.61214
2.52065 -3.60974
2.51744 -3.60735
2.51149 -3.60202
2.5056 -3.59662
2.49937 -3.59162
2.49339 -3.58632
2.49056 -3.58349
2.48773 -3.58065
2.48456 -3.57822
2.48138 -3.57578
2.47528 -3.57063
2.46954 -3.56506
2.46323 -3.56014
2.45714 -3.55496
2.45136 -3.54944
2.44515 -3.54441
2.43906 -3.53924
2.43326 -3.53374
2.42703 -3.52873
2.42113 -3.52335
2.41534 -3.51783
2.40943 -3.51246
2.40337 -3.50725
2.39713 -3.50225
2.39107 -3.49705
2.38513 -3.49171
2.37928 -3.48626
2.37308 -3.48122
2.36719 -3.47582
2.36093 -3.47084
2.35515 -3.46532
2.34919 -3.46
2.34594 -3.45765
2.34269 -3.4553
2.3367 -3.45001
2.33391 -3.44714
2.33111 -3.44427
2.32499 -3.43914
2.31873 -3.43417
2.3126 -3.42904
2.30981 -3.42616
2.30703 -3.42328
2.30102 -3.41801
2.29783 -3.41559
2.29464 -3.41317
2.28862 -3.40793
2.28248 -3.40281
2.27675 -3.39723
2.27049 -3.39226
2.26459 -3.38687
2.25868 -3.38149
2.25241 -3.37653
2.24641 -3.37126
2.2405 -3.36588
2.23765 -3.36307
2.2348 -3.36027
2.23161 -3.35785
2.22842 -3.35543
2.22557 -3.35262
2.22272 -3.34981
2.21672 -3.34454
2.21354 -3.34211
2.21037 -3.33967
2.20434 -3.33442
2.19855 -3.32891
2.19231 -3.32392
2.18638 -3.31856
2.18012 -3.31359
2.17424 -3.30817
2.1685 -3.3026
2.16528 -3.30022
2.16206 -3.29784
2.15607 -3.29255
2.15017 -3.28717
2.14396 -3.28214
2.13806 -3.27675
2.13522 -3.27393
2.13238 -3.27111
2.12921 -3.26867
2.12604 -3.26622
2.12007 -3.26091
2.11388 -3.25586
2.10803 -3.25042
2.10199 -3.24519
2.09618 -3.2397
2.09014 -3.23447
2.08406 -3.22929
2.07816 -3.22391
2.07211 -3.21869
2.06597 -3.21358
2.06281 -3.21113
2.05964 -3.20868
2.05679 -3.20587
2.05395 -3.20306
2.05076 -3.20063
2.04758 -3.19821
2.04471 -3.19542
2.04185 -3.19262
2.03572 -3.1875
2.03286 -3.1847
2.03001 -3.1819
2.02376 -3.17691
2.01784 -3.17154
2.01194 -3.16615
2.00591 -3.16092
2.00268 -3.15854
1.99946 -3.15616
1.99341 -3.15094
1.98758 -3.14547
1.98172 -3.14004
1.97541 -3.13513
1.96939 -3.12988
1.96336 -3.12464
1.95745 -3.11926
1.95157 -3.11385
1.94839 -3.11142
1.94522 -3.10898
1.94244 -3.10609
1.93966 -3.1032
1.93339 -3.09824
1.92737 -3.09299
1.92114 -3.08798
1.91836 -3.08509
1.91558 -3.08221
1.91232 -3.07987
1.90906 -3.07752
1.9062 -3.07473
1.90334 -3.07193
1.89727 -3.06675
1.89142 -3.0613
1.88512 -3.05636
1.87928 -3.05091
1.87309 -3.04586
1.86721 -3.04045
1.86098 -3.03543
1.855 -3.03014
1.8491 -3.02475
1.84331 -3.01924
1.83725 -3.01404
1.83405 -3.01163
1.83085 -3.00922
1.82497 -3.00381
1.81917 -2.99831
1.81297 -2.99326
1.80687 -2.98811
1.80083 -2.98287
1.79486 -2.97757
1.78864 -2.97255
1.78585 -2.96968
1.78305 -2.96681
1.77698 -2.96162
1.77078 -2.95657
1.76494 -2.95112
1.75866 -2.94616
1.75266 -2.94089
1.74679 -2.93547
1.74093 -2.93003
1.73769 -2.92768
1.73444 -2.92533
1.73165 -2.92245
1.72885 -2.91958
1.72284 -2.91432
1.71965 -2.91191
1.71645 -2.90949
1.71055 -2.90411
1.70471 -2.89865
1.70151 -2.89624
1.69832 -2.89383
1.69242 -2.88844
1.68667 -2.88287
1.68348 -2.88046
1.68029 -2.87804
1.67452 -2.87251
1.66829 -2.8675
1.66241 -2.86209
1.65609 -2.85717
1.65328 -2.85432
1.65047 -2.85147
1.64424 -2.84647
1.64137 -2.84367
1.63851 -2.84088
1.63527 -2.83852
1.63202 -2.83617
1.62624 -2.83065
1.6204 -2.82519
1.6144 -2.81991
1.60818 -2.81489
1.60239 -2.80938
1.59625 -2.80426
1.59029 -2.79895
1.58706 -2.79657
1.58384 -2.79419
1.5779 -2.78885
1.57505 -2.78604
1.5722 -2.78323
1.56898 -2.78085
1.56576 -2.77847
1.55973 -2.77323
1.55392 -2.76774
1.54814 -2.76221
1.542 -2.7571
1.53612 -2.75168
1.52994 -2.74663
1.52369 -2.74164
1.52089 -2.73877
1.51809 -2.73591
1.5149 -2.73349
1.51171 -2.73107
1.50565 -2.72586
1.49966 -2.72058
1.49359 -2.71538
1.48764 -2.71006
1.48175 -2.70466
1.4759 -2.69921
1.46972 -2.69414
1.4635 -2.68913
1.45767 -2.68366
1.45138 -2.67871
1.44548 -2.67333
1.43928 -2.66828
1.43333 -2.66296
1.42749 -2.6575
1.42142 -2.6523
1.41567 -2.64675
1.41247 -2.64434
1.40928 -2.64192
1.4032 -2.63674
1.39739 -2.63126
1.39131 -2.62607
1.38524 -2.62088
1.37946 -2.61536
1.37332 -2.61024
1.36708 -2.60525
1.36116 -2.59987
1.35536 -2.59437
1.34924 -2.58924
1.34325 -2.58396
1.33693 -2.57905
1.3311 -2.57358
1.32535 -2.56803
1.31908 -2.56306
1.3132 -2.55765
1.30705 -2.55255
1.30112 -2.5472
1.29498 -2.54209
1.28883 -2.53698
1.28269 -2.53187
1.27694 -2.52631
1.27068 -2.52134
1.26484 -2.51588
1.25869 -2.51077
1.25287 -2.5053
1.24687 -2.50003
1.24087 -2.49475
1.23493 -2.48941
1.22877 -2.48433
1.22285 -2.47896
1.21679 -2.47376
1.21084 -2.46842
1.20764 -2.46602
1.20444 -2.46361
1.19859 -2.45817
1.19259 -2.45289
1.18979 -2.45031
1.1896 -2.45074
1.18883 -2.45105
1.1884 -2.4517
1.18745 -2.4517
1.18704 -2.4524
1.18644 -2.45284
1.18564 -2.45292
1.18491 -2.45309
1.18431 -2.45357
1.18363 -2.45388
1.18287 -2.45388
1.18211 -2.4538
1.18145 -2.4546
1.18068 -2.4545
1.17992 -2.45421
1.17917 -2.45422
1.17844 -2.45405
1.17377 -2.45311
1.1691 -2.45217
1.16847 -2.45173
1.16771 -2.45188
1.16698 -2.45181
1.16652 -2.45104
1.1604 -2.44846
1.15428 -2.44587
1.14816 -2.44328
1.14204 -2.44069
1.13592 -2.4381
1.13511 -2.43819
1.13446 -2.43787
1.13408 -2.43712
1.13321 -2.43715
1.13262 -2.43671
1.13224 -2.43605
1.13162 -2.43566
1.12886 -2.43264
1.12611 -2.42961
1.12615 -2.42862
1.12546 -2.42827
1.12521 -2.42756
1.1244 -2.42721
1.12402 -2.42657
1.12115 -2.42019
1.11828 -2.4138
1.1154 -2.40742
1.11253 -2.40103
1.10966 -2.39464
1.10905 -2.39412
1.10898 -2.39336
1.10893 -2.39262
1.10841 -2.39199
1.10845 -2.39123
1.10828 -2.39051
1.10834 -2.38977
1.10842 -2.38903
1.10836 -2.38829
1.1086 -2.38758
1.10878 -2.38686
1.10922 -2.38623
1.10924 -2.38547
1.10971 -2.38487
1.10978 -2.3841
1.11014 -2.38345
1.11072 -2.38295
1.11135 -2.38251
1.11143 -2.38229
