0.704012 -2.30372
0.704602 -2.30332
0.704531 -2.3024
0.705041 -2.30184
0.705873 -2.3014
0.706003 -2.30063
0.706421 -2.29996
0.706336 -2.29916
0.706429 -2.29842
0.706855 -2.29771
0.706578 -2.29694
0.706379 -2.2962
0.706634 -2.29545
0.706902 -2.29465
0.706431 -2.29397
0.706679 -2.29314
0.705472 -2.28843
0.704264 -2.28373
0.703421 -2.28329
0.703501 -2.28256
0.703348 -2.28189
0.703139 -2.28124
0.702403 -2.28089
0.700301 -2.27713
0.6982 -2.27337
0.698156 -2.2726
0.695178 -2.26811
0.692201 -2.26362
0.689223 -2.25913
0.688819 -2.25852
0.688059 -2.25822
0.684453 -2.25396
0.680846 -2.2497
0.677239 -2.24544
0.677138 -2.24451
0.676139 -2.24447
0.675719 -2.24384
0.675309 -2.24314
0.674631 -2.24281
0.673881 -2.24263
0.67345 -2.2418
0.67268 -2.24168
0.671963 -2.24145
0.665454 -2.23932
0.658946 -2.23719
0.652438 -2.23505
0.64593 -2.23292
0.639422 -2.23079
0.638651 -2.23079
0.637922 -2.23068
0.637219 -2.23033
0.636463 -2.23054
0.635726 -2.23029
0.634954 -2.23
0.634286 -2.23071
0.633513 -2.23055
0.632745 -2.23055
0.632133 -2.23107
0.631344 -2.23108
0.630838 -2.23174
0.630062 -2.23183
0.629317 -2.23203
0.628581 -2.2323
0.628107 -2.23291
0.62759 -2.23345
0.626838 -2.23376
0.626546 -2.23417
0.623641 -2.23182
0.617619 -2.22657
0.611641 -2.22127
0.605693 -2.21593
0.60287 -2.2131
0.600047 -2.21027
0.594087 -2.20495
0.590964 -2.20244
0.587841 -2.19994
0.585052 -2.19707
0.582262 -2.1942
0.579125 -2.19171
0.575987 -2.18923
0.573152 -2.18641
0.570318 -2.18358
0.568339 -2.1818
0.563458 -2.17753
0.558509 -2.17334
0.557328 -2.17274
0.551245 -2.16755
0.545185 -2.16234
0.538914 -2.15738
0.532869 -2.15215
0.5266 -2.14718
0.520576 -2.14193
0.514551 -2.13667
0.508339 -2.13164
0.502084 -2.12666
0.498869 -2.12428
0.495654 -2.12189
0.492715 -2.11918
0.489775 -2.11646
0.483692 -2.11128
0.477628 -2.10607
0.471454 -2.10099
0.465328 -2.09586
0.462137 -2.09344
0.458945 -2.09103
0.452723 -2.08601
0.446451 -2.08106
0.443577 -2.07826
0.440704 -2.07546
0.434438 -2.0705
0.428387 -2.06527
0.422066 -2.06037
0.415919 -2.05527
0.409867 -2.05004
0.403775 -2.04487
0.400569 -2.04247
0.397363 -2.04008
0.391334 -2.03483
0.385093 -2.02983
0.378989 -2.02467
0.372755 -2.01967
0.366744 -2.01439
0.360416 -2.0095
0.354219 -2.00445
0.351353 -2.00165
0.348487 -1.99885
0.342362 -1.99371
0.336062 -1.98879
0.33003 -1.98354
0.326776 -1.9812
0.323522 -1.97886
0.317405 -1.97372
0.311167 -1.96872
0.308256 -1.96597
0.305345 -1.96322
0.302128 -1.96084
0.298912 -1.95846
0.295973 -1.95574
0.293035 -1.95302
0.286985 -1.9478
0.28073 -1.94282
0.274706 -1.93756
0.271397 -1.93529
0.268088 -1.93302
0.262033 -1.9278
0.259077 -1.9251
0.256121 -1.92241
0.250075 -1.91718
0.243747 -1.91229
0.237498 -1.9073
0.231532 -1.90197
0.228331 -1.89957
0.22513 -1.89717
0.219174 -1.89183
0.213085 -1.88665
0.206946 -1.88153
0.200934 -1.87626
0.197736 -1.87386
0.194538 -1.87145
0.188438 -1.86629
0.185254 -1.86387
0.182069 -1.86145
0.176122 -1.8561
0.169833 -1.85116
0.16693 -1.8484
0.164028 -1.84564
0.157726 -1.84072
0.151624 -1.83555
0.14532 -1.83063
0.139372 -1.82528
0.136097 -1.82297
0.132822 -1.82066
0.126788 -1.81542
0.120566 -1.8104
0.114527 -1.80516
0.10847 -1.79994
0.10231 -1.79485
0.0963561 -1.78951
0.0900702 -1.78456
0.0837569 -1.77966
0.077532 -1.77464
0.0715373 -1.76935
0.06521 -1.76446
0.0590022 -1.75942
0.0560906 -1.75667
0.053179 -1.75392
0.0499531 -1.75155
0.0467272 -1.74918
0.0407838 -1.74383
0.0347406 -1.73859
0.031539 -1.73619
0.0283373 -1.73379
0.0254348 -1.73103
0.0225323 -1.72827
0.0161775 -1.72341
0.00988366 -1.71848
0.00393992 -1.71313
0.000740734 -1.71072
-0.00245846 -1.70832
-0.00538495 -1.70559
-0.00831144 -1.70286
-0.0146308 -1.69796
-0.0208575 -1.69294
-0.0237989 -1.69023
-0.0267402 -1.68752
-0.0299467 -1.68512
-0.0331532 -1.68273
-0.0393534 -1.67768
-0.0423044 -1.67498
-0.0452554 -1.67228
-0.0514396 -1.66722
-0.0577442 -1.6623
-0.0638045 -1.65708
-0.0701008 -1.65215
-0.0729771 -1.64936
-0.0758533 -1.64657
-0.082311 -1.64185
-0.0860776 -1.63863
-0.0901729 -1.63586
-0.0943657 -1.63324
-0.0985857 -1.63066
-0.103083 -1.6286
-0.107612 -1.62668
-0.11202 -1.62432
-0.116814 -1.62304
-0.121515 -1.62145
-0.126405 -1.62063
-0.131286 -1.61982
-0.13619 -1.61924
-0.141112 -1.6186
-0.146067 -1.61894
-0.153693 -1.61894
-0.16132 -1.61847
-0.168947 -1.61872
-0.176574 -1.61845
-0.184201 -1.61877
-0.191828 -1.61864
-0.199455 -1.61862
-0.204308 -1.61875
-0.209161 -1.61902
-0.214011 -1.6194
-0.218786 -1.62038
-0.223387 -1.62199
-0.228073 -1.62314
-0.232656 -1.62474
-0.237463 -1.62579
-0.2416 -1.6284
-0.246101 -1.63022
-0.250212 -1.63281
-0.25463 -1.63492
-0.258274 -1.63816
-0.262512 -1.64061
-0.268616 -1.64568
-0.274588 -1.65092
-0.280943 -1.65568
-0.286922 -1.6609
-0.293382 -1.66553
-0.299152 -1.67102
-0.30529 -1.67605
-0.311714 -1.68072
-0.318062 -1.68549
-0.324158 -1.69057
-0.330195 -1.69572
-0.336361 -1.70072
-0.342617 -1.7056
-0.348694 -1.7107
-0.354869 -1.71569
-0.361234 -1.72043
-0.367419 -1.7254
-0.373537 -1.73046
-0.379415 -1.73581
-0.385733 -1.74061
-0.391844 -1.74568
-0.398077 -1.75059
-0.404318 -1.75549
-0.410615 -1.76032
-0.416758 -1.76534
-0.422933 -1.77033
-0.428806 -1.77568
-0.435278 -1.7803
-0.441474 -1.78525
-0.447297 -1.79067
-0.453734 -1.79533
-0.459709 -1.80056
-0.466016 -1.80538
-0.472287 -1.81024
-0.478514 -1.81516
-0.484591 -1.82027
-0.490417 -1.82568
-0.496576 -1.83068
-0.50296 -1.83541
-0.50925 -1.84025
-0.515328 -1.84535
-0.521494 -1.85035
-0.527872 -1.85508
-0.533822 -1.86034
-0.540242 -1.86502
-0.546305 -1.87014
-0.55217 -1.87551
-0.558484 -1.88032
-0.564896 -1.88501
-0.570997 -1.89008
-0.576927 -1.89537
-0.583388 -1.9
-0.589501 -1.90506
-0.595355 -1.91044
-0.601804 -1.91508
-0.607879 -1.92019
-0.614087 -1.92513
-0.620426 -1.92991
-0.626204 -1.93538
-0.63272 -1.93994
-0.638607 -1.94528
-0.644877 -1.95015
-0.650879 -1.95534
-0.657375 -1.95993
-0.663257 -1.96527
-0.669686 -1.96994
-0.675552 -1.97531
-0.681926 -1.98005
-0.688105 -1.98502
-0.694263 -1.99003
-0.700191 -1.99532
-0.706507 -2.00012
-0.712982 -2.00474
-0.719115 -2.00977
-0.725107 -2.01498
-0.731474 -2.01972
-0.737604 -2.02476
-0.743675 -2.02987
-0.749965 -2.03472
-0.756021 -2.03985
-0.762119 -2.04492
-0.768107 -2.05014
-0.774647 -2.05467
-0.780492 -2.06006
-0.786757 -2.06493
-0.79278 -2.0701
-0.798944 -2.0751
-0.805271 -2.07989
-0.811491 -2.08482
-0.817754 -2.08969
-0.823656 -2.09502
-0.830017 -2.09977
-0.836402 -2.10449
-0.842332 -2.10978
-0.848483 -2.11479
-0.854892 -2.11948
-0.860777 -2.12482
-0.867223 -2.12947
-0.873127 -2.13479
-0.879318 -2.13975
-0.885501 -2.14473
-0.891919 -2.14941
-0.89781 -2.15474
-0.903885 -2.15985
-0.910299 -2.16454
-0.916174 -2.16989
-0.922336 -2.17489
-0.928635 -2.17972
-0.934855 -2.18465
-0.941129 -2.18951
-0.947486 -2.19426
-0.953361 -2.19962
-0.954911 -2.20023
-0.95988 -2.2046
-0.964852 -2.20897
-0.967318 -2.21099
-0.973169 -2.21642
-0.979215 -2.22164
-0.985175 -2.22695
-0.99108 -2.23232
-0.99692 -2.23777
-1.00009 -2.24021
-1.00326 -2.24266
-1.00602 -2.24556
-1.00878 -2.24847
-1.01479 -2.25371
-1.01798 -2.25614
-1.02116 -2.25857
-1.02392 -2.26148
-1.02668 -2.26438
-1.02985 -2.26682
-1.03302 -2.26927
-1.03873 -2.27486
-1.04479 -2.28006
-1.05084 -2.28527
-1.0566 -2.2908
-1.06268 -2.29598
-1.06849 -2.30146
-1.07463 -2.30658
-1.08043 -2.31206
-1.08648 -2.31728
-1.0925 -2.32253
-1.09865 -2.32762
-1.10141 -2.33053
-1.10416 -2.33344
-1.11008 -2.3388
-1.11637 -2.34373
-1.12213 -2.34927
-1.12528 -2.35174
-1.12843 -2.3542
-1.13438 -2.35952
-1.14027 -2.36492
-1.14626 -2.3702
-1.15204 -2.37572
-1.15819 -2.38081
-1.16399 -2.3863
-1.17011 -2.39143
-1.17595 -2.39688
-1.18198 -2.40211
-1.18804 -2.40731
-1.19082 -2.4102
-1.19359 -2.41309
-1.19958 -2.41836
-1.20274 -2.42082
-1.2059 -2.42327
-1.21164 -2.42883
-1.21778 -2.43394
-1.22383 -2.43915
-1.2297 -2.44457
-1.23555 -2.45
-1.24163 -2.45518
-1.24443 -2.45804
-1.24724 -2.46089
-1.25327 -2.46612
-1.25647 -2.46853
-1.25966 -2.47095
-1.2655 -2.4764
-1.27132 -2.48187
-1.27753 -2.4869
-1.28331 -2.49241
-1.28897 -2.49806
-1.29513 -2.50315
-1.30093 -2.50864
-1.30415 -2.51103
-1.30736 -2.51342
-1.31017 -2.51628
-1.31297 -2.51914
-1.31882 -2.52457
-1.32506 -2.52957
-1.33084 -2.53508
-1.33697 -2.5402
-1.34305 -2.54538
-1.34888 -2.55083
-1.35499 -2.55598
-1.36095 -2.56129
-1.36694 -2.56657
-1.37283 -2.57197
-1.37563 -2.57482
-1.37843 -2.57768
-1.38473 -2.58261
-1.38753 -2.58546
-1.39034 -2.58831
-1.3966 -2.59328
-1.4026 -2.59856
-1.40864 -2.60378
-1.41145 -2.60663
-1.41425 -2.60948
-1.42048 -2.61449
-1.42646 -2.61978
-1.43236 -2.62517
-1.43804 -2.63079
-1.44432 -2.63574
-1.45044 -2.64088
-1.45633 -2.64626
-1.46204 -2.65186
-1.46793 -2.65725
-1.47111 -2.65968
-1.47429 -2.66211
-1.47704 -2.66503
-1.47978 -2.66795
-1.48574 -2.67326
-1.49174 -2.67854
-1.49802 -2.68348
-1.5037 -2.68911
-1.50961 -2.69449
-1.51584 -2.69949
-1.52189 -2.7047
-1.52787 -2.70999
-1.53392 -2.71521
-1.53992 -2.72047
-1.54271 -2.72334
-1.54549 -2.72621
-1.55142 -2.73157
-1.55734 -2.73692
-1.56364 -2.74185
-1.56951 -2.74726
-1.57538 -2.75268
-1.58135 -2.75798
-1.58757 -2.763
-1.59348 -2.76837
-1.59929 -2.77385
-1.60522 -2.7792
-1.61123 -2.78445
-1.6173 -2.78964
-1.62011 -2.79249
-1.62291 -2.79535
-1.6292 -2.80029
-1.6352 -2.80556
-1.64106 -2.81098
-1.64689 -2.81644
-1.65316 -2.8214
-1.65596 -2.82426
-1.65876 -2.82712
-1.66463 -2.83254
-1.67073 -2.83769
-1.67702 -2.84263
-1.68272 -2.84823
-1.68892 -2.85328
-1.69172 -2.85613
-1.69452 -2.85899
-1.70055 -2.86423
-1.70661 -2.86942
-1.71274 -2.87455
-1.71845 -2.88014
-1.72443 -2.88543
-1.73052 -2.89059
-1.73654 -2.89584
-1.74222 -2.90147
-1.74538 -2.90392
-1.74854 -2.90638
-1.75134 -2.90923
-1.75415 -2.91208
-1.76028 -2.9172
-1.7662 -2.92256
-1.77246 -2.92753
-1.77843 -2.93284
-1.78428 -2.93827
-1.79025 -2.94357
-1.79605 -2.94906
-1.80181 -2.9546
-1.80498 -2.95704
-1.80815 -2.95949
-1.81409 -2.96482
-1.81983 -2.97038
-1.82591 -2.97556
-1.83158 -2.9812
-1.83765 -2.98638
-1.84357 -2.99175
-1.84952 -2.99706
-1.85563 -3.00221
-1.86172 -3.00737
-1.86761 -3.01277
-1.87338 -3.01829
-1.87953 -3.0234
-1.88567 -3.0285
-1.89146 -3.034
-1.89748 -3.03925
-1.90354 -3.04445
-1.90953 -3.04973
-1.91234 -3.05257
-1.91515 -3.05542
-1.92133 -3.06049
-1.92699 -3.06614
-1.93017 -3.06857
-1.93335 -3.071
-1.93912 -3.07652
-1.9454 -3.08148
-1.95123 -3.08694
-1.957 -3.09247
-1.96327 -3.09742
-1.96922 -3.10275
-1.9752 -3.10804
-1.98101 -3.11352
-1.9869 -3.11892
-1.99285 -3.12424
-1.9987 -3.12967
-2.00485 -3.13477
-2.01067 -3.14024
-2.0167 -3.14548
-2.02239 -3.15108
-2.0286 -3.15612
-2.03484 -3.16112
-2.03761 -3.16401
-2.04039 -3.16689
-2.04631 -3.17224
-2.05229 -3.17753
-2.05856 -3.1825
-2.06448 -3.18786
-2.07051 -3.19309
-2.07635 -3.19854
-2.0822 -3.20397
-2.08826 -3.20918
-2.09421 -3.2145
-2.10041 -3.21954
-2.10638 -3.22485
-2.11212 -3.2304
-2.11822 -3.23555
-2.12102 -3.23842
-2.12381 -3.24129
-2.13002 -3.24631
-2.13577 -3.25186
-2.14193 -3.25696
-2.14813 -3.262
-2.15403 -3.26737
-2.15683 -3.27023
-2.15963 -3.2731
-2.1628 -3.27553
-2.16598 -3.27797
-2.17184 -3.28339
-2.17748 -3.28906
-2.18067 -3.29148
-2.18386 -3.2939
-2.18663 -3.29679
-2.18941 -3.29968
-2.19261 -3.30209
-2.19581 -3.30449
-2.20161 -3.30998
-2.20729 -3.31561
-2.21326 -3.32092
-2.21939 -3.32604
-2.22562 -3.33104
-2.23147 -3.33648
-2.23714 -3.34211
-2.2432 -3.34732
-2.24921 -3.35258
-2.25547 -3.35755
-2.25822 -3.36046
-2.26097 -3.36337
-2.26713 -3.36846
-2.27283 -3.37407
-2.27886 -3.3793
-2.28493 -3.38449
-2.29082 -3.38988
-2.29401 -3.3923
-2.2972 -3.39472
-2.3 -3.39758
-2.30281 -3.40043
-2.30868 -3.40584
-2.31188 -3.40825
-2.31508 -3.41066
-2.31785 -3.41355
-2.32063 -3.41643
-2.32381 -3.41886
-2.327 -3.42129
-2.33286 -3.42671
-2.33854 -3.43233
-2.34444 -3.43771
-2.35034 -3.44309
-2.35354 -3.4455
-2.35674 -3.44792
-2.3624 -3.45356
-2.36854 -3.45868
-2.37427 -3.46424
-2.37746 -3.46666
-2.38065 -3.46908
-2.38634 -3.47469
-2.39221 -3.48012
-2.39833 -3.48525
-2.40429 -3.49056
-2.41034 -3.49577
-2.41619 -3.5012
-2.42203 -3.50665
-2.4283 -3.51162
-2.4342 -3.51699
-2.44015 -3.52231
-2.44586 -3.52792
-2.45207 -3.53294
-2.45781 -3.5385
-2.46385 -3.54372
-2.46964 -3.54922
-2.47284 -3.55164
-2.47603 -3.55406
-2.48196 -3.5594
-2.48772 -3.56494
-2.49369 -3.57024
-2.49979 -3.5754
-2.50581 -3.58064
-2.51155 -3.5862
-2.51767 -3.59133
-2.52048 -3.59418
-2.52329 -3.59703
-2.5295 -3.60205
-2.53568 -3.60713
-2.54146 -3.61264
-2.54716 -3.61824
-2.55344 -3.6232
-2.55952 -3.62837
-2.56543 -3.63374
-2.57113 -3.63934
-2.57733 -3.64438
-2.58314 -3.64987
-2.58933 -3.65492
-2.59524 -3.66029
-2.60119 -3.66562
-2.60717 -3.6709
-2.61287 -3.6765
-2.61869 -3.68198
-2.62464 -3.68731
-2.62786 -3.68969
-2.63107 -3.69208
-2.63688 -3.69756
-2.64258 -3.70317
-2.64579 -3.70557
-2.64899 -3.70798
-2.6547 -3.71357
-2.66045 -3.71912
-2.66659 -3.72422
-2.67265 -3.72943
-2.67864 -3.73471
-2.68428 -3.74038
-2.69028 -3.74565
-2.69636 -3.75082
-2.70253 -3.7559
-2.7084 -3.76132
-2.71447 -3.7665
-2.72039 -3.77186
-2.72636 -3.77716
-2.732 -3.78283
-2.73517 -3.78528
-2.73834 -3.78772
-2.74412 -3.79324
-2.75013 -3.79849
-2.75608 -3.80381
-2.76184 -3.80934
-2.765 -3.81181
-2.76815 -3.81427
-2.77385 -3.81987
-2.78008 -3.82488
-2.78288 -3.82774
-2.78568 -3.8306
-2.79165 -3.83589
-2.79782 -3.84098
-2.80379 -3.84627
-2.80954 -3.85182
-2.81583 -3.85676
-2.81863 -3.85963
-2.82142 -3.8625
-2.82754 -3.86762
-2.83356 -3.87287
-2.83936 -3.87837
-2.84256 -3.88077
-2.84576 -3.88318
-2.85144 -3.8888
-2.85727 -3.89427
-2.86325 -3.89956
-2.86941 -3.90465
-2.87518 -3.91017
-2.87836 -3.91261
-2.88153 -3.91504
-2.88741 -3.92044
-2.8902 -3.92331
-2.89299 -3.92618
-2.89913 -3.9313
-2.9052 -3.93648
-2.91131 -3.94163
-2.91729 -3.94692
-2.92327 -3.9522
-2.9289 -3.95789
-2.9349 -3.96315
-2.94106 -3.96824
-2.94697 -3.97361
-2.95296 -3.97889
-2.95874 -3.9844
-2.96488 -3.98952
-2.97061 -3.99509
-2.97672 -4.00023
-2.9829 -4.0053
-2.98564 -4.00823
-2.98838 -4.01115
-2.99467 -4.01609
-3.00051 -4.02153
-3.00665 -4.02664
-3.01238 -4.03221
-3.01828 -4.0376
-3.02144 -4.04005
-3.02461 -4.0425
-3.02742 -4.04535
-3.03022 -4.04819
-3.03623 -4.05346
-3.04214 -4.05882
-3.04838 -4.06382
-3.05435 -4.06912
-3.06031 -4.07444
-3.06597 -4.08009
-3.07218 -4.08511
-3.07805 -4.09052
-3.08427 -4.09555
-3.08997 -4.10115
-3.09602 -4.10637
-3.10168 -4.11201
-3.10763 -4.11734
-3.11377 -4.12244
-3.11982 -4.12766
-3.12557 -4.13321
-3.13161 -4.13843
-3.13768 -4.14361
-3.1435 -4.14909
-3.1494 -4.15447
-3.15548 -4.15964
-3.16148 -4.16491
-3.16777 -4.16985
-3.17343 -4.1755
-3.17949 -4.18071
-3.18522 -4.18627
-3.19144 -4.1913
-3.19733 -4.19668
-3.20354 -4.20171
-3.20942 -4.20711
-3.2151 -4.21274
-3.22115 -4.21795
-3.22716 -4.22321
-3.23286 -4.22882
-3.23602 -4.23127
-3.23919 -4.23371
-3.24506 -4.23912
-3.25109 -4.24436
-3.25696 -4.24977
-3.26301 -4.25498
-3.26913 -4.26012
-3.27481 -4.26574
-3.28081 -4.27101
-3.28665 -4.27645
-3.2927 -4.28167
-3.29891 -4.2867
-3.30473 -4.29217
-3.31081 -4.29735
-3.31676 -4.30267
-3.3226 -4.30811
-3.32829 -4.31373
-3.33444 -4.31883
-3.34059 -4.32393
-3.34339 -4.32679
-3.34619 -4.32965
-3.34937 -4.33208
-3.35255 -4.33452
-3.35858 -4.33974
-3.36131 -4.34268
-3.36405 -4.34561
-3.37033 -4.35056
-3.37635 -4.35581
-3.38217 -4.36127
-3.38811 -4.3666
-3.39399 -4.37202
-3.40007 -4.37718
-3.40622 -4.38229
-3.41195 -4.38785
-3.41793 -4.39315
-3.42408 -4.39825
-3.42975 -4.40389
-3.43574 -4.40916
-3.4419 -4.41425
-3.44758 -4.41988
-3.45375 -4.42496
-3.45954 -4.43046
-3.46577 -4.43546
-3.46856 -4.43833
-3.47135 -4.4412
-3.47765 -4.44613
-3.48362 -4.45143
-3.48933 -4.45703
-3.49252 -4.45945
-3.49571 -4.46187
-3.50149 -4.46739
-3.50741 -4.47274
-3.51342 -4.478
-3.51952 -4.48315
-3.52524 -4.48874
-3.53105 -4.49422
-3.53727 -4.49923
-3.54294 -4.50487
-3.54892 -4.51016
-3.55511 -4.51522
-3.56081 -4.52082
-3.56688 -4.52601
-3.57288 -4.53128
-3.57907 -4.53633
-3.58502 -4.54165
-3.59076 -4.54722
-3.59675 -4.5525
-3.60292 -4.55757
-3.60571 -4.56044
-3.6085 -4.56331
-3.61455 -4.56852
-3.62065 -4.57368
-3.62673 -4.57885
-3.63243 -4.58446
-3.63869 -4.58943
-3.6415 -4.59228
-3.64431 -4.59513
-3.64749 -4.59755
-3.65068 -4.59998
-3.65649 -4.60546
-3.66244 -4.61078
-3.66859 -4.61588
-3.67422 -4.62156
-3.68046 -4.62657
-3.68639 -4.63191
-3.69206 -4.63755
-3.69809 -4.64278
-3.70429 -4.64782
-3.71024 -4.65315
-3.71607 -4.6586
-3.7218 -4.66417
-3.72804 -4.66918
-3.73376 -4.67475
-3.73695 -4.67718
-3.74013 -4.6796
-3.74603 -4.68498
-3.7519 -4.6904
-3.75768 -4.69591
-3.7638 -4.70105
-3.7699 -4.7062
-3.7727 -4.70906
-3.7755 -4.71192
-3.78144 -4.71725
-3.78467 -4.71963
-3.78789 -4.72201
-3.79068 -4.72489
-3.79347 -4.72776
-3.79948 -4.73301
-3.80549 -4.73826
-3.81167 -4.74334
-3.81444 -4.74622
-3.81721 -4.74911
-3.82329 -4.7543
-3.82647 -4.75672
-3.82965 -4.75915
-3.83557 -4.76451
-3.84157 -4.76979
-3.84296 -4.77191
-3.84838 -4.77673
-3.85369 -4.78166
-3.85901 -4.78657
-3.86411 -4.79171
-3.86762 -4.79534
-3.87151 -4.79863
-3.87448 -4.80272
-3.87748 -4.80676
-3.88009 -4.81109
-3.88293 -4.81526
-3.88531 -4.81971
-3.88763 -4.82421
-3.88954 -4.82888
-3.89098 -4.83372
-3.89216 -4.83863
-3.89389 -4.84341
-3.89486 -4.84836
-3.89543 -4.85339
-3.89584 -4.85842
-3.89613 -4.86347
-3.89626 -4.87144
-3.89606 -4.87942
-3.89622 -4.88739
-3.89622 -4.89537
-3.89657 -4.90334
-3.89652 -4.91132
-3.89636 -4.91929
-3.89694 -4.92726
-3.89681 -4.93524
-3.89646 -4.94322
-3.89687 -4.9472
-3.89727 -4.95118
-3.89696 -4.95916
-3.89744 -4.96713
-3.897 -4.97511
-3.8969 -4.98309
-3.89742 -4.99106
-3.89736 -4.99903
-3.89737 -5.00701
-3.89769 -5.01498
-3.89782 -5.02296
-3.89733 -5.02762
-3.89698 -5.03224
-3.89659 -5.0369
-3.89597 -5.04151
-3.89477 -5.04604
-3.89444 -5.05079
-3.89298 -5.05522
-3.89096 -5.05945
-3.88963 -5.06397
-3.88725 -5.06801
-3.88529 -5.07226
-3.88302 -5.07635
-3.88064 -5.08038
-3.8777 -5.08404
-3.87446 -5.08742
-3.87161 -5.0911
-3.86841 -5.09451
-3.86511 -5.09781
-3.85971 -5.10293
-3.85414 -5.10785
-3.84885 -5.11309
-3.84315 -5.11787
-3.83785 -5.12308
-3.83215 -5.12787
-3.82669 -5.13292
-3.82098 -5.1377
-3.816 -5.14326
-3.81046 -5.14823
-3.80967 -5.14835
-3.80394 -5.15392
-3.79799 -5.15923
-3.79222 -5.16476
-3.78631 -5.17011
-3.78027 -5.17533
-3.77712 -5.1778
-3.77397 -5.18027
-3.7712 -5.18315
-3.76843 -5.18604
-3.76228 -5.19114
-3.75624 -5.19635
-3.75064 -5.20207
-3.74449 -5.20716
-3.73874 -5.21271
-3.73274 -5.21797
-3.7267 -5.22319
-3.72081 -5.22858
-3.71472 -5.23374
-3.70906 -5.23938
-3.70311 -5.2447
-3.69727 -5.25014
-3.69115 -5.25527
-3.68537 -5.26078
-3.67949 -5.26617
-3.6732 -5.27112
-3.66726 -5.27645
-3.66449 -5.27934
-3.66172 -5.28222
-3.65567 -5.28744
-3.64982 -5.29286
-3.64362 -5.29791
-3.64087 -5.30081
-3.63811 -5.30372
-3.63218 -5.30905
-3.62608 -5.31421
-3.62004 -5.31943
-3.61408 -5.32474
-3.60847 -5.33043
-3.60228 -5.33549
-3.59651 -5.341
-3.59335 -5.34346
-3.59018 -5.34591
-3.58744 -5.34883
-3.5847 -5.35174
-3.57875 -5.35706
-3.5728 -5.36238
-3.56672 -5.36755
-3.56079 -5.3729
-3.55495 -5.37834
-3.54883 -5.38347
-3.54274 -5.38863
-3.53997 -5.39152
-3.5372 -5.39441
-3.53124 -5.39972
-3.52511 -5.40484
-3.51919 -5.41019
-3.51339 -5.41567
-3.50746 -5.42101
-3.50164 -5.42648
-3.49583 -5.43196
-3.48976 -5.43714
-3.48348 -5.4421
-3.47789 -5.44781
-3.47171 -5.45288
-3.46585 -5.4583
-3.46016 -5.46391
-3.45427 -5.46929
-3.44828 -5.47457
-3.44216 -5.4797
-3.43636 -5.48519
-3.43058 -5.49069
-3.42739 -5.49312
-3.42421 -5.49555
-3.41833 -5.50095
-3.41263 -5.50654
-3.40667 -5.51185
-3.40065 -5.51709
-3.39488 -5.52261
-3.38872 -5.5277
-3.38304 -5.53332
-3.37709 -5.53863
-3.37115 -5.54397
-3.36492 -5.54897
-3.35909 -5.55442
-3.35307 -5.55967
-3.34741 -5.56531
-3.34123 -5.57037
-3.3356 -5.57605
-3.32958 -5.58129
-3.32392 -5.58693
-3.31775 -5.59201
-3.3118 -5.59732
-3.30596 -5.60277
-3.30013 -5.60822
-3.29415 -5.6135
-3.28818 -5.61881
-3.28192 -5.62378
-3.27602 -5.62915
-3.2702 -5.63462
-3.26412 -5.63979
-3.25844 -5.64542
-3.25231 -5.65054
-3.24957 -5.65346
-3.24683 -5.65638
-3.24074 -5.66153
-3.23496 -5.66704
-3.22887 -5.67221
-3.22302 -5.67763
-3.21713 -5.68302
-3.21085 -5.68798
-3.2081 -5.69088
-3.20534 -5.69379
-3.19929 -5.699
-3.19311 -5.70405
-3.18749 -5.70975
-3.18137 -5.71487
-3.17554 -5.72033
-3.16966 -5.72573
-3.16379 -5.73114
-3.15789 -5.73651
-3.1516 -5.74145
-3.14564 -5.74676
-3.14288 -5.74966
-3.14012 -5.75256
-3.13696 -5.75501
-3.1338 -5.75747
-3.12779 -5.76272
-3.12505 -5.76564
-3.12231 -5.76855
-3.11641 -5.77393
-3.11041 -5.77921
-3.10678 -5.78187
-3.10317 -5.78451
-3.09971 -5.78739
-3.09576 -5.78952
-3.09183 -5.79168
-3.08815 -5.79432
-3.08111 -5.79804
-3.07386 -5.80133
-3.06667 -5.80475
-3.05964 -5.80849
-3.05266 -5.81232
-3.04525 -5.8153
-3.0384 -5.81939
-3.03124 -5.82287
-3.02393 -5.82606
-3.01706 -5.8301
-3.00985 -5.83349
-3.00261 -5.8368
-2.99546 -5.8403
-2.98828 -5.84373
-2.98147 -5.84792
-2.97408 -5.85093
-2.96725 -5.85507
-2.95982 -5.85801
-2.95268 -5.86152
-2.94568 -5.86532
-2.9385 -5.86876
-2.93153 -5.87262
-2.92432 -5.876
-2.91725 -5.87966
-2.91004 -5.88302
-2.90319 -5.88712
-2.89584 -5.89021
-2.88894 -5.89423
-2.88165 -5.89744
-2.87443 -5.90079
-2.86731 -5.90435
-2.86042 -5.90836
-2.85326 -5.91186
-2.84612 -5.91537
-2.83892 -5.91877
-2.83196 -5.92264
-2.8249 -5.92631
-2.81756 -5.92943
-2.81046 -5.93304
-2.80337 -5.93666
-2.79624 -5.94019
-2.78922 -5.94394
-2.78197 -5.94724
-2.77479 -5.95068
-2.76776 -5.95442
-2.76084 -5.95837
-2.75349 -5.96147
-2.74661 -5.9655
-2.73922 -5.96853
-2.73232 -5.97252
-2.7251 -5.97588
-2.71796 -5.97939
-2.71101 -5.98329
-2.7037 -5.98647
-2.69664 -5.99015
-2.68947 -5.9936
-2.68251 -5.99749
-2.67518 -6.00063
-2.66833 -6.00471
-2.66092 -6.0077
-2.65388 -6.01141
-2.6467 -6.01484
-2.63971 -6.01867
-2.63269 -6.02243
-2.62554 -6.02592
-2.61844 -6.02951
-2.61129 -6.03302
-2.60404 -6.03631
-2.59718 -6.04039
-2.58998 -6.0438
-2.58288 -6.04739
-2.57554 -6.0505
-2.5684 -6.05402
-2.56142 -6.05785
-2.55425 -6.06131
-2.54711 -6.06484
-2.54015 -6.06872
-2.5331 -6.07241
-2.52569 -6.07538
-2.51881 -6.07942
-2.51148 -6.08257
-2.50441 -6.08622
-2.49736 -6.08992
-2.4902 -6.09339
-2.4833 -6.09744
-2.47878 -6.09865
-2.47475 -6.101
-2.47021 -6.10203
-2.46588 -6.10362
-2.46135 -6.10453
-2.45687 -6.10559
-2.45232 -6.1064
-2.44777 -6.1074
-2.44314 -6.10736
-2.43852 -6.10763
-2.43053 -6.10745
-2.42254 -6.10781
-2.41455 -6.1081
-2.41056 -6.10779
-2.40656 -6.10748
-2.40257 -6.10774
-2.39858 -6.10801
-2.39059 -6.10786
-2.38659 -6.10763
-2.3826 -6.10739
-2.37461 -6.10768
-2.36662 -6.10774
-2.35863 -6.10768
-2.35064 -6.10787
-2.34265 -6.10767
-2.33466 -6.10747
-2.33067 -6.10785
-2.32667 -6.10823
-2.32268 -6.10797
-2.31868 -6.10771
-2.31069 -6.10805
-2.30271 -6.1082
-2.29472 -6.10786
-2.28673 -6.10813
-2.27874 -6.10798
-2.27075 -6.10762
-2.26675 -6.10793
-2.26276 -6.10824
-2.25477 -6.10811
-2.24678 -6.10805
-2.23879 -6.1083
-2.2348 -6.10803
-2.2308 -6.10776
-2.22281 -6.1076
-2.21882 -6.10782
-2.21482 -6.10803
-2.20684 -6.10789
-2.19885 -6.10793
-2.19086 -6.10789
-2.18686 -6.10816
-2.18287 -6.10842
-2.17488 -6.10843
-2.16689 -6.10816
-2.1589 -6.10826
-2.15091 -6.10789
-2.14292 -6.10792
-2.13893 -6.10816
-2.13493 -6.10839
-2.12694 -6.1081
-2.11896 -6.10827
-2.11097 -6.10833
-2.10298 -6.10847
-2.09499 -6.10816
-2.087 -6.1078
-2.07901 -6.1082
-2.07102 -6.10802
-2.06303 -6.10828
-2.05504 -6.10814
-2.04705 -6.10833
-2.03906 -6.10801
-2.03107 -6.10841
-2.02309 -6.10838
-2.0151 -6.10836
-2.00711 -6.10829
-1.99912 -6.10845
-1.99512 -6.10822
-1.99113 -6.10799
-1.98314 -6.10816
-1.97915 -6.10838
-1.97515 -6.1086
-1.96716 -6.10862
-1.95917 -6.10864
-1.95518 -6.10834
-1.95118 -6.10804
-1.94319 -6.10814
-1.9392 -6.10843
-1.93521 -6.10872
-1.92722 -6.1088
-1.92322 -6.10848
-1.91923 -6.10816
-1.91124 -6.10856
-1.90325 -6.10881
-1.89925 -6.10856
-1.89526 -6.1083
-1.88727 -6.1081
-1.88328 -6.10847
-1.87928 -6.10884
-1.87529 -6.10863
-1.87129 -6.10842
-1.8633 -6.10823
-1.85531 -6.10836
-1.84732 -6.10853
-1.83934 -6.10886
-1.83534 -6.10856
-1.83135 -6.10826
-1.82336 -6.10844
-1.81537 -6.10865
-1.80738 -6.10868
-1.80338 -6.10847
-1.79939 -6.10827
-1.7914 -6.10836
-1.78341 -6.10858
-1.77542 -6.10882
-1.76743 -6.10877
-1.75944 -6.10876
-1.75145 -6.10859
-1.74346 -6.10846
-1.73548 -6.1088
-1.72749 -6.1089
-1.72349 -6.10869
-1.7195 -6.10847
-1.71151 -6.10871
-1.70352 -6.10858
-1.69553 -6.10883
-1.68754 -6.10887
-1.67955 -6.10869
-1.67156 -6.109
-1.66357 -6.10863
-1.65558 -6.10904
-1.6476 -6.10881
-1.6436 -6.10903
-1.63961 -6.10925
-1.63162 -6.10915
-1.62363 -6.10915
-1.61963 -6.10885
-1.61564 -6.10855
-1.60765 -6.10891
-1.59966 -6.10911
-1.59167 -6.10888
-1.58368 -6.10896
-1.57569 -6.1091
-1.5717 -6.10888
-1.5677 -6.10865
-1.55971 -6.10897
-1.55173 -6.10889
-1.54374 -6.10922
-1.53575 -6.10937
-1.52776 -6.10903
-1.51977 -6.10939
-1.51577 -6.10917
-1.51178 -6.10894
-1.50379 -6.10935
-1.4958 -6.10918
-1.49181 -6.10898
-1.48781 -6.10878
-1.47982 -6.10888
-1.47183 -6.10876
-1.46784 -6.10899
-1.46385 -6.10921
-1.45586 -6.10898
-1.44787 -6.10895
-1.43988 -6.10927
-1.43593 -6.10926
-1.43589 -6.10889
-1.43571 -6.10816
-1.43581 -6.10742
-1.43594 -6.10664
-1.43511 -6.10607
-1.43539 -6.10523
-1.43501 -6.10457
-1.43452 -6.10398
-1.43411 -6.10337
-1.43375 -6.10274
-1.43345 -6.10206
-1.43334 -6.10122
-1.43245 -6.10099
-1.43206 -6.10034
-1.4281 -6.09692
-1.42414 -6.09349
-1.4236 -6.09299
-1.42297 -6.09261
-1.42247 -6.09204
-1.42195 -6.09145
-1.42127 -6.09112
-1.42054 -6.09091
-1.41986 -6.09059
-1.41917 -6.09027
-1.41317 -6.08883
-1.40717 -6.0874
-1.40117 -6.08597
-1.39517 -6.08454
-1.39092 -6.08335
-1.38667 -6.08215
-1.38582 -6.08256
-1.38517 -6.08191
-1.38436 -6.08246
-1.38364 -6.08236
-1.38289 -6.08199
-1.38219 -6.08253
-1.38137 -6.0821
-1.38063 -6.08226
-1.37458 -6.08415
-1.36854 -6.08603
-1.3625 -6.08792
-1.35646 -6.08981
-1.35574 -6.08996
-1.35511 -6.09036
-1.35445 -6.09067
-1.34914 -6.09334
-1.34383 -6.09602
-1.33852 -6.0987
-1.33802 -6.09933
-1.33736 -6.09967
-1.33654 -6.09978
-1.33632 -6.10071
-1.33559 -6.10099
-1.33507 -6.10152
-1.33474 -6.10222
-1.3339 -6.10251
-1.33379 -6.10335
-1.33326 -6.1039
-1.33274 -6.10448
-1.33282 -6.10534
-1.33236 -6.10597
-1.33251 -6.1068
-1.33255 -6.10755
-1.33209 -6.10822
-1.33206 -6.10896
-1.33214 -6.10914
-1.32803 -6.10935
-1.32004 -6.10956
-1.31605 -6.10927
-1.31205 -6.10898
-1.30406 -6.10927
-1.29607 -6.10915
-1.29208 -6.10945
-1.28808 -6.10975
-1.28409 -6.10941
-1.28009 -6.10907
-1.27211 -6.10913
-1.26811 -6.10935
-1.26412 -6.10958
-1.25613 -6.10943
-1.24814 -6.10967
-1.24015 -6.10927
-1.23216 -6.10917
-1.22817 -6.10952
-1.22417 -6.10987
-1.21618 -6.10975
-1.20819 -6.10952
-1.2002 -6.10956
-1.19221 -6.10951
-1.18423 -6.10956
-1.17624 -6.10971
-1.16825 -6.10957
-1.16026 -6.10995
-1.15626 -6.10973
-1.15227 -6.10951
-1.14428 -6.10993
-1.14028 -6.10968
-1.13629 -6.10943
-1.1283 -6.10976
-1.12031 -6.10971
-1.11232 -6.10988
-1.10433 -6.1096
-1.09634 -6.1099
-1.08836 -6.10959
-1.08037 -6.10937
-1.07238 -6.10973
-1.06439 -6.10974
-1.0564 -6.10999
-1.04841 -6.11005
-1.04441 -6.10973
-1.04042 -6.10942
-1.03243 -6.10944
-1.02444 -6.10942
-1.01645 -6.10942
-1.01246 -6.10966
-1.00846 -6.10989
-1.00447 -6.10968
-1.00047 -6.10948
-0.99648 -6.10973
-0.992486 -6.10998
-0.984497 -6.10992
-0.976507 -6.10959
-0.968518 -6.10992
-0.960529 -6.10974
-0.952539 -6.10962
-0.944551 -6.10988
-0.936562 -6.11007
-0.928572 -6.10999
-0.920584 -6.11019
-0.912594 -6.1098
-0.904605 -6.11002
-0.896616 -6.10992
-0.888626 -6.1097
-0.880637 -6.10973
-0.872648 -6.10986
-0.868654 -6.11009
-0.86466 -6.11033
-0.860665 -6.11004
-0.85667 -6.10976
-0.84868 -6.10968
-0.844485 -6.10994
-0.844352 -6.10965
-0.844811 -6.10891
-0.844851 -6.10815
-0.844117 -6.10752
-0.84398 -6.10681
-0.844279 -6.10596
-0.843863 -6.10532
-0.843786 -6.10454
-0.843011 -6.10409
-0.842526 -6.10353
-0.842598 -6.1026
-0.841817 -6.10225
-0.841239 -6.10178
-0.840712 -6.10128
-0.840431 -6.10049
-0.836357 -6.09749
-0.832283 -6.09449
-0.831966 -6.09375
-0.831198 -6.0936
-0.830762 -6.09295
-0.82984 -6.09317
-0.829349 -6.09258
-0.828571 -6.09264
-0.82809 -6.09187
-0.827267 -6.0922
-0.820479 -6.09079
-0.813692 -6.08938
-0.806904 -6.08798
-0.800117 -6.08657
-0.793329 -6.08516
-0.786542 -6.08376
-0.785737 -6.08408
-0.78505 -6.08375
-0.784314 -6.08382
-0.783578 -6.08343
-0.782836 -6.08357
-0.782121 -6.08384
-0.781361 -6.08381
-0.780588 -6.08382
-0.779981 -6.08439
-0.779289 -6.08465
-0.772993 -6.08761
-0.766698 -6.09056
-0.760402 -6.09352
-0.754107 -6.09647
-0.747811 -6.09943
-0.747354 -6.10019
-0.746584 -6.1003
-0.745873 -6.10057
-0.745532 -6.10137
-0.744708 -6.10152
-0.744252 -6.10213
-0.743937 -6.10285
-0.743013 -6.10303
-0.743125 -6.10405
-0.742651 -6.10461
-0.742357 -6.10528
-0.741644 -6.10575
-0.741401 -6.10646
-0.740932 -6.1071
-0.741246 -6.10797
-0.740838 -6.10864
-0.740691 -6.10938
-0.740521 -6.11012
-0.740588 -6.11026
-0.736833 -6.11027
-0.732838 -6.11006
-0.728843 -6.10985
-0.720855 -6.11021
-0.712866 -6.11045
-0.708871 -6.11017
-0.704876 -6.10988
-0.700882 -6.11023
-0.696888 -6.11058
-0.688898 -6.11027
-0.680909 -6.11063
-0.676914 -6.11041
-0.67292 -6.11019
-0.66493 -6.11021
-0.660936 -6.11045
-0.656942 -6.11068
-0.652947 -6.11036
-0.648952 -6.11004
-0.644958 -6.11038
-0.640964 -6.11072
-0.636969 -6.11042
-0.632974 -6.11011
-0.628979 -6.11042
-0.624985 -6.11073
-0.616996 -6.11054
-0.609006 -6.11035
-0.601017 -6.1103
-0.593028 -6.11015
-0.589034 -6.11045
-0.58504 -6.11076
-0.57705 -6.1106
-0.569061 -6.11042
-0.561071 -6.11025
-0.553082 -6.11036
-0.545093 -6.11041
-0.541099 -6.11063
-0.537105 -6.11085
-0.529115 -6.1105
-0.525121 -6.11072
-0.521127 -6.11094
-0.517131 -6.11059
-0.513136 -6.11024
-0.509142 -6.11054
-0.505148 -6.11084
-0.497159 -6.11082
-0.493164 -6.11061
-0.489169 -6.1104
-0.48118 -6.11076
-0.473191 -6.11062
-0.465202 -6.11045
-0.457213 -6.11078
-0.449224 -6.11092
-0.441234 -6.11058
-0.433246 -6.11091
-0.425256 -6.11086
-0.417267 -6.11085
-0.409278 -6.11056
-0.401289 -6.11077
-0.393299 -6.11048
-0.38531 -6.11071
-0.381316 -6.11093
-0.377322 -6.11114
-0.373327 -6.11085
-0.369332 -6.11055
-0.361343 -6.1107
-0.353354 -6.11101
-0.345365 -6.11109
-0.337376 -6.11105
-0.333381 -6.11076
-0.329386 -6.11046
-0.321397 -6.11062
-0.313408 -6.11048
-0.305419 -6.11071
-0.301425 -6.11093
-0.29743 -6.11114
-0.289441 -6.11091
-0.281452 -6.11118
-0.277457 -6.11097
-0.273462 -6.11075
-0.265473 -6.11066
-0.261479 -6.11096
-0.257485 -6.11125
-0.249495 -6.11117
-0.241506 -6.11123
-0.237511 -6.11099
-0.233516 -6.11075
-0.229522 -6.11104
-0.225528 -6.11133
-0.217539 -6.11135
-0.209549 -6.111
-0.20156 -6.11094
-0.193571 -6.11093
-0.185582 -6.11134
-0.177593 -6.11144
-0.169604 -6.11146
-0.165609 -6.1112
-0.161614 -6.11094
-0.153626 -6.11134
-0.145636 -6.11135
-0.137647 -6.1114
-0.133652 -6.11108
-0.129657 -6.11075
-0.125663 -6.11105
-0.121669 -6.11134
-0.11368 -6.11128
-0.105691 -6.11147
-0.101696 -6.11121
-0.0977009 -6.11095
-0.0897116 -6.11086
-0.081723 -6.11124
-0.0737343 -6.11155
-0.0697394 -6.11134
-0.0657445 -6.11113
-0.0577552 -6.11103
-0.0497665 -6.1114
-0.0417772 -6.11127
-0.0337879 -6.11117
-0.0257991 -6.11146
-0.0178099 -6.11138
-0.00982063 -6.11134
-0.00183107 -6.11108
0.00615826 -6.11097
0.0141474 -6.11099
0.0221362 -6.11123
0.0301256 -6.11107
0.0381148 -6.11107
0.0461035 -6.11134
0.0540925 -6.11144
0.0620821 -6.11119
0.0700711 -6.11126
0.0740653 -6.11154
0.0780594 -6.11183
0.0820544 -6.11156
0.0860494 -6.1113
0.0940385 -6.11133
0.102028 -6.11126
0.110017 -6.11143
0.118006 -6.11118
0.125995 -6.11123
0.133985 -6.11114
0.141974 -6.11124
0.145968 -6.11147
0.149962 -6.1117
0.157951 -6.11193
0.161946 -6.1116
0.165941 -6.11128
0.169935 -6.11157
0.173929 -6.11187
0.181919 -6.11175
0.189908 -6.11193
0.197897 -6.11168
0.205886 -6.1119
0.213876 -6.11158
0.221864 -6.11178
0.229853 -6.11208
0.237842 -6.11203
0.245832 -6.11206
0.253821 -6.11167
0.261811 -6.11138
0.2698 -6.11169
0.277788 -6.11201
0.285778 -6.11178
0.293767 -6.11189
0.301756 -6.11196
0.309745 -6.11181
0.317735 -6.11146
0.325724 -6.11154
0.333713 -6.11172
0.341702 -6.11193
0.349691 -6.11203
0.35768 -6.11212
0.365669 -6.11182
0.373658 -6.11219
0.381648 -6.11182
0.389637 -6.11182
0.397626 -6.11167
0.40162 -6.11199
0.405614 -6.11232
0.409609 -6.11204
0.413604 -6.11176
0.417599 -6.11206
0.421593 -6.11235
0.425588 -6.11208
0.429583 -6.1118
0.437571 -6.11206
0.44556 -6.1122
0.45355 -6.11187
0.461539 -6.11212
0.469528 -6.11223
0.477517 -6.11227
0.485506 -6.11228
0.493495 -6.11243
0.49749 -6.11219
0.501485 -6.11196
0.509474 -6.1121
0.517463 -6.11239
0.525452 -6.11216
0.533442 -6.11181
0.541431 -6.11209
0.549419 -6.11243
0.553414 -6.11215
0.557409 -6.11187
0.565398 -6.1121
0.573387 -6.11193
0.581376 -6.11211
0.589365 -6.11244
0.597354 -6.11246
0.605343 -6.11264
0.613332 -6.11252
0.621322 -6.11251
0.629311 -6.11253
0.633306 -6.11223
0.637301 -6.11194
0.641295 -6.11222
0.645289 -6.11249
0.649284 -6.11227
0.653279 -6.11205
0.661268 -6.11234
0.669257 -6.112
0.673252 -6.11223
0.677246 -6.11245
0.685235 -6.11212
0.693225 -6.11204
0.697219 -6.11233
0.701213 -6.11262
0.709202 -6.1125
0.713197 -6.11227
0.717192 -6.11205
0.721186 -6.11229
0.725181 -6.11253
0.73317 -6.11262
0.741159 -6.1125
0.749148 -6.11263
0.757137 -6.11252
0.765127 -6.11213
0.773116 -6.11253
0.781105 -6.11252
0.789094 -6.11239
0.797083 -6.11265
0.801078 -6.11244
0.805073 -6.11223
0.813062 -6.11218
0.821051 -6.11228
0.825045 -6.11261
0.829039 -6.11294
0.833034 -6.11265
0.837029 -6.11236
0.845018 -6.11256
0.853007 -6.11268
0.860996 -6.11301
0.868985 -6.11265
0.876974 -6.11295
0.880969 -6.11274
0.884964 -6.11254
0.892953 -6.11232
0.900942 -6.1127
0.908932 -6.11249
0.91692 -6.11276
0.924909 -6.1129
0.932899 -6.1128
0.940888 -6.11274
0.948877 -6.11291
0.956866 -6.11303
0.960861 -6.11276
0.964856 -6.11248
0.972844 -6.11271
0.980833 -6.113
0.988822 -6.11296
0.996812 -6.11284
1.0048 -6.11321
1.01279 -6.11281
1.02078 -6.11319
1.02477 -6.11288
1.02877 -6.11257
1.03676 -6.11258
1.04075 -6.11282
1.04475 -6.11306
1.05274 -6.11314
1.06072 -6.11292
1.06871 -6.11276
1.0767 -6.1127
1.0807 -6.11298
1.08469 -6.11325
1.09268 -6.11328
1.10067 -6.11304
1.10866 -6.11294
1.11665 -6.113
1.12464 -6.11312
1.12863 -6.11289
1.13263 -6.11266
1.13662 -6.11302
1.14062 -6.11339
1.14861 -6.11304
1.15659 -6.1134
1.16059 -6.11311
1.16458 -6.11283
1.16858 -6.11307
1.17257 -6.11331
1.18056 -6.11292
1.18855 -6.1131
1.19654 -6.1129
1.20453 -6.11281
1.20852 -6.11313
1.21252 -6.11344
1.22051 -6.11307
1.2285 -6.11283
1.23649 -6.1131
1.24448 -6.11282
1.24847 -6.11305
1.25246 -6.11329
1.26045 -6.11325
1.26844 -6.11331
1.27643 -6.11354
1.28442 -6.11326
1.29241 -6.11355
1.3004 -6.11329
1.30839 -6.11308
1.31638 -6.11332
1.32437 -6.11313
1.33236 -6.11296
1.34035 -6.11309
1.34833 -6.11306
1.35632 -6.1131
1.36431 -6.11344
1.3723 -6.11346
1.38029 -6.1133
1.38828 -6.11373
1.39227 -6.11347
1.39627 -6.11321
1.40426 -6.11345
1.41225 -6.11343
1.42024 -6.11357
1.42823 -6.1137
1.43621 -6.11377
1.4442 -6.11356
1.45219 -6.11372
1.45619 -6.11349
1.46018 -6.11326
1.46817 -6.11366
1.47616 -6.11388
1.48016 -6.1136
1.48415 -6.11333
1.48814 -6.1136
1.49214 -6.11387
1.50013 -6.11395
1.50412 -6.11374
1.50812 -6.11353
1.51611 -6.11389
1.5241 -6.11379
1.53208 -6.11399
1.54007 -6.11369
1.54806 -6.11343
1.55206 -6.11373
1.55605 -6.11404
1.56404 -6.11377
1.57203 -6.11377
1.58002 -6.11358
1.58801 -6.11385
1.596 -6.11381
1.60399 -6.11393
1.61198 -6.11411
1.61997 -6.11378
1.62795 -6.11353
1.63594 -6.11372
1.63994 -6.11396
1.64393 -6.11419
1.65192 -6.11395
1.65991 -6.11367
1.6679 -6.11366
1.67589 -6.11354
1.68388 -6.11358
1.69187 -6.11361
1.69586 -6.11392
1.69986 -6.11422
1.70385 -6.11398
1.70785 -6.11374
1.71184 -6.11396
1.71583 -6.11417
1.71983 -6.11395
1.72382 -6.11372
1.73181 -6.11413
1.7398 -6.11409
1.74779 -6.11399
1.75578 -6.11419
1.76377 -6.11384
1.77176 -6.11418
1.77975 -6.11384
1.78774 -6.11376
1.79573 -6.11369
1.80372 -6.1138
1.8117 -6.11412
1.81969 -6.11437
1.82768 -6.11418
1.83567 -6.11379
1.84366 -6.11396
1.85165 -6.11374
1.85565 -6.11406
1.85964 -6.11438
1.86363 -6.11413
1.86763 -6.11387
1.87562 -6.11407
1.88361 -6.11447
1.8876 -6.11417
1.8916 -6.11388
1.89559 -6.11419
1.89958 -6.11449
1.90757 -6.11419
1.91556 -6.11389
1.91956 -6.11419
1.92355 -6.1145
1.93154 -6.11438
1.93953 -6.11398
1.94752 -6.11426
1.95551 -6.11438
1.9635 -6.11443
1.97149 -6.11429
1.97948 -6.11447
1.98747 -6.1142
1.99545 -6.11432
1.99966 -6.11442
2.00389 -6.11431
2.00807 -6.11386
2.0122 -6.11303
2.01625 -6.11184
2.02045 -6.11134
2.02436 -6.10977
2.02832 -6.10844
2.03231 -6.10711
2.0364 -6.10599
2.04365 -6.10264
2.04719 -6.10077
2.05073 -6.0989
2.05452 -6.09757
2.0583 -6.09624
2.06185 -6.09439
2.0654 -6.09254
2.06913 -6.09109
2.07286 -6.08964
2.08004 -6.08613
2.08743 -6.08308
2.09097 -6.08121
2.09452 -6.07935
2.09826 -6.07793
2.10199 -6.0765
2.10929 -6.07323
2.11672 -6.07027
2.12394 -6.06685
2.13113 -6.06335
2.13488 -6.06195
2.13863 -6.06055
2.14214 -6.05861
2.14565 -6.05666
2.14943 -6.05533
2.1532 -6.05399
2.1604 -6.05051
2.16761 -6.04705
2.17135 -6.04562
2.17508 -6.04418
2.18235 -6.04086
2.18967 -6.03765
2.19696 -6.03437
2.20424 -6.03107
2.2078 -6.02926
2.21137 -6.02745
2.21879 -6.02446
2.22614 -6.02134
2.23341 -6.01801
2.24081 -6.01498
2.24804 -6.01158
2.25162 -6.00978
2.25519 -6.00798
2.25892 -6.00655
2.26266 -6.00512
2.26989 -6.0017
2.27727 -5.99864
2.2845 -5.99523
2.29184 -5.99207
2.29923 -5.98901
2.30642 -5.98552
2.31368 -5.98218
2.32097 -5.9789
2.32818 -5.97545
2.3355 -5.97223
2.34276 -5.96891
2.35009 -5.96572
2.35745 -5.9626
2.36471 -5.95926
2.36846 -5.95786
2.37222 -5.95647
2.37578 -5.95464
2.37934 -5.95281
2.38674 -5.9498
2.39407 -5.94661
2.39763 -5.94477
2.40118 -5.94293
2.40496 -5.94159
2.40873 -5.94024
2.41228 -5.93839
2.41582 -5.93653
2.42318 -5.93341
2.43047 -5.93013
2.43421 -5.92871
2.43795 -5.92728
2.44515 -5.92381
2.45245 -5.92055
2.45968 -5.91715
2.46711 -5.91418
2.47429 -5.91067
2.47802 -5.90922
2.48175 -5.90778
2.48901 -5.90442
2.49254 -5.90254
2.49608 -5.90066
2.49983 -5.89926
2.50358 -5.89787
2.51082 -5.89446
2.51808 -5.89113
2.52548 -5.88811
2.52904 -5.88627
2.53259 -5.88442
2.53636 -5.88307
2.54013 -5.88172
2.54368 -5.87987
2.54724 -5.87803
2.5546 -5.87492
2.56194 -5.87176
2.56934 -5.86874
2.57291 -5.86694
2.57649 -5.86513
2.58393 -5.86221
2.59127 -5.85904
2.59484 -5.85724
2.59842 -5.85545
2.60558 -5.85189
2.61299 -5.84889
2.61674 -5.84749
2.62049 -5.84609
2.62773 -5.84269
2.63502 -5.83942
2.6386 -5.83763
2.64217 -5.83584
2.64951 -5.83267
2.65327 -5.83126
2.65702 -5.82986
2.66048 -5.82752
2.66427 -5.82585
2.66765 -5.82345
2.67145 -5.82171
2.67469 -5.81913
2.67824 -5.81694
2.68139 -5.81425
2.68414 -5.81112
2.69007 -5.80577
2.69621 -5.80066
2.70179 -5.79494
2.70764 -5.7895
2.71354 -5.78412
2.71924 -5.77853
2.72234 -5.776
2.72544 -5.77347
2.7312 -5.76794
2.73699 -5.76244
2.74302 -5.7572
2.74863 -5.75152
2.75428 -5.74586
2.76029 -5.7406
2.76635 -5.73539
2.77219 -5.72995
2.77788 -5.72435
2.78391 -5.7191
2.78665 -5.71619
2.78939 -5.71327
2.7925 -5.71075
2.7956 -5.70824
2.79835 -5.70532
2.80109 -5.70241
2.807 -5.69704
2.81271 -5.69146
2.81887 -5.68636
2.82443 -5.68061
2.82755 -5.67811
2.83068 -5.67561
2.83645 -5.6701
2.84208 -5.66442
2.84775 -5.65879
2.85358 -5.65334
2.85962 -5.64811
2.86544 -5.64265
2.87143 -5.63737
2.8772 -5.63185
2.88289 -5.62624
2.88901 -5.6211
2.89473 -5.61552
2.90026 -5.60975
2.90628 -5.6045
2.91242 -5.59938
2.91829 -5.59397
2.92407 -5.58846
2.92976 -5.58286
2.93549 -5.57729
2.9415 -5.57203
2.94749 -5.56674
2.95304 -5.56099
2.95897 -5.55565
2.96479 -5.55018
2.97077 -5.54489
2.97667 -5.53951
2.98222 -5.53375
2.98824 -5.5285
2.99374 -5.52269
2.99959 -5.51727
3.00575 -5.51216
3.0113 -5.50641
3.01722 -5.50105
3.0231 -5.49565
3.02889 -5.49015
3.03484 -5.48482
3.04094 -5.47967
3.04671 -5.47414
3.05252 -5.46867
3.05828 -5.46313
3.06407 -5.45763
3.06997 -5.45226
3.07577 -5.44678
3.08166 -5.44139
3.08763 -5.43608
3.09319 -5.43033
3.09909 -5.42495
3.10508 -5.41967
3.1109 -5.41421
3.11689 -5.40893
3.11962 -5.406
3.12236 -5.40308
3.12547 -5.40057
3.12859 -5.39805
3.13449 -5.39268
3.14006 -5.38695
3.14585 -5.38145
3.15155 -5.37586
3.15757 -5.37061
3.16355 -5.36531
3.16934 -5.35981
3.17488 -5.35405
3.17806 -5.3516
3.18123 -5.34915
3.18704 -5.34367
3.19269 -5.33803
3.19847 -5.33252
3.20447 -5.32725
3.21022 -5.3217
3.21601 -5.31621
3.22209 -5.31103
3.22482 -5.3081
3.22755 -5.30517
3.23346 -5.2998
3.23935 -5.29442
3.2451 -5.28888
3.25124 -5.28376
3.25715 -5.27838
3.26267 -5.2726
3.26847 -5.26711
3.27423 -5.26158
3.28011 -5.25618
3.28613 -5.25093
3.29225 -5.24578
3.29802 -5.24027
3.30073 -5.23732
3.30344 -5.23437
3.30947 -5.22914
3.31559 -5.22399
3.32132 -5.21843
3.32701 -5.21282
3.33282 -5.20734
3.3387 -5.20195
3.34432 -5.19626
3.35017 -5.19083
3.35334 -5.18839
3.35652 -5.18594
3.36211 -5.18023
3.36787 -5.1747
3.37365 -5.16919
3.3798 -5.16408
3.38572 -5.15872
3.39143 -5.15314
3.39737 -5.1478
3.4031 -5.14224
3.40908 -5.13694
3.41176 -5.13398
3.41445 -5.13101
3.41796 -5.12865
3.42325 -5.12276
3.42898 -5.11731
3.43407 -5.11122
3.43998 -5.10594
3.44123 -5.1043
3.44486 -5.1009
3.44823 -5.09725
3.4511 -5.09339
3.45416 -5.08974
3.45748 -5.08621
3.4601 -5.08217
3.46235 -5.07793
3.46488 -5.07383
3.46641 -5.06926
3.46842 -5.06493
3.46999 -5.0604
3.47159 -5.05589
3.47271 -5.05123
3.4741 -5.04661
3.47453 -5.04183
3.47493 -5.03707
3.47513 -5.03228
3.4758 -5.02749
3.47546 -5.01955
3.47578 -5.0116
3.47527 -5.00365
3.4751 -4.99571
3.47497 -4.98776
3.47529 -4.97981
3.47473 -4.97186
3.47531 -4.96391
3.47514 -4.95596
3.47519 -4.94802
3.47499 -4.94007
3.47511 -4.93212
3.47485 -4.92417
3.47442 -4.91623
3.47455 -4.90828
3.47434 -4.90034
3.47459 -4.89238
3.47447 -4.88444
3.47389 -4.8765
3.47413 -4.86854
3.47395 -4.8606
3.47412 -4.85265
3.47391 -4.84471
3.47386 -4.83966
3.47347 -4.83463
3.47296 -4.82961
3.47156 -4.82475
3.47016 -4.81991
3.46925 -4.81493
3.4675 -4.81021
3.46574 -4.80547
3.46345 -4.80098
3.46123 -4.79644
3.45826 -4.79236
3.45594 -4.78783
3.45263 -4.78403
3.44968 -4.77993
3.44503 -4.77488
3.44076 -4.7695
3.43608 -4.76448
3.43376 -4.76236
3.4298 -4.75801
3.42605 -4.75347
3.42175 -4.74946
3.41882 -4.74584
3.41561 -4.74251
3.40954 -4.7373
3.40365 -4.73191
3.40048 -4.72946
3.39732 -4.727
3.39161 -4.72141
3.3856 -4.71614
3.37966 -4.7108
3.37685 -4.70795
3.37403 -4.70511
3.37089 -4.70263
3.36774 -4.70016
3.36492 -4.69732
3.36209 -4.69449
3.3559 -4.68942
3.34999 -4.68405
3.34388 -4.6789
3.34114 -4.67597
3.33841 -4.67304
3.33231 -4.66787
3.32616 -4.66276
3.32338 -4.65988
3.32059 -4.65701
3.31744 -4.65454
3.31429 -4.65206
3.30838 -4.64669
3.30253 -4.64124
3.29634 -4.63618
3.29362 -4.63323
3.2909 -4.63028
3.28772 -4.62785
3.28454 -4.62541
3.28173 -4.62256
3.27892 -4.61971
3.27302 -4.61433
3.26986 -4.61187
3.26669 -4.60941
3.26395 -4.60649
3.26121 -4.60356
3.25505 -4.59846
3.24899 -4.59325
3.24289 -4.58809
3.23708 -4.5826
3.2311 -4.57731
3.2254 -4.5717
3.21951 -4.5663
3.21358 -4.56094
3.20747 -4.55579
3.20145 -4.55054
3.19566 -4.54504
3.18968 -4.53973
3.18348 -4.53468
3.17776 -4.52909
3.17166 -4.52393
3.16889 -4.52103
3.16612 -4.51814
3.15992 -4.51309
3.15414 -4.50757
3.15101 -4.50508
3.14787 -4.50259
3.14196 -4.49722
3.13626 -4.49161
3.13021 -4.48639
3.12435 -4.48096
3.1183 -4.47574
3.11228 -4.47048
3.10643 -4.46504
3.10362 -4.4622
3.1008 -4.45935
3.09466 -4.45423
3.08847 -4.44917
3.0857 -4.44628
3.08292 -4.44339
3.07708 -4.43794
3.07113 -4.43261
3.06794 -4.43018
3.06476 -4.42775
3.05882 -4.4224
3.05283 -4.41712
3.04717 -4.41146
3.04111 -4.40625
3.03514 -4.40095
3.02925 -4.39555
3.02326 -4.39026
3.01724 -4.385
3.01443 -4.38216
3.01161 -4.37932
3.00549 -4.37418
2.99967 -4.3687
2.99346 -4.36366
2.98775 -4.35807
2.98202 -4.35249
2.97606 -4.34716
2.97003 -4.34192
2.96422 -4.33643
2.9583 -4.33107
2.95514 -4.32861
2.95198 -4.32615
2.94625 -4.32058
2.94031 -4.31524
2.93425 -4.31003
2.92839 -4.30459
2.92226 -4.29946
2.91949 -4.29657
2.91672 -4.29368
2.91077 -4.28835
2.90759 -4.28591
2.90441 -4.28347
2.8987 -4.27787
2.89266 -4.27264
2.8865 -4.26754
2.88376 -4.26461
2.88103 -4.26168
2.87782 -4.25927
2.87462 -4.25686
2.8688 -4.25139
2.86299 -4.24589
2.85704 -4.24057
2.85092 -4.23542
2.84521 -4.22982
2.83937 -4.22437
2.83621 -4.22191
2.83305 -4.21945
2.8303 -4.21653
2.82755 -4.21362
2.82134 -4.20858
2.81553 -4.20309
2.81241 -4.20058
2.80929 -4.19808
2.8065 -4.19521
2.8037 -4.19235
2.79771 -4.18707
2.79195 -4.18152
2.78599 -4.1762
2.77979 -4.17115
2.77697 -4.16832
2.77414 -4.16548
2.77101 -4.16299
2.76788 -4.16049
2.7619 -4.1552
2.7562 -4.14959
2.75308 -4.14709
2.74995 -4.14459
2.74716 -4.14172
2.74438 -4.13884
2.74121 -4.13639
2.73804 -4.13394
2.73218 -4.12851
2.72941 -4.12562
2.72663 -4.12274
2.72067 -4.11741
2.71458 -4.11224
2.70864 -4.1069
2.70263 -4.10163
2.69664 -4.09635
2.69095 -4.09073
2.68491 -4.0855
2.67893 -4.0802
2.67277 -4.07509
2.66685 -4.06973
2.66406 -4.06686
2.66127 -4.06399
2.6552 -4.05879
2.64931 -4.0534
2.64617 -4.05092
2.64302 -4.04844
2.64025 -4.04555
2.63748 -4.04266
2.6343 -4.04021
2.63113 -4.03777
2.6254 -4.0322
2.61961 -4.02669
2.61649 -4.02418
2.61337 -4.02168
2.60756 -4.01619
2.60144 -4.01105
2.59566 -4.00552
2.58953 -4.0004
2.58677 -3.99749
2.58401 -3.99458
2.57786 -3.98948
2.57172 -3.98436
2.5659 -3.97888
2.56015 -3.97332
2.55702 -3.97083
2.5539 -3.96834
2.55107 -3.9655
2.54825 -3.96266
2.54242 -3.9572
2.53926 -3.95474
2.5361 -3.95228
2.53014 -3.94696
2.52739 -3.94404
2.52465 -3.94112
2.51873 -3.93576
2.51264 -3.93058
2.50663 -3.92531
2.50071 -3.91995
2.49469 -3.9147
2.48886 -3.90923
2.48265 -3.90419
2.47677 -3.89879
2.47102 -3.89323
2.46515 -3.88781
2.45927 -3.8824
2.45335 -3.87703
2.45016 -3.8746
2.44698 -3.87217
2.44103 -3.86684
2.43512 -3.86147
2.42938 -3.8559
2.42354 -3.85044
2.42042 -3.84794
2.41729 -3.84545
2.41145 -3.84
2.40554 -3.83462
2.39951 -3.82937
2.3937 -3.82389
2.38794 -3.81834
2.38192 -3.81309
2.37602 -3.8077
2.36996 -3.8025
2.3639 -3.79728
2.35798 -3.79192
2.35193 -3.78671
2.34918 -3.78379
2.34643 -3.78087
2.34025 -3.7758
2.33414 -3.77064
2.3314 -3.76772
2.32866 -3.76479
2.32246 -3.75974
2.31662 -3.75428
2.3105 -3.74914
2.3047 -3.74364
2.29854 -3.73855
2.29577 -3.73565
2.293 -3.73276
2.28706 -3.72742
2.28388 -3.72498
2.28069 -3.72255
2.27794 -3.71964
2.27518 -3.71673
2.26919 -3.71145
2.26601 -3.70901
2.26282 -3.70658
2.25689 -3.70123
2.25417 -3.69828
2.25145 -3.69533
2.24533 -3.69019
2.23917 -3.68509
2.2333 -3.67967
2.2273 -3.6744
2.22134 -3.66907
2.21533 -3.66381
2.20962 -3.65822
2.20357 -3.65299
2.19771 -3.64756
2.19186 -3.64212
2.18578 -3.63693
2.18 -3.63141
2.17395 -3.62619
2.16804 -3.62082
2.16184 -3.61576
2.15903 -3.61291
2.15623 -3.61006
2.15047 -3.60451
2.14453 -3.59917
2.13848 -3.59395
2.13226 -3.58891
2.12643 -3.58345
2.1204 -3.57821
2.11447 -3.57285
2.11165 -3.57001
2.10884 -3.56717
2.1028 -3.56194
2.09968 -3.55944
2.09656 -3.55693
2.09069 -3.55151
2.08471 -3.54621
2.079 -3.54062
2.07586 -3.53813
2.07273 -3.53564
2.06997 -3.53273
2.06721 -3.52982
2.06404 -3.52738
2.06087 -3.52494
2.05513 -3.51936
2.04911 -3.51411
2.04321 -3.50872
2.03755 -3.50308
2.0315 -3.49785
2.02837 -3.49536
2.02525 -3.49286
2.01929 -3.48754
2.01351 -3.48202
2.00765 -3.47659
2.00189 -3.47104
1.9959 -3.46576
1.99275 -3.46328
1.98961 -3.4608
1.9839 -3.4552
1.9781 -3.4497
1.97215 -3.44437
1.96626 -3.43897
1.96027 -3.43369
1.95716 -3.43118
1.95404 -3.42867
1.94806 -3.42337
1.9453 -3.42047
1.94253 -3.41758
1.93934 -3.41514
1.93616 -3.41271
1.93339 -3.40982
1.93062 -3.40692
1.92476 -3.40149
1.92159 -3.39905
1.91842 -3.3966
1.91562 -3.39374
1.91282 -3.39088
1.90969 -3.38838
1.90657 -3.38588
1.90063 -3.38054
1.89463 -3.37526
1.88889 -3.36969
1.88312 -3.36417
1.8769 -3.35913
1.87113 -3.3536
1.86497 -3.3485
1.85931 -3.34285
1.85328 -3.3376
1.85016 -3.3351
1.84703 -3.3326
1.84116 -3.32719
1.83524 -3.32183
1.82942 -3.31635
1.82345 -3.31104
1.81745 -3.30576
1.81154 -3.30039
1.80558 -3.29506
1.80277 -3.29222
1.79995 -3.28938
1.79383 -3.28423
1.78775 -3.27905
1.78203 -3.27347
1.77598 -3.26824
1.77029 -3.26262
1.76714 -3.26016
1.76398 -3.2577
1.7583 -3.25207
1.75227 -3.24682
1.74616 -3.24167
1.74032 -3.23622
1.73443 -3.23082
1.72838 -3.2256
1.72264 -3.22003
1.71681 -3.21457
1.71074 -3.20937
1.70492 -3.2039
1.70174 -3.20145
1.69857 -3.19901
1.69574 -3.19618
1.69291 -3.19335
1.68708 -3.18789
1.68394 -3.1854
1.68081 -3.18292
1.67801 -3.18006
1.67521 -3.1772
1.66928 -3.17184
1.66325 -3.16659
1.65719 -3.16139
1.65112 -3.15619
1.64539 -3.15062
1.63947 -3.14525
1.63364 -3.13978
1.62776 -3.13438
1.62462 -3.1319
1.62148 -3.12941
1.61573 -3.12386
1.60977 -3.11854
1.60377 -3.11327
1.59768 -3.10809
1.5949 -3.10521
1.59211 -3.10234
1.5859 -3.0973
1.58015 -3.09174
1.57416 -3.08646
1.56823 -3.0811
1.56216 -3.0759
1.55612 -3.07067
1.55044 -3.06504
1.54727 -3.06259
1.54409 -3.06015
1.5413 -3.05728
1.53851 -3.05442
1.53539 -3.05191
1.53227 -3.0494
1.5266 -3.04376
1.52066 -3.03842
1.51753 -3.03593
1.51439 -3.03344
1.50853 -3.02801
1.50254 -3.02272
1.49979 -3.01981
1.49703 -3.0169
1.49087 -3.0118
1.48492 -3.00648
1.47921 -3.00087
1.47301 -2.99582
1.4673 -2.99023
1.46138 -2.98486
1.45536 -2.97961
1.44931 -2.97439
1.44353 -2.96886
1.44038 -2.96639
1.43724 -2.96392
1.43443 -2.96107
1.43162 -2.95821
1.42572 -2.95282
1.41984 -2.94742
1.41369 -2.94232
1.40788 -2.93682
1.40474 -2.93434
1.4016 -2.93186
1.39576 -2.92641
1.39006 -2.9208
1.38419 -2.91538
1.37802 -2.9103
1.37191 -2.90514
1.36591 -2.89987
1.36282 -2.89705
1.36308 -2.89663
1.36399 -2.89639
1.36445 -2.89579
1.36465 -2.89504
1.36464 -2.89422
1.36507 -2.89361
1.3657 -2.89304
1.36563 -2.89225
1.36606 -2.89158
1.3662 -2.89085
1.36587 -2.89008
1.36576 -2.88935
1.36648 -2.88859
1.36612 -2.88787
1.36563 -2.8872
1.36482 -2.88228
1.36402 -2.87736
1.36461 -2.87652
1.36373 -2.87605
1.36359 -2.87538
1.364 -2.87446
1.36333 -2.874
1.36312 -2.87333
1.35985 -2.86753
1.35658 -2.86173
1.35331 -2.85593
1.35004 -2.85013
1.34976 -2.84942
1.34902 -2.84904
1.34878 -2.84828
1.34842 -2.84759
1.34786 -2.84709
1.34745 -2.84639
1.34672 -2.84609
1.34596 -2.84589
1.34546 -2.84524
1.33859 -2.84154
1.33171 -2.83784
1.32484 -2.83414
1.31796 -2.83044
1.31729 -2.83015
1.31669 -2.82969
1.31613 -2.82904
1.3153 -2.82918
1.30957 -2.82758
1.30384 -2.82599
1.29811 -2.82439
1.29751 -2.82366
1.29675 -2.82355
1.29596 -2.82399
1.29524 -2.82354
1.29447 -2.82324
1.29375 -2.8237
1.29292 -2.82332
1.29228 -2.82395
1.29144 -2.82378
1.29071 -2.824
1.2901 -2.82451
1.28923 -2.82449
1.28864 -2.82501
1.2882 -2.8257
1.28739 -2.82589
1.28714 -2.82674
1.2865 -2.82713
1.28619 -2.82762
1.28281 -2.825
1.28004 -2.82211
1.27726 -2.81923
1.27106 -2.81418
1.26495 -2.80902
1.25908 -2.8036
1.25341 -2.79796
1.24756 -2.79252
1.2444 -2.79005
1.24125 -2.78759
1.23531 -2.78225
1.22932 -2.77696
1.22349 -2.77149
1.21758 -2.76611
1.2119 -2.76048
1.20574 -2.75539
1.1999 -2.74993
1.19677 -2.74744
1.19363 -2.74495
1.19086 -2.74207
1.18808 -2.73918
1.18492 -2.73672
1.18176 -2.73427
1.17595 -2.72878
1.17027 -2.72314
1.16425 -2.71789
1.15805 -2.71283
1.15523 -2.71
1.1524 -2.70717
1.14664 -2.70163
1.14061 -2.69638
1.13455 -2.69118
1.12846 -2.686
1.12274 -2.68042
1.11663 -2.67526
1.1109 -2.66968
1.10499 -2.66431
1.09878 -2.65927
1.09302 -2.65373
1.08684 -2.64865
1.08112 -2.64307
1.078 -2.64057
1.07487 -2.63807
1.07208 -2.6352
1.06929 -2.63233
1.06334 -2.627
1.05722 -2.62186
1.05441 -2.61901
1.0516 -2.61616
1.04849 -2.61364
1.04537 -2.61113
1.03945 -2.60577
1.0336 -2.60033
1.02746 -2.59521
1.02138 -2.59002
1.01866 -2.58707
1.01593 -2.58413
1.01276 -2.58168
1.0096 -2.57923
1.00369 -2.57385
0.997686 -2.56858
0.994861 -2.56575
0.992035 -2.56291
0.986067 -2.5576
0.980065 -2.55233
0.973928 -2.54721
0.971119 -2.54436
0.968309 -2.54151
0.962135 -2.53643
0.95631 -2.53096
0.950604 -2.52535
0.947493 -2.52284
0.944382 -2.52032
0.93844 -2.51498
0.932285 -2.50988
0.929501 -2.507
0.926717 -2.50412
0.920613 -2.49897
0.914783 -2.4935
0.908577 -2.48845
0.902729 -2.48301
0.89671 -2.47776
0.890788 -2.47239
0.884986 -2.4669
0.878932 -2.46168
0.876146 -2.45881
0.87336 -2.45593
0.86735 -2.45067
0.861234 -2.44552
0.855482 -2.43997
0.849539 -2.43463
0.843459 -2.42944
0.837342 -2.4243
0.8316 -2.41873
0.825717 -2.41333
0.819754 -2.40801
0.813952 -2.40252
0.807797 -2.39741
0.801691 -2.39226
0.798887 -2.3894
0.796083 -2.38654
0.789932 -2.38144
0.78422 -2.37584
0.778055 -2.37075
0.77219 -2.36532
0.766346 -2.35987
0.760433 -2.3545
0.754532 -2.34912
0.751362 -2.34667
0.748192 -2.34422
0.742257 -2.33887
0.736499 -2.33333
0.730738 -2.32778
0.727626 -2.32527
0.724515 -2.32276
0.718581 -2.31741
0.715794 -2.31453
0.713008 -2.31166
0.706895 -2.30651
0.704012 -2.30372
