2.90959 -5.57535
2.91254 -5.57295
2.91881 -5.56805
2.92479 -5.56278
2.93096 -5.55775
2.93748 -5.55315
2.9433 -5.54769
2.94958 -5.54279
2.95561 -5.53759
2.96177 -5.53254
2.96821 -5.52784
2.97455 -5.52302
2.98077 -5.51806
2.98686 -5.51292
2.99272 -5.50751
2.999 -5.50262
3.00528 -5.49772
3.01147 -5.49271
3.01778 -5.48785
3.02371 -5.48253
3.03022 -5.47792
3.03628 -5.47276
3.0424 -5.46766
3.04873 -5.46282
3.05467 -5.45751
3.06123 -5.45296
3.06708 -5.44753
3.07351 -5.44283
3.07982 -5.43797
3.08594 -5.43288
3.09193 -5.42762
3.098 -5.42246
3.10428 -5.41757
3.11072 -5.41287
3.11697 -5.40794
3.12306 -5.40282
3.12913 -5.39765
3.13513 -5.39242
3.14138 -5.38748
3.14789 -5.38287
3.15402 -5.37779
3.16025 -5.37284
3.16605 -5.36735
3.17233 -5.36245
3.17865 -5.35761
3.18486 -5.35263
3.19113 -5.34771
3.1971 -5.34243
3.20333 -5.33748
3.20957 -5.33254
3.21583 -5.32762
3.22183 -5.32238
3.22804 -5.31739
3.23438 -5.31258
3.24078 -5.30782
3.2468 -5.30261
3.25297 -5.29758
3.25912 -5.29253
3.26513 -5.28729
3.27153 -5.28255
3.27796 -5.27784
3.28376 -5.27235
3.29006 -5.26747
3.29608 -5.26227
3.30236 -5.25737
3.30864 -5.25247
3.31469 -5.24729
3.32123 -5.24272
3.32699 -5.23719
3.33321 -5.23221
3.33984 -5.22775
3.34597 -5.22267
3.35177 -5.21718
3.35816 -5.21242
3.36433 -5.2074
3.37059 -5.20247
3.37658 -5.19722
3.38313 -5.19265
3.38937 -5.18771
3.39533 -5.18241
3.4017 -5.17764
3.4079 -5.17264
3.41381 -5.16728
3.42016 -5.16248
3.42609 -5.15716
3.43243 -5.15233
3.43849 -5.14718
3.44381 -5.14345
3.44579 -5.14102
3.44957 -5.13742
3.453 -5.1335
3.45634 -5.12949
3.45943 -5.12532
3.46231 -5.12096
3.46555 -5.11679
3.4677 -5.11203
3.47013 -5.10738
3.47154 -5.10234
3.47387 -5.09759
3.47474 -5.09243
3.47603 -5.08738
3.4771 -5.08227
3.47762 -5.07707
3.47762 -5.07185
3.47825 -5.06664
3.47773 -5.05876
3.4777 -5.05087
3.47789 -5.04298
3.47756 -5.03509
3.47755 -5.0272
3.47794 -5.01931
3.47792 -5.01142
3.47718 -5.00353
3.47738 -4.99564
3.47712 -4.98775
3.47756 -4.97986
3.47728 -4.97197
3.47695 -4.96408
3.47692 -4.95619
3.47684 -4.9483
3.47688 -4.94041
3.47717 -4.93252
3.47642 -4.92464
3.47647 -4.91675
3.47663 -4.90885
3.4763 -4.90097
3.47632 -4.89308
3.47633 -4.88519
3.47647 -4.87729
3.47656 -4.8694
3.47595 -4.86152
3.4764 -4.85362
3.47635 -4.84573
3.47642 -4.83784
3.47586 -4.82996
3.47601 -4.82207
3.47615 -4.81417
3.47608 -4.80629
3.47534 -4.79842
3.47578 -4.79372
3.47487 -4.78912
3.47479 -4.7844
3.47362 -4.77987
3.47254 -4.77533
3.4717 -4.77071
3.46983 -4.76641
3.46829 -4.76202
3.46659 -4.75766
3.46456 -4.75346
3.46228 -4.74938
3.45979 -4.74544
3.45734 -4.74145
3.45451 -4.73773
3.45166 -4.73402
3.44831 -4.73076
3.44513 -4.72732
3.44177 -4.72407
3.43554 -4.71906
3.42951 -4.71382
3.42371 -4.70832
3.41745 -4.70334
3.41156 -4.69794
3.40545 -4.69279
3.3996 -4.68734
3.39364 -4.68204
3.38745 -4.67698
3.38463 -4.67413
3.38182 -4.67127
3.37575 -4.66609
3.36987 -4.66067
3.36362 -4.65568
3.35788 -4.65011
3.35173 -4.64501
3.34859 -4.64254
3.34544 -4.64007
3.33966 -4.63455
3.33345 -4.62951
3.32754 -4.62413
3.32168 -4.6187
3.31555 -4.61357
3.3098 -4.60801
3.3036 -4.60297
3.29744 -4.59788
3.29169 -4.59232
3.28581 -4.58691
3.28264 -4.58447
3.27947 -4.58202
3.27357 -4.57663
3.26766 -4.57125
3.2616 -4.56605
3.25542 -4.56098
3.24945 -4.55567
3.24665 -4.55282
3.24384 -4.54996
3.2376 -4.54495
3.23157 -4.53971
3.22558 -4.53444
3.21971 -4.52901
3.21352 -4.52395
3.20744 -4.51877
3.20172 -4.51318
3.19556 -4.50809
3.1897 -4.50266
3.18382 -4.49725
3.17765 -4.49216
3.17176 -4.48677
3.1655 -4.48178
3.16269 -4.47893
3.15987 -4.47609
3.15375 -4.47095
3.14778 -4.46564
3.14156 -4.46063
3.13543 -4.45549
3.13262 -4.45264
3.12982 -4.44978
3.12658 -4.44741
3.12335 -4.44504
3.12059 -4.44213
3.11783 -4.43921
3.11183 -4.43394
3.10579 -4.42872
3.10262 -4.42627
3.09945 -4.42382
3.0936 -4.41838
3.08744 -4.41329
3.08461 -4.41047
3.08177 -4.40764
3.07857 -4.40523
3.07537 -4.40282
3.06941 -4.3975
3.06355 -4.39208
3.05736 -4.38702
3.05452 -4.38419
3.05169 -4.38137
3.04575 -4.37603
3.0426 -4.37356
3.03946 -4.37108
3.0337 -4.36553
3.02763 -4.36033
3.02162 -4.35507
3.01552 -4.34991
3.00966 -4.34448
3.00649 -4.34203
3.00333 -4.33959
2.99732 -4.33432
2.99448 -4.3315
2.99164 -4.32868
2.98574 -4.3233
2.98256 -4.32087
2.97938 -4.31844
2.97345 -4.31308
2.97062 -4.31025
2.96778 -4.30743
2.96456 -4.30504
2.96133 -4.30266
2.95854 -4.29979
2.95574 -4.29692
2.95255 -4.2945
2.94936 -4.29208
2.94347 -4.28669
2.93745 -4.28144
2.93155 -4.27605
2.92539 -4.27095
2.91967 -4.26536
2.9136 -4.26017
2.91045 -4.2577
2.9073 -4.25523
2.90154 -4.24969
2.89549 -4.24447
2.88933 -4.23938
2.88345 -4.23397
2.87752 -4.22862
2.87171 -4.22313
2.86577 -4.21779
2.85966 -4.21263
2.85358 -4.20745
2.84763 -4.20213
2.84142 -4.19709
2.83859 -4.19426
2.83576 -4.19142
2.82971 -4.18622
2.82348 -4.1812
2.81727 -4.17617
2.81145 -4.17068
2.80526 -4.16562
2.79943 -4.16016
2.79337 -4.15496
2.78748 -4.14955
2.78144 -4.14433
2.77571 -4.13875
2.76967 -4.13351
2.7634 -4.12855
2.75757 -4.12308
2.75161 -4.11776
2.74557 -4.11253
2.73947 -4.10738
2.7333 -4.1023
2.72738 -4.09693
2.72161 -4.0914
2.7156 -4.08613
2.70955 -4.08091
2.70352 -4.07568
2.69736 -4.07059
2.6912 -4.06549
2.6854 -4.05999
2.67929 -4.05485
2.67648 -4.05198
2.67368 -4.04912
2.67046 -4.04673
2.66725 -4.04435
2.66149 -4.03879
2.65545 -4.03356
2.64927 -4.0285
2.64321 -4.02328
2.64037 -4.02048
2.63752 -4.01767
2.6314 -4.01253
2.62525 -4.00742
2.61945 -4.00192
2.61319 -3.99694
2.60717 -3.99169
2.60435 -3.98886
2.60152 -3.98602
2.5956 -3.98066
2.58951 -3.97548
2.58328 -3.97047
2.57722 -3.96527
2.57439 -3.96244
2.57156 -3.95961
2.56531 -3.95461
2.55954 -3.94908
2.55352 -3.94383
2.54729 -3.93881
2.54118 -3.93367
2.53544 -3.9281
2.52922 -3.92307
2.52643 -3.9202
2.52363 -3.91733
2.52039 -3.91497
2.51715 -3.9126
2.5113 -3.90717
2.50847 -3.90433
2.50565 -3.9015
2.49945 -3.89644
2.49348 -3.89113
2.48749 -3.88586
2.48141 -3.88067
2.47538 -3.87543
2.46934 -3.8702
2.46346 -3.86479
2.45755 -3.85941
2.45165 -3.85403
2.4484 -3.85167
2.44516 -3.84931
2.43935 -3.84382
2.43352 -3.83836
2.42732 -3.83331
2.42153 -3.82779
2.41547 -3.82259
2.40936 -3.81744
2.4032 -3.81235
2.40038 -3.8095
2.39756 -3.80666
2.39151 -3.80145
2.38531 -3.7964
2.37948 -3.79093
2.37632 -3.78848
2.37316 -3.78603
2.37034 -3.78318
2.36752 -3.78034
2.36135 -3.77526
2.35523 -3.77012
2.34932 -3.76475
2.34354 -3.75922
2.33759 -3.75389
2.33148 -3.74875
2.32829 -3.74632
2.32511 -3.74389
2.3191 -3.73863
2.31633 -3.73572
2.31357 -3.73282
2.3073 -3.72785
2.30132 -3.72255
2.29525 -3.71737
2.28918 -3.71217
2.28335 -3.7067
2.27748 -3.70128
2.2715 -3.69598
2.26557 -3.69063
2.2595 -3.68543
2.25352 -3.68013
2.24753 -3.67485
2.2414 -3.66972
2.23824 -3.66727
2.23507 -3.66483
2.22931 -3.65928
2.22314 -3.6542
2.2172 -3.64886
2.21437 -3.64602
2.21155 -3.64319
2.20535 -3.63814
2.1992 -3.63304
2.19337 -3.62757
2.18721 -3.62247
2.18111 -3.61731
2.17525 -3.61188
2.17241 -3.60907
2.16956 -3.60626
2.16632 -3.60389
2.16308 -3.60153
2.15726 -3.59606
2.15144 -3.59057
2.14527 -3.58549
2.1394 -3.58007
2.13353 -3.57465
2.1303 -3.57228
2.12707 -3.5699
2.12122 -3.56445
2.11504 -3.55939
2.10924 -3.55388
2.10302 -3.54886
2.10019 -3.54602
2.09737 -3.54319
2.09121 -3.53809
2.08529 -3.53273
2.07912 -3.52765
2.07631 -3.5248
2.0735 -3.52195
2.06729 -3.51691
2.06118 -3.51176
2.05523 -3.50643
2.04929 -3.50109
2.04303 -3.49611
2.037 -3.49087
2.03113 -3.48545
2.02828 -3.48265
2.02542 -3.47984
2.01918 -3.47484
2.01315 -3.46961
2.00736 -3.46409
2.00417 -3.46167
2.00098 -3.45925
1.99816 -3.45641
1.99534 -3.45356
1.98918 -3.44847
1.98328 -3.44309
1.97721 -3.43789
1.9712 -3.43263
1.9651 -3.42747
1.95904 -3.42227
1.95297 -3.41707
1.95015 -3.41423
1.94733 -3.41138
1.94121 -3.40625
1.93509 -3.40111
1.93228 -3.39825
1.92948 -3.3954
1.92344 -3.39016
1.91726 -3.3851
1.91141 -3.37965
1.90515 -3.37467
1.89926 -3.36928
1.89317 -3.36411
1.88705 -3.35897
1.88103 -3.35372
1.87524 -3.34821
1.86898 -3.34323
1.86615 -3.34039
1.86333 -3.33755
1.85707 -3.33257
1.85125 -3.3271
1.84524 -3.32183
1.83905 -3.31677
1.83333 -3.31119
1.82723 -3.30602
1.82101 -3.301
1.81525 -3.29545
1.80929 -3.29014
1.8031 -3.28508
1.79728 -3.2796
1.7914 -3.27419
1.78535 -3.26897
1.77907 -3.26401
1.77305 -3.25877
1.76705 -3.25349
1.76099 -3.24828
1.75512 -3.24287
1.74909 -3.23762
1.74298 -3.23248
1.73691 -3.22728
1.73092 -3.222
1.72511 -3.21651
1.71889 -3.21148
1.71613 -3.20858
1.71336 -3.20567
1.70727 -3.2005
1.70111 -3.19541
1.69489 -3.19038
1.68903 -3.18495
1.68621 -3.18211
1.6834 -3.17926
1.67733 -3.17407
1.67415 -3.17163
1.67098 -3.16919
1.66519 -3.16367
1.6593 -3.15827
1.65323 -3.15308
1.65006 -3.15064
1.64689 -3.1482
1.64112 -3.14266
1.63524 -3.13725
1.62902 -3.13222
1.62299 -3.12698
1.61714 -3.12155
1.61094 -3.11649
1.60813 -3.11364
1.60532 -3.11079
1.59914 -3.10572
1.59289 -3.10073
1.59006 -3.0979
1.58723 -3.09507
1.58407 -3.09261
1.58092 -3.09015
1.57808 -3.08732
1.57525 -3.0845
1.56908 -3.07942
1.5631 -3.07413
1.55688 -3.0691
1.55113 -3.06355
1.54509 -3.05832
1.53914 -3.05298
1.5332 -3.04764
1.53005 -3.04518
1.5269 -3.04271
1.52108 -3.03723
1.51518 -3.03184
1.51201 -3.02939
1.50884 -3.02695
1.50601 -3.02412
1.50318 -3.02129
1.49714 -3.01606
1.49129 -3.01062
1.4852 -3.00545
1.48202 -3.00302
1.47884 -3.00059
1.47284 -2.99531
1.46999 -2.9925
1.46714 -2.98969
1.46399 -2.98723
1.46083 -2.98477
1.45803 -2.98191
1.45524 -2.97904
1.4492 -2.9738
1.44309 -2.96865
1.43711 -2.96336
1.43101 -2.9582
1.42815 -2.9554
1.42529 -2.95261
1.41922 -2.94742
1.41605 -2.94497
1.41288 -2.94253
1.4069 -2.93723
1.4009 -2.93195
1.39515 -2.92639
1.38889 -2.92142
1.38608 -2.91856
1.38328 -2.9157
1.38003 -2.91335
1.37679 -2.91099
1.37398 -2.90814
1.37116 -2.90529
1.36496 -2.90024
1.35897 -2.89496
1.35612 -2.89215
1.35327 -2.88934
1.34709 -2.88427
1.34092 -2.87919
1.33493 -2.87391
1.32916 -2.86837
1.32289 -2.86341
1.31702 -2.85799
1.31105 -2.85268
1.30503 -2.84743
1.29885 -2.84236
1.29289 -2.83704
1.28706 -2.83157
1.28102 -2.82634
1.27501 -2.82108
1.26886 -2.81598
1.26275 -2.81083
1.26 -2.80791
1.25724 -2.80499
1.251 -2.79999
1.24479 -2.79496
1.23908 -2.78936
1.2329 -2.78429
1.23006 -2.78147
1.22723 -2.77864
1.22407 -2.77618
1.22092 -2.77372
1.21511 -2.76823
1.21193 -2.76579
1.20875 -2.76336
1.2028 -2.75804
1.19697 -2.75256
1.19108 -2.74717
1.18479 -2.74222
1.18197 -2.73938
1.17916 -2.73653
1.17596 -2.73412
1.17277 -2.7317
1.17 -2.7288
1.16722 -2.72591
1.16111 -2.72077
1.15496 -2.71566
1.14873 -2.71065
1.14288 -2.7052
1.13689 -2.69992
1.13086 -2.69468
1.12506 -2.68917
1.12189 -2.68674
1.11871 -2.6843
1.11297 -2.67874
1.10691 -2.67353
1.10093 -2.66823
1.0951 -2.66276
1.08894 -2.65767
1.08314 -2.65217
1.07705 -2.647
1.07085 -2.64196
1.06502 -2.63649
1.05899 -2.63124
1.0529 -2.62607
1.04708 -2.6206
1.04106 -2.61534
1.03788 -2.61291
1.03469 -2.61049
1.0319 -2.60762
1.0291 -2.60475
1.02284 -2.59978
1.01999 -2.59696
1.01715 -2.59414
1.01398 -2.5917
1.01081 -2.58926
1.00796 -2.58645
1.00511 -2.58365
0.998893 -2.57862
0.992974 -2.57325
0.987045 -2.5679
0.980953 -2.56273
0.975002 -2.5574
0.969062 -2.55206
0.962912 -2.54695
0.957017 -2.54156
0.950747 -2.53659
0.945029 -2.531
0.938882 -2.52589
0.932844 -2.52066
0.929988 -2.51786
0.927131 -2.51506
0.920953 -2.50999
0.915096 -2.50455
0.909113 -2.49926
0.902963 -2.49416
0.896864 -2.489
0.890855 -2.48373
0.885036 -2.47825
0.879078 -2.47293
0.873024 -2.46772
0.866911 -2.46257
0.860996 -2.4572
0.854893 -2.45205
0.849073 -2.44657
0.842831 -2.44157
0.836639 -2.43651
0.830788 -2.43107
0.824996 -2.42556
0.819102 -2.42016
0.813049 -2.41495
0.809845 -2.41255
0.806641 -2.41014
0.803846 -2.40727
0.801051 -2.4044
0.794819 -2.39939
0.788982 -2.39393
0.783039 -2.38859
0.776812 -2.38358
0.771091 -2.37799
0.764812 -2.37303
0.759047 -2.36749
0.753033 -2.36223
0.749864 -2.35979
0.746695 -2.35734
0.740921 -2.35181
0.737749 -2.34937
0.734578 -2.34693
0.728714 -2.3415
0.722966 -2.33594
0.716898 -2.33074
0.710887 -2.32548
0.704851 -2.32025
0.698936 -2.31488
0.695778 -2.31242
0.69262 -2.30996
0.686621 -2.30469
0.680584 -2.29945
0.677733 -2.29665
0.674881 -2.29384
0.669038 -2.28839
0.663035 -2.28312
0.659847 -2.2807
0.656658 -2.27828
0.650813 -2.27283
0.64461 -2.26778
0.638686 -2.26242
0.635869 -2.25958
0.633052 -2.25673
0.626894 -2.25164
0.621035 -2.2462
0.614857 -2.24113
0.608908 -2.2358
0.602682 -2.23078
0.596584 -2.22562
0.590643 -2.22028
0.584782 -2.21485
0.578776 -2.20958
0.573022 -2.20403
0.56678 -2.19903
0.560656 -2.1939
0.554617 -2.18867
0.548696 -2.1833
0.547893 -2.18212
0.541649 -2.17713
0.53554 -2.17198
0.529265 -2.16703
0.523203 -2.16182
0.520352 -2.15901
0.517502 -2.15619
0.511346 -2.1511
0.505328 -2.14584
0.499043 -2.14089
0.496149 -2.13813
0.493255 -2.13537
0.490031 -2.13299
0.486806 -2.13062
0.483917 -2.12785
0.481028 -2.12508
0.474935 -2.11991
0.468994 -2.11456
0.465787 -2.11216
0.46258 -2.10977
0.456546 -2.10453
0.450726 -2.09904
0.444456 -2.09408
0.438434 -2.08883
0.43239 -2.0836
0.42636 -2.07836
0.420145 -2.07333
0.413972 -2.06826
0.407944 -2.06301
0.401719 -2.058
0.395609 -2.05285
0.392817 -2.04996
0.390025 -2.04708
0.386781 -2.04473
0.383537 -2.04238
0.377465 -2.03718
0.371515 -2.03185
0.365538 -2.02654
0.362336 -2.02414
0.359133 -2.02174
0.356306 -2.01889
0.353479 -2.01605
0.350275 -2.01365
0.347071 -2.01125
0.344233 -2.00842
0.341395 -2.00559
0.335304 -2.00042
0.332038 -1.9981
0.328771 -1.99577
0.325897 -1.99298
0.323023 -1.9902
0.316882 -1.98508
0.311043 -1.97962
0.304914 -1.97449
0.298824 -1.96932
0.295636 -1.9669
0.292447 -1.96448
0.286339 -1.95933
0.280155 -1.95427
0.274098 -1.94905
0.268209 -1.94365
0.262149 -1.93844
0.256159 -1.93315
0.249947 -1.92812
0.243937 -1.92285
0.237698 -1.91785
0.234844 -1.91504
0.23199 -1.91223
0.225884 -1.90708
0.219877 -1.90181
0.213635 -1.89682
0.207495 -1.8917
0.201644 -1.88625
0.195575 -1.88105
0.192409 -1.87861
0.189242 -1.87616
0.18313 -1.87102
0.177012 -1.86588
0.170934 -1.86069
0.165001 -1.85533
0.158954 -1.85011
0.152965 -1.84482
0.149798 -1.84238
0.146632 -1.83993
0.140642 -1.83464
0.134555 -1.82947
0.128641 -1.82409
0.12254 -1.81893
0.116304 -1.81393
0.110215 -1.80875
0.104233 -1.80345
0.0980951 -1.79834
0.0919602 -1.79322
0.0858702 -1.78804
0.0796897 -1.78298
0.0767981 -1.78021
0.0739064 -1.77744
0.0677952 -1.7723
0.0617189 -1.76711
0.0555198 -1.76206
0.0494556 -1.75686
0.0432819 -1.75178
0.0374482 -1.74631
0.0313754 -1.74112
0.0253402 -1.73588
0.0190508 -1.73094
0.0129488 -1.72578
0.00675725 -1.72073
0.000911513 -1.71527
-0.00516529 -1.71008
-0.011404 -1.70509
-0.0175227 -1.69995
-0.0203967 -1.69716
-0.0232707 -1.69437
-0.0294532 -1.68931
-0.0352887 -1.68384
-0.0385244 -1.68147
-0.04176 -1.67911
-0.0477367 -1.67381
-0.0506432 -1.67106
-0.0535498 -1.66831
-0.0595833 -1.66307
-0.0628035 -1.66069
-0.0660238 -1.65831
-0.0718481 -1.65282
-0.077917 -1.64763
-0.0841693 -1.64265
-0.0883045 -1.63975
-0.0921926 -1.63655
-0.0965059 -1.63393
-0.100569 -1.63085
-0.105352 -1.62914
-0.1098 -1.62677
-0.114506 -1.62494
-0.119311 -1.62348
-0.124205 -1.62224
-0.128992 -1.62055
-0.133963 -1.61967
-0.138992 -1.61923
-0.144027 -1.61886
-0.149069 -1.61901
-0.156049 -1.61868
-0.163029 -1.61825
-0.170009 -1.61834
-0.176989 -1.61857
-0.183969 -1.61872
-0.190949 -1.61823
-0.19793 -1.61862
-0.202898 -1.61853
-0.20786 -1.61893
-0.21275 -1.61976
-0.21759 -1.62077
-0.222434 -1.62184
-0.227154 -1.62329
-0.23195 -1.6246
-0.236449 -1.62665
-0.240906 -1.62883
-0.245595 -1.63055
-0.249911 -1.63299
-0.254105 -1.63567
-0.257936 -1.63882
-0.261677 -1.64207
-0.268053 -1.6468
-0.27405 -1.65199
-0.280079 -1.65713
-0.286487 -1.66183
-0.292133 -1.66743
-0.298721 -1.67191
-0.304557 -1.67729
-0.310685 -1.68232
-0.316895 -1.68725
-0.322748 -1.69261
-0.328691 -1.69786
-0.335073 -1.70259
-0.340989 -1.70787
-0.346995 -1.71305
-0.353493 -1.71763
-0.359399 -1.72293
-0.365718 -1.72773
-0.371796 -1.73282
-0.377681 -1.73814
-0.384009 -1.74293
-0.389713 -1.74846
-0.39603 -1.75327
-0.401788 -1.75874
-0.408132 -1.76351
-0.414015 -1.76883
-0.420454 -1.77349
-0.426567 -1.77854
-0.432717 -1.78354
-0.438784 -1.78864
-0.444613 -1.79403
-0.450543 -1.7993
-0.456843 -1.80412
-0.463132 -1.80895
-0.468792 -1.81455
-0.475293 -1.81913
-0.481229 -1.82439
-0.487082 -1.82975
-0.493377 -1.83457
-0.499532 -1.83957
-0.505367 -1.84495
-0.511786 -1.84963
-0.518003 -1.85455
-0.523711 -1.86009
-0.529964 -1.86497
-0.536265 -1.86979
-0.54195 -1.87535
-0.548101 -1.88035
-0.554188 -1.88543
-0.560209 -1.89059
-0.566572 -1.89533
-0.572375 -1.90075
-0.578449 -1.90585
-0.584886 -1.91051
-0.591099 -1.91543
-0.596877 -1.92088
-0.6031 -1.9258
-0.609243 -1.93081
-0.614992 -1.93629
-0.621426 -1.94096
-0.627436 -1.94613
-0.633516 -1.95121
-0.639656 -1.95623
-0.645829 -1.9612
-0.651773 -1.96645
-0.657733 -1.97168
-0.66419 -1.97632
-0.669992 -1.98174
-0.676276 -1.98658
-0.682354 -1.99167
-0.688208 -1.99703
-0.694268 -2.00214
-0.700694 -2.00681
-0.706524 -2.0122
-0.712939 -2.01688
-0.718711 -2.02234
-0.724792 -2.02742
-0.731077 -2.03226
-0.737174 -2.03733
-0.743325 -2.04233
-0.749067 -2.04783
-0.755286 -2.05275
-0.761688 -2.05745
-0.767692 -2.06262
-0.773806 -2.06767
-0.779512 -2.0732
-0.786061 -2.07773
-0.791938 -2.08306
-0.794991 -2.08565
-0.795038 -2.08475
-0.795719 -2.08436
-0.79648 -2.08412
-0.796977 -2.08357
-0.797562 -2.08313
-0.797957 -2.08233
-0.798859 -2.08246
-0.799534 -2.08219
-0.800039 -2.08143
-0.800859 -2.08157
-0.801487 -2.081
-0.802251 -2.08102
-0.803007 -2.08115
-0.803746 -2.08127
-0.809091 -2.08083
-0.814437 -2.08039
-0.815178 -2.08039
-0.815874 -2.08084
-0.816628 -2.08066
-0.817339 -2.08083
-0.818037 -2.08103
-0.818684 -2.08137
-0.819452 -2.0814
-0.820223 -2.08149
-0.826046 -2.08434
-0.831869 -2.08719
-0.837692 -2.09005
-0.843515 -2.0929
-0.849338 -2.09576
-0.849859 -2.09632
-0.850631 -2.09646
-0.851208 -2.09692
-0.85199 -2.09714
-0.852443 -2.09775
-0.852769 -2.09845
-0.853081 -2.09913
-0.853428 -2.09976
-0.853917 -2.1003
-0.857466 -2.10566
-0.861016 -2.11102
-0.864565 -2.11638
-0.868114 -2.12174
-0.868243 -2.12246
-0.868515 -2.12308
-0.871069 -2.12832
-0.873623 -2.13355
-0.876178 -2.13878
-0.876099 -2.13962
-0.876521 -2.14026
-0.876245 -2.14109
-0.876776 -2.14172
-0.877237 -2.14242
-0.877215 -2.14318
-0.876969 -2.14393
-0.877059 -2.14468
-0.876953 -2.14541
-0.876457 -2.14607
-0.876751 -2.14689
-0.876449 -2.14758
-0.876551 -2.14842
-0.875862 -2.14893
-0.875429 -2.14953
-0.875443 -2.1504
-0.874677 -2.15077
-0.874448 -2.15153
-0.874252 -2.1518
-0.877118 -2.1542
-0.883249 -2.15923
-0.889158 -2.16452
-0.895487 -2.16931
-0.901513 -2.17446
-0.907439 -2.17973
-0.913705 -2.1846
-0.919648 -2.18985
-0.926142 -2.19444
-0.93207 -2.19971
-0.932378 -2.20051
-0.938024 -2.20501
-0.943795 -2.20937
-0.944638 -2.21061
-0.950602 -2.21592
-0.956708 -2.22107
-0.96257 -2.2265
-0.968553 -2.23179
-0.974864 -2.2367
-0.980697 -2.24216
-0.986819 -2.24729
-0.9928 -2.25259
-0.999044 -2.25758
-1.00515 -2.26273
-1.01108 -2.26808
-1.0172 -2.27322
-1.02299 -2.27872
-1.02916 -2.2838
-1.03201 -2.28661
-1.03486 -2.28942
-1.04109 -2.29442
-1.04724 -2.29952
-1.05338 -2.30462
-1.05923 -2.31008
-1.06523 -2.31534
-1.07121 -2.32063
-1.07742 -2.32566
-1.08023 -2.32852
-1.08304 -2.33137
-1.08913 -2.33655
-1.09524 -2.34169
-1.10136 -2.34682
-1.10721 -2.35227
-1.1104 -2.35468
-1.11359 -2.3571
-1.11642 -2.35993
-1.11925 -2.36276
-1.12557 -2.36767
-1.1315 -2.37301
-1.13736 -2.37845
-1.14341 -2.38365
-1.14957 -2.38875
-1.15541 -2.3942
-1.16143 -2.39945
-1.16763 -2.4045
-1.17353 -2.40988
-1.17945 -2.41524
-1.1855 -2.42045
-1.19169 -2.42551
-1.1976 -2.43088
-1.20366 -2.43609
-1.20955 -2.44148
-1.21275 -2.44388
-1.21596 -2.44628
-1.222 -2.45151
-1.22778 -2.45703
-1.2339 -2.46216
-1.23965 -2.46772
-1.24595 -2.47265
-1.25198 -2.47788
-1.25807 -2.48305
-1.26382 -2.48861
-1.26985 -2.49384
-1.27606 -2.49887
-1.28225 -2.50392
-1.28828 -2.50916
-1.29106 -2.51205
-1.29384 -2.51494
-1.29983 -2.52022
-1.30595 -2.52535
-1.30914 -2.52777
-1.31233 -2.53019
-1.31516 -2.53302
-1.31799 -2.53585
-1.32428 -2.54078
-1.32712 -2.54361
-1.32995 -2.54644
-1.33318 -2.54881
-1.33641 -2.55118
-1.34235 -2.55653
-1.34812 -2.56205
-1.35442 -2.56699
-1.36023 -2.57247
-1.36644 -2.5775
-1.3725 -2.5827
-1.37825 -2.58826
-1.38451 -2.59324
-1.39042 -2.59861
-1.39658 -2.60369
-1.4025 -2.60906
-1.40858 -2.61424
-1.41444 -2.61967
-1.42041 -2.62497
-1.42359 -2.6274
-1.42678 -2.62982
-1.42961 -2.63265
-1.43245 -2.63547
-1.43871 -2.64044
-1.44446 -2.646
-1.45047 -2.65126
-1.45371 -2.65362
-1.45695 -2.65598
-1.45972 -2.65888
-1.46249 -2.66178
-1.46572 -2.66415
-1.46895 -2.66652
-1.47476 -2.67201
-1.48086 -2.67717
-1.4866 -2.68274
-1.48979 -2.68515
-1.49299 -2.68756
-1.49877 -2.69308
-1.50507 -2.698
-1.51087 -2.70351
-1.51677 -2.7089
-1.52303 -2.71387
-1.52879 -2.71942
-1.53199 -2.72182
-1.5352 -2.72422
-1.53803 -2.72704
-1.54087 -2.72987
-1.54707 -2.7349
-1.55291 -2.74036
-1.55896 -2.74558
-1.56507 -2.75071
-1.57107 -2.75599
-1.57718 -2.76114
-1.58318 -2.76641
-1.58905 -2.77182
-1.59515 -2.77698
-1.60113 -2.78227
-1.60714 -2.78754
-1.61309 -2.79287
-1.61911 -2.79811
-1.62232 -2.8005
-1.62554 -2.80289
-1.63157 -2.80812
-1.63739 -2.8136
-1.64317 -2.81913
-1.64936 -2.82418
-1.65555 -2.82923
-1.6584 -2.83205
-1.66124 -2.83486
-1.66441 -2.83731
-1.66757 -2.83975
-1.67374 -2.84483
-1.67655 -2.84768
-1.67936 -2.85053
-1.6854 -2.85576
-1.69169 -2.8607
-1.69743 -2.86627
-1.70347 -2.87149
-1.70968 -2.87652
-1.71557 -2.88192
-1.71873 -2.88437
-1.7219 -2.88681
-1.72472 -2.88966
-1.72753 -2.8925
-1.73357 -2.89773
-1.73956 -2.90301
-1.74282 -2.90535
-1.74608 -2.90769
-1.75194 -2.91312
-1.75774 -2.91862
-1.7638 -2.92382
-1.77004 -2.92881
-1.77288 -2.93164
-1.77572 -2.93446
-1.78191 -2.9395
-1.78792 -2.94476
-1.79391 -2.95006
-1.80006 -2.95515
-1.80596 -2.96054
-1.81202 -2.96574
-1.81834 -2.97065
-1.8243 -2.97596
-1.83032 -2.9812
-1.8361 -2.98673
-1.84213 -2.99197
-1.84802 -2.99737
-1.85432 -3.00228
-1.86034 -3.00754
-1.86636 -3.01278
-1.87223 -3.0182
-1.8754 -3.02064
-1.87857 -3.02308
-1.88142 -3.02589
-1.88427 -3.0287
-1.89055 -3.03365
-1.89339 -3.03647
-1.89623 -3.03929
-1.9024 -3.04437
-1.90824 -3.04982
-1.91426 -3.05507
-1.92033 -3.06025
-1.92661 -3.06521
-1.93233 -3.0708
-1.93851 -3.07587
-1.94465 -3.08098
-1.9475 -3.08378
-1.95035 -3.08659
-1.95357 -3.08897
-1.95679 -3.09136
-1.9627 -3.09673
-1.96893 -3.10174
-1.97174 -3.10459
-1.97455 -3.10745
-1.98068 -3.11256
-1.98694 -3.11754
-1.98979 -3.12034
-1.99265 -3.12314
-1.99879 -3.12825
-2.00492 -3.13337
-2.01106 -3.13848
-2.01692 -3.14391
-2.02295 -3.14916
-2.0291 -3.15426
-2.0349 -3.15976
-2.04112 -3.16477
-2.04393 -3.16762
-2.04674 -3.17048
-2.04995 -3.17288
-2.05315 -3.17528
-2.05915 -3.18055
-2.06516 -3.18581
-2.07108 -3.19117
-2.07703 -3.1965
-2.08332 -3.20144
-2.08928 -3.20675
-2.09529 -3.21201
-2.10113 -3.21747
-2.10708 -3.2228
-2.11314 -3.228
-2.11633 -3.23042
-2.11951 -3.23284
-2.12258 -3.23567
-2.12231 -3.23591
-2.12149 -3.23617
-2.12102 -3.23677
-2.12071 -3.23748
-2.12082 -3.23842
-2.11989 -3.23876
-2.11997 -3.23962
-2.11952 -3.24024
-2.11982 -3.24111
-2.11898 -3.24166
-2.11903 -3.24244
-2.11918 -3.24321
-2.11881 -3.24394
-2.11904 -3.24469
-2.11955 -3.24539
-2.11942 -3.24614
-2.11959 -3.24686
-2.11987 -3.24755
-2.1197 -3.24839
-2.12162 -3.25259
-2.12355 -3.25679
-2.1238 -3.25742
-2.12646 -3.26328
-2.12912 -3.26914
-2.13178 -3.275
-2.13445 -3.28086
-2.13413 -3.28182
-2.13459 -3.28243
-2.13521 -3.28292
-2.13558 -3.28357
-2.13619 -3.28402
-2.13637 -3.28485
-2.13731 -3.28495
-2.13768 -3.28564
-2.14176 -3.2891
-2.14584 -3.29256
-2.14992 -3.29603
-2.15082 -3.2961
-2.15121 -3.29682
-2.15206 -3.29686
-2.15264 -3.29734
-2.15341 -3.29743
-2.15396 -3.29801
-2.15461 -3.29846
-2.16134 -3.30037
-2.16806 -3.30228
-2.17479 -3.30419
-2.18152 -3.30609
-2.18825 -3.308
-2.18914 -3.30756
-2.18975 -3.30835
-2.19057 -3.30796
-2.19131 -3.30799
-2.19206 -3.30851
-2.1928 -3.30795
-2.1936 -3.30834
-2.19431 -3.30794
-2.1949 -3.30722
-2.19582 -3.30765
-2.19627 -3.30671
-2.19705 -3.30666
-2.19765 -3.30619
-2.1983 -3.30584
-2.19882 -3.3053
-2.19947 -3.30493
-2.20002 -3.30442
-2.20064 -3.30408
-2.20355 -3.3066
-2.20974 -3.31164
-2.21561 -3.31707
-2.2214 -3.32258
-2.22771 -3.32749
-2.23355 -3.33294
-2.23968 -3.33807
-2.24568 -3.34334
-2.25165 -3.34864
-2.25784 -3.3537
-2.26379 -3.35903
-2.26983 -3.36425
-2.27611 -3.3692
-2.28183 -3.37479
-2.2881 -3.37976
-2.29394 -3.3852
-2.29994 -3.39048
-2.30594 -3.39575
-2.31175 -3.40124
-2.31493 -3.40367
-2.3181 -3.4061
-2.32407 -3.41141
-2.32996 -3.41681
-2.33597 -3.42207
-2.34219 -3.42709
-2.34836 -3.43216
-2.35436 -3.43743
-2.36023 -3.44286
-2.36643 -3.4479
-2.37245 -3.45314
-2.37525 -3.45601
-2.37804 -3.45888
-2.38415 -3.46403
-2.39018 -3.46927
-2.39637 -3.47432
-2.40231 -3.47966
-2.40816 -3.4851
-2.41429 -3.49022
-2.41749 -3.49264
-2.42068 -3.49505
-2.42647 -3.50056
-2.43243 -3.50588
-2.43831 -3.51129
-2.44451 -3.51633
-2.45041 -3.52171
-2.45645 -3.52694
-2.46241 -3.53226
-2.46558 -3.5347
-2.46875 -3.53714
-2.47465 -3.54252
-2.48068 -3.54776
-2.48645 -3.55329
-2.48968 -3.55567
-2.49291 -3.55804
-2.49572 -3.56089
-2.49854 -3.56373
-2.5048 -3.5687
-2.51064 -3.57416
-2.51692 -3.57911
-2.5229 -3.58441
-2.52863 -3.58998
-2.53183 -3.59239
-2.53503 -3.59479
-2.54096 -3.60015
-2.54675 -3.60566
-2.54996 -3.60805
-2.55317 -3.61044
-2.55923 -3.61565
-2.56208 -3.61845
-2.56493 -3.62126
-2.57086 -3.62662
-2.57694 -3.6318
-2.5828 -3.63722
-2.58913 -3.64212
-2.59497 -3.64757
-2.6012 -3.65258
-2.6072 -3.65786
-2.61326 -3.66305
-2.61904 -3.66857
-2.62525 -3.67361
-2.63135 -3.67876
-2.63719 -3.68421
-2.64308 -3.68961
-2.64632 -3.69198
-2.64955 -3.69434
-2.6553 -3.6999
-2.66119 -3.7053
-2.66439 -3.7077
-2.6676 -3.7101
-2.67348 -3.71551
-2.67942 -3.72085
-2.68555 -3.72598
-2.69141 -3.7314
-2.69753 -3.73654
-2.7036 -3.74172
-2.70945 -3.74717
-2.71535 -3.75255
-2.72147 -3.75768
-2.72742 -3.76302
-2.73343 -3.76828
-2.73664 -3.77067
-2.73985 -3.77306
-2.74595 -3.77822
-2.74876 -3.78108
-2.75156 -3.78394
-2.75774 -3.789
-2.76377 -3.79424
-2.76986 -3.79941
-2.77583 -3.80472
-2.78195 -3.80984
-2.78783 -3.81525
-2.79405 -3.82027
-2.79979 -3.82585
-2.80295 -3.82829
-2.80612 -3.83074
-2.81215 -3.83597
-2.81498 -3.8388
-2.81782 -3.84163
-2.82413 -3.84653
-2.83021 -3.85171
-2.83601 -3.85722
-2.842 -3.8625
-2.84832 -3.8674
-2.85422 -3.87278
-2.86017 -3.87812
-2.86606 -3.88351
-2.86925 -3.88593
-2.87243 -3.88835
-2.8782 -3.89389
-2.88406 -3.89933
-2.89016 -3.90448
-2.89634 -3.90955
-2.9022 -3.91498
-2.90839 -3.92004
-2.91421 -3.9255
-2.92041 -3.93055
-2.92655 -3.93566
-2.93241 -3.94109
-2.93843 -3.94634
-2.94462 -3.95139
-2.95073 -3.95654
-2.95649 -3.96209
-2.96234 -3.96753
-2.9685 -3.97261
-2.97442 -3.97798
-2.98067 -3.98296
-2.98649 -3.98844
-2.98968 -3.99085
-2.99287 -3.99327
-2.99567 -3.99614
-2.99846 -3.99902
-3.00456 -4.00417
-3.01072 -4.00926
-3.0165 -4.01478
-3.01973 -4.01715
-3.02297 -4.01952
-3.02883 -4.02494
-3.03497 -4.03006
-3.0408 -4.03552
-3.04672 -4.04089
-3.04989 -4.04332
-3.05307 -4.04575
-3.05592 -4.04856
-3.05876 -4.05138
-3.06507 -4.05629
-3.07119 -4.06143
-3.07703 -4.06688
-3.0831 -4.07207
-3.08891 -4.07757
-3.09482 -4.08293
-3.09808 -4.08528
-3.10133 -4.08762
-3.10409 -4.09053
-3.10685 -4.09344
-3.11006 -4.09584
-3.11326 -4.09824
-3.11909 -4.10371
-3.12534 -4.10869
-3.1314 -4.1139
-3.13426 -4.1167
-3.13711 -4.1195
-3.14328 -4.12458
-3.14948 -4.12961
-3.15538 -4.13501
-3.16113 -4.14056
-3.16725 -4.14569
-3.17346 -4.15073
-3.17935 -4.15612
-3.18514 -4.16163
-3.19144 -4.16656
-3.1974 -4.17188
-3.20351 -4.17702
-3.20966 -4.18212
-3.21556 -4.1875
-3.22138 -4.19298
-3.22457 -4.1954
-3.22776 -4.19782
-3.23056 -4.20069
-3.23335 -4.20355
-3.23967 -4.20846
-3.24573 -4.21366
-3.25154 -4.21915
-3.25786 -4.22406
-3.26066 -4.22692
-3.26346 -4.22979
-3.26948 -4.23504
-3.27268 -4.23744
-3.27588 -4.23984
-3.28169 -4.24533
-3.28757 -4.25075
-3.29077 -4.25315
-3.29398 -4.25555
-3.29994 -4.26086
-3.30598 -4.26608
-3.31209 -4.27123
-3.31817 -4.27642
-3.32094 -4.27931
-3.32372 -4.2822
-3.32972 -4.28747
-3.33296 -4.28983
-3.33621 -4.29218
-3.34225 -4.2974
-3.34809 -4.30285
-3.35426 -4.30793
-3.35704 -4.31082
-3.35982 -4.31371
-3.36301 -4.31613
-3.3662 -4.31854
-3.36904 -4.32136
-3.37188 -4.32418
-3.3751 -4.32657
-3.37831 -4.32896
-3.38421 -4.33435
-3.39021 -4.33962
-3.39642 -4.34464
-3.39925 -4.34748
-3.40207 -4.35031
-3.40526 -4.35274
-3.40844 -4.35516
-3.41126 -4.35801
-3.41407 -4.36086
-3.41729 -4.36325
-3.4205 -4.36564
-3.42644 -4.37097
-3.4326 -4.37607
-3.43537 -4.37896
-3.43814 -4.38186
-3.44441 -4.38683
-3.45025 -4.39228
-3.45345 -4.39469
-3.45665 -4.39709
-3.46253 -4.4025
-3.46862 -4.40767
-3.47449 -4.41309
-3.48047 -4.41838
-3.48653 -4.42358
-3.49282 -4.42853
-3.49875 -4.43388
-3.50457 -4.43936
-3.51048 -4.44472
-3.51371 -4.44709
-3.51694 -4.44947
-3.52296 -4.45472
-3.52875 -4.46022
-3.53456 -4.46571
-3.54088 -4.47062
-3.54371 -4.47345
-3.54655 -4.47627
-3.54974 -4.47869
-3.55293 -4.4811
-3.55887 -4.48644
-3.56512 -4.49143
-3.56794 -4.49427
-3.57077 -4.49711
-3.57673 -4.50242
-3.58299 -4.50739
-3.58919 -4.51244
-3.59514 -4.51776
-3.60119 -4.52297
-3.60695 -4.52852
-3.61308 -4.53365
-3.61925 -4.53872
-3.62209 -4.54154
-3.62493 -4.54436
-3.63113 -4.5494
-3.63706 -4.55475
-3.64023 -4.55719
-3.6434 -4.55963
-3.64929 -4.56503
-3.65504 -4.57058
-3.66128 -4.57558
-3.6672 -4.58094
-3.67037 -4.58338
-3.67354 -4.58582
-3.67632 -4.58872
-3.67909 -4.59161
-3.6852 -4.59676
-3.68837 -4.5992
-3.69154 -4.60163
-3.6974 -4.60707
-3.70333 -4.61242
-3.70946 -4.61754
-3.71526 -4.62304
-3.7214 -4.62815
-3.72741 -4.63341
-3.73058 -4.63585
-3.73375 -4.63829
-3.73952 -4.64382
-3.74581 -4.64877
-3.74863 -4.65161
-3.75145 -4.65445
-3.75755 -4.65961
-3.76351 -4.66492
-3.76983 -4.66982
-3.77559 -4.67537
-3.78182 -4.68037
-3.78774 -4.68574
-3.79375 -4.69101
-3.79997 -4.69602
-3.80573 -4.70157
-3.81163 -4.70695
-3.81779 -4.71203
-3.82392 -4.71716
-3.82965 -4.72274
-3.83572 -4.72793
-3.83895 -4.73031
-3.84218 -4.73268
-3.84501 -4.7355
-3.84785 -4.73833
-3.85394 -4.74349
-3.86013 -4.74855
-3.86313 -4.7522
-3.86654 -4.75537
-3.87005 -4.75852
-3.87286 -4.76227
-3.87533 -4.76627
-3.87817 -4.76997
-3.8805 -4.77403
-3.88272 -4.77812
-3.88474 -4.78234
-3.88695 -4.78648
-3.88818 -4.79101
-3.89048 -4.7952
-3.89162 -4.79975
-3.8923 -4.8044
-3.89296 -4.80903
-3.89385 -4.81364
-3.89383 -4.81833
-3.89395 -4.823
-3.89481 -4.83087
-3.89418 -4.83876
-3.89487 -4.84663
-3.89499 -4.85451
-3.89469 -4.8624
-3.89522 -4.87027
-3.89472 -4.87816
-3.89497 -4.88604
-3.89542 -4.89391
-3.89524 -4.90179
-3.89557 -4.90967
-3.89524 -4.91756
-3.89561 -4.92543
-3.8956 -4.93331
-3.89565 -4.94119
-3.8957 -4.94907
-3.8959 -4.95695
-3.89603 -4.96483
-3.89579 -4.97272
-3.89632 -4.98059
-3.89603 -4.98848
-3.89615 -4.99636
-3.89666 -5.00423
-3.89623 -5.01212
-3.89644 -5.01999
-3.89669 -5.02787
-3.89685 -5.03575
-3.89707 -5.04363
-3.89665 -5.05152
-3.89714 -5.0594
-3.89671 -5.06454
-3.89614 -5.06964
-3.89573 -5.07479
-3.89539 -5.07999
-3.89415 -5.08499
-3.89247 -5.08987
-3.89064 -5.0947
-3.88883 -5.0995
-3.88674 -5.10422
-3.88436 -5.10878
-3.88187 -5.1133
-3.87882 -5.11744
-3.8761 -5.12186
-3.87288 -5.12592
-3.86918 -5.12951
-3.8654 -5.13299
-3.86187 -5.13679
-3.85781 -5.13999
-3.85156 -5.14495
-3.84489 -5.14935
-3.83886 -5.15461
-3.83235 -5.15922
-3.82627 -5.16441
-3.81978 -5.16905
-3.81322 -5.17361
-3.8072 -5.17886
-3.80093 -5.18379
-3.79447 -5.18848
-3.78797 -5.19311
-3.7818 -5.19818
-3.77521 -5.20269
-3.76909 -5.20782
-3.76271 -5.21261
-3.75647 -5.21759
-3.75021 -5.22253
-3.74395 -5.22748
-3.73734 -5.23196
-3.73112 -5.23697
-3.72496 -5.24203
-3.71857 -5.24681
-3.71191 -5.25124
-3.70572 -5.25628
-3.69917 -5.26085
-3.69621 -5.26353
-3.69324 -5.26622
-3.68687 -5.27103
-3.68056 -5.2759
-3.67719 -5.27806
-3.67382 -5.28023
-3.6678 -5.28549
-3.66121 -5.28999
-3.65512 -5.29517
-3.64879 -5.30002
-3.64232 -5.30469
-3.63605 -5.30963
-3.62989 -5.3147
-3.6235 -5.31948
-3.61691 -5.32399
-3.61065 -5.32894
-3.60444 -5.33395
-3.59788 -5.3385
-3.59158 -5.3434
-3.58516 -5.34814
-3.57914 -5.35339
-3.57266 -5.35805
-3.56639 -5.36299
-3.56007 -5.36785
-3.55393 -5.37296
-3.5475 -5.37768
-3.54123 -5.38261
-3.53462 -5.3871
-3.52854 -5.39229
-3.52205 -5.39693
-3.51585 -5.40195
-3.5094 -5.40665
-3.50285 -5.41122
-3.49988 -5.4139
-3.4969 -5.41657
-3.49036 -5.42116
-3.48399 -5.42596
-3.47766 -5.43081
-3.4713 -5.43562
-3.46519 -5.44077
-3.45866 -5.44536
-3.45238 -5.45028
-3.44584 -5.45486
-3.43945 -5.45964
-3.43313 -5.46451
-3.42704 -5.46967
-3.42059 -5.47437
-3.41451 -5.47955
-3.4082 -5.48443
-3.40182 -5.48922
-3.39525 -5.49376
-3.38921 -5.49899
-3.38583 -5.50114
-3.38245 -5.50329
-3.37952 -5.50602
-3.37658 -5.50874
-3.37016 -5.51348
-3.36366 -5.51811
-3.35755 -5.52325
-3.35112 -5.52799
-3.34444 -5.53238
-3.33842 -5.53764
-3.3321 -5.54251
-3.32586 -5.54748
-3.31918 -5.55187
-3.3131 -5.55706
-3.30647 -5.56152
-3.3002 -5.56646
-3.29403 -5.57151
-3.28786 -5.57657
-3.28117 -5.58096
-3.27513 -5.5862
-3.2689 -5.59118
-3.26551 -5.59332
-3.26213 -5.59546
-3.25616 -5.60078
-3.24971 -5.60549
-3.2433 -5.61024
-3.23678 -5.61484
-3.2308 -5.62016
-3.22421 -5.62467
-3.21811 -5.62982
-3.21171 -5.63458
-3.20522 -5.63923
-3.19896 -5.64418
-3.19276 -5.6492
-3.18616 -5.65371
-3.18014 -5.65896
-3.17366 -5.66362
-3.16719 -5.66829
-3.16077 -5.67303
-3.15779 -5.6757
-3.15481 -5.67837
-3.14836 -5.68307
-3.14195 -5.68782
-3.13553 -5.69255
-3.12938 -5.69765
-3.12276 -5.70213
-3.11652 -5.7071
-3.11021 -5.71197
-3.10386 -5.71681
-3.09756 -5.72169
-3.09143 -5.72682
-3.08519 -5.73178
-3.0788 -5.73656
-3.07244 -5.74138
-3.06609 -5.7462
-3.05984 -5.75116
-3.05339 -5.75586
-3.04675 -5.76031
-3.04041 -5.76515
-3.03433 -5.77033
-3.02808 -5.77529
-3.02178 -5.78018
-3.01546 -5.78507
-3.01093 -5.78798
-3.00635 -5.79079
-2.99948 -5.79484
-2.99276 -5.79915
-2.98596 -5.8033
-2.97921 -5.80756
-2.97238 -5.81168
-2.96555 -5.8158
-2.95863 -5.81977
-2.95181 -5.8239
-2.94507 -5.82817
-2.93829 -5.83236
-2.93125 -5.83615
-2.92468 -5.84069
-2.91771 -5.84457
-2.91089 -5.84871
-2.90408 -5.85286
-2.8974 -5.85723
-2.89051 -5.86125
-2.88379 -5.86555
-2.87697 -5.86968
-2.87023 -5.87394
-2.86324 -5.87779
-2.85658 -5.8822
-2.84973 -5.88629
-2.84283 -5.89028
-2.8359 -5.89423
-2.82935 -5.89882
-2.82225 -5.90249
-2.81575 -5.90716
-2.80865 -5.91083
-2.80197 -5.9152
-2.79499 -5.91906
-2.78816 -5.92318
-2.78166 -5.92785
-2.77483 -5.93196
-2.76799 -5.93607
-2.76117 -5.9402
-2.7541 -5.94392
-2.74731 -5.9481
-2.7407 -5.95258
-2.73363 -5.95632
-2.72673 -5.96031
-2.7235 -5.96267
-2.72026 -5.96502
-2.71316 -5.96869
-2.70639 -5.97291
-2.69986 -5.97753
-2.69274 -5.98116
-2.68616 -5.9857
-2.67917 -5.98954
-2.67226 -5.99354
-2.66574 -5.99816
-2.65895 -6.00235
-2.65205 -6.00635
-2.64514 -6.01034
-2.63852 -6.0148
-2.63166 -6.01888
-2.62486 -6.02304
-2.61774 -6.02669
-2.6112 -6.03127
-2.60416 -6.03505
-2.59742 -6.03932
-2.59052 -6.04333
-2.58359 -6.04727
-2.58036 -6.04964
-2.57713 -6.05201
-2.57021 -6.05597
-2.56344 -6.06019
-2.55647 -6.06407
-2.54972 -6.06832
-2.543 -6.07262
-2.53589 -6.07627
-2.52911 -6.08048
-2.52249 -6.08495
-2.51558 -6.08894
-2.50885 -6.09322
-2.50484 -6.09534
-2.50081 -6.09741
-2.49664 -6.09918
-2.49252 -6.10109
-2.48813 -6.10225
-2.48394 -6.10406
-2.47958 -6.1053
-2.47503 -6.10561
-2.47055 -6.10633
-2.46609 -6.10697
-2.46158 -6.1076
-2.45704 -6.10753
-2.44905 -6.10756
-2.44106 -6.10759
-2.43307 -6.10747
-2.42509 -6.10753
-2.4171 -6.10748
-2.40911 -6.10788
-2.40512 -6.10765
-2.40112 -6.10741
-2.39313 -6.10752
-2.38515 -6.10767
-2.37716 -6.10778
-2.36917 -6.10798
-2.36118 -6.10808
-2.35319 -6.10777
-2.3452 -6.1082
-2.33722 -6.1081
-2.32923 -6.10778
-2.32124 -6.10751
-2.31325 -6.10784
-2.30526 -6.10759
-2.29727 -6.10774
-2.28929 -6.10793
-2.2813 -6.10792
-2.27331 -6.10819
-2.26532 -6.10793
-2.25733 -6.10793
-2.24935 -6.10833
-2.24535 -6.10802
-2.24136 -6.10771
-2.23337 -6.10814
-2.22538 -6.10776
-2.21739 -6.10772
-2.2094 -6.10772
-2.20142 -6.10783
-2.19343 -6.1079
-2.18544 -6.10777
-2.18144 -6.10801
-2.17745 -6.10825
-2.16946 -6.1083
-2.16147 -6.10794
-2.15748 -6.10817
-2.15349 -6.10841
-2.1455 -6.10821
-2.13751 -6.10803
-2.12952 -6.10841
-2.12153 -6.10815
-2.11355 -6.10844
-2.10556 -6.10828
-2.09757 -6.10845
-2.08958 -6.10803
-2.08159 -6.10806
-2.0736 -6.10807
-2.06562 -6.10841
-2.05763 -6.10855
-2.04964 -6.10851
-2.04165 -6.10839
-2.03366 -6.10803
-2.02567 -6.10809
-2.01769 -6.10818
-2.0097 -6.10842
-2.00171 -6.10809
-1.99372 -6.10844
-1.98573 -6.10811
-1.98174 -6.10841
-1.97774 -6.10871
-1.96976 -6.10846
-1.96177 -6.1085
-1.95378 -6.10813
-1.94579 -6.10838
-1.9378 -6.10858
-1.92981 -6.10842
-1.92183 -6.10812
-1.91384 -6.10845
-1.90585 -6.10859
-1.89786 -6.10838
-1.88987 -6.10814
-1.88189 -6.10846
-1.8739 -6.10832
-1.8699 -6.10855
-1.86591 -6.10878
-1.85792 -6.10884
-1.84993 -6.10895
-1.84194 -6.1087
-1.83396 -6.10832
-1.82597 -6.10871
-1.81798 -6.1089
-1.80999 -6.10872
-1.802 -6.10893
-1.79401 -6.10877
-1.78603 -6.10838
-1.78203 -6.1086
-1.77804 -6.10883
-1.77005 -6.10904
-1.76606 -6.10875
-1.76206 -6.10845
-1.75407 -6.10849
-1.74608 -6.10841
-1.74209 -6.10865
-1.7381 -6.10889
-1.7341 -6.10866
-1.73011 -6.10843
-1.72212 -6.10885
-1.71413 -6.10899
-1.70614 -6.10861
-1.70215 -6.10889
-1.69816 -6.10916
-1.69017 -6.10916
-1.68218 -6.10887
-1.67419 -6.10899
-1.6662 -6.10906
-1.65821 -6.10866
-1.65023 -6.10858
-1.64623 -6.10887
-1.64224 -6.10916
-1.63824 -6.10892
-1.63425 -6.10869
-1.63026 -6.10896
-1.62626 -6.10924
-1.61827 -6.10906
-1.61028 -6.1088
-1.6023 -6.10916
-1.5983 -6.10894
-1.59431 -6.10872
-1.59031 -6.10894
-1.58632 -6.10917
-1.57833 -6.10901
-1.57034 -6.10907
-1.56236 -6.1092
-1.55836 -6.10891
-1.55437 -6.10863
-1.55037 -6.10886
-1.54638 -6.10909
-1.53839 -6.10876
-1.5304 -6.10894
-1.52241 -6.1091
-1.51443 -6.10894
-1.50644 -6.10893
-1.49845 -6.10916
-1.49046 -6.10878
-1.48647 -6.10912
-1.48247 -6.10946
-1.47848 -6.1092
-1.47448 -6.10894
-1.47049 -6.1092
-1.4665 -6.10945
-1.45851 -6.10947
-1.45451 -6.10922
-1.45052 -6.10897
-1.44253 -6.10908
-1.43454 -6.10897
-1.43055 -6.10923
-1.42656 -6.10949
-1.41857 -6.10916
-1.41058 -6.10914
-1.40259 -6.10897
-1.3986 -6.1092
-1.3946 -6.10944
-1.38661 -6.10924
-1.37863 -6.10931
-1.37064 -6.10936
-1.36265 -6.10939
-1.35466 -6.10905
-1.34667 -6.10933
-1.33868 -6.10899
-1.3307 -6.10921
-1.32271 -6.10953
-1.31472 -6.1096
-1.30673 -6.10938
-1.29874 -6.1091
-1.29075 -6.10942
-1.28277 -6.10951
-1.27478 -6.10979
-1.26679 -6.10946
-1.2588 -6.10905
-1.25081 -6.10908
-1.24282 -6.10934
-1.23484 -6.10962
-1.22685 -6.10971
-1.21886 -6.10984
-1.21087 -6.10963
-1.20288 -6.10967
-1.1949 -6.10963
-1.18691 -6.10953
-1.17892 -6.10973
-1.17093 -6.10966
-1.16294 -6.10948
-1.15495 -6.10962
-1.14697 -6.10943
-1.13898 -6.10978
-1.13099 -6.11004
-1.127 -6.10981
-1.123 -6.10958
-1.11501 -6.10968
-1.10702 -6.10987
-1.09904 -6.10981
-1.09105 -6.10947
-1.08306 -6.10991
-1.07507 -6.10955
-1.06708 -6.10995
-1.05909 -6.10988
-1.05111 -6.10985
-1.04312 -6.1101
-1.03513 -6.10996
-1.02714 -6.11011
-1.01915 -6.11002
-1.01516 -6.10975
-1.01116 -6.10948
-1.00318 -6.10959
-0.995189 -6.10989
-0.987201 -6.1102
-0.979213 -6.11022
-0.971224 -6.10984
-0.963236 -6.10984
-0.955247 -6.10977
-0.947259 -6.10978
-0.93927 -6.10957
-0.935277 -6.10986
-0.931283 -6.11015
-0.927289 -6.10994
-0.923294 -6.10972
-0.9193 -6.11003
-0.915307 -6.11034
-0.911312 -6.11
-0.907317 -6.10966
-0.903324 -6.10991
-0.89933 -6.11016
-0.891342 -6.11038
-0.883353 -6.11002
-0.875365 -6.10976
-0.871371 -6.11008
-0.867377 -6.1104
-0.863383 -6.11013
-0.859388 -6.10987
-0.8514 -6.10976
-0.843411 -6.10967
-0.839209 -6.11002
-0.839077 -6.11029
-0.839176 -6.11104
-0.839601 -6.11187
-0.838785 -6.11245
-0.838826 -6.11323
-0.838459 -6.11388
-0.838677 -6.1148
-0.838201 -6.11542
-0.837781 -6.11605
-0.837276 -6.11661
-0.836734 -6.11713
-0.836343 -6.11778
-0.835724 -6.11821
-0.835485 -6.11909
-0.834825 -6.11948
-0.83401 -6.11961
-0.833468 -6.12016
-0.829494 -6.12246
-0.825519 -6.12476
-0.824851 -6.12498
-0.824187 -6.12518
-0.82365 -6.12573
-0.81778 -6.12779
-0.81191 -6.12985
-0.80604 -6.13191
-0.80017 -6.13397
-0.799315 -6.13357
-0.79873 -6.13438
-0.797965 -6.13423
-0.791999 -6.13485
-0.786034 -6.13547
-0.780068 -6.13609
-0.779368 -6.13661
-0.77864 -6.13646
-0.777908 -6.13649
-0.777122 -6.13676
-0.776415 -6.13649
-0.775709 -6.13627
-0.775151 -6.13564
-0.774389 -6.13561
-0.77358 -6.13563
-0.76743 -6.13271
-0.76128 -6.12979
-0.75513 -6.12687
-0.748981 -6.12395
-0.742831 -6.12103
-0.742199 -6.1207
-0.741267 -6.12082
-0.740729 -6.12029
-0.740063 -6.11993
-0.739529 -6.11941
-0.739105 -6.11879
-0.738581 -6.11827
-0.738315 -6.11755
-0.737682 -6.1171
-0.736916 -6.11669
-0.736901 -6.11585
-0.736252 -6.11532
-0.736378 -6.11448
-0.736005 -6.11382
-0.735485 -6.11316
-0.736018 -6.11232
-0.73594 -6.11161
-0.735566 -6.11089
-0.735668 -6.11016
-0.735711 -6.11005
-0.731576 -6.1099
-0.727582 -6.11024
-0.723589 -6.11059
-0.7156 -6.11026
-0.707611 -6.11023
-0.699623 -6.11041
-0.691635 -6.11
-0.687641 -6.11032
-0.683647 -6.11065
-0.679653 -6.11029
-0.675658 -6.10994
-0.671664 -6.11028
-0.667671 -6.11061
-0.659682 -6.11048
-0.651694 -6.1103
-0.643705 -6.11032
-0.635717 -6.11011
-0.631723 -6.11039
-0.627729 -6.11067
-0.623735 -6.1104
-0.61974 -6.11014
-0.611752 -6.11015
-0.603764 -6.11014
-0.595776 -6.11052
-0.587788 -6.11051
-0.579799 -6.11029
-0.571811 -6.11015
-0.563823 -6.11036
-0.559829 -6.11062
-0.555835 -6.11088
-0.551841 -6.11059
-0.547846 -6.11029
-0.539858 -6.11039
-0.531869 -6.1102
-0.523882 -6.11061
-0.515894 -6.11083
-0.507906 -6.11094
-0.503911 -6.11065
-0.499917 -6.11035
-0.495923 -6.11065
-0.491929 -6.11094
-0.48394 -6.11066
-0.475952 -6.11029
-0.471958 -6.11061
-0.467964 -6.11093
-0.46397 -6.11068
-0.459975 -6.11043
-0.455981 -6.11068
-0.451988 -6.11093
-0.443999 -6.11088
-0.436011 -6.11104
-0.432017 -6.1107
-0.428022 -6.11036
-0.420034 -6.11045
-0.41604 -6.1107
-0.412046 -6.11095
-0.404058 -6.11078
-0.39607 -6.11082
-0.388081 -6.11085
-0.380093 -6.11043
-0.372105 -6.11077
-0.364116 -6.11066
-0.356128 -6.11067
-0.34814 -6.11052
-0.340151 -6.11049
-0.332163 -6.11046
-0.324175 -6.11047
-0.316187 -6.11084
-0.308199 -6.11083
-0.300211 -6.11108
-0.292222 -6.11087
-0.284234 -6.11112
-0.276246 -6.11119
-0.272251 -6.11085
-0.268257 -6.11052
-0.260269 -6.11085
-0.252281 -6.11088
-0.248367 -6.1109
-0.248665 -6.11029
-0.248372 -6.10954
-0.248216 -6.1088
-0.247997 -6.10808
-0.247815 -6.10736
-0.247502 -6.10668
-0.24739 -6.10592
-0.247221 -6.10517
-0.246743 -6.10456
-0.246417 -6.10387
-0.245916 -6.1033
-0.24499 -6.10309
-0.24467 -6.10239
-0.244033 -6.102
-0.243636 -6.10133
-0.243104 -6.1008
-0.23906 -6.0983
-0.235015 -6.09581
-0.234583 -6.0951
-0.233953 -6.09467
-0.233313 -6.09424
-0.232383 -6.0945
-0.231731 -6.09414
-0.225258 -6.09218
-0.218785 -6.09022
-0.212313 -6.08826
-0.20584 -6.0863
-0.199368 -6.08434
-0.198721 -6.08398
-0.197999 -6.08389
-0.197307 -6.08361
-0.196585 -6.08337
-0.195841 -6.08408
-0.195094 -6.0834
-0.194364 -6.08358
-0.193647 -6.08378
-0.193029 -6.08435
-0.192197 -6.08408
-0.191697 -6.08486
-0.185108 -6.08742
-0.178519 -6.08999
-0.17193 -6.09255
-0.16534 -6.09512
-0.158751 -6.09768
-0.152162 -6.10025
-0.151361 -6.10024
-0.1509 -6.10099
-0.149943 -6.10077
-0.14935 -6.10125
-0.148986 -6.10201
-0.148315 -6.10235
-0.147767 -6.10285
-0.14736 -6.10349
-0.146752 -6.10394
-0.146393 -6.1046
-0.146038 -6.10525
-0.145424 -6.10576
-0.144999 -6.1064
-0.144999 -6.10722
-0.144623 -6.10789
-0.145035 -6.10877
-0.144566 -6.10941
-0.144518 -6.11015
-0.144704 -6.1109
-0.144612 -6.111
-0.140445 -6.11109
-0.132457 -6.1114
-0.128463 -6.11119
-0.124469 -6.11097
-0.11648 -6.11111
-0.108492 -6.11094
-0.104498 -6.11123
-0.100505 -6.11152
-0.09651 -6.11127
-0.0925155 -6.11103
-0.0845278 -6.11141
-0.0805334 -6.11119
-0.0765389 -6.11097
-0.0725451 -6.11123
-0.0685514 -6.11149
-0.0605626 -6.11116
-0.0525745 -6.11123
-0.0445865 -6.11148
-0.040592 -6.11118
-0.0365974 -6.11089
-0.0286095 -6.11115
-0.0206217 -6.11146
-0.0126336 -6.11157
-0.00464496 -6.11133
0.00334369 -6.11108
0.0113316 -6.11136
0.0193201 -6.11115
0.0273083 -6.11124
0.0352964 -6.11132
0.0432846 -6.11138
0.0512723 -6.11177
0.0592606 -6.11177
0.0632551 -6.11149
0.0672497 -6.1112
0.0752377 -6.1114
0.0832256 -6.11165
0.0912136 -6.11182
0.0992023 -6.11155
0.10719 -6.11163
0.115179 -6.11134
0.123168 -6.11122
0.127161 -6.11156
0.131155 -6.11191
0.135149 -6.11162
0.139144 -6.11133
0.147132 -6.11156
0.155121 -6.1113
0.159114 -6.11159
0.163108 -6.11187
0.171097 -6.11161
0.179084 -6.11193
0.183079 -6.1117
0.187073 -6.11146
0.191067 -6.11168
0.195061 -6.11191
0.203049 -6.11183
0.211038 -6.11165
0.219027 -6.11131
0.22302 -6.11158
0.227014 -6.11186
0.235003 -6.11151
0.242991 -6.11151
0.246985 -6.11173
0.250979 -6.11196
0.258967 -6.11185
0.266956 -6.11144
0.274944 -6.11159
0.278938 -6.11183
0.282932 -6.11207
0.29092 -6.11201
0.294915 -6.11177
0.298909 -6.11154
0.306897 -6.11179
0.314886 -6.11159
0.318879 -6.11183
0.322873 -6.11206
0.330862 -6.11198
0.33885 -6.11187
0.342965 -6.11192
0.342831 -6.11231
0.343036 -6.11303
0.34322 -6.11373
0.343336 -6.11444
0.342901 -6.11533
0.343209 -6.11603
0.343818 -6.11658
0.344204 -6.1172
0.344209 -6.11805
0.344549 -6.11872
0.345032 -6.1193
0.345422 -6.11996
0.346363 -6.12008
0.346741 -6.12073
0.347211 -6.12132
0.351352 -6.12482
0.355492 -6.12833
0.356107 -6.12872
0.356961 -6.12871
0.357305 -6.12956
0.357924 -6.12997
0.358622 -6.13021
0.359458 -6.12997
0.360127 -6.13019
0.360776 -6.13055
0.367107 -6.13183
0.373439 -6.13311
0.37977 -6.13438
0.386101 -6.13566
0.392432 -6.13693
0.393094 -6.13735
0.393801 -6.13767
0.394523 -6.13698
0.39523 -6.13708
0.402856 -6.13674
0.403543 -6.13662
0.404241 -6.13658
0.404917 -6.13641
0.405755 -6.13674
0.406439 -6.13649
0.40692 -6.13578
0.412413 -6.13371
0.417906 -6.13165
0.4234 -6.12959
0.428718 -6.12744
0.434036 -6.12529
0.439354 -6.12314
0.440038 -6.1228
0.44054 -6.12216
0.441352 -6.12203
0.442036 -6.12167
0.442538 -6.12108
0.442786 -6.12026
0.443366 -6.1198
0.444025 -6.11938
0.444779 -6.11898
0.444683 -6.11803
0.445468 -6.1176
0.445425 -6.11676
0.446127 -6.11622
0.446137 -6.11543
0.446572 -6.11476
0.446717 -6.11401
0.446833 -6.11325
0.446417 -6.11248
0.446511 -6.11208
0.450686 -6.11194
0.458674 -6.11166
0.466662 -6.11207
0.474651 -6.11177
0.482639 -6.11185
0.490627 -6.11175
0.494621 -6.11199
0.498615 -6.11222
0.502609 -6.112
0.506604 -6.11177
0.514592 -6.11214
0.522579 -6.11247
0.530568 -6.11211
0.538556 -6.11239
0.546544 -6.11245
0.550539 -6.11216
0.554533 -6.11187
0.562521 -6.11224
0.570509 -6.11245
0.578497 -6.11257
0.586486 -6.11223
0.594474 -6.11237
0.602463 -6.11199
0.610451 -6.11222
0.618439 -6.11241
0.626427 -6.11214
0.634415 -6.11251
0.642404 -6.11232
0.650392 -6.11241
0.658381 -6.11203
0.666369 -6.11233
0.674356 -6.11259
0.682345 -6.11256
0.690333 -6.11235
0.698322 -6.11227
0.70631 -6.11264
0.714298 -6.11244
0.722286 -6.11238
0.730275 -6.11233
0.738262 -6.11275
0.742257 -6.1124
0.746252 -6.11205
0.754239 -6.11246
0.762227 -6.11264
0.770216 -6.1125
0.778205 -6.11213
0.782198 -6.1125
0.786192 -6.11287
0.794181 -6.1126
0.802169 -6.11275
0.806163 -6.11246
0.810158 -6.11218
0.818146 -6.11243
0.826134 -6.1122
0.834122 -6.11254
0.84211 -6.11293
0.850099 -6.11259
0.858086 -6.11293
0.866075 -6.11271
0.874064 -6.11245
0.882051 -6.11287
0.89004 -6.11284
0.898028 -6.11288
0.906016 -6.11273
0.914005 -6.11257
0.921993 -6.11285
0.929981 -6.11288
0.937969 -6.11267
0.945958 -6.11245
0.953946 -6.11239
0.961934 -6.11256
0.969923 -6.11246
0.977911 -6.11273
0.985899 -6.11282
0.993888 -6.11241
1.00188 -6.11271
1.00986 -6.11242
1.01386 -6.11269
1.01785 -6.11297
1.02584 -6.11319
1.02983 -6.11291
1.03383 -6.11262
1.04182 -6.11281
1.04981 -6.11279
1.05779 -6.11254
1.06578 -6.11272
1.07377 -6.11277
1.08176 -6.1128
1.08975 -6.11311
1.09773 -6.11335
1.10173 -6.11309
1.10572 -6.11283
1.11371 -6.1131
1.1217 -6.11295
1.12969 -6.1131
1.13768 -6.11294
1.14566 -6.11323
1.14966 -6.11299
1.15365 -6.11274
1.16164 -6.11303
1.16963 -6.11277
1.17762 -6.11307
1.18561 -6.11279
1.19359 -6.11271
1.20158 -6.11303
1.20957 -6.11328
1.21756 -6.11311
1.22555 -6.11288
1.22954 -6.1132
1.23353 -6.11352
1.24152 -6.11341
1.24951 -6.11341
1.2575 -6.11305
1.26549 -6.11333
1.27348 -6.11323
1.28146 -6.11295
1.28546 -6.11321
1.28945 -6.11348
1.29744 -6.11331
1.30543 -6.11353
1.31342 -6.11316
1.32141 -6.11316
1.32939 -6.11295
1.33738 -6.11332
1.34537 -6.11358
1.35336 -6.1132
1.36135 -6.11364
1.36934 -6.11338
1.37732 -6.11364
1.38531 -6.11347
1.3933 -6.11321
1.39729 -6.11349
1.40129 -6.11377
1.40928 -6.11339
1.41726 -6.11359
1.42525 -6.11354
1.43324 -6.11366
1.43724 -6.11343
1.44123 -6.1132
1.44922 -6.11321
1.45321 -6.11351
1.45721 -6.11381
1.4612 -6.11355
1.46519 -6.11328
1.46919 -6.11358
1.47318 -6.11388
1.48117 -6.11376
1.48916 -6.11369
1.49315 -6.11347
1.49715 -6.11325
1.50114 -6.11359
1.50513 -6.11394
1.51312 -6.1136
1.52111 -6.11328
1.5291 -6.11371
1.53709 -6.11373
1.54508 -6.11381
1.55306 -6.1138
1.55706 -6.11353
1.56105 -6.11327
1.56904 -6.11347
1.57703 -6.11381
1.58102 -6.11358
1.58502 -6.11334
1.59301 -6.1133
1.597 -6.11355
1.60099 -6.11381
1.60898 -6.11358
1.61697 -6.11345
1.62496 -6.11352
1.62895 -6.11382
1.63295 -6.11412
1.63694 -6.1139
1.64094 -6.11368
1.64892 -6.11387
1.65691 -6.11352
1.6649 -6.1136
1.67289 -6.11377
1.68088 -6.11397
1.68887 -6.11362
1.69685 -6.11379
1.70484 -6.11409
1.71283 -6.11375
1.72082 -6.11367
1.72881 -6.11406
1.7368 -6.11367
1.74478 -6.11387
1.75277 -6.11429
1.76076 -6.11431
1.76475 -6.11407
1.76875 -6.11383
1.77674 -6.11425
1.78472 -6.11383
1.79271 -6.11391
1.8007 -6.11373
1.80869 -6.11365
1.81268 -6.1139
1.81668 -6.11415
1.82467 -6.11374
1.83265 -6.11367
1.83665 -6.11396
1.84064 -6.11425
1.84863 -6.11409
1.85662 -6.1141
1.86461 -6.11376
1.8726 -6.11382
1.87659 -6.11405
1.88058 -6.11427
1.88857 -6.11424
1.89656 -6.1139
1.90455 -6.11433
1.91254 -6.11401
1.92053 -6.11395
1.92851 -6.11437
1.9365 -6.11435
1.94449 -6.11411
1.95248 -6.11444
1.95647 -6.11421
1.96047 -6.11398
1.96845 -6.11403
1.97644 -6.11399
1.98443 -6.11433
1.99242 -6.1143
2.00041 -6.11392
2.0044 -6.11429
2.0084 -6.11466
2.01239 -6.11435
2.01638 -6.11405
2.02437 -6.11414
2.03236 -6.11427
2.03729 -6.11442
2.04222 -6.11407
2.04702 -6.11288
2.05192 -6.11241
2.05668 -6.11115
2.06139 -6.10981
2.06615 -6.1085
2.07058 -6.1064
2.07517 -6.10459
2.07963 -6.10251
2.08652 -6.09849
2.09379 -6.09517
2.10075 -6.09127
2.10791 -6.08774
2.1147 -6.08353
2.12187 -6.08001
2.12896 -6.07637
2.13575 -6.07214
2.14294 -6.06868
2.15011 -6.06516
2.15708 -6.06128
2.1642 -6.05769
2.17095 -6.0534
2.1781 -6.04985
2.18532 -6.04644
2.18867 -6.04425
2.19202 -6.04205
2.19922 -6.0386
2.20625 -6.03483
2.21339 -6.03128
2.22016 -6.02703
2.2273 -6.02346
2.23433 -6.01968
2.24162 -6.01641
2.24857 -6.01248
2.25558 -6.00868
2.26251 -6.00473
2.26951 -6.0009
2.27651 -5.99707
2.28358 -5.99339
2.29076 -5.98989
2.29755 -5.98567
2.30457 -5.9819
2.30826 -5.98034
2.31195 -5.97878
2.3189 -5.97485
2.32596 -5.97115
2.33279 -5.96701
2.33975 -5.96311
2.34686 -5.95949
2.35384 -5.95561
2.36096 -5.95203
2.36804 -5.94835
2.37527 -5.94496
2.38208 -5.94077
2.38922 -5.93721
2.39607 -5.9331
2.40317 -5.92948
2.41013 -5.92557
2.4172 -5.92188
2.42426 -5.91817
2.43141 -5.91462
2.43846 -5.91089
2.44559 -5.90731
2.45256 -5.90343
2.4597 -5.89987
2.46653 -5.89571
2.47367 -5.89215
2.48068 -5.88836
2.48784 -5.88483
2.49487 -5.88105
2.50164 -5.87681
2.50862 -5.87294
2.5123 -5.87137
2.51599 -5.86981
2.52289 -5.8658
2.52977 -5.86174
2.53682 -5.85802
2.54383 -5.85421
2.551 -5.85071
2.55796 -5.8468
2.56496 -5.84299
2.57196 -5.83915
2.57912 -5.83562
2.58603 -5.83165
2.59326 -5.82823
2.59896 -5.82501
2.60441 -5.82137
2.61073 -5.81674
2.61543 -5.81327
2.62148 -5.8081
2.62792 -5.80339
2.63379 -5.79799
2.64003 -5.79305
2.64639 -5.78825
2.65268 -5.78337
2.65846 -5.77786
2.66486 -5.77311
2.67097 -5.768
2.67703 -5.76283
2.68323 -5.75784
2.68945 -5.75288
2.69601 -5.74832
2.70213 -5.74324
2.70798 -5.7378
2.71428 -5.73293
2.72062 -5.72812
2.72692 -5.72325
2.73309 -5.71821
2.73927 -5.7132
2.74529 -5.70798
2.75146 -5.70295
2.75746 -5.69771
2.76367 -5.69273
2.77001 -5.6879
2.77646 -5.68322
2.78249 -5.67801
2.78889 -5.67327
2.79477 -5.66787
2.80103 -5.66296
2.80742 -5.6582
2.81362 -5.6532
2.81939 -5.64768
2.82598 -5.64317
2.82897 -5.64073
2.82877 -5.64059
2.8287 -5.63973
2.82812 -5.63924
2.82759 -5.6387
2.82757 -5.63788
2.82722 -5.63724
2.82665 -5.63666
2.82652 -5.63592
2.8263 -5.6352
2.82673 -5.63438
2.82617 -5.6337
2.82638 -5.63295
2.82671 -5.63222
2.8266 -5.63149
2.8268 -5.63078
2.82687 -5.63005
2.82735 -5.62943
2.82878 -5.62504
2.83022 -5.62065
2.83004 -5.61982
2.83068 -5.6193
2.83112 -5.61873
2.83113 -5.61791
2.83482 -5.61209
2.83852 -5.60627
2.84221 -5.60046
2.84591 -5.59464
2.84961 -5.58883
2.85013 -5.58831
2.85048 -5.58767
2.85087 -5.58704
2.85147 -5.58661
2.85218 -5.58631
2.85819 -5.58155
2.85834 -5.5806
2.85927 -5.58063
2.85968 -5.57996
2.86025 -5.57947
2.86096 -5.57925
2.86182 -5.57945
2.86253 -5.57935
2.86306 -5.57858
2.86991 -5.57699
2.87675 -5.5754
2.8836 -5.57381
2.89045 -5.57222
2.8973 -5.57064
2.89814 -5.57099
2.89881 -5.57041
2.89958 -5.57043
2.90035 -5.57083
2.90109 -5.5708
2.90186 -5.57065
2.9026 -5.57081
2.90335 -5.57093
2.90389 -5.57176
2.90458 -5.57197
2.90538 -5.57198
2.90615 -5.57214
2.90651 -5.57299
2.90708 -5.57345
2.90806 -5.57339
2.90848 -5.57407
2.90907 -5.57455
2.90959 -5.57511
2.90959 -5.57535
