1.13907 -2.42184
1.13595 -2.41964
1.13307 -2.41687
1.13018 -2.41409
1.12705 -2.4116
1.12392 -2.40911
1.11802 -2.40371
1.11203 -2.39841
1.10888 -2.39594
1.10574 -2.39347
1.10282 -2.39073
1.09989 -2.38799
1.09677 -2.3855
1.09365 -2.383
1.08751 -2.37787
1.0846 -2.37512
1.08169 -2.37237
1.07875 -2.36965
1.07582 -2.36694
1.07268 -2.36445
1.06955 -2.36197
1.06356 -2.35666
1.05762 -2.35131
1.05448 -2.34883
1.05134 -2.34635
1.04513 -2.34131
1.03905 -2.33611
1.03298 -2.33091
1.03011 -2.32811
1.02725 -2.3253
1.02413 -2.32281
1.021 -2.32031
1.01785 -2.31785
1.01469 -2.31538
1.0119 -2.3125
1.0091 -2.30962
1.00584 -2.30728
1.00258 -2.30494
0.999723 -2.30213
0.996868 -2.29932
0.993684 -2.29689
0.990501 -2.29446
0.98448 -2.28919
0.978475 -2.28391
0.975526 -2.28121
0.972577 -2.27851
0.969362 -2.27612
0.966146 -2.27372
0.960145 -2.26844
0.957233 -2.26569
0.954321 -2.26295
0.948112 -2.2579
0.942067 -2.25267
0.935947 -2.24752
0.933003 -2.24481
0.930059 -2.24211
0.923945 -2.23695
0.917778 -2.23186
0.914883 -2.22909
0.911987 -2.22633
0.905984 -2.22105
0.899784 -2.21599
0.893641 -2.21087
0.890501 -2.20839
0.88736 -2.20591
0.88444 -2.20318
0.881519 -2.20044
0.875409 -2.19528
0.874617 -2.19428
0.869502 -2.19027
0.864518 -2.1861
0.859661 -2.18178
0.854495 -2.17783
0.849575 -2.17359
0.847008 -2.17106
0.84044 -2.16657
0.83408 -2.16181
0.827945 -2.15677
0.821978 -2.15151
0.815534 -2.14686
0.809073 -2.14224
0.802843 -2.13732
0.796602 -2.13241
0.79058 -2.12722
0.783932 -2.12284
0.777976 -2.11756
0.771542 -2.1129
0.76538 -2.1079
0.758954 -2.10323
0.753041 -2.0979
0.746437 -2.09346
0.7404 -2.08829
0.734093 -2.08347
0.727743 -2.0787
0.721498 -2.0738
0.715177 -2.06899
0.708914 -2.06411
0.702885 -2.05893
0.696323 -2.05444
0.690155 -2.04944
0.683998 -2.04442
0.677858 -2.03938
0.671399 -2.03476
0.665173 -2.02983
0.658679 -2.02525
0.652695 -2.02001
0.64657 -2.01496
0.640057 -2.0104
0.63399 -2.00527
0.62763 -2.00051
0.621272 -1.99576
0.614869 -1.99106
0.608715 -1.98604
0.602408 -1.98121
0.596094 -1.9764
0.589712 -1.97167
0.583872 -1.96625
0.5773 -1.96177
0.570944 -1.95701
0.564756 -1.95204
0.558531 -1.94711
0.552255 -1.94225
0.546186 -1.93712
0.539958 -1.93219
0.533597 -1.92744
0.527127 -1.92283
0.521251 -1.91745
0.514619 -1.91304
0.50831 -1.90822
0.502011 -1.90339
0.495913 -1.8983
0.489603 -1.89348
0.483315 -1.88864
0.477021 -1.8838
0.470891 -1.87875
0.464469 -1.87407
0.458304 -1.86907
0.452108 -1.8641
0.446046 -1.85897
0.439468 -1.85449
0.433229 -1.84958
0.426878 -1.84481
0.42085 -1.83963
0.414458 -1.83492
0.408503 -1.82965
0.402115 -1.82493
0.395639 -1.82032
0.389509 -1.81527
0.383176 -1.81048
0.376718 -1.80585
0.370563 -1.80084
0.364206 -1.79608
0.358167 -1.79091
0.351927 -1.786
0.345802 -1.78095
0.339444 -1.77619
0.333193 -1.7713
0.326709 -1.7667
0.320771 -1.7614
0.314498 -1.75654
0.308122 -1.7518
0.301739 -1.74708
0.295758 -1.74184
0.289406 -1.73707
0.283019 -1.73235
0.276772 -1.72745
0.2706 -1.72246
0.26423 -1.71772
0.257709 -1.71317
0.251882 -1.70773
0.245617 -1.70285
0.239114 -1.69828
0.232723 -1.69357
0.226554 -1.68857
0.220492 -1.68343
0.214058 -1.67877
0.207938 -1.67371
0.20154 -1.669
0.195221 -1.6642
0.188989 -1.65928
0.182604 -1.65455
0.176638 -1.64929
0.170186 -1.64466
0.163973 -1.63971
0.16001 -1.63714
0.156083 -1.63457
0.151965 -1.63225
0.148217 -1.62922
0.14384 -1.62743
0.13953 -1.62544
0.135079 -1.62386
0.130572 -1.62237
0.125939 -1.62143
0.121331 -1.62039
0.116602 -1.62009
0.11199 -1.61878
0.107247 -1.61908
0.10254 -1.619
0.0954991 -1.61852
0.0884579 -1.61899
0.0814167 -1.619
0.0743754 -1.61879
0.0673342 -1.61877
0.060293 -1.61862
0.0532517 -1.61887
0.046199 -1.61839
0.0412944 -1.61871
0.0364289 -1.61934
0.0315717 -1.62009
0.0266059 -1.62029
0.0218565 -1.62155
0.0170755 -1.62277
0.012395 -1.62428
0.00783874 -1.62616
0.00341378 -1.6283
-0.00115691 -1.6302
-0.00505838 -1.63325
-0.00958774 -1.63531
-0.013543 -1.63822
-0.0172287 -1.64149
-0.0204785 -1.64383
-0.0237283 -1.64618
-0.0266862 -1.64887
-0.0296442 -1.65157
-0.0328525 -1.65396
-0.0360608 -1.65636
-0.0422033 -1.66148
-0.0451366 -1.6642
-0.04807 -1.66693
-0.0512668 -1.66934
-0.0544637 -1.67175
-0.0604957 -1.677
-0.0634818 -1.67966
-0.066468 -1.68233
-0.0697482 -1.68463
-0.0730284 -1.68694
-0.0791413 -1.69209
-0.0820753 -1.69482
-0.0850093 -1.69754
-0.0913132 -1.70247
-0.0973728 -1.70769
-0.103677 -1.71261
-0.109839 -1.71771
-0.116126 -1.72265
-0.122292 -1.72774
-0.128462 -1.73283
-0.131679 -1.73521
-0.134896 -1.73759
-0.13778 -1.74038
-0.140664 -1.74317
-0.1439 -1.74553
-0.147135 -1.74788
-0.150057 -1.75063
-0.152978 -1.75337
-0.156176 -1.75577
-0.159374 -1.75818
-0.162348 -1.76086
-0.165322 -1.76353
-0.171548 -1.76855
-0.177686 -1.77368
-0.180941 -1.77601
-0.184196 -1.77835
-0.187159 -1.78104
-0.190123 -1.78373
-0.196433 -1.78865
-0.199603 -1.79109
-0.202773 -1.79353
-0.208993 -1.79855
-0.215074 -1.80375
-0.221286 -1.80878
-0.227383 -1.81395
-0.233446 -1.81917
-0.236619 -1.82161
-0.239791 -1.82404
-0.245818 -1.8293
-0.252136 -1.83421
-0.255055 -1.83695
-0.257973 -1.8397
-0.26127 -1.84199
-0.264566 -1.84427
-0.267433 -1.84708
-0.2703 -1.84989
-0.276591 -1.85483
-0.282863 -1.85979
-0.285851 -1.86245
-0.288838 -1.86511
-0.295112 -1.87007
-0.301257 -1.87519
-0.30736 -1.88035
-0.313538 -1.88543
-0.319675 -1.89056
-0.322923 -1.8929
-0.326171 -1.89525
-0.32934 -1.89769
-0.332509 -1.90013
-0.335426 -1.90287
-0.338342 -1.90562
-0.344413 -1.91083
-0.350596 -1.9159
-0.356866 -1.92086
-0.362987 -1.92601
-0.366243 -1.92834
-0.369499 -1.93068
-0.37243 -1.93341
-0.375361 -1.93614
-0.378563 -1.93854
-0.381765 -1.94094
-0.38785 -1.94613
-0.39409 -1.95113
-0.400187 -1.9563
-0.406289 -1.96147
-0.41245 -1.96657
-0.418493 -1.97181
-0.42469 -1.97686
-0.42793 -1.97922
-0.431171 -1.98157
-0.43411 -1.98429
-0.43705 -1.98701
-0.440231 -1.98944
-0.443412 -1.99186
-0.449666 -1.99685
-0.455873 -2.00189
-0.462113 -2.00689
-0.465 -2.00967
-0.467887 -2.01245
-0.47417 -2.0174
-0.477346 -2.01984
-0.480521 -2.02227
-0.483466 -2.02498
-0.486411 -2.02769
-0.489594 -2.03012
-0.492776 -2.03254
-0.499054 -2.0375
-0.505119 -2.04271
-0.511224 -2.04788
-0.517312 -2.05306
-0.520554 -2.05541
-0.523796 -2.05777
-0.526719 -2.06051
-0.529641 -2.06325
-0.535813 -2.06833
-0.539052 -2.07069
-0.542291 -2.07304
-0.545256 -2.07573
-0.548221 -2.07842
-0.551482 -2.08075
-0.554743 -2.08308
-0.557624 -2.08587
-0.560504 -2.08866
-0.563738 -2.09102
-0.566972 -2.09338
-0.573285 -2.0983
-0.57629 -2.10094
-0.579296 -2.10357
-0.585527 -2.10859
-0.59165 -2.11373
-0.597708 -2.11895
-0.600928 -2.12133
-0.604149 -2.12371
-0.610324 -2.12879
-0.613202 -2.13158
-0.616081 -2.13438
-0.619407 -2.13663
-0.622732 -2.13888
-0.6288 -2.14409
-0.631759 -2.14678
-0.634717 -2.14948
-0.640986 -2.15444
-0.647129 -2.15956
-0.650346 -2.16195
-0.653564 -2.16433
-0.659591 -2.16959
-0.665631 -2.17483
-0.66886 -2.1772
-0.672089 -2.17957
-0.678156 -2.18478
-0.684461 -2.1897
-0.687395 -2.19243
-0.690329 -2.19515
-0.696461 -2.20028
-0.699686 -2.20266
-0.702911 -2.20503
-0.70918 -2.20999
-0.715226 -2.21523
-0.72131 -2.22042
-0.727481 -2.22551
-0.733719 -2.23051
-0.737194 -2.23397
-0.743234 -2.2392
-0.74932 -2.24438
-0.755296 -2.24967
-0.75809 -2.25254
-0.760884 -2.2554
-0.766812 -2.26075
-0.772961 -2.26586
-0.778851 -2.27125
-0.784541 -2.27686
-0.790438 -2.28225
-0.796652 -2.28728
-0.802336 -2.2929
-0.808405 -2.2981
-0.814065 -2.30374
-0.820284 -2.30877
-0.826061 -2.31429
-0.832118 -2.3195
-0.838077 -2.32481
-0.843864 -2.33032
-0.849852 -2.3356
-0.85259 -2.33853
-0.855329 -2.34145
-0.861472 -2.34656
-0.867199 -2.35214
-0.873108 -2.35751
-0.876306 -2.35993
-0.879503 -2.36235
-0.885415 -2.36771
-0.888135 -2.37066
-0.890855 -2.3736
-0.896737 -2.379
-0.902789 -2.38422
-0.908697 -2.38959
-0.914927 -2.39461
-0.920753 -2.40007
-0.923529 -2.40295
-0.926305 -2.40583
-0.929471 -2.40829
-0.932637 -2.41074
-0.935408 -2.41363
-0.938179 -2.41652
-0.944006 -2.42198
-0.94996 -2.4273
-0.956131 -2.43238
-0.961761 -2.43806
-0.964955 -2.44048
-0.968148 -2.44291
-0.973746 -2.44862
-0.979866 -2.45376
-0.985465 -2.45947
-0.99145 -2.46476
-0.997542 -2.46993
-1.00346 -2.47529
-1.00915 -2.4809
-1.01533 -2.48598
-1.02098 -2.49163
-1.02715 -2.49671
-1.03301 -2.50214
-1.03884 -2.5076
-1.04502 -2.51267
-1.0509 -2.51808
-1.05649 -2.5238
-1.06223 -2.52936
-1.06535 -2.53186
-1.06847 -2.53436
-1.07409 -2.54006
-1.08012 -2.54529
-1.08613 -2.55055
-1.09224 -2.5557
-1.09785 -2.5614
-1.10364 -2.5669
-1.10956 -2.57227
-1.11272 -2.57473
-1.11588 -2.57719
-1.12176 -2.58259
-1.12755 -2.58809
-1.13368 -2.59322
-1.1394 -2.5988
-1.14546 -2.604
-1.14824 -2.60688
-1.15102 -2.60976
-1.15702 -2.61503
-1.16022 -2.6178
-1.16035 -2.61771
-1.16053 -2.6168
-1.16141 -2.61672
-1.16194 -2.61621
-1.16247 -2.61565
-1.16323 -2.61553
-1.1639 -2.61524
-1.16435 -2.61434
-1.16522 -2.61462
-1.16596 -2.6146
-1.16666 -2.61441
-1.16734 -2.61389
-1.16808 -2.61362
-1.16884 -2.61369
-1.16956 -2.61408
-1.17034 -2.61376
-1.17516 -2.61437
-1.17997 -2.61498
-1.18061 -2.61562
-1.18137 -2.61566
-1.18221 -2.61549
-1.1881 -2.61756
-1.19399 -2.61964
-1.19988 -2.62171
-1.20578 -2.62379
-1.20649 -2.6239
-1.20717 -2.62414
-1.20791 -2.62427
-1.20872 -2.62437
-1.20903 -2.6252
-1.20978 -2.62543
-1.21026 -2.62599
-1.21477 -2.63037
-1.21928 -2.63476
-1.2238 -2.63914
-1.22443 -2.63958
-1.22504 -2.64006
-1.22559 -2.64061
-1.226 -2.64126
-1.22631 -2.64195
-1.22611 -2.64285
-1.22867 -2.64921
-1.23123 -2.65556
-1.23378 -2.66192
-1.23634 -2.66827
-1.2389 -2.67463
-1.2391 -2.67532
-1.2395 -2.67595
-1.23995 -2.67661
-1.23994 -2.67736
-1.24003 -2.67808
-1.23989 -2.67882
-1.24015 -2.67955
-1.24023 -2.68031
-1.23975 -2.68098
-1.24025 -2.68184
-1.23973 -2.68247
-1.23941 -2.68314
-1.239 -2.68376
-1.23913 -2.68465
-1.23844 -2.68511
-1.23847 -2.68601
-1.238 -2.68661
-1.23717 -2.68688
-1.2368 -2.68754
-1.23674 -2.68767
-1.23958 -2.69042
-1.24273 -2.69288
-1.24589 -2.69535
-1.25183 -2.70069
-1.25458 -2.70359
-1.25734 -2.7065
-1.26352 -2.71157
-1.26921 -2.71718
-1.27537 -2.72228
-1.28105 -2.7279
-1.2872 -2.733
-1.2929 -2.73861
-1.29602 -2.74111
-1.29914 -2.74361
-1.30189 -2.74652
-1.30464 -2.74943
-1.31075 -2.75458
-1.31664 -2.75998
-1.32238 -2.76553
-1.32833 -2.77087
-1.33449 -2.77595
-1.34054 -2.78117
-1.34652 -2.78647
-1.35213 -2.79217
-1.35783 -2.79777
-1.36103 -2.80018
-1.36424 -2.80259
-1.37017 -2.80794
-1.37294 -2.81083
-1.37571 -2.81371
-1.38164 -2.81906
-1.38762 -2.82436
-1.39342 -2.82984
-1.39927 -2.83528
-1.40517 -2.84067
-1.40831 -2.84315
-1.41145 -2.84562
-1.41732 -2.85104
-1.42297 -2.8567
-1.42898 -2.86196
-1.43511 -2.86709
-1.44106 -2.87241
-1.44692 -2.87784
-1.44967 -2.88075
-1.45242 -2.88367
-1.45845 -2.88889
-1.46443 -2.89419
-1.47055 -2.89934
-1.47628 -2.9049
-1.48236 -2.91009
-1.48797 -2.91579
-1.49385 -2.92118
-1.497 -2.92365
-1.50015 -2.92612
-1.50288 -2.92906
-1.50561 -2.932
-1.51172 -2.93714
-1.51764 -2.9425
-1.52363 -2.94778
-1.52973 -2.95294
-1.53544 -2.95853
-1.54147 -2.96377
-1.54712 -2.96943
-1.55323 -2.97458
-1.55898 -2.98013
-1.56472 -2.98569
-1.57093 -2.99073
-1.57665 -2.9963
-1.58261 -3.00162
-1.58575 -3.0041
-1.58889 -3.00658
-1.59163 -3.0095
-1.59437 -3.01242
-1.5975 -3.01492
-1.60062 -3.01742
-1.60341 -3.02029
-1.6062 -3.02315
-1.60937 -3.02561
-1.61253 -3.02807
-1.61527 -3.03099
-1.618 -3.03392
-1.62409 -3.03909
-1.63022 -3.04423
-1.63609 -3.04963
-1.64209 -3.05491
-1.64479 -3.05787
-1.6475 -3.06083
-1.6507 -3.06325
-1.6539 -3.06566
-1.65664 -3.06859
-1.65937 -3.07151
-1.66541 -3.07674
-1.67132 -3.08212
-1.67715 -3.08757
-1.6833 -3.09268
-1.68898 -3.0983
-1.69504 -3.1035
-1.70077 -3.10908
-1.70663 -3.1145
-1.70983 -3.11691
-1.71303 -3.11933
-1.7188 -3.12485
-1.72159 -3.12773
-1.72437 -3.1306
-1.72754 -3.13305
-1.73071 -3.13549
-1.73641 -3.1411
-1.74243 -3.14635
-1.74851 -3.15153
-1.75128 -3.15442
-1.75404 -3.15731
-1.75991 -3.16273
-1.76591 -3.168
-1.77195 -3.17323
-1.77758 -3.17891
-1.78373 -3.18402
-1.7898 -3.18921
-1.79552 -3.19479
-1.80164 -3.19993
-1.80725 -3.20563
-1.8133 -3.21085
-1.81893 -3.21653
-1.82211 -3.21896
-1.8253 -3.22139
-1.82809 -3.22426
-1.83088 -3.22712
-1.83692 -3.23235
-1.84296 -3.23758
-1.84897 -3.24284
-1.85473 -3.24837
-1.8605 -3.25389
-1.86626 -3.25943
-1.86945 -3.26185
-1.87265 -3.26428
-1.87825 -3.26998
-1.8842 -3.27531
-1.89039 -3.28038
-1.89314 -3.28329
-1.89589 -3.2862
-1.89903 -3.28868
-1.90217 -3.29115
-1.90812 -3.29648
-1.91389 -3.30201
-1.91995 -3.30722
-1.92566 -3.3128
-1.93141 -3.31836
-1.93733 -3.32371
-1.94347 -3.32883
-1.94623 -3.33173
-1.94899 -3.33463
-1.95213 -3.33711
-1.95527 -3.33959
-1.96093 -3.34524
-1.96708 -3.35035
-1.97275 -3.35598
-1.97876 -3.36124
-1.98449 -3.36681
-1.99036 -3.37222
-1.99655 -3.37728
-2.0025 -3.38261
-2.00828 -3.38812
-2.01435 -3.39332
-2.02042 -3.39851
-2.02316 -3.40144
-2.0259 -3.40436
-2.03184 -3.40969
-2.03779 -3.41502
-2.04389 -3.42018
-2.04991 -3.42543
-2.0527 -3.4283
-2.05549 -3.43117
-2.06149 -3.43644
-2.06727 -3.44195
-2.07039 -3.44445
-2.07352 -3.44695
-2.07921 -3.45256
-2.08508 -3.45797
-2.09128 -3.46302
-2.09724 -3.46834
-2.10293 -3.47395
-2.10905 -3.47909
-2.11492 -3.48451
-2.12079 -3.48992
-2.12642 -3.49559
-2.12955 -3.49809
-2.13267 -3.5006
-2.13862 -3.50593
-2.14426 -3.51159
-2.15003 -3.51711
-2.15318 -3.51958
-2.15633 -3.52206
-2.1591 -3.52495
-2.16187 -3.52784
-2.16778 -3.5332
-2.17398 -3.53826
-2.17967 -3.54387
-2.18589 -3.5489
-2.18866 -3.55179
-2.19143 -3.55468
-2.19733 -3.56005
-2.20319 -3.56548
-2.2093 -3.57063
-2.21519 -3.57603
-2.2213 -3.58117
-2.22726 -3.58648
-2.23305 -3.59199
-2.23903 -3.59728
-2.24492 -3.60267
-2.25098 -3.60788
-2.25658 -3.61359
-2.26232 -3.61915
-2.26549 -3.6216
-2.26866 -3.62404
-2.27462 -3.62936
-2.27733 -3.63232
-2.28003 -3.63528
-2.28319 -3.63774
-2.28635 -3.6402
-2.29218 -3.64567
-2.29778 -3.65137
-2.30394 -3.65647
-2.30969 -3.66201
-2.31582 -3.66714
-2.32163 -3.67263
-2.32754 -3.67799
-2.33353 -3.68328
-2.33939 -3.6887
-2.34531 -3.69406
-2.35103 -3.69963
-2.35718 -3.70474
-2.3629 -3.71033
-2.369 -3.71549
-2.37497 -3.72079
-2.38082 -3.72623
-2.38671 -3.73162
-2.39249 -3.73713
-2.39855 -3.74234
-2.40439 -3.74778
-2.41054 -3.75289
-2.41634 -3.75839
-2.42235 -3.76364
-2.4251 -3.76655
-2.42786 -3.76946
-2.43383 -3.77476
-2.44002 -3.77982
-2.44562 -3.78553
-2.44877 -3.78801
-2.45192 -3.79048
-2.45467 -3.79338
-2.45743 -3.79629
-2.46061 -3.79873
-2.46379 -3.80116
-2.46655 -3.80406
-2.4693 -3.80697
-2.47526 -3.81229
-2.48137 -3.81743
-2.48744 -3.82263
-2.49017 -3.82557
-2.4929 -3.8285
-2.4989 -3.83376
-2.50485 -3.83909
-2.51087 -3.84434
-2.51665 -3.84986
-2.52288 -3.85488
-2.52853 -3.86053
-2.53448 -3.86586
-2.54024 -3.8714
-2.54642 -3.87647
-2.55228 -3.88189
-2.55798 -3.88749
-2.56399 -3.89275
-2.56981 -3.89822
-2.57572 -3.90359
-2.5817 -3.90888
-2.58778 -3.91407
-2.59365 -3.91949
-2.59952 -3.9249
-2.60524 -3.93047
-2.60841 -3.93293
-2.61157 -3.93539
-2.61725 -3.94101
-2.62335 -3.94617
-2.62934 -3.95146
-2.63496 -3.95714
-2.64071 -3.96269
-2.64386 -3.96516
-2.64701 -3.96763
-2.64977 -3.97053
-2.65252 -3.97344
-2.65854 -3.97869
-2.66167 -3.98118
-2.6648 -3.98367
-2.67066 -3.98911
-2.67627 -3.9948
-2.68225 -4.00009
-2.68824 -4.00538
-2.6943 -4.01058
-2.69991 -4.01628
-2.70567 -4.02182
-2.71176 -4.02699
-2.71762 -4.03241
-2.72367 -4.03763
-2.72942 -4.04317
-2.73523 -4.04866
-2.74118 -4.05399
-2.7443 -4.05649
-2.74742 -4.05899
-2.75316 -4.06455
-2.75918 -4.0698
-2.76483 -4.07546
-2.77105 -4.08049
-2.77686 -4.08597
-2.78289 -4.0912
-2.78849 -4.09691
-2.79437 -4.10232
-2.80046 -4.10749
-2.80618 -4.11307
-2.81228 -4.11823
-2.81845 -4.12332
-2.82421 -4.12886
-2.83032 -4.134
-2.83596 -4.13967
-2.84187 -4.14504
-2.84787 -4.15032
-2.8535 -4.15599
-2.85964 -4.1611
-2.86581 -4.16619
-2.87145 -4.17186
-2.87726 -4.17734
-2.88342 -4.18243
-2.88929 -4.18785
-2.89502 -4.19342
-2.9009 -4.19882
-2.90699 -4.204
-2.91296 -4.2093
-2.91896 -4.21457
-2.92171 -4.21748
-2.92446 -4.22039
-2.93047 -4.22565
-2.93635 -4.23105
-2.94238 -4.23629
-2.94853 -4.24139
-2.95446 -4.24675
-2.96016 -4.25235
-2.96583 -4.25798
-2.96896 -4.26048
-2.97209 -4.26297
-2.97487 -4.26584
-2.97765 -4.26872
-2.9837 -4.27394
-2.98943 -4.27951
-2.99546 -4.28475
-3.00154 -4.28993
-3.00751 -4.29523
-3.0103 -4.2981
-3.01308 -4.30097
-3.01927 -4.30604
-3.02535 -4.31123
-3.03102 -4.31686
-3.03698 -4.32217
-3.04313 -4.32728
-3.04883 -4.33288
-3.05451 -4.33851
-3.05765 -4.34098
-3.0608 -4.34345
-3.06666 -4.34889
-3.07251 -4.35432
-3.07816 -4.35998
-3.08419 -4.36522
-3.09011 -4.37058
-3.09619 -4.37575
-3.10204 -4.38119
-3.1077 -4.38684
-3.11089 -4.38927
-3.11407 -4.3917
-3.11679 -4.39465
-3.11951 -4.3976
-3.12263 -4.4001
-3.12575 -4.40259
-3.13145 -4.4082
-3.13751 -4.4134
-3.14362 -4.41855
-3.14937 -4.4241
-3.15518 -4.42958
-3.16129 -4.43474
-3.16715 -4.44015
-3.17319 -4.44538
-3.1759 -4.44834
-3.17861 -4.4513
-3.18453 -4.45666
-3.19054 -4.46191
-3.1937 -4.46438
-3.19685 -4.46684
-3.19961 -4.46974
-3.20237 -4.47265
-3.20832 -4.47797
-3.21145 -4.48047
-3.21457 -4.48296
-3.21731 -4.48589
-3.22005 -4.48881
-3.22604 -4.4941
-3.23201 -4.49939
-3.23798 -4.5047
-3.24393 -4.51003
-3.24999 -4.51524
-3.25591 -4.5206
-3.26152 -4.5263
-3.26465 -4.52878
-3.26779 -4.53126
-3.27345 -4.53692
-3.27916 -4.54251
-3.28511 -4.54783
-3.29094 -4.55329
-3.29408 -4.55577
-3.29722 -4.55825
-3.30325 -4.56349
-3.30596 -4.56645
-3.30866 -4.56941
-3.31486 -4.57446
-3.32101 -4.57957
-3.32376 -4.58248
-3.32651 -4.58539
-3.33254 -4.59063
-3.33873 -4.59569
-3.34448 -4.60124
-3.35039 -4.60661
-3.35647 -4.61179
-3.36236 -4.61718
-3.36801 -4.62284
-3.37401 -4.62811
-3.37967 -4.63375
-3.3857 -4.639
-3.39175 -4.64421
-3.39786 -4.64936
-3.40057 -4.65232
-3.40328 -4.65527
-3.40647 -4.6577
-3.40966 -4.66013
-3.41239 -4.66305
-3.41513 -4.66598
-3.42132 -4.67104
-3.42733 -4.6763
-3.4333 -4.68161
-3.43901 -4.6872
-3.44495 -4.69253
-3.45083 -4.69794
-3.4565 -4.70357
-3.45962 -4.70607
-3.46274 -4.70858
-3.46842 -4.7142
-3.47448 -4.71941
-3.4803 -4.72487
-3.48608 -4.73039
-3.48907 -4.73293
-3.48899 -4.73298
-3.48844 -4.7335
-3.48794 -4.73408
-3.48807 -4.73504
-3.48767 -4.73565
-3.48718 -4.73624
-3.48698 -4.73696
-3.48682 -4.73768
-3.48649 -4.73837
-3.48669 -4.73916
-3.4861 -4.73983
-3.48655 -4.74061
-3.48629 -4.74135
-3.48604 -4.74213
-3.4868 -4.74279
-3.48743 -4.74773
-3.48807 -4.75266
-3.4887 -4.75329
-3.48889 -4.75398
-3.48914 -4.75466
-3.48918 -4.75543
-3.48979 -4.75595
-3.48979 -4.75678
-3.49342 -4.7622
-3.49706 -4.76762
-3.50069 -4.77304
-3.50432 -4.77846
-3.50796 -4.78387
-3.50799 -4.78475
-3.50855 -4.78527
-3.50893 -4.78594
-3.50982 -4.78612
-3.51305 -4.78941
-3.51326 -4.79028
-3.51409 -4.79043
-3.51479 -4.79069
-3.51521 -4.79139
-3.51583 -4.79181
-3.51656 -4.79201
-3.51731 -4.79211
-3.51793 -4.79258
-3.52378 -4.79412
-3.52963 -4.79565
-3.53548 -4.79719
-3.54133 -4.79873
-3.54192 -4.79947
-3.54272 -4.79934
-3.54349 -4.79933
-3.54423 -4.79942
-3.54498 -4.79932
-3.54571 -4.79897
-3.54647 -4.79918
-3.54728 -4.79939
-3.54791 -4.79878
-3.54871 -4.79882
-3.54944 -4.7986
-3.55017 -4.79835
-3.55031 -4.79814
-3.55177 -4.80106
-3.55328 -4.80602
-3.55567 -4.81067
-3.55678 -4.81573
-3.55839 -4.82067
-3.55863 -4.82588
-3.55977 -4.83093
-3.56023 -4.83608
-3.56039 -4.84125
-3.56059 -4.84902
-3.56015 -4.85679
-3.56094 -4.86455
-3.56027 -4.87232
-3.56069 -4.88009
-3.56056 -4.88786
-3.56049 -4.89563
-3.56075 -4.90339
-3.56091 -4.91116
-3.56089 -4.91893
-3.56109 -4.92669
-3.56119 -4.93446
-3.56065 -4.94223
-3.56082 -4.95
-3.56105 -4.95776
-3.5613 -4.96553
-3.5609 -4.9733
-3.56118 -4.98106
-3.56158 -4.98883
-3.56146 -4.9966
-3.56141 -5.00436
-3.56129 -5.01213
-3.56098 -5.0199
-3.56147 -5.02767
-3.56155 -5.03543
-3.56156 -5.0432
-3.56126 -5.05097
-3.56178 -5.05873
-3.56125 -5.06651
-3.56197 -5.07427
-3.56187 -5.08204
-3.56181 -5.0898
-3.56169 -5.09757
-3.5615 -5.10532
-3.56157 -5.11002
-3.56151 -5.11472
-3.56095 -5.11938
-3.56031 -5.12404
-3.55911 -5.12858
-3.55837 -5.13325
-3.55619 -5.13747
-3.55494 -5.14199
-3.55282 -5.14618
-3.55103 -5.15049
-3.54917 -5.15482
-3.54701 -5.15903
-3.54414 -5.16275
-3.54155 -5.16669
-3.53817 -5.16998
-3.53556 -5.17395
-3.53172 -5.17674
-3.52872 -5.18039
-3.52251 -5.18537
-3.51655 -5.19063
-3.51105 -5.19639
-3.50496 -5.2015
-3.49929 -5.20708
-3.4934 -5.21242
-3.48732 -5.21754
-3.48112 -5.22252
-3.47566 -5.22834
-3.46937 -5.23323
-3.46364 -5.23874
-3.4575 -5.2438
-3.45164 -5.24916
-3.44585 -5.25461
-3.43983 -5.2598
-3.43377 -5.26494
-3.42835 -5.2708
-3.42242 -5.27609
-3.41622 -5.28108
-3.41014 -5.2862
-3.4046 -5.29193
-3.39854 -5.29706
-3.39285 -5.30262
-3.38652 -5.30747
-3.38057 -5.31274
-3.37483 -5.31823
-3.36922 -5.32388
-3.36329 -5.32917
-3.35725 -5.33434
-3.35121 -5.33951
-3.34511 -5.34461
-3.33946 -5.3502
-3.33355 -5.35552
-3.32779 -5.361
-3.3215 -5.36589
-3.316 -5.37165
-3.31009 -5.37696
-3.30392 -5.38199
-3.29818 -5.38749
-3.29227 -5.3928
-3.28624 -5.39798
-3.28018 -5.40312
-3.27427 -5.40844
-3.26867 -5.41408
-3.2627 -5.41934
-3.25665 -5.42449
-3.25076 -5.42983
-3.24467 -5.43494
-3.23885 -5.44035
-3.2328 -5.4455
-3.22701 -5.45094
-3.22097 -5.45611
-3.21519 -5.46158
-3.20946 -5.46709
-3.20316 -5.47196
-3.19771 -5.47778
-3.19137 -5.48262
-3.1859 -5.48842
-3.17983 -5.49355
-3.17388 -5.49882
-3.1678 -5.50394
-3.16186 -5.50922
-3.15622 -5.51483
-3.15019 -5.52001
-3.14449 -5.52555
-3.13836 -5.53062
-3.13263 -5.53613
-3.12676 -5.54149
-3.12064 -5.54657
-3.11463 -5.55177
-3.10856 -5.5569
-3.10286 -5.56245
-3.09715 -5.56799
-3.09098 -5.573
-3.0851 -5.57834
-3.07907 -5.58352
-3.07337 -5.58907
-3.06755 -5.59449
-3.06121 -5.59932
-3.0555 -5.60485
-3.04959 -5.61016
-3.04394 -5.61576
-3.03803 -5.62107
-3.03186 -5.6261
-3.02619 -5.63167
-3.01984 -5.6365
-3.01391 -5.64179
-3.00802 -5.64712
-3.00208 -5.6524
-2.99652 -5.6581
-2.99072 -5.66353
-2.98469 -5.66872
-2.97883 -5.67408
-2.97289 -5.67936
-2.96667 -5.68433
-2.96103 -5.68993
-2.95481 -5.6949
-2.94932 -5.70068
-2.94327 -5.70584
-2.93732 -5.71111
-2.9313 -5.71629
-2.92541 -5.72163
-2.91972 -5.72719
-2.91353 -5.73219
-2.90772 -5.7376
-2.90187 -5.74299
-2.89605 -5.74839
-2.88998 -5.75353
-2.88403 -5.7588
-2.87807 -5.76405
-2.8721 -5.7693
-2.86648 -5.77493
-2.86043 -5.78008
-2.85455 -5.78543
-2.84881 -5.79093
-2.8429 -5.79624
-2.83698 -5.80154
-2.83078 -5.80653
-2.825 -5.81199
-2.81923 -5.81748
-2.81564 -5.82046
-2.81166 -5.82293
-2.80807 -5.82595
-2.80417 -5.82855
-2.79989 -5.83045
-2.79587 -5.83284
-2.79145 -5.83438
-2.78722 -5.83632
-2.77989 -5.83942
-2.77237 -5.84198
-2.76481 -5.84448
-2.75741 -5.84737
-2.74993 -5.85006
-2.74273 -5.85348
-2.73514 -5.85588
-2.72775 -5.85881
-2.72036 -5.86173
-2.71281 -5.86422
-2.70543 -5.86719
-2.69805 -5.87013
-2.69064 -5.87301
-2.68301 -5.87531
-2.67556 -5.87807
-2.66809 -5.88077
-2.66073 -5.88377
-2.6534 -5.88688
-2.64599 -5.88974
-2.63839 -5.89211
-2.63105 -5.89515
-2.62365 -5.89808
-2.61611 -5.9006
-2.6085 -5.90293
-2.60111 -5.90585
-2.59373 -5.90882
-2.58624 -5.91146
-2.57896 -5.91469
-2.57154 -5.91753
-2.56392 -5.91984
-2.55647 -5.92261
-2.549 -5.92531
-2.5416 -5.92822
-2.53408 -5.93081
-2.52669 -5.93373
-2.5192 -5.93639
-2.51202 -5.93986
-2.50439 -5.94216
-2.49688 -5.94477
-2.48963 -5.94806
-2.48215 -5.95075
-2.47472 -5.95358
-2.46717 -5.95606
-2.45981 -5.95908
-2.45227 -5.96162
-2.44502 -5.96489
-2.43739 -5.96719
-2.42996 -5.96999
-2.42246 -5.97263
-2.41514 -5.97576
-2.40778 -5.97875
-2.40029 -5.98142
-2.3927 -5.98381
-2.38532 -5.98677
-2.37781 -5.98937
-2.37044 -5.99234
-2.36299 -5.99512
-2.35547 -5.99768
-2.34811 -6.00069
-2.34077 -6.00376
-2.33335 -6.0066
-2.32578 -6.00904
-2.31826 -6.01162
-2.31082 -6.01443
-2.30348 -6.01749
-2.29615 -6.02058
-2.28854 -6.0229
-2.28126 -6.02614
-2.27377 -6.02879
-2.26616 -6.03112
-2.25873 -6.03395
-2.25144 -6.03715
-2.24381 -6.03942
-2.23649 -6.04254
-2.22903 -6.04528
-2.22159 -6.04807
-2.21424 -6.0511
-2.20682 -6.05394
-2.1993 -6.05652
-2.19186 -6.05932
-2.18443 -6.06215
-2.17694 -6.06481
-2.16941 -6.06735
-2.16208 -6.07045
-2.15449 -6.07284
-2.1471 -6.07577
-2.13982 -6.07897
-2.1322 -6.0813
-2.12491 -6.08448
-2.11743 -6.08718
-2.10992 -6.08977
-2.10263 -6.09296
-2.09497 -6.09517
-2.08766 -6.09833
-2.08008 -6.10074
-2.07269 -6.10365
-2.06528 -6.10654
-2.05793 -6.10956
-2.05042 -6.11217
-2.04603 -6.11327
-2.04182 -6.11489
-2.03752 -6.11636
-2.03307 -6.11731
-2.0285 -6.11718
-2.02408 -6.11825
-2.01955 -6.11814
-2.01505 -6.11847
-2.00705 -6.1186
-1.99906 -6.11887
-1.99506 -6.1185
-1.99107 -6.11813
-1.98307 -6.11833
-1.97508 -6.11817
-1.96708 -6.11838
-1.95909 -6.11807
-1.95109 -6.11804
-1.9431 -6.11814
-1.9351 -6.11841
-1.92711 -6.11845
-1.92311 -6.11816
-1.91912 -6.11788
-1.91112 -6.11802
-1.90712 -6.11825
-1.90313 -6.11849
-1.89513 -6.11817
-1.88714 -6.11823
-1.87914 -6.11838
-1.87515 -6.11814
-1.87115 -6.1179
-1.86315 -6.11812
-1.85916 -6.11787
-1.85516 -6.11762
-1.84717 -6.11771
-1.83917 -6.11786
-1.83118 -6.11783
-1.82318 -6.11786
-1.81519 -6.11763
-1.81119 -6.11782
-1.80719 -6.118
-1.7992 -6.1178
-1.7912 -6.11792
-1.78321 -6.11778
-1.77921 -6.11759
-1.77522 -6.11741
-1.77122 -6.1177
-1.76722 -6.11799
-1.75923 -6.11794
-1.75123 -6.11796
-1.74724 -6.11774
-1.74324 -6.11752
-1.73924 -6.11768
-1.73524 -6.11784
-1.72725 -6.11788
-1.72325 -6.11763
-1.71926 -6.11738
-1.71126 -6.11714
-1.70726 -6.11738
-1.70327 -6.11762
-1.69927 -6.11738
-1.69527 -6.11713
-1.68728 -6.11733
-1.68328 -6.11752
-1.67928 -6.1177
-1.67129 -6.11765
-1.66729 -6.11746
-1.6633 -6.11726
-1.6553 -6.11739
-1.64731 -6.11732
-1.64331 -6.11712
-1.63931 -6.11692
-1.63531 -6.11717
-1.63132 -6.11742
-1.62332 -6.11735
-1.61533 -6.11745
-1.60733 -6.11722
-1.59934 -6.11706
-1.59534 -6.11729
-1.59134 -6.11752
-1.58335 -6.11734
-1.57536 -6.1172
-1.57136 -6.11696
-1.56736 -6.11673
-1.56337 -6.11687
-1.55937 -6.11701
-1.55137 -6.11687
-1.54338 -6.11698
-1.53938 -6.11682
-1.53539 -6.11665
-1.53139 -6.11688
-1.52739 -6.11711
-1.52339 -6.11683
-1.5194 -6.11654
-1.5154 -6.11689
-1.5114 -6.11724
-1.5074 -6.11707
-1.50341 -6.1169
-1.49541 -6.11688
-1.49142 -6.11665
-1.48742 -6.11642
-1.47943 -6.11646
-1.47543 -6.11666
-1.47143 -6.11686
-1.46343 -6.11703
-1.45944 -6.11681
-1.45544 -6.11659
-1.45144 -6.11673
-1.44745 -6.11688
-1.43945 -6.11684
-1.43546 -6.11653
-1.43146 -6.11621
-1.42746 -6.11658
-1.42346 -6.11695
-1.41947 -6.11675
-1.41547 -6.11656
-1.41147 -6.11634
-1.40748 -6.11612
-1.39948 -6.11618
-1.39548 -6.11631
-1.39149 -6.11645
-1.38349 -6.11617
-1.37949 -6.11647
-1.3755 -6.11678
-1.3715 -6.11655
-1.3675 -6.11632
-1.35951 -6.11643
-1.35551 -6.11625
-1.35152 -6.11606
-1.34352 -6.11615
-1.33934 -6.11631
-1.33932 -6.11639
-1.33924 -6.11711
-1.33943 -6.11789
-1.33899 -6.11855
-1.33895 -6.1193
-1.33917 -6.12018
-1.33835 -6.12064
-1.33824 -6.12141
-1.33783 -6.12204
-1.33777 -6.12291
-1.33694 -6.12321
-1.33683 -6.12412
-1.33616 -6.12453
-1.33568 -6.12512
-1.33509 -6.1256
-1.33432 -6.12582
-1.33356 -6.12599
-1.32967 -6.12851
-1.32577 -6.13103
-1.32515 -6.1311
-1.32478 -6.13168
-1.32428 -6.13205
-1.32372 -6.13225
-1.31958 -6.13351
-1.31545 -6.13478
-1.31478 -6.13499
-1.31413 -6.13532
-1.30821 -6.13669
-1.3023 -6.13807
-1.29638 -6.13944
-1.29046 -6.14081
-1.28974 -6.14081
-1.28908 -6.14123
-1.28836 -6.1415
-1.28764 -6.14108
-1.28694 -6.14091
-1.28258 -6.14066
-1.27821 -6.14041
-1.2775 -6.14021
-1.27666 -6.14065
-1.27595 -6.14035
-1.27529 -6.13995
-1.27465 -6.13955
-1.26838 -6.13708
-1.26212 -6.13461
-1.25585 -6.13214
-1.24958 -6.12966
-1.24332 -6.12719
-1.24272 -6.12676
-1.24194 -6.12667
-1.24147 -6.12606
-1.2405 -6.12616
-1.23997 -6.12562
-1.2397 -6.12482
-1.23926 -6.12425
-1.23828 -6.12412
-1.2377 -6.12361
-1.23789 -6.1226
-1.2374 -6.12205
-1.23681 -6.12153
-1.23681 -6.12073
-1.23599 -6.12024
-1.23568 -6.11954
-1.23575 -6.11875
-1.23602 -6.11796
-1.23595 -6.11725
-1.23561 -6.11653
-1.2353 -6.11592
-1.2316 -6.11593
-1.2236 -6.11568
-1.21561 -6.11594
-1.20761 -6.11598
-1.19962 -6.11611
-1.19562 -6.11589
-1.19163 -6.11567
-1.18363 -6.11575
-1.17564 -6.11599
-1.16764 -6.11579
-1.16365 -6.11555
-1.15965 -6.1153
-1.15166 -6.11536
-1.14766 -6.11564
-1.14366 -6.11593
-1.13567 -6.11562
-1.13167 -6.11578
-1.12767 -6.11594
-1.11968 -6.11593
-1.11168 -6.11564
-1.10769 -6.11544
-1.10369 -6.11524
-1.09569 -6.1152
-1.0877 -6.11547
-1.0797 -6.11552
-1.07171 -6.11541
-1.06372 -6.11534
-1.05572 -6.1151
-1.05173 -6.11525
-1.04773 -6.11541
-1.03973 -6.11533
-1.03174 -6.11556
-1.02374 -6.11563
-1.01575 -6.11551
-1.00776 -6.11522
-0.99976 -6.11548
-0.995764 -6.11524
-0.991767 -6.11499
-0.983773 -6.11501
-0.975778 -6.11501
-0.967784 -6.11512
-0.959789 -6.11519
-0.955792 -6.11499
-0.951796 -6.11478
-0.947798 -6.11498
-0.9438 -6.11518
-0.939804 -6.11492
-0.935807 -6.11466
-0.93181 -6.11482
-0.927812 -6.11497
-0.919818 -6.11467
-0.911824 -6.11461
-0.90383 -6.11451
-0.899832 -6.11466
-0.895834 -6.11481
-0.887839 -6.11505
-0.879845 -6.11501
-0.875848 -6.11483
-0.871852 -6.11465
-0.863857 -6.11472
-0.85986 -6.11451
-0.855864 -6.11429
-0.847869 -6.11453
-0.839875 -6.11432
-0.831879 -6.11457
-0.827883 -6.11437
-0.823886 -6.11418
-0.819888 -6.11454
-0.815889 -6.1149
-0.811893 -6.1147
-0.807896 -6.1145
-0.799902 -6.1145
-0.791908 -6.11445
-0.783913 -6.11461
-0.775919 -6.11446
-0.767925 -6.11414
-0.759931 -6.11414
-0.755933 -6.11429
-0.751935 -6.11443
-0.747939 -6.11422
-0.743942 -6.11401
-0.739944 -6.11425
-0.735946 -6.1145
-0.73195 -6.11425
-0.727953 -6.114
-0.719959 -6.11397
-0.715961 -6.11425
-0.711963 -6.11454
-0.703968 -6.11446
-0.699972 -6.1142
-0.695976 -6.11394
-0.691978 -6.1141
-0.68798 -6.11427
-0.683984 -6.11401
-0.679987 -6.11375
-0.675989 -6.114
-0.671991 -6.11426
-0.667995 -6.11397
-0.663999 -6.11369
-0.66 -6.11404
-0.656002 -6.1144
-0.652006 -6.11408
-0.648009 -6.11377
-0.644011 -6.114
-0.640013 -6.11424
-0.63202 -6.114
-0.624026 -6.11387
-0.620028 -6.114
-0.61603 -6.11414
-0.612034 -6.11393
-0.608037 -6.11373
-0.600043 -6.11356
-0.592049 -6.11355
-0.584054 -6.11365
-0.580056 -6.11382
-0.576058 -6.11398
-0.568064 -6.11404
-0.564067 -6.11376
-0.560071 -6.11348
-0.552076 -6.1137
-0.548079 -6.11352
-0.544083 -6.11334
-0.540084 -6.11366
-0.536086 -6.11399
-0.53209 -6.11375
-0.528093 -6.11352
-0.524095 -6.11367
-0.520098 -6.11382
-0.512103 -6.11389
-0.508106 -6.11371
-0.50411 -6.11353
-0.496116 -6.11331
-0.488121 -6.11332
-0.480127 -6.1133
-0.472132 -6.11356
-0.464137 -6.11376
-0.46014 -6.1135
-0.456144 -6.11324
-0.44815 -6.11312
-0.440156 -6.11289
-0.436158 -6.1131
-0.43216 -6.11331
-0.424165 -6.11354
-0.416171 -6.11326
-0.408177 -6.11323
-0.400182 -6.11337
-0.396186 -6.11315
-0.392189 -6.11293
-0.384195 -6.11297
-0.376201 -6.11268
-0.372203 -6.11283
-0.368206 -6.11298
-0.364208 -6.11313
-0.36021 -6.11327
-0.356214 -6.11301
-0.352217 -6.11275
-0.344222 -6.11301
-0.336228 -6.11284
-0.328234 -6.11278
-0.324236 -6.11296
-0.320238 -6.11313
-0.312245 -6.11283
-0.30425 -6.11294
-0.296256 -6.11289
-0.288262 -6.11259
-0.284264 -6.11274
-0.280267 -6.11288
-0.272273 -6.11265
-0.264279 -6.11265
-0.256285 -6.11241
-0.252287 -6.11268
-0.248289 -6.11296
-0.240295 -6.11277
-0.236298 -6.11257
-0.232302 -6.11238
-0.224307 -6.11236
-0.216313 -6.11221
-0.212315 -6.11247
-0.208317 -6.11273
-0.20432 -6.11251
-0.200324 -6.11229
-0.19233 -6.11217
-0.184335 -6.1122
-0.180337 -6.11242
-0.176339 -6.11264
-0.172343 -6.11248
-0.168346 -6.11231
-0.164348 -6.11247
-0.16035 -6.11263
-0.152356 -6.11271
-0.14836 -6.11238
-0.144364 -6.11204
-0.140365 -6.11232
-0.136367 -6.1126
-0.132371 -6.1123
-0.128375 -6.112
-0.12038 -6.11208
-0.116382 -6.11223
-0.112385 -6.11238
-0.104389 -6.11256
-0.100393 -6.11238
-0.0963961 -6.11221
-0.0884021 -6.11207
-0.0804068 -6.11232
-0.0764105 -6.11205
-0.0724142 -6.11178
-0.0684159 -6.1121
-0.0644176 -6.11241
-0.0564236 -6.11228
-0.0484296 -6.11213
-0.040435 -6.11216
-0.0324402 -6.11227
-0.0244459 -6.11222
-0.0204494 -6.11201
-0.0164528 -6.1118
-0.0124549 -6.11201
-0.00845691 -6.11223
-0.00046339 -6.11195
0.00753037 -6.11173
0.0155247 -6.11169
0.0235194 -6.11175
0.0315133 -6.11158
0.0395073 -6.11145
0.0435052 -6.11166
0.0475031 -6.11186
0.0554978 -6.11191
0.063492 -6.11183
0.0714858 -6.11164
0.0794809 -6.11182
0.087475 -6.11171
0.0914715 -6.1115
0.0954681 -6.11129
0.103462 -6.11125
0.111458 -6.11146
0.115454 -6.11126
0.119451 -6.11107
0.123449 -6.1113
0.127447 -6.11154
0.135442 -6.11169
0.139438 -6.11143
0.143434 -6.11117
0.147432 -6.11139
0.15143 -6.1116
0.159425 -6.11157
0.163421 -6.11131
0.167417 -6.11104
0.171415 -6.1112
0.175413 -6.11136
0.17941 -6.11119
0.183406 -6.11102
0.191401 -6.11094
0.199395 -6.11081
0.203393 -6.11112
0.207391 -6.11142
0.215386 -6.11149
0.223379 -6.11122
0.231374 -6.11123
0.239369 -6.11136
0.247363 -6.11132
0.255357 -6.11127
0.263351 -6.11102
0.271344 -6.11072
0.275343 -6.11097
0.279341 -6.11123
0.283337 -6.111
0.287334 -6.11076
0.295328 -6.11082
0.299326 -6.111
0.303324 -6.11118
0.30732 -6.1108
0.311316 -6.11041
0.315314 -6.11062
0.319312 -6.11083
0.327307 -6.11107
0.331303 -6.11081
0.3353 -6.11056
0.343294 -6.11037
0.351289 -6.11064
0.359283 -6.1105
0.367277 -6.11025
0.375271 -6.11038
0.383266 -6.11035
0.39126 -6.11023
0.399254 -6.1101
0.407249 -6.11019
0.411247 -6.11038
0.415244 -6.11058
0.423239 -6.11053
0.427235 -6.11032
0.431232 -6.11012
0.43523 -6.11026
0.439227 -6.1104
0.443224 -6.11018
0.44722 -6.10996
0.451218 -6.11014
0.455216 -6.11032
0.463211 -6.11055
0.471206 -6.11061
0.475202 -6.11041
0.479199 -6.11022
0.487194 -6.11048
0.495189 -6.1104
0.499185 -6.1101
0.503181 -6.10979
0.507179 -6.10995
0.511177 -6.1101
0.519172 -6.11031
0.527166 -6.11028
0.531162 -6.11002
0.535159 -6.10977
0.539157 -6.10993
0.543154 -6.11008
0.547151 -6.1099
0.551148 -6.10972
0.555145 -6.1099
0.559143 -6.11008
0.567137 -6.10986
0.571135 -6.11004
0.575133 -6.11021
0.579129 -6.10999
0.583126 -6.10977
0.587123 -6.10994
0.591121 -6.11011
0.599116 -6.11019
0.60711 -6.11018
0.611106 -6.10979
0.615102 -6.10939
0.6191 -6.10959
0.623098 -6.10979
0.627094 -6.10956
0.631091 -6.10933
0.635089 -6.10952
0.639087 -6.1097
0.647082 -6.10981
0.655075 -6.10966
0.66307 -6.10966
0.671064 -6.10948
0.679057 -6.10924
0.683055 -6.10947
0.687054 -6.10971
0.695048 -6.10964
0.703043 -6.10986
0.707039 -6.10951
0.711035 -6.10917
0.719029 -6.10905
0.723028 -6.10939
0.727026 -6.10973
0.731022 -6.10944
0.735018 -6.10915
0.743013 -6.10927
0.751008 -6.10921
0.759002 -6.10912
0.766996 -6.10919
0.774991 -6.1091
0.782985 -6.10903
0.786983 -6.10918
0.79098 -6.10934
0.798974 -6.10907
0.806968 -6.1088
0.810965 -6.10894
0.814963 -6.10909
0.81896 -6.10889
0.822956 -6.10869
0.826954 -6.1089
0.830952 -6.1091
0.838947 -6.10928
0.846941 -6.1091
0.854936 -6.10916
0.862929 -6.10894
0.870923 -6.10869
0.874921 -6.10886
0.878918 -6.10902
0.886913 -6.10895
0.890909 -6.10878
0.894906 -6.1086
0.898904 -6.10884
0.902902 -6.10907
0.910897 -6.10906
0.914893 -6.10882
0.918889 -6.10859
0.926884 -6.10864
0.934879 -6.10869
0.938876 -6.10885
0.942874 -6.10901
0.94687 -6.10865
0.950866 -6.1083
0.954865 -6.10858
0.958863 -6.10887
0.962859 -6.10869
0.966856 -6.1085
0.974851 -6.10877
0.978848 -6.10856
0.982844 -6.10834
0.986842 -6.10862
0.990841 -6.10889
0.994837 -6.10871
0.998834 -6.10853
1.00683 -6.10834
1.01083 -6.10849
1.01482 -6.10864
1.01882 -6.10847
1.02282 -6.10829
1.02681 -6.10846
1.03081 -6.10863
1.03881 -6.10832
1.0468 -6.10855
1.0508 -6.10826
1.05479 -6.10797
1.06279 -6.10791
1.06679 -6.10807
1.07078 -6.10823
1.07878 -6.10847
1.08278 -6.10828
1.08677 -6.10809
1.09477 -6.10782
1.09876 -6.10802
1.10276 -6.10821
1.11076 -6.10826
1.11875 -6.10814
1.12275 -6.10797
1.12674 -6.1078
1.13074 -6.10808
1.13474 -6.10835
1.13874 -6.108
1.14273 -6.10765
1.14673 -6.10793
1.15073 -6.10822
1.15872 -6.10794
1.16671 -6.10763
1.17471 -6.10756
1.1827 -6.10753
1.1867 -6.10772
1.1907 -6.10791
1.19869 -6.10761
1.20269 -6.10783
1.20669 -6.10804
1.21468 -6.10788
1.22268 -6.10767
1.22667 -6.10787
1.23067 -6.10806
1.23467 -6.10787
1.23867 -6.10768
1.24666 -6.10755
1.25465 -6.10774
1.25865 -6.10752
1.26265 -6.1073
1.27064 -6.10746
1.27864 -6.10744
1.28663 -6.10748
1.29463 -6.10775
1.30262 -6.10775
1.30662 -6.1075
1.31061 -6.10725
1.31461 -6.10745
1.31861 -6.10766
1.32261 -6.10747
1.3266 -6.10728
1.3346 -6.10749
1.34259 -6.10761
1.35059 -6.1073
1.35858 -6.10713
1.36258 -6.10735
1.36658 -6.10757
1.37457 -6.10726
1.37857 -6.10705
1.38256 -6.10684
1.38656 -6.10711
1.39056 -6.10738
1.39855 -6.10722
1.40255 -6.10735
1.40655 -6.10749
1.41054 -6.10727
1.41454 -6.10706
1.42254 -6.10701
1.43053 -6.10697
1.43852 -6.10683
1.44252 -6.1071
1.44652 -6.10736
1.45052 -6.10714
1.45451 -6.10692
1.46251 -6.10673
1.4705 -6.10655
1.4785 -6.10676
1.48249 -6.10693
1.48649 -6.1071
1.49049 -6.10678
1.49448 -6.10646
1.50248 -6.10644
1.50648 -6.10676
1.51048 -6.10709
1.51847 -6.10709
1.52646 -6.10689
1.53446 -6.10672
1.54245 -6.10643
1.55045 -6.10647
1.55444 -6.10669
1.55844 -6.10691
1.56244 -6.10663
1.56643 -6.10635
1.57443 -6.10617
1.57843 -6.10639
1.58242 -6.1066
1.59042 -6.1067
1.59442 -6.10651
1.59841 -6.10633
1.60641 -6.10613
1.6104 -6.10645
1.6144 -6.10678
1.6184 -6.10647
1.62239 -6.10616
1.63039 -6.10623
1.63838 -6.10616
1.64638 -6.10636
1.65437 -6.10651
1.65837 -6.1063
1.66237 -6.10609
1.67036 -6.106
1.67836 -6.10608
1.68635 -6.10633
1.69035 -6.10615
1.69434 -6.10596
1.69834 -6.1062
1.70234 -6.10644
1.71033 -6.10617
1.71833 -6.10634
1.72233 -6.10607
1.72632 -6.10579
1.73032 -6.10603
1.73432 -6.10626
1.74231 -6.10621
1.75031 -6.10593
1.7583 -6.10613
1.7623 -6.10582
1.76629 -6.10551
1.77029 -6.10572
1.77429 -6.10592
1.78228 -6.10566
1.78628 -6.10588
1.79028 -6.10609
1.79827 -6.10598
1.80627 -6.10579
1.81426 -6.10591
1.82225 -6.10569
1.83025 -6.10571
1.83824 -6.10543
1.84224 -6.10571
1.84624 -6.106
1.85024 -6.10569
1.85423 -6.10539
1.86223 -6.10533
1.87022 -6.10541
1.87422 -6.1056
1.87822 -6.1058
1.88221 -6.10558
1.88621 -6.10537
1.89021 -6.1056
1.89421 -6.10582
1.8982 -6.10565
1.9022 -6.10547
1.91019 -6.10571
1.91419 -6.10537
1.91819 -6.10503
1.92218 -6.10519
1.92618 -6.10535
1.93418 -6.10522
1.94217 -6.10499
1.94617 -6.10526
1.95017 -6.10554
1.95816 -6.10539
1.96615 -6.10513
1.97015 -6.10535
1.97415 -6.10557
1.97815 -6.10528
1.98214 -6.105
1.99014 -6.10514
1.99813 -6.10495
2.00612 -6.10487
2.01012 -6.10512
2.01412 -6.10537
2.02212 -6.10543
2.03011 -6.10532
2.03411 -6.10508
2.0381 -6.10484
2.0461 -6.10494
2.05409 -6.10512
2.06209 -6.10515
2.06608 -6.10496
2.07008 -6.10477
2.07807 -6.10469
2.08207 -6.10492
2.08607 -6.10514
2.09007 -6.10494
2.09406 -6.10473
2.10206 -6.10478
2.10605 -6.10457
2.11005 -6.10437
2.11805 -6.10441
2.12204 -6.1046
2.12604 -6.10479
2.13004 -6.10456
2.13403 -6.10434
2.13803 -6.10456
2.14203 -6.10479
2.15002 -6.10456
2.15802 -6.10454
2.16601 -6.10473
2.17401 -6.10485
2.178 -6.10454
2.182 -6.10422
2.19 -6.10439
2.19799 -6.10445
2.20599 -6.10465
2.20998 -6.10437
2.21398 -6.1041
2.21798 -6.10425
2.22197 -6.10441
2.22997 -6.10426
2.23796 -6.1042
2.24596 -6.10404
2.25394 -6.10409
2.25875 -6.10407
2.26354 -6.10368
2.26831 -6.10311
2.27306 -6.10236
2.27778 -6.10142
2.28244 -6.10017
2.28699 -6.09862
2.29154 -6.09704
2.29867 -6.09353
2.306 -6.0905
2.31348 -6.08785
2.32095 -6.08517
2.32818 -6.08192
2.33553 -6.07893
2.34295 -6.07613
2.35004 -6.07253
2.35764 -6.07016
2.36482 -6.06677
2.37216 -6.06379
2.37937 -6.06048
2.387 -6.05818
2.39406 -6.05451
2.40143 -6.05158
2.4088 -6.04866
2.41622 -6.04586
2.42359 -6.04293
2.43094 -6.03995
2.43828 -6.03697
2.4455 -6.03366
2.45282 -6.03064
2.4602 -6.02772
2.46767 -6.02506
2.47504 -6.02213
2.48239 -6.01916
2.48965 -6.01598
2.49697 -6.01292
2.50418 -6.0096
2.51169 -6.00701
2.5189 -6.00372
2.52626 -6.00077
2.53367 -5.99794
2.54112 -5.9952
2.54819 -5.99155
2.55556 -5.98863
2.56301 -5.98589
2.5702 -5.98255
2.57762 -5.97974
2.58514 -5.9772
2.59228 -5.9737
2.5997 -5.97091
2.60705 -5.96794
2.61444 -5.96505
2.62177 -5.96203
2.629 -5.95878
2.63634 -5.95577
2.64366 -5.95274
2.65095 -5.94961
2.65838 -5.94682
2.66585 -5.94415
2.67312 -5.94099
2.68048 -5.93803
2.68779 -5.93496
2.69497 -5.93157
2.70232 -5.9286
2.7097 -5.92571
2.71701 -5.92265
2.72436 -5.91968
2.73185 -5.91703
2.73898 -5.91352
2.74635 -5.91061
2.75374 -5.90772
2.76101 -5.90456
2.76856 -5.90208
2.7759 -5.89908
2.78317 -5.89591
2.79052 -5.89295
2.79769 -5.88953
2.80515 -5.88683
2.81239 -5.88359
2.81968 -5.88047
2.82725 -5.87805
2.83444 -5.87467
2.84171 -5.87151
2.8493 -5.86913
2.85664 -5.86612
2.86378 -5.86265
2.87117 -5.85977
2.87847 -5.85667
2.88594 -5.85399
2.89329 -5.85102
2.90058 -5.8479
2.90788 -5.84482
2.91528 -5.84195
2.9226 -5.83891
2.92997 -5.83599
2.93714 -5.83258
2.9447 -5.83012
2.95181 -5.82655
2.95916 -5.82358
2.96652 -5.82064
2.97387 -5.81767
2.98139 -5.8151
2.98858 -5.81174
2.99583 -5.80852
3.00315 -5.80548
3.01072 -5.80302
3.01454 -5.80094
3.01867 -5.79947
3.02223 -5.79695
3.02585 -5.79459
3.02971 -5.79254
3.03323 -5.78999
3.03629 -5.78688
3.04011 -5.78467
3.04582 -5.77908
3.05149 -5.77343
3.05742 -5.76808
3.06341 -5.7628
3.06654 -5.76031
3.06968 -5.75783
3.07247 -5.75496
3.07526 -5.75209
3.08111 -5.74665
3.08712 -5.74139
3.09323 -5.73624
3.09893 -5.73063
3.10512 -5.72557
3.11112 -5.7203
3.11702 -5.71492
3.12306 -5.70968
3.12575 -5.70671
3.12845 -5.70374
3.13448 -5.6985
3.14065 -5.69341
3.14344 -5.69055
3.14624 -5.68768
3.15224 -5.68242
3.15832 -5.67723
3.16407 -5.67168
3.17021 -5.66656
3.17601 -5.66107
3.18218 -5.65599
3.1881 -5.65063
3.19086 -5.64772
3.19361 -5.64481
3.19965 -5.63958
3.20549 -5.63414
3.21147 -5.62884
3.21741 -5.6235
3.22324 -5.61804
3.22641 -5.61559
3.22957 -5.61313
3.23231 -5.61021
3.23505 -5.60728
3.24125 -5.60224
3.24692 -5.5966
3.25006 -5.59411
3.25319 -5.59162
3.25925 -5.58641
3.2649 -5.58076
3.27058 -5.57513
3.27659 -5.56986
3.27975 -5.56741
3.28291 -5.56495
3.2887 -5.55944
3.29449 -5.55394
3.30041 -5.54857
3.30621 -5.54309
3.31244 -5.53807
3.31819 -5.53251
3.32404 -5.52708
3.32995 -5.5217
3.33595 -5.51643
3.34193 -5.51114
3.34802 -5.50596
3.35081 -5.50309
3.3536 -5.50023
3.35955 -5.49489
3.36539 -5.48945
3.37154 -5.48435
3.37743 -5.47895
3.38314 -5.47335
3.3893 -5.46825
3.39527 -5.46296
3.39807 -5.46009
3.40086 -5.45723
3.40683 -5.45192
3.4128 -5.44662
3.41867 -5.44119
3.42468 -5.43594
3.43052 -5.43048
3.43647 -5.42516
3.44256 -5.41998
3.44876 -5.41494
3.45156 -5.41208
3.45436 -5.40922
3.46037 -5.40396
3.46623 -5.39853
3.47239 -5.39343
3.47512 -5.3905
3.47785 -5.38756
3.48385 -5.38229
3.48997 -5.37715
3.49598 -5.37189
3.50173 -5.36634
3.50759 -5.36092
3.51372 -5.35578
3.5198 -5.3506
3.52256 -5.3477
3.52532 -5.3448
3.5312 -5.33939
3.53708 -5.33399
3.5403 -5.33159
3.54352 -5.3292
3.54622 -5.32624
3.54893 -5.32328
3.55501 -5.3181
3.56114 -5.31296
3.56713 -5.30768
3.57312 -5.30239
3.57877 -5.29673
3.58462 -5.2913
3.59041 -5.28579
3.59644 -5.28056
3.60261 -5.27547
3.60832 -5.26987
3.61428 -5.26455
3.62033 -5.25935
3.626 -5.25371
3.63199 -5.24842
3.63811 -5.24328
3.6438 -5.23766
3.6497 -5.23228
3.6557 -5.22701
3.66171 -5.22174
3.66761 -5.21636
3.67373 -5.21122
3.67968 -5.2059
3.68541 -5.20033
3.69106 -5.19466
3.69709 -5.18942
3.70325 -5.18433
3.70918 -5.17898
3.71492 -5.17342
3.72072 -5.16793
3.72391 -5.16549
3.72709 -5.16306
3.72981 -5.16012
3.73253 -5.15717
3.73874 -5.15213
3.74464 -5.14674
3.75042 -5.14123
3.75656 -5.13611
3.76218 -5.13042
3.76808 -5.12504
3.77128 -5.12262
3.77447 -5.12019
3.78014 -5.11456
3.78318 -5.11196
3.78622 -5.10936
3.78926 -5.10572
3.79257 -5.10239
3.79599 -5.0991
3.79887 -5.09534
3.80165 -5.09153
3.80387 -5.08736
3.80637 -5.08335
3.8088 -5.07929
3.81022 -5.07476
3.81224 -5.07051
3.81371 -5.06603
3.81532 -5.06159
3.8162 -5.05696
3.81743 -5.0524
3.81804 -5.04772
3.81885 -5.04305
3.81842 -5.03831
3.81862 -5.03361
3.81901 -5.02573
3.81888 -5.01786
3.81866 -5.01
3.81819 -5.00213
3.81828 -4.99426
3.81812 -4.98639
3.81823 -4.97852
3.81838 -4.97064
3.81784 -4.96278
3.81743 -4.95492
3.81804 -4.94703
3.81767 -4.93917
3.81723 -4.9313
3.81727 -4.92343
3.81732 -4.91556
3.81722 -4.90769
3.81667 -4.89983
3.81705 -4.89195
3.81648 -4.88409
3.81648 -4.87622
3.81625 -4.86835
3.81609 -4.86048
3.8162 -4.85261
3.81643 -4.84473
3.81617 -4.83686
3.81582 -4.829
3.81604 -4.82112
3.81567 -4.81326
3.81551 -4.80539
3.8158 -4.79751
3.81573 -4.78964
3.81553 -4.78177
3.81549 -4.7739
3.81509 -4.76604
3.81498 -4.76133
3.81485 -4.7566
3.81362 -4.75204
3.81306 -4.74736
3.81176 -4.74285
3.81105 -4.73814
3.80913 -4.73384
3.80755 -4.72941
3.80542 -4.72522
3.80348 -4.72095
3.80114 -4.71687
3.79873 -4.71285
3.79622 -4.70887
3.79325 -4.70522
3.79021 -4.70163
3.78698 -4.69823
3.7837 -4.69486
3.78037 -4.69153
3.77743 -4.68883
3.77448 -4.68612
3.77123 -4.68377
3.76798 -4.68142
3.76203 -4.67608
3.75609 -4.67071
3.75006 -4.66546
3.74384 -4.66044
3.73776 -4.65524
3.73157 -4.65017
3.72862 -4.64747
3.72568 -4.64476
3.7195 -4.63968
3.71354 -4.63435
3.70736 -4.62927
3.7012 -4.62417
3.69832 -4.62139
3.69543 -4.61861
3.68922 -4.61357
3.68317 -4.60834
3.67717 -4.60306
3.671 -4.59798
3.66495 -4.59274
3.65887 -4.58755
3.65597 -4.58479
3.65307 -4.58203
3.64705 -4.57677
3.64099 -4.57155
3.63784 -4.56908
3.63469 -4.56662
3.6286 -4.56143
3.62573 -4.55863
3.62287 -4.55583
3.61965 -4.55344
3.61644 -4.55104
3.61026 -4.54597
3.60433 -4.54059
3.59816 -4.53551
3.59531 -4.53269
3.59246 -4.52987
3.58635 -4.52471
3.58031 -4.51947
3.57415 -4.51437
3.56807 -4.50918
3.56198 -4.50399
3.55594 -4.49875
3.553 -4.49605
3.55005 -4.49335
3.54387 -4.48826
3.53789 -4.48296
3.53477 -4.48046
3.53165 -4.47796
3.52571 -4.47259
3.51967 -4.46735
3.51648 -4.46493
3.51329 -4.46251
3.51045 -4.45968
3.50762 -4.45684
3.50155 -4.45163
3.49837 -4.44919
3.49519 -4.44676
3.48923 -4.44143
3.48611 -4.43893
3.48299 -4.43642
3.48014 -4.4336
3.47729 -4.43079
3.47108 -4.42575
3.46512 -4.42042
3.45893 -4.41535
3.45279 -4.41022
3.44667 -4.40508
3.44377 -4.40231
3.44088 -4.39954
3.43764 -4.39718
3.4344 -4.39481
3.43146 -4.39211
3.42851 -4.3894
3.42259 -4.38402
3.4164 -4.37896
3.41045 -4.37361
3.40434 -4.36845
3.39818 -4.36335
3.39203 -4.35824
3.38908 -4.35554
3.38614 -4.35283
3.383 -4.35035
3.37986 -4.34786
3.377 -4.34506
3.37415 -4.34225
3.37099 -4.33979
3.36783 -4.33733
3.36191 -4.33195
3.35585 -4.32673
3.34995 -4.32133
3.34385 -4.31616
3.33771 -4.31104
3.33175 -4.3057
3.32853 -4.30331
3.32531 -4.30093
3.3192 -4.29577
3.31314 -4.29055
3.31027 -4.28776
3.30739 -4.28497
3.30421 -4.28254
3.30103 -4.28011
3.2981 -4.27738
3.29517 -4.27466
3.28903 -4.26954
3.28614 -4.26676
3.28326 -4.26398
3.27706 -4.25892
3.27105 -4.25365
3.26503 -4.24839
3.25893 -4.24322
3.25571 -4.24083
3.2525 -4.23843
3.24656 -4.23307
3.24367 -4.23031
3.24077 -4.22754
3.23469 -4.22235
3.23151 -4.21992
3.22833 -4.21749
3.22543 -4.21472
3.22254 -4.21195
3.21647 -4.20674
3.21332 -4.20428
3.21016 -4.20182
3.20721 -4.19912
3.20426 -4.19642
3.19829 -4.19109
3.19511 -4.18866
3.19193 -4.18623
3.18906 -4.18344
3.18618 -4.18065
3.18015 -4.1754
3.17403 -4.17025
3.16795 -4.16506
3.16197 -4.15975
3.15584 -4.15462
3.15265 -4.15219
3.14947 -4.14976
3.14654 -4.14703
3.14361 -4.14431
3.14047 -4.14183
3.13733 -4.13935
3.13441 -4.13661
3.1315 -4.13387
3.12835 -4.13139
3.12521 -4.12892
3.12235 -4.1261
3.1195 -4.12329
3.11633 -4.12085
3.11315 -4.11841
3.10719 -4.11308
3.10405 -4.1106
3.10091 -4.10812
3.09481 -4.10295
3.092 -4.10009
3.08918 -4.09722
3.08591 -4.09491
3.08263 -4.09259
3.07661 -4.08732
3.07371 -4.08456
3.07081 -4.0818
3.06468 -4.07667
3.05867 -4.07138
3.05253 -4.06627
3.04636 -4.06118
3.04343 -4.05846
3.0405 -4.05573
3.03755 -4.05302
3.03461 -4.05032
3.03141 -4.0479
3.02822 -4.04548
3.02206 -4.04038
3.01593 -4.03525
3.01298 -4.03255
3.01003 -4.02984
3.00711 -4.0271
3.0042 -4.02436
3.00105 -4.02188
2.99791 -4.01941
2.99172 -4.01434
2.98888 -4.01152
2.98603 -4.00869
2.98279 -4.00634
2.97954 -4.00398
2.97671 -4.00114
2.97387 -3.99831
2.96772 -3.9932
2.96456 -3.99074
2.96139 -3.98829
2.9585 -3.98553
2.9556 -3.98276
2.95246 -3.98028
2.94931 -3.97781
2.94642 -3.97504
2.94352 -3.97228
2.94037 -3.96981
2.93722 -3.96735
2.93435 -3.96455
2.93148 -3.96175
2.92825 -3.95938
2.92503 -3.957
2.92214 -3.95422
2.91926 -3.95144
2.91606 -3.94903
2.91286 -3.94662
2.90688 -3.94131
2.9009 -3.936
2.89797 -3.93327
2.89504 -3.93055
2.8918 -3.92818
2.88857 -3.92581
2.88571 -3.923
2.88285 -3.92019
2.87966 -3.91778
2.87647 -3.91536
2.8705 -3.91003
2.86766 -3.90721
2.86481 -3.90438
2.86154 -3.90205
2.85827 -3.89973
2.85544 -3.89688
2.85262 -3.89403
2.84948 -3.89155
2.84635 -3.88906
2.84025 -3.88388
2.83732 -3.88116
2.83438 -3.87845
2.82817 -3.8734
2.82212 -3.86818
2.81896 -3.86572
2.8158 -3.86327
2.81286 -3.86055
2.80992 -3.85784
2.8068 -3.85534
2.80368 -3.85283
2.79771 -3.84751
2.79481 -3.84475
2.79191 -3.84199
2.78873 -3.83956
2.78555 -3.83712
2.78268 -3.83433
2.77981 -3.83154
2.77669 -3.82903
2.77357 -3.82652
2.76753 -3.82129
2.76147 -3.81608
2.75547 -3.81078
2.7494 -3.80558
2.74625 -3.80311
2.7431 -3.80064
2.74026 -3.79781
2.73742 -3.79499
2.73137 -3.78975
2.72818 -3.78733
2.72499 -3.78491
2.72188 -3.7824
2.71876 -3.77989
2.71587 -3.77712
2.71298 -3.77435
2.70984 -3.77187
2.7067 -3.76939
2.70379 -3.76664
2.70088 -3.7639
2.69475 -3.75875
2.68864 -3.7536
2.68573 -3.75085
2.68282 -3.7481
2.67957 -3.74575
2.67632 -3.74339
2.67348 -3.74057
2.67064 -3.73774
2.6645 -3.73261
2.6585 -3.72733
2.65233 -3.72223
2.64618 -3.71712
2.64027 -3.71173
2.63427 -3.70644
2.62818 -3.70126
2.62506 -3.69877
2.62193 -3.69627
2.61901 -3.69354
2.61609 -3.6908
2.60995 -3.68567
2.60681 -3.6832
2.60366 -3.68072
2.59747 -3.67566
2.59454 -3.67294
2.5916 -3.67022
2.58871 -3.66745
2.58582 -3.66468
2.57971 -3.65952
2.57649 -3.65713
2.57327 -3.65475
2.5704 -3.65195
2.56753 -3.64916
2.56143 -3.64399
2.55527 -3.63888
2.55233 -3.63618
2.54938 -3.63347
2.54324 -3.62835
2.5401 -3.62587
2.53696 -3.62339
2.53086 -3.61821
2.52797 -3.61545
2.52507 -3.61269
2.52188 -3.61027
2.51868 -3.60785
2.51268 -3.60256
2.50658 -3.5974
2.50366 -3.59466
2.50074 -3.59192
2.49484 -3.58653
2.49158 -3.58418
2.48832 -3.58184
2.48541 -3.5791
2.48249 -3.57635
2.47646 -3.57111
2.47334 -3.5686
2.47022 -3.5661
2.46421 -3.56083
2.45823 -3.55551
2.45532 -3.55276
2.45241 -3.55001
2.44915 -3.54767
2.44589 -3.54533
2.43989 -3.54005
2.43703 -3.53724
2.43417 -3.53443
2.428 -3.52935
2.42486 -3.52686
2.42173 -3.52438
2.4188 -3.52165
2.41587 -3.51892
2.4098 -3.51372
2.40374 -3.5085
2.39754 -3.50345
2.39441 -3.50095
2.39129 -3.49845
2.38524 -3.49322
2.37922 -3.48796
2.37641 -3.4851
2.3736 -3.48223
2.37036 -3.47986
2.36713 -3.47749
2.361 -3.47236
2.3582 -3.46948
2.35541 -3.4666
2.35226 -3.46413
2.34911 -3.46166
2.34595 -3.4592
2.34279 -3.45674
2.33684 -3.4514
2.33398 -3.44858
2.33113 -3.44577
2.32497 -3.44067
2.32179 -3.43824
2.3186 -3.43582
2.31573 -3.43302
2.31287 -3.43021
2.30963 -3.42786
2.30638 -3.4255
2.30358 -3.42263
2.30077 -3.41976
2.29765 -3.41726
2.29453 -3.41475
2.28847 -3.40954
2.28249 -3.40423
2.27934 -3.40176
2.27619 -3.39929
2.27324 -3.39658
2.2703 -3.39387
2.26715 -3.39141
2.26399 -3.38895
2.2579 -3.38376
2.25507 -3.38092
2.25224 -3.37808
2.24907 -3.37564
2.2459 -3.37319
2.23997 -3.36782
2.23379 -3.36275
2.23084 -3.36005
2.22789 -3.35734
2.22194 -3.352
2.21578 -3.3469
2.21264 -3.34442
2.2095 -3.34193
2.20335 -3.33682
2.20046 -3.33405
2.19757 -3.33129
2.19152 -3.32606
2.18541 -3.32089
2.18223 -3.31846
2.17905 -3.31603
2.1762 -3.31321
2.17336 -3.31038
2.16722 -3.30525
2.16128 -3.2999
2.15519 -3.29472
2.15205 -3.29224
2.14892 -3.28975
2.14598 -3.28704
2.14304 -3.28432
2.13697 -3.27912
2.13377 -3.2767
2.13058 -3.27428
2.12454 -3.26904
2.12166 -3.26626
2.11877 -3.26349
2.1128 -3.25816
2.10674 -3.25295
2.10358 -3.25049
2.10043 -3.24803
2.09729 -3.24555
2.09415 -3.24307
2.08814 -3.23779
2.08205 -3.2326
2.07925 -3.22973
2.07644 -3.22686
2.07326 -3.22443
2.07008 -3.22199
2.06411 -3.21667
2.05816 -3.21133
2.055 -3.20887
2.05184 -3.20641
2.04897 -3.20362
2.04609 -3.20084
2.04288 -3.19844
2.03967 -3.19604
2.0368 -3.19325
2.03393 -3.19045
2.03076 -3.18801
2.02758 -3.18557
2.02468 -3.18282
2.02178 -3.18006
2.01853 -3.1777
2.01529 -3.17534
2.01239 -3.17258
2.00949 -3.16982
2.00658 -3.16707
2.00366 -3.16433
2.00046 -3.16192
1.99726 -3.15951
1.99435 -3.15676
1.99145 -3.15401
1.98542 -3.14876
1.98225 -3.14631
1.97908 -3.14386
1.97301 -3.13866
1.96703 -3.13335
1.96091 -3.1282
1.95497 -3.12284
1.94894 -3.1176
1.94277 -3.1125
1.93985 -3.10976
1.93693 -3.10703
1.93081 -3.10189
1.92762 -3.09946
1.92444 -3.09703
1.91831 -3.09189
1.91542 -3.08912
1.91253 -3.08635
1.90941 -3.08385
1.90628 -3.08135
1.90033 -3.07601
1.89416 -3.07092
1.89124 -3.06819
1.88832 -3.06545
1.88514 -3.06302
1.88196 -3.06059
1.87603 -3.05522
1.87291 -3.05271
1.8698 -3.0502
1.86694 -3.04739
1.86408 -3.04458
1.85813 -3.03924
1.85488 -3.03689
1.85163 -3.03453
1.84878 -3.03172
1.84593 -3.0289
1.83985 -3.0237
1.83381 -3.01847
1.83057 -3.01609
1.82734 -3.01372
1.82441 -3.01099
1.82148 -3.00827
1.81531 -3.00319
1.81246 -3.00037
1.80961 -2.99755
1.80647 -2.99507
1.80334 -2.99258
1.79733 -2.9873
1.79418 -2.98483
1.79103 -2.98236
1.78489 -2.97724
1.78197 -2.97451
1.77905 -2.97177
1.77294 -2.96661
1.76674 -2.96155
1.76386 -2.95877
1.76099 -2.95598
1.75778 -2.95358
1.75457 -2.95118
1.75177 -2.94831
1.74896 -2.94543
1.74282 -2.94031
1.73684 -2.93501
1.73356 -2.93269
1.73028 -2.93037
1.7243 -2.92506
1.7184 -2.91966
1.71238 -2.9144
1.70621 -2.9093
1.7002 -2.90403
1.69422 -2.89872
1.69103 -2.89629
1.68785 -2.89387
1.6819 -2.88852
1.67897 -2.88579
1.67604 -2.88307
1.67292 -2.88057
1.6698 -2.87806
1.66692 -2.87527
1.66405 -2.87249
1.65798 -2.86728
1.65474 -2.86491
1.6515 -2.86255
1.64862 -2.85976
1.64575 -2.85697
1.63962 -2.85183
1.63351 -2.84668
1.63034 -2.84424
1.62717 -2.84179
1.62433 -2.83896
1.62149 -2.83613
1.61831 -2.83369
1.61513 -2.83126
1.60921 -2.82588
1.60304 -2.82079
1.59699 -2.81556
1.59081 -2.81049
1.5879 -2.80774
1.58499 -2.80499
1.58186 -2.8025
1.57873 -2.80001
1.57585 -2.79723
1.57297 -2.79445
1.56975 -2.79206
1.56653 -2.78966
1.56362 -2.78692
1.56071 -2.78417
1.5545 -2.77913
1.55157 -2.7764
1.54864 -2.77368
1.54268 -2.76835
1.5365 -2.76327
1.53339 -2.76076
1.53027 -2.75825
1.5241 -2.75317
1.52122 -2.75038
1.51834 -2.7476
1.51516 -2.74516
1.51199 -2.74272
1.50914 -2.7399
1.50629 -2.73708
1.50315 -2.7346
1.50001 -2.73212
1.49688 -2.72963
1.49375 -2.72714
1.49081 -2.72442
1.48788 -2.7217
1.48496 -2.71896
1.48204 -2.71623
1.47892 -2.71372
1.4758 -2.71122
1.4698 -2.70593
1.46368 -2.70078
1.46078 -2.69803
1.45787 -2.69528
1.45167 -2.69022
1.44555 -2.68508
1.43937 -2.68
1.4333 -2.6748
1.42734 -2.66947
1.42417 -2.66702
1.421 -2.66457
1.41817 -2.66173
1.41535 -2.65888
1.40932 -2.65362
1.40605 -2.6513
1.40278 -2.64897
1.39675 -2.64372
1.39383 -2.64098
1.39091 -2.63824
1.38778 -2.63576
1.38464 -2.63327
1.38181 -2.63043
1.37898 -2.62758
1.37276 -2.62256
1.36982 -2.61984
1.36689 -2.61712
1.36368 -2.61472
1.36047 -2.61232
1.35441 -2.6071
1.34826 -2.602
1.34233 -2.59662
1.3392 -2.59413
1.33607 -2.59164
1.3333 -2.58873
1.33052 -2.58582
1.32439 -2.58069
1.32118 -2.5783
1.31796 -2.57591
1.31502 -2.5732
1.31207 -2.57049
1.30913 -2.56778
1.30618 -2.56507
1.30301 -2.56263
1.29984 -2.56018
1.29386 -2.55488
1.28785 -2.5496
1.28168 -2.54451
1.27573 -2.53917
1.26981 -2.53379
1.26665 -2.53134
1.26348 -2.52889
1.25728 -2.52383
1.25436 -2.5211
1.25143 -2.51837
1.24526 -2.51329
1.23911 -2.50817
1.2363 -2.50531
1.23348 -2.50245
1.23035 -2.49996
1.22721 -2.49748
1.2213 -2.49209
1.21832 -2.48954
1.21798 -2.48983
1.21742 -2.49033
1.21682 -2.49077
1.21617 -2.49115
1.21561 -2.49163
1.21508 -2.49219
1.21445 -2.4926
1.21381 -2.49303
1.21311 -2.49333
1.21222 -2.49304
1.21162 -2.49369
1.21079 -2.49337
1.21007 -2.49361
1.20465 -2.49388
1.19923 -2.49415
1.19849 -2.49433
1.19776 -2.49417
1.19703 -2.49405
1.19631 -2.49395
1.19554 -2.49408
1.19483 -2.49383
1.19419 -2.4934
1.1933 -2.49364
1.19286 -2.49281
1.18706 -2.48953
1.18127 -2.48626
1.17548 -2.48298
1.16969 -2.4797
1.1639 -2.47643
1.16307 -2.4764
1.16254 -2.47588
1.16191 -2.4755
1.1614 -2.47498
1.1608 -2.47454
1.16077 -2.47359
1.16042 -2.47298
1.15662 -2.46788
1.15282 -2.46278
1.14902 -2.45769
1.14522 -2.45259
1.14499 -2.45186
1.14442 -2.45133
1.14467 -2.45039
1.14219 -2.4451
1.13971 -2.43981
1.13724 -2.43453
1.13683 -2.43387
1.1367 -2.4331
1.13686 -2.43227
1.13623 -2.43164
1.13648 -2.43082
1.13674 -2.43005
1.13645 -2.42932
1.13613 -2.42855
1.13655 -2.42782
1.1369 -2.42712
1.13666 -2.4263
1.13675 -2.42553
1.13745 -2.42497
1.13754 -2.42419
1.13776 -2.42344
1.13838 -2.42292
1.13885 -2.42232
1.13907 -2.42184
