3.29701 -4.62012
3.29419 -4.61728
3.29128 -4.61453
3.28837 -4.61179
3.28244 -4.60642
3.27938 -4.60384
3.27631 -4.60127
3.27038 -4.5959
3.26734 -4.5933
3.2643 -4.59069
3.26142 -4.58792
3.25854 -4.58514
3.25572 -4.58229
3.25291 -4.57945
3.2499 -4.57681
3.24689 -4.57417
3.24404 -4.57137
3.24118 -4.56857
3.23803 -4.56608
3.23488 -4.5636
3.23212 -4.56069
3.22936 -4.55778
3.22341 -4.55243
3.2203 -4.54991
3.21719 -4.54739
3.21446 -4.54444
3.21173 -4.5415
3.20882 -4.53876
3.2059 -4.53602
3.20292 -4.53335
3.19994 -4.53068
3.19681 -4.52818
3.19368 -4.52568
3.18773 -4.52032
3.18497 -4.51742
3.1822 -4.51452
3.1792 -4.51188
3.1762 -4.50923
3.17321 -4.50657
3.17023 -4.5039
3.16723 -4.50126
3.16423 -4.49861
3.1584 -4.49313
3.15554 -4.49034
3.15267 -4.48754
3.14964 -4.48493
3.14661 -4.48232
3.14361 -4.47967
3.14062 -4.47702
3.13783 -4.47414
3.13504 -4.47126
3.13214 -4.46851
3.12923 -4.46576
3.12624 -4.4631
3.12325 -4.46045
3.11737 -4.45502
3.11152 -4.44957
3.10564 -4.44414
3.10263 -4.44151
3.09962 -4.43888
3.0966 -4.43625
3.09358 -4.43363
3.08766 -4.42824
3.08476 -4.42549
3.08185 -4.42274
3.07882 -4.42013
3.07578 -4.41752
3.07301 -4.41463
3.07023 -4.41175
3.06427 -4.4064
3.06139 -4.40362
3.05852 -4.40085
3.05537 -4.39836
3.05222 -4.39587
3.04942 -4.39301
3.04663 -4.39014
3.0408 -4.38466
3.03772 -4.3821
3.03464 -4.37953
3.03183 -4.37669
3.02901 -4.37385
3.02591 -4.37131
3.02281 -4.36877
3.01997 -4.36595
3.01713 -4.36312
3.01119 -4.35777
3.00815 -4.35516
3.00512 -4.35256
2.99928 -4.34708
2.9964 -4.34431
2.99352 -4.34153
2.99047 -4.33894
2.98742 -4.33634
2.98154 -4.33092
2.97865 -4.32816
2.97576 -4.32539
2.97285 -4.32265
2.96993 -4.31991
2.96694 -4.31725
2.96394 -4.3146
2.96103 -4.31186
2.95812 -4.30912
2.95525 -4.30633
2.95237 -4.30355
2.94926 -4.30103
2.94614 -4.29851
2.94344 -4.29553
2.94074 -4.29256
2.93767 -4.28999
2.9346 -4.28742
2.92874 -4.28197
2.92567 -4.27941
2.92259 -4.27684
2.91675 -4.27138
2.91387 -4.26861
2.91099 -4.26583
2.90795 -4.26322
2.90492 -4.26061
2.90215 -4.25771
2.89938 -4.25481
2.89627 -4.25229
2.89316 -4.24976
2.89039 -4.24687
2.88761 -4.24398
2.88167 -4.23862
2.87876 -4.23587
2.87585 -4.23313
2.87278 -4.23056
2.86971 -4.22799
2.86666 -4.2254
2.86361 -4.22281
2.86093 -4.21981
2.85824 -4.21682
2.85507 -4.21436
2.8519 -4.2119
2.84595 -4.20656
2.84325 -4.20358
2.84055 -4.20061
2.83744 -4.19808
2.83433 -4.19555
2.83155 -4.19267
2.82876 -4.18979
2.82566 -4.18726
2.82255 -4.18473
2.81955 -4.18208
2.81655 -4.17944
2.8138 -4.17652
2.81104 -4.17361
2.80794 -4.17108
2.80483 -4.16855
2.80182 -4.16592
2.7988 -4.16329
2.79596 -4.16047
2.79312 -4.15765
2.78716 -4.15231
2.78433 -4.14948
2.7815 -4.14664
2.77847 -4.14403
2.77544 -4.14142
2.77242 -4.1388
2.7694 -4.13617
2.76345 -4.13082
2.76077 -4.12783
2.75808 -4.12484
2.75494 -4.12235
2.75179 -4.11986
2.74588 -4.11447
2.74306 -4.11163
2.74024 -4.10879
2.73733 -4.10605
2.73441 -4.10331
2.72851 -4.09791
2.72546 -4.09532
2.72241 -4.09273
2.71938 -4.0901
2.71636 -4.08748
2.71358 -4.0846
2.7108 -4.08171
2.70792 -4.07894
2.70503 -4.07616
2.70192 -4.07364
2.69881 -4.07111
2.69578 -4.0685
2.69275 -4.06589
2.68995 -4.06302
2.68716 -4.06015
2.68123 -4.05477
2.67833 -4.05203
2.67542 -4.04928
2.66947 -4.04393
2.66355 -4.03855
2.66056 -4.0359
2.65757 -4.03324
2.65472 -4.03042
2.65188 -4.02761
2.64898 -4.02485
2.64609 -4.02209
2.64294 -4.0196
2.6398 -4.01711
2.63704 -4.01419
2.63429 -4.01128
2.63116 -4.00878
2.62802 -4.00628
2.62217 -4.00082
2.61916 -3.99819
2.61614 -3.99556
2.61031 -3.99009
2.60754 -3.98719
2.60477 -3.98429
2.60171 -3.98171
2.59865 -3.97913
2.59276 -3.97371
2.58994 -3.97088
2.58711 -3.96804
2.58404 -3.96547
2.58096 -3.96291
2.57794 -3.96029
2.57492 -3.95767
2.5722 -3.95471
2.56948 -3.95176
2.56632 -3.94929
2.56315 -3.94682
2.56036 -3.94395
2.55757 -3.94108
2.55455 -3.93846
2.55152 -3.93584
2.54862 -3.93308
2.54572 -3.93033
2.54267 -3.92774
2.53961 -3.92515
2.5367 -3.92241
2.53379 -3.91967
2.53078 -3.91702
2.52778 -3.91438
2.5249 -3.91161
2.52201 -3.90884
2.51913 -3.90606
2.51625 -3.90329
2.51337 -3.90051
2.5105 -3.89772
2.5076 -3.89497
2.5047 -3.89221
2.49877 -3.88684
2.49574 -3.88423
2.4927 -3.88163
2.48964 -3.87904
2.48659 -3.87645
2.48374 -3.87364
2.4809 -3.87082
2.47497 -3.86545
2.47216 -3.8626
2.46934 -3.85975
2.46616 -3.85731
2.46297 -3.85487
2.45705 -3.84948
2.45428 -3.84658
2.45152 -3.84368
2.44566 -3.83824
2.44261 -3.83565
2.43955 -3.83305
2.43651 -3.83046
2.43346 -3.82786
2.43075 -3.8249
2.42804 -3.82194
2.42498 -3.81936
2.42192 -3.81678
2.41891 -3.81415
2.41589 -3.81152
2.41001 -3.8061
2.40722 -3.80322
2.40444 -3.80034
2.40128 -3.79786
2.39812 -3.79538
2.39224 -3.78996
2.38949 -3.78705
2.38673 -3.78414
2.3809 -3.77866
2.37777 -3.77616
2.37464 -3.77365
2.37182 -3.7708
2.36901 -3.76796
2.36305 -3.76261
2.35714 -3.75723
2.35415 -3.75457
2.35116 -3.75191
2.34818 -3.74925
2.34519 -3.74658
2.34229 -3.74383
2.33939 -3.74108
2.33344 -3.73572
2.33046 -3.73306
2.32748 -3.73039
2.3247 -3.72751
2.32192 -3.72462
2.31886 -3.72203
2.31581 -3.71944
2.30996 -3.71399
2.30408 -3.70857
2.29824 -3.7031
2.29539 -3.70029
2.29253 -3.69748
2.28934 -3.69504
2.28616 -3.6926
2.28327 -3.68984
2.28038 -3.68707
2.27751 -3.68428
2.27465 -3.68148
2.27164 -3.67884
2.26863 -3.6762
2.26572 -3.67346
2.26281 -3.67072
2.25696 -3.66527
2.25394 -3.66264
2.25092 -3.66001
2.24505 -3.65458
2.24221 -3.65176
2.23937 -3.64894
2.2365 -3.64615
2.23363 -3.64336
2.22774 -3.63795
2.22476 -3.63528
2.22178 -3.63261
2.21863 -3.63013
2.21548 -3.62765
2.21273 -3.62473
2.20997 -3.62182
2.20687 -3.61928
2.20377 -3.61674
2.20078 -3.61408
2.19779 -3.61143
2.19497 -3.60858
2.19215 -3.60574
2.18914 -3.6031
2.18614 -3.60046
2.18331 -3.59763
2.18048 -3.59479
2.17758 -3.59205
2.17467 -3.5893
2.17169 -3.58663
2.1687 -3.58397
2.16277 -3.57861
2.15986 -3.57586
2.15694 -3.57312
2.15389 -3.57054
2.15083 -3.56795
2.14493 -3.56255
2.14213 -3.55969
2.13932 -3.55683
2.13626 -3.55425
2.1332 -3.55166
2.1302 -3.54903
2.12719 -3.54639
2.12132 -3.54095
2.11846 -3.53816
2.11559 -3.53536
2.10976 -3.52989
2.10387 -3.52447
2.10084 -3.52186
2.0978 -3.51926
2.09497 -3.51642
2.09215 -3.51358
2.08907 -3.51102
2.08599 -3.50846
2.08315 -3.50564
2.08032 -3.50281
2.07729 -3.50019
2.07427 -3.49757
2.07142 -3.49476
2.06858 -3.49195
2.06549 -3.48939
2.06241 -3.48684
2.05955 -3.48404
2.05669 -3.48124
2.05378 -3.47849
2.05087 -3.47575
2.04778 -3.4732
2.0447 -3.47064
2.0417 -3.468
2.03869 -3.46536
2.03578 -3.46261
2.03287 -3.45987
2.03004 -3.45704
2.02721 -3.4542
2.02132 -3.4488
2.01824 -3.44624
2.01516 -3.44368
2.01239 -3.44077
2.00963 -3.43787
2.00673 -3.43511
2.00383 -3.43236
2.00082 -3.42973
1.9978 -3.42709
1.99467 -3.42459
1.99154 -3.42208
1.98874 -3.41922
1.98594 -3.41636
1.98287 -3.41379
1.97979 -3.41123
1.9769 -3.40846
1.97402 -3.40569
1.971 -3.40307
1.96797 -3.40045
1.96519 -3.39756
1.96241 -3.39468
1.95932 -3.39212
1.95624 -3.38957
1.95339 -3.38676
1.95053 -3.38395
1.94462 -3.37856
1.94159 -3.37596
1.93855 -3.37335
1.93271 -3.36789
1.92679 -3.3625
1.92396 -3.35967
1.92112 -3.35684
1.91814 -3.35418
1.91516 -3.35151
1.90922 -3.34616
1.90642 -3.34329
1.90362 -3.34043
1.90053 -3.33787
1.89745 -3.33532
1.89445 -3.33267
1.89145 -3.33003
1.88845 -3.32737
1.88546 -3.32472
1.88269 -3.32183
1.87991 -3.31893
1.87682 -3.31639
1.87373 -3.31384
1.871 -3.3109
1.86826 -3.30797
1.86507 -3.30553
1.86188 -3.30309
1.85908 -3.30023
1.85627 -3.29737
1.85036 -3.29198
1.84735 -3.28934
1.84435 -3.2867
1.84134 -3.28407
1.83832 -3.28144
1.83249 -3.27596
1.82971 -3.27308
1.82692 -3.2702
1.82104 -3.26478
1.81801 -3.26216
1.81499 -3.25953
1.80904 -3.25419
1.80616 -3.25142
1.80327 -3.24865
1.8004 -3.24586
1.79753 -3.24307
1.79453 -3.24043
1.79152 -3.23779
1.78865 -3.235
1.78577 -3.23222
1.77987 -3.22682
1.77684 -3.22421
1.77381 -3.2216
1.77075 -3.21901
1.76769 -3.21643
1.76176 -3.21106
1.75906 -3.20809
1.75635 -3.20512
1.75337 -3.20245
1.7504 -3.19978
1.74741 -3.19712
1.74443 -3.19445
1.73856 -3.18902
1.73545 -3.18649
1.73235 -3.18396
1.72936 -3.1813
1.72637 -3.17864
1.72346 -3.1759
1.72055 -3.17316
1.71778 -3.17025
1.71502 -3.16735
1.71204 -3.16468
1.70906 -3.16201
1.70618 -3.15923
1.70331 -3.15645
1.70013 -3.154
1.69695 -3.15155
1.69102 -3.14617
1.68828 -3.14324
1.68554 -3.14031
1.68264 -3.13756
1.67974 -3.13481
1.67385 -3.1294
1.67081 -3.12679
1.66778 -3.12418
1.66492 -3.12137
1.66207 -3.11857
1.65889 -3.11612
1.65571 -3.11366
1.64985 -3.10822
1.64394 -3.10282
1.64111 -3.1
1.63827 -3.09718
1.63541 -3.09438
1.63255 -3.09157
1.62948 -3.089
1.62641 -3.08644
1.62337 -3.08383
1.62033 -3.08123
1.61445 -3.07581
1.61161 -3.07298
1.60878 -3.07016
1.60575 -3.06754
1.60272 -3.06493
1.59681 -3.05953
1.594 -3.05669
1.59118 -3.05384
1.58527 -3.04845
1.58241 -3.04565
1.57955 -3.04285
1.57648 -3.04028
1.5734 -3.03772
1.57035 -3.03513
1.5673 -3.03254
1.56448 -3.0297
1.56166 -3.02686
1.55864 -3.02423
1.55563 -3.02159
1.55276 -3.01881
1.54989 -3.01602
1.54698 -3.01327
1.54407 -3.01052
1.54094 -3.00802
1.53781 -3.00551
1.53507 -3.00259
1.53232 -2.99966
1.52923 -2.99711
1.52615 -2.99457
1.52328 -2.99177
1.52042 -2.98897
1.51448 -2.98362
1.50855 -2.97825
1.50567 -2.97547
1.50279 -2.97269
1.49967 -2.97017
1.49655 -2.96766
1.49375 -2.9648
1.49094 -2.96194
1.48504 -2.95654
1.48215 -2.95377
1.47926 -2.951
1.47636 -2.94825
1.47346 -2.94549
1.46754 -2.94011
1.46464 -2.93736
1.46173 -2.93462
1.4587 -2.932
1.45568 -2.92938
1.4528 -2.9266
1.44993 -2.92381
1.44402 -2.91842
1.44095 -2.91585
1.43787 -2.91329
1.43482 -2.9107
1.43177 -2.9081
1.42897 -2.90525
1.42616 -2.90239
1.42031 -2.89694
1.41741 -2.89417
1.41452 -2.89141
1.40865 -2.88598
1.40562 -2.88337
1.40258 -2.88076
1.39668 -2.87536
1.3936 -2.8728
1.39052 -2.87024
1.38773 -2.86737
1.38493 -2.8645
1.38194 -2.86184
1.37895 -2.85919
1.37592 -2.85657
1.37289 -2.85396
1.36702 -2.84853
1.36426 -2.84562
1.3615 -2.84271
1.3584 -2.84017
1.35529 -2.83764
1.35248 -2.83479
1.34967 -2.83193
1.3466 -2.82936
1.34353 -2.8268
1.34064 -2.82403
1.33776 -2.82126
1.33469 -2.81868
1.33162 -2.81611
1.32889 -2.81317
1.32615 -2.81024
1.32297 -2.80779
1.31979 -2.80534
1.31697 -2.8025
1.31415 -2.79966
1.31128 -2.79687
1.30841 -2.79407
1.30539 -2.79145
1.30237 -2.78883
1.29643 -2.78347
1.29358 -2.78066
1.29072 -2.77786
1.28771 -2.77522
1.2847 -2.77259
1.28186 -2.76977
1.27901 -2.76696
1.27309 -2.76158
1.26993 -2.75911
1.26676 -2.75665
1.26394 -2.7538
1.26112 -2.75096
1.25814 -2.74829
1.25515 -2.74563
1.24933 -2.74015
1.24339 -2.73479
1.23755 -2.72932
1.23161 -2.72396
1.2287 -2.72122
1.22578 -2.71848
1.22291 -2.7157
1.22003 -2.71292
1.21702 -2.71028
1.21401 -2.70764
1.20808 -2.70227
1.20503 -2.69969
1.20197 -2.69711
1.19918 -2.69423
1.19639 -2.69136
1.19332 -2.68879
1.19025 -2.68621
1.18725 -2.68357
1.18425 -2.68092
1.18134 -2.67818
1.17843 -2.67544
1.17556 -2.67265
1.17269 -2.66986
1.16683 -2.66441
1.16384 -2.66176
1.16084 -2.6591
1.15782 -2.65648
1.1548 -2.65386
1.15191 -2.65109
1.14902 -2.64833
1.14624 -2.64544
1.14346 -2.64256
1.14037 -2.64001
1.13728 -2.63746
1.13439 -2.63469
1.1315 -2.63192
1.12851 -2.62927
1.12552 -2.62661
1.1227 -2.62377
1.11987 -2.62093
1.11678 -2.61839
1.11369 -2.61584
1.10781 -2.61041
1.10493 -2.60764
1.10205 -2.60486
1.09915 -2.60211
1.09624 -2.59935
1.09334 -2.5966
1.09044 -2.59385
1.08742 -2.59122
1.08441 -2.58859
1.08131 -2.58605
1.07821 -2.58351
1.07533 -2.58073
1.07246 -2.57795
1.06962 -2.57513
1.06678 -2.57231
1.06391 -2.56952
1.06104 -2.56673
1.05795 -2.56418
1.05487 -2.56162
1.05199 -2.55885
1.0491 -2.55607
1.04597 -2.55357
1.04284 -2.55107
1.03695 -2.54565
1.03412 -2.54282
1.0313 -2.53999
1.02829 -2.53734
1.02529 -2.5347
1.02245 -2.53187
1.01962 -2.52905
1.01661 -2.52641
1.01361 -2.52377
1.00772 -2.51835
1.00185 -2.51292
0.995912 -2.50756
0.990012 -2.50215
0.987152 -2.49936
0.984291 -2.49656
0.978371 -2.49118
0.975288 -2.48862
0.972204 -2.48606
0.966333 -2.48063
0.963511 -2.47779
0.960689 -2.47495
0.954836 -2.4695
0.951946 -2.46673
0.949056 -2.46397
0.94595 -2.46143
0.942845 -2.4589
0.936923 -2.45352
0.934023 -2.45077
0.931122 -2.44801
0.928305 -2.44517
0.925489 -2.44232
0.919572 -2.43694
0.916553 -2.43431
0.913534 -2.43169
0.910533 -2.42904
0.907532 -2.4264
0.904494 -2.42379
0.901456 -2.42119
0.898622 -2.41836
0.895788 -2.41553
0.89275 -2.41293
0.889712 -2.41032
0.886919 -2.40745
0.884125 -2.40458
0.880985 -2.40208
0.877845 -2.39959
0.874979 -2.3968
0.872112 -2.39401
0.86913 -2.39134
0.866147 -2.38868
0.863412 -2.38574
0.860677 -2.3828
0.857607 -2.38023
0.854536 -2.37766
0.851638 -2.37491
0.84874 -2.37215
0.845838 -2.3694
0.842935 -2.36664
0.837105 -2.36117
0.833912 -2.35873
0.830719 -2.35629
0.82803 -2.35331
0.825341 -2.35032
0.819449 -2.34491
0.816273 -2.34246
0.813097 -2.34
0.810348 -2.33708
0.8076 -2.33416
0.804523 -2.3316
0.801447 -2.32904
0.795564 -2.32361
0.792684 -2.32084
0.789803 -2.31806
0.786914 -2.31529
0.784025 -2.31253
0.780969 -2.30994
0.777914 -2.30735
0.771963 -2.30201
0.769117 -2.29919
0.766272 -2.29638
0.763166 -2.29385
0.760061 -2.29132
0.757197 -2.28852
0.754333 -2.28573
0.751332 -2.28308
0.748331 -2.28044
0.745568 -2.27753
0.742805 -2.27463
0.739736 -2.27206
0.736667 -2.26948
0.733803 -2.26669
0.730939 -2.26389
0.727809 -2.26139
0.724679 -2.25888
0.721768 -2.25614
0.718858 -2.2534
0.715872 -2.25073
0.712887 -2.24807
0.707021 -2.24263
0.701101 -2.23727
0.697559 -2.23385
0.691601 -2.22852
0.685524 -2.22334
0.679345 -2.21829
0.673309 -2.21306
0.666868 -2.20832
0.66067 -2.20329
0.65458 -2.19812
0.648698 -2.19271
0.642429 -2.18776
0.636304 -2.18264
0.630127 -2.17758
0.623986 -2.17248
0.617651 -2.16761
0.611517 -2.1625
0.605413 -2.15735
0.599449 -2.15204
0.593434 -2.14678
0.590192 -2.14444
0.58695 -2.14209
0.5808 -2.137
0.574837 -2.13169
0.568512 -2.12681
0.562306 -2.12178
0.556351 -2.11646
0.55024 -2.11132
0.544166 -2.10614
0.538122 -2.10092
0.532013 -2.09578
0.525889 -2.09065
0.519788 -2.0855
0.516508 -2.0832
0.513229 -2.0809
0.507301 -2.07555
0.500962 -2.07068
0.494827 -2.06557
0.491932 -2.06281
0.489037 -2.06005
0.482713 -2.05517
0.476359 -2.05032
0.470431 -2.04496
0.464572 -2.03952
0.458394 -2.03446
0.452051 -2.0296
0.446024 -2.02437
0.439917 -2.01922
0.43355 -2.01439
0.427665 -2.00898
0.421251 -2.00421
0.41515 -1.99906
0.408906 -1.99408
0.406012 -1.99132
0.403118 -1.98855
0.396679 -1.98381
0.390832 -1.97835
0.384523 -1.97345
0.378129 -1.96866
0.372204 -1.96329
0.366164 -1.95807
0.359704 -1.95335
0.356809 -1.95059
0.353914 -1.94783
0.347643 -1.94288
0.341471 -1.93782
0.335604 -1.93239
0.329251 -1.92754
0.323266 -1.92225
0.320024 -1.91991
0.316782 -1.91756
0.310836 -1.91222
0.304458 -1.90741
0.29855 -1.90202
0.292602 -1.89669
0.286479 -1.89157
0.280093 -1.88676
0.273835 -1.8818
0.267625 -1.87678
0.261524 -1.87163
0.255516 -1.86637
0.249635 -1.86095
0.243201 -1.8562
0.2403 -1.85345
0.237399 -1.85069
0.230982 -1.84592
0.224628 -1.84108
0.218783 -1.83562
0.212842 -1.83028
0.209537 -1.82801
0.206231 -1.82574
0.200081 -1.82065
0.19426 -1.81516
0.18793 -1.81029
0.182023 -1.8049
0.178791 -1.80255
0.175558 -1.80019
0.169384 -1.79513
0.166532 -1.79231
0.16368 -1.7895
0.157542 -1.78439
0.154296 -1.78206
0.15105 -1.77972
0.14483 -1.77471
0.141974 -1.7719
0.139118 -1.76909
0.13295 -1.76402
0.126778 -1.75896
0.120746 -1.75372
0.114355 -1.74892
0.108313 -1.7437
0.102202 -1.73856
0.0961195 -1.73339
0.0928745 -1.73105
0.0896294 -1.72871
0.0867779 -1.72589
0.0839263 -1.72308
0.0806287 -1.7208
0.077331 -1.71852
0.0713728 -1.7132
0.0652198 -1.70811
0.0592195 -1.70284
0.0531657 -1.69764
0.0468012 -1.6928
0.0406955 -1.68766
0.0344172 -1.68272
0.0284015 -1.67747
0.0222551 -1.67237
0.0158994 -1.66753
0.0130084 -1.66476
0.0101175 -1.66199
0.00408732 -1.65676
0.000836536 -1.65443
-0.00241425 -1.65209
-0.00529256 -1.64931
-0.00817087 -1.64653
-0.0146162 -1.6418
-0.0186641 -1.63894
-0.0222769 -1.63544
-0.0268437 -1.63342
-0.0311139 -1.63099
-0.0354736 -1.62863
-0.0397893 -1.62611
-0.0444093 -1.62433
-0.0492141 -1.62307
-0.0540858 -1.62214
-0.0588035 -1.62061
-0.063753 -1.62022
-0.0685843 -1.61893
-0.073547 -1.61903
-0.0784848 -1.61892
-0.0860816 -1.61875
-0.0936784 -1.61866
-0.101275 -1.61841
-0.108872 -1.61874
-0.116469 -1.619
-0.124066 -1.61828
-0.131662 -1.61862
-0.136412 -1.61906
-0.141205 -1.61892
-0.145927 -1.61956
-0.15053 -1.62079
-0.155295 -1.62136
-0.159865 -1.62272
-0.164259 -1.62459
-0.168988 -1.62558
-0.173264 -1.62768
-0.177543 -1.62978
-0.18183 -1.63189
-0.185586 -1.63484
-0.189891 -1.63701
-0.193428 -1.64024
-0.199711 -1.64512
-0.206242 -1.64969
-0.212103 -1.6551
-0.218337 -1.66004
-0.224897 -1.66457
-0.230896 -1.66981
-0.237327 -1.6745
-0.243323 -1.67975
-0.249646 -1.68457
-0.256102 -1.68923
-0.262138 -1.69443
-0.268577 -1.69911
-0.274808 -1.70405
-0.280827 -1.70927
-0.287278 -1.71393
-0.293302 -1.71914
-0.299684 -1.7239
-0.306102 -1.7286
-0.31223 -1.73368
-0.318709 -1.73831
-0.324666 -1.7436
-0.330979 -1.74844
-0.337189 -1.75342
-0.343401 -1.75839
-0.349773 -1.76315
-0.355895 -1.76824
-0.362139 -1.77317
-0.368721 -1.77767
-0.374659 -1.78298
-0.381009 -1.78778
-0.387183 -1.79279
-0.393734 -1.79733
-0.399532 -1.80283
-0.405798 -1.80773
-0.412209 -1.81245
-0.418573 -1.81722
-0.424923 -1.82202
-0.430807 -1.8274
-0.43723 -1.8321
-0.443332 -1.83721
-0.449802 -1.84185
-0.455982 -1.84687
-0.462364 -1.85162
-0.468367 -1.85685
-0.474767 -1.86158
-0.481141 -1.86635
-0.487169 -1.87155
-0.493314 -1.8766
-0.499673 -1.88139
-0.506005 -1.8862
-0.512239 -1.89115
-0.518438 -1.89613
-0.524628 -1.90113
-0.530945 -1.90597
-0.537406 -1.91062
-0.543626 -1.91558
-0.549728 -1.92069
-0.556153 -1.92539
-0.56217 -1.9306
-0.568604 -1.93529
-0.574814 -1.94026
-0.580813 -1.9455
-0.587179 -1.95028
-0.593525 -1.95508
-0.599688 -1.96011
-0.605892 -1.96509
-0.611943 -1.97026
-0.618581 -1.97469
-0.624423 -1.98013
-0.63108 -1.98453
-0.637054 -1.98981
-0.643306 -1.99472
-0.649683 -1.99948
-0.655752 -2.00463
-0.662251 -2.00924
-0.668404 -2.01428
-0.674548 -2.01934
-0.680927 -2.0241
-0.687346 -2.0288
-0.693195 -2.03423
-0.69979 -2.03872
-0.705997 -2.04369
-0.711953 -2.04899
-0.718369 -2.0537
-0.724678 -2.05854
-0.73099 -2.06339
-0.737053 -2.06855
-0.74361 -2.07308
-0.749765 -2.07812
-0.755646 -2.08351
-0.761952 -2.08836
-0.768281 -2.09318
-0.774407 -2.09826
-0.780793 -2.10301
-0.787031 -2.10794
-0.793348 -2.11278
-0.799681 -2.1176
-0.805748 -2.12275
-0.811937 -2.12775
-0.818385 -2.13242
-0.824587 -2.1374
-0.830796 -2.14237
-0.837045 -2.1473
-0.84354 -2.15191
-0.849562 -2.15712
-0.856033 -2.16176
-0.862229 -2.16675
-0.868326 -2.17186
-0.869811 -2.17314
-0.874849 -2.17735
-0.879867 -2.18158
-0.884908 -2.18578
-0.890211 -2.18967
-0.895343 -2.19376
-0.897385 -2.19593
-0.90351 -2.20106
-0.909376 -2.20649
-0.915568 -2.21154
-0.921623 -2.21675
-0.927729 -2.2219
-0.933762 -2.22713
-0.939596 -2.2326
-0.945631 -2.23783
-0.951904 -2.24279
-0.957744 -2.24825
-0.963501 -2.2538
-0.969531 -2.25904
-0.972721 -2.26145
-0.97591 -2.26387
-0.981967 -2.26908
-0.988028 -2.27428
-0.993786 -2.27983
-0.999673 -2.28524
-1.00594 -2.29021
-1.01189 -2.29554
-1.01799 -2.3007
-1.02374 -2.30625
-1.02697 -2.30862
-1.0302 -2.31099
-1.03626 -2.3162
-1.04218 -2.32157
-1.04797 -2.32708
-1.05427 -2.33201
-1.0602 -2.33736
-1.06602 -2.34284
-1.07221 -2.34789
-1.07842 -2.35292
-1.08434 -2.35829
-1.09032 -2.36358
-1.09621 -2.36899
-1.10219 -2.37429
-1.10846 -2.37924
-1.11457 -2.38439
-1.11736 -2.38727
-1.12015 -2.39015
-1.12338 -2.39252
-1.12661 -2.39489
-1.13239 -2.40041
-1.1383 -2.40579
-1.1444 -2.41095
-1.15065 -2.41594
-1.15349 -2.41875
-1.15634 -2.42157
-1.16224 -2.42695
-1.16831 -2.43214
-1.1746 -2.43709
-1.18081 -2.44211
-1.18657 -2.44766
-1.19256 -2.45295
-1.19854 -2.45824
-1.20469 -2.46334
-1.21075 -2.46855
-1.21653 -2.47408
-1.22263 -2.47923
-1.22864 -2.48449
-1.23466 -2.48975
-1.24088 -2.49476
-1.24669 -2.50026
-1.2526 -2.50563
-1.25891 -2.51055
-1.26485 -2.51589
-1.27102 -2.52097
-1.27693 -2.52635
-1.28301 -2.53152
-1.28879 -2.53705
-1.29504 -2.54203
-1.3008 -2.54758
-1.30403 -2.54996
-1.30726 -2.55233
-1.31329 -2.55757
-1.31909 -2.56307
-1.32501 -2.56844
-1.33106 -2.57364
-1.33723 -2.57873
-1.34008 -2.58154
-1.34293 -2.58435
-1.34914 -2.58938
-1.35539 -2.59436
-1.36145 -2.59956
-1.36752 -2.60476
-1.37349 -2.61007
-1.37928 -2.61558
-1.38523 -2.62091
-1.39118 -2.62624
-1.39723 -2.63145
-1.40039 -2.63391
-1.40355 -2.63636
-1.40963 -2.64154
-1.41546 -2.64701
-1.4213 -2.65247
-1.42744 -2.65757
-1.43367 -2.66258
-1.43978 -2.66774
-1.44263 -2.67055
-1.44547 -2.67336
-1.44864 -2.67581
-1.4518 -2.67826
-1.4577 -2.68364
-1.46055 -2.68646
-1.46339 -2.68927
-1.46661 -2.69165
-1.46983 -2.69403
-1.47568 -2.69949
-1.48195 -2.70445
-1.48479 -2.70727
-1.48763 -2.71008
-1.49081 -2.71252
-1.49398 -2.71496
-1.4999 -2.72032
-1.50604 -2.72544
-1.51195 -2.73081
-1.51796 -2.73608
-1.5237 -2.74164
-1.52688 -2.74408
-1.53005 -2.74652
-1.53291 -2.74931
-1.53578 -2.7521
-1.54167 -2.75749
-1.54783 -2.76259
-1.55414 -2.76751
-1.56005 -2.77288
-1.56585 -2.77839
-1.56904 -2.7808
-1.57224 -2.78321
-1.57798 -2.78877
-1.58421 -2.79379
-1.59035 -2.79889
-1.59317 -2.80174
-1.59598 -2.80459
-1.59916 -2.80702
-1.60234 -2.80945
-1.60515 -2.81231
-1.60796 -2.81517
-1.61112 -2.81762
-1.61428 -2.82007
-1.62034 -2.82528
-1.62611 -2.83081
-1.63224 -2.83593
-1.63806 -2.84142
-1.64129 -2.84379
-1.64452 -2.84616
-1.65037 -2.8516
-1.65648 -2.85675
-1.66222 -2.86232
-1.66835 -2.86744
-1.6745 -2.87255
-1.68046 -2.87787
-1.68632 -2.88329
-1.69232 -2.88857
-1.69833 -2.89383
-1.7044 -2.89902
-1.71072 -2.90393
-1.71682 -2.90908
-1.72271 -2.91448
-1.7286 -2.91989
-1.73478 -2.92495
-1.74089 -2.9301
-1.7469 -2.93537
-1.75273 -2.94082
-1.7585 -2.94636
-1.76174 -2.94872
-1.76498 -2.95108
-1.77081 -2.95656
-1.77662 -2.96205
-1.78259 -2.96735
-1.78586 -2.96968
-1.78913 -2.97201
-1.79199 -2.9748
-1.79485 -2.9776
-1.80111 -2.98257
-1.80394 -2.98541
-1.80676 -2.98825
-1.81302 -2.99322
-1.81888 -2.99866
-1.8249 -3.00391
-1.83098 -3.00909
-1.83705 -3.01428
-1.84326 -3.01931
-1.84921 -3.02464
-1.85511 -3.03003
-1.86122 -3.03518
-1.86714 -3.04055
-1.87321 -3.04574
-1.87929 -3.05092
-1.8854 -3.05606
-1.88826 -3.05886
-1.89111 -3.06167
-1.89739 -3.06662
-1.90341 -3.07187
-1.9093 -3.07727
-1.91559 -3.08221
-1.91836 -3.08511
-1.92113 -3.08801
-1.92734 -3.09304
-1.9333 -3.09836
-1.93962 -3.10327
-1.94245 -3.1061
-1.94528 -3.10893
-1.95137 -3.1141
-1.95756 -3.11915
-1.96342 -3.12458
-1.96932 -3.12997
-1.97251 -3.13239
-1.97571 -3.1348
-1.97856 -3.13761
-1.98141 -3.14041
-1.98462 -3.14281
-1.98783 -3.14521
-1.99359 -3.15076
-1.99948 -3.15615
-2.00542 -3.16149
-2.01152 -3.16665
-2.01471 -3.16907
-2.0179 -3.17149
-2.02072 -3.17434
-2.02353 -3.17719
-2.02955 -3.18243
-2.03558 -3.18768
-2.0418 -3.19269
-2.04782 -3.19795
-2.05412 -3.20288
-2.05996 -3.20833
-2.06586 -3.21372
-2.07168 -3.21919
-2.07771 -3.22443
-2.08093 -3.22682
-2.08414 -3.22921
-2.08992 -3.23474
-2.09309 -3.23719
-2.09625 -3.23963
-2.09906 -3.24249
-2.10187 -3.24535
-2.10796 -3.25052
-2.11423 -3.25548
-2.11706 -3.25831
-2.11989 -3.26113
-2.12312 -3.26351
-2.12635 -3.26589
-2.12913 -3.26877
-2.13191 -3.27166
-2.138 -3.27684
-2.14123 -3.27921
-2.14446 -3.28158
-2.15043 -3.28688
-2.15619 -3.29243
-2.16222 -3.29767
-2.1685 -3.30262
-2.17433 -3.30809
-2.18027 -3.31343
-2.1863 -3.31867
-2.19243 -3.32379
-2.19835 -3.32915
-2.20445 -3.33432
-2.21053 -3.3395
-2.21642 -3.3449
-2.22255 -3.35002
-2.22847 -3.35538
-2.23439 -3.36075
-2.24033 -3.36609
-2.2466 -3.37106
-2.25239 -3.37657
-2.25854 -3.38167
-2.26459 -3.38688
-2.27074 -3.39198
-2.27672 -3.39727
-2.28259 -3.40271
-2.28862 -3.40793
-2.29479 -3.41301
-2.30093 -3.41813
-2.30667 -3.4237
-2.3128 -3.42883
-2.31864 -3.43428
-2.32181 -3.43672
-2.32498 -3.43916
-2.32782 -3.44198
-2.33067 -3.4448
-2.33695 -3.44975
-2.34307 -3.45488
-2.3489 -3.46035
-2.35491 -3.46561
-2.36122 -3.47053
-2.36716 -3.47586
-2.37292 -3.48141
-2.37885 -3.48676
-2.38209 -3.48913
-2.38533 -3.49149
-2.38812 -3.49436
-2.39092 -3.49723
-2.39691 -3.50252
-2.40318 -3.50748
-2.40942 -3.51248
-2.41515 -3.51806
-2.42143 -3.52301
-2.4243 -3.5258
-2.42716 -3.52859
-2.43311 -3.53392
-2.43924 -3.53905
-2.4455 -3.54402
-2.45162 -3.54915
-2.45747 -3.5546
-2.46329 -3.56008
-2.46646 -3.56252
-2.46963 -3.56496
-2.47243 -3.56783
-2.47523 -3.57069
-2.48141 -3.57577
-2.48763 -3.58079
-2.49351 -3.5862
-2.49932 -3.59168
-2.50562 -3.59661
-2.51141 -3.60213
-2.51739 -3.60742
-2.52364 -3.61241
-2.52972 -3.61759
-2.53573 -3.62285
-2.54176 -3.62809
-2.54783 -3.63328
-2.55375 -3.63865
-2.55963 -3.64406
-2.56584 -3.64909
-2.5719 -3.65429
-2.57773 -3.65976
-2.58387 -3.66488
-2.59002 -3.66997
-2.59579 -3.67551
-2.60196 -3.68058
-2.60819 -3.6856
-2.61413 -3.69094
-2.62025 -3.69607
-2.62602 -3.70161
-2.63204 -3.70685
-2.63793 -3.71226
-2.64386 -3.71761
-2.6499 -3.72284
-2.65595 -3.72805
-2.66217 -3.73308
-2.66845 -3.73803
-2.67434 -3.74342
-2.68007 -3.74901
-2.68637 -3.75393
-2.69215 -3.75946
-2.69825 -3.76462
-2.70417 -3.76999
-2.71046 -3.77492
-2.71329 -3.77775
-2.71613 -3.78058
-2.7223 -3.78566
-2.72842 -3.79079
-2.73438 -3.79611
-2.74058 -3.80115
-2.74664 -3.80635
-2.74949 -3.80916
-2.75234 -3.81197
-2.75829 -3.8173
-2.76429 -3.82257
-2.7704 -3.82773
-2.77651 -3.83287
-2.78282 -3.83778
-2.78887 -3.843
-2.79165 -3.84589
-2.79443 -3.84878
-2.80068 -3.85376
-2.80671 -3.859
-2.81264 -3.86436
-2.81875 -3.8695
-2.82464 -3.87489
-2.83078 -3.88001
-2.83707 -3.88495
-2.8399 -3.88778
-2.84272 -3.89062
-2.84866 -3.89597
-2.85186 -3.89838
-2.85505 -3.90079
-2.86087 -3.90628
-2.86668 -3.91176
-2.87279 -3.91691
-2.87884 -3.92213
-2.88488 -3.92735
-2.89118 -3.93229
-2.89696 -3.93781
-2.90285 -3.94321
-2.90603 -3.94563
-2.90922 -3.94805
-2.91512 -3.95344
-2.92132 -3.95848
-2.92715 -3.96395
-2.93327 -3.96909
-2.93946 -3.97414
-2.94535 -3.97955
-2.95118 -3.98501
-2.95727 -3.99018
-2.96326 -3.99546
-2.96943 -4.00054
-2.97546 -4.00577
-2.98128 -4.01125
-2.98737 -4.01643
-2.99363 -4.0214
-2.99966 -4.02664
-3.00559 -4.03199
-3.01141 -4.03748
-3.01458 -4.03992
-3.01775 -4.04236
-3.02362 -4.04778
-3.02979 -4.05285
-3.03261 -4.0557
-3.03543 -4.05854
-3.04167 -4.06354
-3.04754 -4.06896
-3.05348 -4.07431
-3.05942 -4.07964
-3.06267 -4.08199
-3.06592 -4.08434
-3.07188 -4.08966
-3.07471 -4.09249
-3.07754 -4.09533
-3.08359 -4.10054
-3.08972 -4.10567
-3.09557 -4.11111
-3.09881 -4.11347
-3.10204 -4.11584
-3.1078 -4.1214
-3.11371 -4.12677
-3.11999 -4.13171
-3.12592 -4.13707
-3.13184 -4.14244
-3.13805 -4.14747
-3.14419 -4.15258
-3.15012 -4.15793
-3.15595 -4.1634
-3.16187 -4.16877
-3.1679 -4.17401
-3.17107 -4.17645
-3.17423 -4.17889
-3.18019 -4.18422
-3.18605 -4.18965
-3.19194 -4.19505
-3.19511 -4.19749
-3.19828 -4.19993
-3.20113 -4.20274
-3.20398 -4.20555
-3.20714 -4.208
-3.2103 -4.21046
-3.21603 -4.21604
-3.21927 -4.2184
-3.22251 -4.22076
-3.2285 -4.22604
-3.23426 -4.23159
-3.24018 -4.23695
-3.24337 -4.23938
-3.24655 -4.24181
-3.24939 -4.24462
-3.25224 -4.24743
-3.25854 -4.25236
-3.26446 -4.25773
-3.27027 -4.26321
-3.2764 -4.26834
-3.28255 -4.27344
-3.28844 -4.27884
-3.29466 -4.28386
-3.30076 -4.28902
-3.30357 -4.29187
-3.30639 -4.29472
-3.30962 -4.29709
-3.31285 -4.29946
-3.31884 -4.30474
-3.32162 -4.30763
-3.32441 -4.31051
-3.32762 -4.3129
-3.33084 -4.31529
-3.33671 -4.32071
-3.34253 -4.32619
-3.34571 -4.32863
-3.34889 -4.33106
-3.35173 -4.33388
-3.35457 -4.3367
-3.36069 -4.34183
-3.3668 -4.34698
-3.3726 -4.35247
-3.37582 -4.35486
-3.37903 -4.35725
-3.38187 -4.36007
-3.38472 -4.36289
-3.39072 -4.36815
-3.39687 -4.37326
-3.40273 -4.37869
-3.4089 -4.38377
-3.4152 -4.3887
-3.41803 -4.39153
-3.42086 -4.39436
-3.42705 -4.39942
-3.4331 -4.40463
-3.43903 -4.40998
-3.44497 -4.41533
-3.45113 -4.42041
-3.45721 -4.4256
-3.46007 -4.42839
-3.46293 -4.43119
-3.46609 -4.43364
-3.46926 -4.43609
-3.47523 -4.44138
-3.48126 -4.44662
-3.48721 -4.45196
-3.49349 -4.4569
-3.49628 -4.45978
-3.49907 -4.46266
-3.50229 -4.46505
-3.50551 -4.46744
-3.5115 -4.47272
-3.51433 -4.47555
-3.51717 -4.47837
-3.52039 -4.48076
-3.52361 -4.48314
-3.52641 -4.486
-3.52921 -4.48886
-3.53244 -4.49124
-3.53567 -4.49361
-3.54157 -4.499
-3.54754 -4.50431
-3.55346 -4.50968
-3.55953 -4.51486
-3.5657 -4.51994
-3.57178 -4.52513
-3.57457 -4.528
-3.57737 -4.53087
-3.58341 -4.5361
-3.58666 -4.53845
-3.58991 -4.5408
-3.59272 -4.54365
-3.59552 -4.54651
-3.59872 -4.54892
-3.60191 -4.55134
-3.60786 -4.55667
-3.61383 -4.56198
-3.61992 -4.56715
-3.62596 -4.57237
-3.63174 -4.57789
-3.63771 -4.5832
-3.64388 -4.58829
-3.64995 -4.59348
-3.6561 -4.59857
-3.66207 -4.60388
-3.66782 -4.60944
-3.67103 -4.61184
-3.67424 -4.61423
-3.68021 -4.61955
-3.68609 -4.62495
-3.69186 -4.63049
-3.6951 -4.63285
-3.69834 -4.63521
-3.70418 -4.64067
-3.71021 -4.6459
-3.71606 -4.65135
-3.72199 -4.65671
-3.72821 -4.66172
-3.73412 -4.6671
-3.74007 -4.67242
-3.74604 -4.67774
-3.75207 -4.68297
-3.75831 -4.68798
-3.76453 -4.693
-3.77032 -4.6985
-3.77633 -4.70377
-3.7825 -4.70885
-3.78821 -4.71444
-3.79252 -4.71759
-3.79615 -4.72145
-3.79966 -4.72577
-3.80348 -4.72981
-3.80608 -4.73205
-3.81078 -4.7374
-3.81545 -4.74277
-3.81957 -4.74863
-3.82477 -4.75356
-3.82779 -4.75753
-3.83057 -4.76168
-3.833 -4.76604
-3.83612 -4.76998
-3.83798 -4.77463
-3.84077 -4.77885
-3.84189 -4.78376
-3.84426 -4.78822
-3.84544 -4.79307
-3.84668 -4.7979
-3.84753 -4.80281
-3.84866 -4.80772
-3.84825 -4.81275
-3.84855 -4.8177
-3.84901 -4.82535
-3.84944 -4.833
-3.84918 -4.84066
-3.84913 -4.84832
-3.84987 -4.85597
-3.84931 -4.86363
-3.84973 -4.87128
-3.84996 -4.87893
-3.84985 -4.88659
-3.85004 -4.89425
-3.85053 -4.9019
-3.85076 -4.90955
-3.8509 -4.9172
-3.85045 -4.92487
-3.85038 -4.93252
-3.85067 -4.94018
-3.85092 -4.94783
-3.85137 -4.95548
-3.85112 -4.96314
-3.85167 -4.97079
-3.85177 -4.97846
-3.8514 -4.9832
-3.85091 -4.98791
-3.85079 -4.99269
-3.85014 -4.99742
-3.84887 -5.002
-3.84797 -5.00668
-3.84664 -5.01125
-3.84484 -5.01565
-3.84292 -5.02
-3.84108 -5.02438
-3.83894 -5.02863
-3.83651 -5.03272
-3.83413 -5.03685
-3.83104 -5.04048
-3.82807 -5.0442
-3.82519 -5.048
-3.8203 -5.0527
-3.81587 -5.05783
-3.81116 -5.0627
-3.80965 -5.06409
-3.80493 -5.06883
-3.80046 -5.07382
-3.79608 -5.07891
-3.79151 -5.08281
-3.7856 -5.08817
-3.78013 -5.09399
-3.7743 -5.09942
-3.7682 -5.10456
-3.76217 -5.10978
-3.75643 -5.11531
-3.75077 -5.12093
-3.74483 -5.12624
-3.73867 -5.13131
-3.73315 -5.13709
-3.72735 -5.14255
-3.7215 -5.14796
-3.71524 -5.15292
-3.70967 -5.15864
-3.70398 -5.16422
-3.69793 -5.16942
-3.69208 -5.17483
-3.68617 -5.18017
-3.68015 -5.18541
-3.67434 -5.19086
-3.66851 -5.19629
-3.66299 -5.20206
-3.65711 -5.20744
-3.65132 -5.21291
-3.64502 -5.21784
-3.63931 -5.2234
-3.63375 -5.22912
-3.62748 -5.23408
-3.62179 -5.23967
-3.61592 -5.24506
-3.61031 -5.25073
-3.60433 -5.25599
-3.59833 -5.26124
-3.59265 -5.26684
-3.58673 -5.27218
-3.58059 -5.27727
-3.57476 -5.28271
-3.56906 -5.28827
-3.5632 -5.29368
-3.55712 -5.29884
-3.55152 -5.30452
-3.54565 -5.30991
-3.53994 -5.31547
-3.53376 -5.32053
-3.52794 -5.32598
-3.52222 -5.33153
-3.51634 -5.33691
-3.51029 -5.3421
-3.50485 -5.34795
-3.49866 -5.353
-3.49316 -5.35878
-3.48702 -5.36388
-3.48099 -5.3691
-3.47519 -5.37456
-3.46956 -5.38021
-3.46394 -5.38588
-3.45806 -5.39126
-3.45489 -5.3937
-3.45172 -5.39614
-3.44589 -5.40156
-3.44036 -5.40733
-3.4344 -5.41261
-3.42853 -5.418
-3.42274 -5.42348
-3.41705 -5.42907
-3.41111 -5.43437
-3.40501 -5.43952
-3.39911 -5.44488
-3.39353 -5.45058
-3.38761 -5.45592
-3.38168 -5.46124
-3.37604 -5.46688
-3.37017 -5.47227
-3.36406 -5.4774
-3.35834 -5.48296
-3.35253 -5.4884
-3.34682 -5.49396
-3.34093 -5.49934
-3.3349 -5.50455
-3.32919 -5.51011
-3.32336 -5.51554
-3.31714 -5.52056
-3.31146 -5.52615
-3.3053 -5.53123
-3.29957 -5.53677
-3.29393 -5.54241
-3.28815 -5.54789
-3.28225 -5.55325
-3.27618 -5.55842
-3.2704 -5.56391
-3.26435 -5.56911
-3.25871 -5.57475
-3.2529 -5.5802
-3.24695 -5.5855
-3.24093 -5.59072
-3.2351 -5.59617
-3.22923 -5.60155
-3.22354 -5.60713
-3.21752 -5.61237
-3.21205 -5.61819
-3.20628 -5.62368
-3.20002 -5.62865
-3.19439 -5.6343
-3.18844 -5.6396
-3.18264 -5.64507
-3.17695 -5.65065
-3.17069 -5.65562
-3.16514 -5.66136
-3.15929 -5.66677
-3.15313 -5.67184
-3.14744 -5.67743
-3.14174 -5.683
-3.13576 -5.68827
-3.12993 -5.6937
-3.12379 -5.6988
-3.11822 -5.70451
-3.11231 -5.70986
-3.10631 -5.71511
-3.10062 -5.7207
-3.09449 -5.72581
-3.08877 -5.73135
-3.08322 -5.73709
-3.07731 -5.74244
-3.07153 -5.74792
-3.06571 -5.75337
-3.05942 -5.7583
-3.0538 -5.76396
-3.04795 -5.76937
-3.04229 -5.77498
-3.03611 -5.78004
-3.03011 -5.78526
-3.02648 -5.78871
-3.02265 -5.79193
-3.01847 -5.79466
-3.01456 -5.79786
-3.01004 -5.80001
-3.0055 -5.80209
-2.9986 -5.80604
-2.99126 -5.80908
-2.98411 -5.81251
-2.97706 -5.81615
-2.96977 -5.81929
-2.96274 -5.82299
-2.95538 -5.82597
-2.94849 -5.82995
-2.94128 -5.83326
-2.93393 -5.83628
-2.92691 -5.83998
-2.91978 -5.84345
-2.91265 -5.84693
-2.90549 -5.85033
-2.89817 -5.85342
-2.89094 -5.85667
-2.88382 -5.86017
-2.87667 -5.8636
-2.86963 -5.86727
-2.86246 -5.87067
-2.85518 -5.87383
-2.84795 -5.8771
-2.84092 -5.88078
-2.83379 -5.88425
-2.82674 -5.8879
-2.81943 -5.891
-2.8123 -5.89446
-2.80518 -5.89796
-2.79797 -5.90126
-2.79072 -5.90449
-2.78383 -5.90848
-2.77651 -5.91154
-2.76925 -5.91474
-2.76235 -5.9187
-2.75508 -5.92188
-2.74808 -5.92564
-2.74064 -5.92845
-2.73357 -5.93205
-2.7265 -5.93565
-2.71918 -5.93874
-2.71225 -5.94263
-2.70513 -5.94612
-2.69796 -5.94951
-2.69065 -5.95261
-2.68337 -5.95578
-2.67633 -5.95944
-2.66903 -5.96255
-2.66187 -5.96596
-2.65477 -5.96951
-2.64756 -5.97282
-2.64048 -5.97638
-2.63339 -5.97994
-2.62641 -5.98373
-2.61924 -5.98712
-2.61204 -5.99046
-2.60479 -5.99368
-2.59766 -5.99716
-2.59033 -6.00021
-2.58339 -6.00409
-2.57621 -6.00745
-2.56905 -6.01086
-2.56177 -6.01402
-2.55456 -6.01733
-2.54758 -6.02111
-2.54042 -6.02453
-2.53313 -6.02767
-2.52606 -6.03127
-2.51872 -6.03431
-2.51188 -6.0384
-2.50469 -6.04173
-2.49747 -6.04503
-2.49039 -6.0486
-2.48309 -6.05171
-2.47585 -6.05496
-2.46894 -6.05891
-2.46175 -6.06224
-2.4544 -6.06525
-2.44715 -6.06849
-2.44023 -6.0724
-2.43306 -6.07578
-2.42576 -6.07892
-2.41872 -6.08257
-2.41139 -6.08562
-2.40451 -6.08962
-2.39719 -6.0927
-2.39312 -6.09442
-2.38917 -6.09648
-2.38477 -6.09723
-2.38074 -6.0992
-2.37642 -6.10015
-2.37205 -6.10084
-2.36766 -6.10132
-2.3633 -6.10197
-2.3589 -6.10239
-2.35448 -6.10212
-2.35049 -6.10248
-2.34649 -6.10284
-2.3385 -6.10261
-2.33051 -6.10237
-2.32252 -6.10243
-2.31453 -6.10234
-2.30654 -6.1025
-2.29855 -6.1023
-2.29056 -6.10251
-2.28257 -6.10258
-2.27857 -6.10284
-2.27458 -6.10311
-2.26659 -6.10313
-2.2586 -6.10284
-2.2506 -6.10252
-2.24661 -6.10276
-2.24262 -6.10299
-2.23463 -6.10327
-2.22664 -6.10311
-2.21865 -6.10319
-2.21465 -6.10294
-2.21065 -6.1027
-2.20666 -6.10305
-2.20266 -6.10341
-2.19867 -6.10318
-2.19467 -6.10295
-2.18668 -6.1028
-2.18269 -6.10305
-2.17869 -6.10329
-2.1707 -6.10353
-2.16271 -6.10319
-2.15472 -6.10332
-2.14673 -6.10362
-2.14274 -6.10342
-2.13874 -6.10323
-2.13075 -6.10292
-2.12675 -6.10317
-2.12276 -6.10341
-2.11477 -6.10343
-2.10678 -6.10371
-2.09879 -6.10351
-2.0908 -6.10376
-2.08281 -6.10359
-2.07482 -6.10345
-2.06683 -6.10337
-2.05883 -6.10323
-2.05084 -6.10326
-2.04685 -6.10354
-2.04286 -6.10382
-2.03886 -6.10357
-2.03486 -6.10333
-2.02687 -6.10334
-2.01888 -6.10369
-2.01089 -6.10359
-2.0029 -6.10369
-1.99491 -6.10398
-1.98692 -6.10385
-1.97893 -6.10351
-1.97493 -6.10372
-1.97094 -6.10393
-1.96295 -6.1041
-1.95496 -6.10416
-1.94697 -6.10413
-1.93898 -6.10392
-1.93099 -6.1042
-1.923 -6.10441
-1.91501 -6.10431
-1.90702 -6.10447
-1.89903 -6.10439
-1.89104 -6.10411
-1.88305 -6.10443
-1.87505 -6.10422
-1.86706 -6.10419
-1.85907 -6.10461
-1.85508 -6.10436
-1.85108 -6.10412
-1.84309 -6.10424
-1.8351 -6.10428
-1.82711 -6.1046
-1.81912 -6.10443
-1.81113 -6.10436
-1.80314 -6.10445
-1.79515 -6.10472
-1.78716 -6.10479
-1.77917 -6.10459
-1.77118 -6.10461
-1.76319 -6.10453
-1.7552 -6.1049
-1.74721 -6.10502
-1.73922 -6.10492
-1.73123 -6.10461
-1.72723 -6.10485
-1.72324 -6.10509
-1.71924 -6.10477
-1.71524 -6.10444
-1.71125 -6.1048
-1.70726 -6.10515
-1.69927 -6.10502
-1.69127 -6.10466
-1.68328 -6.10503
-1.67529 -6.10468
-1.6713 -6.10492
-1.6673 -6.10516
-1.65931 -6.10503
-1.65132 -6.10513
-1.64333 -6.10486
-1.63934 -6.10513
-1.63534 -6.1054
-1.62735 -6.10539
-1.61936 -6.10532
-1.61137 -6.10535
-1.60338 -6.10515
-1.59539 -6.10551
-1.5874 -6.10528
-1.57941 -6.10516
-1.57142 -6.10536
-1.56742 -6.10515
-1.56343 -6.10495
-1.55544 -6.10502
-1.54744 -6.1051
-1.54345 -6.10545
-1.53946 -6.1058
-1.53546 -6.10548
-1.53146 -6.10516
-1.52347 -6.1054
-1.51548 -6.10532
-1.51149 -6.10557
-1.50749 -6.10582
-1.5035 -6.10552
-1.4995 -6.10521
-1.49551 -6.10545
-1.49151 -6.10568
-1.48352 -6.10544
-1.47553 -6.1057
-1.46754 -6.10577
-1.45955 -6.10542
-1.45156 -6.10583
-1.44357 -6.10557
-1.43558 -6.10585
-1.42759 -6.10588
-1.4196 -6.10574
-1.41161 -6.10553
-1.40761 -6.10586
-1.40362 -6.10618
-1.39563 -6.10598
-1.38764 -6.10579
-1.37965 -6.10587
-1.37165 -6.10575
-1.36367 -6.10602
-1.35567 -6.10589
-1.34768 -6.1059
-1.33969 -6.10609
-1.3317 -6.10635
-1.32371 -6.10601
-1.31572 -6.10596
-1.30773 -6.10592
-1.29974 -6.10593
-1.29575 -6.10629
-1.29175 -6.10664
-1.28376 -6.10656
-1.27577 -6.10628
-1.26778 -6.10651
-1.25979 -6.10652
-1.2518 -6.10634
-1.24381 -6.10625
-1.23582 -6.10636
-1.22783 -6.10627
-1.21984 -6.10635
-1.21584 -6.10662
-1.21185 -6.10689
-1.20386 -6.10683
-1.19587 -6.10701
-1.18788 -6.10704
-1.17989 -6.10696
-1.1719 -6.10707
-1.1679 -6.10681
-1.1639 -6.10654
-1.15591 -6.10647
-1.14792 -6.10684
-1.13993 -6.10665
-1.13594 -6.1069
-1.13194 -6.10715
-1.12795 -6.10684
-1.12395 -6.10653
-1.11996 -6.10684
-1.11596 -6.10715
-1.10797 -6.10689
-1.09998 -6.10703
-1.09199 -6.10704
-1.084 -6.10697
-1.07601 -6.10693
-1.06802 -6.10705
-1.06003 -6.10744
-1.05603 -6.10718
-1.05204 -6.10693
-1.04405 -6.10729
-1.03606 -6.10735
-1.02807 -6.10723
-1.02007 -6.10709
-1.01208 -6.10696
-1.00409 -6.10733
-0.996104 -6.10741
-0.988114 -6.10758
-0.980124 -6.10768
-0.972132 -6.10732
-0.964142 -6.10744
-0.956153 -6.10771
-0.948163 -6.10786
-0.940172 -6.10794
-0.932182 -6.10799
-0.928185 -6.10765
-0.924189 -6.10731
-0.920195 -6.10762
-0.916201 -6.10793
-0.90821 -6.10793
-0.900219 -6.10769
-0.892229 -6.10799
-0.884238 -6.10777
-0.876246 -6.10747
-0.868257 -6.10786
-0.860267 -6.10806
-0.856271 -6.1078
-0.852275 -6.10754
-0.84828 -6.10776
-0.844286 -6.10798
-0.836295 -6.10798
-0.828305 -6.10803
-0.820313 -6.10783
-0.816319 -6.10805
-0.812325 -6.10828
-0.804333 -6.10802
-0.796344 -6.1084
-0.792348 -6.1082
-0.788352 -6.108
-0.780362 -6.1083
-0.772372 -6.10839
-0.768376 -6.10818
-0.76438 -6.10797
-0.75639 -6.10804
-0.7484 -6.10827
-0.74041 -6.10855
-0.732419 -6.1083
-0.724429 -6.10836
-0.716439 -6.10873
-0.712443 -6.10845
-0.708447 -6.10816
-0.700456 -6.10814
-0.692467 -6.10841
-0.684476 -6.10829
-0.680481 -6.10854
-0.676487 -6.10879
-0.668495 -6.10844
-0.660506 -6.10877
-0.656509 -6.10854
-0.652513 -6.10831
-0.648519 -6.10861
-0.644525 -6.10891
-0.640529 -6.1086
-0.636532 -6.1083
-0.628543 -6.10861
-0.620552 -6.10859
-0.612563 -6.10888
-0.604572 -6.10894
-0.596582 -6.10895
-0.588591 -6.10885
-0.580601 -6.10914
-0.576605 -6.10888
-0.572609 -6.10862
-0.564619 -6.10879
-0.560625 -6.10907
-0.55663 -6.10935
-0.548639 -6.10921
-0.540649 -6.10928
-0.532659 -6.10942
-0.524668 -6.10929
-0.516677 -6.10929
-0.508687 -6.10929
-0.500695 -6.10894
-0.496701 -6.10919
-0.492706 -6.10944
-0.484716 -6.10961
-0.48072 -6.10942
-0.476724 -6.10922
-0.468735 -6.10949
-0.460745 -6.10964
-0.452754 -6.10958
-0.444762 -6.10924
-0.436772 -6.10942
-0.428783 -6.10977
-0.420792 -6.10977
-0.416796 -6.10946
-0.4128 -6.10916
-0.408805 -6.10942
-0.404811 -6.10968
-0.39682 -6.10957
-0.38883 -6.10968
-0.38084 -6.10999
-0.372849 -6.10964
-0.364858 -6.10968
-0.356867 -6.10957
-0.348876 -6.1095
-0.340886 -6.10953
-0.336891 -6.10975
-0.332897 -6.10998
-0.324907 -6.11014
-0.316916 -6.11004
-0.308926 -6.11015
-0.30493 -6.10987
-0.300933 -6.10959
-0.292943 -6.10976
-0.284953 -6.10991
-0.276962 -6.1096
-0.268972 -6.10987
-0.260981 -6.10969
-0.256986 -6.10995
-0.252992 -6.11022
-0.245002 -6.11036
-0.241006 -6.11017
-0.23701 -6.10997
-0.229021 -6.11037
-0.225025 -6.11012
-0.221029 -6.10988
-0.213039 -6.11
-0.205048 -6.10997
-0.197058 -6.11006
-0.189068 -6.11018
-0.185073 -6.11043
-0.181079 -6.11069
-0.173088 -6.11068
-0.165097 -6.11045
-0.157107 -6.11067
-0.149115 -6.11037
-0.141125 -6.11052
-0.133136 -6.11089
-0.125145 -6.11072
-0.117154 -6.11072
-0.109163 -6.11061
-0.101173 -6.11069
-0.0931837 -6.11099
-0.0851933 -6.11104
-0.0772022 -6.1109
-0.0692123 -6.11107
-0.0652163 -6.11086
-0.0612202 -6.11065
-0.0532306 -6.1109
-0.0452406 -6.11106
-0.0372504 -6.11116
-0.0332542 -6.11092
-0.0292581 -6.11068
-0.021268 -6.11082
-0.0132777 -6.11088
-0.00528679 -6.11079
0.0027035 -6.11086
0.0106938 -6.11095
0.0146882 -6.11119
0.0186826 -6.11142
0.0266732 -6.11141
0.0306697 -6.11108
0.0346662 -6.11074
0.0386605 -6.11101
0.0426548 -6.11127
0.0506457 -6.11118
0.0586363 -6.11118
0.0666259 -6.11145
0.0706222 -6.11116
0.0746186 -6.11086
0.078613 -6.11109
0.0826075 -6.11132
0.090598 -6.11133
0.0985876 -6.1116
0.106579 -6.11143
0.114568 -6.11174
0.118565 -6.11141
0.122561 -6.11108
0.130551 -6.11139
0.13854 -6.11161
0.146532 -6.11131
0.154522 -6.1115
0.162513 -6.11143
0.170503 -6.1115
0.178492 -6.11188
0.186482 -6.11206
0.190478 -6.11184
0.194474 -6.11163
0.202466 -6.11139
0.210455 -6.11162
0.218445 -6.1118
0.226435 -6.11216
0.234426 -6.11181
0.242416 -6.11197
0.246412 -6.11174
0.250409 -6.1115
0.254403 -6.11173
0.258398 -6.11196
0.266387 -6.11227
0.274378 -6.11222
0.278374 -6.11202
0.28237 -6.11181
0.286364 -6.11203
0.290359 -6.11226
0.294355 -6.11206
0.298351 -6.11186
0.302345 -6.11216
0.306339 -6.11247
0.314331 -6.11216
0.322321 -6.11218
0.330313 -6.11197
0.338303 -6.11202
0.342297 -6.1123
0.346291 -6.11258
0.350288 -6.1123
0.354284 -6.11202
0.358279 -6.11224
0.362273 -6.11246
0.370264 -6.11229
0.378254 -6.11262
0.386245 -6.1125
0.394236 -6.11233
0.39823 -6.11257
0.402225 -6.11281
0.406221 -6.11245
0.410218 -6.11208
0.418208 -6.11229
0.426198 -6.11231
0.434188 -6.11241
0.442178 -6.11262
0.45017 -6.11236
0.45816 -6.11227
0.462155 -6.11261
0.466149 -6.11294
0.474139 -6.11286
0.48213 -6.11301
0.490121 -6.11272
0.498113 -6.1124
0.502107 -6.11262
0.506102 -6.11284
0.514093 -6.11277
0.522083 -6.11295
0.530074 -6.11283
0.538063 -6.11302
0.546055 -6.11267
0.554045 -6.1129
0.562035 -6.11296
0.570025 -6.11308
0.578017 -6.11286
0.586006 -6.11319
0.590002 -6.11301
0.593998 -6.11283
0.597993 -6.11305
0.601987 -6.11327
0.609978 -6.11328
0.617969 -6.11311
0.62596 -6.11303
0.63395 -6.11304
0.641941 -6.11304
0.64993 -6.11337
0.657921 -6.11338
0.66591 -6.11372
0.673901 -6.11344
0.681891 -6.11377
0.685887 -6.11348
0.689883 -6.11319
0.693878 -6.11352
0.697872 -6.11385
0.705862 -6.11388
0.713853 -6.11368
0.721844 -6.11379
0.72584 -6.11357
0.729836 -6.11335
0.737827 -6.11327
0.745817 -6.11335
0.753806 -6.11376
0.761798 -6.11342
0.765792 -6.11373
0.769786 -6.11404
0.777777 -6.11387
0.785769 -6.11362
0.789763 -6.11394
0.793757 -6.11425
0.797754 -6.11388
0.80175 -6.11351
0.80974 -6.11368
0.813734 -6.11396
0.817729 -6.11423
0.825719 -6.1142
0.83371 -6.11407
0.8417 -6.11432
0.845696 -6.11407
0.849692 -6.11383
0.857683 -6.11373
0.861678 -6.11399
0.865672 -6.11425
0.873663 -6.11407
0.877658 -6.11432
0.881652 -6.11456
0.889643 -6.11442
0.893639 -6.11418
0.897635 -6.11394
0.901629 -6.11429
0.905623 -6.11463
0.913615 -6.11437
0.921606 -6.1143
0.929595 -6.11457
0.933591 -6.11433
0.937588 -6.11409
0.945578 -6.11413
0.953568 -6.11443
0.961558 -6.11452
0.969549 -6.11424
0.973544 -6.11445
0.977538 -6.11467
0.985528 -6.11491
0.993519 -6.1149
1.00151 -6.115
1.0095 -6.11488
1.01749 -6.11486
1.02548 -6.11485
1.03347 -6.11456
1.04146 -6.11436
1.04945 -6.11469
1.05744 -6.115
1.06543 -6.11517
1.06943 -6.11498
1.07342 -6.1148
1.08141 -6.11491
1.08541 -6.11472
1.08941 -6.11454
1.0974 -6.11459
1.10139 -6.11491
1.10539 -6.11523
1.11338 -6.11493
1.12137 -6.11522
1.12936 -6.1152
1.13735 -6.11522
1.14534 -6.11539
1.14933 -6.1151
1.15333 -6.11482
1.15732 -6.11511
1.16132 -6.11541
1.16931 -6.11507
1.1733 -6.11529
1.1773 -6.11552
1.18529 -6.11533
1.19328 -6.11508
1.19728 -6.11535
1.20127 -6.11561
1.20926 -6.11571
1.21725 -6.11538
1.22524 -6.11576
1.22924 -6.11558
1.23323 -6.11539
1.24123 -6.11513
1.24922 -6.11529
1.25321 -6.11557
1.2572 -6.11586
1.26519 -6.11583
1.27318 -6.11586
1.28118 -6.11586
1.28917 -6.11594
1.29716 -6.11591
1.30515 -6.11583
1.30914 -6.11563
1.31314 -6.11543
1.32113 -6.11564
1.32912 -6.11598
1.33711 -6.116
1.3451 -6.11605
1.35309 -6.11611
1.36108 -6.11615
1.36907 -6.11631
1.37706 -6.11629
1.38505 -6.11623
1.39304 -6.116
1.39704 -6.11621
1.40103 -6.11642
1.40902 -6.11624
1.41701 -6.11633
1.425 -6.11643
1.43299 -6.11648
1.43699 -6.11622
1.44099 -6.11597
1.44898 -6.11623
1.45697 -6.11615
1.46096 -6.11637
1.46496 -6.11659
1.47295 -6.11645
1.48094 -6.11635
1.48893 -6.11605
1.49692 -6.11642
1.50491 -6.11666
1.5129 -6.11652
1.52089 -6.11654
1.52888 -6.11645
1.53687 -6.11634
1.54486 -6.11664
1.55285 -6.11668
1.56084 -6.11667
1.56883 -6.117
1.57682 -6.11707
1.58082 -6.11684
1.58481 -6.11662
1.5928 -6.11665
1.60079 -6.11688
1.60879 -6.11661
1.61678 -6.1169
1.62477 -6.1169
1.62876 -6.11671
1.63276 -6.11651
1.63675 -6.11686
1.64075 -6.1172
1.64874 -6.11704
1.65673 -6.11709
1.66472 -6.11725
1.66871 -6.11706
1.67271 -6.11687
1.6807 -6.11692
1.68869 -6.11679
1.69668 -6.11701
1.70467 -6.11719
1.71266 -6.11749
1.72065 -6.11717
1.72864 -6.11702
1.73663 -6.11704
1.74462 -6.11722
1.74862 -6.11744
1.75261 -6.11766
1.75661 -6.11746
1.7606 -6.11726
1.76859 -6.11756
1.77659 -6.11731
1.78058 -6.11755
1.78457 -6.11778
1.78857 -6.11751
1.79257 -6.11723
1.80056 -6.11727
1.80855 -6.11745
1.81254 -6.11768
1.81654 -6.1179
1.82053 -6.11759
1.82453 -6.11729
1.83252 -6.11768
1.84051 -6.11742
1.8485 -6.11747
1.85649 -6.11768
1.86448 -6.11774
1.87247 -6.11761
1.88046 -6.11775
1.88845 -6.11771
1.89644 -6.11787
1.90443 -6.11754
1.91242 -6.1179
1.92041 -6.11785
1.9284 -6.1182
1.9324 -6.11793
1.9364 -6.11765
1.94439 -6.11779
1.95238 -6.11767
1.96037 -6.11768
1.96836 -6.11807
1.97635 -6.11778
1.98034 -6.11809
1.98434 -6.1184
1.99233 -6.1184
1.99632 -6.11817
2.00032 -6.11794
2.00431 -6.11821
2.00831 -6.11848
2.0163 -6.11858
2.02429 -6.11856
2.03226 -6.11801
2.03724 -6.11821
2.04221 -6.11801
2.04715 -6.11746
2.05193 -6.11609
2.05692 -6.11561
2.06155 -6.11379
2.06628 -6.11226
2.07104 -6.11081
2.07826 -6.10746
2.08561 -6.10442
2.09314 -6.10183
2.1004 -6.09857
2.10772 -6.09545
2.11514 -6.09259
2.12229 -6.08908
2.12963 -6.08602
2.13711 -6.08329
2.1443 -6.07986
2.15177 -6.0771
2.15911 -6.07404
2.1664 -6.07086
2.17387 -6.0681
2.18131 -6.06528
2.18839 -6.06159
2.196 -6.05918
2.20317 -6.0557
2.21057 -6.0528
2.21788 -6.04966
2.22523 -6.04662
2.23266 -6.04378
2.23992 -6.0405
2.24722 -6.03735
2.25463 -6.03445
2.26207 -6.03164
2.26933 -6.0284
2.27677 -6.02556
2.28415 -6.02259
2.29134 -6.01917
2.29885 -6.01651
2.30613 -6.01332
2.31334 -6.00993
2.32065 -6.0068
2.32809 -6.00398
2.33546 -6.00099
2.34268 -5.99762
2.35021 -5.99502
2.3574 -5.99161
2.36486 -5.98882
2.37223 -5.98585
2.37961 -5.98287
2.38687 -5.9796
2.39417 -5.97645
2.40168 -5.9738
2.4089 -5.97045
2.41611 -5.96708
2.42354 -5.96422
2.43099 -5.96144
2.43827 -5.95823
2.44571 -5.9554
2.45293 -5.95204
2.46038 -5.94926
2.46757 -5.94581
2.475 -5.94297
2.48224 -5.93968
2.48981 -5.93717
2.49694 -5.93359
2.50441 -5.93086
2.51169 -5.92763
2.51897 -5.92443
2.52656 -5.92198
2.53384 -5.91877
2.54111 -5.91553
2.5486 -5.91283
2.55584 -5.90953
2.56316 -5.90642
2.57053 -5.90342
2.57787 -5.90035
2.58505 -5.8969
2.59263 -5.89443
2.59982 -5.89101
2.6072 -5.88803
2.6147 -5.88536
2.622 -5.88219
2.62926 -5.87893
2.63651 -5.87566
2.64394 -5.87281
2.65142 -5.87009
2.65851 -5.86643
2.66603 -5.8638
2.67347 -5.86098
2.68056 -5.85731
2.68795 -5.85438
2.69523 -5.85117
2.70284 -5.84873
2.71003 -5.84532
2.71731 -5.8421
2.72463 -5.839
2.73225 -5.83656
2.73599 -5.83432
2.74008 -5.83278
2.74384 -5.8306
2.74763 -5.82844
2.75104 -5.82575
2.75482 -5.82353
2.75806 -5.82064
2.76128 -5.81772
2.76724 -5.81239
2.77004 -5.80953
2.77284 -5.80667
2.77868 -5.80121
2.78172 -5.79861
2.78477 -5.79601
2.79059 -5.79053
2.79364 -5.78795
2.7967 -5.78536
2.80277 -5.78016
2.80854 -5.77462
2.81139 -5.77181
2.81424 -5.769
2.82001 -5.76347
2.82307 -5.76089
2.82613 -5.75831
2.83199 -5.75287
2.83772 -5.74728
2.8436 -5.74187
2.84671 -5.73934
2.84982 -5.73682
2.85267 -5.73402
2.85553 -5.73121
2.86142 -5.72581
2.86746 -5.72056
2.87323 -5.71503
2.8791 -5.7096
2.88224 -5.70711
2.88538 -5.70462
2.88817 -5.70174
2.89095 -5.69887
2.89694 -5.69356
2.90284 -5.68816
2.9059 -5.6856
2.90897 -5.68303
2.91168 -5.68006
2.91438 -5.67709
2.91744 -5.67452
2.92051 -5.67195
2.92636 -5.6665
2.93213 -5.66096
2.93521 -5.6584
2.93828 -5.65584
2.94423 -5.65049
2.94702 -5.64762
2.94981 -5.64475
2.95578 -5.63942
2.95894 -5.63696
2.9621 -5.63449
2.9649 -5.63163
2.96769 -5.62876
2.97076 -5.62618
2.97382 -5.62361
2.97664 -5.62076
2.97945 -5.61792
2.98534 -5.61251
2.99124 -5.60712
2.99431 -5.60454
2.99737 -5.60197
3.00021 -5.59915
3.00305 -5.59634
3.00617 -5.59383
3.00929 -5.59131
3.01211 -5.58847
3.01492 -5.58562
3.018 -5.58306
3.02108 -5.5805
3.02384 -5.5776
3.0266 -5.57469
3.03254 -5.56935
3.03835 -5.56384
3.04147 -5.56133
3.04459 -5.55883
3.04743 -5.55601
3.05027 -5.55319
3.05333 -5.5506
3.05638 -5.54802
3.05924 -5.54522
3.0621 -5.54243
3.0679 -5.53692
3.07373 -5.53144
3.07678 -5.52886
3.07984 -5.52628
3.08584 -5.521
3.09181 -5.51568
3.0978 -5.51037
3.10373 -5.50501
3.10656 -5.50218
3.10938 -5.49935
3.11245 -5.49678
3.11552 -5.49421
3.12134 -5.48873
3.12718 -5.48327
3.13004 -5.48047
3.1329 -5.47767
3.13599 -5.47513
3.13908 -5.47258
3.14186 -5.46969
3.14463 -5.4668
3.15048 -5.46135
3.15358 -5.45882
3.15668 -5.45628
3.16251 -5.45081
3.16557 -5.44823
3.16863 -5.44565
3.17137 -5.44273
3.17411 -5.4398
3.17725 -5.43731
3.18039 -5.43482
3.18613 -5.42924
3.19198 -5.4238
3.19788 -5.4184
3.20092 -5.4158
3.20396 -5.41321
3.20676 -5.41034
3.20955 -5.40747
3.21538 -5.402
3.21849 -5.39946
3.22159 -5.39693
3.22747 -5.39151
3.23326 -5.386
3.23931 -5.38077
3.24209 -5.37789
3.24488 -5.37501
3.25084 -5.36968
3.25685 -5.36441
3.26269 -5.35894
3.26576 -5.35638
3.26884 -5.35382
3.27161 -5.35092
3.27438 -5.34803
3.27742 -5.34543
3.28047 -5.34284
3.28634 -5.33741
3.29225 -5.33203
3.29509 -5.32921
3.29793 -5.32639
3.30099 -5.32381
3.30405 -5.32123
3.30711 -5.31866
3.31018 -5.31609
3.31295 -5.3132
3.31573 -5.31031
3.3216 -5.30488
3.32469 -5.30234
3.32778 -5.29979
3.33352 -5.29422
3.33953 -5.28895
3.34559 -5.28372
3.34838 -5.28085
3.35117 -5.27797
3.35721 -5.27273
3.36315 -5.26739
3.3662 -5.26479
3.36925 -5.2622
3.37503 -5.25668
3.37788 -5.25387
3.38073 -5.25106
3.38654 -5.24557
3.39257 -5.24031
3.39834 -5.23477
3.40147 -5.23227
3.4046 -5.22978
3.41056 -5.22444
3.41337 -5.22159
3.41618 -5.21874
3.42219 -5.21347
3.42797 -5.20794
3.43389 -5.20256
3.43996 -5.19736
3.44282 -5.19456
3.44568 -5.19176
3.45171 -5.1865
3.45766 -5.18116
3.46344 -5.17563
3.46922 -5.17011
3.4752 -5.1648
3.48109 -5.15939
3.48678 -5.15421
3.49177 -5.14837
3.49613 -5.14241
3.49915 -5.13838
3.50237 -5.1336
3.50569 -5.12891
3.50955 -5.12439
3.51212 -5.12011
3.51417 -5.1158
3.51639 -5.11164
3.51845 -5.10735
3.52068 -5.10314
3.52203 -5.09858
3.52378 -5.09415
3.52457 -5.08945
3.52578 -5.08486
3.52695 -5.08023
3.52694 -5.07546
3.52786 -5.07074
3.52796 -5.06597
3.52759 -5.05811
3.52726 -5.05024
3.52736 -5.04237
3.52731 -5.0345
3.52724 -5.02664
3.52768 -5.01877
3.52745 -5.0109
3.52745 -5.00303
3.52783 -4.99516
3.52716 -4.9873
3.52725 -4.97943
3.52737 -4.97156
3.527 -4.96369
3.52742 -4.95582
3.52719 -4.94796
3.52696 -4.94009
3.52721 -4.93222
3.52739 -4.92435
3.52726 -4.91648
3.52706 -4.90862
3.52738 -4.90075
3.52718 -4.89288
3.52733 -4.88501
3.52727 -4.87713
3.52655 -4.87204
3.52674 -4.86686
3.52605 -4.86178
3.5246 -4.85684
3.52387 -4.85173
3.52228 -4.84684
3.52014 -4.84217
3.51837 -4.83738
3.5162 -4.83273
3.51418 -4.82798
3.5114 -4.82367
3.50857 -4.81938
3.50537 -4.81537
3.50188 -4.81161
3.49732 -4.80597
3.49534 -4.80389
3.49175 -4.79994
3.48813 -4.79601
3.48252 -4.79065
3.47971 -4.7878
3.47689 -4.78496
3.47379 -4.78242
3.47069 -4.77988
3.46479 -4.77448
3.46194 -4.77167
3.4591 -4.76885
3.45623 -4.76606
3.45335 -4.76328
3.44746 -4.75787
3.44447 -4.75521
3.44147 -4.75256
3.43565 -4.74708
3.43254 -4.74455
3.42943 -4.74203
3.42357 -4.73658
3.42072 -4.73377
3.41787 -4.73096
3.41479 -4.7284
3.41171 -4.72584
3.4058 -4.72045
3.40297 -4.71761
3.40015 -4.71477
3.39428 -4.70934
3.39142 -4.70654
3.38856 -4.70374
3.38546 -4.7012
3.38236 -4.69867
3.37953 -4.69583
3.3767 -4.693
3.3736 -4.6905
3.37331 -4.69067
3.37284 -4.69124
3.37234 -4.69182
3.37178 -4.69232
3.3711 -4.69267
3.37062 -4.69333
3.36978 -4.69339
3.36922 -4.69398
3.36828 -4.69365
3.36771 -4.69427
3.36698 -4.6945
3.36627 -4.69483
3.36545 -4.69444
3.36473 -4.69496
3.36397 -4.69467
3.36324 -4.69422
3.35816 -4.694
3.35307 -4.69378
3.35242 -4.69321
3.35162 -4.69359
3.35091 -4.69334
3.35019 -4.69317
3.34398 -4.69065
3.33777 -4.68813
3.33156 -4.68561
3.32535 -4.68309
3.3247 -4.68284
3.32407 -4.68254
3.32338 -4.68234
3.32266 -4.68214
3.32238 -4.68132
3.32177 -4.68096
3.32106 -4.68068
3.31671 -4.67568
3.31634 -4.67505
3.31585 -4.67454
3.31316 -4.67102
3.31046 -4.6675
3.31005 -4.66689
3.30935 -4.66647
3.30901 -4.66581
3.30855 -4.66519
3.30581 -4.65883
3.30308 -4.65246
3.30035 -4.64609
3.29761 -4.63973
3.29488 -4.63336
3.29481 -4.63257
3.29416 -4.63202
3.29448 -4.63113
3.2939 -4.6305
3.29378 -4.62975
3.29364 -4.629
3.29383 -4.62823
3.29396 -4.62749
3.29419 -4.62676
3.29385 -4.62596
3.29429 -4.62528
3.29471 -4.62462
3.29441 -4.62374
3.29514 -4.62322
3.29507 -4.62235
3.2957 -4.62183
3.2961 -4.62119
3.29671 -4.62071
3.29701 -4.62012
