0.024483 -1.63999
0.0205923 -1.63725
0.0166678 -1.63459
0.012725 -1.63191
0.00850671 -1.6297
0.00417407 -1.62774
-0.000135319 -1.62572
-0.00466067 -1.62425
-0.00919213 -1.62287
-0.0138353 -1.62184
-0.0184409 -1.62081
-0.0231341 -1.62004
-0.0277871 -1.61881
-0.0325474 -1.61881
-0.0372989 -1.61841
-0.0443584 -1.61846
-0.0514179 -1.61871
-0.0584774 -1.61824
-0.0655369 -1.61831
-0.0725964 -1.61897
-0.0796559 -1.6185
-0.0867154 -1.61897
-0.0937673 -1.61877
-0.098676 -1.61918
-0.103598 -1.61918
-0.10851 -1.61961
-0.113355 -1.62053
-0.118049 -1.62204
-0.122858 -1.62306
-0.127622 -1.62436
-0.132038 -1.62655
-0.136532 -1.62856
-0.140937 -1.6307
-0.145125 -1.63329
-0.149521 -1.63554
-0.153517 -1.63842
-0.15743 -1.64141
-0.163701 -1.64631
-0.169486 -1.6518
-0.176057 -1.65634
-0.181858 -1.66181
-0.187985 -1.66688
-0.194136 -1.67193
-0.200302 -1.67696
-0.206714 -1.68169
-0.212668 -1.68697
-0.21889 -1.69193
-0.225063 -1.69695
-0.231212 -1.702
-0.237291 -1.70713
-0.243116 -1.71257
-0.249505 -1.71733
-0.255679 -1.72235
-0.261628 -1.72764
-0.268042 -1.73236
-0.274157 -1.73745
-0.280358 -1.74244
-0.286112 -1.74796
-0.292591 -1.75261
-0.298642 -1.75778
-0.304814 -1.7628
-0.310633 -1.76825
-0.316835 -1.77323
-0.323177 -1.77805
-0.32945 -1.78294
-0.335385 -1.78825
-0.341353 -1.79352
-0.34763 -1.79841
-0.353763 -1.80348
-0.360078 -1.80833
-0.365992 -1.81366
-0.372014 -1.81886
-0.378569 -1.82342
-0.384752 -1.82842
-0.390835 -1.83355
-0.396601 -1.83906
-0.4029 -1.84393
-0.409095 -1.84892
-0.415418 -1.85376
-0.421121 -1.85935
-0.427321 -1.86433
-0.433869 -1.8689
-0.439715 -1.87431
-0.445667 -1.8796
-0.451819 -1.88465
-0.458186 -1.88943
-0.464389 -1.89441
-0.470353 -1.89968
-0.476521 -1.90471
-0.48255 -1.9099
-0.489098 -1.91447
-0.494814 -1.92004
-0.500985 -1.92506
-0.507506 -1.92966
-0.513654 -1.93471
-0.51964 -1.93995
-0.525595 -1.94524
-0.531833 -1.95018
-0.537839 -1.9554
-0.544123 -1.96028
-0.550405 -1.96517
-0.556338 -1.97048
-0.562527 -1.97548
-0.568551 -1.98068
-0.574628 -1.98581
-0.580897 -1.99072
-0.58706 -1.99575
-0.593033 -2.00101
-0.599291 -2.00593
-0.605662 -2.0107
-0.611564 -2.01605
-0.617541 -2.02131
-0.624022 -2.02595
-0.629843 -2.0314
-0.636252 -2.03613
-0.642383 -2.0412
-0.648408 -2.0464
-0.654445 -2.05158
-0.660957 -2.05619
-0.666974 -2.0614
-0.672995 -2.0666
-0.679045 -2.07177
-0.685228 -2.07678
-0.691289 -2.08193
-0.697558 -2.08684
-0.703484 -2.09215
-0.709659 -2.09717
-0.716012 -2.10197
-0.722154 -2.10703
-0.728093 -2.11233
-0.734244 -2.11738
-0.740553 -2.12223
-0.74689 -2.12705
-0.75283 -2.13235
-0.758883 -2.13752
-0.765257 -2.14229
-0.770997 -2.14784
-0.777333 -2.15266
-0.783397 -2.15781
-0.789472 -2.16295
-0.795891 -2.16767
-0.801963 -2.17281
-0.808192 -2.17776
-0.814201 -2.18298
-0.82015 -2.18827
-0.826492 -2.19308
-0.832616 -2.19816
-0.836463 -2.20112
-0.839211 -2.20404
-0.841959 -2.20697
-0.845115 -2.20944
-0.848271 -2.21191
-0.851099 -2.21474
-0.853927 -2.21758
-0.859724 -2.22309
-0.862756 -2.2257
-0.865787 -2.22831
-0.868862 -2.23087
-0.871936 -2.23344
-0.877759 -2.23892
-0.883789 -2.24418
-0.88654 -2.24709
-0.889291 -2.25001
-0.892495 -2.25243
-0.895699 -2.25485
-0.898501 -2.25771
-0.901302 -2.26058
-0.907182 -2.266
-0.913001 -2.27149
-0.916087 -2.27404
-0.919174 -2.27659
-0.925005 -2.28206
-0.930805 -2.28757
-0.933896 -2.29011
-0.936988 -2.29266
-0.942918 -2.29802
-0.94575 -2.30085
-0.948583 -2.30368
-0.951722 -2.30617
-0.954862 -2.30866
-0.957667 -2.31152
-0.960472 -2.31438
-0.96642 -2.31973
-0.972429 -2.32501
-0.978271 -2.33047
-0.981114 -2.33329
-0.983957 -2.3361
-0.987122 -2.33857
-0.990287 -2.34103
-0.996298 -2.34631
-0.99914 -2.34912
-1.00198 -2.35194
-1.00503 -2.35453
-1.00808 -2.35713
-1.01094 -2.35992
-1.0138 -2.36272
-1.01984 -2.36797
-1.0226 -2.37088
-1.02536 -2.37378
-1.03132 -2.37911
-1.03442 -2.38165
-1.03752 -2.38418
-1.04358 -2.38941
-1.04644 -2.39221
-1.0493 -2.395
-1.05523 -2.40036
-1.05811 -2.40314
-1.06099 -2.40592
-1.06403 -2.40853
-1.06706 -2.41114
-1.0701 -2.41374
-1.07314 -2.41633
-1.07901 -2.42177
-1.08481 -2.42728
-1.09086 -2.43251
-1.09679 -2.43787
-1.10277 -2.44319
-1.10565 -2.44596
-1.10854 -2.44873
-1.11132 -2.45161
-1.11411 -2.4545
-1.11717 -2.45707
-1.12023 -2.45965
-1.12608 -2.4651
-1.12914 -2.46768
-1.13221 -2.47025
-1.13806 -2.4757
-1.14114 -2.47826
-1.14423 -2.48081
-1.14701 -2.48369
-1.1498 -2.48656
-1.15292 -2.48908
-1.15604 -2.49159
-1.15884 -2.49445
-1.16165 -2.49731
-1.16472 -2.49987
-1.1678 -2.50243
-1.17373 -2.5078
-1.17652 -2.51068
-1.17931 -2.51355
-1.18517 -2.519
-1.18824 -2.52156
-1.19131 -2.52413
-1.19714 -2.52961
-1.2002 -2.53219
-1.20326 -2.53476
-1.20602 -2.53766
-1.20879 -2.54057
-1.21473 -2.54592
-1.2179 -2.54838
-1.22106 -2.55084
-1.22699 -2.55621
-1.22986 -2.559
-1.23274 -2.56178
-1.2358 -2.56436
-1.23886 -2.56693
-1.24173 -2.56973
-1.24459 -2.57252
-1.25045 -2.57797
-1.2533 -2.58077
-1.25615 -2.58358
-1.25918 -2.58619
-1.26221 -2.58881
-1.26528 -2.59137
-1.26835 -2.59394
-1.27437 -2.5992
-1.27714 -2.60211
-1.2799 -2.60501
-1.28578 -2.61043
-1.29168 -2.61583
-1.29471 -2.61845
-1.29773 -2.62106
-1.30061 -2.62384
-1.30349 -2.62662
-1.3066 -2.62914
-1.30971 -2.63166
-1.31251 -2.63453
-1.31531 -2.6374
-1.31838 -2.63996
-1.32146 -2.64253
-1.32434 -2.64529
-1.32723 -2.64806
-1.33308 -2.65352
-1.33627 -2.65596
-1.33945 -2.65839
-1.34232 -2.66119
-1.34518 -2.66398
-1.34806 -2.66676
-1.35094 -2.66954
-1.35409 -2.67201
-1.35724 -2.67449
-1.36009 -2.6773
-1.36295 -2.68011
-1.36875 -2.68561
-1.37475 -2.69091
-1.38054 -2.69642
-1.3836 -2.69901
-1.38665 -2.70159
-1.38946 -2.70444
-1.39227 -2.7073
-1.3982 -2.71266
-1.40406 -2.7181
-1.40728 -2.72051
-1.41049 -2.72292
-1.41331 -2.72576
-1.41613 -2.7286
-1.42218 -2.73384
-1.42813 -2.73918
-1.43409 -2.74451
-1.44003 -2.74987
-1.44289 -2.75267
-1.44575 -2.75547
-1.44859 -2.75829
-1.45142 -2.76112
-1.4545 -2.76368
-1.45758 -2.76624
-1.46345 -2.77166
-1.46925 -2.77717
-1.47231 -2.77976
-1.47536 -2.78234
-1.48128 -2.78772
-1.48411 -2.79056
-1.48693 -2.7934
-1.49009 -2.79587
-1.49324 -2.79834
-1.49613 -2.80111
-1.49901 -2.80388
-1.50182 -2.80673
-1.50464 -2.80958
-1.51066 -2.81484
-1.51649 -2.82032
-1.51957 -2.82288
-1.52265 -2.82544
-1.52866 -2.83071
-1.53153 -2.8335
-1.5344 -2.83629
-1.53751 -2.83881
-1.54061 -2.84134
-1.54647 -2.84679
-1.55231 -2.85225
-1.55828 -2.85758
-1.56408 -2.86309
-1.57013 -2.86832
-1.57293 -2.87118
-1.57573 -2.87405
-1.58172 -2.87935
-1.58461 -2.88212
-1.58749 -2.88489
-1.59065 -2.88736
-1.59381 -2.88983
-1.59967 -2.89527
-1.60271 -2.89787
-1.60575 -2.90047
-1.60854 -2.90335
-1.61133 -2.90623
-1.61445 -2.90873
-1.61758 -2.91124
-1.62337 -2.91676
-1.62623 -2.91956
-1.62908 -2.92236
-1.63213 -2.92496
-1.63518 -2.92755
-1.64122 -2.93278
-1.64717 -2.93813
-1.64994 -2.94103
-1.65271 -2.94393
-1.65584 -2.94643
-1.65897 -2.94893
-1.66171 -2.95185
-1.66446 -2.95478
-1.66761 -2.95725
-1.67077 -2.95972
-1.67353 -2.96263
-1.67629 -2.96554
-1.68229 -2.97083
-1.68538 -2.97338
-1.68847 -2.97593
-1.69435 -2.98134
-1.7004 -2.98658
-1.70323 -2.98941
-1.70607 -2.99223
-1.71207 -2.99752
-1.7151 -3.00013
-1.71814 -3.00274
-1.72094 -3.0056
-1.72374 -3.00846
-1.72688 -3.01095
-1.73002 -3.01344
-1.73281 -3.01632
-1.73559 -3.0192
-1.74137 -3.02473
-1.74443 -3.02731
-1.74749 -3.0299
-1.75053 -3.03249
-1.75358 -3.03509
-1.75636 -3.03797
-1.75915 -3.04085
-1.76507 -3.04622
-1.77104 -3.05154
-1.77414 -3.05408
-1.77723 -3.05662
-1.78316 -3.06198
-1.78593 -3.06489
-1.78869 -3.0678
-1.79179 -3.07033
-1.79489 -3.07286
-1.80072 -3.07834
-1.80377 -3.08093
-1.80682 -3.08352
-1.8097 -3.0863
-1.81258 -3.08907
-1.81851 -3.09444
-1.82429 -3.09997
-1.83012 -3.10545
-1.8333 -3.10789
-1.83649 -3.11033
-1.83923 -3.11326
-1.84196 -3.1162
-1.84509 -3.1187
-1.84822 -3.1212
-1.8511 -3.12398
-1.85397 -3.12676
-1.85704 -3.12934
-1.8601 -3.13191
-1.86611 -3.13719
-1.86894 -3.14002
-1.87176 -3.14286
-1.8776 -3.14833
-1.88342 -3.15381
-1.8865 -3.15637
-1.88958 -3.15892
-1.89558 -3.16422
-1.89839 -3.16707
-1.90119 -3.16993
-1.90427 -3.17249
-1.90735 -3.17505
-1.91334 -3.18035
-1.91925 -3.18573
-1.92205 -3.1886
-1.92485 -3.19146
-1.92794 -3.19401
-1.93102 -3.19657
-1.93698 -3.2019
-1.93975 -3.2048
-1.94251 -3.2077
-1.94854 -3.21296
-1.9516 -3.21554
-1.95467 -3.21811
-1.96047 -3.22362
-1.96651 -3.22886
-1.96955 -3.23146
-1.97259 -3.23407
-1.97843 -3.23952
-1.98126 -3.24236
-1.98409 -3.24519
-1.98723 -3.24768
-1.99038 -3.25017
-1.99625 -3.25559
-1.99913 -3.25837
-2.002 -3.26115
-2.00482 -3.264
-2.00764 -3.26684
-2.01072 -3.2694
-2.0138 -3.27195
-2.01975 -3.2773
-2.02554 -3.28282
-2.02862 -3.28537
-2.0317 -3.28793
-2.03456 -3.29073
-2.03741 -3.29354
-2.0432 -3.29906
-2.04908 -3.30449
-2.05508 -3.30977
-2.06096 -3.31519
-2.064 -3.3178
-2.06703 -3.3204
-2.07292 -3.32581
-2.07884 -3.33119
-2.08172 -3.33397
-2.0846 -3.33674
-2.09058 -3.34205
-2.09643 -3.34751
-2.09959 -3.34998
-2.10274 -3.35245
-2.1055 -3.35537
-2.10825 -3.35828
-2.11413 -3.3637
-2.11721 -3.36626
-2.12028 -3.36882
-2.12612 -3.37429
-2.13208 -3.37962
-2.13494 -3.38242
-2.1378 -3.38522
-2.14382 -3.39049
-2.14698 -3.39296
-2.15014 -3.39542
-2.156 -3.40087
-2.15883 -3.4037
-2.16165 -3.40654
-2.16451 -3.40934
-2.16737 -3.41214
-2.17044 -3.41471
-2.17351 -3.41728
-2.1766 -3.41982
-2.1797 -3.42236
-2.18252 -3.4252
-2.18535 -3.42803
-2.18845 -3.43057
-2.19155 -3.4331
-2.19426 -3.43606
-2.19697 -3.43902
-2.20004 -3.44159
-2.2031 -3.44417
-2.20902 -3.44954
-2.21207 -3.45214
-2.21512 -3.45473
-2.22107 -3.46007
-2.22383 -3.46298
-2.22659 -3.46588
-2.22973 -3.46838
-2.23286 -3.47088
-2.23564 -3.47377
-2.23841 -3.47666
-2.24159 -3.47911
-2.24477 -3.48155
-2.24749 -3.48451
-2.25021 -3.48746
-2.25341 -3.48988
-2.25662 -3.4923
-2.25944 -3.49514
-2.26226 -3.49798
-2.26818 -3.50337
-2.27121 -3.50598
-2.27424 -3.50859
-2.27706 -3.51143
-2.27988 -3.51427
-2.28303 -3.51674
-2.28619 -3.51922
-2.28902 -3.52204
-2.29186 -3.52487
-2.29788 -3.53014
-2.30074 -3.53293
-2.30361 -3.53573
-2.30664 -3.53833
-2.30968 -3.54093
-2.31272 -3.54353
-2.31577 -3.54613
-2.31853 -3.54903
-2.32129 -3.55194
-2.32729 -3.55723
-2.33324 -3.56258
-2.33906 -3.56806
-2.34213 -3.57062
-2.34521 -3.57319
-2.34825 -3.57578
-2.3513 -3.57837
-2.35409 -3.58125
-2.35688 -3.58412
-2.36283 -3.58947
-2.36885 -3.59474
-2.37189 -3.59733
-2.37494 -3.59992
-2.38072 -3.60545
-2.3867 -3.61077
-2.39251 -3.61627
-2.39848 -3.62159
-2.40444 -3.62693
-2.4073 -3.62972
-2.41016 -3.63252
-2.41618 -3.63779
-2.41924 -3.64037
-2.4223 -3.64295
-2.42822 -3.64832
-2.43098 -3.65123
-2.43373 -3.65415
-2.43972 -3.65945
-2.44277 -3.66203
-2.44583 -3.66462
-2.4518 -3.66993
-2.45463 -3.67277
-2.45745 -3.67561
-2.46052 -3.67818
-2.4636 -3.68074
-2.46648 -3.68351
-2.46937 -3.68628
-2.47541 -3.69152
-2.48135 -3.69688
-2.48422 -3.69966
-2.4871 -3.70245
-2.49293 -3.70792
-2.4989 -3.71324
-2.50483 -3.71861
-2.51084 -3.72389
-2.51663 -3.7294
-2.51973 -3.73193
-2.52284 -3.73446
-2.52863 -3.73998
-2.53169 -3.74256
-2.53474 -3.74515
-2.54053 -3.75067
-2.54338 -3.75348
-2.54624 -3.75628
-2.55202 -3.76181
-2.55511 -3.76436
-2.55819 -3.76691
-2.56126 -3.76948
-2.56432 -3.77206
-2.56706 -3.77499
-2.56979 -3.77792
-2.57287 -3.78048
-2.57595 -3.78304
-2.58176 -3.78854
-2.58486 -3.79108
-2.58796 -3.79361
-2.59071 -3.79652
-2.59347 -3.79943
-2.59657 -3.80197
-2.59967 -3.8045
-2.60254 -3.8073
-2.6054 -3.81009
-2.61123 -3.81556
-2.61711 -3.82098
-2.62031 -3.82342
-2.6235 -3.82585
-2.62635 -3.82866
-2.62919 -3.83147
-2.63204 -3.83429
-2.63489 -3.8371
-2.64094 -3.84233
-2.64398 -3.84493
-2.64702 -3.84753
-2.64985 -3.85036
-2.65268 -3.85319
-2.65864 -3.85852
-2.66451 -3.86396
-2.67033 -3.86944
-2.67626 -3.87481
-2.67935 -3.87735
-2.68245 -3.87989
-2.68552 -3.88246
-2.68859 -3.88503
-2.69437 -3.89056
-2.70042 -3.89579
-2.70624 -3.90128
-2.71206 -3.90676
-2.71486 -3.90963
-2.71766 -3.91249
-2.7207 -3.91509
-2.72374 -3.91769
-2.72688 -3.92019
-2.73001 -3.92269
-2.73584 -3.92816
-2.73861 -3.93106
-2.74138 -3.93396
-2.74455 -3.93642
-2.74772 -3.93888
-2.75362 -3.94427
-2.75636 -3.9472
-2.7591 -3.95013
-2.76218 -3.95269
-2.76526 -3.95524
-2.76813 -3.95803
-2.771 -3.96082
-2.77409 -3.96337
-2.77717 -3.96592
-2.78318 -3.9712
-2.78594 -3.9741
-2.78871 -3.97701
-2.7947 -3.9823
-2.79783 -3.98481
-2.80095 -3.98732
-2.80376 -3.99018
-2.80656 -3.99304
-2.81261 -3.99827
-2.81546 -4.00108
-2.81832 -4.00388
-2.82145 -4.00638
-2.82458 -4.00888
-2.83045 -4.01432
-2.83639 -4.01967
-2.83926 -4.02245
-2.84214 -4.02523
-2.84798 -4.0307
-2.85377 -4.03621
-2.85698 -4.03864
-2.86018 -4.04106
-2.8629 -4.04401
-2.86562 -4.04697
-2.86882 -4.04939
-2.87202 -4.05182
-2.87793 -4.0572
-2.88386 -4.06257
-2.88968 -4.06806
-2.89554 -4.0735
-2.90136 -4.07898
-2.90425 -4.08175
-2.90713 -4.08452
-2.91027 -4.08702
-2.9134 -4.08951
-2.91623 -4.09235
-2.91906 -4.09518
-2.92493 -4.10061
-2.93089 -4.10595
-2.93682 -4.11131
-2.9397 -4.11409
-2.94258 -4.11686
-2.94572 -4.11935
-2.94887 -4.12183
-2.9517 -4.12467
-2.95452 -4.12751
-2.96049 -4.13283
-2.96629 -4.13834
-2.96944 -4.14081
-2.9726 -4.14329
-2.9754 -4.14616
-2.9782 -4.14902
-2.98406 -4.15446
-2.98719 -4.15696
-2.99033 -4.15945
-2.99613 -4.16495
-2.99902 -4.16773
-3.0019 -4.1705
-3.00787 -4.17582
-3.01074 -4.17861
-3.01361 -4.1814
-3.01676 -4.18388
-3.01991 -4.18636
-3.02576 -4.19182
-3.03155 -4.19733
-3.03757 -4.2026
-3.04041 -4.20542
-3.04325 -4.20824
-3.0463 -4.21083
-3.04935 -4.21341
-3.05522 -4.21885
-3.0581 -4.22163
-3.06097 -4.22441
-3.06696 -4.22971
-3.0728 -4.23518
-3.07876 -4.24051
-3.08477 -4.24579
-3.09057 -4.2513
-3.09654 -4.25662
-3.09942 -4.2594
-3.10229 -4.26218
-3.10543 -4.26467
-3.10857 -4.26716
-3.11145 -4.26995
-3.11432 -4.27273
-3.12029 -4.27805
-3.12318 -4.28082
-3.12606 -4.28359
-3.12922 -4.28606
-3.13239 -4.28852
-3.13515 -4.29143
-3.13791 -4.29433
-3.14387 -4.29967
-3.14988 -4.30495
-3.15588 -4.31024
-3.16173 -4.31569
-3.16456 -4.31852
-3.16739 -4.32135
-3.17059 -4.32378
-3.17379 -4.3262
-3.17663 -4.32902
-3.17948 -4.33184
-3.18528 -4.33734
-3.19132 -4.34258
-3.1944 -4.34514
-3.19748 -4.3477
-3.20028 -4.35057
-3.20308 -4.35343
-3.20887 -4.35895
-3.2119 -4.36156
-3.21493 -4.36417
-3.22074 -4.36967
-3.22665 -4.37505
-3.22974 -4.3776
-3.23283 -4.38015
-3.23883 -4.38543
-3.24477 -4.39079
-3.24765 -4.39357
-3.25052 -4.39635
-3.25339 -4.39914
-3.25626 -4.40193
-3.26205 -4.40745
-3.26515 -4.40999
-3.26824 -4.41253
-3.27109 -4.41533
-3.27395 -4.41814
-3.27709 -4.42063
-3.28023 -4.42312
-3.28614 -4.4285
-3.28896 -4.43135
-3.29177 -4.43421
-3.29489 -4.43671
-3.29801 -4.43922
-3.30084 -4.44206
-3.30367 -4.44489
-3.30676 -4.44743
-3.30985 -4.44998
-3.31265 -4.45285
-3.31545 -4.45572
-3.32143 -4.46102
-3.32734 -4.46641
-3.33043 -4.46895
-3.33353 -4.47149
-3.33635 -4.47433
-3.33917 -4.47717
-3.34224 -4.47974
-3.3453 -4.48232
-3.34808 -4.4852
-3.35087 -4.48809
-3.35677 -4.49348
-3.3599 -4.49598
-3.36304 -4.49847
-3.36587 -4.5013
-3.3687 -4.50413
-3.37181 -4.50667
-3.37491 -4.5092
-3.37775 -4.51202
-3.38058 -4.51484
-3.38643 -4.5203
-3.39237 -4.52566
-3.39544 -4.52822
-3.39851 -4.53079
-3.40452 -4.53607
-3.41041 -4.54148
-3.41326 -4.54429
-3.41612 -4.54709
-3.41916 -4.54969
-3.4222 -4.55229
-3.42802 -4.55777
-3.43407 -4.563
-3.43684 -4.5659
-3.43961 -4.5688
-3.44556 -4.57414
-3.45154 -4.57946
-3.45743 -4.58487
-3.46341 -4.59018
-3.4694 -4.59548
-3.4754 -4.60076
-3.4813 -4.60617
-3.4841 -4.60903
-3.48691 -4.61189
-3.49 -4.61443
-3.49309 -4.61697
-3.49899 -4.62237
-3.50187 -4.62515
-3.50475 -4.62793
-3.50781 -4.63051
-3.51087 -4.63309
-3.51692 -4.63832
-3.51971 -4.6412
-3.52249 -4.64408
-3.52565 -4.64655
-3.52881 -4.64902
-3.53465 -4.65448
-3.54059 -4.65983
-3.54345 -4.66264
-3.5463 -4.66544
-3.5522 -4.67085
-3.55816 -4.67618
-3.56415 -4.68147
-3.57 -4.68693
-3.57601 -4.69221
-3.57882 -4.69506
-3.58163 -4.69791
-3.58475 -4.70043
-3.58786 -4.70295
-3.59067 -4.70581
-3.59347 -4.70867
-3.59934 -4.7141
-3.6024 -4.71668
-3.60547 -4.71925
-3.61138 -4.72464
-3.61729 -4.73002
-3.62038 -4.73257
-3.62346 -4.73512
-3.62631 -4.73794
-3.62916 -4.74075
-3.6351 -4.7461
-3.64113 -4.75135
-3.64392 -4.75424
-3.6467 -4.75712
-3.65272 -4.76238
-3.65871 -4.76769
-3.66157 -4.77048
-3.66443 -4.77328
-3.6675 -4.77585
-3.67056 -4.77843
-3.67652 -4.78376
-3.68256 -4.789
-3.68534 -4.7919
-3.68811 -4.79479
-3.6942 -4.79997
-3.69767 -4.80379
-3.7014 -4.80733
-3.70457 -4.81138
-3.7078 -4.81537
-3.71045 -4.81979
-3.71386 -4.82376
-3.71602 -4.82844
-3.71807 -4.83316
-3.71983 -4.838
-3.7216 -4.84279
-3.7237 -4.84756
-3.72472 -4.85263
-3.7256 -4.8577
-3.72605 -4.86282
-3.72644 -4.86796
-3.72662 -4.87309
-3.72712 -4.88084
-3.72686 -4.88859
-3.72743 -4.89634
-3.72698 -4.90409
-3.72752 -4.91184
-3.72714 -4.9196
-3.72761 -4.92735
-3.72722 -4.9351
-3.72749 -4.94285
-3.72752 -4.9506
-3.72798 -4.95835
-3.72762 -4.96611
-3.72802 -4.97385
-3.72788 -4.98161
-3.72797 -4.98936
-3.72769 -4.99711
-3.72815 -5.00486
-3.72792 -5.01262
-3.72805 -5.02037
-3.72816 -5.02812
-3.72862 -5.03587
-3.72833 -5.04362
-3.7282 -5.05138
-3.72856 -5.05912
-3.72891 -5.06687
-3.72851 -5.07463
-3.72897 -5.08238
-3.72908 -5.09013
-3.72845 -5.09789
-3.72856 -5.10564
-3.72928 -5.11338
-3.72936 -5.12115
-3.72891 -5.1258
-3.72854 -5.13044
-3.72824 -5.1351
-3.72768 -5.13975
-3.72673 -5.14431
-3.72504 -5.14868
-3.72423 -5.15332
-3.72223 -5.15755
-3.72032 -5.1618
-3.71863 -5.16613
-3.7163 -5.17017
-3.71416 -5.17431
-3.71161 -5.17821
-3.70904 -5.18211
-3.70597 -5.18562
-3.70287 -5.18909
-3.69985 -5.19265
-3.69666 -5.19607
-3.69057 -5.2012
-3.6848 -5.20667
-3.67859 -5.21168
-3.67295 -5.2173
-3.66712 -5.2227
-3.66131 -5.22814
-3.65514 -5.23318
-3.64918 -5.23844
-3.64341 -5.24392
-3.63746 -5.2492
-3.63206 -5.25508
-3.62576 -5.25998
-3.62005 -5.26552
-3.6141 -5.2708
-3.60853 -5.2765
-3.60233 -5.28151
-3.59678 -5.28722
-3.59088 -5.29256
-3.58466 -5.29753
-3.57894 -5.30307
-3.57312 -5.3085
-3.56721 -5.31382
-3.56151 -5.31937
-3.55554 -5.32463
-3.5495 -5.32981
-3.54348 -5.33501
-3.53755 -5.34032
-3.53182 -5.34583
-3.52609 -5.35135
-3.52034 -5.35686
-3.51415 -5.36187
-3.50837 -5.36734
-3.50236 -5.37255
-3.49664 -5.37808
-3.49083 -5.38351
-3.48491 -5.38883
-3.47925 -5.39443
-3.473 -5.39938
-3.46712 -5.40473
-3.46161 -5.4105
-3.45577 -5.4159
-3.44964 -5.42098
-3.44373 -5.4263
-3.43808 -5.4319
-3.43221 -5.43727
-3.42636 -5.44267
-3.42045 -5.44799
-3.41443 -5.45319
-3.40861 -5.45862
-3.40279 -5.46403
-3.39655 -5.46899
-3.39109 -5.47482
-3.3853 -5.48026
-3.37908 -5.48525
-3.37306 -5.49046
-3.36744 -5.4961
-3.36157 -5.50146
-3.35551 -5.50663
-3.3499 -5.51227
-3.34409 -5.51771
-3.33826 -5.52312
-3.33207 -5.52814
-3.32618 -5.53349
-3.32067 -5.53924
-3.31452 -5.5443
-3.30846 -5.54946
-3.30288 -5.55515
-3.29702 -5.56052
-3.29119 -5.56594
-3.28543 -5.57143
-3.27932 -5.57653
-3.27349 -5.58194
-3.26728 -5.58694
-3.26161 -5.59252
-3.25566 -5.5978
-3.24979 -5.60317
-3.2442 -5.60884
-3.23828 -5.61416
-3.23236 -5.61946
-3.22643 -5.62477
-3.22078 -5.63038
-3.21477 -5.63559
-3.20889 -5.64095
-3.20279 -5.64607
-3.19724 -5.65178
-3.19102 -5.65677
-3.18521 -5.6622
-3.17952 -5.66776
-3.17368 -5.67316
-3.16792 -5.67865
-3.16165 -5.68358
-3.15605 -5.68925
-3.14988 -5.69428
-3.14435 -5.70003
-3.13821 -5.7051
-3.13248 -5.71061
-3.1264 -5.71575
-3.12083 -5.72145
-3.11487 -5.72672
-3.10891 -5.73199
-3.10291 -5.73721
-3.09743 -5.743
-3.09133 -5.74812
-3.08547 -5.7535
-3.07971 -5.75899
-3.07394 -5.76446
-3.06795 -5.7697
-3.06169 -5.77464
-3.05614 -5.78035
-3.04998 -5.78541
-3.04449 -5.79119
-3.03863 -5.79656
-3.03262 -5.80178
-3.02655 -5.80693
-3.02095 -5.81259
-3.01504 -5.81791
-3.00886 -5.82294
-3.00296 -5.82828
-2.99741 -5.834
-2.99153 -5.83935
-2.9858 -5.8449
-2.98189 -5.84791
-2.97788 -5.85079
-2.97399 -5.85383
-2.96975 -5.85635
-2.9653 -5.85849
-2.96102 -5.86091
-2.95645 -5.86275
-2.95204 -5.86503
-2.9444 -5.86722
-2.93699 -5.87005
-2.92963 -5.87301
-2.92225 -5.87594
-2.91457 -5.87802
-2.90728 -5.88118
-2.89964 -5.88337
-2.89234 -5.88649
-2.88479 -5.88894
-2.87733 -5.89165
-2.86996 -5.89459
-2.86236 -5.89689
-2.85487 -5.89951
-2.84746 -5.90233
-2.84008 -5.90525
-2.83253 -5.90767
-2.82513 -5.91056
-2.81756 -5.91295
-2.8103 -5.91618
-2.80267 -5.91841
-2.79519 -5.92103
-2.78789 -5.92418
-2.78024 -5.92633
-2.77287 -5.92928
-2.76527 -5.93158
-2.75791 -5.93457
-2.75056 -5.93756
-2.74301 -5.94002
-2.73552 -5.94263
-2.728 -5.94513
-2.7206 -5.948
-2.71312 -5.95065
-2.70581 -5.95375
-2.69812 -5.95581
-2.69064 -5.95843
-2.68329 -5.96144
-2.67594 -5.96443
-2.66833 -5.9667
-2.66079 -5.96918
-2.65336 -5.97196
-2.64608 -5.97517
-2.63856 -5.97769
-2.63101 -5.98013
-2.62348 -5.98262
-2.61621 -5.98583
-2.60877 -5.9886
-2.60128 -5.99122
-2.59387 -5.99402
-2.58631 -5.99646
-2.57868 -5.99868
-2.57126 -6.00148
-2.56385 -6.0043
-2.55638 -6.00696
-2.54895 -6.00975
-2.54138 -6.01213
-2.53409 -6.01531
-2.52657 -6.01783
-2.51914 -6.02061
-2.51152 -6.02285
-2.50411 -6.02568
-2.49665 -6.02839
-2.48934 -6.03149
-2.48185 -6.03409
-2.47429 -6.03651
-2.46685 -6.03926
-2.45935 -6.04185
-2.45194 -6.04469
-2.44454 -6.04754
-2.43708 -6.05023
-2.42949 -6.05256
-2.42211 -6.05549
-2.41452 -6.0578
-2.40708 -6.06055
-2.39959 -6.06317
-2.39224 -6.06616
-2.38486 -6.06908
-2.37734 -6.07161
-2.36991 -6.0744
-2.36236 -6.07684
-2.35495 -6.07966
-2.34748 -6.08232
-2.34011 -6.08526
-2.3325 -6.08756
-2.32509 -6.09039
-2.3176 -6.09299
-2.31009 -6.09553
-2.30279 -6.09869
-2.29526 -6.10117
-2.28774 -6.10371
-2.28022 -6.10623
-2.27292 -6.10942
-2.26874 -6.11057
-2.26461 -6.11195
-2.26035 -6.11277
-2.25603 -6.11314
-2.25179 -6.11413
-2.24748 -6.11441
-2.24315 -6.11453
-2.23883 -6.11517
-2.23085 -6.11531
-2.22686 -6.11506
-2.22286 -6.11481
-2.21488 -6.11515
-2.20689 -6.115
-2.19891 -6.11509
-2.19092 -6.11502
-2.18294 -6.11459
-2.17894 -6.11489
-2.17495 -6.11519
-2.16696 -6.11478
-2.15898 -6.11497
-2.15099 -6.11454
-2.147 -6.11478
-2.14301 -6.11501
-2.13502 -6.11471
-2.12704 -6.11474
-2.11905 -6.11462
-2.11107 -6.11446
-2.10308 -6.11472
-2.09509 -6.11482
-2.08711 -6.1146
-2.07912 -6.1147
-2.07114 -6.11441
-2.06315 -6.11453
-2.05517 -6.11434
-2.04718 -6.11452
-2.03919 -6.11488
-2.0352 -6.11461
-2.03121 -6.11435
-2.02322 -6.1144
-2.01524 -6.11481
-2.00725 -6.11477
-1.99927 -6.11437
-1.99128 -6.11447
-1.98329 -6.1144
-1.97531 -6.11442
-1.96732 -6.11444
-1.95934 -6.11488
-1.95135 -6.11488
-1.94736 -6.11461
-1.94337 -6.11434
-1.93538 -6.11443
-1.92739 -6.1148
-1.9234 -6.11449
-1.91941 -6.11417
-1.91142 -6.11426
-1.90344 -6.11427
-1.89545 -6.11415
-1.88747 -6.1145
-1.87948 -6.11486
-1.87549 -6.11457
-1.8715 -6.11428
-1.86351 -6.11427
-1.85552 -6.11409
-1.84754 -6.11443
-1.83955 -6.11453
-1.83157 -6.11422
-1.82358 -6.11445
-1.8156 -6.1145
-1.80761 -6.11411
-1.79962 -6.11427
-1.79164 -6.1141
-1.78365 -6.1144
-1.77567 -6.11465
-1.76768 -6.11442
-1.7597 -6.11456
-1.75171 -6.11467
-1.74772 -6.1143
-1.74372 -6.11394
-1.73973 -6.11424
-1.73574 -6.11454
-1.72775 -6.11407
-1.71977 -6.11391
-1.71178 -6.11419
-1.7038 -6.1139
-1.6998 -6.11414
-1.69581 -6.11439
-1.68782 -6.11458
-1.67984 -6.11448
-1.67185 -6.11402
-1.66387 -6.11386
-1.65588 -6.11383
-1.65189 -6.11419
-1.6479 -6.11454
-1.63991 -6.1142
-1.63192 -6.11454
-1.62394 -6.11431
-1.61595 -6.11441
-1.60797 -6.11451
-1.60398 -6.11411
-1.59998 -6.11372
-1.592 -6.11414
-1.58401 -6.11438
-1.58002 -6.1141
-1.57603 -6.11382
-1.56804 -6.11373
-1.56005 -6.11368
-1.55207 -6.11407
-1.54408 -6.11413
-1.5361 -6.11431
-1.5321 -6.11398
-1.52811 -6.11364
-1.52013 -6.1138
-1.51214 -6.11421
-1.50415 -6.114
-1.49617 -6.11393
-1.48818 -6.11385
-1.4802 -6.11362
-1.47221 -6.11395
-1.46423 -6.11371
-1.45624 -6.1137
-1.44826 -6.11355
-1.44426 -6.11384
-1.44027 -6.11413
-1.43228 -6.11393
-1.4243 -6.11355
-1.41631 -6.11359
-1.41232 -6.1139
-1.40833 -6.1142
-1.40034 -6.11422
-1.39635 -6.11386
-1.39236 -6.11351
-1.38437 -6.11342
-1.37638 -6.11377
-1.3684 -6.11396
-1.36041 -6.11363
-1.35243 -6.11403
-1.34444 -6.1136
-1.33646 -6.11388
-1.32847 -6.1138
-1.32049 -6.11338
-1.3125 -6.11339
-1.30851 -6.11366
-1.30451 -6.11393
-1.29653 -6.11407
-1.28854 -6.11388
-1.28455 -6.11359
-1.28056 -6.1133
-1.27257 -6.11336
-1.26458 -6.11372
-1.2566 -6.11394
-1.24861 -6.11373
-1.24063 -6.11358
-1.23264 -6.11344
-1.22466 -6.11383
-1.21667 -6.11366
-1.20869 -6.11364
-1.2007 -6.1133
-1.19671 -6.11355
-1.19271 -6.1138
-1.18473 -6.11362
-1.17674 -6.11352
-1.16876 -6.11319
-1.16077 -6.11366
-1.15279 -6.11361
-1.1448 -6.11375
-1.13681 -6.11357
-1.12883 -6.11322
-1.12084 -6.11341
-1.11286 -6.11334
-1.10487 -6.11325
-1.09689 -6.11302
-1.0889 -6.1131
-1.08491 -6.11341
-1.08091 -6.11373
-1.07692 -6.11345
-1.07293 -6.11317
-1.06494 -6.11357
-1.05696 -6.11375
-1.04897 -6.11346
-1.04099 -6.11342
-1.033 -6.11296
-1.02502 -6.11313
-1.01703 -6.11344
-1.00904 -6.11323
-1.00106 -6.11359
-0.993072 -6.11351
-0.985087 -6.11362
-0.977102 -6.1132
-0.969116 -6.11296
-0.96113 -6.1134
-0.953144 -6.1136
-0.945159 -6.11315
-0.937174 -6.11284
-0.93318 -6.11318
-0.929187 -6.11352
-0.921202 -6.11329
-0.913216 -6.11354
-0.909223 -6.11323
-0.905231 -6.11292
-0.897245 -6.11302
-0.889259 -6.11309
-0.881274 -6.11304
-0.873288 -6.11306
-0.865303 -6.11273
-0.86131 -6.11302
-0.857316 -6.11331
-0.853324 -6.11302
-0.849331 -6.11273
-0.841345 -6.11317
-0.83336 -6.11288
-0.825374 -6.11325
-0.817388 -6.11332
-0.813395 -6.11306
-0.809403 -6.11279
-0.801417 -6.1132
-0.793431 -6.11329
-0.785445 -6.11327
-0.77746 -6.1133
-0.769474 -6.11295
-0.761488 -6.11318
-0.757496 -6.11292
-0.753503 -6.11266
-0.74951 -6.1129
-0.745517 -6.11315
-0.737532 -6.11279
-0.729546 -6.11273
-0.725553 -6.11297
-0.72156 -6.11322
-0.717568 -6.11291
-0.713575 -6.1126
-0.705589 -6.11305
-0.701596 -6.1128
-0.697604 -6.11254
-0.689618 -6.1128
-0.681632 -6.113
-0.673646 -6.11295
-0.66566 -6.11314
-0.657675 -6.11317
-0.649689 -6.11286
-0.641704 -6.11285
-0.633718 -6.11292
-0.625732 -6.11311
-0.62174 -6.11274
-0.617747 -6.11236
-0.613754 -6.11267
-0.609761 -6.11297
-0.605769 -6.11267
-0.601776 -6.11237
-0.597783 -6.11264
-0.59379 -6.11291
-0.585804 -6.11288
-0.577818 -6.11311
-0.573826 -6.11285
-0.569833 -6.1126
-0.561847 -6.11268
-0.553862 -6.11255
-0.545876 -6.11285
-0.53789 -6.11269
-0.529905 -6.11256
-0.521919 -6.11289
-0.513933 -6.11275
-0.505947 -6.1129
-0.497962 -6.11276
-0.489977 -6.1123
-0.481991 -6.11222
-0.474005 -6.11235
-0.466019 -6.1127
-0.458033 -6.1128
-0.450048 -6.11238
-0.442062 -6.11257
-0.434077 -6.11249
-0.426091 -6.11285
-0.418105 -6.11253
-0.41012 -6.11248
-0.402134 -6.11275
-0.394148 -6.11279
-0.386163 -6.11255
-0.378177 -6.1128
-0.370191 -6.1126
-0.362206 -6.11262
-0.35422 -6.11238
-0.346234 -6.11272
-0.338249 -6.11241
-0.330263 -6.11269
-0.326271 -6.11233
-0.322278 -6.11198
-0.314292 -6.11241
-0.306307 -6.11196
-0.302314 -6.1122
-0.298321 -6.11245
-0.290335 -6.1126
-0.286342 -6.11232
-0.28235 -6.11204
-0.278357 -6.11231
-0.274363 -6.11259
-0.266378 -6.11214
-0.258393 -6.11199
-0.250407 -6.11223
-0.242421 -6.11228
-0.234436 -6.112
-0.230443 -6.11225
-0.226449 -6.11251
-0.218464 -6.1125
-0.210478 -6.11232
-0.202493 -6.11186
-0.194507 -6.1123
-0.186522 -6.11194
-0.178536 -6.11177
-0.17055 -6.11199
-0.162564 -6.11233
-0.154579 -6.11218
-0.146593 -6.11247
-0.1426 -6.11212
-0.138608 -6.11178
-0.130622 -6.11185
-0.126629 -6.11209
-0.122636 -6.11232
-0.114651 -6.1119
-0.106665 -6.11199
-0.0986798 -6.11166
-0.0946866 -6.11196
-0.0906934 -6.11226
-0.0827077 -6.11225
-0.0747222 -6.11214
-0.0667371 -6.11174
-0.0587509 -6.11207
-0.0507655 -6.11189
-0.0427802 -6.11158
-0.0387869 -6.11197
-0.0347935 -6.11236
-0.0268085 -6.11192
-0.0188231 -6.11168
-0.010837 -6.11197
-0.00285161 -6.11179
0.00513384 -6.11163
0.00912708 -6.11193
0.0131203 -6.11223
0.0211054 -6.1118
0.0290912 -6.11187
0.0370765 -6.1116
0.0450628 -6.11206
0.0530481 -6.11181
0.0610335 -6.11161
0.0690191 -6.11156
0.0730123 -6.11181
0.0770054 -6.11205
0.0809979 -6.11176
0.0849903 -6.11148
0.0889836 -6.11178
0.0929768 -6.11207
0.100962 -6.11162
0.108948 -6.11207
0.112941 -6.11178
0.116933 -6.11148
0.124919 -6.11172
0.132904 -6.11136
0.14089 -6.11141
0.144883 -6.11173
0.148876 -6.11205
0.156862 -6.11161
0.160855 -6.11186
0.164848 -6.1121
0.172833 -6.11181
0.180819 -6.11172
0.188804 -6.11164
0.19679 -6.1118
0.204776 -6.11173
0.212761 -6.11159
0.220747 -6.11154
0.228733 -6.11157
0.236718 -6.11131
0.244704 -6.11148
0.252689 -6.11135
0.260675 -6.11168
0.268661 -6.11162
0.276646 -6.11118
0.284632 -6.11138
0.292618 -6.11138
0.300603 -6.11122
0.308589 -6.11139
0.316575 -6.11147
0.324561 -6.1116
0.332547 -6.11181
0.336539 -6.11154
0.340532 -6.11128
0.348517 -6.11117
0.356503 -6.11109
0.364489 -6.1115
0.372474 -6.11138
0.38046 -6.11106
0.388445 -6.11116
0.396431 -6.1111
0.404417 -6.11106
0.412402 -6.11105
0.420388 -6.11123
0.428374 -6.11115
0.436359 -6.11119
0.444345 -6.11115
0.452331 -6.11155
0.456324 -6.11125
0.460316 -6.11095
0.464309 -6.11123
0.468303 -6.11152
0.472295 -6.11124
0.476288 -6.11097
0.480281 -6.11128
0.484274 -6.1116
0.492259 -6.11116
0.500245 -6.11146
0.508231 -6.11155
0.516217 -6.11155
0.524202 -6.11138
0.532188 -6.11136
0.540174 -6.11147
0.548159 -6.11148
0.556145 -6.11123
0.56413 -6.1108
0.572116 -6.11101
0.580101 -6.1108
0.588087 -6.11081
0.59208 -6.11111
0.596073 -6.1114
0.604058 -6.11104
0.612045 -6.1114
0.62003 -6.11136
0.628016 -6.11116
0.636001 -6.11102
0.643986 -6.11069
0.651972 -6.11106
0.659959 -6.11138
0.667944 -6.11091
0.67593 -6.11137
0.683915 -6.1109
0.691901 -6.111
0.699887 -6.11136
0.707872 -6.1109
0.715858 -6.1112
0.71985 -6.11095
0.723843 -6.1107
0.731829 -6.1107
0.739815 -6.11089
0.7478 -6.11083
0.755786 -6.11084
0.763771 -6.1108
0.771757 -6.11058
0.77575 -6.11082
0.779743 -6.11107
0.787729 -6.11084
0.795714 -6.1109
0.8037 -6.11092
0.811686 -6.11114
0.819671 -6.11071
0.827657 -6.11098
0.835643 -6.11086
0.843628 -6.11045
0.851614 -6.11091
0.859599 -6.11079
0.867585 -6.11074
0.875571 -6.11083
0.883557 -6.11087
0.891543 -6.11108
0.899528 -6.11091
0.90352 -6.11065
0.907513 -6.11039
0.915499 -6.11052
0.923485 -6.11059
0.93147 -6.11035
0.939456 -6.1103
0.943449 -6.11059
0.947442 -6.11088
0.955427 -6.11073
0.963412 -6.11026
0.967406 -6.11053
0.971399 -6.11079
0.979384 -6.11076
0.983377 -6.11047
0.987369 -6.11019
0.991363 -6.11047
0.995356 -6.11076
0.999348 -6.11051
1.00334 -6.11025
1.01133 -6.11021
1.01532 -6.11048
1.01931 -6.11074
1.0273 -6.11041
1.03528 -6.11039
1.04327 -6.11066
1.04726 -6.11041
1.05125 -6.11016
1.05924 -6.11011
1.06723 -6.11009
1.07122 -6.11047
1.07521 -6.11086
1.0832 -6.11066
1.09118 -6.11031
1.09917 -6.11059
1.10715 -6.11033
1.11514 -6.11042
1.12313 -6.11003
1.13111 -6.11015
1.1351 -6.11042
1.1391 -6.11069
1.14309 -6.11033
1.14708 -6.10997
1.15108 -6.11029
1.15507 -6.11061
1.15906 -6.1103
1.16305 -6.10999
1.16705 -6.11026
1.17104 -6.11053
1.17903 -6.11061
1.18701 -6.11068
1.191 -6.1103
1.195 -6.10992
1.20298 -6.11026
1.21097 -6.11
1.21895 -6.11017
1.22694 -6.1102
1.23493 -6.11017
1.24291 -6.11011
1.2509 -6.10996
1.25489 -6.11024
1.25888 -6.11052
1.26288 -6.11022
1.26687 -6.10992
1.27485 -6.11
1.28284 -6.11005
1.29083 -6.11052
1.29881 -6.11028
1.3068 -6.11028
1.31079 -6.11002
1.31478 -6.10976
1.31877 -6.11011
1.32277 -6.11047
1.33075 -6.11011
1.33874 -6.11042
1.34273 -6.1101
1.34672 -6.10978
1.35471 -6.10975
1.3587 -6.11008
1.3627 -6.11042
1.37068 -6.11041
1.37867 -6.11032
1.38665 -6.10994
1.39464 -6.11032
1.40262 -6.11038
1.41061 -6.11037
1.4146 -6.10999
1.41859 -6.10962
1.42658 -6.10994
1.43457 -6.10972
1.44255 -6.11013
1.45054 -6.11007
1.45852 -6.10998
1.46651 -6.11032
1.4745 -6.11012
1.48248 -6.10986
1.49047 -6.10967
1.49845 -6.11008
1.50644 -6.11026
1.51442 -6.11012
1.52241 -6.11019
1.53039 -6.11004
1.53838 -6.10967
1.54637 -6.10982
1.55435 -6.11012
1.56234 -6.10996
1.57032 -6.10963
1.57831 -6.11008
1.58629 -6.10998
1.59428 -6.10987
1.60227 -6.10975
1.61025 -6.10959
1.61824 -6.10989
1.62622 -6.11008
1.63022 -6.10984
1.63421 -6.10959
1.64219 -6.10999
1.65018 -6.10964
1.65817 -6.10989
1.66615 -6.10991
1.67014 -6.10967
1.67414 -6.10942
1.68212 -6.10973
1.69011 -6.10999
1.6941 -6.10963
1.69809 -6.10927
1.70608 -6.10961
1.71406 -6.1096
1.72205 -6.10983
1.72604 -6.10959
1.73004 -6.10934
1.73802 -6.10932
1.74601 -6.10947
1.75399 -6.10918
1.76198 -6.10956
1.76996 -6.10947
1.77795 -6.10989
1.78594 -6.10982
1.78993 -6.10957
1.79392 -6.10933
1.80191 -6.10975
1.80989 -6.10983
1.81389 -6.10948
1.81788 -6.10913
1.82586 -6.10949
1.83385 -6.10906
1.84183 -6.10917
1.84583 -6.10943
1.84982 -6.1097
1.85781 -6.1093
1.86579 -6.10943
1.87378 -6.10944
1.88176 -6.10923
1.88975 -6.10959
1.89774 -6.10967
1.90173 -6.10936
1.90572 -6.10905
1.91371 -6.10943
1.92169 -6.10901
1.92568 -6.10934
1.92968 -6.10967
1.93766 -6.10936
1.94565 -6.10894
1.95363 -6.10894
1.96162 -6.10931
1.96961 -6.10958
1.9736 -6.10928
1.97759 -6.10899
1.98558 -6.10914
1.99356 -6.10902
2.00155 -6.10944
2.00554 -6.10917
2.00953 -6.1089
2.01752 -6.10888
2.0255 -6.10896
2.0295 -6.10924
2.03349 -6.10952
2.04148 -6.1092
2.04946 -6.10894
2.05745 -6.10907
2.06543 -6.1089
2.06943 -6.1092
2.07342 -6.10949
2.07741 -6.10917
2.0814 -6.10885
2.08939 -6.10881
2.09738 -6.10881
2.10536 -6.10903
2.11335 -6.10914
2.12133 -6.10924
2.1293 -6.10877
2.13442 -6.10845
2.1395 -6.10817
2.14462 -6.10779
2.14962 -6.10671
2.15461 -6.10555
2.15972 -6.10466
2.16438 -6.10253
2.16916 -6.10067
2.1764 -6.09747
2.18373 -6.09446
2.19104 -6.09142
2.19818 -6.08799
2.20557 -6.08513
2.21264 -6.08154
2.21993 -6.07845
2.22708 -6.07503
2.23433 -6.07186
2.24169 -6.06893
2.24893 -6.06571
2.25615 -6.06247
2.26348 -6.05946
2.27074 -6.05629
2.27814 -6.05346
2.28544 -6.05039
2.29258 -6.04696
2.29986 -6.04385
2.30702 -6.04045
2.31419 -6.0371
2.32153 -6.03411
2.32892 -6.03125
2.33607 -6.02783
2.34319 -6.02435
2.35063 -6.02161
2.35789 -6.01845
2.36524 -6.01549
2.3723 -6.01189
2.37971 -6.00907
2.38689 -6.00571
2.39425 -6.00279
2.40129 -5.99913
2.40851 -5.99588
2.41607 -5.99341
2.4233 -5.99017
2.43032 -5.98647
2.43769 -5.98355
2.44484 -5.98014
2.45224 -5.9773
2.45949 -5.97412
2.4667 -5.97086
2.47403 -5.96786
2.48136 -5.96486
2.48843 -5.96126
2.49584 -5.95844
2.50316 -5.95541
2.51028 -5.95194
2.51758 -5.94887
2.52479 -5.94558
2.53206 -5.94246
2.5392 -5.93902
2.54657 -5.93612
2.55384 -5.93297
2.5611 -5.92983
2.56825 -5.9264
2.5757 -5.92368
2.5829 -5.92039
2.58995 -5.91674
2.59745 -5.91414
2.60466 -5.91087
2.61174 -5.9073
2.61908 -5.9043
2.62646 -5.90142
2.63372 -5.89827
2.64084 -5.89478
2.64806 -5.89153
2.65557 -5.88894
2.66263 -5.88532
2.67 -5.88243
2.67712 -5.87893
2.68456 -5.8762
2.69165 -5.87265
2.69884 -5.86933
2.70607 -5.8661
2.71339 -5.86308
2.72062 -5.85984
2.72792 -5.85677
2.73516 -5.85358
2.74254 -5.85069
2.74963 -5.84713
2.757 -5.84423
2.76425 -5.84105
2.77151 -5.83789
2.77879 -5.83477
2.78606 -5.83164
2.79334 -5.82851
2.80067 -5.82553
2.8077 -5.82183
2.81494 -5.81863
2.82219 -5.81544
2.8295 -5.8124
2.83675 -5.80925
2.8405 -5.8075
2.84418 -5.80567
2.84801 -5.80403
2.85126 -5.80146
2.8549 -5.79945
2.85799 -5.79669
2.86107 -5.79394
2.86422 -5.7913
2.87032 -5.78619
2.87607 -5.78072
2.88178 -5.77519
2.88791 -5.77013
2.89395 -5.76497
2.89955 -5.75933
2.90541 -5.75397
2.91109 -5.74841
2.91717 -5.74329
2.92303 -5.73794
2.9288 -5.73247
2.93455 -5.727
2.94026 -5.72148
2.94653 -5.71657
2.95249 -5.71132
2.95784 -5.70541
2.96377 -5.70013
2.96974 -5.69489
2.97592 -5.68987
2.98139 -5.68409
2.98751 -5.67902
2.99302 -5.67327
2.99927 -5.66834
3.00496 -5.66279
3.01092 -5.65755
3.01642 -5.6518
3.02227 -5.64643
3.02846 -5.64143
3.03437 -5.63612
3.04005 -5.63057
3.04572 -5.625
3.05177 -5.61986
3.0575 -5.61436
3.06341 -5.60905
3.06922 -5.60363
3.0752 -5.59841
3.08082 -5.59279
3.08678 -5.58754
3.09262 -5.58215
3.09875 -5.57709
3.10434 -5.57144
3.11021 -5.5661
3.11619 -5.56087
3.12177 -5.5552
3.12764 -5.54985
3.13353 -5.54453
3.13953 -5.53932
3.14546 -5.53404
3.1515 -5.52888
3.15701 -5.52313
3.16277 -5.51768
3.16909 -5.51282
3.17491 -5.50741
3.18066 -5.50194
3.18666 -5.49673
3.19229 -5.49112
3.19831 -5.48594
3.20386 -5.48024
3.21008 -5.47527
3.21588 -5.46985
3.22138 -5.46409
3.2273 -5.45881
3.23352 -5.45383
3.23924 -5.44833
3.24508 -5.44295
3.25068 -5.4373
3.25641 -5.43181
3.26275 -5.42697
3.26816 -5.42112
3.27424 -5.416
3.28003 -5.41056
3.28591 -5.40523
3.29163 -5.39972
3.2974 -5.39426
3.30348 -5.38914
3.30944 -5.3839
3.31514 -5.37836
3.3213 -5.37333
3.32713 -5.36794
3.33274 -5.36231
3.33842 -5.35675
3.34473 -5.35189
3.35053 -5.34646
3.35615 -5.34084
3.36203 -5.33551
3.36787 -5.33012
3.37371 -5.32474
3.37958 -5.3194
3.38529 -5.31388
3.39116 -5.30853
3.39731 -5.30348
3.40295 -5.29789
3.40885 -5.29257
3.41488 -5.2874
3.42059 -5.28188
3.42667 -5.27676
3.4321 -5.27093
3.43795 -5.26556
3.44396 -5.26037
3.4497 -5.25488
3.45562 -5.24958
3.46164 -5.24439
3.46743 -5.23896
3.4734 -5.23373
3.47921 -5.22831
3.48514 -5.22303
3.4906 -5.21724
3.49687 -5.21232
3.50255 -5.20677
3.50819 -5.20117
3.51444 -5.19624
3.52034 -5.19092
3.52622 -5.18559
3.53176 -5.17988
3.53766 -5.17456
3.54379 -5.1695
3.54942 -5.16389
3.55502 -5.15825
3.56117 -5.15321
3.56681 -5.1476
3.57276 -5.14235
3.57861 -5.13697
3.58456 -5.13172
3.59028 -5.1262
3.59625 -5.12097
3.59959 -5.11764
3.60285 -5.11425
3.60593 -5.11068
3.60888 -5.10701
3.61143 -5.10304
3.61399 -5.09911
3.61617 -5.09493
3.6188 -5.09098
3.62019 -5.08644
3.62271 -5.08236
3.62377 -5.07775
3.62561 -5.07336
3.62661 -5.06875
3.62749 -5.0641
3.62777 -5.05939
3.62818 -5.05471
3.62875 -5.05001
3.62841 -5.0453
3.62828 -5.03746
3.6284 -5.02961
3.62812 -5.02177
3.62809 -5.01392
3.6282 -5.00607
3.62787 -4.99823
3.62772 -4.99039
3.62744 -4.98255
3.62691 -4.97471
3.62744 -4.96685
3.62662 -4.95902
3.62685 -4.95117
3.62646 -4.94333
3.6269 -4.93548
3.62656 -4.92764
3.62604 -4.9198
3.62578 -4.91196
3.62587 -4.90411
3.6261 -4.89626
3.62549 -4.88843
3.62587 -4.88057
3.6256 -4.87273
3.62511 -4.86489
3.62521 -4.85704
3.62522 -4.8492
3.62443 -4.84137
3.62435 -4.83352
3.62409 -4.82568
3.62413 -4.81783
3.62415 -4.80998
3.62428 -4.80213
3.62387 -4.7943
3.62401 -4.78645
3.62345 -4.77861
3.62321 -4.77077
3.62318 -4.76292
3.62329 -4.75507
3.62316 -4.74723
3.62257 -4.7394
3.62282 -4.73472
3.62175 -4.73015
3.6213 -4.7255
3.62056 -4.72091
3.61947 -4.71638
3.61814 -4.71193
3.61654 -4.70755
3.61537 -4.703
3.61332 -4.69881
3.61125 -4.69463
3.60903 -4.69053
3.6066 -4.68654
3.60358 -4.68297
3.60096 -4.67912
3.598 -4.67552
3.59485 -4.6721
3.5914 -4.66896
3.58834 -4.66538
3.58511 -4.66301
3.58188 -4.66064
3.57593 -4.65531
3.56976 -4.65023
3.56696 -4.64736
3.56416 -4.64449
3.56099 -4.64205
3.55782 -4.6396
3.55201 -4.6341
3.54598 -4.62886
3.54279 -4.62644
3.5396 -4.62402
3.53348 -4.61889
3.52747 -4.61362
3.52151 -4.60829
3.51553 -4.60299
3.50958 -4.59766
3.50353 -4.59243
3.49735 -4.58736
3.49118 -4.58228
3.48516 -4.57703
3.47931 -4.57158
3.4731 -4.56654
3.4702 -4.56378
3.46731 -4.56102
3.4641 -4.55863
3.46088 -4.55624
3.45802 -4.55344
3.45516 -4.55064
3.44898 -4.54557
3.44287 -4.54041
3.43692 -4.53508
3.43081 -4.52993
3.42792 -4.52716
3.42503 -4.52439
3.42181 -4.52201
3.41859 -4.51963
3.41573 -4.51682
3.41288 -4.51402
3.40662 -4.50903
3.40066 -4.50371
3.3975 -4.50126
3.39434 -4.49881
3.39151 -4.49597
3.38868 -4.49313
3.38243 -4.48815
3.37639 -4.48292
3.37039 -4.47764
3.36412 -4.47268
3.35816 -4.46735
3.35218 -4.46204
3.34611 -4.45684
3.34325 -4.45404
3.3404 -4.45124
3.33423 -4.44615
3.33103 -4.44375
3.32783 -4.44134
3.32197 -4.4359
3.31593 -4.43066
3.30971 -4.42564
3.30379 -4.42027
3.30093 -4.41747
3.29807 -4.41467
3.29193 -4.40955
3.28873 -4.40715
3.28553 -4.40474
3.27972 -4.39924
3.27366 -4.39404
3.2676 -4.38882
3.26163 -4.3835
3.25848 -4.38105
3.25532 -4.37859
3.25246 -4.37579
3.24959 -4.373
3.2464 -4.37059
3.2432 -4.36817
3.24032 -4.3654
3.23743 -4.36263
3.23135 -4.35744
3.22547 -4.35203
3.22224 -4.34966
3.21901 -4.34728
3.21305 -4.34196
3.20725 -4.33645
3.20408 -4.33401
3.20091 -4.33157
3.19483 -4.32638
3.1888 -4.32113
3.18292 -4.31571
3.17977 -4.31325
3.17661 -4.31079
3.17073 -4.30538
3.16455 -4.30031
3.16174 -4.29746
3.15892 -4.2946
3.1557 -4.29221
3.15249 -4.28983
3.14667 -4.28433
3.14053 -4.27922
3.13447 -4.27401
3.1284 -4.26882
3.12234 -4.2636
3.11947 -4.26082
3.11659 -4.25803
3.11342 -4.2556
3.11024 -4.25316
3.10405 -4.2481
3.09823 -4.24262
3.09227 -4.2373
3.08618 -4.23213
3.07989 -4.22718
3.07706 -4.22435
3.07423 -4.22152
3.07105 -4.21907
3.06788 -4.21663
3.06502 -4.21384
3.06215 -4.21105
3.05894 -4.20864
3.05574 -4.20624
3.04972 -4.20099
3.04381 -4.19561
3.03793 -4.19019
3.03179 -4.18507
3.02566 -4.17994
3.01961 -4.17473
3.01348 -4.1696
3.01062 -4.16679
3.00777 -4.16398
3.0045 -4.16166
3.00123 -4.15933
2.99539 -4.15387
2.98958 -4.14837
2.98643 -4.14591
2.98327 -4.14344
2.9774 -4.13802
2.97118 -4.13299
2.96499 -4.12794
2.96218 -4.12508
2.95937 -4.12222
2.9533 -4.11703
2.95009 -4.11463
2.94689 -4.11223
2.94406 -4.10938
2.94124 -4.10653
2.938 -4.10418
2.93475 -4.10182
2.93187 -4.09905
2.92899 -4.09628
2.923 -4.09098
2.9198 -4.08857
2.91661 -4.08616
2.91381 -4.08329
2.91101 -4.08042
2.90494 -4.07522
2.90178 -4.07277
2.89862 -4.07031
2.89242 -4.06527
2.88956 -4.06246
2.8867 -4.05966
2.88351 -4.05725
2.88031 -4.05483
2.87747 -4.05201
2.87463 -4.04918
2.87142 -4.04679
2.86821 -4.04439
2.86217 -4.03917
2.85936 -4.0363
2.85656 -4.03343
2.85038 -4.02837
2.84422 -4.02327
2.8381 -4.01813
2.83227 -4.01265
2.82606 -4.00762
2.82019 -4.00219
2.81391 -3.99724
2.80773 -3.99217
2.80175 -3.98687
2.79587 -3.98145
2.79272 -3.97899
2.78956 -3.97653
2.78671 -3.97372
2.78386 -3.97091
2.77759 -3.96594
2.77147 -3.9608
2.76866 -3.95794
2.76586 -3.95508
2.76268 -3.95264
2.7595 -3.95021
2.75345 -3.94499
2.75058 -3.9422
2.74771 -3.93941
2.74445 -3.93708
2.74118 -3.93474
2.73529 -3.92934
2.72929 -3.92406
2.72328 -3.9188
2.71719 -3.91363
2.71429 -3.91086
2.7114 -3.9081
2.70511 -3.90316
2.69891 -3.89811
2.69601 -3.89535
2.69312 -3.89259
2.68699 -3.88746
2.68111 -3.88204
2.67496 -3.87694
2.66892 -3.87171
2.66306 -3.86627
2.65985 -3.86387
2.65664 -3.86147
2.65065 -3.85618
2.64778 -3.8534
2.64491 -3.85061
2.64167 -3.84825
2.63843 -3.84588
2.63554 -3.84312
2.63264 -3.84036
2.62673 -3.83498
2.62063 -3.82982
2.61745 -3.82739
2.61426 -3.82497
2.60827 -3.81968
2.60539 -3.81691
2.6025 -3.81414
2.59641 -3.80897
2.59025 -3.80387
2.58424 -3.7986
2.57834 -3.79321
2.57508 -3.79087
2.57183 -3.78853
2.56602 -3.78302
2.55977 -3.77804
2.55378 -3.77275
2.5509 -3.76997
2.54802 -3.76719
2.54181 -3.76215
2.53893 -3.75938
2.53604 -3.75661
2.53289 -3.75414
2.52974 -3.75168
2.52375 -3.74639
2.51767 -3.7412
2.51171 -3.73588
2.50549 -3.73085
2.49962 -3.72543
2.49357 -3.72021
2.48727 -3.71527
2.48133 -3.70993
2.47531 -3.70467
2.47241 -3.70192
2.46952 -3.69916
2.46631 -3.69676
2.46311 -3.69435
2.46024 -3.69157
2.45736 -3.68878
2.45107 -3.68384
2.44516 -3.67846
2.43921 -3.67312
2.43603 -3.67069
2.43286 -3.66825
2.43002 -3.66543
2.42717 -3.66261
2.42113 -3.65738
2.41788 -3.65503
2.41463 -3.65268
2.41177 -3.64988
2.40891 -3.64708
2.40273 -3.64201
2.39661 -3.63687
2.39376 -3.63406
2.39091 -3.63125
2.38767 -3.62889
2.38443 -3.62653
2.37857 -3.62108
2.37231 -3.6161
2.36633 -3.6108
2.36021 -3.60567
2.35413 -3.60047
2.34811 -3.59523
2.34212 -3.58993
2.33617 -3.5846
2.33009 -3.57941
2.32397 -3.57427
2.31809 -3.56885
2.3119 -3.5638
2.30902 -3.56102
2.30614 -3.55824
2.30015 -3.55296
2.29386 -3.54801
2.28783 -3.54277
2.282 -3.5373
2.27581 -3.53223
2.27265 -3.52978
2.26948 -3.52733
2.26663 -3.52452
2.26378 -3.52171
2.25763 -3.5166
2.25178 -3.51115
2.24572 -3.50595
2.24249 -3.50357
2.23927 -3.50119
2.2364 -3.4984
2.23353 -3.49561
2.23035 -3.49318
2.22716 -3.49076
2.2213 -3.48532
2.21504 -3.48034
2.21215 -3.47758
2.20925 -3.47482
2.20298 -3.46985
2.19711 -3.46443
2.19119 -3.45906
2.18527 -3.45369
2.18203 -3.45132
2.1788 -3.44895
2.17591 -3.44619
2.17302 -3.44342
2.16709 -3.43807
2.1639 -3.43564
2.16072 -3.43322
2.15478 -3.42786
2.14876 -3.42261
2.14261 -3.41751
2.13664 -3.41219
2.1304 -3.40719
2.12759 -3.40433
2.12479 -3.40147
2.12162 -3.39902
2.11845 -3.39658
2.1126 -3.39113
2.10643 -3.38605
2.10045 -3.38075
2.0943 -3.37563
2.0882 -3.37047
2.08218 -3.36523
2.0763 -3.3598
2.07027 -3.35457
2.06397 -3.34963
2.05796 -3.34437
2.05175 -3.33933
2.04892 -3.3365
2.04609 -3.33366
2.04288 -3.33126
2.03967 -3.32886
2.03359 -3.32368
2.03075 -3.32086
2.0279 -3.31804
2.02177 -3.31292
2.01591 -3.30748
2.00984 -3.30228
2.00359 -3.29729
1.99744 -3.29218
1.99146 -3.28689
1.98537 -3.28171
1.97932 -3.27649
1.97646 -3.27369
1.97359 -3.2709
1.96738 -3.26586
1.96139 -3.26057
1.95531 -3.25539
1.9492 -3.25024
1.94292 -3.24529
1.94011 -3.24243
1.93729 -3.23958
1.93115 -3.23447
1.92517 -3.22916
1.922 -3.22672
1.91883 -3.22428
1.91281 -3.21903
1.90657 -3.21403
1.90376 -3.21116
1.90095 -3.2083
1.8948 -3.2032
1.88858 -3.19818
1.88259 -3.19289
1.87653 -3.18768
1.87056 -3.18236
1.86442 -3.17725
1.85841 -3.17198
1.85229 -3.16684
1.84632 -3.16153
1.84008 -3.15653
1.83417 -3.15114
1.83131 -3.14835
1.82844 -3.14556
1.82518 -3.14322
1.82192 -3.14088
1.81907 -3.13807
1.81622 -3.13526
1.81029 -3.1299
1.80713 -3.12744
1.80397 -3.12499
1.79803 -3.11964
1.79188 -3.11454
1.78582 -3.10933
1.77995 -3.1039
1.77373 -3.09888
1.77085 -3.0961
1.76796 -3.09333
1.76476 -3.09093
1.76155 -3.08853
1.75552 -3.08328
1.75267 -3.08047
1.74983 -3.07765
1.74364 -3.07259
1.73762 -3.06733
1.73138 -3.06234
1.72538 -3.05706
1.71957 -3.05155
1.71338 -3.0465
1.7102 -3.04407
1.70702 -3.04164
1.70108 -3.03629
1.695 -3.03111
1.69216 -3.02828
1.68932 -3.02545
1.68611 -3.02306
1.6829 -3.02067
1.67698 -3.0153
1.67408 -3.01254
1.67118 -3.00978
1.66796 -3.00741
1.66473 -3.00503
1.65881 -2.99966
1.65282 -2.99436
1.64967 -2.9919
1.64652 -2.98944
1.64062 -2.98404
1.63478 -2.97857
1.62871 -2.97338
1.62269 -2.96813
1.61643 -2.96315
1.61055 -2.95774
1.60448 -2.95254
1.5984 -2.94735
1.59215 -2.94237
1.58632 -2.93689
1.58025 -2.93168
1.57443 -2.92621
1.57119 -2.92384
1.56795 -2.92148
1.56512 -2.91865
1.56229 -2.91581
1.55903 -2.91347
1.55578 -2.91112
1.55292 -2.90833
1.55005 -2.90553
1.54392 -2.9004
1.53773 -2.89534
1.53161 -2.89021
1.52883 -2.88731
1.52605 -2.88441
1.52279 -2.88208
1.51953 -2.87974
1.5135 -2.8745
1.51071 -2.87161
1.50792 -2.86873
1.50167 -2.86375
1.49555 -2.8586
1.48949 -2.8534
1.48359 -2.848
1.47761 -2.8427
1.47141 -2.83765
1.46556 -2.83221
1.45931 -2.82722
1.45318 -2.82209
1.45029 -2.81932
1.4474 -2.81656
1.44415 -2.8142
1.44091 -2.81185
1.4349 -2.80658
1.42904 -2.80113
1.42281 -2.79613
1.41696 -2.79067
1.41104 -2.7853
1.40483 -2.78027
1.40193 -2.77751
1.39904 -2.77475
1.39286 -2.76968
1.3867 -2.76458
1.38054 -2.75949
1.37438 -2.7544
1.36834 -2.74917
1.36232 -2.74391
1.35641 -2.73853
1.35045 -2.73321
1.3442 -2.72821
1.34131 -2.72545
1.33842 -2.72269
1.33221 -2.71765
1.32613 -2.71247
1.32003 -2.7073
1.31399 -2.70207
1.31111 -2.69929
1.30824 -2.69651
1.30503 -2.69411
1.30182 -2.69171
1.29894 -2.68893
1.29606 -2.68616
1.29288 -2.68372
1.28971 -2.68129
1.28687 -2.67846
1.28403 -2.67563
1.27781 -2.67061
1.27493 -2.66783
1.27205 -2.66505
1.26881 -2.66269
1.26558 -2.66033
1.26269 -2.65756
1.2598 -2.65479
1.2537 -2.64962
1.24741 -2.64468
1.24155 -2.63924
1.23528 -2.63428
1.23244 -2.63145
1.2296 -2.62862
1.22359 -2.62336
1.2173 -2.61842
1.21121 -2.61324
1.20503 -2.60818
1.19918 -2.60273
1.19318 -2.59745
1.18724 -2.5921
1.18408 -2.58964
1.18092 -2.58719
1.17492 -2.58191
1.1689 -2.57666
1.1627 -2.57161
1.15981 -2.56884
1.15692 -2.56608
1.15063 -2.56113
1.1478 -2.5583
1.14497 -2.55547
1.14174 -2.55309
1.13851 -2.55072
1.13566 -2.5479
1.13282 -2.54509
1.12966 -2.54263
1.12651 -2.54017
1.12042 -2.53499
1.11434 -2.5298
1.10827 -2.52461
1.10539 -2.52183
1.10251 -2.51904
1.09933 -2.51661
1.09615 -2.51418
1.09332 -2.51135
1.09049 -2.50851
1.08423 -2.50354
1.07825 -2.49824
1.0722 -2.49302
1.06632 -2.48761
1.06006 -2.48262
1.054 -2.47741
1.04789 -2.47226
1.04202 -2.46684
1.03599 -2.4616
1.02981 -2.45653
1.02394 -2.4511
1.01798 -2.44577
1.01478 -2.44336
1.01158 -2.44095
1.0057 -2.43554
0.999601 -2.43037
0.996711 -2.42761
0.99382 -2.42484
0.990632 -2.42242
0.987443 -2.42
0.984596 -2.41719
0.981749 -2.41437
0.975484 -2.4094
0.969469 -2.40414
0.963229 -2.39914
0.957066 -2.39405
0.95114 -2.38868
0.9453 -2.38322
0.939406 -2.37782
0.933327 -2.37263
0.927247 -2.36745
0.92109 -2.36235
0.915054 -2.35711
0.908774 -2.35216
0.905928 -2.34934
0.903083 -2.34652
0.896793 -2.34158
0.893903 -2.33882
0.891012 -2.33605
0.884977 -2.33081
0.878851 -2.32568
0.875697 -2.32322
0.872543 -2.32076
0.866419 -2.31563
0.860373 -2.3104
0.857542 -2.30757
0.85471 -2.30473
0.851474 -2.30237
0.848239 -2.3
0.842317 -2.29463
0.836467 -2.28918
0.830509 -2.28385
0.824279 -2.27884
0.818438 -2.27338
0.812411 -2.26813
0.809198 -2.26574
0.805985 -2.26335
0.80315 -2.26052
0.800315 -2.25769
0.794018 -2.25275
0.791121 -2.24999
0.788225 -2.24723
0.784992 -2.24486
0.78176 -2.24249
0.778922 -2.23967
0.776084 -2.23684
0.772825 -2.2345
0.769565 -2.23216
0.763667 -2.22677
0.757713 -2.22144
0.751895 -2.21595
0.74578 -2.2108
0.739502 -2.20585
0.733529 -2.20054
0.727498 -2.1953
0.721522 -2.18999
0.715232 -2.18505
0.709433 -2.17954
0.703492 -2.17419
0.697396 -2.16902
0.691124 -2.16406
0.687404 -2.1613
0.681229 -2.15628
0.67517 -2.15112
0.668876 -2.14625
0.662768 -2.14115
0.656252 -2.13656
0.650076 -2.13155
0.643663 -2.12683
0.637478 -2.12182
0.631479 -2.11658
0.625221 -2.11167
0.619035 -2.10666
0.612373 -2.10227
0.606359 -2.09704
0.600004 -2.09225
0.593701 -2.0874
0.587766 -2.08207
0.581112 -2.07766
0.575131 -2.0724
0.568542 -2.06791
0.562633 -2.06255
0.556186 -2.05788
0.550213 -2.0526
0.543613 -2.04812
0.537231 -2.04337
0.531132 -2.03825
0.525151 -2.03299
0.518617 -2.02843
0.512279 -2.02361
0.506406 -2.01821
0.500106 -2.01335
0.493565 -2.0088
0.487621 -2.00349
0.481418 -1.9985
0.474879 -1.99395
0.468611 -1.98905
0.462617 -1.9838
0.456098 -1.97922
0.449885 -1.97425
0.443441 -1.96957
0.437591 -1.96414
0.431086 -1.95954
0.424796 -1.95467
0.418813 -1.94941
0.41234 -1.94477
0.405874 -1.94012
0.399988 -1.93473
0.393756 -1.92979
0.38752 -1.92485
0.381136 -1.92009
0.374818 -1.91526
0.36871 -1.91015
0.362111 -1.90567
0.355868 -1.90074
0.349981 -1.89536
0.343549 -1.89067
0.337303 -1.88574
0.330935 -1.88096
0.324565 -1.87619
0.318547 -1.87098
0.312384 -1.86594
0.305794 -1.86145
0.299641 -1.8564
0.293708 -1.85108
0.287471 -1.84614
0.280734 -1.84184
0.274893 -1.83639
0.26847 -1.83169
0.262241 -1.82674
0.256173 -1.82158
0.249759 -1.81687
0.243476 -1.81199
0.236978 -1.80738
0.230686 -1.80251
0.224602 -1.79738
0.2186 -1.79214
0.212056 -1.78759
0.20611 -1.78228
0.199523 -1.77779
0.193466 -1.77262
0.187076 -1.76787
0.18105 -1.76266
0.174651 -1.75793
0.16858 -1.75278
0.162172 -1.74806
0.155877 -1.74319
0.149778 -1.73808
0.143526 -1.73315
0.137204 -1.72832
0.130931 -1.72343
0.124411 -1.71885
0.118261 -1.7138
0.112245 -1.70858
0.106015 -1.70363
0.0997158 -1.69877
0.093374 -1.69396
0.0872547 -1.68887
0.0805741 -1.6845
0.0743542 -1.67954
0.0682023 -1.67449
0.062024 -1.66947
0.0557445 -1.66459
0.0495305 -1.65962
0.0430719 -1.65496
0.0369381 -1.64989
0.0309101 -1.64469
0.024483 -1.63999
