2.24971 -3.42781
2.24686 -3.42548
2.244 -3.42267
2.24114 -3.41987
2.23514 -3.41458
2.23193 -3.41218
2.22871 -3.40978
2.2227 -3.4045
2.21975 -3.40181
2.21679 -3.39912
2.21075 -3.39387
2.20767 -3.39132
2.20459 -3.38877
2.19858 -3.38348
2.19244 -3.37836
2.18954 -3.3756
2.18664 -3.37284
2.18345 -3.37041
2.18027 -3.36798
2.17739 -3.36519
2.17451 -3.3624
2.16841 -3.35723
2.16519 -3.35484
2.16196 -3.35246
2.15904 -3.34973
2.15611 -3.347
2.15299 -3.34449
2.14987 -3.34199
2.14702 -3.33916
2.14417 -3.33634
2.13807 -3.33117
2.13204 -3.32592
2.12589 -3.3208
2.11983 -3.31558
2.11379 -3.31034
2.11066 -3.30783
2.10754 -3.30533
2.10149 -3.3001
2.09538 -3.29494
2.0924 -3.29227
2.08942 -3.2896
2.08344 -3.28429
2.08025 -3.28187
2.07706 -3.27944
2.07422 -3.27661
2.07139 -3.27377
2.0683 -3.27123
2.06521 -3.26868
2.06209 -3.26617
2.05898 -3.26366
2.05609 -3.26089
2.0532 -3.25811
2.0471 -3.25294
2.044 -3.25041
2.0409 -3.24788
2.03774 -3.24542
2.03457 -3.24297
2.03176 -3.2401
2.02895 -3.23724
2.02577 -3.23481
2.02258 -3.23238
2.01972 -3.22958
2.01685 -3.22677
2.01074 -3.22161
2.00762 -3.2191
2.0045 -3.2166
1.99848 -3.21133
1.99533 -3.20887
1.99217 -3.2064
1.98925 -3.20366
1.98633 -3.20093
1.9832 -3.19843
1.98007 -3.19594
1.97718 -3.19316
1.97429 -3.19039
1.97116 -3.1879
1.96802 -3.18541
1.96196 -3.18019
1.95904 -3.17746
1.95612 -3.17472
1.95295 -3.17227
1.94978 -3.16982
1.94694 -3.16699
1.9441 -3.16416
1.94091 -3.16174
1.93772 -3.15931
1.93169 -3.15405
1.92874 -3.15135
1.92578 -3.14866
1.91976 -3.14339
1.91666 -3.14087
1.91355 -3.13834
1.9075 -3.13311
1.90452 -3.13044
1.90154 -3.12778
1.89833 -3.12538
1.89512 -3.12298
1.89219 -3.12025
1.88925 -3.11752
1.88634 -3.11478
1.88343 -3.11204
1.88015 -3.10971
1.87687 -3.10739
1.87084 -3.10213
1.86786 -3.09946
1.86488 -3.0968
1.86199 -3.09403
1.8591 -3.09126
1.85588 -3.08886
1.85266 -3.08647
1.8466 -3.08126
1.84049 -3.07609
1.83753 -3.0734
1.83456 -3.07071
1.82847 -3.06553
1.82561 -3.06272
1.82275 -3.05991
1.81955 -3.0575
1.81635 -3.05509
1.81029 -3.04986
1.80741 -3.04708
1.80452 -3.04431
1.80128 -3.04194
1.79803 -3.03958
1.79205 -3.03427
1.78921 -3.03144
1.78638 -3.0286
1.78325 -3.0261
1.78013 -3.0236
1.77414 -3.01829
1.77103 -3.01578
1.76791 -3.01327
1.76495 -3.01058
1.76199 -3.00789
1.75901 -3.00522
1.75603 -3.00255
1.75287 -3.00009
1.7497 -2.99764
1.7466 -2.99511
1.7435 -2.99259
1.74054 -2.98989
1.73759 -2.98719
1.73448 -2.98468
1.73136 -2.98216
1.72848 -2.97938
1.7256 -2.9766
1.72244 -2.97414
1.71928 -2.97168
1.71328 -2.96639
1.7102 -2.96383
1.70713 -2.96128
1.70419 -2.95856
1.70125 -2.95585
1.69812 -2.95335
1.695 -2.95084
1.69212 -2.94806
1.68925 -2.94527
1.68316 -2.94007
1.67996 -2.93767
1.67675 -2.93526
1.67385 -2.9325
1.67096 -2.92973
1.66485 -2.92457
1.66169 -2.9221
1.65854 -2.91963
1.65255 -2.91433
1.64972 -2.91149
1.64688 -2.90866
1.64367 -2.90626
1.64045 -2.90387
1.63443 -2.8986
1.62842 -2.89332
1.62553 -2.89055
1.62263 -2.88778
1.6195 -2.88529
1.61637 -2.8828
1.61344 -2.88008
1.61051 -2.87735
1.60439 -2.87219
1.60119 -2.86977
1.598 -2.86736
1.59185 -2.86224
1.58903 -2.85938
1.58621 -2.85653
1.58016 -2.8513
1.57414 -2.84603
1.57091 -2.84365
1.56768 -2.84128
1.5646 -2.83872
1.56152 -2.83617
1.55855 -2.83349
1.55559 -2.8308
1.5495 -2.82561
1.54662 -2.82283
1.54373 -2.82005
1.54065 -2.8175
1.53756 -2.81496
1.53462 -2.81225
1.53168 -2.80953
1.52853 -2.80706
1.52538 -2.80459
1.52246 -2.80184
1.51955 -2.7991
1.51647 -2.79655
1.51339 -2.79399
1.51019 -2.79158
1.507 -2.78916
1.50418 -2.7863
1.50136 -2.78344
1.49808 -2.78113
1.4948 -2.77881
1.49195 -2.77599
1.4891 -2.77317
1.48295 -2.76806
1.47683 -2.7629
1.47374 -2.76036
1.47065 -2.75782
1.46768 -2.75514
1.4647 -2.75247
1.45859 -2.74731
1.45569 -2.74454
1.4528 -2.74177
1.44668 -2.73662
1.44055 -2.73148
1.43447 -2.72629
1.43132 -2.72381
1.42817 -2.72134
1.42534 -2.71851
1.4225 -2.71567
1.4193 -2.71326
1.4161 -2.71085
1.41324 -2.70803
1.41039 -2.70522
1.40724 -2.70275
1.40409 -2.70028
1.39809 -2.69498
1.395 -2.69244
1.39191 -2.6899
1.38895 -2.68721
1.38599 -2.68452
1.38281 -2.68208
1.37963 -2.67965
1.37359 -2.6744
1.37063 -2.67171
1.36768 -2.66901
1.36475 -2.66628
1.36182 -2.66356
1.35873 -2.66101
1.35565 -2.65845
1.35247 -2.65602
1.3493 -2.65358
1.34634 -2.65088
1.34339 -2.64818
1.3404 -2.64552
1.33742 -2.64286
1.33426 -2.6404
1.3311 -2.63794
1.32812 -2.63527
1.32514 -2.6326
1.32204 -2.63007
1.31895 -2.62753
1.31598 -2.62485
1.31302 -2.62216
1.30701 -2.61688
1.30096 -2.61165
1.29485 -2.60648
1.29198 -2.60369
1.28911 -2.60089
1.28296 -2.59577
1.2769 -2.59055
1.27382 -2.588
1.27074 -2.58545
1.26464 -2.58027
1.25855 -2.57509
1.2556 -2.57239
1.25264 -2.56969
1.24956 -2.56714
1.24647 -2.5646
1.24336 -2.56208
1.24024 -2.55957
1.23415 -2.55439
1.22808 -2.54918
1.222 -2.54398
1.21585 -2.53887
1.21302 -2.53602
1.21019 -2.53318
1.20409 -2.528
1.19801 -2.52281
1.19203 -2.5175
1.18886 -2.51504
1.1857 -2.51259
1.1826 -2.51006
1.1795 -2.50753
1.17651 -2.50487
1.17353 -2.5022
1.17062 -2.49945
1.16771 -2.4967
1.16459 -2.4942
1.16147 -2.49169
1.15544 -2.48644
1.15248 -2.48375
1.14952 -2.48105
1.14632 -2.47864
1.14311 -2.47623
1.1371 -2.47096
1.1311 -2.46567
1.12814 -2.46297
1.12519 -2.46028
1.12221 -2.45761
1.11923 -2.45494
1.11607 -2.45247
1.11292 -2.45
1.10693 -2.4447
1.10385 -2.44215
1.10077 -2.4396
1.09765 -2.4371
1.09452 -2.4346
1.08853 -2.4293
1.08561 -2.42656
1.08268 -2.42383
1.07954 -2.42135
1.0764 -2.41886
1.07346 -2.41615
1.07052 -2.41343
1.06759 -2.41071
1.06465 -2.40799
1.06158 -2.40543
1.0585 -2.40288
1.05537 -2.40038
1.05224 -2.39788
1.04938 -2.39508
1.04651 -2.39228
1.04324 -2.38996
1.03996 -2.38764
1.03707 -2.38486
1.03418 -2.38208
1.0311 -2.37953
1.02802 -2.37698
1.02507 -2.37428
1.02212 -2.37158
1.01608 -2.36633
1.01297 -2.36381
1.00986 -2.36129
1.0069 -2.3586
1.00394 -2.35591
0.997915 -2.35065
0.99482 -2.34812
0.991726 -2.34558
0.98856 -2.34313
0.985394 -2.34067
0.982424 -2.33799
0.979455 -2.33531
0.973399 -2.33009
0.970314 -2.32754
0.96723 -2.32499
0.961095 -2.31986
0.958232 -2.31705
0.95537 -2.31425
0.952221 -2.31178
0.949072 -2.3093
0.943087 -2.304
0.939974 -2.30148
0.936861 -2.29897
0.933901 -2.29628
0.930941 -2.29359
0.924867 -2.28838
0.921966 -2.28562
0.919064 -2.28286
0.915846 -2.28047
0.912627 -2.27808
0.906626 -2.27279
0.900491 -2.26765
0.897656 -2.26482
0.894822 -2.26198
0.888694 -2.25684
0.885493 -2.25443
0.882292 -2.25201
0.879479 -2.24915
0.876665 -2.24629
0.873406 -2.24394
0.870147 -2.2416
0.867217 -2.23887
0.864287 -2.23615
0.861157 -2.23365
0.858026 -2.23116
0.855229 -2.22828
0.852433 -2.2254
0.849296 -2.22291
0.846159 -2.22042
0.843067 -2.21789
0.839974 -2.21535
0.837101 -2.21256
0.834227 -2.20976
0.828143 -2.20457
0.825048 -2.20204
0.821953 -2.1995
0.815926 -2.19424
0.809918 -2.18896
0.803806 -2.1838
0.800719 -2.18126
0.797632 -2.17871
0.79462 -2.17608
0.791608 -2.17345
0.789208 -2.17115
0.782865 -2.16629
0.776676 -2.16123
0.77344 -2.15888
0.770204 -2.15653
0.763887 -2.15163
0.757712 -2.14656
0.754746 -2.14388
0.751781 -2.14119
0.745369 -2.13641
0.739165 -2.13137
0.732765 -2.12658
0.729853 -2.12383
0.726942 -2.12107
0.723673 -2.11876
0.720405 -2.11645
0.714026 -2.11163
0.711038 -2.10897
0.708051 -2.10631
0.701719 -2.10143
0.695732 -2.09613
0.689476 -2.09116
0.683333 -2.08604
0.680084 -2.08371
0.676836 -2.08137
0.670813 -2.07611
0.664654 -2.07102
0.658291 -2.06618
0.652149 -2.06107
0.645924 -2.05606
0.639787 -2.05094
0.633343 -2.0462
0.627 -2.04134
0.620616 -2.03653
0.617634 -2.03386
0.614653 -2.03119
0.608297 -2.02634
0.602271 -2.02109
0.59619 -2.0159
0.589958 -2.0109
0.583614 -2.00603
0.580359 -2.00371
0.577105 -2.00138
0.570837 -1.99642
0.56478 -1.9912
0.558581 -1.98616
0.552489 -1.98098
0.546249 -1.97599
0.542991 -1.97367
0.539734 -1.97134
0.53351 -1.96633
0.530581 -1.9636
0.527652 -1.96087
0.524331 -1.95862
0.52101 -1.95638
0.514762 -1.95139
0.508514 -1.94641
0.505602 -1.94366
0.50269 -1.9409
0.499429 -1.93858
0.496168 -1.93626
0.489942 -1.93125
0.483954 -1.92595
0.477714 -1.92096
0.471437 -1.91601
0.465203 -1.91101
0.459037 -1.90593
0.452776 -1.90097
0.449525 -1.89863
0.446273 -1.8963
0.440209 -1.89109
0.433902 -1.88618
0.430917 -1.88352
0.427933 -1.88086
0.421493 -1.87611
0.415297 -1.87107
0.4093 -1.86577
0.402971 -1.86089
0.396859 -1.85574
0.39041 -1.85101
0.384242 -1.84593
0.377929 -1.84103
0.374966 -1.83834
0.372003 -1.83565
0.3657 -1.83074
0.362431 -1.82843
0.359163 -1.82611
0.356182 -1.82345
0.3532 -1.82078
0.349963 -1.81843
0.346725 -1.81608
0.343779 -1.81337
0.340833 -1.81066
0.334602 -1.80565
0.32839 -1.80063
0.322138 -1.79565
0.315769 -1.79082
0.309416 -1.78597
0.303139 -1.78102
0.29687 -1.77607
0.290674 -1.77102
0.284455 -1.76601
0.278413 -1.76077
0.275167 -1.75843
0.271921 -1.75609
0.269028 -1.75331
0.266135 -1.75053
0.262844 -1.74825
0.259552 -1.74597
0.256608 -1.74326
0.253664 -1.74054
0.247412 -1.73556
0.244169 -1.73322
0.240926 -1.73088
0.234655 -1.72593
0.228414 -1.72094
0.222172 -1.71595
0.216121 -1.71072
0.209941 -1.70566
0.203738 -1.70062
0.200496 -1.69827
0.197255 -1.69593
0.194305 -1.69322
0.191356 -1.69051
0.184981 -1.68569
0.178593 -1.68088
0.172446 -1.67578
0.166371 -1.67058
0.160243 -1.66545
0.154027 -1.66043
0.1476 -1.65567
0.141347 -1.65069
0.138108 -1.64835
0.134869 -1.646
0.131878 -1.64334
0.128888 -1.64069
0.125039 -1.63776
0.121164 -1.63483
0.116706 -1.63288
0.112682 -1.6302
0.10848 -1.62777
0.104005 -1.6259
0.0994816 -1.62419
0.0948671 -1.62271
0.0901081 -1.62181
0.0854341 -1.62063
0.0806429 -1.61998
0.0758679 -1.61949
0.0710752 -1.61849
0.0662283 -1.61837
0.0588693 -1.61838
0.0515103 -1.61861
0.0441513 -1.61874
0.0367922 -1.61872
0.0294332 -1.61824
0.0220742 -1.61825
0.0146997 -1.61831
0.00970407 -1.61919
0.00464435 -1.61902
-0.000262153 -1.62023
-0.00522618 -1.62089
-0.0101784 -1.62185
-0.0151522 -1.62285
-0.0196364 -1.62523
-0.0244632 -1.62668
-0.0289735 -1.62891
-0.0335799 -1.63097
-0.0376573 -1.63394
-0.042256 -1.63613
-0.0461772 -1.63928
-0.0501924 -1.64233
-0.0562709 -1.64748
-0.0622465 -1.65275
-0.0684153 -1.6578
-0.0744596 -1.66299
-0.080609 -1.66806
-0.08643 -1.67351
-0.0927358 -1.67839
-0.0984734 -1.68395
-0.104833 -1.68877
-0.11081 -1.69404
-0.11661 -1.69951
-0.122709 -1.70464
-0.128967 -1.70958
-0.134983 -1.7148
-0.140887 -1.72016
-0.147255 -1.72497
-0.153429 -1.73001
-0.159381 -1.73531
-0.165491 -1.74042
-0.171661 -1.74547
-0.1776 -1.75078
-0.183729 -1.75587
-0.189632 -1.76123
-0.195552 -1.76656
-0.201935 -1.77136
-0.207603 -1.77699
-0.213676 -1.78215
-0.219745 -1.78731
-0.226247 -1.79196
-0.231926 -1.79758
-0.238037 -1.8027
-0.244203 -1.80774
-0.250573 -1.81255
-0.256482 -1.8179
-0.262603 -1.823
-0.268397 -1.82849
-0.27464 -1.83344
-0.280492 -1.83886
-0.286746 -1.84381
-0.292582 -1.84924
-0.299005 -1.85399
-0.30479 -1.85948
-0.311073 -1.86439
-0.316931 -1.8698
-0.322975 -1.875
-0.329071 -1.88012
-0.335443 -1.88493
-0.341169 -1.8905
-0.347577 -1.89526
-0.353465 -1.90063
-0.359313 -1.90606
-0.365696 -1.91085
-0.371761 -1.91601
-0.377841 -1.92116
-0.384021 -1.9262
-0.39015 -1.93129
-0.395992 -1.93671
-0.402155 -1.94177
-0.408281 -1.94686
-0.41417 -1.95223
-0.419992 -1.95769
-0.426302 -1.96257
-0.432503 -1.96757
-0.438235 -1.97313
-0.444736 -1.97778
-0.450342 -1.98349
-0.456798 -1.9882
-0.462913 -1.9933
-0.46894 -1.99852
-0.474726 -2.00401
-0.480805 -2.00916
-0.487005 -2.01417
-0.493289 -2.01908
-0.498942 -2.02473
-0.505107 -2.02978
-0.511088 -2.03504
-0.517201 -2.04015
-0.523437 -2.04512
-0.529299 -2.05052
-0.535394 -2.05565
-0.541486 -2.06079
-0.547646 -2.06585
-0.553507 -2.07125
-0.556776 -2.07356
-0.560045 -2.07586
-0.566014 -2.08114
-0.571781 -2.08666
-0.577951 -2.0917
-0.584128 -2.09674
-0.5899 -2.10225
-0.59317 -2.10455
-0.59644 -2.10686
-0.602142 -2.11245
-0.608165 -2.11766
-0.614609 -2.12239
-0.620421 -2.12785
-0.626768 -2.13268
-0.632529 -2.13821
-0.638824 -2.1431
-0.644976 -2.14817
-0.650633 -2.15381
-0.657078 -2.15854
-0.662714 -2.16421
-0.669028 -2.16908
-0.675292 -2.17401
-0.681306 -2.17924
-0.687287 -2.1845
-0.693218 -2.18983
-0.699229 -2.19506
-0.705241 -2.20029
-0.711384 -2.20536
-0.717734 -2.21019
-0.723389 -2.21584
-0.729817 -2.22058
-0.735887 -2.22574
-0.74193 -2.23094
-0.744304 -2.23352
-0.75035 -2.23875
-0.753411 -2.24133
-0.756472 -2.2439
-0.762244 -2.24944
-0.765299 -2.25202
-0.768353 -2.2546
-0.774111 -2.26015
-0.776913 -2.26301
-0.779716 -2.26587
-0.785817 -2.27104
-0.791572 -2.2766
-0.794683 -2.27912
-0.797795 -2.28164
-0.80363 -2.2871
-0.809687 -2.29233
-0.812475 -2.2952
-0.815262 -2.29808
-0.821019 -2.30363
-0.827114 -2.30881
-0.833157 -2.31405
-0.838965 -2.31954
-0.844709 -2.32511
-0.847854 -2.32759
-0.851 -2.33008
-0.853748 -2.33299
-0.856497 -2.33591
-0.859639 -2.3384
-0.862781 -2.34089
-0.865515 -2.34382
-0.86825 -2.34675
-0.874179 -2.35212
-0.87731 -2.35462
-0.88044 -2.35712
-0.886425 -2.36242
-0.889247 -2.36525
-0.892069 -2.36809
-0.898069 -2.37338
-0.904127 -2.3786
-0.906898 -2.38149
-0.909669 -2.38439
-0.915643 -2.3897
-0.921643 -2.39499
-0.927431 -2.4005
-0.933162 -2.40608
-0.939222 -2.4113
-0.945124 -2.41669
-0.950867 -2.42226
-0.956891 -2.42752
-0.959943 -2.4301
-0.962996 -2.43269
-0.968916 -2.43806
-0.974999 -2.44326
-0.977693 -2.44623
-0.980387 -2.44921
-0.983519 -2.45171
-0.986651 -2.45421
-0.992654 -2.45949
-0.995424 -2.46238
-0.998195 -2.46528
-1.0042 -2.47055
-1.01025 -2.47579
-1.0161 -2.48124
-1.02191 -2.48673
-1.02503 -2.48924
-1.02815 -2.49175
-1.0309 -2.49466
-1.03366 -2.49758
-1.03962 -2.5029
-1.04551 -2.50831
-1.05152 -2.51358
-1.05458 -2.51616
-1.05764 -2.51873
-1.06352 -2.52415
-1.06941 -2.52956
-1.07529 -2.53497
-1.08125 -2.54031
-1.08712 -2.54573
-1.08986 -2.54866
-1.09261 -2.55158
-1.09857 -2.5569
-1.10442 -2.56235
-1.10756 -2.56484
-1.11071 -2.56732
-1.11355 -2.57014
-1.11639 -2.57296
-1.12247 -2.57816
-1.12524 -2.58105
-1.12801 -2.58394
-1.13112 -2.58647
-1.13422 -2.589
-1.13995 -2.59458
-1.14579 -2.60004
-1.15163 -2.6055
-1.15483 -2.60793
-1.15803 -2.61035
-1.16081 -2.61323
-1.16359 -2.61611
-1.16667 -2.61867
-1.16975 -2.62123
-1.17562 -2.62665
-1.17841 -2.62953
-1.18119 -2.63241
-1.18427 -2.63496
-1.18411 -2.63505
-1.18372 -2.63568
-1.18306 -2.63612
-1.18271 -2.63678
-1.18241 -2.63747
-1.18248 -2.63832
-1.18165 -2.63877
-1.18155 -2.63953
-1.18172 -2.64034
-1.18113 -2.64097
-1.18166 -2.64179
-1.18114 -2.64247
-1.18115 -2.64321
-1.18137 -2.64394
-1.18145 -2.64467
-1.18199 -2.64995
-1.18253 -2.65524
-1.18322 -2.65588
-1.1829 -2.65671
-1.18316 -2.65742
-1.1839 -2.65795
-1.18391 -2.65874
-1.18417 -2.65944
-1.18475 -2.65997
-1.18822 -2.66555
-1.19168 -2.67114
-1.19515 -2.67672
-1.19861 -2.6823
-1.20208 -2.68789
-1.20208 -2.68868
-1.20244 -2.68927
-1.20312 -2.6896
-1.20363 -2.69004
-1.20415 -2.69047
-1.20466 -2.69088
-1.20782 -2.69364
-1.21097 -2.6964
-1.21158 -2.69682
-1.21251 -2.69677
-1.21299 -2.69737
-1.21361 -2.69777
-1.21443 -2.69773
-1.21494 -2.69844
-1.22171 -2.70039
-1.22848 -2.70234
-1.23525 -2.70428
-1.24202 -2.70623
-1.24879 -2.70817
-1.24944 -2.70859
-1.25027 -2.7083
-1.25095 -2.70867
-1.25171 -2.7084
-1.25242 -2.70877
-1.25316 -2.70879
-1.2539 -2.70877
-1.25466 -2.7088
-1.25538 -2.70854
-1.25607 -2.70825
-1.2567 -2.70778
-1.2574 -2.70756
-1.25826 -2.70764
-1.25877 -2.707
-1.25939 -2.70659
-1.25988 -2.70601
-1.26031 -2.70538
-1.26107 -2.70513
-1.26111 -2.70501
-1.26409 -2.70761
-1.27016 -2.71282
-1.27609 -2.71817
-1.28189 -2.72368
-1.2877 -2.72917
-1.29357 -2.7346
-1.29929 -2.7402
-1.30237 -2.74275
-1.30546 -2.74529
-1.31131 -2.75075
-1.31731 -2.75603
-1.32322 -2.76141
-1.32603 -2.76426
-1.32884 -2.76711
-1.33195 -2.76964
-1.33506 -2.77216
-1.33782 -2.77507
-1.34058 -2.77797
-1.34655 -2.78329
-1.35247 -2.78866
-1.35852 -2.79389
-1.36459 -2.7991
-1.3703 -2.8047
-1.37618 -2.81011
-1.38225 -2.81533
-1.38509 -2.81814
-1.38794 -2.82095
-1.39102 -2.82351
-1.3941 -2.82606
-1.39692 -2.8289
-1.39974 -2.83174
-1.4058 -2.83696
-1.41171 -2.84234
-1.41747 -2.84789
-1.42058 -2.85042
-1.42368 -2.85295
-1.4295 -2.85842
-1.43527 -2.86396
-1.44134 -2.86917
-1.44706 -2.87476
-1.45278 -2.88036
-1.45585 -2.88292
-1.45892 -2.88549
-1.46474 -2.89097
-1.47048 -2.89655
-1.4764 -2.90192
-1.4795 -2.90444
-1.48261 -2.90697
-1.48852 -2.91235
-1.49131 -2.91523
-1.49409 -2.91811
-1.49717 -2.92067
-1.50025 -2.92323
-1.50605 -2.92872
-1.51201 -2.93406
-1.51777 -2.93961
-1.52087 -2.94213
-1.52398 -2.94466
-1.5268 -2.94749
-1.52963 -2.95033
-1.53274 -2.95285
-1.53585 -2.95537
-1.54177 -2.96074
-1.54458 -2.96359
-1.54738 -2.96645
-1.5534 -2.97172
-1.55621 -2.97457
-1.55902 -2.97742
-1.56508 -2.98264
-1.57106 -2.98794
-1.57702 -2.99327
-1.58278 -2.99882
-1.5888 -3.00408
-1.59475 -3.00942
-1.60068 -3.01479
-1.60641 -3.02037
-1.6124 -3.02566
-1.61548 -3.02822
-1.61856 -3.03077
-1.62429 -3.03636
-1.63026 -3.04168
-1.63303 -3.04457
-1.6358 -3.04746
-1.64186 -3.05268
-1.64774 -3.0581
-1.65086 -3.06061
-1.65398 -3.06312
-1.6567 -3.06607
-1.65943 -3.06901
-1.6654 -3.07433
-1.66851 -3.07685
-1.67161 -3.07938
-1.67751 -3.08478
-1.68348 -3.0901
-1.68627 -3.09297
-1.68905 -3.09585
-1.69218 -3.09835
-1.6953 -3.10086
-1.69809 -3.10373
-1.70088 -3.10661
-1.70394 -3.10919
-1.70699 -3.11177
-1.70978 -3.11464
-1.71257 -3.11751
-1.71572 -3.11999
-1.71887 -3.12247
-1.72167 -3.12534
-1.72446 -3.12821
-1.72757 -3.13073
-1.73068 -3.13325
-1.73665 -3.13857
-1.73941 -3.14147
-1.74218 -3.14437
-1.74805 -3.1498
-1.7512 -3.15227
-1.75436 -3.15475
-1.76025 -3.16015
-1.76299 -3.16307
-1.76574 -3.16599
-1.76882 -3.16854
-1.77191 -3.1711
-1.77471 -3.17395
-1.77752 -3.17681
-1.78062 -3.17933
-1.78373 -3.18186
-1.78972 -3.18716
-1.79566 -3.19251
-1.79847 -3.19536
-1.80128 -3.19821
-1.80438 -3.20074
-1.80748 -3.20328
-1.81343 -3.20862
-1.8192 -3.21415
-1.82493 -3.21974
-1.82802 -3.22228
-1.83111 -3.22482
-1.83684 -3.2304
-1.8429 -3.23563
-1.84871 -3.24111
-1.85457 -3.24655
-1.86051 -3.2519
-1.8663 -3.25741
-1.86914 -3.26024
-1.87197 -3.26307
-1.87509 -3.26558
-1.87821 -3.26809
-1.88099 -3.27097
-1.88378 -3.27385
-1.88693 -3.27632
-1.89009 -3.27879
-1.89598 -3.28419
-1.90182 -3.28966
-1.90761 -3.29517
-1.91339 -3.30069
-1.91931 -3.30607
-1.92511 -3.31158
-1.92824 -3.31407
-1.93138 -3.31656
-1.93713 -3.32212
-1.94292 -3.32763
-1.94598 -3.33021
-1.94904 -3.33279
-1.95186 -3.33563
-1.95468 -3.33847
-1.96052 -3.34393
-1.96373 -3.34635
-1.96693 -3.34877
-1.96975 -3.35161
-1.97256 -3.35446
-1.97836 -3.35996
-1.98421 -3.36541
-1.98734 -3.36792
-1.99046 -3.37042
-1.99325 -3.3733
-1.99603 -3.37618
-1.99914 -3.3787
-2.00225 -3.38122
-2.00803 -3.38675
-2.01395 -3.39213
-2.01969 -3.39769
-2.02549 -3.4032
-2.02864 -3.40567
-2.0318 -3.40814
-2.03458 -3.41102
-2.03737 -3.4139
-2.04047 -3.41643
-2.04358 -3.41895
-2.0464 -3.42179
-2.04922 -3.42464
-2.05227 -3.42722
-2.05533 -3.4298
-2.06131 -3.4351
-2.06414 -3.43794
-2.06696 -3.44078
-2.07289 -3.44613
-2.07881 -3.45151
-2.08192 -3.45403
-2.08504 -3.45654
-2.08781 -3.45943
-2.09059 -3.46232
-2.09659 -3.4676
-2.10261 -3.47286
-2.10539 -3.47576
-2.10816 -3.47865
-2.11121 -3.48123
-2.11427 -3.48381
-2.12007 -3.48932
-2.12609 -3.49458
-2.13182 -3.50015
-2.13778 -3.50549
-2.1409 -3.508
-2.14401 -3.51052
-2.14677 -3.51343
-2.14952 -3.51635
-2.15259 -3.5189
-2.15567 -3.52146
-2.16143 -3.52701
-2.16452 -3.52956
-2.1676 -3.53211
-2.17335 -3.53767
-2.17931 -3.54299
-2.18533 -3.54827
-2.18808 -3.55118
-2.19083 -3.55409
-2.19679 -3.55943
-2.20274 -3.56477
-2.20874 -3.57005
-2.21444 -3.57566
-2.21752 -3.57821
-2.2206 -3.58077
-2.22649 -3.58617
-2.23233 -3.59164
-2.23841 -3.59684
-2.24119 -3.59972
-2.24397 -3.6026
-2.24706 -3.60515
-2.25015 -3.60769
-2.25588 -3.61327
-2.26179 -3.61865
-2.26762 -3.62412
-2.27369 -3.62933
-2.27966 -3.63465
-2.28538 -3.64025
-2.29136 -3.64556
-2.29738 -3.65082
-2.30023 -3.65363
-2.30307 -3.65644
-2.30616 -3.65898
-2.30925 -3.66153
-2.31506 -3.66702
-2.32108 -3.67229
-2.32392 -3.6751
-2.32677 -3.67791
-2.33277 -3.6832
-2.33857 -3.6887
-2.34454 -3.69402
-2.3475 -3.69692
-2.34784 -3.69688
-2.348 -3.69599
-2.34873 -3.6957
-2.34903 -3.69486
-2.34964 -3.6944
-2.35046 -3.6943
-2.35111 -3.69395
-2.35187 -3.69384
-2.35237 -3.69304
-2.35318 -3.6931
-2.35383 -3.69256
-2.35463 -3.69273
-2.35537 -3.69257
-2.35612 -3.69256
-2.35685 -3.69288
-2.35764 -3.69243
-2.3584 -3.69248
-2.359 -3.69325
-2.36342 -3.6939
-2.36783 -3.69454
-2.36851 -3.69486
-2.36911 -3.69532
-2.36975 -3.69565
-2.37052 -3.6957
-2.37618 -3.69851
-2.38183 -3.70131
-2.38749 -3.70411
-2.39314 -3.70691
-2.39376 -3.70735
-2.39428 -3.70789
-2.39499 -3.70818
-2.39547 -3.70877
-2.40147 -3.71386
-2.40747 -3.71895
-2.40803 -3.71939
-2.40846 -3.71995
-2.40919 -3.72029
-2.40927 -3.7211
-2.40997 -3.72151
-2.40993 -3.72233
-2.4131 -3.72858
-2.41628 -3.73484
-2.41945 -3.74109
-2.42262 -3.74734
-2.42579 -3.75359
-2.42588 -3.75435
-2.42681 -3.7548
-2.42645 -3.75568
-2.42703 -3.75631
-2.42735 -3.75703
-2.42745 -3.75778
-2.42679 -3.75855
-2.42716 -3.75929
-2.4272 -3.76004
-2.4269 -3.76074
-2.42694 -3.76151
-2.42681 -3.76225
-2.42684 -3.76306
-2.42657 -3.76378
-2.42556 -3.7641
-2.42569 -3.76503
-2.42511 -3.76554
-2.42466 -3.76612
-2.42445 -3.76692
-2.42426 -3.76699
-2.42706 -3.76963
-2.43019 -3.77213
-2.43332 -3.77463
-2.43905 -3.78022
-2.44489 -3.78567
-2.4509 -3.79094
-2.45665 -3.79651
-2.46265 -3.80179
-2.46847 -3.80728
-2.47425 -3.8128
-2.47744 -3.81523
-2.48064 -3.81766
-2.48338 -3.82059
-2.48612 -3.82352
-2.49213 -3.82878
-2.49802 -3.8342
-2.50111 -3.83674
-2.50419 -3.83929
-2.50697 -3.84218
-2.50974 -3.84506
-2.51566 -3.85044
-2.5188 -3.85293
-2.52195 -3.85541
-2.5247 -3.85833
-2.52745 -3.86125
-2.53349 -3.86648
-2.5393 -3.87198
-2.54525 -3.87731
-2.55131 -3.88253
-2.55714 -3.888
-2.5631 -3.89334
-2.56894 -3.89879
-2.572 -3.90138
-2.57505 -3.90396
-2.58093 -3.90938
-2.58686 -3.91474
-2.58966 -3.9176
-2.59246 -3.92046
-2.59846 -3.92575
-2.60436 -3.93115
-2.61033 -3.93646
-2.61338 -3.93905
-2.61644 -3.94163
-2.62225 -3.94712
-2.62509 -3.94994
-2.62793 -3.95275
-2.631 -3.95533
-2.63406 -3.9579
-2.63684 -3.96079
-2.63962 -3.96367
-2.64268 -3.96624
-2.64575 -3.96881
-2.65175 -3.9741
-2.65759 -3.97956
-2.6634 -3.98505
-2.66945 -3.99027
-2.67227 -3.99312
-2.67508 -3.99597
-2.68099 -4.00135
-2.68707 -4.00655
-2.69287 -4.01205
-2.69858 -4.01766
-2.70165 -4.02023
-2.70471 -4.0228
-2.7108 -4.02799
-2.7168 -4.03327
-2.71959 -4.03615
-2.72238 -4.03902
-2.72826 -4.04443
-2.73417 -4.04981
-2.7373 -4.05232
-2.74043 -4.05482
-2.7432 -4.05771
-2.74598 -4.06059
-2.74905 -4.06316
-2.75212 -4.06572
-2.7549 -4.06861
-2.75769 -4.07149
-2.76376 -4.07669
-2.76985 -4.08187
-2.77264 -4.08475
-2.77542 -4.08763
-2.77852 -4.09016
-2.78163 -4.09269
-2.78742 -4.0982
-2.79322 -4.10371
-2.79633 -4.10623
-2.79945 -4.10874
-2.80524 -4.11426
-2.80806 -4.1171
-2.81088 -4.11994
-2.81682 -4.12529
-2.81991 -4.12783
-2.82301 -4.13036
-2.82586 -4.13317
-2.8287 -4.13599
-2.83447 -4.14153
-2.83754 -4.1441
-2.8406 -4.14667
-2.84666 -4.15188
-2.8525 -4.15735
-2.85852 -4.16262
-2.86427 -4.16817
-2.87027 -4.17346
-2.87304 -4.17635
-2.87581 -4.17924
-2.88165 -4.18471
-2.88474 -4.18725
-2.88784 -4.18978
-2.89067 -4.19262
-2.89349 -4.19545
-2.89936 -4.20088
-2.90253 -4.20333
-2.90571 -4.20578
-2.90848 -4.20868
-2.91125 -4.21157
-2.91434 -4.21412
-2.91743 -4.21666
-2.92328 -4.2221
-2.92937 -4.2273
-2.93527 -4.23269
-2.93811 -4.23551
-2.94094 -4.23833
-2.94682 -4.24375
-2.94991 -4.2463
-2.953 -4.24884
-2.95874 -4.25441
-2.96463 -4.25981
-2.97046 -4.26529
-2.97633 -4.27072
-2.98233 -4.276
-2.98513 -4.27887
-2.98792 -4.28173
-2.99389 -4.28705
-2.99696 -4.28962
-3.00003 -4.29218
-3.0061 -4.29739
-3.00887 -4.30028
-3.01164 -4.30318
-3.01469 -4.30577
-3.01775 -4.30835
-3.02359 -4.31381
-3.02962 -4.31906
-3.03238 -4.32196
-3.03514 -4.32487
-3.03829 -4.32735
-3.04144 -4.32982
-3.04733 -4.33524
-3.05317 -4.34069
-3.05623 -4.34327
-3.05928 -4.34585
-3.06499 -4.35146
-3.06778 -4.35433
-3.07057 -4.3572
-3.07379 -4.35961
-3.077 -4.36202
-3.07981 -4.36487
-3.08262 -4.36772
-3.0886 -4.37302
-3.09139 -4.3759
-3.09418 -4.37878
-3.09737 -4.38121
-3.10055 -4.38365
-3.10645 -4.38905
-3.10923 -4.39193
-3.11202 -4.39481
-3.11782 -4.40031
-3.12093 -4.40283
-3.12405 -4.40534
-3.1298 -4.4109
-3.13571 -4.41629
-3.14173 -4.42154
-3.14776 -4.4268
-3.15365 -4.43221
-3.15949 -4.43767
-3.16545 -4.443
-3.16827 -4.44583
-3.17109 -4.44867
-3.17702 -4.45403
-3.18283 -4.45953
-3.18876 -4.46489
-3.19464 -4.47031
-3.19776 -4.47282
-3.20089 -4.47532
-3.20365 -4.47822
-3.20642 -4.48112
-3.2096 -4.48356
-3.21278 -4.48601
-3.21865 -4.49143
-3.22451 -4.49688
-3.23022 -4.50248
-3.23613 -4.50786
-3.242 -4.51329
-3.24786 -4.51873
-3.25396 -4.5239
-3.25995 -4.5292
-3.26271 -4.53211
-3.26547 -4.53501
-3.26862 -4.53749
-3.27178 -4.53996
-3.27762 -4.54541
-3.28041 -4.54829
-3.2832 -4.55117
-3.28913 -4.55652
-3.29226 -4.55902
-3.2954 -4.56152
-3.30125 -4.56696
-3.307 -4.57253
-3.31298 -4.57783
-3.3187 -4.58342
-3.32447 -4.58896
-3.32756 -4.59151
-3.33064 -4.59406
-3.33641 -4.59959
-3.34249 -4.60479
-3.34824 -4.61035
-3.3542 -4.61568
-3.3602 -4.62096
-3.36303 -4.62379
-3.36586 -4.62662
-3.36891 -4.62921
-3.37197 -4.63179
-3.37775 -4.63732
-3.38358 -4.64279
-3.38949 -4.64817
-3.39265 -4.65063
-3.39581 -4.6531
-3.39866 -4.65592
-3.4015 -4.65873
-3.40434 -4.66155
-3.40718 -4.66437
-3.41023 -4.66695
-3.41329 -4.66953
-3.41911 -4.67501
-3.42485 -4.68058
-3.42802 -4.68304
-3.43118 -4.68551
-3.43706 -4.69092
-3.44301 -4.69626
-3.44891 -4.70166
-3.45478 -4.70708
-3.46069 -4.71247
-3.46348 -4.71534
-3.46626 -4.71822
-3.46939 -4.72073
-3.47251 -4.72324
-3.47834 -4.72871
-3.48416 -4.73419
-3.48988 -4.73978
-3.4958 -4.74515
-3.49891 -4.74768
-3.50201 -4.75021
-3.50482 -4.75306
-3.50763 -4.75591
-3.51069 -4.75849
-3.51375 -4.76107
-3.51969 -4.76641
-3.5225 -4.76927
-3.52531 -4.77212
-3.53119 -4.77753
-3.53709 -4.78293
-3.54026 -4.78538
-3.54344 -4.78783
-3.5462 -4.79073
-3.54897 -4.79363
-3.55479 -4.79911
-3.55788 -4.80166
-3.56096 -4.80422
-3.56415 -4.80796
-3.56793 -4.81114
-3.57083 -4.8151
-3.57391 -4.81891
-3.57673 -4.82295
-3.57949 -4.82739
-3.583 -4.83139
-3.58499 -4.83625
-3.58724 -4.84094
-3.58975 -4.84558
-3.59164 -4.85049
-3.59281 -4.8556
-3.59382 -4.86072
-3.5952 -4.86579
-3.59572 -4.871
-3.59645 -4.8762
-3.59652 -4.88144
-3.59624 -4.88935
-3.59623 -4.89725
-3.59692 -4.90515
-3.59664 -4.91306
-3.59705 -4.92096
-3.59684 -4.92887
-3.59709 -4.93677
-3.59673 -4.94468
-3.5971 -4.95258
-3.59661 -4.96049
-3.59687 -4.9684
-3.5974 -4.9763
-3.59679 -4.98421
-3.59681 -4.99211
-3.59745 -5.00001
-3.59746 -5.00792
-3.59722 -5.01583
-3.59713 -5.02373
-3.59752 -5.03164
-3.59736 -5.03954
-3.59721 -5.04745
-3.59789 -5.05535
-3.59749 -5.06326
-3.59806 -5.07116
-3.59759 -5.07907
-3.5974 -5.08698
-3.59753 -5.09488
-3.59824 -5.1028
-3.59809 -5.10758
-3.59769 -5.11237
-3.59676 -5.11707
-3.59647 -5.12189
-3.59501 -5.12646
-3.59427 -5.13123
-3.5921 -5.13555
-3.5911 -5.14028
-3.58912 -5.14464
-3.58681 -5.14883
-3.5845 -5.15302
-3.5825 -5.15741
-3.57938 -5.16214
-3.57707 -5.16566
-3.5741 -5.16869
-3.57135 -5.17187
-3.56901 -5.1754
-3.56618 -5.17852
-3.56301 -5.18129
-3.56011 -5.18437
-3.55654 -5.18666
-3.55357 -5.18934
-3.5506 -5.19203
-3.54733 -5.19434
-3.54407 -5.19665
-3.538 -5.20185
-3.53179 -5.20688
-3.5285 -5.20917
-3.52522 -5.21145
-3.51887 -5.2163
-3.51589 -5.21898
-3.51292 -5.22167
-3.50956 -5.22385
-3.50619 -5.22604
-3.50015 -5.23128
-3.49377 -5.23609
-3.48744 -5.24096
-3.48443 -5.2436
-3.48142 -5.24623
-3.47521 -5.25126
-3.47193 -5.25355
-3.46864 -5.25583
-3.46258 -5.26105
-3.45626 -5.26594
-3.45016 -5.2711
-3.44368 -5.2758
-3.4373 -5.2806
-3.43123 -5.28581
-3.42487 -5.29064
-3.41859 -5.29558
-3.41244 -5.30069
-3.40911 -5.30292
-3.40578 -5.30515
-3.40281 -5.30784
-3.39984 -5.31052
-3.39356 -5.31545
-3.39028 -5.31774
-3.387 -5.32004
-3.38401 -5.3227
-3.38103 -5.32537
-3.37471 -5.33027
-3.37144 -5.33257
-3.36817 -5.33487
-3.36196 -5.3399
-3.35561 -5.34475
-3.35262 -5.34741
-3.34962 -5.35006
-3.34629 -5.35228
-3.34295 -5.3545
-3.33681 -5.35961
-3.33043 -5.36443
-3.32746 -5.36712
-3.3245 -5.36981
-3.32119 -5.37206
-3.31787 -5.37431
-3.31157 -5.37922
-3.30864 -5.38196
-3.30572 -5.38471
-3.29926 -5.38943
-3.29289 -5.39425
-3.28642 -5.39894
-3.28344 -5.40161
-3.28046 -5.40429
-3.2742 -5.40925
-3.2709 -5.41152
-3.26761 -5.4138
-3.26463 -5.41647
-3.26165 -5.41914
-3.25549 -5.42424
-3.24905 -5.42897
-3.24283 -5.43398
-3.23652 -5.43889
-3.23023 -5.44381
-3.22406 -5.44889
-3.21758 -5.45358
-3.21125 -5.45845
-3.20504 -5.46348
-3.19867 -5.46831
-3.19256 -5.47347
-3.1863 -5.47843
-3.18302 -5.48072
-3.17974 -5.48301
-3.17678 -5.48571
-3.17381 -5.4884
-3.17052 -5.49067
-3.16722 -5.49294
-3.16102 -5.49798
-3.1547 -5.50287
-3.1517 -5.50551
-3.14869 -5.50815
-3.14534 -5.51035
-3.14198 -5.51255
-3.13569 -5.51747
-3.12963 -5.52269
-3.12329 -5.52756
-3.1171 -5.53261
-3.11099 -5.53777
-3.10766 -5.53999
-3.10433 -5.54222
-3.09817 -5.54731
-3.09211 -5.55252
-3.08593 -5.5576
-3.08262 -5.55985
-3.07931 -5.5621
-3.07292 -5.56691
-3.06676 -5.572
-3.06036 -5.57678
-3.05735 -5.57942
-3.05435 -5.58206
-3.04799 -5.5869
-3.04498 -5.58954
-3.04198 -5.59218
-3.03552 -5.5969
-3.02932 -5.60193
-3.02303 -5.60686
-3.0167 -5.61174
-3.01021 -5.6164
-3.00403 -5.62147
-2.99797 -5.62669
-2.99169 -5.63163
-2.98533 -5.63647
-2.97886 -5.64117
-2.97262 -5.64616
-2.96637 -5.65113
-2.9601 -5.65609
-2.95394 -5.66118
-2.95065 -5.66346
-2.94736 -5.66574
-2.94442 -5.66846
-2.94148 -5.67118
-2.9382 -5.67348
-2.93492 -5.67577
-2.93193 -5.67843
-2.92894 -5.68109
-2.92559 -5.68329
-2.92224 -5.68549
-2.91617 -5.6907
-2.9129 -5.693
-2.90963 -5.69531
-2.90359 -5.70055
-2.89724 -5.7054
-2.89101 -5.71041
-2.88458 -5.71515
-2.87839 -5.72021
-2.87213 -5.72517
-2.8658 -5.73005
-2.85946 -5.73492
-2.85341 -5.74015
-2.84692 -5.74482
-2.84393 -5.74748
-2.84094 -5.75014
-2.83449 -5.75486
-2.82832 -5.75993
-2.82213 -5.76499
-2.8188 -5.76721
-2.81546 -5.76944
-2.81255 -5.7722
-2.80963 -5.77495
-2.80636 -5.77725
-2.80309 -5.77955
-2.79673 -5.7844
-2.79376 -5.78707
-2.79078 -5.78975
-2.78437 -5.79452
-2.77785 -5.79915
-2.77162 -5.80416
-2.76864 -5.80684
-2.76567 -5.80952
-2.76237 -5.81179
-2.75907 -5.81406
-2.75285 -5.81907
-2.74644 -5.82382
-2.74275 -5.82655
-2.73925 -5.82959
-2.73521 -5.83176
-2.73137 -5.83432
-2.72405 -5.83748
-2.71708 -5.84129
-2.71026 -5.84539
-2.7032 -5.84904
-2.69608 -5.85259
-2.68884 -5.85588
-2.68201 -5.85997
-2.67485 -5.86343
-2.66769 -5.8669
-2.66073 -5.87072
-2.65364 -5.87432
-2.64663 -5.87806
-2.63955 -5.88167
-2.63276 -5.88585
-2.6255 -5.8891
-2.61878 -5.8934
-2.61167 -5.89696
-2.60435 -5.90012
-2.59738 -5.90393
-2.59027 -5.90749
-2.58323 -5.91116
-2.57653 -5.91551
-2.56946 -5.91914
-2.5624 -5.92279
-2.55532 -5.92639
-2.54812 -5.92978
-2.54113 -5.93356
-2.5343 -5.93764
-2.52703 -5.9409
-2.51988 -5.94437
-2.51313 -5.94862
-2.50581 -5.95177
-2.49891 -5.95572
-2.49181 -5.9593
-2.4848 -5.96304
-2.47798 -5.96714
-2.47079 -5.97055
-2.46371 -5.97415
-2.45667 -5.97785
-2.4495 -5.98128
-2.44258 -5.98519
-2.43548 -5.98876
-2.42868 -5.99291
-2.42151 -5.99635
-2.41432 -5.99975
-2.4073 -6.00348
-2.40037 -6.00737
-2.39334 -6.01108
-2.38621 -6.01459
-2.37946 -6.01884
-2.37236 -6.0224
-2.36531 -6.02607
-2.35801 -6.02926
-2.35104 -6.03309
-2.34422 -6.0372
-2.3371 -6.04073
-2.33018 -6.04464
-2.32281 -6.04771
-2.31592 -6.05167
-2.30883 -6.05527
-2.30195 -6.05927
-2.29473 -6.0626
-2.28778 -6.06646
-2.28059 -6.06985
-2.27368 -6.0738
-2.26683 -6.07784
-2.25959 -6.08115
-2.25278 -6.08527
-2.24571 -6.08891
-2.23871 -6.09267
-2.23148 -6.09599
-2.22462 -6.10002
-2.21726 -6.10311
-2.21022 -6.10674
-2.20604 -6.10929
-2.20157 -6.1112
-2.19706 -6.11302
-2.1923 -6.11402
-2.18772 -6.11575
-2.18291 -6.11642
-2.17812 -6.11722
-2.17333 -6.118
-2.16846 -6.11796
-2.16362 -6.11866
-2.15562 -6.11857
-2.15163 -6.11833
-2.14763 -6.11809
-2.14363 -6.11834
-2.13963 -6.11859
-2.13163 -6.11851
-2.12363 -6.11845
-2.11963 -6.11853
-2.11563 -6.11862
-2.10763 -6.11855
-2.10363 -6.11831
-2.09963 -6.11806
-2.09563 -6.11799
-2.09163 -6.11792
-2.08763 -6.11804
-2.08363 -6.11816
-2.07963 -6.11803
-2.07563 -6.11789
-2.07163 -6.11816
-2.06763 -6.11844
-2.06363 -6.11823
-2.05963 -6.11802
-2.05563 -6.11816
-2.05163 -6.11829
-2.04763 -6.1181
-2.04363 -6.11791
-2.03963 -6.11809
-2.03563 -6.11827
-2.03163 -6.11813
-2.02763 -6.11798
-2.02363 -6.11792
-2.01964 -6.11785
-2.01164 -6.11786
-2.00364 -6.11774
-1.99964 -6.11789
-1.99564 -6.11804
-1.98764 -6.118
-1.98364 -6.11783
-1.97964 -6.11765
-1.97564 -6.11786
-1.97164 -6.11808
-1.96764 -6.11799
-1.96364 -6.11791
-1.95964 -6.11804
-1.95564 -6.11817
-1.95164 -6.1181
-1.94764 -6.11804
-1.94364 -6.11789
-1.93964 -6.11775
-1.93564 -6.11788
-1.93164 -6.11802
-1.92764 -6.11806
-1.92364 -6.1181
-1.91964 -6.11774
-1.91564 -6.11738
-1.91164 -6.11774
-1.90764 -6.11809
-1.90364 -6.11774
-1.89964 -6.11739
-1.89564 -6.11768
-1.89164 -6.11797
-1.88764 -6.11788
-1.88364 -6.11779
-1.87964 -6.11784
-1.87564 -6.11788
-1.86765 -6.11777
-1.86365 -6.11759
-1.85965 -6.1174
-1.85165 -6.11745
-1.84765 -6.11768
-1.84365 -6.11791
-1.83965 -6.11785
-1.83565 -6.11779
-1.83165 -6.11746
-1.82765 -6.11713
-1.82365 -6.1172
-1.81965 -6.11728
-1.81565 -6.1172
-1.81165 -6.11713
-1.80765 -6.11735
-1.80365 -6.11758
-1.79565 -6.11754
-1.79165 -6.11733
-1.78765 -6.11712
-1.78365 -6.11734
-1.77965 -6.11757
-1.77165 -6.11749
-1.76365 -6.1175
-1.75565 -6.11755
-1.75165 -6.11723
-1.74766 -6.11691
-1.73966 -6.11693
-1.73566 -6.11697
-1.73166 -6.11701
-1.72766 -6.11688
-1.72366 -6.11675
-1.71566 -6.11681
-1.71166 -6.11704
-1.70766 -6.11727
-1.70366 -6.11698
-1.69966 -6.1167
-1.69566 -6.11697
-1.69166 -6.11724
-1.68766 -6.11717
-1.68366 -6.11709
-1.67966 -6.11701
-1.67566 -6.11693
-1.67166 -6.11697
-1.66766 -6.11701
-1.66366 -6.11716
-1.65966 -6.11731
-1.65566 -6.11692
-1.65166 -6.11653
-1.64766 -6.11688
-1.64366 -6.11724
-1.63966 -6.11695
-1.63566 -6.11666
-1.63166 -6.11669
-1.62766 -6.11673
-1.62366 -6.11678
-1.61966 -6.11682
-1.61566 -6.11661
-1.61167 -6.1164
-1.60766 -6.11658
-1.60366 -6.11677
-1.59966 -6.11689
-1.59566 -6.11702
-1.58767 -6.11693
-1.58367 -6.11685
-1.57967 -6.11677
-1.57567 -6.11671
-1.57167 -6.11664
-1.56767 -6.11655
-1.56367 -6.11645
-1.55967 -6.11633
-1.55567 -6.11621
-1.55167 -6.11633
-1.54767 -6.11645
-1.54367 -6.11667
-1.53967 -6.11688
-1.53567 -6.11671
-1.53167 -6.11654
-1.52767 -6.11663
-1.52367 -6.11671
-1.51967 -6.11654
-1.51567 -6.11637
-1.51167 -6.11642
-1.50767 -6.11647
-1.50367 -6.11636
-1.49967 -6.11626
-1.49167 -6.11622
-1.48767 -6.11613
-1.48367 -6.11604
-1.47967 -6.11634
-1.47567 -6.11664
-1.47167 -6.11637
-1.46768 -6.1161
-1.46368 -6.11618
-1.45968 -6.11626
-1.45568 -6.11637
-1.45167 -6.11648
-1.44368 -6.11642
-1.43968 -6.11627
-1.43568 -6.11613
-1.42768 -6.11617
-1.41968 -6.1161
-1.41568 -6.11627
-1.41168 -6.11643
-1.40768 -6.1162
-1.40368 -6.11597
-1.39968 -6.11602
-1.39568 -6.11606
-1.39168 -6.116
-1.38768 -6.11594
-1.38368 -6.11599
-1.37968 -6.11605
-1.37568 -6.11596
-1.37168 -6.11586
-1.36768 -6.11608
-1.36368 -6.1163
-1.35968 -6.11595
-1.35568 -6.1156
-1.34768 -6.11558
-1.3437 -6.11587
-1.34372 -6.11549
-1.34343 -6.11476
-1.34375 -6.11397
-1.34344 -6.11325
-1.34297 -6.1126
-1.3433 -6.11171
-1.34291 -6.11103
-1.3423 -6.11048
-1.34215 -6.1097
-1.34143 -6.10926
-1.34094 -6.1087
-1.3406 -6.10803
-1.33994 -6.10762
-1.33941 -6.10711
-1.33878 -6.10671
-1.33832 -6.1061
-1.33434 -6.10327
-1.33036 -6.10043
-1.32963 -6.10023
-1.32898 -6.09993
-1.32847 -6.09933
-1.32771 -6.09925
-1.3269 -6.09941
-1.32094 -6.09733
-1.31499 -6.09525
-1.30904 -6.09318
-1.30308 -6.0911
-1.3022 -6.09146
-1.30167 -6.09059
-1.30092 -6.09052
-1.30017 -6.09043
-1.2994 -6.09069
-1.29866 -6.09077
-1.29075 -6.091
-1.28283 -6.09124
-1.28212 -6.09102
-1.28143 -6.09136
-1.28078 -6.09169
-1.28003 -6.09147
-1.27928 -6.09142
-1.27876 -6.09213
-1.27365 -6.094
-1.26854 -6.09586
-1.26343 -6.09773
-1.26264 -6.09752
-1.25745 -6.09989
-1.25226 -6.10225
-1.24707 -6.10461
-1.24638 -6.10489
-1.24552 -6.10483
-1.2449 -6.10528
-1.24457 -6.10612
-1.24387 -6.10641
-1.24328 -6.10687
-1.2426 -6.10725
-1.24232 -6.10801
-1.24156 -6.10837
-1.24138 -6.10917
-1.24111 -6.10988
-1.24065 -6.11047
-1.24024 -6.11112
-1.2399 -6.1118
-1.24037 -6.11273
-1.23965 -6.11332
-1.23958 -6.11407
-1.2399 -6.11486
-1.23977 -6.11541
-1.23569 -6.11549
-1.23169 -6.11541
-1.22769 -6.11533
-1.22369 -6.11542
-1.21969 -6.11551
-1.21569 -6.11561
-1.21169 -6.11571
-1.20769 -6.11559
-1.20369 -6.11547
-1.19569 -6.11544
-1.18769 -6.11551
-1.18369 -6.11565
-1.17969 -6.11579
-1.17569 -6.11566
-1.1717 -6.11553
-1.1677 -6.11533
-1.1637 -6.11513
-1.1597 -6.11543
-1.1557 -6.11572
-1.1517 -6.11555
-1.1477 -6.11538
-1.1437 -6.11545
-1.1397 -6.11552
-1.1317 -6.1155
-1.1277 -6.11536
-1.1237 -6.11522
-1.1157 -6.11513
-1.1077 -6.11519
-1.1037 -6.1153
-1.0997 -6.11541
-1.0957 -6.11509
-1.0917 -6.11477
-1.0837 -6.11475
-1.0757 -6.11477
-1.0717 -6.11491
-1.0677 -6.11504
-1.0637 -6.11496
-1.0597 -6.11489
-1.0557 -6.11495
-1.0517 -6.11502
-1.0437 -6.11504
-1.0397 -6.11511
-1.0357 -6.11518
-1.03171 -6.11492
-1.02771 -6.11466
-1.02371 -6.11488
-1.01971 -6.1151
-1.01571 -6.11497
-1.01171 -6.11485
-1.00771 -6.11467
-1.00371 -6.11448
-0.999709 -6.11453
-0.995709 -6.11457
-0.98771 -6.11459
-0.98371 -6.11472
-0.979709 -6.11486
-0.97571 -6.11472
-0.971711 -6.11459
-0.967711 -6.11464
-0.963711 -6.11469
-0.959711 -6.11463
-0.955712 -6.11457
-0.951711 -6.11476
-0.947711 -6.11495
-0.943712 -6.11475
-0.939713 -6.11455
-0.931713 -6.11453
-0.923714 -6.11449
-0.919714 -6.11463
-0.915714 -6.11477
-0.911714 -6.1148
-0.907714 -6.11484
-0.903715 -6.11472
-0.899715 -6.1146
-0.895716 -6.11447
-0.891717 -6.11434
-0.883717 -6.11434
-0.875717 -6.11436
-0.871717 -6.11452
-0.867717 -6.11468
-0.863718 -6.11448
-0.859719 -6.11429
-0.855719 -6.11433
-0.851719 -6.11437
-0.847719 -6.11448
-0.843719 -6.11459
-0.835719 -6.11458
-0.831719 -6.11463
-0.827719 -6.11468
-0.823721 -6.1144
-0.819722 -6.11412
-0.811722 -6.11407
-0.807722 -6.1142
-0.803722 -6.11434
-0.795723 -6.1143
-0.791723 -6.11411
-0.787724 -6.11393
-0.783724 -6.11408
-0.779724 -6.11423
-0.775724 -6.11436
-0.771723 -6.1145
-0.767725 -6.11413
-0.763726 -6.11376
-0.759726 -6.114
-0.755725 -6.11424
-0.751726 -6.11412
-0.747727 -6.11399
-0.739727 -6.11397
-0.731728 -6.11399
-0.723728 -6.11392
-0.719729 -6.11386
-0.715729 -6.1138
-0.711729 -6.11391
-0.707729 -6.11402
-0.70373 -6.11385
-0.699731 -6.11368
-0.695731 -6.11362
-0.691731 -6.11356
-0.687731 -6.11384
-0.68373 -6.11411
-0.679731 -6.11402
-0.675731 -6.11392
-0.671731 -6.11403
-0.667731 -6.11413
-0.663732 -6.11399
-0.659732 -6.11384
-0.651733 -6.11379
-0.643734 -6.11381
-0.639734 -6.11363
-0.635735 -6.11344
-0.631735 -6.11349
-0.627735 -6.11354
-0.619736 -6.11359
-0.611737 -6.11351
-0.607737 -6.11357
-0.603737 -6.11363
-0.599736 -6.11378
-0.595736 -6.11394
-0.591737 -6.11384
-0.587737 -6.11375
-0.579738 -6.11381
-0.575739 -6.11347
-0.57174 -6.11313
-0.563741 -6.11309
-0.55974 -6.11329
-0.55574 -6.11348
-0.55174 -6.11362
-0.54774 -6.11375
-0.54374 -6.11366
-0.539741 -6.11356
-0.535741 -6.11349
-0.531742 -6.11341
-0.523743 -6.1133
-0.519742 -6.1135
-0.515742 -6.11369
-0.511743 -6.11351
-0.507744 -6.11332
-0.503743 -6.11348
-0.499743 -6.11364
-0.491744 -6.11361
-0.487745 -6.11341
-0.483745 -6.11321
-0.479746 -6.11325
-0.475746 -6.11328
-0.467746 -6.11334
-0.463747 -6.11319
-0.459747 -6.11304
-0.455748 -6.11293
-0.451749 -6.11282
-0.443749 -6.11285
-0.439748 -6.11311
-0.435748 -6.11338
-0.431748 -6.1133
-0.427749 -6.11323
-0.42375 -6.11292
-0.419751 -6.11262
-0.411752 -6.11262
-0.407751 -6.11284
-0.403751 -6.11306
-0.399751 -6.11295
-0.395752 -6.11284
-0.391752 -6.11304
-0.387751 -6.11323
-0.383752 -6.11312
-0.379752 -6.11301
-0.375753 -6.11279
-0.371754 -6.11257
-0.363755 -6.11251
-0.359754 -6.1128
-0.355754 -6.11309
-0.351755 -6.11274
-0.347756 -6.11238
-0.343756 -6.11254
-0.339756 -6.11271
-0.335756 -6.11277
-0.331756 -6.11283
-0.323757 -6.11279
-0.319758 -6.11258
-0.315759 -6.11237
-0.311758 -6.11259
-0.307758 -6.11281
-0.303758 -6.11261
-0.299759 -6.11241
-0.295759 -6.11253
-0.291759 -6.11266
-0.287759 -6.11278
-0.283759 -6.11291
-0.27976 -6.11272
-0.27576 -6.11253
-0.271761 -6.11232
-0.267762 -6.11211
-0.263761 -6.11247
-0.259761 -6.11283
-0.251761 -6.11283
-0.247762 -6.11275
-0.243762 -6.11267
-0.239763 -6.11241
-0.235764 -6.11215
-0.227765 -6.11215
-0.223765 -6.11227
-0.219764 -6.11238
-0.215764 -6.11245
-0.211764 -6.11252
-0.207765 -6.1124
-0.203766 -6.11228
-0.199766 -6.11221
-0.195767 -6.11215
-0.187767 -6.11205
-0.183767 -6.11227
-0.179767 -6.1125
-0.171767 -6.11239
-0.167769 -6.11209
-0.16377 -6.11179
-0.15577 -6.11185
-0.15177 -6.11202
-0.147769 -6.11219
-0.143769 -6.11228
-0.139769 -6.11236
-0.13177 -6.11234
-0.127771 -6.11212
-0.123772 -6.1119
-0.119772 -6.11201
-0.115772 -6.11213
-0.111772 -6.11203
-0.107773 -6.11193
-0.103773 -6.11204
-0.0997726 -6.11214
-0.0917729 -6.1122
-0.0877735 -6.1121
-0.083774 -6.11201
-0.079775 -6.11178
-0.075776 -6.11155
-0.0677766 -6.11151
-0.0637765 -6.11163
-0.0597763 -6.11176
-0.0557761 -6.1119
-0.0517759 -6.11203
-0.0477772 -6.11172
-0.0437785 -6.1114
-0.0397775 -6.11177
-0.0357766 -6.11214
-0.0317771 -6.11207
-0.0277776 -6.11199
-0.0237788 -6.11169
-0.01978 -6.1114
-0.0117804 -6.11142
-0.00777989 -6.11165
-0.00377939 -6.11189
0.00021993 -6.11175
0.00421925 -6.11161
0.00821849 -6.11145
0.0122177 -6.11129
0.016218 -6.11146
0.0202183 -6.11162
0.0242175 -6.11147
0.0282168 -6.11132
0.0362163 -6.11132
0.0402168 -6.11155
0.0442173 -6.11177
0.0522165 -6.11167
0.0562159 -6.11157
0.0602153 -6.11147
0.0682149 -6.11151
0.0722142 -6.11135
0.0762135 -6.1112
0.0802141 -6.11148
0.0842148 -6.11176
0.092214 -6.11167
0.0962127 -6.11134
0.100211 -6.11101
0.104212 -6.11125
0.108212 -6.1115
0.112211 -6.11124
0.11621 -6.11098
0.12021 -6.11106
0.12421 -6.11115
0.13221 -6.11118
0.136209 -6.11107
0.140209 -6.11096
0.144208 -6.11089
0.148208 -6.11081
0.152208 -6.11102
0.156209 -6.11123
0.160208 -6.11112
0.164207 -6.111
0.168208 -6.11123
0.172208 -6.11146
0.176207 -6.11115
0.180206 -6.11084
0.184206 -6.11097
0.188206 -6.11111
0.192206 -6.11098
0.196205 -6.11084
0.200205 -6.11088
0.204205 -6.11092
0.208205 -6.11097
0.212204 -6.11102
0.216205 -6.11112
0.220205 -6.11122
0.224203 -6.11091
0.228202 -6.11061
0.232197 -6.11095
0.232131 -6.11026
0.232492 -6.10953
0.232163 -6.10873
0.232262 -6.10796
0.232689 -6.10728
0.233097 -6.10662
0.233045 -6.10578
0.233888 -6.10534
0.234199 -6.10467
0.234791 -6.10417
0.235035 -6.10344
0.235654 -6.10299
0.235989 -6.10229
0.23666 -6.10192
0.236878 -6.10099
0.240912 -6.09802
0.244946 -6.09505
0.2458 -6.09498
0.246263 -6.09434
0.247006 -6.09415
0.247612 -6.09369
0.248357 -6.09355
0.249015 -6.09317
0.249868 -6.09351
0.256274 -6.0919
0.262681 -6.09028
0.269087 -6.08867
0.275493 -6.08706
0.281899 -6.08545
0.282709 -6.086
0.290238 -6.08436
0.290993 -6.08453
0.291726 -6.08474
0.292426 -6.08429
0.293133 -6.08469
0.293895 -6.08426
0.294533 -6.08488
0.295194 -6.08516
0.296082 -6.08466
0.296529 -6.08559
0.297442 -6.08526
0.303849 -6.08815
0.310256 -6.09103
0.316662 -6.09392
0.323069 -6.09681
0.329476 -6.09969
0.33021 -6.09993
0.330845 -6.10037
0.331331 -6.10102
0.331934 -6.10146
0.332368 -6.10211
0.332867 -6.10266
0.333531 -6.10306
0.333823 -6.10378
0.334382 -6.1043
0.334575 -6.10506
0.334803 -6.10577
0.33519 -6.1064
0.335615 -6.10703
0.336078 -6.10768
0.335686 -6.10855
0.335974 -6.10924
0.336499 -6.10994
0.33607 -6.11072
0.336072 -6.11074
0.340196 -6.11089
0.344195 -6.11071
0.348194 -6.11053
0.352194 -6.11057
0.356194 -6.11062
0.360194 -6.11069
0.364194 -6.11076
0.368193 -6.11052
0.372192 -6.11028
0.380192 -6.11025
0.384192 -6.11036
0.388192 -6.11047
0.392192 -6.11055
0.396192 -6.11063
0.400191 -6.11032
0.404189 -6.11001
0.408189 -6.11011
0.41219 -6.11022
0.416189 -6.11012
0.420188 -6.11002
0.424189 -6.11021
0.428189 -6.11039
0.436189 -6.11037
0.444188 -6.11037
0.452187 -6.11032
0.456187 -6.11044
0.460188 -6.11056
0.464186 -6.11019
0.468185 -6.10982
0.476184 -6.10975
0.480184 -6.10983
0.484184 -6.10991
0.488184 -6.11
0.492184 -6.11008
0.496184 -6.11019
0.500184 -6.1103
0.504183 -6.11004
0.508182 -6.10978
0.512182 -6.10983
0.516182 -6.10989
0.520181 -6.10976
0.524181 -6.10962
0.528181 -6.10988
0.532182 -6.11014
0.536181 -6.10987
0.54018 -6.1096
0.54418 -6.10978
0.54818 -6.10997
0.552179 -6.10973
0.556178 -6.10949
0.564178 -6.10948
0.572177 -6.10954
0.580177 -6.10945
0.584177 -6.10978
0.588178 -6.1101
0.592177 -6.10979
0.596176 -6.10948
0.600176 -6.10955
0.604176 -6.10961
0.608176 -6.1097
0.612176 -6.10979
0.616175 -6.1097
0.620175 -6.10961
0.624174 -6.10943
0.628173 -6.10926
0.632173 -6.1093
0.636173 -6.10933
0.640173 -6.10939
0.644173 -6.10945
0.648173 -6.10967
0.652174 -6.10989
0.660173 -6.10989
0.664172 -6.1097
0.668171 -6.1095
0.672171 -6.10931
0.67617 -6.10913
0.68017 -6.10922
0.68417 -6.10932
0.692169 -6.10929
0.696169 -6.1094
0.700169 -6.10951
0.704169 -6.10938
0.708168 -6.10926
0.712169 -6.10947
0.716169 -6.10968
0.720168 -6.10942
0.724167 -6.10915
0.732166 -6.1091
0.736167 -6.10939
0.740167 -6.10968
0.744167 -6.10947
0.748166 -6.10926
0.752165 -6.1093
0.756165 -6.10933
0.760165 -6.10926
0.764164 -6.10918
0.772164 -6.10911
0.776164 -6.10914
0.780163 -6.10918
0.784162 -6.10897
0.788162 -6.10877
0.792162 -6.10909
0.796163 -6.10941
0.800162 -6.10907
0.80416 -6.10872
0.808161 -6.10901
0.812162 -6.1093
0.816161 -6.10911
0.82016 -6.10893
0.82416 -6.10907
0.828161 -6.10921
0.83216 -6.10913
0.836159 -6.10904
0.840159 -6.10898
0.844159 -6.10891
0.848158 -6.10879
0.852157 -6.10867
0.856157 -6.1086
0.860156 -6.10854
0.868156 -6.10853
0.872156 -6.10862
0.876156 -6.1087
0.880156 -6.10877
0.884156 -6.10884
0.888155 -6.10877
0.892155 -6.1087
0.896155 -6.10891
0.900156 -6.10912
0.904155 -6.10886
0.908154 -6.1086
0.912153 -6.10864
0.916153 -6.10868
0.920153 -6.10872
0.924153 -6.10876
0.928152 -6.10856
0.932151 -6.10835
0.936152 -6.10856
0.940152 -6.10877
0.944151 -6.10851
0.94815 -6.10824
0.952151 -6.10857
0.956152 -6.1089
0.96015 -6.10862
0.964149 -6.10834
0.96815 -6.10848
0.97215 -6.10862
0.980149 -6.10865
0.984149 -6.10855
0.988148 -6.10845
0.992148 -6.10837
0.996147 -6.10829
1.00015 -6.10833
1.00415 -6.10837
1.00815 -6.10829
1.01215 -6.10821
1.01615 -6.1084
1.02015 -6.10858
1.02415 -6.10846
1.02815 -6.10834
1.03215 -6.10851
1.03615 -6.10869
1.04015 -6.1085
1.04414 -6.10831
1.04814 -6.10819
1.05214 -6.10808
1.05614 -6.10834
1.06014 -6.1086
1.06414 -6.10842
1.06814 -6.10825
1.07614 -6.10828
1.08014 -6.10834
1.08414 -6.1084
1.08814 -6.1081
1.09214 -6.1078
1.09614 -6.10788
1.10014 -6.10796
1.10414 -6.10787
1.10814 -6.10778
1.11614 -6.10779
1.12414 -6.10778
1.12814 -6.10784
1.13214 -6.10791
1.13614 -6.108
1.14014 -6.10809
1.14414 -6.10815
1.14814 -6.10821
1.15214 -6.10797
1.15614 -6.10772
1.16014 -6.108
1.16414 -6.10829
1.16814 -6.10794
1.17213 -6.1076
1.18013 -6.1076
1.18413 -6.10784
1.18813 -6.10807
1.19613 -6.108
1.20013 -6.10777
1.20413 -6.10754
1.20813 -6.10767
1.21213 -6.10781
1.21613 -6.10784
1.22013 -6.10788
1.22413 -6.10796
1.22813 -6.10805
1.23213 -6.10781
1.23613 -6.10757
1.24413 -6.10759
1.24813 -6.10763
1.25213 -6.10767
1.26013 -6.10756
1.26413 -6.10759
1.26813 -6.10763
1.27213 -6.10773
1.27613 -6.10783
1.28413 -6.10788
1.28813 -6.10752
1.29213 -6.10717
1.29613 -6.10751
1.30013 -6.10784
1.30413 -6.10751
1.30812 -6.10719
1.31212 -6.10725
1.31612 -6.10732
1.32012 -6.1075
1.32412 -6.10767
1.32812 -6.10738
1.33212 -6.10708
1.33612 -6.10728
1.34012 -6.10747
1.34412 -6.10723
1.34812 -6.10698
1.35612 -6.107
1.36412 -6.10706
1.37212 -6.10707
1.37612 -6.10711
1.38012 -6.10716
1.38412 -6.10708
1.38812 -6.10701
1.39212 -6.10716
1.39612 -6.10731
1.40012 -6.10723
1.40412 -6.10715
1.40812 -6.10732
1.41212 -6.10749
1.41612 -6.10727
1.42012 -6.10706
1.42412 -6.10728
1.42812 -6.10751
1.43212 -6.10714
1.43612 -6.10677
1.44012 -6.10691
1.44412 -6.10706
1.45211 -6.10697
1.45611 -6.10689
1.46011 -6.10681
1.46411 -6.10675
1.46811 -6.10668
1.47211 -6.10684
1.47611 -6.10701
1.48011 -6.10694
1.48411 -6.10688
1.48811 -6.10695
1.49211 -6.10701
1.49611 -6.10693
1.50011 -6.10684
1.50411 -6.10692
1.50811 -6.10701
1.51211 -6.10706
1.51611 -6.10711
1.52011 -6.10694
1.52411 -6.10677
1.53211 -6.10674
1.53611 -6.10678
1.54011 -6.10683
1.54411 -6.10689
1.54811 -6.10695
1.55211 -6.10672
1.55611 -6.10649
1.56411 -6.10641
1.57211 -6.1063
1.57611 -6.10656
1.58011 -6.10682
1.58411 -6.10657
1.5881 -6.10631
1.5921 -6.10639
1.5961 -6.10647
1.6001 -6.10654
1.6041 -6.10662
1.6081 -6.10671
1.6121 -6.1068
1.6161 -6.10648
1.6201 -6.10617
1.6241 -6.10634
1.6281 -6.1065
1.6361 -6.10641
1.6441 -6.10643
1.6481 -6.10649
1.6521 -6.10655
1.6561 -6.10645
1.6601 -6.10636
1.6641 -6.10641
1.6681 -6.10646
1.6761 -6.10641
1.6801 -6.10627
1.6841 -6.10613
1.6881 -6.10637
1.6921 -6.10662
1.6961 -6.10645
1.7001 -6.10628
1.7041 -6.10634
1.7081 -6.1064
1.7121 -6.10627
1.7161 -6.10615
1.7201 -6.10634
1.7241 -6.10654
1.7281 -6.10621
1.73209 -6.10588
1.74009 -6.10582
1.74809 -6.10575
1.75609 -6.10573
1.76009 -6.10589
1.76409 -6.10605
1.76809 -6.10588
1.77209 -6.10571
1.78009 -6.10566
1.78409 -6.10587
1.78809 -6.10609
1.79209 -6.10592
1.79609 -6.10575
1.80009 -6.10567
1.80409 -6.10559
1.80832 -6.10558
1.80809 -6.10492
1.80811 -6.10416
1.80844 -6.10345
1.8086 -6.10272
1.80858 -6.10191
1.8089 -6.10121
1.80977 -6.10078
1.81002 -6.10008
1.80994 -6.09915
1.81057 -6.09865
1.81111 -6.09811
1.81171 -6.09764
1.81219 -6.09704
1.81263 -6.09638
1.81338 -6.09609
1.81397 -6.09559
1.8182 -6.09352
1.82243 -6.09144
1.82309 -6.0911
1.82357 -6.0904
1.82965 -6.08782
1.83574 -6.08523
1.84182 -6.08264
1.8479 -6.08005
1.84862 -6.07987
1.84917 -6.07923
1.85001 -6.07942
1.85077 -6.0795
1.85138 -6.07877
1.85219 -6.07932
1.85289 -6.07908
1.85363 -6.07873
1.86127 -6.07938
1.86891 -6.08004
1.8696 -6.08064
1.87033 -6.08065
1.8711 -6.08058
1.87188 -6.08056
1.87248 -6.08116
1.87898 -6.08393
1.88547 -6.08671
1.89197 -6.08948
1.89847 -6.09225
1.90496 -6.09502
1.90566 -6.09525
1.90628 -6.09563
1.90687 -6.09605
1.90774 -6.09611
1.908 -6.09697
1.90894 -6.09705
1.90924 -6.0978
1.90934 -6.09868
1.9098 -6.09923
1.9106 -6.09958
1.91057 -6.10045
1.91093 -6.10108
1.91169 -6.10156
1.91139 -6.10245
1.91179 -6.1031
1.9122 -6.10377
1.91211 -6.10454
1.91218 -6.10528
1.91209 -6.10559
1.91608 -6.10535
1.92008 -6.10525
1.92408 -6.10515
1.92808 -6.10527
1.93208 -6.10539
1.94008 -6.10533
1.94408 -6.10558
1.94808 -6.10584
1.95208 -6.10555
1.95608 -6.10527
1.96008 -6.10545
1.96408 -6.10563
1.97208 -6.10563
1.97608 -6.10531
1.98008 -6.10499
1.98408 -6.10505
1.98808 -6.10511
1.99208 -6.10531
1.99608 -6.10552
2.00008 -6.10541
2.00408 -6.1053
2.00808 -6.10535
2.01207 -6.1054
2.01607 -6.10525
2.02007 -6.1051
2.02407 -6.10497
2.02807 -6.10484
2.03207 -6.10494
2.03607 -6.10503
2.04407 -6.10493
2.04807 -6.10486
2.05207 -6.10479
2.06007 -6.10479
2.06407 -6.10489
2.06807 -6.105
2.07207 -6.1049
2.07607 -6.1048
2.08007 -6.10505
2.08407 -6.10531
2.09207 -6.10523
2.10007 -6.10527
2.10407 -6.10495
2.10807 -6.10463
2.11607 -6.10454
2.12007 -6.10479
2.12407 -6.10504
2.12807 -6.10479
2.13206 -6.10454
2.13606 -6.10459
2.14006 -6.10465
2.14806 -6.1047
2.15606 -6.10466
2.16406 -6.10456
2.17206 -6.10447
2.17606 -6.10451
2.18006 -6.10454
2.18406 -6.10461
2.18806 -6.10469
2.19206 -6.1046
2.19606 -6.10451
2.20006 -6.10458
2.20406 -6.10464
2.20806 -6.10469
2.21206 -6.10473
2.22006 -6.10464
2.22406 -6.10448
2.22806 -6.10433
2.23206 -6.10437
2.23606 -6.1044
2.24006 -6.10462
2.24406 -6.10484
2.25206 -6.1048
2.25606 -6.10461
2.26006 -6.10442
2.26806 -6.10448
2.27206 -6.10428
2.27605 -6.10408
2.28405 -6.10413
2.28805 -6.10441
2.29206 -6.10469
2.29605 -6.10438
2.30005 -6.10406
2.30805 -6.1041
2.31206 -6.10432
2.31607 -6.10453
2.32103 -6.10384
2.32608 -6.10408
2.33103 -6.10336
2.33599 -6.10254
2.34072 -6.10084
2.34567 -6.09993
2.35031 -6.09809
2.35502 -6.09637
2.35932 -6.09378
2.36413 -6.09221
2.37082 -6.08789
2.37789 -6.08427
2.38492 -6.08058
2.39174 -6.0765
2.39892 -6.07307
2.40571 -6.06895
2.4127 -6.06519
2.41957 -6.06121
2.42655 -6.05742
2.43337 -6.05333
2.44041 -6.04967
2.44745 -6.04598
2.45447 -6.04228
2.46153 -6.03863
2.46845 -6.03474
2.47533 -6.03078
2.48236 -6.02709
2.4892 -6.02304
2.49594 -6.01883
2.50291 -6.01502
2.51008 -6.01158
2.51703 -6.00774
2.52396 -6.00387
2.53074 -5.99972
2.538 -5.99645
2.54467 -5.9921
2.55163 -5.98827
2.55862 -5.98451
2.56558 -5.98069
2.57279 -5.97732
2.57977 -5.97353
2.58655 -5.96939
2.5933 -5.96519
2.60028 -5.9614
2.6074 -5.95787
2.61438 -5.95409
2.62134 -5.95027
2.62842 -5.94665
2.63521 -5.94253
2.64202 -5.93844
2.64896 -5.93458
2.65595 -5.93081
2.66321 -5.92753
2.6701 -5.92359
2.6769 -5.91948
2.6841 -5.9161
2.69074 -5.91169
2.69799 -5.90839
2.70468 -5.90409
2.71182 -5.9006
2.71868 -5.8966
2.72561 -5.89271
2.73255 -5.88886
2.73957 -5.88515
2.74644 -5.88116
2.75358 -5.87766
2.76057 -5.87391
2.76739 -5.86982
2.77446 -5.8662
2.78124 -5.86206
2.78839 -5.85858
2.79503 -5.85418
2.80218 -5.8507
2.80915 -5.84689
2.81618 -5.84321
2.82286 -5.83887
2.82981 -5.83504
2.8371 -5.83181
2.84371 -5.82736
2.85093 -5.82401
2.85795 -5.82029
2.86487 -5.8164
2.87178 -5.8125
2.87852 -5.80828
2.88557 -5.80462
2.89274 -5.80115
2.89697 -5.79838
2.9012 -5.7956
2.90496 -5.79263
2.90895 -5.78964
2.91299 -5.78672
2.9189 -5.78137
2.92529 -5.77658
2.93149 -5.77157
2.93712 -5.76589
2.94356 -5.76116
2.94947 -5.75581
2.9556 -5.75071
2.96152 -5.74537
2.96775 -5.7404
2.97396 -5.7354
2.9801 -5.73031
2.98607 -5.72503
2.99225 -5.72
2.99804 -5.71451
3.00393 -5.70913
3.01003 -5.704
3.01645 -5.69926
3.02257 -5.69414
3.0285 -5.68882
3.03448 -5.68355
3.04048 -5.6783
3.04672 -5.67334
3.0525 -5.66784
3.05579 -5.66555
3.05907 -5.66326
3.06493 -5.65785
3.07096 -5.65264
3.07723 -5.6477
3.08294 -5.64212
3.08904 -5.637
3.09535 -5.63211
3.10124 -5.62674
3.10758 -5.62189
3.11352 -5.61657
3.11941 -5.61119
3.12557 -5.60614
3.13152 -5.60084
3.13788 -5.59602
3.14407 -5.59099
3.14976 -5.58538
3.15618 -5.58063
3.16193 -5.57509
3.16812 -5.57007
3.17441 -5.56516
3.18055 -5.56008
3.18631 -5.55455
3.19262 -5.54966
3.19874 -5.54456
3.20467 -5.53923
3.21062 -5.53393
3.21685 -5.52895
3.22256 -5.52337
3.22888 -5.5185
3.23473 -5.51308
3.238 -5.51078
3.24128 -5.50847
3.24726 -5.50321
3.25316 -5.49784
3.25908 -5.49251
3.26554 -5.4878
3.27145 -5.48245
3.27727 -5.47699
3.28369 -5.47224
3.28944 -5.4667
3.29564 -5.46169
3.30182 -5.45666
3.30787 -5.45146
3.31386 -5.44621
3.32017 -5.44132
3.32627 -5.4362
3.33234 -5.43103
3.33828 -5.42571
3.34423 -5.42041
3.35059 -5.41559
3.35623 -5.40992
3.36273 -5.40526
3.36883 -5.40013
3.37446 -5.39445
3.38053 -5.38929
3.38685 -5.38442
3.39273 -5.37903
3.39885 -5.37393
3.40525 -5.36916
3.41135 -5.36402
3.41714 -5.35853
3.42325 -5.35342
3.42909 -5.34798
3.43535 -5.34304
3.44122 -5.33764
3.44731 -5.3325
3.45058 -5.33019
3.45385 -5.32789
3.45953 -5.32227
3.46584 -5.31738
3.47175 -5.31204
3.47778 -5.30682
3.48398 -5.30181
3.49019 -5.29681
3.49615 -5.29152
3.50197 -5.28606
3.50523 -5.28374
3.50849 -5.28143
3.51419 -5.27583
3.52038 -5.27081
3.52647 -5.26567
3.53282 -5.26083
3.5387 -5.25544
3.54498 -5.25053
3.55098 -5.24528
3.55696 -5.24001
3.56309 -5.23491
3.56894 -5.2295
3.57501 -5.22433
3.58106 -5.21915
3.58742 -5.21433
3.59315 -5.20876
3.59941 -5.20382
3.60526 -5.1984
3.6113 -5.1932
3.61776 -5.18849
3.62382 -5.18332
3.62983 -5.17808
3.63566 -5.17264
3.64195 -5.16773
3.64813 -5.16269
3.65409 -5.1574
3.65997 -5.15201
3.66642 -5.14731
3.67242 -5.14206
3.67823 -5.13658
3.68429 -5.13141
3.69062 -5.12655
3.69677 -5.12149
3.70245 -5.11586
3.70874 -5.11096
3.71484 -5.10583
3.72084 -5.10058
3.72685 -5.09535
3.73284 -5.09011
3.73671 -5.08743
3.73962 -5.08376
3.74311 -5.08064
3.74585 -5.07686
3.749 -5.07346
3.75215 -5.07003
3.75525 -5.0653
3.75772 -5.06202
3.7603 -5.05881
3.76235 -5.05468
3.76542 -5.05118
3.76754 -5.04712
3.76902 -5.04276
3.7709 -5.03859
3.77325 -5.03457
3.77417 -5.03006
3.77582 -5.02576
3.77677 -5.02128
3.7779 -5.01681
3.77821 -5.01224
3.77857 -5.00768
3.7788 -5.00311
3.77864 -4.99853
3.77855 -4.99081
3.77846 -4.98309
3.77865 -4.97536
3.77819 -4.96765
3.77859 -4.95991
3.77798 -4.9522
3.7779 -4.94448
3.77766 -4.93676
3.77743 -4.92904
3.77759 -4.92131
3.77716 -4.91359
3.77729 -4.90587
3.77734 -4.89814
3.77697 -4.89042
3.77676 -4.8827
3.77645 -4.87498
3.77678 -4.86725
3.77647 -4.85953
3.77627 -4.85181
3.77643 -4.84409
3.77598 -4.83637
3.77594 -4.82865
3.77598 -4.82092
3.77559 -4.8132
3.77535 -4.80548
3.77576 -4.79775
3.77567 -4.79001
3.77468 -4.78505
3.77457 -4.78003
3.77363 -4.77509
3.77291 -4.77013
3.77176 -4.76523
3.77019 -4.76047
3.76814 -4.75588
3.76667 -4.75107
3.76437 -4.7466
3.76201 -4.74218
3.75967 -4.73771
3.75703 -4.73342
3.75292 -4.72837
3.74904 -4.72315
3.74571 -4.71786
3.74258 -4.71415
3.73904 -4.71079
3.73615 -4.7074
3.73326 -4.70402
3.73012 -4.70085
3.72672 -4.69798
3.72073 -4.69267
3.71761 -4.69017
3.71449 -4.68767
3.70844 -4.68243
3.70244 -4.67714
3.69645 -4.67184
3.6904 -4.6666
3.68749 -4.66385
3.68458 -4.66111
3.67848 -4.65593
3.67539 -4.65338
3.67231 -4.65084
3.66629 -4.64557
3.66024 -4.64033
3.65713 -4.63782
3.65402 -4.63531
3.648 -4.63003
3.64193 -4.62482
3.63895 -4.62215
3.63597 -4.61948
3.63302 -4.61679
3.63006 -4.61409
3.62691 -4.61162
3.62377 -4.60914
3.62065 -4.60664
3.61753 -4.60413
3.61464 -4.60136
3.61175 -4.59859
3.6057 -4.59335
3.59959 -4.58819
3.59663 -4.58549
3.59368 -4.58279
3.59057 -4.58027
3.58747 -4.57774
3.58427 -4.57534
3.58106 -4.57293
3.57824 -4.57008
3.57542 -4.56722
3.57218 -4.56485
3.56894 -4.56248
3.56604 -4.55973
3.56313 -4.55698
3.55701 -4.55182
3.5539 -4.5493
3.55079 -4.54679
3.54785 -4.54407
3.54491 -4.54136
3.53888 -4.5361
3.53593 -4.5334
3.53298 -4.5307
3.52975 -4.52831
3.52653 -4.52593
3.52357 -4.52324
3.5206 -4.52055
3.51765 -4.51786
3.51469 -4.51516
3.51152 -4.51271
3.50835 -4.51027
3.50226 -4.50508
3.49933 -4.50236
3.49639 -4.49964
3.49346 -4.49691
3.49053 -4.49418
3.48731 -4.49179
3.48409 -4.4894
3.48117 -4.48666
3.47826 -4.48392
3.47509 -4.48147
3.47193 -4.47901
3.469 -4.47628
3.46607 -4.47355
3.46299 -4.471
3.45991 -4.46845
3.45381 -4.46328
3.44769 -4.45813
3.44473 -4.45543
3.44178 -4.45273
3.43869 -4.45019
3.43561 -4.44764
3.42957 -4.44239
3.42672 -4.43958
3.42386 -4.43677
3.42071 -4.43429
3.41756 -4.43182
3.41462 -4.42911
3.41168 -4.42639
3.40563 -4.42116
3.39961 -4.41589
3.39645 -4.41344
3.39329 -4.41098
3.39037 -4.40824
3.38745 -4.4055
3.38421 -4.40314
3.38096 -4.40078
3.37807 -4.398
3.37518 -4.39523
3.37199 -4.39281
3.3688 -4.39039
3.36589 -4.38763
3.36299 -4.38487
3.35989 -4.38234
3.3568 -4.3798
3.3539 -4.37704
3.35101 -4.37427
3.34802 -4.37161
3.34503 -4.36895
3.33893 -4.36378
3.33581 -4.36128
3.33269 -4.35877
3.32975 -4.35605
3.32682 -4.35332
3.32073 -4.34813
3.31756 -4.3457
3.31438 -4.34326
3.30834 -4.33801
3.30523 -4.3355
3.30211 -4.33299
3.29919 -4.33025
3.29627 -4.32751
3.29029 -4.32219
3.28422 -4.31699
3.28126 -4.3143
3.2783 -4.31161
3.2752 -4.30907
3.27211 -4.30653
3.26607 -4.30129
3.26293 -4.29881
3.25979 -4.29632
3.25682 -4.29365
3.25384 -4.29097
3.24776 -4.28578
3.24484 -4.28304
3.24191 -4.28031
3.23882 -4.27777
3.23574 -4.27522
3.23257 -4.27278
3.22939 -4.27033
3.22651 -4.26755
3.22363 -4.26477
3.22066 -4.26209
3.21769 -4.25941
3.21442 -4.25707
3.21115 -4.25474
3.2051 -4.24951
3.19906 -4.24427
3.19615 -4.24152
3.19323 -4.23877
3.19026 -4.23609
3.18729 -4.23342
3.18411 -4.23099
3.18092 -4.22856
3.17484 -4.22335
3.16884 -4.21807
3.16284 -4.21278
3.15685 -4.20747
3.15371 -4.20499
3.15058 -4.2025
3.14455 -4.19724
3.14158 -4.19456
3.13861 -4.19188
3.13253 -4.18669
3.12642 -4.18152
3.12345 -4.17884
3.12048 -4.17616
3.1173 -4.17372
3.11413 -4.17128
3.11129 -4.16845
3.10845 -4.16562
3.10522 -4.16324
3.10199 -4.16086
3.09909 -4.1581
3.09618 -4.15534
3.09302 -4.15289
3.08985 -4.15044
3.08384 -4.14517
3.08095 -4.14239
3.07806 -4.13962
3.07493 -4.13712
3.07181 -4.13461
3.06886 -4.13191
3.06591 -4.12921
3.05989 -4.12395
3.0569 -4.12128
3.05392 -4.11861
3.05077 -4.11614
3.04762 -4.11367
3.04464 -4.11101
3.04166 -4.10834
3.03847 -4.10592
3.03527 -4.1035
3.02923 -4.09825
3.02325 -4.09294
3.01712 -4.0878
3.01415 -4.08512
3.01118 -4.08244
3.0051 -4.07724
3.00222 -4.07446
2.99933 -4.07168
2.9962 -4.06919
2.99307 -4.0667
2.98694 -4.06156
2.98082 -4.05641
2.97482 -4.05112
2.96867 -4.04599
2.96254 -4.04086
2.95965 -4.03809
2.95675 -4.03532
2.95066 -4.03014
2.94768 -4.02747
2.9447 -4.02481
2.94151 -4.02238
2.93832 -4.01995
2.93534 -4.01728
2.93236 -4.01462
2.92924 -4.0121
2.92613 -4.00959
2.92326 -4.0068
2.92038 -4.00401
2.91432 -3.99879
2.90832 -3.9935
2.9023 -3.98823
2.89619 -3.98307
2.89307 -3.98056
2.88995 -3.97806
2.88681 -3.97557
2.88368 -3.97308
2.8808 -3.97029
2.87793 -3.9675
2.87478 -3.96503
2.87163 -3.96256
2.86564 -3.95725
2.86255 -3.95471
2.85946 -3.95217
2.85655 -3.94942
2.85364 -3.94667
2.85066 -3.944
2.84768 -3.94134
2.84158 -3.93616
2.83836 -3.93377
2.83514 -3.93139
2.83223 -3.92863
2.82933 -3.92587
2.82615 -3.92344
2.82297 -3.921
2.8201 -3.9182
2.81723 -3.91541
2.81407 -3.91295
2.81091 -3.91049
2.80797 -3.90777
2.80503 -3.90505
2.80205 -3.90239
2.79907 -3.89972
2.79611 -3.89703
2.79315 -3.89433
2.78705 -3.88916
2.78391 -3.88668
2.78076 -3.8842
2.77786 -3.88145
2.77495 -3.87869
2.76883 -3.87354
2.76269 -3.86841
2.75971 -3.86574
2.75673 -3.86308
2.7536 -3.86058
2.75047 -3.85809
2.74737 -3.85556
2.74428 -3.85303
2.7414 -3.85024
2.73852 -3.84745
2.7353 -3.84506
2.73209 -3.84266
2.72927 -3.83981
2.72645 -3.83695
2.72323 -3.83456
2.72001 -3.83217
2.71389 -3.82702
2.70783 -3.8218
2.70492 -3.81905
2.70201 -3.81631
2.6989 -3.81378
2.69579 -3.81126
2.69292 -3.80847
2.69005 -3.80567
2.68686 -3.80325
2.68366 -3.80084
2.68078 -3.79804
2.67791 -3.79525
2.67472 -3.79283
2.67153 -3.79041
2.66541 -3.78525
2.66251 -3.7825
2.6596 -3.77974
2.65638 -3.77735
2.65316 -3.77496
2.6503 -3.77216
2.64743 -3.76936
2.64134 -3.76417
2.63533 -3.75889
2.63219 -3.75641
2.62905 -3.75392
2.6262 -3.75111
2.62334 -3.7483
2.62025 -3.74575
2.61717 -3.74321
2.61115 -3.73794
2.60506 -3.73275
2.60197 -3.73021
2.59888 -3.72767
2.59579 -3.72514
2.59269 -3.7226
2.58975 -3.71989
2.58681 -3.71718
2.58073 -3.71197
2.57777 -3.70928
2.57481 -3.70659
2.57155 -3.70425
2.56829 -3.7019
2.56531 -3.69923
2.56234 -3.69656
2.55936 -3.69389
2.55638 -3.69122
2.55326 -3.68871
2.55013 -3.68621
2.54721 -3.68348
2.54429 -3.68074
2.53827 -3.67548
2.53508 -3.67305
2.5319 -3.67061
2.52587 -3.66536
2.51981 -3.66014
2.51697 -3.6573
2.51413 -3.65447
2.51098 -3.652
2.50783 -3.64953
2.50486 -3.64685
2.5019 -3.64416
2.49872 -3.64172
2.49555 -3.63928
2.4927 -3.63646
2.48984 -3.63364
2.48377 -3.62843
2.48057 -3.62602
2.47737 -3.62361
2.47128 -3.61842
2.46835 -3.6157
2.46542 -3.61298
2.45942 -3.60769
2.45622 -3.60527
2.45302 -3.60285
2.45013 -3.60009
2.44723 -3.59732
2.44414 -3.59478
2.44106 -3.59223
2.43812 -3.58951
2.43519 -3.58679
2.42909 -3.58161
2.42615 -3.5789
2.42321 -3.57619
2.41998 -3.5738
2.41676 -3.57141
2.41368 -3.56886
2.4106 -3.56631
2.40777 -3.56347
2.40494 -3.56063
2.3988 -3.5555
2.3957 -3.55296
2.39261 -3.55043
2.38659 -3.54515
2.38365 -3.54244
2.38071 -3.53973
2.37752 -3.5373
2.37434 -3.53487
2.37143 -3.53211
2.36853 -3.52936
2.36531 -3.52697
2.36208 -3.52459
2.35916 -3.52185
2.35623 -3.51912
2.35022 -3.51385
2.34708 -3.51136
2.34395 -3.50887
2.34098 -3.50618
2.33802 -3.5035
2.33494 -3.50094
2.33186 -3.49839
2.32876 -3.4958
2.32871 -3.49535
2.3296 -3.49509
2.32986 -3.49438
2.32995 -3.4936
2.33036 -3.493
2.33107 -3.49249
2.3315 -3.49184
2.33098 -3.49094
2.33183 -3.49035
2.33197 -3.48961
2.33161 -3.48884
2.33198 -3.4881
2.33142 -3.48739
2.33142 -3.48667
2.33166 -3.48588
2.33046 -3.48051
2.32927 -3.47514
2.32949 -3.47434
2.32915 -3.47368
2.32902 -3.47295
2.32908 -3.4721
2.32857 -3.47153
2.32819 -3.47089
2.32772 -3.47031
2.32386 -3.46491
2.31999 -3.45951
2.31612 -3.45411
2.31225 -3.44871
2.30838 -3.44331
2.3081 -3.44259
2.30766 -3.44198
2.3068 -3.4418
2.30618 -3.44142
2.30581 -3.44072
2.30545 -3.43992
2.30445 -3.44017
2.30405 -3.43934
2.30336 -3.43905
2.30267 -3.43878
2.29612 -3.43642
2.28957 -3.43406
2.28302 -3.43171
2.27647 -3.42935
2.26992 -3.42699
2.26336 -3.42463
2.26275 -3.4241
2.26206 -3.42375
2.26124 -3.42413
2.26053 -3.42385
2.2598 -3.42362
2.25906 -3.42384
2.25833 -3.42387
2.25756 -3.42369
2.25676 -3.42356
2.25603 -3.4238
2.2555 -3.42457
2.25463 -3.42439
2.25412 -3.42503
2.25331 -3.4251
2.2528 -3.42569
2.25226 -3.42619
2.25131 -3.42621
2.25106 -3.42704
2.25044 -3.42747
2.24971 -3.42781
