0.84239 0.0501691
0.847826 0.0403515
0.872426 0.00225707
1 0
0.956875 0.132726
0.84239 0.0501691


0.550952 0.77528
0.663856 0.693251
0.717151 0.773173
0.658366 0.797143
0.550952 0.77528


-0.189398 0.951057
-0.17032 0.821686
-0.0967877 0.83628
-0.0498415 0.951057
-0.189398 0.951057


-0.931394 0.602696
-0.827499 0.530903
-0.744501 0.634659
-0.811787 0.687562
-0.819921 0.689817
-0.863542 0.673846
-0.931394 0.602696


-1.04706 -0.212245
-0.926071 -0.22753
-0.969196 -0.0948041
-1.01228 -0.134858
-1.04706 -0.212245


-0.583211 -0.751843
-0.470307 -0.833872
-0.4033 -0.717469
-0.479352 -0.652377
-0.50747 -0.636835
-0.583211 -0.751843


0.149524 -0.951057
0.28908 -0.951057
0.237695 -0.863579
0.207061 -0.816469
0.185677 -0.803207
0.149524 -0.951057


0.722161 -0.532559
0.815178 -0.568824
0.858303 -0.436099
0.771096 -0.443218
0.722161 -0.532559


