0 0
0.136854 0.0161201
0.171045 -0.0207
0.30025 0.0368805
0.38625 0.028637
0.464261 0.0148674
0.580938 0.0148687
0.662122 0.0241421
0.749644 0.0152014
0.798537 0.00221074
0.913075 0.0100954
1.01164 0.00653272
0.879381 0.105897
0.861145 0.199073
0.742486 0.281524
0.652816 0.369505
0.584242 0.480088
0.471414 0.56003
0.396252 0.649925
0.300365 0.736646
0.191504 0.841098
0.107375 0.919584
0.0167864 1.01916
0.0410325 0.927918
0.0101063 0.822974
0.00989995 0.731705
0.0379452 0.651
0.0433709 0.566096
0.0446157 0.473163
0.0135216 0.393099
0.0216074 0.291941
-0.021819 0.185302
0.0374344 0.114458
0 0
