1 0
0.93242 0.0102234
0.905226 0.0158804
0.872426 0.00225707
0.847826 0.0403515
0.84239 0.0501691
0.963036 0.113765
0.956875 0.132726
0.950714 0.151687
0.944553 0.170647
0.938393 0.189608
0.932232 0.208569
0.926071 0.22753
0.91991 0.246491
0.91375 0.265451
0.907589 0.284412
0.901428 0.303373
0.895267 0.322334
0.889107 0.341295
0.882946 0.360255
0.876785 0.379216
0.870624 0.398177
0.864464 0.417138
0.858303 0.436099
0.852142 0.45506
0.845981 0.47402
0.839821 0.492981
0.83366 0.511942
0.827499 0.530903
0.821338 0.549864
0.815178 0.568824
0.809017 0.587785
0.792888 0.599504
0.776759 0.611222
0.76063 0.622941
0.744501 0.634659
0.728372 0.646377
0.712243 0.658096
0.696114 0.669814
0.679985 0.681533
0.663856 0.693251
0.717151 0.773173
0.670143 0.761477
0.638451 0.754959
0.658366 0.797143
0.597405 0.781575
0.567082 0.763562
0.550952 0.77528
0.534823 0.786999
0.518694 0.798717
0.502565 0.810435
0.486436 0.822154
0.470307 0.833872
0.454178 0.845591
0.438049 0.857309
0.42192 0.869028
0.405791 0.880746
0.389662 0.892464
0.373533 0.904183
0.357404 0.915901
0.341275 0.92762
0.325146 0.939338
0.309017 0.951057
0.28908 0.951057
0.269144 0.951057
0.249207 0.951057
0.229271 0.951057
0.209334 0.951057
0.189398 0.951057
0.169461 0.951057
0.149524 0.951057
0.129588 0.951057
0.109651 0.951057
0.0897146 0.951057
0.069778 0.951057
0.0498415 0.951057
0.0299049 0.951057
0.00996829 0.951057
-0.00996829 0.951057
-0.0299049 0.951057
-0.0498415 0.951057
-0.0747069 0.89627
-0.0967877 0.83628
-0.119316 0.898693
-0.12665 0.916911
-0.17032 0.821686
-0.169461 0.951057
-0.189398 0.951057
-0.209334 0.951057
-0.229271 0.951057
-0.249207 0.951057
-0.269144 0.951057
-0.28908 0.951057
-0.309017 0.951057
-0.325146 0.939338
-0.341275 0.92762
-0.357404 0.915901
-0.373533 0.904183
-0.389662 0.892464
-0.405791 0.880746
-0.42192 0.869028
-0.438049 0.857309
-0.454178 0.845591
-0.470307 0.833872
-0.486436 0.822154
-0.502565 0.810435
-0.518694 0.798717
-0.534823 0.786999
-0.550952 0.77528
-0.567082 0.763562
-0.583211 0.751843
-0.59934 0.740125
-0.615469 0.728406
-0.631598 0.716688
-0.647727 0.70497
-0.663856 0.693251
-0.679985 0.681533
-0.696114 0.669814
-0.712243 0.658096
-0.728372 0.646377
-0.744501 0.634659
-0.811787 0.687562
-0.819921 0.689817
-0.863542 0.673846
-0.931394 0.602696
-0.871884 0.576989
-0.821338 0.549864
-0.827499 0.530903
-0.83366 0.511942
-0.839821 0.492981
-0.845981 0.47402
-0.852142 0.45506
-0.858303 0.436099
-0.864464 0.417138
-0.870624 0.398177
-0.876785 0.379216
-0.882946 0.360255
-0.889107 0.341295
-0.895267 0.322334
-0.901428 0.303373
-0.907589 0.284412
-0.91375 0.265451
-0.91991 0.246491
-0.926071 0.22753
-0.932232 0.208569
-0.938393 0.189608
-0.944553 0.170647
-0.950714 0.151687
-0.956875 0.132726
-0.963036 0.113765
-0.969196 0.0948041
-0.975357 0.0758433
-0.981518 0.0568824
-0.987679 0.0379216
-0.993839 0.0189608
-1 1.22465e-16
-0.993839 -0.0189608
-0.987679 -0.0379216
-0.981518 -0.0568824
-0.975357 -0.0758433
-0.969196 -0.0948041
-1.01228 -0.134858
-0.999664 -0.152657
-0.987413 -0.168084
-1.04706 -0.212245
-0.968416 -0.194289
-0.932232 -0.208569
-0.926071 -0.22753
-0.91991 -0.246491
-0.91375 -0.265451
-0.907589 -0.284412
-0.901428 -0.303373
-0.895267 -0.322334
-0.889107 -0.341295
-0.882946 -0.360255
-0.876785 -0.379216
-0.870624 -0.398177
-0.864464 -0.417138
-0.858303 -0.436099
-0.852142 -0.45506
-0.845981 -0.47402
-0.839821 -0.492981
-0.83366 -0.511942
-0.827499 -0.530903
-0.821338 -0.549864
-0.815178 -0.568824
-0.809017 -0.587785
-0.792888 -0.599504
-0.776759 -0.611222
-0.76063 -0.622941
-0.744501 -0.634659
-0.728372 -0.646377
-0.712243 -0.658096
-0.696114 -0.669814
-0.679985 -0.681533
-0.663856 -0.693251
-0.647727 -0.70497
-0.631598 -0.716688
-0.615469 -0.728406
-0.59934 -0.740125
-0.583211 -0.751843
-0.50747 -0.636835
-0.479352 -0.652377
-0.491345 -0.722143
-0.489623 -0.741394
-0.4033 -0.717469
-0.486436 -0.822154
-0.470307 -0.833872
-0.454178 -0.845591
-0.438049 -0.857309
-0.42192 -0.869028
-0.405791 -0.880746
-0.389662 -0.892464
-0.373533 -0.904183
-0.357404 -0.915901
-0.341275 -0.92762
-0.325146 -0.939338
-0.309017 -0.951057
-0.28908 -0.951057
-0.269144 -0.951057
-0.249207 -0.951057
-0.229271 -0.951057
-0.209334 -0.951057
-0.189398 -0.951057
-0.169461 -0.951057
-0.149524 -0.951057
-0.129588 -0.951057
-0.109651 -0.951057
-0.0897146 -0.951057
-0.069778 -0.951057
-0.0498415 -0.951057
-0.0299049 -0.951057
-0.00996829 -0.951057
0.00996829 -0.951057
0.0299049 -0.951057
0.0498415 -0.951057
0.069778 -0.951057
0.0897146 -0.951057
0.109651 -0.951057
0.129588 -0.951057
0.149524 -0.951057
0.187872 -0.820865
0.185677 -0.803207
0.195819 -0.873534
0.207061 -0.816469
0.237695 -0.863579
0.269144 -0.951057
0.28908 -0.951057
0.309017 -0.951057
0.325146 -0.939338
0.341275 -0.92762
0.357404 -0.915901
0.373533 -0.904183
0.389662 -0.892464
0.405791 -0.880746
0.42192 -0.869028
0.438049 -0.857309
0.454178 -0.845591
0.470307 -0.833872
0.486436 -0.822154
0.502565 -0.810435
0.518694 -0.798717
0.534823 -0.786999
0.550952 -0.77528
0.567082 -0.763562
0.583211 -0.751843
0.59934 -0.740125
0.615469 -0.728406
0.631598 -0.716688
0.647727 -0.70497
0.663856 -0.693251
0.679985 -0.681533
0.696114 -0.669814
0.712243 -0.658096
0.728372 -0.646377
0.744501 -0.634659
0.76063 -0.622941
0.776759 -0.611222
0.792888 -0.599504
0.809017 -0.587785
0.815178 -0.568824
0.722161 -0.532559
0.790547 -0.514809
0.761885 -0.47767
0.767973 -0.46356
0.771096 -0.443218
0.852142 -0.45506
0.858303 -0.436099
0.864464 -0.417138
0.870624 -0.398177
0.876785 -0.379216
0.882946 -0.360255
0.889107 -0.341295
0.895267 -0.322334
0.901428 -0.303373
0.907589 -0.284412
0.91375 -0.265451
0.91991 -0.246491
0.926071 -0.22753
0.932232 -0.208569
0.938393 -0.189608
0.944553 -0.170647
0.950714 -0.151687
0.956875 -0.132726
0.963036 -0.113765
0.969196 -0.0948041
0.975357 -0.0758433
0.981518 -0.0568824
0.987679 -0.0379216
0.993839 -0.0189608
1 0
