   2.18005247  -6.06447962
   2.72926709  -5.83565464
   2.72926709  -5.83565464
   2.76402914  -5.81407925
   2.76402914  -5.81407925
   3.50045891  -5.13767524
   3.50045891  -5.13767524
   3.52644711  -5.08720106
   3.52644711  -5.08720106
   3.52649556  -4.86462032
   3.52649556  -4.86462032
   3.50059204  -4.80993823
   3.50059204  -4.80993823
   0.72981473  -2.26397353
   0.72981473  -2.26397353
  -0.03771700  -1.62615612
  -0.03771700  -1.62615612
  -0.16096066  -1.61782284
  -0.16096066  -1.61782284
  -0.86921606  -2.17512605
  -0.86921606  -2.17512605
  -0.95779212  -2.24937898
  -0.95779212  -2.24937898
  -3.80401814  -4.73054592
  -3.80401814  -4.73054592
  -3.84842229  -4.79786141
  -3.84842229  -4.79786141
  -3.84957785  -5.01392785
  -3.84957785  -5.01392785
  -3.79833108  -5.07309710
  -3.79833108  -5.07309710
  -3.02206253  -5.79242216
  -3.02206253  -5.79242216
  -2.43903602  -6.07333728
