0.0297952 0.970205
0.0410325 0.927918
0.0101063 0.822974
0.00989995 0.731705
0.0379452 0.651
0.0433709 0.566096
0.0446157 0.473163
0.0135216 0.393099
0.0216074 0.291941
0 0.238881
0 0.272727
0 0.363636
0 0.454545
0 0.545455
0 0.636364
0 0.727273
0 0.818182
0 0.909091
0 1
0.0297952 0.970205


0.0297952 0.970205
0.0167864 1.01916
0.107375 0.919584
0.191504 0.841098
0.300365 0.736646
0.396252 0.649925
0.471414 0.56003
0.584242 0.480088
0.652816 0.369505
0.742486 0.281524
0.861145 0.199073
0.875798 0.124202
0.818182 0.181818
0.727273 0.272727
0.636364 0.363636
0.545455 0.454545
0.454545 0.545455
0.363636 0.636364
0.272727 0.727273
0.181818 0.818182
0.0909091 0.909091
0.0297952 0.970205


0 0.238881
0 0.159215
-0.021819 0.185302
0 0.238881


0 0.159215
0.0374344 0.114458
0 0
0 0.159215


0.217494 0
0.30025 0.0368805
0.38625 0.028637
0.464261 0.0148674
0.580938 0.0148687
0.662122 0.0241421
0.749644 0.0152014
0.798537 0.00221074
0.913075 0.0100954
0.992786 0.00721432
1 0
0.217494 0


0.217494 0
0.171045 -0.0207
0.151823 1.37339e-08
0.217494 0


0.992786 0.00721432
0.93857 0.0614303
1.01164 0.00653272
0.992786 0.00721432


0.93857 0.0614303
0.879381 0.105897
0.875798 0.124202
0.909091 0.0909091
0.93857 0.0614303


0.151823 1.37339e-08
0 0
0.136854 0.0161201
0.151823 1.37339e-08


