2.070419927775 -6.118396347970
2.713868785196 -5.830550176099
2.717103315288 -5.828471458801
2.719117608754 -5.827018541018
3.446720759373 -5.154216093224
3.461248634896 -5.140508048585
3.475760217869 -5.126736918704
3.494255618527 -5.109078481100
3.497111605198 -5.106340095717
3.507968996400 -5.095871364746
3.516176406723 -5.087806818861
3.521085392133 -5.082728781790
3.523546858495 -5.079960307412
3.522478096490 -4.845451173371
3.519952499463 -4.841115768590
3.510998921288 -4.829495125712
3.491466072372 -4.807394392708
3.473082352095 -4.787783744321
3.465021441454 -4.779386185637
0.685984392876 -2.235949814472
0.681582763435 -2.232146914196
-0.049820810257 -1.618624242555
-0.172372100447 -1.618624242555
-0.868447106795 -2.172436343399
-0.895688135920 -2.194816976514
-3.801262693638 -4.738592521038
-3.804185566993 -4.741291886961
-3.821262288837 -4.757333988527
-3.839410564524 -4.774715667426
-3.844774963348 -4.779927994091
-3.850933066638 -4.786216821500
-3.854021742775 -4.789529306943
-3.855416317891 -4.791702810686
-3.858696331929 -5.015010365137
-3.858696331929 -5.015010365137
-3.857380990011 -5.019233505327
-3.854418294384 -5.023853165167
-3.848184577476 -5.032524123921
-3.842586346135 -5.039407421624
-3.824842003328 -5.060427725316
-3.808918295598 -5.078348388201
-3.801891810508 -5.085894882164
-3.002087161819 -5.791513687202
-2.991965037868 -5.798453380078
-2.407252905572 -6.102409574912
