-3.565837305631 -5.115129835117
-3.565718334647 -5.125950226901
-3.560904986523 -5.143263214791
-3.555423532153 -5.154216093224
-2.806434247135 -5.827018541018
-2.804703192294 -5.828471458801
-2.801418919898 -5.830550176099
-2.059074211576 -6.118610362017
-1.898779235859 -6.118396347970
-1.868019059537 -6.118311132700
-0.524329018640 -6.114369803444
-0.497415965215 -6.114288734117
1.184409368023 -6.109120589889
2.284656995681 -6.105550404098
2.288228837352 -6.104214218113
3.012433887753 -5.798453380078
3.022782892975 -5.791513687202
3.025551159868 -5.789335247655
3.807905708435 -5.080903847019
3.810932130355 -5.072222834391
3.813936881474 -5.057695623800
3.815337023749 -5.045401236014
3.811877287785 -4.758197112072
3.809903945314 -4.745542266213
3.806418829760 -4.732072497551
3.800493261891 -4.717685880525
0.869202072406 -2.194816976514
0.842653794186 -2.172436343399
0.132511681135 -1.618624242555
0.006080917305 -1.618624242555
-0.738418341805 -2.232146914196
-0.742691299859 -2.235949814472
-3.553305556235 -4.793198621923
-3.559084236644 -4.806816540008
-3.564017235357 -4.828439060244
-3.564284159862 -4.843216632163
-3.565837305631 -5.115129835117
