1.95399 -6.11437
2.70563 -5.82503
2.71858 -5.81496
3.46459 -5.12984
3.47317 -5.10517
3.47407 -5.09397
3.47188 -4.80394
3.47084 -4.79682
3.4609 -4.77674
3.45329 -4.76434
3.44934 -4.75865
0.583879 -2.18279
0.572544 -2.17313
-0.106547 -1.61862
-0.232948 -1.61862
-0.965366 -2.20002
-0.977373 -2.21003
-3.8689 -4.74469
-3.88009 -4.76257
-3.88897 -4.78079
-3.89297 -4.79242
-3.89407 -4.80181
-3.89706 -5.09068
-3.89615 -5.10082
-3.89242 -5.11298
-3.8839 -5.13204
-3.87441 -5.14821
-3.16127 -5.78302
-3.15594 -5.78749
-3.15429 -5.78857
-2.41223 -6.10763
