2.17237 -6.10421
2.89308 -5.80475
2.89435 -5.80408
2.90335 -5.7962
3.65163 -5.10398
3.65977 -5.08834
3.67008 -5.06281
3.67178 -5.04449
3.66549 -4.73939
3.66305 -4.72233
3.65147 -4.69779
3.64255 -4.68276
0.724685 -2.16246
0.722225 -2.16037
0.0318128 -1.61862
-0.0953548 -1.61862
-0.798051 -2.19971
-0.799167 -2.20067
-3.66125 -4.81524
-3.66599 -4.82281
-3.67545 -4.84022
-3.68062 -4.85075
-3.68544 -4.86459
-3.68661 -4.87467
-3.68717 -5.11878
-3.68603 -5.12954
-3.68131 -5.14376
-3.67611 -5.15476
-3.66617 -5.17368
-3.66211 -5.18036
-2.92426 -5.85457
-2.91994 -5.85827
-2.9192 -5.85873
-2.21677 -6.11858
