2.07378 -6.11429
2.61273 -5.80667
2.61726 -5.80344
3.44925 -5.14536
3.46756 -5.12847
3.46859 -5.1265
3.4774 -5.108
3.48343 -5.09102
3.48585 -5.07699
3.48613 -5.07064
3.48351 -4.79585
3.48315 -4.79282
3.48054 -4.78531
3.47431 -4.77471
3.46509 -4.7618
3.45911 -4.75388
3.45215 -4.74564
0.578538 -2.18251
-0.105683 -1.61862
-0.230263 -1.61862
-0.931932 -2.20073
-0.933732 -2.20225
-3.84961 -4.77122
-3.85787 -4.78259
-3.8678 -4.79894
-3.87679 -4.8153
-3.88087 -4.82593
-3.88153 -4.83375
-3.88372 -5.0725
-3.88317 -5.07695
-3.87929 -5.08415
-3.87014 -5.09706
-3.86061 -5.10956
-3.8538 -5.11746
-3.01849 -5.82127
-3.01455 -5.8239
-2.44907 -6.10763
