2.0524 -6.1184
2.74576 -5.83055
2.74902 -5.82847
2.751 -5.82702
3.48678 -5.15422
3.49779 -5.14051
3.50775 -5.12674
3.519 -5.10908
3.52058 -5.10634
3.52582 -5.09587
3.52775 -5.08781
3.52692 -4.84472
3.52517 -4.84047
3.51977 -4.83278
3.51812 -4.83063
3.50657 -4.8165
3.49636 -4.8049
3.48545 -4.7932
0.700186 -2.23595
0.695781 -2.23215
-0.0423515 -1.61862
-0.16633 -1.61862
-0.869094 -2.17244
-0.896376 -2.19482
-3.79241 -4.71769
-3.80474 -4.73097
-3.82906 -4.75902
-3.84178 -4.77581
-3.8458 -4.78228
-3.84851 -4.79049
-3.85204 -5.01359
-3.8496 -5.019
-3.84588 -5.02402
-3.83358 -5.03853
-3.81053 -5.06352
-3.79383 -5.0809
-3.02623 -5.78934
-3.02384 -5.79151
-3.01361 -5.79845
-2.37694 -6.10241
