2.0494 -6.11429
2.6926 -5.80667
2.69699 -5.80344
3.42111 -5.12496
3.42388 -5.12234
3.4406 -5.10649
3.45786 -5.09011
3.47661 -5.07222
3.4852 -5.06397
3.48753 -5.06171
3.49089 -5.05838
3.48785 -4.78699
3.48427 -4.77801
3.48198 -4.7741
3.47337 -4.76075
3.45447 -4.73496
3.43734 -4.714
0.601399 -2.18292
0.600935 -2.18251
-0.0993563 -1.61862
-0.226435 -1.61862
-0.94247 -2.20073
-0.944274 -2.20225
-3.83431 -4.78775
-3.8459 -4.80033
-3.85617 -4.81232
-3.86658 -4.82559
-3.87153 -4.83316
-3.87378 -4.83937
-3.87568 -5.07636
-3.87356 -5.08649
-3.86865 -5.09709
-3.85828 -5.11416
-3.84822 -5.12855
-3.83486 -5.14546
-3.07621 -5.81565
-3.06958 -5.82127
-3.06554 -5.8239
-2.39071 -6.10763
