# 34
-0.11613620 0.02722275
-0.03051214 -0.02838054
0.13714955 0.10183121
0.32973558 0.09191608
0.40165952 0.08957970
0.56362167 -0.03668347
0.44136533 0.04017331
0.63528223 0.11892383
0.71483971 -0.10591077
0.73340200 0.07404411
0.96330978 0.07421358
0.93278214 0.07890013
0.98247445 0.03196985
0.70778594 0.19894320
0.63664950 0.30341848
0.75240012 0.40117295
0.58771207 0.34465601
0.49409613 0.44467970
0.25011858 0.61959188
0.37867922 0.72205802
0.14813104 0.91788901
0.15228089 0.84054407
0.10472911 0.97310089
-0.11896300 0.92366368
0.03504087 0.91514813
-0.09342983 0.65315875
-0.00605154 0.51064927
0.02384954 0.67133827
-0.02857390 0.34471753
-0.02441120 0.27119898
0.07292918 0.33656860
-0.01966364 0.29450959
-0.11356385 0.12707119
-0.06197081 -0.07122649
