# 56
0.93086487 -0.08149565
1.02972269 0.03300242
0.98086659 0.18180671
0.70510146 0.24989765
0.73067992 0.45117285
0.78402419 0.38991740
0.51637977 0.51310475
0.45542215 0.58459510
0.40332614 0.74226129
0.52977972 0.82683616
0.47805930 0.85287877
0.22998601 1.02299615
0.11487359 0.97155032
0.20616130 0.84845059
-0.10138631 0.83483223
-0.19923827 0.78611224
-0.17626996 0.89031868
-0.40633257 0.73593071
-0.29900518 0.74668831
-0.54143155 0.58672203
-0.52261692 0.58666257
-0.60162041 0.60542692
-0.87596553 0.50448399
-0.90828323 0.52050587
-0.76939632 0.27479090
-0.72093611 0.20665269
-0.82149643 0.05416615
-0.72766875 0.12274354
-0.71452413 -0.10335801
-0.81604224 -0.26694396
-0.90763747 -0.30834801
-0.79108984 -0.26868946
-0.80564284 -0.58773197
-0.78699538 -0.48320870
-0.63243823 -0.69700247
-0.49994203 -0.63872167
-0.44199124 -0.59988867
-0.41589627 -0.61386196
-0.37667233 -0.82819195
-0.21211190 -0.67984844
-0.20254958 -0.79909919
0.05236204 -0.94733373
0.20029190 -0.83519974
0.11824144 -0.97698915
0.41588012 -0.94983991
0.41561011 -0.76710413
0.34438609 -0.83535240
0.49002217 -0.79828789
0.56948001 -0.49874416
0.53519563 -0.45797984
0.59640076 -0.49067720
0.84184210 -0.39829811
0.91377881 -0.29053182
0.77326359 -0.13828756
1.00436207 -0.16957544
1.06250372 0.08668617
