# 111
1.05441317 0.01399826
0.99660724 -0.00098558
0.96122372 0.05083145
0.97700750 0.20837061
0.87618771 0.19955181
0.85945704 0.28359346
0.95110381 0.33067332
0.83122608 0.34362815
0.91186145 0.40338971
0.89118238 0.51101630
0.84904898 0.58575859
0.79430679 0.64201028
0.79355279 0.57329862
0.77230514 0.66864685
0.70752537 0.64280601
0.57173191 0.71093028
0.57217844 0.80827315
0.48282787 0.80321252
0.51036965 0.76627820
0.44793377 0.90810940
0.42932283 0.93288804
0.30149353 0.93674213
0.28810934 1.00320643
0.30873315 0.94541605
0.19459230 1.00720383
0.19349618 0.93250527
0.06874025 1.00505042
-0.01514330 0.98693706
0.02669412 0.96351347
-0.11348100 0.90305764
-0.10135596 0.91071497
-0.25145506 0.96341938
-0.30772851 0.93909298
-0.25331022 0.95837081
-0.41012040 0.92577447
-0.38657152 0.93958191
-0.43461621 0.90712663
-0.50698177 0.87277266
-0.48089253 0.77655796
-0.63642135 0.76583759
-0.65387898 0.76932995
-0.72854091 0.68108637
-0.67205702 0.62164669
-0.77738163 0.56635099
-0.77369135 0.63147556
-0.80810395 0.48122055
-0.82060811 0.53211682
-0.88477905 0.37652725
-0.91031659 0.32776079
-0.93837728 0.28391877
-0.96532394 0.24622880
-0.90624362 0.26439445
-1.00407170 0.16204470
-0.92228281 0.14304110
-0.94171850 0.09193627
-0.95110280 0.02767323
-1.01932322 -0.09599006
-1.01890296 -0.12362932
-0.97213068 -0.21100303
-0.89335531 -0.17163098
-0.85716612 -0.26291829
-0.89325475 -0.37673611
-0.88519988 -0.31826532
-0.84357889 -0.48086220
-0.88045054 -0.43838091
-0.87283648 -0.56594856
-0.82338136 -0.64210292
-0.81777385 -0.60604957
-0.77412977 -0.65811175
-0.62659414 -0.71903519
-0.57307141 -0.70481845
-0.53434972 -0.78308306
-0.48246505 -0.80204683
-0.44508838 -0.78633926
-0.39094886 -0.83805680
-0.36269075 -0.84293257
-0.29829522 -0.91704940
-0.25542690 -0.96793387
-0.21921601 -0.90603759
-0.23986430 -0.91515353
-0.09430383 -0.98308997
-0.13898016 -0.93823671
-0.06440472 -0.90818271
0.05917313 -0.99786181
0.12990799 -0.98383745
0.19382158 -0.96864991
0.24987758 -0.96903617
0.24606098 -0.89528111
0.30442385 -1.00705336
0.32067244 -0.96291353
0.39378176 -0.94085512
0.50092177 -0.84350165
0.52757656 -0.86146452
0.53676268 -0.72975030
0.57448029 -0.69719519
0.68126463 -0.73516891
0.61662525 -0.69105383
0.66352334 -0.64052033
0.77691104 -0.67538609
0.86038638 -0.56502718
0.85977706 -0.48916927
0.86414707 -0.53326350
0.84080157 -0.47986897
0.90407147 -0.42405587
0.86961818 -0.37030740
0.96721365 -0.28260689
0.97409275 -0.17823073
0.89988265 -0.13115444
1.02115031 -0.11276795
1.02918915 -0.02197512
0.95328147 -0.03121095
