0.164896 -1.79489
0.161704 -1.79233
0.155932 -1.78682
0.149446 -1.78217
0.143349 -1.77705
0.137575 -1.77154
0.131422 -1.76648
0.124938 -1.76183
0.119228 -1.75624
0.112689 -1.75165
0.107033 -1.746
0.100775 -1.74107
0.0947371 -1.73588
0.0882549 -1.73122
0.0820732 -1.7262
0.0762645 -1.72074
0.0701299 -1.71566
0.0637324 -1.7109
0.0578587 -1.70551
0.0514455 -1.70077
0.0455606 -1.69539
0.0392948 -1.69048
0.0330957 -1.68548
0.0272936 -1.68
0.0208292 -1.67532
0.0147988 -1.67015
0.00902113 -1.66543
0.00286401 -1.66124
-0.0032449 -1.65699
-0.00934507 -1.65272
-0.0154402 -1.64845
-0.0213898 -1.64397
-0.0275754 -1.63982
-0.0337164 -1.63561
-0.0397588 -1.63126
-0.0474552 -1.62988
-0.0551874 -1.62874
-0.0629199 -1.62761
-0.0706693 -1.62659
-0.0783667 -1.62522
-0.0861426 -1.62438
-0.0938348 -1.62297
-0.101619 -1.62219
-0.108854 -1.62242
-0.116092 -1.62205
-0.123325 -1.62256
-0.130561 -1.62259
-0.1378 -1.62215
-0.145033 -1.62265
-0.15227 -1.62252
-0.159612 -1.62237
-0.165824 -1.62717
-0.172661 -1.63105
-0.179042 -1.6356
-0.185604 -1.63988
-0.192039 -1.64435
-0.198496 -1.64879
-0.205141 -1.65295
-0.211673 -1.65732
-0.214609 -1.66004
-0.217544 -1.66276
-0.223853 -1.66765
-0.227193 -1.66986
-0.230533 -1.67207
-0.236571 -1.67731
-0.24299 -1.68206
-0.245958 -1.68474
-0.248926 -1.68742
-0.255369 -1.69214
-0.261883 -1.69677
-0.26785 -1.7021
-0.274399 -1.70668
-0.280556 -1.71176
-0.283352 -1.71427
-0.283082 -1.71449
-0.283067 -1.7154
-0.282484 -1.71589
-0.282348 -1.71665
-0.281865 -1.71722
-0.281375 -1.71782
-0.281664 -1.7187
-0.281539 -1.71941
-0.280683 -1.71998
-0.280765 -1.72075
-0.281268 -1.72153
-0.280603 -1.72225
-0.280762 -1.723
-0.281197 -1.7237
-0.282131 -1.72939
-0.283065 -1.73508
-0.282605 -1.7359
-0.282968 -1.73658
-0.283634 -1.73715
-0.283937 -1.73779
-0.283756 -1.73866
-0.284471 -1.73912
-0.284812 -1.73975
-0.285337 -1.74026
-0.285615 -1.74094
-0.285925 -1.74164
-0.291432 -1.74742
-0.296938 -1.75321
-0.302445 -1.759
-0.307952 -1.76478
-0.313458 -1.77057
-0.313857 -1.7712
-0.314355 -1.77173
-0.314658 -1.77251
-0.315257 -1.77297
-0.315953 -1.77328
-0.316685 -1.7735
-0.31731 -1.77391
-0.318054 -1.77406
-0.318636 -1.77464
-0.324072 -1.77617
-0.329508 -1.77769
-0.334944 -1.77921
-0.335786 -1.77893
-0.341619 -1.78016
-0.347453 -1.78138
-0.353286 -1.78261
-0.354034 -1.78265
-0.35471 -1.78317
-0.355494 -1.78274
-0.356226 -1.78321
-0.356991 -1.78326
-0.357755 -1.7832
-0.358448 -1.78274
-0.35926 -1.78289
-0.35993 -1.78246
-0.360473 -1.78178
-0.361402 -1.78203
-0.361865 -1.78128
-0.362444 -1.78081
-0.363189 -1.78057
-0.363572 -1.77986
-0.364527 -1.7798
-0.364886 -1.77908
-0.36521 -1.77878
-0.368273 -1.781
-0.374733 -1.7857
-0.380882 -1.79079
-0.387107 -1.79579
-0.393472 -1.80061
-0.399531 -1.80582
-0.405818 -1.81074
-0.412362 -1.81533
-0.418386 -1.82058
-0.424535 -1.82567
-0.431008 -1.83036
-0.437075 -1.83555
-0.443351 -1.84048
-0.449907 -1.84506
-0.456308 -1.84983
-0.462372 -1.85504
-0.468881 -1.85967
-0.475126 -1.86464
-0.478092 -1.86733
-0.481058 -1.87001
-0.487443 -1.87481
-0.493731 -1.87972
-0.500255 -1.88434
-0.503202 -1.88705
-0.50615 -1.88976
-0.51269 -1.89435
-0.518742 -1.89957
-0.524973 -1.90456
-0.531299 -1.90943
-0.537895 -1.91395
-0.544172 -1.91888
-0.550417 -1.92386
-0.556629 -1.92887
-0.559581 -1.93157
-0.562533 -1.93428
-0.565846 -1.93652
-0.569159 -1.93876
-0.575264 -1.94391
-0.581512 -1.94888
-0.587715 -1.9539
-0.59103 -1.95615
-0.594346 -1.95839
-0.597251 -1.96115
-0.600157 -1.96391
-0.606443 -1.96883
-0.612755 -1.97371
-0.619253 -1.97836
-0.62556 -1.98326
-0.63171 -1.98835
-0.638074 -1.99317
-0.644279 -1.99819
-0.650642 -2.00301
-0.657051 -2.00778
-0.660015 -2.01046
-0.662979 -2.01315
-0.669399 -2.0179
-0.67546 -2.02311
-0.678786 -2.02533
-0.682112 -2.02756
-0.688193 -2.03274
-0.694665 -2.03742
-0.700753 -2.04259
-0.707163 -2.04736
-0.713303 -2.05246
-0.719384 -2.05764
-0.722692 -2.05989
-0.726 -2.06214
-0.732179 -2.0672
-0.73845 -2.07214
-0.744766 -2.07702
-0.751005 -2.082
-0.757118 -2.08713
-0.763708 -2.09167
-0.769659 -2.09701
-0.776009 -2.10185
-0.782276 -2.10679
-0.788476 -2.11182
-0.794712 -2.11681
-0.800928 -2.12182
-0.807482 -2.12639
-0.813664 -2.13145
-0.819811 -2.13654
-0.823126 -2.13878
-0.826441 -2.14102
-0.832642 -2.14605
-0.838625 -2.15136
-0.845108 -2.15603
-0.851121 -2.16128
-0.857415 -2.16601
-0.863466 -2.17103
-0.86959 -2.17596
-0.875769 -2.18083
-0.881424 -2.18633
-0.887543 -2.19127
-0.890304 -2.19334
-0.889981 -2.1937
-0.889863 -2.19456
-0.889426 -2.19514
-0.888841 -2.19566
-0.88869 -2.19642
-0.888235 -2.19703
-0.88823 -2.19782
-0.887971 -2.19851
-0.888197 -2.19932
-0.888024 -2.20001
-0.887973 -2.20073
-0.887734 -2.20145
-0.887295 -2.2022
-0.887618 -2.20293
-0.888533 -2.20802
-0.889447 -2.2131
-0.889269 -2.21385
-0.889454 -2.21454
-0.889511 -2.21527
-0.890032 -2.21585
-0.890194 -2.21655
-0.89066 -2.21711
-0.890761 -2.21787
-0.894076 -2.22336
-0.897391 -2.22886
-0.900706 -2.23436
-0.904021 -2.23986
-0.904462 -2.24047
-0.90533 -2.24076
-0.905765 -2.24135
-0.905967 -2.24218
-0.906948 -2.24223
-0.907184 -2.2431
-0.911965 -2.24674
-0.916745 -2.25037
-0.921526 -2.25401
-0.926306 -2.25765
-0.926751 -2.25831
-0.927624 -2.25833
-0.928349 -2.25852
-0.934263 -2.26135
-0.934794 -2.26179
-0.935415 -2.26203
-0.936054 -2.26222
-0.936697 -2.2624
-0.937284 -2.26286
-0.937988 -2.26278
-0.93865 -2.26296
-0.945575 -2.26326
-0.952499 -2.26356
-0.959424 -2.26386
-0.960166 -2.26406
-0.960909 -2.26376
-0.961626 -2.26353
-0.962447 -2.26403
-0.963069 -2.26332
-0.96382 -2.26327
-0.964422 -2.26276
-0.965143 -2.2626
-0.966012 -2.26268
-0.966561 -2.26211
-0.96722 -2.26174
-0.967865 -2.26134
-0.968127 -2.26049
-0.968702 -2.26003
-0.969183 -2.25947
-0.969218 -2.25942
-0.972385 -2.26217
-0.978327 -2.26751
-0.984127 -2.27301
-0.9902 -2.2782
-0.996147 -2.28353
-1.00207 -2.28889
-1.00837 -2.29381
-1.01425 -2.29921
-1.0203 -2.30443
-1.0264 -2.30958
-1.03222 -2.31506
-1.03827 -2.32027
-1.04424 -2.32557
-1.0503 -2.33078
-1.05663 -2.33567
-1.06245 -2.34115
-1.06859 -2.34625
-1.07451 -2.35162
-1.08068 -2.35669
-1.08681 -2.36181
-1.09274 -2.36716
-1.09874 -2.37243
-1.10469 -2.37775
-1.11092 -2.38276
-1.11368 -2.38568
-1.11643 -2.38859
-1.11964 -2.39098
-1.12286 -2.39337
-1.12873 -2.39879
-1.1345 -2.40432
-1.13775 -2.40668
-1.14099 -2.40903
-1.14703 -2.41425
-1.15282 -2.41976
-1.15898 -2.42485
-1.1649 -2.43021
-1.17091 -2.43547
-1.17692 -2.44073
-1.18277 -2.44617
-1.18886 -2.45133
-1.19478 -2.4567
-1.20092 -2.4618
-1.20682 -2.46719
-1.21004 -2.46958
-1.21325 -2.47196
-1.219 -2.47753
-1.22491 -2.4829
-1.23082 -2.48827
-1.23701 -2.49332
-1.24313 -2.49845
-1.24894 -2.50394
-1.25214 -2.50635
-1.25533 -2.50876
-1.26114 -2.51425
-1.26742 -2.5192
-1.27346 -2.52442
-1.27944 -2.52972
-1.28224 -2.53258
-1.28504 -2.53544
-1.29106 -2.54069
-1.29721 -2.54579
-1.3035 -2.55073
-1.30632 -2.55356
-1.30915 -2.5564
-1.31529 -2.5615
-1.32137 -2.56669
-1.32714 -2.57221
-1.33034 -2.57463
-1.33353 -2.57704
-1.33965 -2.58217
-1.34547 -2.58765
-1.35156 -2.59281
-1.3573 -2.59838
-1.36341 -2.60352
-1.36935 -2.60887
-1.37558 -2.61388
-1.38175 -2.61894
-1.38456 -2.6218
-1.38736 -2.62466
-1.39339 -2.6299
-1.39961 -2.63491
-1.4058 -2.63997
-1.41175 -2.64529
-1.41794 -2.65034
-1.42391 -2.65564
-1.42968 -2.66118
-1.43568 -2.66646
-1.44178 -2.67161
-1.44787 -2.67678
-1.45394 -2.68196
-1.45967 -2.68754
-1.46578 -2.69269
-1.47195 -2.69776
-1.47489 -2.7005
-1.47507 -2.70003
-1.47552 -2.6994
-1.47643 -2.69932
-1.47702 -2.6989
-1.4775 -2.69827
-1.4783 -2.69821
-1.4788 -2.69754
-1.47951 -2.69731
-1.48014 -2.69678
-1.48085 -2.69649
-1.4817 -2.69695
-1.48239 -2.69657
-1.48314 -2.69658
-1.48905 -2.69629
-1.49495 -2.696
-1.49567 -2.69558
-1.49639 -2.69569
-1.49703 -2.69623
-1.49781 -2.69591
-1.49852 -2.69602
-1.49922 -2.69622
-1.49982 -2.69664
-1.50063 -2.69657
-1.50655 -2.69919
-1.51247 -2.70182
-1.51839 -2.70445
-1.52431 -2.70707
-1.52474 -2.70784
-1.52528 -2.70836
-1.52601 -2.7086
-1.52638 -2.7093
-1.52695 -2.70977
-1.53267 -2.71501
-1.5384 -2.72025
-1.54413 -2.72549
-1.54985 -2.73074
-1.55083 -2.73081
-1.55127 -2.73143
-1.55155 -2.73215
-1.55166 -2.73296
-1.55265 -2.73323
-1.55244 -2.73416
-1.5532 -2.73463
-1.55293 -2.73551
-1.55322 -2.73617
-1.5539 -2.73677
-1.55419 -2.73748
-1.55414 -2.73824
-1.55484 -2.74532
-1.55554 -2.7524
-1.55623 -2.75947
-1.55623 -2.76023
-1.5562 -2.76099
-1.55646 -2.76177
-1.55569 -2.76242
-1.5558 -2.7632
-1.55542 -2.76385
-1.55523 -2.76456
-1.55557 -2.76553
-1.55519 -2.7662
-1.55486 -2.7669
-1.55433 -2.76748
-1.55391 -2.76811
-1.55346 -2.76874
-1.55306 -2.76882
-1.55595 -2.77154
-1.56203 -2.77672
-1.56793 -2.78209
-1.57406 -2.78721
-1.57724 -2.78965
-1.58041 -2.79209
-1.5863 -2.79748
-1.59218 -2.80289
-1.59834 -2.80798
-1.60434 -2.81324
-1.61047 -2.81837
-1.6164 -2.82371
-1.62249 -2.82888
-1.6283 -2.83437
-1.63434 -2.83959
-1.64016 -2.84507
-1.6434 -2.84743
-1.64663 -2.8498
-1.6526 -2.8551
-1.65541 -2.85796
-1.65822 -2.86081
-1.66148 -2.86314
-1.66475 -2.86547
-1.67056 -2.87095
-1.67642 -2.87639
-1.68232 -2.88177
-1.68859 -2.88673
-1.6944 -2.89223
-1.7006 -2.89727
-1.70652 -2.90262
-1.71262 -2.90778
-1.71863 -2.91303
-1.7246 -2.91833
-1.73049 -2.92374
-1.73369 -2.92614
-1.7369 -2.92853
-1.73972 -2.93138
-1.74254 -2.93422
-1.74863 -2.93938
-1.75455 -2.94475
-1.76074 -2.94979
-1.76681 -2.95499
-1.77276 -2.96032
-1.77894 -2.96538
-1.7848 -2.97081
-1.78799 -2.97323
-1.79117 -2.97565
-1.79717 -2.98092
-1.80313 -2.98623
-1.8092 -2.99143
-1.81509 -2.99682
-1.82112 -3.00206
-1.82395 -3.00489
-1.82678 -3.00772
-1.82996 -3.01015
-1.83314 -3.01257
-1.83918 -3.01779
-1.84522 -3.02302
-1.8512 -3.02831
-1.85404 -3.03114
-1.85687 -3.03396
-1.86307 -3.039
-1.86932 -3.04399
-1.87527 -3.04931
-1.88102 -3.05486
-1.88423 -3.05726
-1.88745 -3.05965
-1.89341 -3.06497
-1.89916 -3.07052
-1.90507 -3.07589
-1.91109 -3.08114
-1.91732 -3.08615
-1.92339 -3.09133
-1.92953 -3.09644
-1.93536 -3.10191
-1.94161 -3.10689
-1.9475 -3.11229
-1.95332 -3.11777
-1.95932 -3.12303
-1.96552 -3.12807
-1.97163 -3.13322
-1.97733 -3.13882
-1.98051 -3.14125
-1.9837 -3.14368
-1.9897 -3.14894
-1.99569 -3.15423
-2.00182 -3.15934
-2.00467 -3.16215
-2.00752 -3.16496
-2.01343 -3.17034
-2.01971 -3.17528
-2.02587 -3.18036
-2.03163 -3.18591
-2.03797 -3.19079
-2.0408 -3.19362
-2.04363 -3.19645
-2.04974 -3.20159
-2.05578 -3.20682
-2.05893 -3.20944
-2.05884 -3.20966
-2.05833 -3.2102
-2.05807 -3.21092
-2.05757 -3.21147
-2.05675 -3.21186
-2.05635 -3.21252
-2.05627 -3.21333
-2.05595 -3.21402
-2.056 -3.21483
-2.05561 -3.21552
-2.05558 -3.21629
-2.0554 -3.21704
-2.05595 -3.21781
-2.05601 -3.21855
-2.0566 -3.2242
-2.05719 -3.22984
-2.0566 -3.23066
-2.05721 -3.23133
-2.05688 -3.23217
-2.05744 -3.2328
-2.0578 -3.23347
-2.0579 -3.23424
-2.05851 -3.23477
-2.05887 -3.23542
-2.05905 -3.23621
-2.06272 -3.24111
-2.06639 -3.24601
-2.07006 -3.25091
-2.07373 -3.25581
-2.07427 -3.25632
-2.07458 -3.257
-2.07534 -3.25727
-2.08112 -3.26269
-2.0869 -3.26812
-2.09267 -3.27354
-2.09845 -3.27896
-2.09923 -3.2792
-2.09995 -3.27949
-2.1005 -3.27996
-2.10117 -3.28027
-2.10161 -3.28103
-2.10229 -3.28135
-2.10324 -3.28096
-2.10381 -3.28159
-2.10454 -3.28174
-2.10528 -3.2818
-2.10599 -3.28223
-2.10677 -3.28156
-2.11384 -3.28157
-2.1209 -3.28158
-2.12796 -3.2816
-2.12871 -3.28186
-2.12947 -3.28202
-2.13014 -3.28137
-2.13098 -3.28177
-2.13172 -3.28158
-2.13228 -3.28087
-2.13304 -3.28079
-2.13352 -3.28007
-2.13451 -3.28032
-2.13498 -3.27965
-2.13544 -3.27902
-2.13625 -3.27883
-2.13678 -3.27829
-2.13709 -3.27781
-2.1399 -3.28046
-2.14594 -3.28567
-2.1519 -3.29099
-2.15792 -3.29624
-2.16408 -3.30133
-2.17022 -3.30644
-2.1762 -3.31173
-2.18234 -3.31683
-2.18841 -3.32203
-2.19447 -3.32723
-2.20028 -3.33271
-2.20633 -3.33793
-2.21256 -3.34293
-2.21858 -3.34818
-2.22433 -3.35374
-2.23059 -3.35871
-2.23652 -3.36405
-2.24243 -3.36943
-2.24855 -3.37456
-2.25435 -3.38006
-2.26026 -3.38544
-2.26634 -3.39061
-2.26952 -3.39304
-2.27271 -3.39546
-2.27878 -3.40065
-2.28163 -3.40346
-2.28447 -3.40627
-2.29053 -3.41147
-2.29666 -3.4166
-2.30281 -3.42169
-2.30566 -3.4245
-2.3085 -3.42732
-2.31468 -3.43238
-2.32061 -3.43774
-2.32642 -3.44321
-2.33259 -3.44829
-2.33875 -3.45337
-2.34498 -3.45838
-2.35092 -3.46372
-2.35668 -3.46927
-2.3627 -3.47451
-2.36862 -3.47988
-2.37479 -3.48495
-2.38075 -3.49026
-2.387 -3.49525
-2.39273 -3.50082
-2.39887 -3.50593
-2.40488 -3.51119
-2.41098 -3.51635
-2.41687 -3.52175
-2.42309 -3.52676
-2.4288 -3.53236
-2.43202 -3.53475
-2.43524 -3.53713
-2.44105 -3.54262
-2.44689 -3.54808
-2.4501 -3.55047
-2.45331 -3.55286
-2.45913 -3.55834
-2.46504 -3.56371
-2.47137 -3.5686
-2.47724 -3.57401
-2.4834 -3.57911
-2.48928 -3.58451
-2.49519 -3.58988
-2.50108 -3.59528
-2.50716 -3.60045
-2.51322 -3.60566
-2.51941 -3.61071
-2.52533 -3.61608
-2.53115 -3.62155
-2.53735 -3.62658
-2.54361 -3.63156
-2.54935 -3.63712
-2.5553 -3.64245
-2.56147 -3.64753
-2.56733 -3.65296
-2.57344 -3.6581
-2.57943 -3.66338
-2.58546 -3.66862
-2.59159 -3.67374
-2.59769 -3.6789
-2.60363 -3.68423
-2.60956 -3.68959
-2.61564 -3.69476
-2.62147 -3.70022
-2.62465 -3.70266
-2.62782 -3.70509
-2.63067 -3.7079
-2.63351 -3.71072
-2.63948 -3.71603
-2.64266 -3.71855
-2.6424 -3.71899
-2.64189 -3.71955
-2.64158 -3.72023
-2.64085 -3.72068
-2.64083 -3.72152
-2.64031 -3.72212
-2.64039 -3.72295
-2.64025 -3.72368
-2.6399 -3.72437
-2.63954 -3.72508
-2.64007 -3.72589
-2.6395 -3.72662
-2.63975 -3.72738
-2.63976 -3.72814
-2.64081 -3.73323
-2.64187 -3.73833
-2.642 -3.739
-2.64211 -3.73967
-2.64187 -3.74046
-2.64264 -3.74092
-2.64293 -3.74153
-2.64276 -3.74238
-2.64572 -3.74767
-2.64868 -3.75295
-2.65164 -3.75823
-2.6546 -3.76352
-2.65506 -3.76411
-2.65551 -3.76473
-2.65616 -3.76519
-2.65685 -3.76558
-2.65727 -3.76618
-2.66207 -3.77085
-2.66688 -3.77551
-2.67169 -3.78018
-2.67649 -3.78484
-2.6813 -3.7895
-2.68189 -3.78998
-2.68274 -3.79013
-2.68339 -3.79048
-2.68406 -3.79078
-2.68455 -3.79144
-2.68523 -3.79176
-2.68591 -3.79211
-2.68661 -3.79243
-2.68745 -3.7922
-2.68819 -3.79227
-2.68891 -3.79249
-2.68968 -3.79208
-2.69041 -3.79227
-2.69781 -3.79194
-2.7052 -3.79161
-2.7126 -3.79128
-2.71332 -3.79088
-2.71409 -3.79097
-2.71481 -3.79071
-2.71554 -3.79051
-2.71607 -3.78977
-2.71679 -3.78961
-2.71757 -3.78952
-2.71809 -3.78894
-2.71875 -3.7886
-2.71934 -3.78816
-2.72018 -3.78799
-2.7203 -3.78702
-2.72114 -3.7868
-2.7212 -3.78672
-2.72416 -3.78902
-2.73011 -3.79434
-2.73626 -3.79944
-2.74208 -3.80492
-2.74807 -3.8102
-2.75406 -3.81548
-2.76032 -3.82046
-2.76633 -3.82572
-2.76915 -3.82855
-2.77197 -3.83139
-2.77517 -3.8338
-2.77837 -3.83621
-2.78118 -3.83906
-2.78399 -3.84191
-2.79017 -3.84697
-2.79624 -3.85216
-2.80239 -3.85726
-2.80521 -3.8601
-2.80803 -3.86295
-2.81417 -3.86805
-2.82007 -3.87344
-2.82328 -3.87583
-2.82649 -3.87822
-2.82934 -3.88103
-2.83219 -3.88384
-2.83537 -3.88626
-2.83856 -3.88868
-2.84449 -3.89403
-2.85064 -3.89913
-2.85346 -3.90198
-2.85627 -3.90483
-2.86229 -3.91007
-2.86857 -3.91503
-2.8744 -3.92048
-2.88056 -3.92557
-2.88634 -3.93109
-2.8925 -3.93617
-2.89854 -3.94141
-2.90444 -3.94679
-2.91051 -3.95198
-2.91368 -3.95442
-2.91685 -3.95686
-2.92287 -3.96211
-2.92881 -3.96744
-2.93481 -3.97271
-2.94058 -3.97824
-2.94653 -3.98357
-2.9527 -3.98865
-2.95902 -3.99355
-2.96489 -3.99896
-2.97105 -4.00405
-2.97686 -4.00954
-2.983 -4.01465
-2.98874 -4.02022
-2.99505 -4.02513
-3.0009 -4.03057
-3.00669 -4.03609
-3.00987 -4.03852
-3.01305 -4.04094
-3.01922 -4.04602
-3.02204 -4.04886
-3.02486 -4.0517
-3.03084 -4.05699
-3.03701 -4.06207
-3.04289 -4.06748
-3.04605 -4.06992
-3.04922 -4.07236
-3.05529 -4.07755
-3.06106 -4.08309
-3.06718 -4.08822
-3.07341 -4.09323
-3.07923 -4.0987
-3.08501 -4.10423
-3.08819 -4.10665
-3.09138 -4.10907
-3.09739 -4.11433
-3.10344 -4.11954
-3.10924 -4.12504
-3.11532 -4.13022
-3.1215 -4.13528
-3.12756 -4.14048
-3.13343 -4.1459
-3.13928 -4.15134
-3.14516 -4.15675
-3.14839 -4.15912
-3.15162 -4.16149
-3.15758 -4.1668
-3.16345 -4.17222
-3.16969 -4.17722
-3.17566 -4.18253
-3.18169 -4.18776
-3.18451 -4.1906
-3.18733 -4.19344
-3.19354 -4.19847
-3.1994 -4.2039
-3.20258 -4.20633
-3.20575 -4.20877
-3.21149 -4.21433
-3.21781 -4.21924
-3.22389 -4.22441
-3.22696 -4.22729
-3.22716 -4.22728
-3.22735 -4.22642
-3.22806 -4.22611
-3.22868 -4.22572
-3.2291 -4.22501
-3.22983 -4.2248
-3.23034 -4.22414
-3.23105 -4.22388
-3.23176 -4.2236
-3.23252 -4.22357
-3.23322 -4.22324
-3.23398 -4.22328
-3.23472 -4.22328
-3.23546 -4.22302
-3.23618 -4.22352
-3.23698 -4.22297
-3.23765 -4.22349
-3.24233 -4.22409
-3.247 -4.2247
-3.24765 -4.22507
-3.24826 -4.22547
-3.24907 -4.22531
-3.24965 -4.22576
-3.25526 -4.22807
-3.26088 -4.23038
-3.2665 -4.23269
-3.27211 -4.235
-3.2726 -4.23562
-3.27327 -4.23591
-3.27834 -4.23893
-3.28342 -4.24196
-3.2885 -4.24498
-3.28942 -4.24493
-3.29008 -4.24531
-3.29037 -4.24613
-3.29114 -4.24639
-3.29132 -4.24723
-3.29173 -4.24783
-3.2926 -4.24811
-3.2967 -4.25386
-3.29687 -4.25451
-3.29753 -4.2549
-3.29726 -4.25576
-3.29943 -4.25954
-3.3016 -4.26332
-3.30181 -4.26389
-3.30223 -4.26438
-3.30181 -4.26514
-3.30265 -4.26553
-3.30429 -4.27188
-3.30593 -4.27823
-3.30757 -4.28459
-3.30786 -4.2853
-3.30797 -4.28606
-3.30738 -4.28685
-3.30781 -4.28758
-3.308 -4.28834
-3.30747 -4.28903
-3.30729 -4.28974
-3.30729 -4.29049
-3.30719 -4.29123
-3.30683 -4.29188
-3.30671 -4.29264
-3.30625 -4.29323
-3.30573 -4.29376
-3.30592 -4.29481
-3.30508 -4.29509
-3.30475 -4.29564
-3.30767 -4.29844
-3.31375 -4.30362
-3.31999 -4.30862
-3.32575 -4.31416
-3.33189 -4.31927
-3.33797 -4.32445
-3.34421 -4.32944
-3.35008 -4.33485
-3.35608 -4.34013
-3.362 -4.3455
-3.36797 -4.3508
-3.37395 -4.35609
-3.37717 -4.35848
-3.38038 -4.36087
-3.38623 -4.3663
-3.39236 -4.37142
-3.3983 -4.37676
-3.40443 -4.38189
-3.40727 -4.3847
-3.41012 -4.38752
-3.4164 -4.39246
-3.42216 -4.398
-3.42535 -4.40042
-3.42854 -4.40284
-3.43447 -4.40819
-3.44023 -4.41374
-3.44619 -4.41904
-3.45228 -4.42421
-3.45845 -4.42929
-3.46467 -4.43431
-3.4706 -4.43966
-3.47646 -4.44508
-3.48232 -4.45052
-3.48551 -4.45294
-3.4887 -4.45536
-3.49464 -4.46069
-3.50041 -4.46623
-3.5036 -4.46864
-3.50679 -4.47105
-3.51276 -4.47636
-3.51853 -4.4819
-3.5245 -4.4872
-3.53057 -4.49238
-3.53375 -4.49481
-3.53694 -4.49724
-3.5427 -4.50278
-3.54881 -4.50793
-3.55463 -4.5134
-3.56062 -4.51868
-3.56695 -4.52357
-3.57283 -4.52898
-3.57856 -4.53456
-3.58459 -4.5398
-3.59065 -4.545
-3.59674 -4.55016
-3.59992 -4.55259
-3.6031 -4.55502
-3.60904 -4.56036
-3.61503 -4.56564
-3.62078 -4.57119
-3.6268 -4.57644
-3.63285 -4.58166
-3.63877 -4.58701
-3.64489 -4.59214
-3.64806 -4.59458
-3.65123 -4.59702
-3.65406 -4.59986
-3.65689 -4.60269
-3.66305 -4.60777
-3.6691 -4.61298
-3.67518 -4.61816
-3.68121 -4.62339
-3.68741 -4.62843
-3.69335 -4.63377
-3.69943 -4.63896
-3.70223 -4.64182
-3.70503 -4.64468
-3.71111 -4.64986
-3.7172 -4.65503
-3.72334 -4.66013
-3.72913 -4.66565
-3.73522 -4.67081
-3.7384 -4.67323
-3.74158 -4.67566
-3.74748 -4.68105
-3.75331 -4.68651
-3.75644 -4.68901
-3.75957 -4.69151
-3.76472 -4.69675
-3.76984 -4.70202
-3.77472 -4.70752
-3.78023 -4.7124
-3.78551 -4.71751
-3.79076 -4.72265
-3.79605 -4.72775
-3.80098 -4.73321
-3.80282 -4.7357
-3.80301 -4.7355
-3.80347 -4.73488
-3.8043 -4.73485
-3.80461 -4.73384
-3.80541 -4.73379
-3.80618 -4.73378
-3.80676 -4.73317
-3.80757 -4.73337
-3.80821 -4.73277
-3.80896 -4.73274
-3.80971 -4.73313
-3.81044 -4.73292
-3.81115 -4.73309
-3.81189 -4.73306
-3.81269 -4.73281
-3.81344 -4.73292
-3.81405 -4.73345
-3.81474 -4.73371
-3.81846 -4.7353
-3.82218 -4.7369
-3.82306 -4.73665
-3.82363 -4.73706
-3.82393 -4.73791
-3.82972 -4.74121
-3.8355 -4.74451
-3.84128 -4.74782
-3.84706 -4.75112
-3.84758 -4.75166
-3.84843 -4.75181
-3.84857 -4.75277
-3.84913 -4.75323
-3.85014 -4.75336
-3.85041 -4.75411
-3.85073 -4.75479
-3.85131 -4.75533
-3.8516 -4.75602
-3.85424 -4.76138
-3.85456 -4.76192
-3.85663 -4.76704
-3.85869 -4.77216
-3.86076 -4.77729
-3.86119 -4.77788
-3.86108 -4.77862
-3.86096 -4.77934
-3.86165 -4.77994
-3.86117 -4.78066
-3.86151 -4.78134
-3.86138 -4.78202
-3.86185 -4.78275
-3.86071 -4.78954
-3.86115 -4.79022
-3.86047 -4.79071
-3.86078 -4.7914
-3.85921 -4.79756
-3.85765 -4.80372
-3.85608 -4.80988
-3.85607 -4.81067
-3.85533 -4.81118
-3.8554 -4.81202
-3.85484 -4.81257
-3.85449 -4.81321
-3.85412 -4.81385
-3.85363 -4.8144
-3.85314 -4.81494
-3.85278 -4.81563
-3.85237 -4.8163
-3.85143 -4.81629
-3.85105 -4.81704
-3.85023 -4.81708
-3.84963 -4.81751
-3.84895 -4.81776
-3.84841 -4.81843
-3.84758 -4.81821
-3.84689 -4.8184
-3.84618 -4.81857
-3.84548 -4.8188
-3.84522 -4.81874
-3.84539 -4.82245
-3.84633 -4.83015
-3.84709 -4.83787
-3.84761 -4.84561
-3.84848 -4.85333
-3.84886 -4.86109
-3.84871 -4.86858
-3.84878 -4.87607
-3.84915 -4.88356
-3.84862 -4.89105
-3.84926 -4.89854
-3.84898 -4.90603
-3.84869 -4.91352
-3.84873 -4.92101
-3.84935 -4.9285
-3.84942 -4.93599
-3.84926 -4.94348
-3.84957 -4.951
-3.84911 -4.95866
-3.84861 -4.96633
-3.84794 -4.97398
-3.84748 -4.98165
-3.84656 -4.98929
-3.84602 -4.99695
-3.84529 -5.0046
-3.84484 -5.01206
-3.84057 -5.0187
-3.83593 -5.02508
-3.83131 -5.03146
-3.82649 -5.0377
-3.82185 -5.04407
-3.81663 -5.04996
-3.81119 -5.05546
-3.8063 -5.06148
-3.80098 -5.06708
-3.79536 -5.0724
-3.79004 -5.07801
-3.78471 -5.08361
-3.77946 -5.08928
-3.77397 -5.09472
-3.76823 -5.09993
-3.76288 -5.10549
-3.75732 -5.11116
-3.75131 -5.11636
-3.74553 -5.12181
-3.74003 -5.12756
-3.73422 -5.13297
-3.72801 -5.13795
-3.72225 -5.14342
-3.71631 -5.14869
-3.71068 -5.1543
-3.70498 -5.15983
-3.69881 -5.16486
-3.6931 -5.17038
-3.68761 -5.17614
-3.68144 -5.18117
-3.67561 -5.18656
-3.67014 -5.19234
-3.66436 -5.19778
-3.65821 -5.20283
-3.65251 -5.20837
-3.6466 -5.21367
-3.64083 -5.21913
-3.63509 -5.22462
-3.62894 -5.22966
-3.62348 -5.23545
-3.61727 -5.24044
-3.6116 -5.246
-3.60574 -5.25136
-3.60012 -5.25697
-3.59403 -5.26209
-3.58815 -5.26742
-3.58277 -5.2733
-3.57683 -5.27858
-3.57091 -5.28387
-3.56525 -5.28945
-3.55927 -5.29467
-3.55332 -5.29994
-3.54738 -5.30521
-3.5416 -5.31066
-3.53612 -5.31643
-3.53032 -5.32185
-3.52408 -5.3268
-3.51864 -5.33262
-3.51561 -5.33545
-3.51539 -5.3354
-3.5149 -5.33486
-3.51438 -5.33435
-3.51381 -5.33388
-3.51347 -5.33308
-3.5129 -5.33256
-3.5121 -5.33242
-3.51154 -5.3318
-3.51055 -5.33224
-3.51002 -5.33149
-3.50925 -5.33138
-3.5085 -5.33125
-3.50776 -5.33102
-3.50698 -5.33114
-3.50623 -5.33162
-3.50084 -5.33174
-3.49545 -5.33186
-3.49476 -5.3322
-3.49408 -5.33231
-3.49341 -5.33246
-3.49264 -5.33225
-3.49211 -5.33294
-3.49143 -5.33307
-3.49079 -5.33333
-3.48373 -5.33702
-3.47667 -5.34071
-3.46961 -5.34441
-3.46911 -5.34503
-3.46826 -5.34505
-3.46379 -5.34818
-3.45933 -5.35132
-3.45487 -5.35446
-3.45455 -5.35523
-3.45409 -5.35577
-3.45327 -5.35593
-3.4496 -5.36013
-3.44593 -5.36432
-3.44227 -5.36852
-3.44143 -5.36874
-3.44084 -5.36922
-3.44036 -5.3698
-3.43999 -5.37046
-3.43986 -5.37123
-3.4398 -5.37201
-3.43915 -5.37255
-3.43929 -5.37337
-3.43884 -5.37402
-3.43914 -5.37482
-3.4383 -5.3818
-3.43746 -5.38878
-3.43661 -5.39576
-3.43682 -5.39652
-3.43686 -5.39726
-3.43617 -5.39801
-3.43635 -5.39877
-3.4369 -5.39945
-3.43701 -5.40019
-3.43719 -5.40091
-3.43703 -5.40176
-3.43783 -5.40225
-3.43812 -5.40293
-3.43851 -5.40356
-3.43853 -5.40445
-3.43932 -5.40481
-3.4397 -5.40542
-3.4367 -5.40776
-3.43126 -5.41357
-3.42537 -5.4189
-3.41921 -5.42394
-3.41382 -5.42981
-3.40773 -5.43491
-3.4018 -5.4402
-3.39616 -5.4458
-3.3905 -5.45137
-3.38433 -5.4564
-3.37885 -5.46217
-3.37263 -5.46714
-3.36684 -5.47257
-3.36093 -5.47788
-3.35545 -5.48365
-3.3495 -5.48891
-3.34367 -5.49431
-3.33776 -5.49961
-3.33205 -5.50513
-3.32648 -5.5108
-3.32036 -5.51589
-3.3147 -5.52146
-3.30887 -5.52685
-3.30273 -5.53191
-3.29734 -5.53778
-3.29132 -5.54296
-3.28534 -5.54819
-3.27961 -5.55369
-3.27395 -5.55927
-3.26811 -5.56464
-3.26243 -5.5702
-3.25611 -5.57507
-3.25066 -5.58087
-3.24474 -5.58617
-3.23871 -5.59134
-3.2328 -5.59664
-3.22735 -5.60245
-3.22134 -5.60764
-3.2155 -5.61303
-3.20956 -5.6183
-3.20376 -5.62373
-3.19803 -5.62923
-3.19207 -5.63448
-3.18655 -5.64021
-3.18065 -5.64552
-3.17474 -5.65083
-3.16896 -5.65627
-3.16313 -5.66167
-3.1573 -5.66706
-3.15132 -5.67229
-3.14579 -5.678
-3.14011 -5.68356
-3.13385 -5.68849
-3.12834 -5.69422
-3.1223 -5.69939
-3.11677 -5.70511
-3.11082 -5.71036
-3.10486 -5.71562
-3.09884 -5.7208
-3.09333 -5.72654
-3.08716 -5.73157
-3.08175 -5.73741
-3.0759 -5.74278
-3.06992 -5.74801
-3.06439 -5.75261
-3.05889 -5.75725
-3.05302 -5.76143
-3.04733 -5.76583
-3.04202 -5.7707
-3.03616 -5.7749
-3.03076 -5.77966
-3.02501 -5.78398
-3.01938 -5.78849
-3.01312 -5.79204
-3.00689 -5.79564
-3.00071 -5.79934
-2.99434 -5.80269
-2.98818 -5.80641
-2.98174 -5.80965
-2.9756 -5.81341
-2.96965 -5.81748
-2.96332 -5.82096
-2.95595 -5.82394
-2.94896 -5.82772
-2.94535 -5.82948
-2.94595 -5.82981
-2.94602 -5.83059
-2.94642 -5.83126
-2.94667 -5.83199
-2.94671 -5.83276
-2.94684 -5.83351
-2.94664 -5.83427
-2.94653 -5.83501
-2.94649 -5.83575
-2.9468 -5.83656
-2.94633 -5.83723
-2.94631 -5.83801
-2.94571 -5.83859
-2.94417 -5.84377
-2.94263 -5.84895
-2.9417 -5.84934
-2.94178 -5.8502
-2.94155 -5.85092
-2.94117 -5.85157
-2.94026 -5.8518
-2.94001 -5.85254
-2.93932 -5.85287
-2.93887 -5.85344
-2.93837 -5.85397
-2.93766 -5.85424
-2.93227 -5.85828
-2.92688 -5.86232
-2.92148 -5.86636
-2.91609 -5.8704
-2.9107 -5.87444
-2.9053 -5.87848
-2.90453 -5.87858
-2.90418 -5.87942
-2.89923 -5.88181
-2.89428 -5.88421
-2.88933 -5.8866
-2.88882 -5.88714
-2.88826 -5.88767
-2.88753 -5.88774
-2.88681 -5.88779
-2.88622 -5.88847
-2.88546 -5.88826
-2.88476 -5.8884
-2.88404 -5.88853
-2.88331 -5.88867
-2.88267 -5.88792
-2.88187 -5.88843
-2.8812 -5.88813
-2.8805 -5.88798
-2.87982 -5.88775
-2.87289 -5.88541
-2.86596 -5.88306
-2.85903 -5.88072
-2.85843 -5.88018
-2.85783 -5.87973
-2.85733 -5.87914
-2.85656 -5.87899
-2.85603 -5.87847
-2.85512 -5.87838
-2.85501 -5.87744
-2.85422 -5.87716
-2.8539 -5.87648
-2.85353 -5.87584
-2.85287 -5.87538
-2.85271 -5.87463
-2.85239 -5.8743
-2.84895 -5.87624
-2.84155 -5.87918
-2.83459 -5.88302
-2.82717 -5.8859
-2.82001 -5.88935
-2.81298 -5.89305
-2.80572 -5.89627
-2.7988 -5.90021
-2.79165 -5.90365
-2.78426 -5.9066
-2.77719 -5.91022
-2.77013 -5.91386
-2.763 -5.91736
-2.75591 -5.92093
-2.7488 -5.92447
-2.7415 -5.9276
-2.73443 -5.93123
-2.72727 -5.93466
-2.7199 -5.93765
-2.71302 -5.94167
-2.70574 -5.94486
-2.69862 -5.94836
-2.69158 -5.95204
-2.68422 -5.95507
-2.67707 -5.95852
-2.67007 -5.96227
-2.66276 -5.96539
-2.65555 -5.96871
-2.64868 -5.97275
-2.64132 -5.97577
-2.63426 -5.97941
-2.62696 -5.98256
-2.62003 -5.98647
-2.61286 -5.98986
-2.60572 -5.99333
-2.59858 -5.99681
-2.59115 -5.99969
-2.58419 -6.00353
-2.5769 -6.0067
-2.56978 -6.01021
-2.56253 -6.01345
-2.55538 -6.01691
-2.54854 -6.021
-2.54111 -6.02387
-2.53413 -6.02767
-2.52684 -6.03082
-2.51986 -6.03465
-2.51257 -6.03781
-2.50557 -6.04157
-2.49818 -6.04446
-2.49167 -6.04759
-2.4849 -6.05006
-2.4783 -6.05297
-2.47149 -6.05534
-2.46472 -6.05784
-2.45817 -6.06086
-2.45146 -6.06349
-2.44462 -6.06578
-2.43791 -6.06824
-2.43076 -6.06925
-2.42354 -6.0693
-2.41634 -6.06968
-2.40915 -6.07026
-2.40197 -6.07088
-2.39478 -6.07131
-2.38761 -6.07212
-2.38043 -6.07276
-2.37323 -6.07288
-2.36923 -6.07321
-2.36523 -6.07354
-2.36123 -6.07326
-2.35723 -6.07297
-2.34923 -6.07293
-2.34523 -6.07311
-2.34123 -6.07329
-2.33723 -6.0732
-2.33323 -6.0731
-2.32923 -6.07308
-2.32523 -6.07306
-2.32123 -6.07295
-2.31723 -6.07284
-2.31323 -6.07305
-2.30923 -6.07325
-2.30523 -6.07314
-2.30123 -6.07303
-2.29723 -6.07304
-2.29323 -6.07306
-2.28923 -6.07324
-2.28523 -6.07342
-2.28123 -6.07319
-2.27723 -6.07296
-2.26923 -6.07292
-2.26523 -6.07312
-2.26123 -6.07332
-2.25723 -6.07308
-2.25323 -6.07285
-2.24923 -6.07298
-2.24523 -6.07311
-2.24109 -6.07314
-2.24123 -6.07358
-2.24141 -6.07434
-2.24081 -6.07499
-2.24126 -6.07584
-2.24097 -6.07654
-2.24068 -6.07723
-2.24008 -6.07777
-2.24015 -6.07862
-2.23952 -6.07911
-2.23917 -6.07975
-2.23862 -6.08025
-2.2384 -6.08101
-2.23804 -6.08169
-2.23712 -6.08178
-2.237 -6.0828
-2.23621 -6.08296
-2.23202 -6.08613
-2.22783 -6.0893
-2.22691 -6.08923
-2.22646 -6.08997
-2.2257 -6.09012
-2.22512 -6.09071
-2.22443 -6.09107
-2.22354 -6.09058
-2.22294 -6.09147
-2.21519 -6.09269
-2.20744 -6.09391
-2.19969 -6.09513
-2.19194 -6.09635
-2.18419 -6.09757
-2.17643 -6.09879
-2.17576 -6.09897
-2.17507 -6.09901
-2.17437 -6.09918
-2.17365 -6.09947
-2.16852 -6.09909
-2.16339 -6.09871
-2.16263 -6.09903
-2.16197 -6.09864
-2.16121 -6.09875
-2.16057 -6.09836
-2.15993 -6.09804
-2.15918 -6.09797
-2.15863 -6.09748
-2.15802 -6.09713
-2.15746 -6.09669
-2.15702 -6.09612
-2.15606 -6.09616
-2.15563 -6.09557
-2.15074 -6.09085
-2.14586 -6.08612
-2.14097 -6.0814
-2.14064 -6.08071
-2.13973 -6.0805
-2.13983 -6.07953
-2.13941 -6.07895
-2.13906 -6.07833
-2.13835 -6.07786
-2.1383 -6.0771
-2.13816 -6.07639
-2.13779 -6.07574
-2.13776 -6.07501
-2.13768 -6.0743
-2.13745 -6.0736
-2.1373 -6.07287
-2.13738 -6.07271
-2.13323 -6.07303
-2.12923 -6.07308
-2.12523 -6.07313
-2.12123 -6.07284
-2.11723 -6.07255
-2.11323 -6.07267
-2.10923 -6.07279
-2.10523 -6.07276
-2.10123 -6.07272
-2.09723 -6.07288
-2.09323 -6.07303
-2.08923 -6.07273
-2.08524 -6.07243
-2.07724 -6.07239
-2.07323 -6.07268
-2.06923 -6.07298
-2.06523 -6.07295
-2.06123 -6.07293
-2.05723 -6.07287
-2.05323 -6.0728
-2.04923 -6.07255
-2.04524 -6.07229
-2.04124 -6.07227
-2.03724 -6.07225
-2.03324 -6.07228
-2.02924 -6.07231
-2.02524 -6.0724
-2.02124 -6.0725
-2.01723 -6.07259
-2.01323 -6.07268
-2.00923 -6.07271
-2.00523 -6.07274
-2.00123 -6.07271
-1.99723 -6.07269
-1.99323 -6.07258
-1.98924 -6.07246
-1.98524 -6.07229
-1.98124 -6.07212
-1.97724 -6.0723
-1.97324 -6.07248
-1.96924 -6.07228
-1.96524 -6.07208
-1.96124 -6.07214
-1.95724 -6.07219
-1.95324 -6.07235
-1.94924 -6.07251
-1.94124 -6.07252
-1.93724 -6.07245
-1.93324 -6.07237
-1.92924 -6.07229
-1.92524 -6.0722
-1.92124 -6.07208
-1.91724 -6.07196
-1.91324 -6.07231
-1.90924 -6.07265
-1.90524 -6.07248
-1.90124 -6.07231
-1.89724 -6.07241
-1.89324 -6.07251
-1.88924 -6.0724
-1.88524 -6.07229
-1.88124 -6.0724
-1.87724 -6.07251
-1.87324 -6.07246
-1.86924 -6.0724
-1.86524 -6.07247
-1.86124 -6.07254
-1.85724 -6.07247
-1.85324 -6.07239
-1.84924 -6.07233
-1.84524 -6.07227
-1.84124 -6.07214
-1.83724 -6.07201
-1.83324 -6.07206
-1.82924 -6.07212
-1.82524 -6.07194
-1.82124 -6.07177
-1.81324 -6.07178
-1.80924 -6.07203
-1.80524 -6.07228
-1.80124 -6.0721
-1.79724 -6.07192
-1.79324 -6.07188
-1.78924 -6.07183
-1.78524 -6.07194
-1.78124 -6.07204
-1.77724 -6.07213
-1.77324 -6.07221
-1.76924 -6.07198
-1.76524 -6.07175
-1.76124 -6.07207
-1.75724 -6.07239
-1.75324 -6.07227
-1.74924 -6.07216
-1.74524 -6.07191
-1.74124 -6.07166
-1.73724 -6.07178
-1.73324 -6.0719
-1.72924 -6.07213
-1.72524 -6.07236
-1.72124 -6.07218
-1.71724 -6.072
-1.71324 -6.07216
-1.70924 -6.07232
-1.70524 -6.07211
-1.70124 -6.07191
-1.69724 -6.07193
-1.69324 -6.07196
-1.68924 -6.07177
-1.68524 -6.07159
-1.68124 -6.07193
-1.67724 -6.07227
-1.67324 -6.07215
-1.66924 -6.07203
-1.66524 -6.07197
-1.66124 -6.07191
-1.65724 -6.07173
-1.65324 -6.07155
-1.64924 -6.0716
-1.64524 -6.07165
-1.64124 -6.07189
-1.63724 -6.07212
-1.63324 -6.07203
-1.62924 -6.07193
-1.62524 -6.07168
-1.62124 -6.07142
-1.61724 -6.07179
-1.61324 -6.07215
-1.60924 -6.07212
-1.60524 -6.07209
-1.60124 -6.07175
-1.59724 -6.07141
-1.59324 -6.07172
-1.58924 -6.07203
-1.58524 -6.07204
-1.58124 -6.07206
-1.57724 -6.07184
-1.57324 -6.07161
-1.56924 -6.07182
-1.56524 -6.07202
-1.56124 -6.07193
-1.55724 -6.07184
-1.55324 -6.07175
-1.54924 -6.07166
-1.54524 -6.07179
-1.54124 -6.07191
-1.53724 -6.07189
-1.53324 -6.07186
-1.52924 -6.07153
-1.52524 -6.07121
-1.52124 -6.07156
-1.51724 -6.07191
-1.51324 -6.07171
-1.50924 -6.07151
-1.50524 -6.07138
-1.50124 -6.07125
-1.49724 -6.07145
-1.49324 -6.07165
-1.48524 -6.07163
-1.48124 -6.07171
-1.47724 -6.07179
-1.46924 -6.07176
-1.46526 -6.07175
-1.46524 -6.07169
-1.46528 -6.07095
-1.4648 -6.07026
-1.46474 -6.06954
-1.46449 -6.06886
-1.46472 -6.06805
-1.46429 -6.06742
-1.46413 -6.0667
-1.46399 -6.06594
-1.46312 -6.06558
-1.46294 -6.06485
-1.46261 -6.06417
-1.46194 -6.06378
-1.46173 -6.06297
-1.45778 -6.05936
-1.45384 -6.05575
-1.45322 -6.05536
-1.4529 -6.05464
-1.45235 -6.05414
-1.45155 -6.05403
-1.45107 -6.05342
-1.45024 -6.05346
-1.44963 -6.05306
-1.44338 -6.05076
-1.43712 -6.04846
-1.43087 -6.04616
-1.42461 -6.04386
-1.42387 -6.04375
-1.42304 -6.04403
-1.4224 -6.04359
-1.42163 -6.04385
-1.42092 -6.0439
-1.41296 -6.04374
-1.405 -6.04359
-1.40427 -6.04341
-1.40355 -6.04357
-1.40283 -6.04361
-1.39567 -6.04476
-1.39511 -6.04508
-1.39441 -6.04477
-1.39389 -6.0452
-1.39322 -6.04515
-1.38866 -6.04699
-1.38411 -6.04883
-1.38351 -6.0493
-1.38277 -6.04945
-1.38203 -6.04964
-1.3814 -6.05005
-1.37641 -6.05384
-1.37143 -6.05762
-1.36644 -6.06141
-1.36586 -6.06184
-1.365 -6.06195
-1.3644 -6.06241
-1.36424 -6.06328
-1.36372 -6.06379
-1.36298 -6.06416
-1.36297 -6.06504
-1.36226 -6.06549
-1.36202 -6.06621
-1.36173 -6.0669
-1.36149 -6.06761
-1.36138 -6.06835
-1.36145 -6.06912
-1.36156 -6.06987
-1.36096 -6.07055
-1.3614 -6.07106
-1.35724 -6.07095
-1.35324 -6.07111
-1.34924 -6.07127
-1.34524 -6.07135
-1.34124 -6.07143
-1.33724 -6.07133
-1.33324 -6.07123
-1.32924 -6.07141
-1.32524 -6.07159
-1.32124 -6.07122
-1.31724 -6.07085
-1.31324 -6.07104
-1.30924 -6.07122
-1.30524 -6.07134
-1.30124 -6.07146
-1.29724 -6.07137
-1.29324 -6.07129
-1.28924 -6.07124
-1.28524 -6.07119
-1.28124 -6.07114
-1.27724 -6.07109
-1.26924 -6.07109
-1.26524 -6.0711
-1.26124 -6.07112
-1.25724 -6.07118
-1.25324 -6.07124
-1.24924 -6.07116
-1.24524 -6.07108
-1.24124 -6.07118
-1.23724 -6.07128
-1.23324 -6.07109
-1.22924 -6.0709
-1.22524 -6.07108
-1.22124 -6.07126
-1.21724 -6.07106
-1.21324 -6.07087
-1.20924 -6.0709
-1.20524 -6.07093
-1.20124 -6.07096
-1.19724 -6.07099
-1.19324 -6.07086
-1.18924 -6.07073
-1.18524 -6.07088
-1.18124 -6.07104
-1.17724 -6.07097
-1.17324 -6.0709
-1.16524 -6.07087
-1.16124 -6.07089
-1.15724 -6.07091
-1.15324 -6.07104
-1.14924 -6.07117
-1.14524 -6.07118
-1.14124 -6.0712
-1.13724 -6.07117
-1.13324 -6.07115
-1.12924 -6.07081
-1.12524 -6.07047
-1.12124 -6.07053
-1.11724 -6.07059
-1.10924 -6.0706
-1.10524 -6.07051
-1.10124 -6.07042
-1.09724 -6.07043
-1.09324 -6.07044
-1.08924 -6.07056
-1.08524 -6.07067
-1.08124 -6.07058
-1.07724 -6.07048
-1.07324 -6.07055
-1.06924 -6.07062
-1.06524 -6.07069
-1.06124 -6.07077
-1.05724 -6.07077
-1.05324 -6.07078
-1.04924 -6.07081
-1.04524 -6.07083
-1.04124 -6.07081
-1.03724 -6.07078
-1.03324 -6.07091
-1.02924 -6.07103
-1.02524 -6.0708
-1.02124 -6.07057
-1.01724 -6.07046
-1.01324 -6.07034
-1.00924 -6.07047
-1.00524 -6.0706
-1.00124 -6.07064
-0.997241 -6.07069
-0.993241 -6.07075
-0.989241 -6.07082
-0.985241 -6.07053
-0.981242 -6.07024
-0.977242 -6.07031
-0.973242 -6.07038
-0.969241 -6.07056
-0.965241 -6.07074
-0.961241 -6.07066
-0.957241 -6.07057
-0.953241 -6.07054
-0.949242 -6.0705
-0.945242 -6.07033
-0.941242 -6.07016
-0.937242 -6.07047
-0.933241 -6.07078
-0.929241 -6.07066
-0.925242 -6.07054
-0.921241 -6.07057
-0.917241 -6.0706
-0.913242 -6.07037
-0.909242 -6.07013
-0.905242 -6.07027
-0.901242 -6.07041
-0.897242 -6.07051
-0.893241 -6.07061
-0.889242 -6.07052
-0.885242 -6.07044
-0.881242 -6.07046
-0.877242 -6.07048
-0.873242 -6.07042
-0.869242 -6.07037
-0.865242 -6.0704
-0.861242 -6.07043
-0.857242 -6.07021
-0.853243 -6.06999
-0.849242 -6.07019
-0.845242 -6.07039
-0.841242 -6.07023
-0.837243 -6.07007
-0.833243 -6.07013
-0.829242 -6.07019
-0.825242 -6.07037
-0.821242 -6.07055
-0.817242 -6.07035
-0.813243 -6.07015
-0.809242 -6.07037
-0.805242 -6.07058
-0.801242 -6.07031
-0.797243 -6.07004
-0.793243 -6.07
-0.789243 -6.06995
-0.785243 -6.0699
-0.781243 -6.06984
-0.777243 -6.06991
-0.773243 -6.06998
-0.769243 -6.06986
-0.765243 -6.06974
-0.761243 -6.06985
-0.757243 -6.06996
-0.753243 -6.07017
-0.749242 -6.07037
-0.745242 -6.07038
-0.741242 -6.07038
-0.737243 -6.0702
-0.733243 -6.07002
-0.729243 -6.07022
-0.725242 -6.07042
-0.721242 -6.07034
-0.717243 -6.07025
-0.713242 -6.07031
-0.709242 -6.07037
-0.705243 -6.07015
-0.701243 -6.06994
-0.697243 -6.06999
-0.693243 -6.07005
-0.689141 -6.07005
-0.689097 -6.07028
-0.689015 -6.07101
-0.689169 -6.07178
-0.688603 -6.0724
-0.688546 -6.07314
-0.688234 -6.07379
-0.688618 -6.07477
-0.688133 -6.07537
-0.687788 -6.07604
-0.686895 -6.07633
-0.687004 -6.07734
-0.686423 -6.07784
-0.685763 -6.07824
-0.685011 -6.07849
-0.684662 -6.07922
-0.680877 -6.08247
-0.677092 -6.08572
-0.676267 -6.08584
-0.675655 -6.08623
-0.675056 -6.08667
-0.674412 -6.08703
-0.673789 -6.08747
-0.673078 -6.0877
-0.672256 -6.08742
-0.671579 -6.08776
-0.66555 -6.08915
-0.659521 -6.09053
-0.653492 -6.09192
-0.647463 -6.09331
-0.646743 -6.09348
-0.638934 -6.09439
-0.631125 -6.09529
-0.630451 -6.09525
-0.622735 -6.09676
-0.621977 -6.09663
-0.621224 -6.09698
-0.620495 -6.09659
-0.619753 -6.09655
-0.619073 -6.09619
-0.618356 -6.09606
-0.617448 -6.09645
-0.616736 -6.09616
-0.616063 -6.0958
-0.615552 -6.09517
-0.615065 -6.09455
-0.60896 -6.0909
-0.602855 -6.08726
-0.596749 -6.08362
-0.590644 -6.07998
-0.59007 -6.07947
-0.589488 -6.07899
-0.589064 -6.07835
-0.588697 -6.07768
-0.588099 -6.07722
-0.587508 -6.07673
-0.58729 -6.07598
-0.586495 -6.07556
-0.58626 -6.07483
-0.58616 -6.07406
-0.585442 -6.07349
-0.585637 -6.07266
-0.585691 -6.07189
-0.585584 -6.07116
-0.585568 -6.07043
-0.585566 -6.06992
-0.581244 -6.06981
-0.577244 -6.0699
-0.573243 -6.06998
-0.569244 -6.0698
-0.565244 -6.06961
-0.561244 -6.06969
-0.557244 -6.06976
-0.553244 -6.06979
-0.549244 -6.06982
-0.545244 -6.06979
-0.541244 -6.06976
-0.537244 -6.06965
-0.533244 -6.06954
-0.529244 -6.0697
-0.525244 -6.06986
-0.521244 -6.06958
-0.517245 -6.06929
-0.513245 -6.0693
-0.509245 -6.06931
-0.505244 -6.06961
-0.501244 -6.06991
-0.497244 -6.06982
-0.493244 -6.06973
-0.489244 -6.06964
-0.485245 -6.06955
-0.481244 -6.06974
-0.477244 -6.06992
-0.469244 -6.06993
-0.465244 -6.06967
-0.461245 -6.06941
-0.457245 -6.06951
-0.453244 -6.06961
-0.449245 -6.06945
-0.445245 -6.06929
-0.441245 -6.06942
-0.437245 -6.06955
-0.433245 -6.06945
-0.429245 -6.06936
-0.425245 -6.06927
-0.421245 -6.06918
-0.417245 -6.06912
-0.413246 -6.06907
-0.409245 -6.06914
-0.405245 -6.06922
-0.401245 -6.06917
-0.397246 -6.06912
-0.393245 -6.0693
-0.389245 -6.06947
-0.385245 -6.06963
-0.381244 -6.06978
-0.377245 -6.0696
-0.373245 -6.06941
-0.369245 -6.06935
-0.365245 -6.06928
-0.361245 -6.0692
-0.357246 -6.06913
-0.353246 -6.06908
-0.349246 -6.06903
-0.345246 -6.06913
-0.341245 -6.06923
-0.337245 -6.06937
-0.333245 -6.06952
-0.329245 -6.06955
-0.325245 -6.06958
-0.321245 -6.0694
-0.317246 -6.06922
-0.313245 -6.06928
-0.309245 -6.06933
-0.305246 -6.06912
-0.301246 -6.06891
-0.297246 -6.06895
-0.293246 -6.06899
-0.289246 -6.06914
-0.285246 -6.06929
-0.281246 -6.06926
-0.277246 -6.06923
-0.273246 -6.06909
-0.269246 -6.06894
-0.265246 -6.06886
-0.261247 -6.06877
-0.257247 -6.06878
-0.253247 -6.0688
-0.249246 -6.06905
-0.245246 -6.0693
-0.241246 -6.06922
-0.237246 -6.06914
-0.233246 -6.06899
-0.229247 -6.06883
-0.225246 -6.06885
-0.221246 -6.06886
-0.217246 -6.06897
-0.213246 -6.06907
-0.209246 -6.06894
-0.205247 -6.06881
-0.201246 -6.06904
-0.197246 -6.06927
-0.193246 -6.069
-0.189247 -6.06874
-0.185247 -6.0687
-0.181247 -6.06866
-0.177247 -6.06885
-0.173246 -6.06903
-0.169246 -6.06906
-0.165246 -6.06909
-0.161246 -6.06911
-0.157246 -6.06913
-0.149246 -6.06912
-0.145246 -6.06899
-0.141247 -6.06887
-0.137246 -6.06897
-0.133246 -6.06907
-0.129246 -6.06901
-0.125247 -6.06894
-0.121247 -6.06897
-0.117246 -6.06901
-0.113247 -6.06882
-0.109247 -6.06862
-0.105247 -6.06883
-0.101246 -6.06903
-0.0972469 -6.06881
-0.0932473 -6.06858
-0.0892469 -6.06881
-0.0852465 -6.06904
-0.0812465 -6.06901
-0.0772466 -6.06898
-0.0732468 -6.06891
-0.0692469 -6.06883
-0.0652469 -6.06886
-0.0612468 -6.06888
-0.0572468 -6.0689
-0.0532468 -6.06891
-0.0492467 -6.06895
-0.0452467 -6.06899
-0.0412468 -6.06892
-0.037247 -6.06884
-0.0332472 -6.06871
-0.0292475 -6.06858
-0.0252473 -6.06868
-0.0212471 -6.06878
-0.0172474 -6.06867
-0.0132476 -6.06855
-0.0092474 -6.06865
-0.00524721 -6.06876
-0.00124697 -6.06889
0.00275327 -6.06902
0.00675307 -6.06892
0.0107529 -6.06883
0.0147529 -6.06885
0.0187529 -6.06887
0.0227529 -6.06883
0.0267528 -6.06878
0.0307524 -6.0686
0.034752 -6.06842
0.0387523 -6.06854
0.0427525 -6.06866
0.0467522 -6.06852
0.0507519 -6.06838
0.0547517 -6.06828
0.0587515 -6.06819
0.0627522 -6.06852
0.0667528 -6.06885
0.0707521 -6.06851
0.0747515 -6.06817
0.078752 -6.06844
0.0827525 -6.06871
0.0868048 -6.0684
0.0868852 -6.06885
0.0864599 -6.06964
0.0869136 -6.07033
0.0873445 -6.07099
0.0875175 -6.07169
0.08768 -6.0724
0.0875572 -6.07327
0.0880325 -6.07387
0.0886074 -6.07439
0.0890643 -6.07495
0.0891724 -6.0758
0.0895174 -6.07651
0.0901392 -6.07696
0.0909857 -6.07712
0.0912326 -6.078
0.0919663 -6.07826
0.0926594 -6.07854
0.0965956 -6.08107
0.100532 -6.08359
0.101036 -6.0841
0.101744 -6.08419
0.107951 -6.08671
0.114158 -6.08922
0.120365 -6.09173
0.126572 -6.09424
0.12713 -6.09488
0.12782 -6.09519
0.128594 -6.09506
0.129297 -6.09535
0.130048 -6.09501
0.130772 -6.09523
0.138467 -6.09529
0.146161 -6.09535
0.153856 -6.09541
0.161551 -6.09547
0.162251 -6.0952
0.162955 -6.09513
0.163741 -6.09542
0.16448 -6.09534
0.164989 -6.09456
0.165615 -6.09425
0.166247 -6.09396
0.167091 -6.09405
0.16758 -6.09348
0.168242 -6.09319
0.169105 -6.09312
0.169682 -6.09267
0.175405 -6.08755
0.181127 -6.08243
0.18685 -6.07731
0.187438 -6.07682
0.18777 -6.07611
0.187996 -6.07535
0.188628 -6.07489
0.189308 -6.07442
0.189451 -6.07365
0.189894 -6.07302
0.190206 -6.07233
0.190246 -6.07156
0.190325 -6.07082
0.19044 -6.07009
0.191003 -6.0694
0.19098 -6.06863
0.190822 -6.06826
0.194751 -6.06809
0.198752 -6.06836
0.202752 -6.06863
0.206752 -6.06855
0.210752 -6.06848
0.214752 -6.06844
0.218752 -6.0684
0.222752 -6.06848
0.226752 -6.06856
0.230751 -6.06827
0.234751 -6.06798
0.238751 -6.06804
0.242751 -6.0681
0.246751 -6.06829
0.250752 -6.06848
0.254751 -6.06839
0.258751 -6.0683
0.262751 -6.06808
0.26675 -6.06785
0.270751 -6.06807
0.274751 -6.06829
0.278751 -6.06809
0.28275 -6.06788
0.29075 -6.06786
0.294751 -6.06797
0.298751 -6.06808
0.30275 -6.06792
0.30675 -6.06775
0.310751 -6.06809
0.314751 -6.06842
0.318751 -6.06824
0.322751 -6.06806
0.32675 -6.06796
0.33075 -6.06786
0.33475 -6.06775
0.33875 -6.06763
0.34275 -6.06768
0.34675 -6.06772
0.35075 -6.06793
0.354751 -6.06815
0.358751 -6.06824
0.362751 -6.06834
0.370751 -6.06831
0.374751 -6.06808
0.37875 -6.06785
0.38275 -6.06782
0.38675 -6.06778
0.39075 -6.06772
0.39475 -6.06765
0.39875 -6.06791
0.402751 -6.06818
0.40675 -6.06788
0.41075 -6.06759
0.41475 -6.06774
0.41875 -6.06789
0.42275 -6.06797
0.42675 -6.06805
0.43075 -6.06779
0.434749 -6.06753
0.438749 -6.06754
0.442749 -6.06754
0.446749 -6.06756
0.450749 -6.06757
0.454749 -6.06755
0.458749 -6.06752
0.46275 -6.06774
0.46675 -6.06796
0.47075 -6.06781
0.474749 -6.06765
0.478749 -6.06761
0.482749 -6.06757
0.486749 -6.06759
0.490749 -6.0676
0.494749 -6.06747
0.498749 -6.06734
0.502749 -6.06745
0.506749 -6.06756
0.51075 -6.06772
0.51475 -6.06788
0.518749 -6.06764
0.522749 -6.06739
0.526749 -6.06752
0.530749 -6.06764
0.534749 -6.06769
0.53875 -6.06775
0.542749 -6.06759
0.546749 -6.06744
0.550749 -6.06769
0.55475 -6.06794
0.55875 -6.06791
0.56275 -6.06787
0.566749 -6.06772
0.570749 -6.06757
0.574749 -6.06753
0.578749 -6.06749
0.582749 -6.06734
0.586748 -6.0672
0.590749 -6.06742
0.594749 -6.06764
0.598749 -6.06746
0.602748 -6.06727
0.606748 -6.0672
0.610748 -6.06714
0.614748 -6.06719
0.618748 -6.06724
0.622749 -6.06745
0.626749 -6.06765
0.630749 -6.06768
0.634749 -6.06771
0.638749 -6.06766
0.642749 -6.0676
0.646749 -6.06762
0.650749 -6.06764
0.654749 -6.06756
0.658749 -6.06747
0.662748 -6.06727
0.666748 -6.06707
0.670748 -6.06712
0.674748 -6.06717
0.678748 -6.06724
0.682748 -6.06731
0.686749 -6.06745
0.690749 -6.0676
0.694749 -6.06754
0.698749 -6.06747
0.702749 -6.06758
0.706749 -6.06768
0.710748 -6.06742
0.714748 -6.06715
0.718748 -6.06735
0.722749 -6.06754
0.726749 -6.0676
0.730749 -6.06765
0.734748 -6.06731
0.738748 -6.06698
0.742748 -6.06703
0.746748 -6.06708
0.750748 -6.06714
0.754748 -6.0672
0.758748 -6.06717
0.762748 -6.06714
0.766748 -6.06716
0.770748 -6.06719
0.774748 -6.06734
0.778748 -6.06749
0.782748 -6.06741
0.786748 -6.06732
0.790748 -6.06704
0.794747 -6.06676
0.798747 -6.06688
0.802747 -6.067
0.806747 -6.06695
0.810747 -6.06689
0.814747 -6.0669
0.818747 -6.0669
0.822747 -6.06692
0.826747 -6.06693
0.834747 -6.06693
0.838747 -6.06704
0.842748 -6.06715
0.846748 -6.06718
0.850748 -6.06721
0.854748 -6.06712
0.858747 -6.06704
0.862791 -6.06699
0.862752 -6.06723
0.862991 -6.06794
0.86295 -6.06869
0.862638 -6.06952
0.86329 -6.07011
0.863445 -6.07084
0.863987 -6.0714
0.863968 -6.07222
0.864655 -6.07267
0.864567 -6.0736
0.865252 -6.07401
0.865587 -6.0747
0.866206 -6.07512
0.866756 -6.0756
0.86711 -6.07633
0.871062 -6.07957
0.875015 -6.08281
0.875808 -6.083
0.876269 -6.08369
0.87713 -6.08368
0.877723 -6.08418
0.878529 -6.08414
0.87904 -6.085
0.885511 -6.0868
0.891982 -6.0886
0.898453 -6.0904
0.904924 -6.0922
0.911395 -6.09399
0.912056 -6.09446
0.912823 -6.09431
0.913533 -6.09478
0.914282 -6.09483
0.918536 -6.09464
0.922789 -6.09446
0.923454 -6.09438
0.924137 -6.09448
0.924912 -6.09495
0.92556 -6.09467
0.930775 -6.09338
0.935989 -6.09209
0.941203 -6.0908
0.94197 -6.09098
0.94254 -6.09049
0.943333 -6.0906
0.944021 -6.09039
0.944507 -6.08981
0.945282 -6.08972
0.945603 -6.08896
0.946095 -6.08846
0.951499 -6.08445
0.956903 -6.08043
0.962307 -6.07642
0.962826 -6.07587
0.963132 -6.07513
0.964027 -6.07492
0.964237 -6.07414
0.964602 -6.0735
0.965366 -6.07308
0.965598 -6.07235
0.965912 -6.07166
0.966147 -6.07095
0.96602 -6.07015
0.966499 -6.0695
0.966499 -6.06875
0.966665 -6.06802
0.966838 -6.06729
0.966938 -6.06696
0.970747 -6.06704
0.974747 -6.06706
0.978747 -6.06708
0.982747 -6.0669
0.986746 -6.06672
0.990747 -6.06693
0.994747 -6.06714
0.998747 -6.06679
1.00275 -6.06645
1.00675 -6.06675
1.01075 -6.06706
1.01475 -6.06697
1.01875 -6.06688
1.02675 -6.06684
1.03075 -6.06664
1.03475 -6.06643
1.03875 -6.06672
1.04275 -6.06701
1.04675 -6.06696
1.05075 -6.0669
1.05475 -6.06661
1.05875 -6.06632
1.06275 -6.06663
1.06675 -6.06695
1.07075 -6.0669
1.07475 -6.06686
1.07875 -6.06654
1.08275 -6.06622
1.08675 -6.06655
1.09075 -6.06688
1.09475 -6.06677
1.09875 -6.06667
1.10275 -6.06643
1.10675 -6.0662
1.11075 -6.06628
1.11475 -6.06636
1.11875 -6.06662
1.12275 -6.06689
1.12675 -6.06667
1.13075 -6.06646
1.13475 -6.06629
1.13874 -6.06613
1.14274 -6.06616
1.14675 -6.06619
1.15075 -6.06635
1.15475 -6.0665
1.15875 -6.06641
1.16275 -6.06631
1.16674 -6.0662
1.17074 -6.06608
1.17475 -6.06639
1.17875 -6.06669
1.18275 -6.06646
1.18674 -6.06623
1.19075 -6.0663
1.19475 -6.06637
1.19874 -6.06617
1.20274 -6.06598
1.20674 -6.06617
1.21075 -6.06636
1.21474 -6.06627
1.21874 -6.06617
1.22274 -6.0662
1.22674 -6.06623
1.23075 -6.06629
1.23475 -6.06635
1.23874 -6.06626
1.24274 -6.06617
1.24674 -6.06626
1.25075 -6.06635
1.25474 -6.0663
1.25874 -6.06625
1.26275 -6.0664
1.26675 -6.06656
1.27075 -6.06635
1.27474 -6.06614
1.27874 -6.06605
1.28274 -6.06597
1.28674 -6.06594
1.29074 -6.06591
1.29474 -6.0662
1.29875 -6.0665
1.30274 -6.06615
1.30674 -6.0658
1.31074 -6.06606
1.31474 -6.06632
1.32274 -6.06629
1.32674 -6.0663
1.33074 -6.0663
1.33874 -6.06629
1.34274 -6.06638
1.34675 -6.06647
1.35074 -6.06626
1.35474 -6.06605
1.35874 -6.06621
1.36274 -6.06637
1.36674 -6.06605
1.37074 -6.06573
1.37474 -6.06581
1.37874 -6.06589
1.38274 -6.06581
1.38674 -6.06574
1.39074 -6.06599
1.39474 -6.06624
1.39874 -6.0662
1.40274 -6.06617
1.40674 -6.06609
1.41074 -6.06602
1.41474 -6.06584
1.41874 -6.06566
1.42274 -6.06586
1.42674 -6.06605
1.43074 -6.06595
1.43474 -6.06585
1.43874 -6.06577
1.44274 -6.06569
1.44674 -6.06594
1.45074 -6.06618
1.45474 -6.06595
1.45874 -6.06572
1.46274 -6.06566
1.46674 -6.06559
1.47074 -6.06572
1.47474 -6.06585
1.47874 -6.06571
1.48274 -6.06557
1.48674 -6.06563
1.49074 -6.06569
1.49474 -6.06564
1.49874 -6.06558
1.50274 -6.0658
1.50674 -6.06601
1.51074 -6.06574
1.51474 -6.06546
1.51874 -6.06563
1.52274 -6.06579
1.52674 -6.06575
1.53074 -6.06571
1.53474 -6.06565
1.53874 -6.06559
1.54274 -6.06564
1.54674 -6.06569
1.55074 -6.06588
1.55474 -6.06607
1.55874 -6.0657
1.56274 -6.06533
1.56674 -6.06547
1.57074 -6.06561
1.57474 -6.06553
1.57874 -6.06544
1.58274 -6.06566
1.58674 -6.06587
1.59074 -6.06589
1.59474 -6.06592
1.59874 -6.06571
1.60274 -6.0655
1.61074 -6.06548
1.61474 -6.06545
1.61874 -6.06541
1.62274 -6.06533
1.62674 -6.06524
1.63074 -6.06557
1.63474 -6.06591
1.63871 -6.06579
1.63871 -6.06579
1.63875 -6.06504
1.63867 -6.0643
1.63882 -6.06357
1.63916 -6.06288
1.63881 -6.06204
1.63945 -6.06144
1.63954 -6.06069
1.64026 -6.0602
1.64048 -6.0595
1.64078 -6.05883
1.64124 -6.05827
1.64186 -6.05782
1.64213 -6.0571
1.64267 -6.05662
1.64317 -6.05608
1.64365 -6.05549
1.64416 -6.05491
1.64516 -6.05511
1.64904 -6.0528
1.65293 -6.05048
1.65329 -6.05007
1.65382 -6.04996
1.65419 -6.04952
1.6601 -6.04718
1.66602 -6.04485
1.67193 -6.04251
1.67784 -6.04018
1.67844 -6.03965
1.67927 -6.03975
1.67992 -6.03926
1.68073 -6.03948
1.68147 -6.0394
1.68222 -6.03957
1.68296 -6.03906
1.68371 -6.03929
1.69121 -6.0401
1.69871 -6.04091
1.69944 -6.04091
1.70013 -6.04121
1.70605 -6.04248
1.71197 -6.04376
1.71789 -6.04503
1.71846 -6.04543
1.71914 -6.04537
1.71965 -6.04587
1.72028 -6.046
1.72102 -6.04597
1.7262 -6.04874
1.73138 -6.05152
1.73656 -6.05429
1.73708 -6.05488
1.73779 -6.05514
1.73821 -6.05582
1.73897 -6.05606
1.73943 -6.05665
1.73969 -6.05741
1.74038 -6.05779
1.74092 -6.05831
1.74097 -6.05916
1.7418 -6.05954
1.74184 -6.06035
1.74187 -6.06113
1.74192 -6.06188
1.74267 -6.06242
1.74226 -6.06326
1.74303 -6.06389
1.7426 -6.06467
1.74258 -6.06524
1.74674 -6.06518
1.75074 -6.06541
1.75474 -6.06565
1.75874 -6.06534
1.76274 -6.06503
1.76674 -6.06532
1.77074 -6.06561
1.77474 -6.0653
1.77874 -6.06499
1.78274 -6.06509
1.78674 -6.0652
1.79074 -6.0653
1.79474 -6.0654
1.79874 -6.06549
1.80274 -6.06559
1.80674 -6.06535
1.81074 -6.06511
1.81474 -6.06516
1.81874 -6.0652
1.82274 -6.06522
1.82674 -6.06524
1.83074 -6.06532
1.83474 -6.0654
1.83874 -6.06529
1.84274 -6.06518
1.84674 -6.06523
1.85074 -6.06529
1.85474 -6.06536
1.85874 -6.06543
1.86274 -6.06506
1.86674 -6.06468
1.87074 -6.06475
1.87474 -6.06481
1.87874 -6.06482
1.88274 -6.06483
1.88674 -6.06503
1.89074 -6.06523
1.89474 -6.06519
1.89874 -6.06516
1.90274 -6.06522
1.90674 -6.06529
1.91074 -6.06498
1.91474 -6.06467
1.91874 -6.06483
1.92274 -6.06498
1.92674 -6.06506
1.93074 -6.06513
1.93474 -6.06521
1.93874 -6.0653
1.94274 -6.06524
1.94674 -6.06518
1.95074 -6.06489
1.95474 -6.0646
1.95874 -6.06487
1.96274 -6.06513
1.97074 -6.06512
1.97474 -6.06507
1.97874 -6.06503
1.98274 -6.06513
1.98674 -6.06523
1.99074 -6.06515
1.99474 -6.06507
1.99874 -6.065
2.00274 -6.06492
2.01074 -6.0649
2.01474 -6.06499
2.01874 -6.06508
2.02274 -6.06503
2.02674 -6.06498
2.03074 -6.06485
2.03474 -6.06473
2.03874 -6.06491
2.04274 -6.0651
2.04674 -6.06484
2.05074 -6.06459
2.05474 -6.0647
2.05874 -6.06481
2.06274 -6.06466
2.06674 -6.06451
2.07474 -6.06451
2.08274 -6.06448
2.08674 -6.06437
2.09074 -6.06425
2.09474 -6.06462
2.09874 -6.06499
2.10274 -6.06485
2.10674 -6.06471
2.11074 -6.06449
2.11474 -6.06427
2.12272 -6.06428
2.12982 -6.06422
2.1369 -6.06382
2.14394 -6.06298
2.15101 -6.06251
2.15812 -6.06249
2.16519 -6.06207
2.17221 -6.06085
2.17939 -6.06099
2.18613 -6.05883
2.19271 -6.05616
2.19954 -6.05424
2.20621 -6.05185
2.21287 -6.04943
2.21951 -6.04695
2.22622 -6.04468
2.23307 -6.04274
2.24016 -6.03917
2.24745 -6.03607
2.25484 -6.03322
2.26205 -6.02991
2.26946 -6.0271
2.27695 -6.02449
2.28419 -6.02128
2.29142 -6.01804
2.29885 -6.01527
2.30612 -6.01212
2.31347 -6.00917
2.32068 -6.00589
2.32793 -6.00269
2.33537 -5.99994
2.34266 -5.99684
2.34991 -5.99366
2.35711 -5.99034
2.36453 -5.98756
2.37186 -5.98455
2.37933 -5.98187
2.383 -5.98031
2.38342 -5.98074
2.38336 -5.98163
2.38401 -5.98209
2.38459 -5.98255
2.38505 -5.9831
2.38531 -5.98388
2.38579 -5.98446
2.38643 -5.98485
2.38723 -5.98496
2.38769 -5.98561
2.38817 -5.98633
2.38895 -5.98641
2.38973 -5.98642
2.39047 -5.98646
2.39111 -5.98692
2.39187 -5.98679
2.39643 -5.98774
2.40098 -5.98868
2.40165 -5.9891
2.40237 -5.98864
2.40306 -5.98889
2.40376 -5.98887
2.40445 -5.98875
2.40855 -5.98817
2.41266 -5.98759
2.41318 -5.98728
2.41966 -5.98635
2.42614 -5.98542
2.43262 -5.98449
2.43911 -5.98356
2.44559 -5.98263
2.44621 -5.98201
2.44688 -5.98173
2.4476 -5.98161
2.44839 -5.9816
2.44901 -5.98118
2.45559 -5.97784
2.46216 -5.97449
2.46287 -5.9743
2.4635 -5.97396
2.46402 -5.97345
2.46478 -5.97325
2.46548 -5.97293
2.46607 -5.97246
2.46634 -5.97172
2.46704 -5.97133
2.46752 -5.97076
2.46767 -5.96998
2.46795 -5.96931
2.47124 -5.96306
2.47453 -5.95681
2.47783 -5.95056
2.47756 -5.94964
2.47849 -5.94918
2.47837 -5.94836
2.47897 -5.94772
2.4787 -5.9469
2.47864 -5.94616
2.479 -5.94542
2.47906 -5.94467
2.47893 -5.94392
2.47847 -5.94324
2.47839 -5.94251
2.47867 -5.94166
2.4783 -5.94098
2.47762 -5.94047
2.47772 -5.94019
2.48145 -5.93866
2.48898 -5.93613
2.49604 -5.93249
2.50334 -5.9294
2.51084 -5.9268
2.51799 -5.92337
2.52556 -5.92095
2.53287 -5.91789
2.53997 -5.91435
2.54738 -5.91153
2.55477 -5.90868
2.56191 -5.90522
2.56929 -5.90233
2.57668 -5.89947
2.58379 -5.89594
2.59116 -5.89303
2.59866 -5.89045
2.60574 -5.88683
2.61328 -5.88434
2.62049 -5.88105
2.62775 -5.87789
2.63505 -5.87481
2.64242 -5.8719
2.6498 -5.86901
2.65703 -5.86579
2.66439 -5.86281
2.67104 -5.85899
2.67792 -5.85559
2.68464 -5.8519
2.69149 -5.84846
2.69833 -5.84499
2.70529 -5.84175
2.7122 -5.83843
2.71877 -5.83445
2.72552 -5.83081
2.73264 -5.82789
2.73943 -5.82433
2.74598 -5.8203
2.75303 -5.81725
2.75959 -5.81332
2.76448 -5.81045
2.76897 -5.80706
2.77423 -5.80316
2.77929 -5.79901
2.78443 -5.79497
2.78935 -5.79066
2.79401 -5.78606
2.80032 -5.78116
2.80611 -5.7757
2.81177 -5.7701
2.81781 -5.7649
2.82353 -5.75936
2.82949 -5.75408
2.83517 -5.7485
2.84142 -5.74353
2.84722 -5.73807
2.8531 -5.73271
2.8589 -5.72726
2.86453 -5.72162
2.87058 -5.71645
2.8764 -5.71101
2.88199 -5.70533
2.88814 -5.70025
2.8941 -5.69498
2.89955 -5.68914
2.90564 -5.68401
2.91171 -5.67884
2.91748 -5.67336
2.9234 -5.66803
2.92936 -5.66276
2.93479 -5.6569
2.94089 -5.65177
2.94662 -5.64624
2.95235 -5.64071
2.95857 -5.63572
2.96436 -5.63025
2.96991 -5.62453
2.97578 -5.61915
2.98186 -5.61401
2.98772 -5.60862
2.99349 -5.60313
2.99933 -5.59772
3.00524 -5.59238
3.01142 -5.58734
3.01414 -5.58478
3.01429 -5.58508
3.01482 -5.58565
3.01544 -5.58611
3.01621 -5.58633
3.01685 -5.58673
3.01754 -5.58704
3.01826 -5.58725
3.01891 -5.58767
3.01972 -5.58751
3.02044 -5.58768
3.02112 -5.58813
3.02185 -5.58843
3.02261 -5.5881
3.02334 -5.58797
3.02414 -5.58838
3.02491 -5.5884
3.02557 -5.58785
3.03001 -5.58684
3.03445 -5.58584
3.03518 -5.58574
3.03597 -5.5858
3.04217 -5.5834
3.04836 -5.581
3.05455 -5.5786
3.06074 -5.5762
3.06141 -5.5759
3.06199 -5.57543
3.06289 -5.57547
3.06359 -5.57515
3.064 -5.57446
3.06482 -5.57425
3.07052 -5.56889
3.07622 -5.56353
3.08191 -5.55817
3.08244 -5.5577
3.08318 -5.55737
3.08317 -5.55649
3.08399 -5.55617
3.08434 -5.55553
3.0842 -5.55468
3.08489 -5.55421
3.08668 -5.54978
3.08848 -5.54535
3.0889 -5.54484
3.08904 -5.54423
3.08889 -5.54356
3.0905 -5.53754
3.0921 -5.53152
3.0937 -5.5255
3.09352 -5.52469
3.09381 -5.52397
3.09382 -5.52321
3.09334 -5.52247
3.09352 -5.52173
3.09361 -5.52096
3.09331 -5.52026
3.09301 -5.51959
3.0928 -5.51889
3.09253 -5.51821
3.09283 -5.51724
3.09227 -5.51667
3.09176 -5.51611
3.09136 -5.51548
3.09097 -5.51483
3.09025 -5.51452
3.09311 -5.51153
3.09932 -5.50653
3.10508 -5.50103
3.11067 -5.49535
3.11648 -5.4899
3.12276 -5.48497
3.12828 -5.47921
3.13442 -5.47413
3.1402 -5.46866
3.14618 -5.46341
3.15203 -5.458
3.15755 -5.45224
3.16371 -5.44718
3.16952 -5.44174
3.17546 -5.43643
3.18098 -5.43068
3.1868 -5.42525
3.19316 -5.42041
3.19878 -5.41476
3.20478 -5.40952
3.21075 -5.40425
3.2164 -5.39863
3.22246 -5.39346
3.22821 -5.38796
3.2338 -5.38228
3.23984 -5.37708
3.24561 -5.3716
3.25169 -5.36645
3.25763 -5.36115
3.26308 -5.35531
3.26925 -5.35026
3.27524 -5.34502
3.28068 -5.33917
3.28672 -5.33398
3.29245 -5.32845
3.29833 -5.32308
3.30458 -5.31812
3.31037 -5.31265
3.31603 -5.30705
3.32172 -5.30147
3.32792 -5.29646
3.33349 -5.29075
3.33968 -5.28572
3.34544 -5.28023
3.3511 -5.27463
3.35715 -5.26944
3.3632 -5.26426
3.36881 -5.2586
3.37491 -5.25348
3.38032 -5.2476
3.38614 -5.24217
3.39242 -5.23724
3.39827 -5.23184
3.40378 -5.22607
3.40994 -5.22101
3.41564 -5.21545
3.42135 -5.20989
3.42762 -5.20495
3.43352 -5.1996
3.43916 -5.19398
3.44503 -5.1886
3.45097 -5.1833
3.45658 -5.17764
3.45972 -5.17516
3.46286 -5.17268
3.46771 -5.16725
3.47264 -5.16189
3.47804 -5.15699
3.48314 -5.15179
3.48819 -5.14655
3.49322 -5.1413
3.498 -5.13581
3.50158 -5.12971
3.50518 -5.12364
3.50751 -5.11721
3.51065 -5.11113
3.5129 -5.10467
3.51612 -5.09863
3.51876 -5.09233
3.52075 -5.08587
3.52182 -5.07835
3.52247 -5.07079
3.52309 -5.06323
3.52328 -5.05564
3.52407 -5.0481
3.52427 -5.04487
3.52435 -5.04484
3.52508 -5.04481
3.52581 -5.04472
3.52663 -5.04522
3.52731 -5.04476
3.52801 -5.04448
3.52862 -5.04402
3.5295 -5.04421
3.53026 -5.04406
3.53078 -5.04344
3.53143 -5.04308
3.53218 -5.04283
3.53274 -5.04232
3.5331 -5.04162
3.53354 -5.041
3.53686 -5.03742
3.54019 -5.03384
3.54088 -5.03348
3.54132 -5.03291
3.54182 -5.03236
3.54206 -5.03166
3.54245 -5.03105
3.5429 -5.03044
3.54259 -5.02957
3.54462 -5.02369
3.54665 -5.0178
3.54868 -5.01192
3.55072 -5.00604
3.55103 -5.00538
3.55121 -5.00468
3.55103 -5.00394
3.55114 -5.00324
3.55172 -4.9962
3.55229 -4.98916
3.55268 -4.98845
3.55237 -4.98775
3.55236 -4.98703
3.55144 -4.97956
3.55149 -4.9789
3.55064 -4.97481
3.54978 -4.97072
3.55019 -4.96992
3.54993 -4.96927
3.54949 -4.96869
3.54955 -4.96791
3.54899 -4.96741
3.5486 -4.96685
3.54816 -4.96632
3.54789 -4.96567
3.54755 -4.96506
3.54374 -4.96039
3.53993 -4.95573
3.53613 -4.95106
3.53583 -4.9503
3.5353 -4.94974
3.53449 -4.94953
3.5341 -4.94877
3.53348 -4.94832
3.53267 -4.94821
3.53192 -4.94807
3.53143 -4.94727
3.53064 -4.94724
3.52991 -4.94702
3.5291 -4.94734
3.52846 -4.94649
3.52767 -4.94691
3.52693 -4.94648
3.52618 -4.94673
3.52617 -4.94674
3.52617 -4.94398
3.52646 -4.93659
3.52683 -4.92917
3.52565 -4.92128
3.52521 -4.91333
3.52469 -4.90538
3.52438 -4.89742
3.52384 -4.88948
3.52306 -4.88155
3.52267 -4.87359
3.5224 -4.86957
3.52213 -4.86555
3.51898 -4.85914
3.51652 -4.85246
3.51389 -4.84585
3.51178 -4.83903
3.50884 -4.83257
3.50527 -4.82566
3.50132 -4.81896
3.49785 -4.81191
3.49244 -4.80609
3.4864 -4.80088
3.48145 -4.79461
3.47571 -4.7891
3.47042 -4.78316
3.46448 -4.77785
3.45917 -4.77193
3.45323 -4.76659
3.44717 -4.76136
3.44135 -4.75589
3.4355 -4.75043
3.42961 -4.74504
3.42393 -4.7394
3.41807 -4.73397
3.412 -4.72875
3.4092 -4.7259
3.4064 -4.72304
3.40325 -4.72057
3.40009 -4.71809
3.39732 -4.7152
3.39454 -4.71232
3.39147 -4.70976
3.38839 -4.70719
3.38271 -4.70156
3.37667 -4.69633
3.37071 -4.691
3.36497 -4.68543
3.35911 -4.68
3.35301 -4.67482
3.34721 -4.66932
3.34153 -4.66369
3.33546 -4.65848
3.32951 -4.65314
3.32676 -4.65022
3.32402 -4.6473
3.31795 -4.64209
3.31189 -4.63688
3.30905 -4.63405
3.30622 -4.63123
3.30018 -4.62599
3.29446 -4.6204
3.28865 -4.61491
3.28279 -4.60948
3.27973 -4.6069
3.27666 -4.60433
3.27078 -4.59892
3.26478 -4.59363
3.25886 -4.58826
3.25303 -4.58279
3.24722 -4.5773
3.24152 -4.5717
3.23567 -4.56624
3.22992 -4.56069
3.22673 -4.55825
3.22354 -4.55581
3.21782 -4.55022
3.2118 -4.54497
3.20596 -4.53951
3.20003 -4.53415
3.19727 -4.53125
3.1945 -4.52835
3.18844 -4.52313
3.18241 -4.51788
3.17657 -4.51242
3.17072 -4.50698
3.16496 -4.50143
3.15899 -4.49611
3.15332 -4.49047
3.15016 -4.48801
3.14699 -4.48554
3.14428 -4.48258
3.14157 -4.47963
3.13549 -4.47444
3.12972 -4.4689
3.12664 -4.46634
3.12356 -4.46379
3.11776 -4.45828
3.11484 -4.45539
3.11539 -4.45511
3.11577 -4.45446
3.11651 -4.45405
3.11682 -4.45335
3.117 -4.45261
3.11697 -4.4518
3.11769 -4.45127
3.11773 -4.4505
3.11754 -4.44972
3.11823 -4.44908
3.11838 -4.44834
3.11788 -4.44758
3.11817 -4.44684
3.11845 -4.44607
3.11793 -4.4407
3.11741 -4.43533
3.11668 -4.43472
3.11705 -4.43392
3.11671 -4.43326
3.11667 -4.43252
3.11643 -4.43182
3.11562 -4.43143
3.11564 -4.43061
3.1151 -4.43011
3.11473 -4.42951
3.11448 -4.42879
3.11007 -4.42364
3.10565 -4.41849
3.10123 -4.41334
3.09681 -4.4082
3.09239 -4.40305
3.08797 -4.3979
3.08808 -4.39689
3.08737 -4.39662
3.08214 -4.39171
3.07691 -4.38679
3.07643 -4.38626
3.07579 -4.38593
3.07544 -4.3852
3.07473 -4.38499
3.07418 -4.38451
3.07347 -4.38436
3.07303 -4.38352
3.07233 -4.38326
3.07154 -4.3834
3.07086 -4.38314
3.07017 -4.38277
3.06939 -4.3834
3.06232 -4.38278
3.05525 -4.38216
3.04818 -4.38153
3.04744 -4.38095
3.04671 -4.3814
3.04593 -4.3812
3.04524 -4.38154
3.04449 -4.38161
3.04386 -4.38206
3.0431 -4.38211
3.0424 -4.38237
3.0419 -4.38298
3.04126 -4.38331
3.0406 -4.38363
3.03985 -4.38386
3.03911 -4.38416
3.0387 -4.3848
3.03828 -4.38508
3.03567 -4.38223
3.02963 -4.37699
3.02654 -4.37445
3.02345 -4.3719
3.02063 -4.36907
3.0178 -4.36624
3.012 -4.36073
3.00622 -4.35521
3.00012 -4.35004
2.99406 -4.34482
2.98837 -4.3392
2.98252 -4.33375
2.97665 -4.32832
2.97074 -4.32294
2.96766 -4.32038
2.96458 -4.31783
2.95879 -4.31232
2.95289 -4.30693
2.94687 -4.30167
2.94411 -4.29876
2.94135 -4.29586
2.93825 -4.29333
2.93515 -4.29079
2.93234 -4.28794
2.92953 -4.28509
2.92345 -4.2799
2.91764 -4.27441
2.91156 -4.26921
2.90875 -4.26636
2.90593 -4.26352
2.90002 -4.25815
2.89722 -4.25528
2.89442 -4.25242
2.88834 -4.24723
2.88234 -4.24195
2.87659 -4.23639
2.87071 -4.23097
2.86487 -4.22552
2.86181 -4.22294
2.85875 -4.22036
2.85597 -4.21748
2.8532 -4.21459
2.84721 -4.20929
2.84123 -4.20398
2.83538 -4.19854
2.8295 -4.19312
2.82371 -4.18761
2.82065 -4.18503
2.8176 -4.18245
2.81151 -4.17726
2.80562 -4.17186
2.80283 -4.16899
2.80003 -4.16612
2.794 -4.16088
2.78814 -4.15544
2.78224 -4.15005
2.77629 -4.1447
2.7705 -4.1392
2.76482 -4.13357
2.75896 -4.12812
2.75287 -4.12294
2.74681 -4.11773
2.74401 -4.11486
2.74122 -4.11199
2.73534 -4.10658
2.72929 -4.10135
2.72648 -4.0985
2.72366 -4.09566
2.7206 -4.09309
2.71753 -4.09052
2.71151 -4.08525
2.70876 -4.08234
2.70601 -4.07943
2.70293 -4.07687
2.69985 -4.07431
2.69395 -4.06893
2.68822 -4.06334
2.68235 -4.05792
2.67923 -4.0554
2.67612 -4.05289
2.67031 -4.0474
2.66753 -4.04452
2.66475 -4.04164
2.66168 -4.03907
2.65862 -4.03649
2.65265 -4.03117
2.64697 -4.02554
2.64115 -4.02006
2.63808 -4.01749
2.63502 -4.01492
2.62913 -4.00951
2.62632 -4.00667
2.6235 -4.00383
2.62041 -4.00128
2.61732 -3.99874
2.61142 -3.99335
2.60574 -3.98772
2.59993 -3.98222
2.59424 -3.9766
2.5883 -3.97126
2.58517 -3.96875
2.58205 -3.96624
2.5793 -3.96332
2.57656 -3.96041
2.57342 -3.95791
2.57029 -3.95541
2.56749 -3.95255
2.5647 -3.94969
2.55883 -3.94426
2.5529 -3.93889
2.54701 -3.93349
2.54381 -3.93072
2.54376 -3.93081
2.54325 -3.93133
2.54304 -3.93222
2.54232 -3.93253
2.54149 -3.93265
2.54099 -3.93324
2.54028 -3.93349
2.53971 -3.93408
2.53882 -3.93383
2.53816 -3.93419
2.5374 -3.93421
2.53669 -3.93436
2.53593 -3.93414
2.53059 -3.93465
2.52525 -3.93516
2.52451 -3.93491
2.52377 -3.9351
2.52304 -3.93498
2.52236 -3.93458
2.52165 -3.9345
2.52081 -3.93477
2.52011 -3.9345
2.51947 -3.93409
2.51899 -3.93337
2.51834 -3.93307
2.51742 -3.93313
2.51196 -3.92912
2.5065 -3.92511
2.50104 -3.9211
2.49558 -3.91708
2.49012 -3.91307
2.48466 -3.90906
2.4845 -3.90809
2.48397 -3.90766
2.48314 -3.90754
2.48249 -3.90717
2.47736 -3.90128
2.47224 -3.8954
2.47214 -3.89456
2.47145 -3.89422
2.4711 -3.8936
2.47106 -3.89281
2.47039 -3.8924
2.47036 -3.89163
2.46984 -3.8911
2.47013 -3.89027
2.46823 -3.88424
2.46633 -3.87822
2.46442 -3.8722
2.46433 -3.87146
2.46416 -3.87073
2.4644 -3.86995
2.46404 -3.86925
2.46413 -3.86851
2.46431 -3.86778
2.46404 -3.86701
2.46418 -3.86627
2.4647 -3.86562
2.46468 -3.86485
2.46521 -3.86425
2.4652 -3.86345
2.46557 -3.86279
2.46605 -3.86221
2.46631 -3.86148
2.46724 -3.86126
2.46747 -3.86097
2.46432 -3.85809
2.46158 -3.85517
2.45883 -3.85225
2.4557 -3.84975
2.45258 -3.84724
2.44678 -3.84174
2.44106 -3.83614
2.43793 -3.83365
2.4348 -3.83115
2.43209 -3.82819
2.42938 -3.82523
2.42623 -3.82275
2.42308 -3.82027
2.41718 -3.81488
2.41138 -3.80938
2.4055 -3.80397
2.40274 -3.80106
2.39999 -3.79815
2.39683 -3.79568
2.39367 -3.79322
2.38782 -3.78776
2.38197 -3.78232
2.37921 -3.77941
2.37646 -3.7765
2.37047 -3.7712
2.36448 -3.76591
2.35871 -3.76037
2.35283 -3.75496
2.34696 -3.74954
2.34114 -3.74405
2.33521 -3.73869
2.32924 -3.73338
2.32344 -3.72787
2.31761 -3.72241
2.31171 -3.71702
2.30579 -3.71164
2.30261 -3.7092
2.29943 -3.70675
2.2967 -3.70382
2.29397 -3.70088
2.29091 -3.6983
2.28786 -3.69572
2.28194 -3.69035
2.27911 -3.68752
2.27628 -3.6847
2.27019 -3.67951
2.26739 -3.67665
2.26459 -3.67379
2.26149 -3.67125
2.2584 -3.66871
2.25557 -3.66588
2.25275 -3.66304
2.24964 -3.66053
2.24652 -3.65801
2.24373 -3.65514
2.24094 -3.65227
2.23508 -3.64684
2.22922 -3.6414
2.22615 -3.63883
2.22308 -3.63627
2.21733 -3.63071
2.21155 -3.62519
2.20548 -3.61998
2.19979 -3.61435
2.19663 -3.61188
2.19347 -3.60942
2.19065 -3.60658
2.18783 -3.60374
2.18196 -3.59832
2.17606 -3.59292
2.17021 -3.58747
2.16452 -3.58186
2.15846 -3.57664
2.15276 -3.57103
2.14966 -3.56849
2.14657 -3.56595
2.14377 -3.5631
2.14096 -3.56024
2.13509 -3.55482
2.13197 -3.55231
2.12885 -3.54979
2.12312 -3.54422
2.1171 -3.53895
2.11138 -3.53337
2.10567 -3.52777
2.09961 -3.52255
2.09652 -3.52
2.09344 -3.51745
2.09066 -3.51457
2.08788 -3.51168
2.08196 -3.50631
2.07888 -3.50375
2.0758 -3.5012
2.07308 -3.49826
2.07036 -3.49531
2.06425 -3.49014
2.05851 -3.48457
2.05244 -3.47937
2.0464 -3.47413
2.04054 -3.46869
2.03779 -3.46578
2.03503 -3.46287
2.0319 -3.46037
2.02878 -3.45787
2.02595 -3.45503
2.02313 -3.4522
2.02002 -3.44968
2.01691 -3.44715
2.01122 -3.44154
2.00514 -3.43633
2.00234 -3.43348
1.99953 -3.43062
1.9938 -3.42505
1.98789 -3.41967
1.98478 -3.41715
1.98167 -3.41462
1.97893 -3.4117
1.97618 -3.40878
1.97329 -3.40638
1.97342 -3.40557
1.97414 -3.40518
1.97455 -3.40456
1.97478 -3.40383
1.97513 -3.40318
1.97529 -3.40245
1.9758 -3.40185
1.97596 -3.40112
1.97634 -3.40043
1.9759 -3.39963
1.97638 -3.39893
1.976 -3.39819
1.97623 -3.39745
1.97634 -3.3967
1.97655 -3.3959
1.97572 -3.39533
1.97587 -3.39452
1.97437 -3.3901
1.97286 -3.38568
1.97284 -3.38494
1.97233 -3.38439
1.9721 -3.38372
1.97235 -3.38274
1.97139 -3.38252
1.9674 -3.37683
1.96342 -3.37114
1.95943 -3.36544
1.95545 -3.35975
1.95146 -3.35406
1.94747 -3.34837
1.94713 -3.34769
1.94221 -3.34147
1.9416 -3.34109
1.94135 -3.34035
1.94071 -3.34003
1.94028 -3.33943
1.93956 -3.33925
1.93891 -3.33901
1.93845 -3.33838
1.93769 -3.33841
1.93703 -3.33822
1.93651 -3.33761
1.93238 -3.33651
1.92826 -3.3354
1.92759 -3.33526
1.927 -3.33453
1.92622 -3.33506
1.9197 -3.33421
1.91318 -3.33335
1.90666 -3.33249
1.90593 -3.33245
1.90519 -3.33211
1.90445 -3.33222
1.90377 -3.33267
1.90298 -3.33242
1.90223 -3.3325
1.90151 -3.3327
1.90099 -3.33339
1.9003 -3.33361
1.89965 -3.33393
1.89907 -3.33436
1.89819 -3.33438
1.89744 -3.33466
1.89703 -3.33533
1.89644 -3.33578
1.89379 -3.33305
1.88773 -3.32783
1.88177 -3.32251
1.87608 -3.31689
1.87294 -3.3144
1.8698 -3.3119
1.8639 -3.30652
1.8612 -3.30355
1.8585 -3.30058
1.85539 -3.29806
1.85228 -3.29553
1.84652 -3.28999
1.8407 -3.28451
1.83461 -3.27933
1.83178 -3.27649
1.82896 -3.27366
1.82298 -3.26835
1.81726 -3.26276
1.81136 -3.25737
1.80821 -3.25489
1.80506 -3.25241
1.79935 -3.24681
1.7936 -3.24126
1.78782 -3.23573
1.78474 -3.23317
1.78166 -3.23062
1.77569 -3.22531
1.77295 -3.22239
1.77021 -3.21946
1.76706 -3.21698
1.76391 -3.2145
1.75799 -3.20912
1.7521 -3.20373
1.74622 -3.19831
1.74052 -3.1927
1.73771 -3.18986
1.73489 -3.18702
1.73177 -3.1845
1.72865 -3.18199
1.72277 -3.17657
1.71707 -3.17096
1.71105 -3.1657
1.70515 -3.16031
1.70232 -3.15748
1.69949 -3.15466
1.6935 -3.14936
1.6876 -3.14396
1.68153 -3.13877
1.67565 -3.13335
1.66967 -3.12804
1.66391 -3.12249
1.65808 -3.11703
1.65206 -3.11176
1.64612 -3.10641
1.64333 -3.10354
1.64054 -3.10067
1.63481 -3.09509
1.62895 -3.08966
1.62289 -3.08444
1.61685 -3.0792
1.61403 -3.07637
1.6112 -3.07354
1.60512 -3.06833
1.59946 -3.06269
1.59348 -3.05737
1.5904 -3.05482
1.58732 -3.05227
1.58455 -3.04937
1.58179 -3.04647
1.57864 -3.04399
1.5755 -3.04151
1.56972 -3.03598
1.5669 -3.03314
1.56407 -3.03031
1.55822 -3.02487
1.55236 -3.01943
1.54638 -3.01412
1.54068 -3.00851
1.53757 -3.00599
1.53446 -3.00347
1.52871 -2.99792
1.52289 -2.99243
1.51711 -2.98691
1.51119 -2.98154
1.50514 -2.97631
1.49908 -2.97109
1.49324 -2.96563
1.48753 -2.96003
1.48167 -2.95459
1.47862 -2.95201
1.47556 -2.94943
1.46977 -2.94392
1.46369 -2.93872
1.46094 -2.9358
1.45819 -2.93289
1.45219 -2.92762
1.44649 -2.922
1.44341 -2.91945
1.44032 -2.9169
1.43433 -2.9116
1.42836 -2.90629
1.42247 -2.90089
1.41972 -2.89797
1.41697 -2.89506
1.41088 -2.88987
1.40519 -2.88425
1.40241 -2.88163
1.40239 -2.88164
1.4016 -2.88193
1.40136 -2.88272
1.4005 -2.88287
1.40023 -2.8837
1.39958 -2.88408
1.39902 -2.8846
1.39835 -2.88496
1.39746 -2.88482
1.39685 -2.88529
1.39605 -2.88517
1.39535 -2.88536
1.3947 -2.88591
1.39391 -2.88565
1.39319 -2.88584
1.39244 -2.88597
1.39172 -2.88558
1.38668 -2.88519
1.38165 -2.8848
1.3809 -2.88466
1.38026 -2.88396
1.37946 -2.88408
1.37877 -2.88374
1.37794 -2.88377
1.37735 -2.88322
1.37671 -2.88281
1.36991 -2.87879
1.36311 -2.87478
1.35632 -2.87077
1.34952 -2.86676
1.34272 -2.86274
1.34211 -2.86232
1.34161 -2.86172
1.34105 -2.86124
1.33687 -2.85725
1.33269 -2.85326
1.32851 -2.84927
1.32782 -2.84895
1.32737 -2.84835
1.32686 -2.84783
1.32667 -2.84706
1.32623 -2.84648
1.32563 -2.84599
1.32567 -2.84515
1.32497 -2.84466
1.32493 -2.84388
1.32449 -2.84324
1.32451 -2.84247
1.32457 -2.84172
1.32381 -2.83473
1.32305 -2.82774
1.3223 -2.82075
1.32266 -2.81998
1.32239 -2.81925
1.32266 -2.81853
1.32252 -2.81777
1.3226 -2.81703
1.32292 -2.81634
1.32278 -2.81553
1.32295 -2.81478
1.32382 -2.81433
1.32376 -2.81347
1.32438 -2.81297
1.32483 -2.81238
1.32528 -2.81179
1.32556 -2.81154
1.32261 -2.80873
1.31677 -2.80327
1.31097 -2.79777
1.30512 -2.79232
1.30206 -2.78974
1.299 -2.78717
1.29622 -2.78429
1.29343 -2.78141
1.29025 -2.77897
1.28707 -2.77652
1.28119 -2.77111
1.27848 -2.76815
1.27577 -2.76519
1.26991 -2.75975
1.26392 -2.75446
1.25786 -2.74925
1.25504 -2.7464
1.25223 -2.74356
1.24916 -2.74099
1.2461 -2.73842
1.24015 -2.73307
1.23428 -2.72764
1.22843 -2.72221
1.2224 -2.71695
1.21658 -2.71148
1.21064 -2.70613
1.20789 -2.70321
1.20515 -2.70029
1.19926 -2.69488
1.19316 -2.68971
1.18716 -2.68442
1.18136 -2.67892
1.17569 -2.67327
1.16984 -2.66782
1.16381 -2.66258
1.15805 -2.65703
1.15498 -2.65447
1.1519 -2.65191
1.14589 -2.64664
1.14012 -2.6411
1.13436 -2.63556
1.12858 -2.63003
1.12248 -2.62486
1.11966 -2.62202
1.11684 -2.61918
1.11376 -2.61663
1.11067 -2.61408
1.10789 -2.6112
1.10511 -2.60832
1.10203 -2.60577
1.09895 -2.60322
1.09305 -2.59782
1.08726 -2.5923
1.08123 -2.58706
1.07553 -2.58145
1.06952 -2.57617
1.06366 -2.57074
1.05769 -2.56542
1.0517 -2.56013
1.04574 -2.5548
1.03997 -2.54926
1.03425 -2.54367
1.02828 -2.53836
1.02547 -2.5355
1.02267 -2.53265
1.01668 -2.52735
1.01072 -2.52202
1.00481 -2.51665
0.99913 -2.51101
0.993051 -2.50581
0.987372 -2.50018
0.981296 -2.49498
0.975242 -2.48975
0.969488 -2.4842
0.963631 -2.47876
0.95771 -2.47339
0.951944 -2.46785
0.946145 -2.46235
0.940215 -2.45699
0.937089 -2.45448
0.933964 -2.45198
0.931233 -2.44904
0.928503 -2.44611
0.922563 -2.44076
0.916501 -2.43554
0.910806 -2.42993
0.904797 -2.42465
0.898893 -2.41926
0.895835 -2.41668
0.892777 -2.41411
0.889949 -2.41128
0.887122 -2.40845
0.881268 -2.403
0.878207 -2.40043
0.875146 -2.39785
0.869171 -2.39254
0.863344 -2.38707
0.857469 -2.38165
0.854728 -2.37872
0.851986 -2.3758
0.848813 -2.37335
0.845639 -2.37089
0.842852 -2.36802
0.840065 -2.36515
0.834322 -2.35958
0.831493 -2.35722
0.831246 -2.35758
0.830537 -2.35794
0.829689 -2.3581
0.829324 -2.35883
0.828755 -2.35932
0.827859 -2.35927
0.827501 -2.36019
0.826536 -2.35986
0.825825 -2.36001
0.825202 -2.36047
0.824445 -2.36044
0.823719 -2.36049
0.822994 -2.36047
0.822282 -2.3608
0.821552 -2.36063
0.820805 -2.36077
0.815892 -2.35997
0.810978 -2.35918
0.810173 -2.35966
0.809472 -2.3594
0.808913 -2.35869
0.808051 -2.359
0.807613 -2.35815
0.801892 -2.35561
0.79617 -2.35308
0.790449 -2.35055
0.784727 -2.34801
0.784028 -2.34775
0.783537 -2.3471
0.78282 -2.34688
0.782324 -2.34631
0.781309 -2.3464
0.780801 -2.34582
0.776365 -2.34117
0.771929 -2.33652
0.767493 -2.33187
0.763057 -2.32722
0.75862 -2.32257
0.758484 -2.3217
0.757889 -2.32128
0.757483 -2.3207
0.75674 -2.32033
0.756497 -2.31962
0.755994 -2.31905
0.756063 -2.31822
0.755842 -2.31754
0.755622 -2.31685
0.75525 -2.3162
0.75413 -2.30977
0.753009 -2.30333
0.751889 -2.2969
0.751638 -2.29618
0.751273 -2.29546
0.751649 -2.29467
0.751848 -2.29393
0.751778 -2.29318
0.752175 -2.29249
0.752395 -2.29179
0.752082 -2.29094
0.752782 -2.29039
0.753035 -2.2897
0.752981 -2.28885
0.753698 -2.28839
0.753772 -2.28755
0.754594 -2.28722
0.754701 -2.28691
0.751907 -2.28388
0.748834 -2.28132
0.745762 -2.27876
0.740136 -2.27418
0.734848 -2.26921
0.729232 -2.26462
0.723959 -2.25964
0.718291 -2.2551
0.712988 -2.25016
0.707097 -2.24479
0.700815 -2.23989
0.694819 -2.23465
0.68861 -2.22966
0.68256 -2.22448
0.676299 -2.21956
0.670072 -2.2146
0.663983 -2.20947
0.658155 -2.20402
0.65205 -2.19891
0.64564 -2.19416
0.639758 -2.18879
0.633235 -2.18418
0.627163 -2.17902
0.621445 -2.17345
0.615048 -2.16869
0.609088 -2.1634
0.602947 -2.15833
0.596917 -2.15313
0.590709 -2.14814
0.584558 -2.14309
0.578294 -2.13817
0.572039 -2.13324
0.566276 -2.12771
0.560036 -2.12277
0.55362 -2.11803
0.547952 -2.11239
0.541396 -2.10782
0.535527 -2.10243
0.529431 -2.0973
0.523444 -2.09205
0.517061 -2.08727
0.510775 -2.08238
0.504932 -2.07695
0.498823 -2.07185
0.492677 -2.06679
0.486312 -2.06199
0.480367 -2.05668
0.474445 -2.05135
0.467952 -2.04671
0.461876 -2.04156
0.455849 -2.03635
0.449615 -2.0314
0.443547 -2.02624
0.437713 -2.0208
0.431475 -2.01585
0.425295 -2.01083
0.418936 -2.00603
0.412858 -2.00088
0.406879 -1.99562
0.400568 -1.99075
0.394698 -1.98536
0.388643 -1.98019
0.38231 -1.97535
0.37644 -1.96996
0.370004 -1.96524
0.363808 -1.96024
0.357861 -1.95494
0.351815 -1.94976
0.345391 -1.94503
0.339341 -1.93985
0.333633 -1.93426
0.327509 -1.92917
0.321356 -1.92412
0.315035 -1.91927
0.308809 -1.9143
0.302606 -1.90931
0.296642 -1.90403
0.290615 -1.89882
0.284221 -1.89406
0.278316 -1.88871
0.272342 -1.88344
0.26622 -1.87835
0.260072 -1.87329
0.253883 -1.86828
0.247464 -1.86354
0.244685 -1.86084
0.245113 -1.86057
0.245167 -1.85971
0.24541 -1.85901
0.246006 -1.85848
0.246138 -1.85774
0.246369 -1.85705
0.247134 -1.85648
0.247029 -1.85569
0.246884 -1.85492
0.247331 -1.85422
0.247048 -1.85347
0.247022 -1.85274
0.247563 -1.85194
0.246858 -1.84639
0.246154 -1.84085
0.245887 -1.84018
0.246021 -1.83942
0.24588 -1.83871
0.245569 -1.83806
0.245233 -1.83743
0.244595 -1.83697
0.24476 -1.83607
0.244469 -1.83539
0.243861 -1.83495
0.243487 -1.83433
0.242896 -1.83391
0.238534 -1.82921
0.234171 -1.8245
0.229808 -1.8198
0.225446 -1.8151
0.221083 -1.81039
0.217245 -1.80638
0.213406 -1.80236
0.209567 -1.79834
0.209288 -1.79751
0.208593 -1.79716
0.207715 -1.79714
0.207177 -1.7966
0.206512 -1.79629
0.20582 -1.79604
0.205338 -1.79515
0.204544 -1.79515
0.203831 -1.79485
0.203029 -1.79507
0.196385 -1.79381
0.189742 -1.79255
0.183099 -1.7913
0.176455 -1.79004
0.175687 -1.79002
0.174916 -1.79045
0.174185 -1.79043
0.173432 -1.79023
0.172644 -1.79003
0.17188 -1.7901
0.171116 -1.79022
0.170357 -1.79038
0.169636 -1.79066
0.169038 -1.79118
0.168304 -1.79143
0.167792 -1.79203
0.167224 -1.79252
0.166814 -1.79318
0.165929 -1.79332
0.165464 -1.79392
0.165238 -1.7947
0.164896 -1.79489
