# POLYHEDRON:
# num_vertices   num_facets   num_edges
   436  220  654
# vertices:
#   id   x y z
   0   1.422286563987 -2.398353751614 -4.081763539262
   1  -2.218636247875  2.085989248103 -3.930875437761
   2  -2.696732335518  1.965378371452 -3.928431011284
   3   2.427320515825 -1.518917963918 -4.044418372005
   4  -2.696848733201  1.965356573215 -3.931381281965
   5  -1.448837267083  2.147226260234 -3.892091636625
   6  -2.700271722008  1.922430842799 -3.932530203222
   7  -2.698595939348  1.959700409089 -3.964877511349
   8   0.074123034304 -2.453536622356 -3.951998554712
   9   2.502329027768 -1.360961439986 -4.033671880480
  10  -1.645961218567  2.145001379037 -4.035518586046
  11   0.430856748198 -2.533486932069 -4.031945773671
  12  -0.649454415730 -2.125701343314 -4.025525456651
  13   0.741845438092 -2.551757779324 -4.005576325515
  14   2.421378297874  0.435327028981 -3.998634867517
  15  -0.578607967425 -2.171891902056 -4.061197797571
  16  -0.578434072052 -2.171904949485 -4.058375705819
  17   2.580095344922 -1.112836839379 -3.927893053946
  18  -2.312110520634  0.007651312920 -3.961823249023
  19   2.101184115354  0.841948283103 -3.961463043141
  20   1.780794560183 -2.215076156347 -3.881899596539
  21  -1.443117715839  2.146983505743 -3.869721224923
  22  -1.148607287801  2.142736587095 -3.877928444557
  23  -0.966234659735  2.132698896562 -3.877831149260
  24  -0.571771574933  2.087437130841 -3.861154096901
  25  -0.608507599253  2.092681827152 -3.863427044309
  26  -0.742434433586  2.109693588759 -3.870239106181
  27  -1.675943929836  2.141280231751 -3.856897769996
  28  -1.190829529564  2.144393788784 -3.877484823852
  29  -1.304023479103  2.147041225072 -3.875040200308
  30   0.466948811155  1.815327342733 -3.899493505251
  31  -0.153307470185  2.004126352207 -3.894963973583
  32  -0.304552064502  2.039095157615 -3.885126685574
  33  -0.424196547160  2.061785154192 -3.873421380523
  34  -0.075729329699  1.984254006889 -3.898482554443
  35   0.037297573937  1.953357011739 -3.902075030501
  36   0.109125766531  1.931877736438 -3.902902868236
  37   0.281936222569  1.878721479285 -3.903727190997
  38  -0.551063183836  2.083808090421 -3.859402563948
  39   0.621278505610  1.758393933835 -3.899777913328
  40   1.365881124366  1.400831226826 -3.902742906683
  41   1.130987454735  1.529116409824 -3.914056995018
  42   1.275075535344  1.452715075184 -3.908928811625
  43   1.537651116893  1.294103957936 -3.884253492057
  44   1.468976207710  1.338553771224 -3.893053088361
  45   1.004490145757  1.591094658588 -3.914528847193
  46   0.870198769178  1.654263895705 -3.912951448893
  47   0.839684583267  1.667752263667 -3.911908748342
  48   0.715392470396  1.720321956654 -3.905785613428
  49   1.805505091074  1.100322192843 -3.903670995582
  50   2.244963102217  0.685295566699 -3.916887034303
  51   1.995162319970  0.942352213289 -3.922929258586
  52   1.896360906995  1.026616487791 -3.914159806313
  53   2.098205964781  0.844101181684 -3.925428069469
  54   2.189130887286  0.748696459121 -3.922049981551
  55   1.636291295606  1.226970762256 -3.877325266123
  56   1.721847936633  1.164003070754 -3.891330310513
  57   2.310632869600  0.602807498994 -3.905739569030
  58   2.308696465678  0.605436936999 -3.906194639546
  59   1.612753994623  1.242899969347 -3.872578896785
  60   2.449963075721  0.379319424390 -3.915124071204
  61   2.602717749037 -0.023408367047 -3.889103703029
  62   2.375526817564  0.508834224767 -3.903197137050
  63   2.637565065866 -0.178567360912 -3.859831707228
  64   2.627687363508 -0.128315659759 -3.870441352572
  65   2.557147387958  0.121993582730 -3.906180025613
  66   2.579567084808  0.054418120281 -3.899238786501
  67   2.513491096949  0.237821895099 -3.913886147344
  68   2.474162518076  0.326827349859 -3.915171675822
  69   2.438907396662  0.400590535034 -3.914102950594
  70   2.405769088328  0.459567165389 -3.909279147659
  71   2.645281407559 -0.253988324175 -3.858883929853
  72   2.640975636657 -0.780807862101 -3.876969158381
  73   2.651374880477 -0.381237121118 -3.869298603970
  74   2.616537787364 -0.948537960396 -3.863175649770
  75   2.627667953542 -0.878910916910 -3.869736985971
  76   2.652117202214 -0.578751513053 -3.878076571090
  77   2.652902939212 -0.474096550854 -3.874424850581
  78   2.650406045215 -0.633436378831 -3.878882309649
  79   2.645302062290 -0.726049990803 -3.878377105760
  80   2.640097998090 -0.204137884745 -3.852433818851
  81   2.411813210586 -1.537059773636 -3.855108726968
  82   2.302346788861 -1.703162746468 -3.818192446704
  83   2.371037936591 -1.603123549711 -3.842545267151
  84   2.527793706885 -1.280157563952 -3.871299272929
  85   2.472431397685 -1.422998749067 -3.869296491478
  86   2.450067288547 -1.466689301558 -3.864518119724
  87   2.549412612993 -1.213458525054 -3.868987878543
  88   2.477644449354 -1.410977557027 -3.869889927044
  89   2.509010423681 -1.333683057196 -3.872053919845
  90   2.596109176261 -1.042896385742 -3.856490024776
  91   2.581000234545 -1.104163086919 -3.862256288650
  92   2.014682779458 -2.029916127413 -3.870319848291
  93   2.091482675514 -1.955170774407 -3.860271070386
  94   2.246265010398 -1.778076485192 -3.823038347001
  95   1.896715925079 -2.129303313969 -3.875854231864
  96   1.869903822266 -2.150104170234 -3.875964130992
  97   2.144849161341 -1.897961203909 -3.849905024453
  98   2.197770081991 -1.837361536572 -3.837142750223
  99   1.736915561542 -2.242461368237 -3.869566745825
 100   1.780665460597 -2.214841901682 -3.873445463265
 101   2.281466575782 -1.730598568656 -3.809947540168
 102   1.460640755143 -2.377139908639 -3.885576341339
 103   1.687422284974 -2.271075336610 -3.865543737694
 104   1.305584097853 -2.435173317987 -3.887882613872
 105   1.382251645818 -2.408255098128 -3.888139045519
 106   0.887733400068 -2.532568500592 -3.847708525859
 107   1.003007505030 -2.513830229123 -3.865184744032
 108   1.206672780973 -2.464651911160 -3.883423978210
 109   1.107642796926 -2.491577296032 -3.876924530495
 110   1.597851414967 -2.316150191707 -3.875958809224
 111   1.527961268158 -2.348540133812 -3.881898716799
 112   0.292229476007 -2.506768763141 -3.907100370565
 113   0.841199695029 -2.538661306148 -3.840421736125
 114   0.462900390920 -2.534432547586 -3.901287213372
 115   0.577994195101 -2.546048862999 -3.891451097845
 116   0.657995568750 -2.549657096270 -3.880860414386
 117   0.184187125249 -2.480765507156 -3.903644270665
 118   0.078504164186 -2.453526354129 -3.898747692520
 119   0.312639992547 -2.510659065686 -3.906894309698
 120   0.367759838409 -2.520255830021 -3.905573666897
 121   0.701854968918 -2.549529489061 -3.873284474131
 122   0.756093422038 -2.546608073257 -3.861593069662
 123   0.843222384470 -2.538377019673 -3.839838370691
 124  -0.353403754590 -2.291271695446 -3.930763913152
 125  -0.232955174080 -2.346440908237 -3.918350116027
 126  -0.129774271295 -2.386920421480 -3.902669904355
 127  -0.852499625603 -1.963365197918 -3.908299789294
 128  -0.894540859796 -1.927190433143 -3.900041943672
 129  -0.069716660011 -2.407742953067 -3.891504684753
 130  -0.600526161662 -2.153738168611 -3.938116563246
 131  -0.653638562991 -2.119978720269 -3.936570994339
 132  -0.755368146005 -2.043097906351 -3.924517191660
 133  -0.713446865400 -2.076346909989 -3.930650945954
 134  -0.496851600967 -2.215542663218 -3.938087186126
 135  -0.525843007585 -2.198713904685 -3.938433387307
 136  -1.195109535736 -1.643918563345 -3.916853339759
 137  -1.296283817680 -1.536327711184 -3.919798619591
 138  -1.442460663043 -1.372358433989 -3.919335095009
 139  -1.380392494936 -1.443936890662 -3.920614726655
 140  -1.067259820399 -1.769203985876 -3.907221598663
 141  -0.984024331053 -1.846998521858 -3.898862492670
 142  -1.548220348686 -1.244277463941 -3.913767753454
 143  -1.603118326121 -1.174421473985 -3.909010935942
 144  -0.929406201382 -1.895665780694 -3.892059114082
 145  -2.191353084932 -0.247664811946 -3.866255312233
 146  -2.135022335532 -0.356744695195 -3.878180493888
 147  -1.869998435661 -0.802044309554 -3.904119688362
 148  -1.762316946189 -0.960519550789 -3.904682990694
 149  -1.966154153902 -0.650300430347 -3.899071075248
 150  -2.040023448773 -0.527291644401 -3.892333487492
 151  -2.537089957247  0.681358710346 -3.868303919962
 152  -2.456461955546  0.406389256808 -3.875511796017
 153  -2.513523406268  0.592128037710 -3.872271213028
 154  -2.232989874322 -0.160273227580 -3.854448266257
 155  -2.417325006318  0.289073444628 -3.875618367028
 156  -2.369640505184  0.160059874185 -3.872824451366
 157  -2.326781578658  0.049563560835 -3.869166512382
 158  -2.314566987879  0.019489487804 -3.867826509485
 159  -2.232961359586 -0.160332293015 -3.854442798485
 160  -2.626366152252  1.066169368388 -3.860187039732
 161  -2.699109058867  1.909964159317 -3.877379263864
 162  -2.686135040166  1.502697900978 -3.881030871597
 163  -2.694159309403  1.615484981178 -3.882411723148
 164  -2.700333441755  1.836090915893 -3.879972961153
 165  -2.699583121502  1.730533303492 -3.882329622733
 166  -2.662158427819  1.287390368372 -3.873720792345
 167  -2.651608032326  1.209523823789 -3.870062649626
 168  -2.205744939873  2.087348735009 -3.884170050364
 169  -2.492606971689  2.027227005707 -3.891993812316
 170  -2.695153428872  1.965024726140 -3.887096623897
 171  -2.299883953245  2.068704324462 -3.887310358832
 172  -2.394139473030  2.049213515677 -3.890020154128
 173  -2.622128026434  1.990689458424 -3.890570945964
 174  -2.628066959975  1.988654546879 -3.890315996409
 175  -2.092150025679  2.103442752357 -3.877002042740
 176  -1.887956463818  2.125840186530 -3.860670462404
 177  -1.988065491295  2.116468470429 -3.869526189934
 178  -2.696500625070  1.941998028203 -3.875133064890
 179   0.552825436751  1.783621677765 -3.895729288877
 180   0.586188032098  1.771318714443 -3.896533176640
 181   2.325234626578  0.581544357102 -3.901387797703
 182   0.820737622722 -0.087810578588 -2.516149203341
 183   2.355941038059  0.537006159451 -3.897881065710
 184   0.596593914826 -0.431446761014 -2.176586863513
 185   0.812429567885 -0.097786118561 -2.505071001925
 186   2.602916494988 -1.011097607079 -3.854211261710
 187   1.114797430814 -0.374472572290 -2.566618704531
 188   2.599540510071 -1.026806275612 -3.854564009086
 189   0.977671127838 -0.737368916846 -2.528429379618
 190   0.601647207907 -0.437719442789 -2.176586863513
 191   1.055591009697 -0.372545298978 -2.519856870125
 192   1.706093250583 -2.260237391164 -3.865754303261
 193   1.687874659983 -2.270809832481 -3.865461370392
 194   0.654107124215 -0.966914155330 -2.551312956685
 195   0.598489658985 -0.450683101413 -2.176586863513
 196   0.970861342500 -0.732995268310 -2.522258494290
 197  -0.041838447098 -2.416227292107 -3.887892656823
 198  -0.059289555973 -2.410892473137 -3.889219659595
 199   0.309823752228 -0.763193055224 -2.499147097739
 200   0.586400160665 -0.457983977015 -2.176586863513
 201   0.648515298190 -0.946437623483 -2.535055758360
 202  -1.685789348804 -1.067586826213 -3.904143121931
 203  -1.650010132706 -1.113725499648 -3.904378817312
 204  -1.703205459835 -1.043169984132 -3.903062147224
 205   0.041420821550 -0.373215355676 -2.473786489269
 206   0.336899902521 -0.725582806037 -2.461588286546
 207  -2.601513079680  0.951540493989 -3.852099877597
 208  -2.601187503880  0.950192914857 -3.852024661777
 209  -2.611790304116  0.999078764797 -3.854073927211
 210   0.578231013754 -0.454683704937 -2.176586863513
 211   0.070877746412 -0.373532225190 -2.455392347605
 212   0.575201992650 -0.455774593839 -2.178377499740
 213  -1.752644415352  2.136394933938 -3.851084664028
 214  -1.748757244088  2.136637477049 -3.850888307501
 215   0.287357230850  0.127507979934 -2.523380854453
 216  -1.816088442952  2.131427685846 -3.853711246379
 217   0.239092007627 -0.188854213625 -2.346176996924
 218   0.595535699787 -0.431023933807 -2.176586863513
 219   0.369364256682  0.000617783231 -2.443559530276
 220   0.575296796072 -0.434070044358 -2.176586863513
 221   0.247822590293 -0.195459638119 -2.341636830049
 222  -1.069890975406  2.140272370900 -4.040545359593
 223  -0.971663500575  2.134864394399 -4.040354563169
 224  -0.564070378190  2.087751395290 -4.056783933719
 225  -1.401494864583  2.148917011854 -4.047898475309
 226  -0.683366648935  2.104679310133 -4.049784582470
 227  -0.714602685810  2.108605173889 -4.048305408564
 228  -1.747000135965  2.138986191395 -4.068778112948
 229  -1.648181333359  2.145118399099 -4.060508614348
 230  -1.236724384255  2.146835599485 -4.042699446410
 231  -1.322879603142  2.148882830923 -4.044748620034
 232   0.436810231505  1.827386661594 -4.046377378992
 233  -0.129415370984  1.999843551854 -4.035572114624
 234  -0.313988024754  2.042680669516 -4.041786840857
 235  -0.393006508814  2.057811191564 -4.046782755699
 236  -0.129390208384  1.999837086038 -4.035571722885
 237   0.014961938818  1.960343512410 -4.035071582815
 238   0.210018390633  1.902016033376 -4.038006801619
 239   0.294230965245  1.876124400999 -4.039790518736
 240  -0.545837031542  2.084581681498 -4.058260250315
 241  -0.544688146728  2.078330481204 -4.062577089112
 242   0.627712421030  1.756948688238 -4.044747491422
 243   1.390764610846  1.388226023487 -4.012807030118
 244   1.143147053981  1.524787760087 -4.011848905391
 245   1.257322789436  1.464308395008 -4.010623914624
 246   1.545345920627  1.290804805836 -4.021554855185
 247   1.442688584872  1.357006924422 -4.014737698084
 248   1.013786856356  1.588240311423 -4.016632233895
 249   0.920250718554  1.632324490214 -4.021293873682
 250   0.787155736531  1.691181203819 -4.030519975940
 251   0.729394197626  1.715687031801 -4.035218625404
 252   0.550578999734  1.785462945951 -4.053841557296
 253   0.392248419116  1.341543566772 -4.408998338484
 254   1.830924696345  1.082392976722 -4.014152416779
 255   2.260547632770  0.669286985100 -4.037079644689
 256   1.999960662049  0.939469448952 -4.011672779223
 257   1.868334211947  1.051906316464 -4.012932937550
 258   2.173747095883  0.767558026892 -4.023765156065
 259   1.641456373466  1.225563586086 -4.026916546447
 260   1.707036121374  1.177044742699 -4.021891050257
 261   2.333571789898  0.574303303804 -4.055498546765
 262   2.293529562228  0.628324630523 -4.044262492661
 263   2.072584671088  0.870256665664 -4.015185375753
 264   2.140609233330  0.802204038415 -4.020365437560
 265   1.625571484092  1.236383742932 -4.028680421189
 266   1.622934072500  1.231797029063 -4.032716027351
 267   2.450119535748  0.380399632691 -4.032893080447
 268   2.604058649644 -0.021664506515 -4.040849936459
 269   2.361454773586  0.533847760849 -4.051911744012
 270   2.421106609975  0.436304715533 -4.037396411907
 271   2.640079645526 -0.179901527459 -4.062092131109
 272   2.629305527582 -0.126199205148 -4.053813411495
 273   2.562742202395  0.111968184080 -4.030944585472
 274   2.574544203883  0.076698711494 -4.032897226435
 275   2.514251593994  0.240180721911 -4.027966067170
 276   2.503126795692  0.265365771376 -4.028560441051
 277   2.341050387006  0.563560322915 -4.057980276510
 278   2.646663629335 -0.242862069290 -4.073419432950
 279   2.641708736520 -0.804592272215 -4.094148870365
 280   2.654584242867 -0.411086473807 -4.071996488406
 281   2.619487391028 -0.954873145965 -4.116649708066
 282   2.635065241766 -0.854981297062 -4.101038326304
 283   2.654143081922 -0.572340506791 -4.077151043564
 284   2.655106515516 -0.443858404775 -4.072547530121
 285   2.650922244084 -0.676494815313 -4.082862596110
 286   2.649262117443 -0.707242066120 -4.085124235767
 287   2.645631182910 -0.232723773702 -4.073955602202
 288   2.640005114296 -0.234254815056 -4.078566198894
 289   2.297240750389 -1.721550208014 -4.073619840376
 290   2.364515867250 -1.622134832606 -4.063682716755
 291   2.502798141893 -1.361201142120 -4.064527319297
 292   2.545387114932 -1.240708971168 -4.079870752352
 293   2.472833907395 -1.430235097825 -4.059648652267
 294   2.427499463010 -1.519143956708 -4.058107161443
 295   2.557860475667 -1.202708408636 -4.085383538904
 296   2.560609286887 -1.193380198184 -4.086956948408
 297   2.597098124980 -1.058499209594 -4.111998169302
 298   2.588767690768 -1.091532680757 -4.105439263761
 299   2.610314042005 -0.998171702013 -4.125381006060
 300   2.000633173893 -2.050065090789 -4.074814039728
 301   2.101907422330 -1.951845461554 -4.072371141907
 302   2.242564669332 -1.794688896000 -4.080607645585
 303   1.931970309841 -2.108046660760 -4.081297864244
 304   1.695948767364 -2.274662935109 -4.121913441162
 305   1.825698961191 -2.190731462250 -4.095288506317
 306   1.829103675583 -2.188237035439 -4.094753581811
 307   2.171408132547 -1.877907556833 -4.074357814830
 308   2.205029553757 -1.839871721609 -4.076590428336
 309   1.756661793705 -2.238829689300 -4.107526222286
 310   1.755031546168 -2.239876940423 -4.107864848185
 311   2.253005843924 -1.780865172352 -4.082428864204
 312   2.245488390746 -1.775362272089 -4.089783239601
 313   0.812367430558 -2.547853261119 -4.086595174704
 314   1.300179068283 -2.441273564149 -4.083566275550
 315   1.423007808107 -2.398389415885 -4.095219138276
 316   0.917002126576 -2.533640450793 -4.079254644806
 317   0.993130650098 -2.520880148769 -4.075785841060
 318   1.186515550617 -2.475122522178 -4.077297411631
 319   1.115063230946 -2.494604453490 -4.074746522566
 320   1.610527273216 -2.317439668581 -4.124985164615
 321   1.548324250898 -2.345799420482 -4.113945036615
 322   1.653632047816 -2.296173841701 -4.133883844250
 323   0.280225795276 -2.507455181078 -4.098053331523
 324   0.750917867105 -2.553036315897 -4.081482042591
 325   0.570073273340 -2.548565737728 -4.077498702806
 326   0.663459716666 -2.552975777744 -4.077887939740
 327   0.082904002736 -2.459540064542 -4.127861210631
 328   0.150522068223 -2.476671642997 -4.117081578601
 329   0.431091319218 -2.534423164031 -4.082934364093
 330   0.335144864945 -2.517838764325 -4.092100037494
 331   0.805237292892 -2.548491353228 -4.087351007869
 332   0.804883238494 -2.544640329432 -4.090392419732
 333  -0.356716000125 -2.293989023511 -4.077795527155
 334  -0.246337323911 -2.345202926519 -4.089180205720
 335  -0.658895314869 -2.120145122027 -4.068731449740
 336  -0.128625334660 -2.392215731535 -4.106317609145
 337  -0.817684735322 -1.998795093057 -4.083680413746
 338  -0.049593607231 -2.419772680211 -4.120456916366
 339  -0.062006318729 -2.415889932430 -4.117943564080
 340  -0.801976986323 -2.011504732470 -4.081738072244
 341  -0.719431093856 -2.076287514310 -4.072850138420
 342  -0.498792268893 -2.218508904446 -4.069422751660
 343  -0.576819328852 -2.173124382085 -4.067407881274
 344  -0.838438453945 -1.981170827298 -4.086793272172
 345   0.032431544114 -2.444632435389 -4.137589945056
 346  -1.176909440775 -1.671687311664 -4.082857124766
 347  -1.309709612510 -1.530713932298 -4.091653272500
 348  -1.452385348259 -1.368437941987 -4.107099037553
 349  -1.337677094141 -1.500103762931 -4.094016334022
 350  -1.125857467242 -1.721874677846 -4.081695914239
 351  -1.013372762010 -1.827512781420 -4.081875757450
 352  -0.915311123481 -1.915435806407 -4.084343294812
 353  -0.852175703074 -1.969456691532 -4.087365540608
 354  -1.667900728200 -1.100438395243 -4.090433297376
 355  -2.196762340792 -0.247824562505 -4.063703053113
 356  -2.120721317242 -0.393941694850 -4.058696938948
 357  -1.865980551677 -0.815707895085 -4.067404050295
 358  -1.775434761163 -0.949378943071 -4.076608685539
 359  -1.968898446528 -0.653243270280 -4.060902166384
 360  -2.064258390025 -0.494711146133 -4.057886367910
 361  -1.557632550604 -1.241335409243 -4.109876775829
 362  -1.661923214262 -1.108197551299 -4.091441683906
 363  -1.521472279126 -1.285355272594 -4.117074597963
 364  -1.167022657315 -1.016639045046 -4.451013847662
 365  -2.594898460897  0.897419542344 -4.086060501886
 366  -2.550339488648  0.713398116984 -4.072146967268
 367  -2.461759662683  0.409027784096 -4.058925156620
 368  -2.516648335730  0.586993543510 -4.064618777234
 369  -2.249614907115 -0.138122115087 -4.069972809156
 370  -2.275443665795 -0.080679518595 -4.066472567847
 371  -2.408467384186  0.249465557262 -4.056504835298
 372  -2.380928761139  0.174769543954 -4.057076653671
 373  -2.354692056434  0.106849169570 -4.058383662131
 374  -2.316867897015  0.013287212295 -4.061291198686
 375  -2.248694583432 -0.140047550770 -4.070126037695
 376  -2.232962449523 -0.139929612617 -4.080505856251
 377  -2.632204242029  1.071518786357 -4.077848689528
 378  -2.690355923472  1.501338828681 -4.035806605488
 379  -2.695271751027  1.572239788128 -4.032069797249
 380  -2.698920211767  1.965235504857 -4.027496372950
 381  -2.704739116549  1.782237927886 -4.024484667569
 382  -2.704686552818  1.775234960966 -4.024557649221
 383  -2.669776577844  1.311075991526 -4.050886681463
 384  -2.657939260879  1.221348322671 -4.059456552735
 385  -2.702676102647  1.914676722139 -4.025195148950
 386  -2.699857516361  1.960031689642 -4.026882884239
 387  -2.611002299648  0.971537008224 -4.092877112337
 388  -2.479434290734  2.031775138555 -4.026202503051
 389  -2.219227231095  2.086961169577 -4.034664305744
 390  -2.405940831982  2.048224558219 -4.028017291349
 391  -2.621927684772  1.991600283983 -4.028206458274
 392  -2.023920612817  2.114913428962 -4.049997422828
 393  -1.893814727763  2.127387570090 -4.064310534285
 394  -2.023060241147  2.115023377413 -4.050073762939
 395  -1.808529646250  2.134201152492 -4.074601937464
 396  -2.692293355867  1.967532043149 -4.032016233561
 397  -2.688248728431  1.964414328513 -4.034798780028
 398  -0.659139667622  1.136787472298 -4.619922499859
 399  -1.594322195269  1.081331772647 -4.619479690171
 400  -1.728004310629  1.601249505153 -4.443341277558
 401  -1.734105830716  1.600412124766 -4.443497024148
 402  -1.731153882919  1.601773481279 -4.443102700966
 403  -0.596249825276  1.127314636484 -4.619932533029
 404   1.022957022982  0.523810990065 -4.619653020735
 405   0.393002189774  1.339171807409 -4.410311218499
 406   0.394371065734  1.338148972708 -4.410495924426
 407   1.100032246056  0.472475184320 -4.619605902140
 408   1.807862205377 -0.378362140882 -4.618605767155
 409   1.967841974601  0.277125228905 -4.416427344678
 410   1.976049370351  0.270179851674 -4.415720122549
 411   1.975784398167  0.272044837094 -4.415352109047
 412   1.812706952290 -0.398116742090 -4.618578086389
 413   1.620212178747 -1.258271640009 -4.617217559853
 414   2.217161995991 -0.890311959461 -4.441180624766
 415   2.209127232199 -0.904035874703 -4.442862449511
 416   2.217884462355 -0.893440050908 -4.440687454324
 417   1.609064752784 -1.273659639122 -4.617190255813
 418   1.478244442587 -1.953946991498 -4.425361312136
 419   1.471160872136 -1.962681510132 -4.423868655200
 420   1.472743159897 -1.962696454699 -4.423579810594
 421  -0.232674576967 -1.416472499841 -4.616267939978
 422   0.189264246341 -2.069060984966 -4.442173075741
 423   0.165967500360 -2.066307835471 -4.440673332325
 424   0.171452869930 -2.071470749230 -4.439518952183
 425   0.797691707044 -1.737133645656 -4.616184855241
 426   0.797801221915 -1.738917235162 -4.615600663776
 427  -0.298779502156 -1.365371370516 -4.616318929098
 428  -1.162798469059 -1.016193830764 -4.453465675579
 429  -1.162817863439 -1.016180168570 -4.453463122237
 430  -1.604074205671  1.068388514523 -4.619456579471
 431  -2.043378717601  0.995142310313 -4.471932506468
 432  -2.056001561739  1.055831246342 -4.471987860384
 433  -2.061146027271  1.030730558131 -4.468602380156
 434  -1.431059482990  0.230296026270 -4.618269702185
 435  -1.433016288705  0.229333410893 -4.617569063513
# facets:
#   id   num_of_sides   plane_coeff  (ax + by + cz + d = 0)
#   indices_of_vertices
  0     6    0.239055506961  0.598287263511  0.764790700069  1.780143432347
       218 184 185 180 179 219
  1     7    0.511263451354  0.411875519028  0.754299834373  1.514484805322
       191 183 181 182 185 184 190
  2     8    0.609946089391 -0.148564126273  0.778392233017  1.262236540818
       189 188 186 187 191 190 195 196
  3     7    0.321993810462 -0.533188598661  0.782323401339  1.269785781271
       195 200 201 194 193 192 196
  4     8   -0.239977064275 -0.594014022866  0.767827030821  1.539915913188
       200 210 212 206 199 198 197 201
  5     7   -0.491738850217 -0.385318246094  0.780847457839  1.808211432283
       211 205 204 202 203 206 212
  6     8   -0.488961643195 -0.069600442562  0.869524174407  2.143681495065
       208 211 212 210 220 221 209 207
  7     9   -0.074647379276  0.495970548836  0.865124836919  2.141249711604
       217 221 220 218 219 215 214 213 216
  8     6    0.075348009602  0.501146002657 -0.862076192381 -4.502756833381
       403 398 400 241 253 405
  9     5    0.298063211189  0.446735782570 -0.843555251722 -4.435843534517
       407 404 406 266 409
 10     5    0.524327371664  0.127409715747 -0.841930859190 -4.788251347459
       412 408 410 288 414
 11     5    0.441253692241 -0.321141319400 -0.837951927056 -4.988013972640
       417 413 415 312 418
 12     4    0.057159179481 -0.544830238096 -0.836595983649 -4.854409331938
       426 419 332 422
 13     6   -0.332175294986 -0.430542621613 -0.839221439416 -4.561211555083
       427 421 423 344 353 428
 14     5   -0.473876122363 -0.215304669990 -0.853864930615 -4.572475935852
       435 429 364 376 431
 15     5   -0.307658650007  0.230154847373 -0.923241518405 -5.004276206759
       399 430 432 397 401
 16    12    0.031086496661  0.572743800840  0.819144778610  1.985051916708
       21 27 214 215 38 24 25 26 23 22 28 29
 17    12    0.190708845590  0.608041505478  0.770659239761  1.812335061074
       179 30 37 36 35 34 31 32 33 38 215 219
 18    14    0.288237471773  0.594009166639  0.751047448445  1.705340390323
       48 39 180 185 182 59 43 44 40 42 41 45 46 47
 19    13    0.471740366840  0.475872710333  0.742297911794  1.522343890209
       181 57 58 50 54 53 51 52 49 56 55 59 182
 20    15    0.601174909853  0.276468499829  0.749769228740  1.357713351879
       70 62 183 191 187 80 63 64 61 66 65 67 68 60 69
 21    12    0.646264274919 -0.031456731369  0.762465055603  1.224723636843
       186 74 75 72 79 78 76 77 73 71 80 187
 22    14    0.593832591535 -0.219303284956  0.774124616866  1.215039019567
       91 90 188 189 101 82 83 81 86 85 88 89 84 87
 23    13    0.383804950683 -0.498826537033  0.777088055360  1.221758067412
       98 94 101 189 196 192 99 100 96 95 92 93 97
 24    13    0.214538189579 -0.603726160493  0.767781276373  1.234767989567
       110 103 193 194 123 106 107 109 108 104 105 102 111
 25    15   -0.129267335551 -0.637993941130  0.759113751055  1.404406061085
       197 118 117 112 119 120 114 115 116 121 122 113 123 194 201
 26    15   -0.335491965298 -0.562415096850  0.755734344896  1.563403378170
       144 128 127 132 133 131 130 135 134 124 125 126 129 198 199
 27    12   -0.475572301183 -0.426143074210  0.769566804541  1.745374806124
       203 143 142 138 139 137 136 140 141 144 199 206
 28     9   -0.509910092834 -0.349270379839  0.786130968092  1.835487993584
       205 159 145 146 150 149 147 148 204
 29    12   -0.522823775163 -0.175173608749  0.834247868994  2.020029416618
       155 156 157 158 154 159 205 211 208 151 153 152
 30    12   -0.474903664713 -0.023016545934  0.879736749179  2.173217023214
       167 160 209 221 217 178 161 164 165 163 162 166
 31    13   -0.121027592551  0.463217071739  0.877942063174  2.176224699154
       178 217 216 176 177 175 168 171 172 169 173 174 170
 32    15    0.033085791395  0.572037364651 -0.819559994052 -4.500386907932
       222 223 227 226 224 240 241 400 402 395 228 229 225 231 230
 33    12    0.161641701652  0.580708740781 -0.797903075985 -4.360403113591
       253 241 240 235 234 233 236 237 238 239 232 252
 34    16    0.290563051932  0.532435078522 -0.795038363861 -4.333580577384
       252 242 251 250 249 248 244 245 243 247 246 265 266 406 405 253
 35    16    0.402987270211  0.462916573189 -0.789499529015 -4.408068435412
       257 256 263 264 258 255 262 261 277 411 409 266 265 259 260 254
 36    15    0.576637875546  0.236256177858 -0.782094482086 -4.656806912267
       274 268 272 271 287 288 410 411 277 269 270 267 276 275 273
 37    14    0.629915186390  0.023092093288 -0.776320560840 -4.823844678548
       278 280 284 283 285 286 279 282 281 299 416 414 288 287
 38    15    0.549793244854 -0.293894771931 -0.781890817790 -4.954088000477
       290 289 311 312 415 416 299 297 298 296 295 292 291 293 294
 39    16    0.443869977082 -0.438233985886 -0.781620379123 -4.971386891694
       300 303 306 305 309 310 304 322 420 418 312 311 302 308 307 301
 40    14    0.137291290720 -0.606112893928 -0.783440017682 -4.857419882413
       320 321 315 314 318 319 317 316 313 331 332 419 420 322
 41    13   -0.032603159379 -0.621300948882 -0.782893456938 -4.757087176451
       331 324 326 325 329 330 323 328 327 345 424 422 332
 42    15   -0.322747708454 -0.519765216670 -0.790998126564 -4.532993595944
       343 335 341 340 337 344 423 424 345 338 339 336 334 333 342
 43    12   -0.415351143563 -0.440916252397 -0.795660911389 -4.474474607698
       364 429 428 353 352 351 350 346 347 349 348 363
 44    13   -0.523799074949 -0.299907346761 -0.797301769998 -4.464984125984
       362 354 358 357 359 360 356 355 375 376 364 363 361
 45    15   -0.539400944660 -0.192588899603 -0.819729306936 -4.576321182272
       374 373 372 371 367 368 366 365 387 433 431 376 375 369 370
 46    15   -0.564495346924  0.004365132324 -0.825424708208 -4.856501432741
       397 432 433 387 377 384 383 378 379 382 381 385 386 380 396
 47    12   -0.143227885289  0.549077265222 -0.823407511316 -4.785931049890
       401 397 396 391 388 390 389 392 394 393 395 402
 48     5   -0.019209879654  0.316374431388 -0.948439876686 -4.754031209912
       401 402 400 398 399
 49     4    0.125643453753  0.336670541140 -0.933202373153 -4.615950744980
       405 406 404 403
 50     5    0.269557194930  0.223149306494 -0.936772814332 -4.729475338351
       411 410 408 407 409
 51     5    0.323737224887 -0.073941385625 -0.943253349167 -4.972767270194
       416 415 413 412 414
 52     6    0.168734500587 -0.297430736927 -0.939714650861 -4.989171591731
       420 419 426 425 417 418
 53     6   -0.098016660954 -0.315197185432 -0.943950988384 -4.826804814903
       422 424 423 421 425 426
 54     5   -0.251941857699 -0.179939533217 -0.950866481019 -4.710462285265
       428 429 435 434 427
 55     6   -0.307928032743 -0.064912475838 -0.949192655435 -4.809341928226
       431 433 432 430 434 435
 56    14   -0.000384811964 -0.001495603438 -0.999998807544 -4.618470452385
       398 403 404 407 408 412 413 417 425 421 427 434 430 399
 57     7    0.000000000000  0.000000000000  1.000000000000  2.176586863513
       200 195 190 184 218 220 210
 58     6   -0.977383455518 -0.210425152413  0.021043671557 -2.261385465290
       365 207 209 160 377 387
 59     6    0.799388206626 -0.600197642972  0.027226539969 -2.758746967347
       289 82 101 94 302 311
 60     7    0.977464679858 -0.210442639556  0.016634154214 -2.692925443253
       281 74 186 188 90 297 299
 61     6   -0.078455303531  0.996869149302  0.009831811541 -2.229347311309
       393 176 216 213 228 395
 62     5    0.446811124199 -0.894209426777  0.027373716490 -2.678961724709
       304 103 110 320 322
 63     5    0.133090822410 -0.990872552268  0.021410701831 -2.545219642290
       316 106 123 113 313
 64     4   -0.286476065180 -0.957910768137  0.018396313954 -2.256332469208
       327 8 338 345
 65     6   -0.901172498931 -0.432736870203  0.025038537061 -1.985155454247
       355 145 159 154 369 375
 66     4    0.140897643408  0.989998443394  0.007136957275 -1.958441350918
       226 25 24 224
 67     6    0.994724114680  0.101917485873  0.011694517794 -2.560311567991
       271 63 80 71 278 287
 68     5   -0.770223793485 -0.637184536471  0.027407561579 -1.878043678508
       348 138 142 361 363
 69     4   -0.631043099962 -0.775115341701  0.031317934956 -1.937398614135
       127 337 340 132
 70     7    0.346110810605  0.938174404117  0.006007848449 -1.841282113576
       232 30 179 180 39 242 252
 71     5   -0.999573502652  0.015702555368  0.024621993249 -2.632480407913
       381 164 161 6 385
 72     7    0.822510384790  0.568471910124  0.017786351877 -2.173729802758
       62 269 277 261 57 181 183
 73     6    0.562045385929  0.827024670857  0.011626605287 -1.889324933097
       246 43 59 55 259 265
 74     4   -0.271435606161  0.962438061975  0.005973991098 -2.604411978450
       169 388 391 173
 75     4    0.935358233751  0.353442423765  0.013543545970 -2.382063043062
       275 67 65 273
 76     4    0.643142599197 -0.765110539122  0.031200320876 -2.728083320797
       95 303 300 92
 77     5    0.690185360709  0.723500719647  0.013815807367 -2.004625895005
       256 51 53 19 263
 78     4   -0.467760929054 -0.883446661440  0.026864654124 -2.083926185401
       333 124 134 342
 79     5   -0.101908318066 -0.994634636027  0.017794255374 -2.404240493273
       325 115 114 11 329
 80     4   -0.844083612723 -0.535671749375  0.024054763656 -1.914154837346
       357 147 149 359
 81     5    0.917621438569 -0.397090255423  0.017035977437 -2.767897744913
       291 9 88 85 293
 82     4    0.439889997661  0.897927202822  0.014950865855 -1.812026748399
       248 45 41 244
 83     4   -0.948352722295 -0.316394404166  0.022840646407 -2.112493901410
       371 155 152 367
 84     4    0.999464631673 -0.031409441416  0.009159531948 -2.633354238159
       283 76 78 285
 85     4    0.286455535856 -0.957842122751  0.021947525178 -2.621173970967
       314 104 108 318
 86     4    0.039259522939  0.999221583483  0.003862248054 -2.080997349792
       230 28 22 222
 87     4    0.248669659538  0.968504379723  0.012754092773 -1.853205501348
       34 236 233 31
 88     4   -0.993569607876 -0.109691105916  0.028058788061 -2.395132521258
       383 166 162 378
 89     4   -0.700904791186 -0.712001963061  0.042257286827 -1.842615648766
       136 346 350 140
 90     3   -0.195027918686  0.980471557678  0.025291016521 -2.378533301495
       168 1 171
 91     4    0.728739170161 -0.684331631219  0.025088650543 -2.765281562838
       93 301 307 97
 92     4    0.972308119088  0.233430526674  0.011274341321 -2.481332289055
       64 272 268 61
 93     4    0.631233869328  0.775349665256  0.019408730008 -1.917065112231
       52 257 254 49
 94     5    0.852473546469 -0.522396461145  0.019768407984 -2.782752185228
       3 81 83 290 294
 95     5    0.887400474636  0.460967635901  0.005407057198 -2.327783074759
       60 267 270 14 69
 96     4    0.750079459312  0.661283997079  0.009180409840 -2.101117073144
       258 54 50 255
 97     4    0.950831085148 -0.308943747355  0.021771735975 -2.714716602708
       84 292 295 87
 98     4   -0.368034692188 -0.929549524180  0.022094058979 -2.180296356992
       336 126 125 334
 99     4   -0.187359357192 -0.982172146039  0.015308390448 -2.347515110947
       112 323 330 119
100     4   -0.023556412151  0.999580164283  0.016869813821 -2.114795324476
       21 5 10 27
101     5   -0.813366307026 -0.581240146752  0.024395540528 -1.896444898841
       354 202 204 148 358
102     4    0.495419759050  0.868563299030  0.012532275157 -1.844484841305
       245 42 40 243
103     3    0.568372815018 -0.822367006108  0.025784693373 -2.733667173337
       305 20 309
104     4    0.286523853277  0.958070560657  0.002209593930 -1.873518490702
       237 35 36 238
105     4   -0.872061727853 -0.488378033448  0.031547412868 -1.913750978396
       146 356 360 150
106     5    0.000000000000 -0.999858174298  0.016841356523 -2.483936535508
       324 13 121 116 326
107     3    0.367974407665 -0.929397262857  0.028558065374 -2.635821198031
       105 0 102
108     4   -0.542411672988 -0.840047303235  0.010493108843 -2.095721060333
       343 15 12 335
109     4   -0.932264900187 -0.360666089232  0.028321863600 -2.041718894322
       373 157 156 372
110     4    0.990940575742 -0.133099959105  0.017921390438 -2.651494734421
       75 282 279 72
111     4   -0.966354545580 -0.256224265024  0.022539260175 -2.189959069469
       368 153 151 366
112     4   -0.998668919442 -0.047096030712  0.021032195117 -2.532834595153
       379 163 165 382
113     4    0.101919511469  0.994743884676  0.009849724947 -1.984815450517
       223 23 26 227
114     5   -0.140894083773  0.989973432094  0.010072780410 -2.338071811521
       1 168 175 392 389
115     4    0.187369572693  0.982225697572  0.011194742434 -1.902294880849
       32 234 235 33
116     4    0.998850505003  0.047104594070  0.008878393610 -2.596015962482
       278 71 73 280
117     4    0.210416813243 -0.977344721711  0.022848624642 -2.579614193189
       107 317 319 109
118     4   -0.739157641919 -0.672581704373  0.035774730399 -1.851234261564
       139 349 347 137
119     4    0.404343084518  0.914606003915  0.001589844540 -1.858637561047
       250 47 46 249
120     5   -0.666927306923 -0.744608841458  0.027670209666 -1.923681783959
       352 128 144 141 351
121     4   -0.233406836632 -0.972209442959  0.018167213170 -2.297914779967
       323 112 117 328
122     4   -0.984866730718 -0.171886760598  0.022191535677 -2.317696768646
       167 384 377 160
123     3   -0.331266724913  0.943309519908  0.020724541412 -2.665882885587
       174 2 170
124     4    0.606648398739  0.794899865264  0.010579438093 -1.928654089620
       49 254 260 56
125     4    0.908131609877  0.418654406484  0.005046491137 -2.363935021654
       267 60 68 276
126     4    0.695729672920 -0.717937328793  0.022939357965 -2.770244500939
       301 93 92 300
127     3    0.879752482703 -0.474688682879  0.026574866397 -2.748974539919
       81 3 86
128     4    0.958006671314  0.286504746312  0.011757893467 -2.440986691838
       61 268 274 66
129     4   -0.418515955187 -0.907831285796  0.026205949387 -2.124983839146
       124 333 334 125
130     5   -0.789745475972 -0.612589384656  0.032192064068 -1.859654443083
       202 354 362 143 203
131     6    0.086254712297 -0.995904902240  0.027084133766 -2.496808181579
       13 324 331 313 113 122
132     5    0.852618048198  0.522485011918  0.007202513925 -2.263162462893
       269 62 70 14 270
133     3   -0.914408733940 -0.404255872374  0.020829232957 -2.028599226336
       370 18 374
134     3   -0.515476243253 -0.856203183572  0.034646083226 -2.017154132128
       130 16 135
135     4    0.323897063621  0.946025907971  0.011210424824 -1.824875067677
       239 37 30 232
136     3    0.964442293322 -0.263841555292  0.015449807541 -2.721280482209
       298 17 296
137     5   -0.587610385793 -0.808776311287  0.024390834529 -2.002657125821
       133 341 335 12 131
138     4   -0.218128410327  0.975850411546  0.011660655849 -2.476595503705
       388 169 172 390
139     5   -0.972028404660 -0.233363373181  0.026501256400 -2.204604422615
       207 365 366 151 208
140     7   -0.996169635460  0.078400250598  0.038722836854 -2.688369031303
       170 2 4 7 6 161 178
141     4    0.770165767347 -0.637136533074  0.030028803333 -2.748072636055
       302 94 98 308
142     4    0.612739025725 -0.789938392076  0.023414164065 -2.753460417211
       303 95 96 306
143     5    0.389821509557 -0.920594731739  0.023335179039 -2.667101040995
       102 0 315 321 111
144     4    0.780305182383  0.625142332228  0.017913313570 -2.109999186087
       58 262 255 50
145     5   -0.000000000000  0.999941126718  0.010850949127 -2.104866957631
       225 5 21 29 231
146     6    0.502057286682 -0.864354917982  0.028793343832 -2.698895860253
       310 99 192 193 103 304
147     4    0.826843879391 -0.561922520175  0.023922383520 -2.769386589306
       82 289 290 83
148     4   -0.955531956022 -0.293960013066  0.023370745362 -2.137192106702
       153 368 367 152
149     4    0.996846069929 -0.078453487145  0.011956722875 -2.647547437932
       72 279 286 79
150     4    0.649412832312  0.760364732940  0.010413747145 -1.971363008758
       257 52 51 256
151     5    0.331269900306 -0.943318562103  0.020256938149 -2.650888309091
       315 0 105 104 314
152     4    0.225792730490  0.974136558508  0.008695299653 -1.883809156369
       31 233 234 32
153     5    0.723445167511  0.690132366606  0.018558183320 -2.027629698109
       54 258 264 19 53
154     4    0.999785285230  0.015705882315  0.013516978133 -2.592516701151
       77 284 280 73
155     4    0.375405233633  0.926831073349  0.007421053493 -1.834024879113
       242 39 48 251
156     4   -0.887143210425 -0.460833997844  0.024676925027 -1.962769083881
       356 146 145 355
157     4    0.515697720610  0.856571056235  0.018490175160 -1.832130866082
       44 247 243 40
158     4   -0.826786292037 -0.561883383850  0.026673774639 -1.892606834653
       147 357 358 148
159     4    0.467844804117  0.883605073867  0.019060763307 -1.805656708521
       42 245 244 41
160     4   -0.856472789637 -0.515638559306  0.023900560006 -1.926087527866
       359 149 150 360
161     3   -0.148608637942 -0.988462163464  0.029292048917 -2.322122986651
       120 11 114
162     4   -0.047100779448 -0.998769616148  0.015516779141 -2.455309481261
       115 325 326 116
163     5    0.943377154671 -0.331290476551  0.016916388238 -2.743278442731
       292 84 89 9 291
164     4    0.164134238069 -0.986113187013  0.025312729835 -2.545710634280
       106 316 317 107
165     4   -0.728532978008 -0.684138003899  0.034567203779 -1.859949206044
       346 136 137 347
166     4    0.054946566526  0.998423439308  0.011467810016 -2.031775059411
       23 223 222 22
167     4   -0.755021977419 -0.655174697700  0.026228402688 -1.885426125145
       349 139 138 348
168     4   -0.331252823070 -0.943269933257  0.022658336672 -2.206070351776
       126 336 339 129
169     5   -0.202776488066  0.979170624188  0.010323982510 -2.451844371486
       171 1 389 390 172
170     6    0.171923105935  0.985074980110  0.008350401632 -1.925739157624
       224 24 38 33 235 240
171     7   -0.323911989973  0.946069504281  0.005789285085 -2.710145671765
       4 2 174 173 391 396 380
172     4   -0.684193356500 -0.728591922541  0.032144382560 -1.893644586396
       351 141 140 350
173     5    0.890843315889 -0.453907340957  0.019139288428 -2.774402981431
       86 3 294 293 85
174     4    0.263792866059 -0.964264315462  0.024650633737 -2.599158697121
       109 319 318 108
175     4    0.987571191545 -0.156415910453  0.015401447590 -2.672885271763
       282 75 74 281
176     4   -0.997116926469 -0.070599664874  0.027812268302 -2.464360475229
       163 379 378 162
177     4   -0.125316480706  0.991982088782  0.016349776720 -2.285370295702
       177 394 392 175
178     4    0.542413244013  0.840049736324  0.010213384423 -1.881482645002
       247 44 43 246
179     5   -0.911045989226 -0.411353037154  0.027997934551 -1.992368757635
       18 370 369 154 158
180     4   -0.983512302704  0.179621240406  0.020970465562 -2.922960797370
       4 380 386 7
181     4    0.980726951151  0.195078719606  0.010905981999 -2.509801198261
       272 64 63 271
182     4   -0.999411444776 -0.007849520532  0.033393847919 -2.554764486064
       164 381 382 165
183     4    0.999919927351 -0.007853514227  0.009922761754 -2.617968843529
       284 77 76 283
184     6   -0.649250143210 -0.760174248476  0.024685289059 -1.949507657793
       337 127 128 352 353 344
185     5    0.587495832859 -0.808618642699  0.031377333423 -2.715557600350
       100 20 305 306 96
186     4   -0.937773739187 -0.345962997508  0.029833176925 -2.051273186167
       372 156 155 371
187     5    0.960025714603 -0.278913253245  0.023622541458 -2.694556003945
       296 17 91 87 295
188     4    0.263867722797  0.964537945608  0.006354238609 -1.869133869229
       236 34 35 237
189     4    0.425740651752  0.904744938683  0.013471947633 -1.814450801019
       249 46 45 248
190     4   -0.015707027234  0.999858167080  0.006077418801 -2.146024768389
       5 225 229 10
191     4   -0.094103348665  0.995509444060  0.010271638498 -2.254301596282
       394 177 176 393
192     4   -0.990794609768 -0.133080353423  0.024812512737 -2.370209108915
       384 167 166 383
193     4   -0.997814179318  0.062777147073  0.020637183846 -2.733897787203
       7 386 385 6
194     5   -0.248636894317 -0.968376767615  0.020642934111 -2.275937296764
       8 327 328 117 118
195     7   -0.293953006306 -0.955509180193  0.024368763832 -2.226282758388
       129 339 338 8 118 197 198
196     4    0.749781028724 -0.661020895124  0.029661172847 -2.748566526191
       308 98 97 307
197     3    0.926566001214 -0.375297868365  0.025039077365 -2.728339506054
       88 9 89
198     4    0.125321771199  0.992023967354  0.013524121393 -1.947481822114
       25 226 227 26
199     4    0.948461410113  0.316430665165  0.017105194210 -2.397142160024
       66 274 273 65
200     4    0.418518161789 -0.907836072287  0.026004117131 -2.670623642998
       111 321 320 110
201     4    0.594071273160  0.804308225347  0.012946082208 -1.908740157944
       56 260 259 55
202     6   -0.062787220204  0.997974287154  0.010251202832 -2.202632632108
       10 229 228 213 214 27
203     4    0.914511586941  0.404301343210  0.014456183090 -2.338188588726
       67 275 276 68
204     5   -0.171903385965 -0.984961989775  0.017294640560 -2.351591542885
       11 120 119 330 329
205     5   -0.535599854052 -0.843970323822  0.029101354723 -2.024728297083
       131 12 15 16 130
206     3    0.047083737708 -0.998408246922  0.031049865080 -2.458252262579
       121 13 122
207     4   -0.618889191225 -0.785057196489  0.025717060980 -1.970510847535
       341 133 132 340
208     4    0.804334393973  0.594090601607  0.010126191501 -2.177093491767
       57 261 262 58
209     3    0.872323969381  0.488524895760  0.019857458712 -2.245491692844
       69 14 70
210     4    0.294030133674  0.955759886619  0.008325840643 -1.846002562734
       37 239 238 36
211     4    0.998389486862 -0.054944698010  0.014124895906 -2.626152693146
       285 78 79 286
212     6   -0.502083214958 -0.864399556777  0.026941631387 -2.058476451939
       16 15 343 342 134 135
213     5    0.970340835998 -0.241033916271  0.018474663786 -2.699236791953
       91 17 298 297 90
214     4    0.023558966819  0.999688567687  0.008230596434 -2.083757229130
       231 29 28 230
215     5   -0.926610287411 -0.375315806121  0.023052569060 -2.048223531323
       18 158 157 373 374
216     4    0.389911164147  0.920806458239  0.009206005547 -1.827066394871
       47 250 251 48
217     3    0.707101592223  0.707101592223 -0.003830998851 -2.096269965436
       263 19 264
218     4   -0.785000345084 -0.618844373192  0.028391900028 -1.874248312445
       143 362 361 142
219     5    0.535559843079 -0.843907276617  0.031562049260 -2.700520235520
       309 20 100 99 310
# edges:
#    vert1_id  vert2_id  facet1_id  facet2_id
 218  184     0   57
 184  185     0    1
 185  180     0   18
 180  179     0   70
 179  219     0   17
 219  218     0    7
 191  183     1   20
 183  181     1   72
 181  182     1   19
 182  185     1   18
 184  190     1   57
 190  191     1    2
 189  188     2   22
 188  186     2   60
 186  187     2   21
 187  191     2   20
 190  195     2   57
 195  196     2    3
 196  189     2   23
 195  200     3   57
 200  201     3    4
 201  194     3   25
 194  193     3   24
 193  192     3  146
 192  196     3   23
 200  210     4   57
 210  212     4    6
 212  206     4    5
 206  199     4   27
 199  198     4   26
 198  197     4  195
 197  201     4   25
 211  205     5   29
 205  204     5   28
 204  202     5  101
 202  203     5  130
 203  206     5   27
 212  211     5    6
 208  211     6   29
 210  220     6   57
 220  221     6    7
 221  209     6   30
 209  207     6   58
 207  208     6  139
 217  221     7   30
 220  218     7   57
 219  215     7   17
 215  214     7   16
 214  213     7  202
 213  216     7   61
 216  217     7   31
 403  398     8   56
 398  400     8   48
 400  241     8   32
 241  253     8   33
 253  405     8   34
 405  403     8   49
 407  404     9   56
 404  406     9   49
 406  266     9   34
 266  409     9   35
 409  407     9   50
 412  408    10   56
 408  410    10   50
 410  288    10   36
 288  414    10   37
 414  412    10   51
 417  413    11   56
 413  415    11   51
 415  312    11   38
 312  418    11   39
 418  417    11   52
 426  419    12   52
 419  332    12   40
 332  422    12   41
 422  426    12   53
 427  421    13   56
 421  423    13   53
 423  344    13   42
 344  353    13  184
 353  428    13   43
 428  427    13   54
 435  429    14   54
 429  364    14   43
 364  376    14   44
 376  431    14   45
 431  435    14   55
 399  430    15   56
 430  432    15   55
 432  397    15   46
 397  401    15   47
 401  399    15   48
  21   27    16  100
  27  214    16  202
 215   38    16   17
  38   24    16  170
  24   25    16   66
  25   26    16  198
  26   23    16  113
  23   22    16  166
  22   28    16   86
  28   29    16  214
  29   21    16  145
 179   30    17   70
  30   37    17  135
  37   36    17  210
  36   35    17  104
  35   34    17  188
  34   31    17   87
  31   32    17  152
  32   33    17  115
  33   38    17  170
  48   39    18  155
  39  180    18   70
 182   59    18   19
  59   43    18   73
  43   44    18  178
  44   40    18  157
  40   42    18  102
  42   41    18  159
  41   45    18   82
  45   46    18  189
  46   47    18  119
  47   48    18  216
 181   57    19   72
  57   58    19  208
  58   50    19  144
  50   54    19   96
  54   53    19  153
  53   51    19   77
  51   52    19  150
  52   49    19   93
  49   56    19  124
  56   55    19  201
  55   59    19   73
  70   62    20  132
  62  183    20   72
 187   80    20   21
  80   63    20   67
  63   64    20  181
  64   61    20   92
  61   66    20  128
  66   65    20  199
  65   67    20   75
  67   68    20  203
  68   60    20  125
  60   69    20   95
  69   70    20  209
 186   74    21   60
  74   75    21  175
  75   72    21  110
  72   79    21  149
  79   78    21  211
  78   76    21   84
  76   77    21  183
  77   73    21  154
  73   71    21  116
  71   80    21   67
  91   90    22  213
  90  188    22   60
 189  101    22   23
 101   82    22   59
  82   83    22  147
  83   81    22   94
  81   86    22  127
  86   85    22  173
  85   88    22   81
  88   89    22  197
  89   84    22  163
  84   87    22   97
  87   91    22  187
  98   94    23  141
  94  101    23   59
 192   99    23  146
  99  100    23  219
 100   96    23  185
  96   95    23  142
  95   92    23   76
  92   93    23  126
  93   97    23   91
  97   98    23  196
 110  103    24   62
 103  193    24  146
 194  123    24   25
 123  106    24   63
 106  107    24  164
 107  109    24  117
 109  108    24  174
 108  104    24   85
 104  105    24  151
 105  102    24  107
 102  111    24  143
 111  110    24  200
 197  118    25  195
 118  117    25  194
 117  112    25  121
 112  119    25   99
 119  120    25  204
 120  114    25  161
 114  115    25   79
 115  116    25  162
 116  121    25  106
 121  122    25  206
 122  113    25  131
 113  123    25   63
 144  128    26  120
 128  127    26  184
 127  132    26   69
 132  133    26  207
 133  131    26  137
 131  130    26  205
 130  135    26  134
 135  134    26  212
 134  124    26   78
 124  125    26  129
 125  126    26   98
 126  129    26  168
 129  198    26  195
 199  144    26   27
 203  143    27  130
 143  142    27  218
 142  138    27   68
 138  139    27  167
 139  137    27  118
 137  136    27  165
 136  140    27   89
 140  141    27  172
 141  144    27  120
 205  159    28   29
 159  145    28   65
 145  146    28  156
 146  150    28  105
 150  149    28  160
 149  147    28   80
 147  148    28  158
 148  204    28  101
 155  156    29  186
 156  157    29  109
 157  158    29  215
 158  154    29  179
 154  159    29   65
 208  151    29  139
 151  153    29  111
 153  152    29  148
 152  155    29   83
 167  160    30  122
 160  209    30   58
 217  178    30   31
 178  161    30  140
 161  164    30   71
 164  165    30  182
 165  163    30  112
 163  162    30  176
 162  166    30   88
 166  167    30  192
 216  176    31   61
 176  177    31  191
 177  175    31  177
 175  168    31  114
 168  171    31   90
 171  172    31  169
 172  169    31  138
 169  173    31   74
 173  174    31  171
 174  170    31  123
 170  178    31  140
 222  223    32  166
 223  227    32  113
 227  226    32  198
 226  224    32   66
 224  240    32  170
 240  241    32   33
 400  402    32   48
 402  395    32   47
 395  228    32   61
 228  229    32  202
 229  225    32  190
 225  231    32  145
 231  230    32  214
 230  222    32   86
 240  235    33  170
 235  234    33  115
 234  233    33  152
 233  236    33   87
 236  237    33  188
 237  238    33  104
 238  239    33  210
 239  232    33  135
 232  252    33   70
 252  253    33   34
 252  242    34   70
 242  251    34  155
 251  250    34  216
 250  249    34  119
 249  248    34  189
 248  244    34   82
 244  245    34  159
 245  243    34  102
 243  247    34  157
 247  246    34  178
 246  265    34   73
 265  266    34   35
 406  405    34   49
 257  256    35  150
 256  263    35   77
 263  264    35  217
 264  258    35  153
 258  255    35   96
 255  262    35  144
 262  261    35  208
 261  277    35   72
 277  411    35   36
 411  409    35   50
 265  259    35   73
 259  260    35  201
 260  254    35  124
 254  257    35   93
 274  268    36  128
 268  272    36   92
 272  271    36  181
 271  287    36   67
 287  288    36   37
 410  411    36   50
 277  269    36   72
 269  270    36  132
 270  267    36   95
 267  276    36  125
 276  275    36  203
 275  273    36   75
 273  274    36  199
 278  280    37  116
 280  284    37  154
 284  283    37  183
 283  285    37   84
 285  286    37  211
 286  279    37  149
 279  282    37  110
 282  281    37  175
 281  299    37   60
 299  416    37   38
 416  414    37   51
 287  278    37   67
 290  289    38  147
 289  311    38   59
 311  312    38   39
 415  416    38   51
 299  297    38   60
 297  298    38  213
 298  296    38  136
 296  295    38  187
 295  292    38   97
 292  291    38  163
 291  293    38   81
 293  294    38  173
 294  290    38   94
 300  303    39   76
 303  306    39  142
 306  305    39  185
 305  309    39  103
 309  310    39  219
 310  304    39  146
 304  322    39   62
 322  420    39   40
 420  418    39   52
 311  302    39   59
 302  308    39  141
 308  307    39  196
 307  301    39   91
 301  300    39  126
 320  321    40  200
 321  315    40  143
 315  314    40  151
 314  318    40   85
 318  319    40  174
 319  317    40  117
 317  316    40  164
 316  313    40   63
 313  331    40  131
 331  332    40   41
 419  420    40   52
 322  320    40   62
 331  324    41  131
 324  326    41  106
 326  325    41  162
 325  329    41   79
 329  330    41  204
 330  323    41   99
 323  328    41  121
 328  327    41  194
 327  345    41   64
 345  424    41   42
 424  422    41   53
 343  335    42  108
 335  341    42  137
 341  340    42  207
 340  337    42   69
 337  344    42  184
 423  424    42   53
 345  338    42   64
 338  339    42  195
 339  336    42  168
 336  334    42   98
 334  333    42  129
 333  342    42   78
 342  343    42  212
 429  428    43   54
 353  352    43  184
 352  351    43  120
 351  350    43  172
 350  346    43   89
 346  347    43  165
 347  349    43  118
 349  348    43  167
 348  363    43   68
 363  364    43   44
 362  354    44  130
 354  358    44  101
 358  357    44  158
 357  359    44   80
 359  360    44  160
 360  356    44  105
 356  355    44  156
 355  375    44   65
 375  376    44   45
 363  361    44   68
 361  362    44  218
 374  373    45  215
 373  372    45  109
 372  371    45  186
 371  367    45   83
 367  368    45  148
 368  366    45  111
 366  365    45  139
 365  387    45   58
 387  433    45   46
 433  431    45   55
 375  369    45   65
 369  370    45  179
 370  374    45  133
 432  433    46   55
 387  377    46   58
 377  384    46  122
 384  383    46  192
 383  378    46   88
 378  379    46  176
 379  382    46  112
 382  381    46  182
 381  385    46   71
 385  386    46  193
 386  380    46  180
 380  396    46  171
 396  397    46   47
 396  391    47  171
 391  388    47   74
 388  390    47  138
 390  389    47  169
 389  392    47  114
 392  394    47  177
 394  393    47  191
 393  395    47   61
 402  401    47   48
 398  399    48   56
 404  403    49   56
 408  407    50   56
 413  412    51   56
 426  425    52   53
 425  417    52   56
 421  425    53   56
 435  434    54   55
 434  427    54   56
 430  434    55   56
 365  207    58  139
 160  377    58  122
 289   82    59  147
  94  302    59  141
 281   74    60  175
  90  297    60  213
 393  176    61  191
 213  228    61  202
 304  103    62  146
 110  320    62  200
 316  106    63  164
 113  313    63  131
 327    8    64  194
   8  338    64  195
 355  145    65  156
 154  369    65  179
 226   25    66  198
  24  224    66  170
 271   63    67  181
  71  278    67  116
 348  138    68  167
 142  361    68  218
 127  337    69  184
 340  132    69  207
 232   30    70  135
  39  242    70  155
 381  164    71  182
 161    6    71  140
   6  385    71  193
  62  269    72  132
 261   57    72  208
 246   43    73  178
  55  259    73  201
 169  388    74  138
 391  173    74  171
 275   67    75  203
  65  273    75  199
  95  303    76  142
 300   92    76  126
 256   51    77  150
  53   19    77  153
  19  263    77  217
 333  124    78  129
 134  342    78  212
 325  115    79  162
 114   11    79  161
  11  329    79  204
 357  147    80  158
 149  359    80  160
 291    9    81  163
   9   88    81  197
  85  293    81  173
 248   45    82  189
  41  244    82  159
 371  155    83  186
 152  367    83  148
 283   76    84  183
  78  285    84  211
 314  104    85  151
 108  318    85  174
 230   28    86  214
  22  222    86  166
  34  236    87  188
 233   31    87  152
 383  166    88  192
 162  378    88  176
 136  346    89  165
 350  140    89  172
 168    1    90  114
   1  171    90  169
  93  301    91  126
 307   97    91  196
  64  272    92  181
 268   61    92  128
  52  257    93  150
 254   49    93  124
   3   81    94  127
  83  290    94  147
 294    3    94  173
  60  267    95  125
 270   14    95  132
  14   69    95  209
 258   54    96  153
  50  255    96  144
  84  292    97  163
 295   87    97  187
 336  126    98  168
 125  334    98  129
 112  323    99  121
 330  119    99  204
  21    5   100  145
   5   10   100  190
  10   27   100  202
 354  202   101  130
 148  358   101  158
 245   42   102  159
  40  243   102  157
 305   20   103  185
  20  309   103  219
 237   35   104  188
  36  238   104  210
 146  356   105  156
 360  150   105  160
 324   13   106  131
  13  121   106  206
 116  326   106  162
 105    0   107  151
   0  102   107  143
 343   15   108  212
  15   12   108  205
  12  335   108  137
 373  157   109  215
 156  372   109  186
  75  282   110  175
 279   72   110  149
 368  153   111  148
 151  366   111  139
 379  163   112  176
 165  382   112  182
 223   23   113  166
  26  227   113  198
 175  392   114  177
 389    1   114  169
  32  234   115  152
 235   33   115  170
  73  280   116  154
 107  317   117  164
 319  109   117  174
 139  349   118  167
 347  137   118  165
 250   47   119  216
  46  249   119  189
 352  128   120  184
 141  351   120  172
 117  328   121  194
 167  384   122  192
 174    2   123  171
   2  170   123  140
 260   56   124  201
  68  276   125  203
   3   86   127  173
 274   66   128  199
 362  143   130  218
 122   13   131  206
  70   14   132  209
 370   18   133  179
  18  374   133  215
 130   16   134  205
  16  135   134  212
 239   37   135  210
 298   17   136  213
  17  296   136  187
 133  341   137  207
  12  131   137  205
 172  390   138  169
   2    4   140  171
   4    7   140  180
   7    6   140  193
  98  308   141  196
  96  306   142  185
   0  315   143  151
 321  111   143  200
  58  262   144  208
 225    5   145  190
  29  231   145  214
 310   99   146  219
 286   79   149  211
 264   19   153  217
  77  284   154  183
  48  251   155  216
  44  247   157  178
 120   11   161  204
  89    9   163  197
 339  129   168  195
 380    4   171  180
 177  394   177  191
 158   18   179  215
 386    7   180  193
 100   20   185  219
  17   91   187  213
 229   10   190  202
 118    8   194  195
  15   16   205  212
