# POLYHEDRON:
# num_vertices   num_facets   num_edges
   552  278  828
# vertices:
#   id   x y z
   0  -2.337262782062 -2.367742160203 -3.589393636127
   1   2.741887683075  1.484368238379 -3.487461391411
   2   3.200404834036 -0.362107280342 -3.524040284066
   3   2.264295109814  2.101396560719 -3.522471892260
   4   3.113672119865  0.609762562980 -3.477897477601
   5   1.046241433264  2.881085036530 -3.650007434060
   6  -2.633096954300 -2.000381452258 -3.463567456442
   7  -2.584057510992 -2.071990504758 -3.551741537550
   8   3.163714251231 -0.681821858375 -3.566490595341
   9   0.928254937885  2.919404780610 -3.643590345705
  10   0.983173283146  2.901063010779 -3.448747240427
  11   0.863721034409 -3.248018783475 -3.560635339534
  12   0.779523239008 -3.270610406684 -3.476897163721
  13   2.281920420251  2.081286977326 -3.559614091217
  14   1.245201774523  2.803447478546 -3.509709765022
  15  -3.050858886665  0.867805910696 -3.557308792624
  16  -2.318294921129  2.074967632911 -3.506291675652
  17   2.872961986366  1.261765033958 -3.619145874266
  18   2.850394658013  1.304620846085 -3.536585510376
  19   0.645766387122  2.989832487628 -3.475399075030
  20  -0.065870362829  3.058646357177 -3.460455843158
  21   0.783472787929  2.959146913813 -3.462520014168
  22  -0.276262065103  3.048599334910 -3.428444157747
  23  -0.163529344800  3.055636070307 -3.447097870200
  24   0.422413809060  3.026354359125 -3.484259306908
  25   0.572147159415  3.002647032417 -3.479024581259
  26   0.320867058588  3.039180863381 -3.484857299953
  27   0.228916497470  3.047872552171 -3.482745124313
  28   0.082455341493  3.056312769824 -3.474474152629
  29   0.132359790297  3.053942468817 -3.477751398614
  30   0.881576316657  2.932318969488 -3.448834878671
  31   1.756064940362  2.528634618551 -3.478566060302
  32   1.878687458897  2.445277889715 -3.466459535862
  33   1.950919549175  2.389377393699 -3.453888760130
  34   1.605958696787  2.620622365200 -3.485343553150
  35   1.518144342593  2.670710350486 -3.486327182702
  36   1.371095992808  2.746586758807 -3.481575357640
  37   1.421095886391  2.722079648426 -3.484225330858
  38   1.093382727921  2.863350937518 -3.451370788797
  39   2.069849481748  2.288897219696 -3.426438096180
  40   2.028952808214  2.324880565636 -3.437022566138
  41   1.244326040898  2.803819043002 -3.470933626030
  42   1.175851584185  2.832183863752 -3.463146047706
  43   2.172824062920  2.195172461165 -3.436157672018
  44   2.193001564267  2.175564397133 -3.439446766226
  45   2.804511078761  1.386013130737 -3.428818199999
  46   2.741317727274  1.485528002516 -3.440039699443
  47   2.636199840720  1.635024965440 -3.449646534185
  48   2.490725143955  1.827532765831 -3.454817231250
  49   2.383076231571  1.961898066271 -3.454075548377
  50   2.261362073202  2.104958482319 -3.448232148214
  51   2.328107335958  2.028348155426 -3.452476224386
  52   2.304039400978  2.056540949538 -3.451266416750
  53   2.562100390398  1.735517467409 -3.453656273231
  54   2.594995287529  1.691718844126 -3.452335386779
  55   2.845137258188  1.314887027598 -3.417565962598
  56   2.092005805945  2.268752666805 -3.420183684307
  57   2.936506614435  1.132834161862 -3.443881917256
  58   3.192805253422  0.160721998681 -3.422723208920
  59   2.985514092796  1.014524828360 -3.456853914202
  60   3.144660897591  0.470490738409 -3.458723948621
  61   3.163980577256  0.369182576678 -3.450069399762
  62   3.176742431815  0.288503601581 -3.440887392192
  63   3.086549499725  0.715308259133 -3.469668406527
  64   3.113244734258  0.611305528599 -3.466771818438
  65   3.046198268444  0.846496499254 -3.467494237242
  66   3.019071671913  0.925716383740 -3.463772761500
  67   2.875057523380  1.258365302035 -3.421871042337
  68   3.207368673234 -0.130628470441 -3.448501328989
  69   3.180660226297 -0.559462070568 -3.461781927672
  70   3.126879819466 -0.860028339541 -3.439505322267
  71   3.199901617856  0.070685731756 -3.424244818564
  72   3.201702106333  0.042168362212 -3.428350002609
  73   3.193627974356 -0.442132806742 -3.463247496873
  74   3.195682839737 -0.415980634717 -3.462821414623
  75   3.205890430204 -0.227101892292 -3.455570188680
  76   3.201286072630 -0.325954011114 -3.460029973038
  77   3.082577689856 -1.034218825924 -3.414763009855
  78   3.100103058405 -0.970607829506 -3.425011966423
  79   3.173172054569 -0.612008492404 -3.459611656037
  80   3.152210073292 -0.738348665611 -3.451729008280
  81   3.157251298670 -0.711995643258 -3.453975740524
  82   3.195691290463  0.123457589402 -3.415856704926
  83   3.039328373902 -1.174825861180 -3.415386359978
  84   2.851693935387 -1.624901528740 -3.455168001361
  85   2.978942689021 -1.338566557498 -3.436127071919
  86   2.997650122767 -1.291181883962 -3.431105674410
  87   2.695636974412 -1.890803164209 -3.442701439322
  88   2.756437845475 -1.795179783459 -3.450908407797
  89   2.914127059491 -1.495676546817 -3.450557137721
  90   2.904090716804 -1.517920157177 -3.451916025851
  91   2.808466364356 -1.706544000655 -3.455070713093
  92   2.777351538123 -1.761083655398 -3.453225317552
  93   2.487943255520 -2.175021955124 -3.396842179565
  94   2.529989022833 -2.122575649328 -3.408264925933
  95   2.653766999344 -1.952349297047 -3.435241574457
  96   2.590699813619 -2.041834018286 -3.422652307413
  97   2.244710027907 -2.438702506682 -3.439191098625
  98   2.407719761914 -2.272094003768 -3.414212509559
  99   1.521420679143 -2.974552818328 -3.407360381060
 100   1.628942411096 -2.908793817975 -3.421840304837
 101   1.736970461852 -2.837954320508 -3.433042305529
 102   1.778239411666 -2.808967238652 -3.435971620040
 103   2.025057316622 -2.624697781049 -3.445841962673
 104   1.921834292296 -2.704749451592 -3.443809272928
 105   2.316316690055 -2.369245476098 -3.430834987822
 106   2.365784024392 -2.318181681947 -3.422901176342
 107   2.100098109739 -2.564579266948 -3.445971115388
 108   2.159153431224 -2.514144004876 -3.443882091930
 109   2.478325733509 -2.186631804139 -3.394066894283
 110   0.663656680731 -3.298080226461 -3.445408503403
 111   0.985183388907 -3.208772312262 -3.455079942736
 112   1.190289433332 -3.133659311527 -3.445587751456
 113   1.055497007044 -3.184688755499 -3.453264400846
 114   0.325328080713 -3.349920214845 -3.398857911615
 115   0.415675633980 -3.340227604697 -3.414872067977
 116   0.891734514139 -3.237513694507 -3.454673087169
 117   0.774030892825 -3.271658670223 -3.452385523961
 118   0.546885885607 -3.320144184343 -3.432943495298
 119   0.494798829603 -3.329149846282 -3.426661424268
 120   1.449884906544 -3.012461081657 -3.411016264876
 121   1.360118405248 -3.058377893547 -3.426430180581
 122   1.217218824339 -3.122482900663 -3.443206747497
 123   1.305191787345 -3.084309360378 -3.433993355731
 124  -0.130658233924 -3.363149151461 -3.441698505385
 125  -0.909341774135 -3.234458020052 -3.403547675694
 126  -0.775238235840 -3.271643609628 -3.423573340590
 127  -0.332192147574 -3.347882633512 -3.447982982886
 128  -0.246906699035 -3.355921909133 -3.446737569123
 129  -0.000598342952 -3.365000239863 -3.430476378870
 130   0.102645294946 -3.363202263100 -3.418641543756
 131   0.230928621741 -3.357379310033 -3.400721904193
 132   0.135785172100 -3.362099807037 -3.414372190242
 133  -0.474418385671 -3.329871222429 -3.445935565099
 134  -0.541192203294 -3.319243551551 -3.443029371790
 135  -0.676932217086 -3.293832330359 -3.433711782143
 136  -0.582872214269 -3.311922995817 -3.440600188316
 137   0.287181085287 -3.352798019142 -3.391047756657
 138  -1.482982359727 -3.004227335675 -3.454074942721
 139  -1.335551644387 -3.076288123367 -3.447962157480
 140  -2.022673689652 -2.653917608783 -3.407856101123
 141  -1.867588422622 -2.770132101013 -3.433465698783
 142  -1.916581427985 -2.734273944090 -3.426053370437
 143  -1.019292721725 -3.198904890843 -3.409508126654
 144  -1.117903113203 -3.163903382430 -3.424059591634
 145  -1.613143704420 -2.932640749267 -3.453155554463
 146  -1.645572906511 -2.913415595826 -3.451824765192
 147  -1.799028477669 -2.817053831740 -3.441255733252
 148  -1.714949602882 -2.870714607981 -3.447731391400
 149  -1.282803049767 -3.098989845286 -3.443332730253
 150  -1.195100084454 -3.135048115418 -3.434298102871
 151  -2.309540533310 -2.392536609292 -3.438255429303
 152  -2.637150921070 -1.993796899532 -3.442022829445
 153  -2.695655722133 -1.907483589334 -3.434157049829
 154  -2.732145092644 -1.849815379427 -3.427083660209
 155  -2.520076791248 -2.151914844484 -3.449508435674
 156  -2.558444647445 -2.102422815757 -3.448370433260
 157  -2.440896421560 -2.247598276824 -3.448208878289
 158  -2.414712467210 -2.277269784244 -3.446665728585
 159  -2.830605993103 -1.677596177061 -3.398608376401
 160  -2.793578327208 -1.745320607702 -3.410989384899
 161  -2.075511964836 -2.609909100007 -3.397429255901
 162  -2.157165581500 -2.538506935316 -3.414183377090
 163  -2.272123371409 -2.429855406280 -3.433177658167
 164  -2.194680040953 -2.504568128787 -3.421239694297
 165  -2.071580177506 -2.613135376667 -3.396502747480
 166  -2.868989292645 -1.604959792614 -3.405027545727
 167  -3.198182998851 -0.493387825970 -3.403145336338
 168  -2.965904084199 -1.392556565435 -3.434067116524
 169  -2.924437682572 -1.487970634575 -3.422810529147
 170  -3.160766501447 -0.745120047780 -3.435670437699
 171  -3.147386509866 -0.810249521186 -3.440887750934
 172  -3.076660690935 -1.083932133907 -3.450276676425
 173  -3.062237182174 -1.128272829306 -3.449235004230
 174  -3.095849110335 -1.017852287401 -3.449835253434
 175  -3.125544251780 -0.901770925267 -3.445591130941
 176  -2.977097336001 -1.364380482607 -3.436481954766
 177  -3.019979834396 -1.251359685914 -3.444425608870
 178  -3.174212747191 -0.666965225439 -3.427153947300
 179  -3.185773549762 -0.593016283843 -3.418091481004
 180  -3.209371457998 -0.353104402675 -3.412648878860
 181  -3.113270210488  0.658159231616 -3.424543708962
 182  -3.143190640185  0.534102221678 -3.439325115167
 183  -3.204444276087  0.103341811699 -3.452457855669
 184  -3.214258719730 -0.127775962556 -3.438857283093
 185  -3.214068521098 -0.257068132807 -3.426160558522
 186  -3.193213779343  0.222338777238 -3.453927304029
 187  -3.187676634613  0.272487299020 -3.453826125055
 188  -3.156190557259  0.466076729142 -3.444378912183
 189  -3.176977374045  0.347461308532 -3.451506290994
 190  -3.213074055176 -0.047435169724 -3.445579893275
 191  -3.210859978660  0.000134209017 -3.448205400872
 192  -3.201175713812 -0.453858965865 -3.395546205581
 193  -2.639447843718  1.686271420465 -3.459998173096
 194  -2.590922058400  1.755301222597 -3.451302297809
 195  -2.703491466626  1.588870796142 -3.468730142920
 196  -2.782413882027  1.460213874502 -3.475729498598
 197  -3.012137547291  0.972480661701 -3.446735048413
 198  -2.834321198359  1.366581811280 -3.476403272798
 199  -2.788501818590  1.449920442942 -3.476108527626
 200  -2.525121098243  1.841590692499 -3.436321821506
 201  -2.541609388276  1.820971085601 -3.440512701661
 202  -2.869741201770  1.297024691262 -3.474393266006
 203  -2.921376620281  1.191523244040 -3.469675365665
 204  -3.069863528623  0.807452644500 -3.420935599014
 205  -3.056170914968  0.849696231523 -3.428406171131
 206  -2.961754449865  1.100121074581 -3.462105234773
 207  -2.952136739375  1.123352940924 -3.464545085616
 208  -1.590329110334  2.642555995610 -3.429178636148
 209  -2.444352165847  1.939223519684 -3.436371912939
 210  -2.087088775443  2.291667872695 -3.474087305617
 211  -1.846118700505  2.479888538817 -3.464901232002
 212  -1.834870651966  2.487556224766 -3.463690318543
 213  -1.723798237719  2.560628310485 -3.449882653405
 214  -2.241566368095  2.151698903011 -3.466470750633
 215  -2.175741771983  2.213518670922 -3.471239382864
 216  -1.990674025475  2.371431219471 -3.473527586840
 217  -1.921722603233  2.424925964147 -3.470645219388
 218  -2.319785852388  2.073480032469 -3.457475713753
 219  -2.394346122245  1.994105892303 -3.445533754943
 220  -2.485692473632  1.889260380926 -3.425585969216
 221  -1.471666399019  2.707835923155 -3.422620368071
 222  -0.861850119853  2.946023409199 -3.473576519175
 223  -1.292507418963  2.791633455080 -3.449641840467
 224  -1.390793867361  2.747323839979 -3.436266819899
 225  -0.636219024583  3.000336418269 -3.462942860997
 226  -0.537555367079  3.017605156711 -3.452641437618
 227  -0.403026938487  3.036594076307 -3.434621627750
 228  -0.411868079542  3.035602677452 -3.436029585056
 229  -1.206032289343  2.827393580946 -3.458597636011
 230  -1.127071482665  2.858610210788 -3.465522946503
 231  -0.990513988339  2.906441136624 -3.472131666904
 232  -1.065129434531  2.880903417712 -3.469041439805
 233  -0.678203098214  2.991602305245 -3.466117992413
 234  -0.773407112269  2.968739198697 -3.470651921675
 235  -0.319427293091  3.044549449368 -3.420070928252
 236   0.982900956659  2.901029725948 -3.432980807077
 237   0.974118022596  2.903731458674 -3.432947055687
 238   0.986184142496  2.899904966968 -3.432896915020
 239   0.428622445227  0.382942336014 -1.170888669728
 240   2.848777514388  1.308015428524 -3.416276192139
 241   2.859910975553  1.286989151883 -3.415861740992
 242   0.000570118276 -0.135528219016 -0.622748415815
 243   0.427704191886  0.381445582928 -1.169389573995
 244   3.065850099954 -1.088211215093 -3.404395189835
 245   0.687776901558 -0.084994621696 -1.174718515794
 246   3.058738447372 -1.111319012283 -3.404150846119
 247   0.007299451186 -0.147647578933 -0.622748415815
 248   0.650507031736 -0.082083596978 -1.142926514313
 249   1.512175835590 -2.979432046431 -3.405571956137
 250   0.516758559753 -0.567881006213 -1.153155074148
 251   1.483600171685 -2.994554060525 -3.404656185779
 252   0.003901065393 -0.159164480246 -0.622748415815
 253   0.501988805982 -0.551871971395 -1.134676898013
 254  -0.940525095983 -3.224148492446 -3.397401834853
 255   0.069938287687 -0.879752677148 -1.197515975338
 256  -0.949698886139 -3.221164873111 -3.397302289574
 257  -0.001817489905 -0.162433199600 -0.622748415815
 258   0.070911797432 -0.865543445861 -1.185512286570
 259  -2.833918141772 -1.671271098464 -3.397349921556
 260  -0.454726990484 -0.691534954430 -1.179427312013
 261  -2.848448016153 -1.643695110600 -3.397253267163
 262  -0.746041396652 -0.236916685740 -1.217432407536
 263  -0.009332837751 -0.160087557900 -0.622748415815
 264  -0.439523260121 -0.678317724591 -1.162426389294
 265  -3.092162960069  0.730436849223 -3.412639911490
 266  -3.081104781544  0.768508906469 -3.412944086076
 267  -0.011917761821 -0.155223978168 -0.622748415815
 268  -0.716517570759 -0.229239076983 -1.191730934306
 269  -1.515826017722  2.683615129938 -3.414352584553
 270  -0.545603995769  0.307798736805 -1.185369717581
 271  -1.508331391003  2.687734226717 -3.414515860617
 272  -0.075196746599  0.559316162576 -1.190186822792
 273  -0.000320290501 -0.135250248254 -0.622748415815
 274  -0.067270053266  0.529124830957 -1.163637137874
 275  -0.006964405567 -0.138714762647 -0.622748415815
 276  -0.535816152440  0.296315569501 -1.172539914298
 277  -3.080809017931  0.776833566322 -3.645492867618
 278   0.651993195028  2.987301453805 -3.629102338672
 279  -0.050720114598  3.058365382021 -3.632536011482
 280   0.929451947299  2.919063491005 -3.662241035014
 281   0.807770674189  2.952364640973 -3.644810390612
 282  -0.271525314149  3.048200077559 -3.661512310617
 283  -0.172469431094  3.054475439909 -3.647040764992
 284   0.428702763224  3.025152602741 -3.617083642370
 285   0.503420810678  3.013313297655 -3.620395765551
 286   0.307929034079  3.040416092051 -3.615055395775
 287   0.225164351515  3.048239739993 -3.615928706453
 288   0.059182725384  3.056641037649 -3.623937610398
 289   0.186693663562  3.050661536957 -3.617377557383
 290   1.046148189140  2.881119604606 -3.651679503231
 291   1.758788396971  2.527011103049 -3.600614140132
 292   1.860923467626  2.457613439331 -3.607731951278
 293   1.973302362529  2.370276547374 -3.624063421784
 294   1.608128067789  2.619334858317 -3.597891634182
 295   1.496884867289  2.682786128261 -3.599533985503
 296   1.353447795990  2.754633807919 -3.609367587858
 297   1.456398475539  2.704236102364 -3.601403548313
 298   1.306885374444  2.775660603558 -3.614337573695
 299   2.016883459175  2.334195510484 -3.632108863858
 300   1.176636725432  2.831820611323 -3.630297925171
 301   1.178780193219  2.830932824081 -3.630007071215
 302   0.963423614288  2.908041640466 -3.668588058461
 303   0.961951738856  2.901676666807 -3.674187472145
 304   2.756288516415  1.460857950972 -3.635749398264
 305   2.126520709105  2.236801987634 -3.631053260819
 306   2.246793846753  2.118790294336 -3.614868046763
 307   2.219730408450  2.146696855718 -3.617744708245
 308   2.827317035620  1.344055467363 -3.652856931365
 309   2.800501071459  1.391140687134 -3.644706946367
 310   2.717544018476  1.517956169173 -3.630161956784
 311   2.635578727663  1.634650860002 -3.620661460729
 312   2.474204183497  1.848681621510 -3.610854647571
 313   2.406570341638  1.933098676674 -3.609736359762
 314   2.100962186676  2.260046892566 -3.635530264885
 315   2.288684798291  2.072810024410 -3.611991327156
 316   2.361581563619  1.987480102737 -3.609995085816
 317   2.528190421817  1.779080919742 -3.613002688535
 318   2.605628325855  1.675893311886 -3.617981380488
 319   2.063504338063  2.293021642233 -3.642709936622
 320   1.561920091437  1.730077041000 -4.307436434479
 321   2.874999448938  1.257490419417 -3.645133906125
 322   2.938823238103  1.127312559315 -3.622052493890
 323   3.195109928752  0.149896078864 -3.636151098110
 324   2.985167209728  1.015423244999 -3.609370507318
 325   3.195755688196  0.141808247156 -3.637507674639
 326   3.139179046650  0.499734867922 -3.601009625600
 327   3.137526574933  0.507116179022 -3.600665275198
 328   3.165143886869  0.363658523906 -3.611139836545
 329   3.179367776465  0.273955396318 -3.620249337048
 330   3.090856357691  0.699899777652 -3.594623390782
 331   3.097344744114  0.674634417060 -3.595102493047
 332   3.040606546236  0.863195454914 -3.598515992021
 333   3.020543131132  0.921804580915 -3.601617992297
 334   2.843240011912  1.314971891397 -3.658333069618
 335   2.835591952840  1.311492092002 -3.665579692680
 336   3.208595492061 -0.108021475526 -3.613773719065
 337   3.184654197582 -0.535792922417 -3.601576176121
 338   3.122952091426 -0.888800620299 -3.628122708302
 339   3.205957727416 -0.020708090157 -3.622831201600
 340   3.194024569964 -0.450773865367 -3.599974731815
 341   3.206110174918 -0.262933205265 -3.603958160226
 342   3.201966573008 -0.349948019634 -3.600842961359
 343   3.086743981442 -1.029289790435 -3.648858245560
 344   3.109112701944 -0.946944731199 -3.635704185147
 345   3.144576854810 -0.783819529168 -3.617369276490
 346   3.163678772633 -0.683390490623 -3.608465762093
 347   3.070989990291 -1.080858116842 -3.658619643663
 348   3.197123482294  0.120164146758 -3.641440976247
 349   2.416241326006  0.039619128496 -4.316810428757
 350   3.038974824508 -1.184155282645 -3.637699911408
 351   2.856841232182 -1.615453382078 -3.586418220866
 352   2.953546583789 -1.407233329329 -3.604270870498
 353   3.005736671822 -1.275905487264 -3.622457606127
 354   2.714644225962 -1.864058973886 -3.586138441911
 355   2.736005094198 -1.830363755076 -3.584533548540
 356   2.938271756051 -1.443911883699 -3.599741209785
 357   2.906853215661 -1.513420140392 -3.593102007284
 358   2.805088953144 -1.713189396411 -3.583042482096
 359   2.768677520480 -1.777024577627 -3.582891247967
 360   2.542324295496 -2.107809163658 -3.611750363240
 361   2.615564633411 -2.009953725817 -3.598272895954
 362   2.613424205041 -2.013005369872 -3.598580216756
 363   3.070239041846 -1.083298533347 -3.658603892797
 364   2.253302548310 -2.431550108696 -3.589355526525
 365   2.417680805445 -2.261167412222 -3.610700905105
 366   1.522121390419 -2.976253885602 -3.643928959544
 367   1.637484769683 -2.905386361227 -3.624746131113
 368   1.717350587965 -2.852806883127 -3.613933331246
 369   1.835197929243 -2.769910485774 -3.601703880940
 370   2.001337870808 -2.644258505090 -3.590624775911
 371   1.903247336701 -2.720386889097 -3.595803712882
 372   2.301789213224 -2.384594388693 -3.593335816540
 373   2.360223240712 -2.324311412837 -3.600723513402
 374   2.086264891230 -2.576207634434 -3.587640870731
 375   2.180748790917 -2.495510525173 -3.587819899946
 376   2.473081202994 -2.194278276406 -3.624533394876
 377   2.478435199654 -2.187600002903 -3.626020272954
 378   1.893998591496 -1.744518715680 -4.285765591563
 379   0.645032656671 -3.304262684883 -3.600569317206
 380   0.934678651412 -3.226829722131 -3.596593218025
 381   1.175453406542 -3.141324018088 -3.610843179822
 382   1.085398669469 -3.175266181704 -3.603884549594
 383   0.876525312567 -3.244699874764 -3.595461706747
 384   0.759005847726 -3.276854847019 -3.596462261362
 385   0.337642939787 -3.352678558031 -3.632827571052
 386   0.402162411406 -3.345394305903 -3.623666538165
 387   0.583200174448 -3.316137770740 -3.605284145336
 388   0.483112228760 -3.333727499045 -3.614271755407
 389   1.416830407075 -3.032009560441 -3.644724591869
 390   1.361968853043 -3.059844988445 -3.634540760386
 391   1.237157398788 -3.115826338897 -3.617472357185
 392   1.304784965856 -3.086654998486 -3.625756047717
 393   1.470311686414 -3.003787541937 -3.655554895454
 394   1.464348653831 -2.987101909029 -3.670818302210
 395  -0.130821474928 -3.365777771316 -3.595442928433
 396  -0.927221785572 -3.235351651702 -3.635704902025
 397  -0.789626774553 -3.272505220676 -3.616114509469
 398  -0.347374161330 -3.349025517084 -3.590219483872
 399  -0.251293475774 -3.358123733228 -3.591097691121
 400  -0.012970349323 -3.367782954468 -3.604431452506
 401   0.095212590608 -3.366249639012 -3.615598379170
 402   0.222276541626 -3.361729989993 -3.631063765926
 403   0.173630921691 -3.363915974864 -3.624749156703
 404  -0.457460349969 -3.335160723716 -3.592186396590
 405  -0.552870441465 -3.320126032806 -3.596499474368
 406  -0.675515346007 -3.297769600776 -3.604662310739
 407  -0.606583873943 -3.310811729836 -3.599662329597
 408   0.287399159553 -3.356767441009 -3.641276850465
 409   0.208501733137 -2.591504792683 -4.295436230003
 410  -1.494642274305 -3.001975463098 -3.582443294430
 411  -1.335636093048 -3.080102385263 -3.590997982906
 412  -1.996005218887 -2.681787935220 -3.611845853886
 413  -1.844825439520 -2.792299362248 -3.592320088517
 414  -1.938790189817 -2.724437673132 -3.603825648279
 415  -1.053170981924 -3.194122185949 -3.625103804994
 416  -1.077879666568 -3.185098954977 -3.621394612686
 417  -1.621164714932 -2.932382331618 -3.581306280771
 418  -1.711038048618 -2.879300578309 -3.583283118258
 419  -1.784176013230 -2.833293908654 -3.587036579758
 420  -1.721720626920 -2.872772630804 -3.583684911110
 421  -1.258467401473 -3.113696864441 -3.598449308630
 422  -1.190653962148 -3.142008972968 -3.605920812512
 423  -0.959490766324 -3.225039377905 -3.641681088622
 424  -0.957224729506 -3.217439064694 -3.648455400257
 425  -2.688226438838 -1.923165187922 -3.599388413078
 426  -2.755075282248 -1.818134738577 -3.612128007423
 427  -2.524408775272 -2.149724590594 -3.585114677994
 428  -2.448439844002 -2.241569809301 -3.585762644772
 429  -2.337249239766 -2.367791127506 -3.591222337746
 430  -2.835308682304 -1.676167249900 -3.636163359898
 431  -2.780084155021 -1.776087736736 -3.618407984333
 432  -2.654600788646 -1.972514644898 -3.594894404758
 433  -2.582932720707 -2.074327367809 -3.587167765188
 434  -2.102521524608 -2.594040316888 -3.624852213854
 435  -2.104823897677 -2.591995629575 -3.624426407551
 436  -2.223790735595 -2.481518025099 -3.605077281799
 437  -2.195282164704 -2.509255409340 -3.609019617029
 438  -2.082875176880 -2.610413461535 -3.629076262141
 439  -2.884264559068 -1.582845986625 -3.622881669959
 440  -3.203042589806 -0.475799365546 -3.626437669280
 441  -2.968150327574 -1.393353154299 -3.598799441279
 442  -2.912970510921 -1.521411494876 -3.613802708709
 443  -3.166180212212 -0.734742575018 -3.593857679831
 444  -3.143976782777 -0.841215187010 -3.586395093972
 445  -3.086061796168 -1.061315061924 -3.581087236297
 446  -3.043475746800 -1.192556057640 -3.584703318334
 447  -3.103390918951 -1.001672389430 -3.581148458609
 448  -3.133106310301 -0.886273159570 -3.584478471306
 449  -3.001732183518 -1.308245664172 -3.591430886439
 450  -3.025977640050 -1.243813776262 -3.586844563057
 451  -3.167084319774 -0.729626936411 -3.594353232382
 452  -3.184353986972 -0.621851033478 -3.606290756161
 453  -2.842063892905 -1.663425605014 -3.638620615034
 454  -2.830092984245 -1.656773475277 -3.650335733708
 455  -3.210973071858 -0.373500504862 -3.618688251060
 456  -3.115260266324  0.657608692966 -3.625031288860
 457  -3.140902690442  0.550251297907 -3.610807854791
 458  -3.208508140370  0.077858227580 -3.587349638903
 459  -3.216645136325 -0.162887330499 -3.598162709876
 460  -3.216737901599 -0.247476191481 -3.604355263012
 461  -3.199163367457  0.176812497845 -3.588096220779
 462  -3.185984544271  0.296342995696 -3.590633991323
 463  -3.170020125543  0.397276827591 -3.596960797099
 464  -3.179055919078  0.345233251131 -3.593002799904
 465  -3.214780722706 -0.049203242377 -3.591345308854
 466  -3.209447664027  0.063008533936 -3.587638005641
 467  -3.081602346186  0.774103506549 -3.645511772682
 468  -3.204738379201 -0.454981442170 -3.630124564899
 469  -2.653594021877  1.666412259855 -3.611725909101
 470  -2.592786539769  1.752952275769 -3.622856756634
 471  -2.713218372368  1.575549052479 -3.603235148832
 472  -2.746434327106  1.521283730376 -3.599976272215
 473  -3.012705970349  0.975374767749 -3.618593346856
 474  -3.044992016578  0.885999011919 -3.630203869181
 475  -2.833110919598  1.371398893353 -3.594812909468
 476  -2.807338903883  1.418291197334 -3.595409641368
 477  -2.479053948283  1.897103114613 -3.650821113331
 478  -2.564274597095  1.790931524790 -3.629124200928
 479  -2.870775982217  1.297503683881 -3.596104677818
 480  -2.911941704805  1.213531609931 -3.598811133990
 481  -3.050454301594  0.870078157387 -3.632490902808
 482  -2.988716703104  1.035808126810 -3.612377012236
 483  -2.949742866050  1.129855547786 -3.603945912508
 484  -3.077743373759  0.786270642337 -3.645638788150
 485  -1.590823139875  2.640795745072 -3.648325910221
 486  -2.458476282262  1.921976963760 -3.651163092104
 487  -2.088752232723  2.289777446390 -3.609299784299
 488  -1.889351283294  2.447621251080 -3.613508319061
 489  -1.753315050231  2.539816723410 -3.626619113321
 490  -1.718065380028  2.562940003868 -3.630523012974
 491  -2.238104644549  2.155150356315 -3.616989931451
 492  -2.186774191274  2.203347637594 -3.613072565154
 493  -1.990287425379  2.371235551219 -3.609054740772
 494  -1.927752060495  2.419735703953 -3.611037143250
 495  -2.278501197958  2.114753481315 -3.621703124398
 496  -2.361407626984  2.028796689079 -3.633392148446
 497  -2.352700121204  2.038072093325 -3.632000841004
 498  -2.468403453197  1.909975032843 -3.653692837679
 499  -1.860933534530  1.408132020644 -4.316155166247
 500  -1.482322235444  2.700439134498 -3.649133741238
 501  -0.868430321879  2.944007740416 -3.601020227007
 502  -1.299355733102  2.787656940577 -3.622529531024
 503  -1.367981679336  2.756627316135 -3.631096205404
 504  -0.599654279656  3.005980616594 -3.617415281095
 505  -0.547201115034  3.015108008470 -3.623103128421
 506  -0.299816431487  3.045529394393 -3.660517644534
 507  -0.438988785568  3.030412000400 -3.637794470346
 508  -1.206653286884  2.826112714291 -3.613859250844
 509  -1.109080769946  2.864795213444 -3.606237632393
 510  -0.979591264521  2.909810196618 -3.601424010848
 511  -1.071199121375  2.878437192201 -3.604432724540
 512  -0.725302665576  2.980087973198 -3.607168930766
 513  -0.764591803041  2.970658543089 -3.605082939659
 514  -0.282911435178  3.047116597033 -3.663486674899
 515  -1.530869262561  2.673681630565 -3.659225081480
 516  -1.526384815195  2.666357584881 -3.666508142270
 517   0.553374520962  1.562749479427 -4.621026161384
 518   1.606806500052  0.655659049472 -4.620074885913
 519   1.560466523317  1.721121851853 -4.313508349586
 520   1.564298216487  1.714929274894 -4.314369853392
 521   1.615229593463  0.639322991792 -4.620053694931
 522   1.721355800263 -0.691609589612 -4.618103983896
 523   2.407810057873  0.048257058035 -4.321869596372
 524   2.410710836907  0.041990472035 -4.320902754929
 525   1.718097561135 -0.701948584556 -4.618087267030
 526   0.829878744344 -1.741038884778 -4.616191400517
 527   1.895257369900 -1.735216975802 -4.288971791526
 528   1.892946354527 -1.741173010834 -4.288102971670
 529   0.827504314883 -1.742261276392 -4.616188658591
 530  -0.488166126975 -1.880745100857 -4.615475255130
 531   0.211790046089 -2.588813645495 -4.296896026395
 532   0.209093481127 -2.590047675975 -4.296506874853
 533  -0.519558066634 -1.870851525833 -4.615477972004
 534  -1.580612357433 -1.028118069810 -4.616330061688
 535  -1.554978837157 -2.023685771647 -4.303429021033
 536  -1.568116193332 -2.015117318478 -4.302840964146
 537  -1.565764251756 -2.019423892832 -4.302056699955
 538  -1.590581034460 -1.009369915013 -4.616354265455
 539  -1.713006647108  0.374824407679 -4.618377362815
 540  -2.400770356257 -0.402440114990 -4.320055475288
 541  -2.403170080515 -0.397035063658 -4.319308468439
 542  -2.403210359678 -0.397207445401 -4.319286403928
 543  -1.705791079601  0.398586772446 -4.618415678572
 544  -0.841341480278  1.457751487806 -4.620332421796
 545  -1.862954440884  1.396465756105 -4.319331609065
 546  -1.859804977179  1.405708316087 -4.317987583500
 547   0.529128885218  1.570412822654 -4.621028292698
 548  -0.835365473785  1.460984887549 -4.620339557327
 549  -0.236495109216  2.271964547789 -4.324710658434
 550  -0.247953259337  2.267784172146 -4.325969922139
 551  -0.238454768642  2.272478019288 -4.324449547838
# facets:
#   id   num_of_sides   plane_coeff  (ax + by + cz + d = 0)
#   indices_of_vertices
  0     8    0.196940391250  0.630848552802  0.750496226321  0.552755837530
       237 274 273 242 243 239 238 236
  1     6    0.575888579794  0.319764904991  0.752397999199  0.511563505537
       242 247 248 241 240 243
  2     7    0.629261380976 -0.185681276530  0.754687072871  0.437971525400
       253 246 244 245 248 247 252
  3     7    0.325818260570 -0.570012147919  0.754273565959  0.377725942694
       258 251 249 250 253 252 257
  4     7   -0.195100670783 -0.625095216247  0.755772253318  0.368765163941
       264 256 254 255 258 257 263
  5     8   -0.578121417077 -0.307263383926  0.755886790475  0.416142743153
       262 261 259 260 264 263 267 268
  6     6   -0.628894483694  0.188690881189  0.754246299120  0.491500022466
       267 275 276 266 265 268
  7     8   -0.303937503699  0.582879883836  0.753573509927  0.548024010203
       272 271 269 270 276 275 273 274
  8     6    0.168918670462  0.534202246755 -0.828308180771 -4.755933344403
       517 547 549 303 320 519
  9     5    0.502908484616  0.258236448094 -0.824861802350 -4.788314983498
       521 518 520 335 523
 10     7    0.537713497565 -0.170790431329 -0.825648123054 -4.856645434407
       347 363 527 525 522 524 349
 11     6    0.255610196287 -0.498367186119 -0.828428376720 -4.903986067223
       529 526 528 378 394 531
 12     6   -0.169465509939 -0.537934425311 -0.825777206640 -4.905799120127
       533 530 532 409 424 535
 13     5   -0.501415005972 -0.267672109937 -0.822760374196 -4.865874736620
       538 534 536 454 540
 14     7   -0.539730914047  0.162560264121 -0.825993160354 -4.800242311741
       467 277 484 545 543 539 541
 15     6   -0.270140728781  0.497457992672 -0.824354009016 -4.761240284467
       548 544 546 499 516 550
 16    16    0.080287594412  0.670038097650  0.737972119989  0.509598921134
       237 30 21 19 25 24 26 27 29 28 20 23 22 235 272 274
 17    15    0.328326409406  0.590106485903  0.737547357247  0.496881019347
       56 39 40 33 32 31 34 35 37 36 41 42 38 238 239
 18    17    0.526847701054  0.418007370340  0.740068468613  0.480646315965
       240 55 45 46 47 54 53 48 49 51 52 50 44 43 56 239 243
 19    15    0.645992275501  0.186428305456  0.740228658536  0.441107148724
       82 58 62 61 60 64 63 65 66 59 57 67 241 248 245
 20    17    0.667922916736 -0.064560590743  0.741424916915  0.406096320832
       244 77 78 70 80 81 79 69 73 74 76 75 68 72 71 82 245
 21    18    0.591504882308 -0.312300670299  0.743364154057  0.374199316231
       109 93 94 96 95 87 88 92 91 84 90 89 85 86 83 246 253 250
 22    15    0.418982092521 -0.521382462683  0.743380342593  0.344637033859
       249 99 100 101 102 104 103 107 108 97 105 106 98 109 250
 23    18    0.200142668576 -0.640239389190  0.741644413951  0.310881081538
       137 114 115 119 118 110 117 116 111 113 112 122 123 121 120 251 258 255
 24    16   -0.073568479633 -0.665375083700  0.742875276743  0.309384753885
       254 125 126 135 136 134 133 127 128 124 129 130 132 131 137 255
 25    17   -0.318627232785 -0.588879000902  0.742763898439  0.323917212492
       165 140 142 141 147 148 146 145 138 139 149 150 144 143 256 264 260
 26    17   -0.520084382138 -0.420283641546  0.743554904566  0.349831727635
       259 159 160 154 153 152 156 155 157 158 151 163 164 162 161 165 260
 27    17   -0.641866060198 -0.191346962407  0.742559291063  0.379823805284
       192 167 179 178 170 171 175 174 172 173 177 176 168 169 166 261 262
 28    16   -0.665474064238  0.071979311452  0.742942291534  0.425063922234
       265 181 182 188 189 187 186 183 191 190 184 185 180 192 262 268
 29    19   -0.591053623250  0.322344726703  0.739425108858  0.454793614206
       220 200 201 194 193 195 196 199 198 202 203 207 206 197 205 204 266 276 270
 30    15   -0.431963068258  0.516953756299  0.739030934068  0.481226400359
       219 209 220 270 269 208 213 212 211 217 216 210 215 214 218
 31    17   -0.190188249963  0.645224755833  0.739941513930  0.505482467446
       232 230 229 223 224 221 271 272 235 227 228 226 225 233 234 222 231
 32    17    0.069413512072  0.649820718081 -0.756911354582 -4.733376280429
       284 285 278 281 280 302 303 549 551 514 282 283 279 288 289 287 286
 33    16    0.339424984921  0.575830431410 -0.743780877594 -4.730174563790
       297 295 294 291 292 293 299 319 320 303 302 290 300 301 298 296
 34    21    0.514778540124  0.422317435959 -0.746090502495 -4.748422058291
       313 312 317 318 311 310 304 309 308 334 335 520 519 320 319 314 305 307 306 315 316
 35    19    0.633334195530  0.176932501920 -0.753380837649 -4.789500424730
       349 524 523 335 334 321 322 324 333 332 330 331 327 326 328 329 323 325 348
 36    14    0.656476909033 -0.058186825263 -0.752098637994 -4.830568569813
       339 336 341 342 340 337 346 345 338 344 343 347 349 348
 37    18    0.582804510273 -0.334185134489 -0.740715329052 -4.861355413585
       355 354 361 362 360 377 378 528 527 363 350 353 352 356 357 351 358 359
 38    17    0.439198855794 -0.515866060219 -0.735517894401 -4.884037294898
       366 393 394 378 377 376 365 373 372 364 375 374 370 371 369 368 367
 39    20    0.178451171207 -0.628646984346 -0.756939990070 -4.917736508601
       409 532 531 394 393 389 390 392 391 381 382 380 383 384 379 387 388 386 385 408
 40    17   -0.068669718438 -0.652318937697 -0.754827446037 -4.918483057201
       409 408 402 403 401 400 395 399 398 404 405 407 406 397 396 423 424
 41    18   -0.322682189802 -0.574354587417 -0.752325070895 -4.901654726048
       411 410 417 418 420 419 413 414 412 438 537 535 424 423 415 416 422 421
 42    18   -0.508078920255 -0.414927871902 -0.754778558196 -4.880547221994
       425 426 431 430 453 454 536 537 438 434 435 437 436 429 428 427 433 432
 43    19   -0.633050644336 -0.184703935771 -0.751752178458 -4.841752608690
       454 453 439 442 441 449 450 446 445 447 448 444 443 451 452 440 468 542 540
 44    16   -0.653251083570  0.055993166147 -0.755068067898 -4.809014108734
       468 455 460 459 465 466 458 461 462 464 463 457 456 467 541 542
 45    20   -0.574687935694  0.306190676789 -0.758934151304 -4.776290505823
       499 546 545 484 481 474 473 482 483 480 479 475 476 472 471 469 470 478 477 498
 46    17   -0.413497115931  0.502111298156 -0.759542216984 -4.754831710146
       498 486 496 497 495 491 492 487 493 494 488 489 490 485 515 516 499
 47    19   -0.191302749151  0.630719685108 -0.752061125830 -4.731164069071
       508 509 511 510 501 513 512 504 505 507 506 514 551 550 516 515 500 503 502
 48     4    0.240262670890  0.278049083517 -0.930033631721 -4.865186044080
       519 520 518 517
 49     4    0.370317854285  0.028168343070 -0.928477911017 -4.905774830050
       523 524 522 521
 50     4    0.285808553350 -0.246000214196 -0.926173507205 -4.940876561300
       527 528 526 525
 51     4    0.039231243046 -0.377483919657 -0.925184738293 -4.960966934586
       531 532 530 529
 52     5   -0.235094177978 -0.296934099847 -0.925505736249 -4.949316028976
       537 536 534 533 535
 53     5   -0.365429826519 -0.033680180750 -0.930229373496 -4.909509848859
       542 541 539 538 540
 54     4   -0.287676067486  0.233109115134 -0.928925519424 -4.873793662695
       545 546 544 543
 55     5   -0.029459027067  0.361469225891 -0.931918539604 -4.858490223183
       550 551 549 547 548
 56    16   -0.000384811964 -0.001495603438 -0.999998807544 -4.618470452385
       547 517 518 521 522 525 526 529 530 533 534 538 539 543 544 548
 57     8    0.000000000000  0.000000000000  1.000000000000  0.622748415815
       242 273 275 267 263 257 252 247
 58     6    0.078449201639 -0.996791617410  0.015880624170 -3.310718132249
       385 114 137 131 402 408
 59     8    0.955737077105 -0.294023116551  0.010818797570 -3.213274403892
       343 77 244 246 83 350 363 347
 60     7   -0.308900549771 -0.950698136654  0.027450014840 -3.262461952501
       396 125 254 256 143 415 423
 61     7   -0.884587014943 -0.466143219200  0.014707555464 -3.235932167216
       430 159 259 261 166 439 453
 62     7    0.467915795741 -0.883739153712  0.007740561487 -3.314250675539
       366 99 249 251 120 389 393
 63     7   -0.481745138935  0.876291154633 -0.005952598098 -3.102194285014
       485 208 269 271 221 500 515
 64     5    0.876258024811  0.481726925661 -0.010537696470 -3.163419646950
       308 18 17 321 334
 65     6   -0.094107697371  0.995555448559 -0.003618029944 -3.073452278783
       235 22 282 514 506 227
 66     6   -0.996797351128 -0.078449652892  0.015514275529 -3.173849110954
       440 167 192 180 455 468
 67     7   -0.960256793317  0.278980387818  0.008765506326 -3.143134527192
       456 181 265 266 204 277 467
 68     6   -0.637270642640 -0.770327877964  0.021933728822 -3.258630290335
       412 140 165 161 434 438
 69     6    0.309016082450  0.951053709677  0.002429423056 -3.054504628676
       280 9 10 5 290 302
 70     5    0.770508209072 -0.637419825507  0.003614665043 -3.291104370509
       98 365 376 93 109
 71     6   -0.770513140721  0.637423905322 -0.000514684691 -3.121281541561
       209 486 498 477 200 220
 72     5    0.996894385130  0.078457289634  0.006785174957 -3.172275666550
       323 58 82 71 325
 73     5    0.673011285946  0.739629745904 -0.001909964270 -3.092512904766
       43 305 314 39 56
 74     4    0.625239829454 -0.780426878813  0.003007073461 -3.304169288454
       374 107 103 370
 75     4    0.125332653627  0.992110110640 -0.003042088208 -3.066018425837
       286 26 24 284
 76     4   -0.960086479799 -0.278930907167  0.020772586143 -3.184531336235
       174 447 445 172
 77     4    0.955787762511  0.294038709418 -0.003315176841 -3.171917121921
       332 65 63 330
 78     4   -0.294040324611  0.955793012780  0.000064990270 -3.068981530331
       222 501 510 231
 79     5    0.293997739938 -0.955654589135  0.017018671390 -3.297318805295
       11 383 380 111 116
 80     4   -0.125304679728 -0.991888674429  0.021344666255 -3.288756052134
       133 404 398 127
 81     4   -0.770434265535 -0.637358654093  0.014317420979 -3.263706996314
       428 157 155 427
 82     4   -0.890967480260  0.453970605864  0.009361523945 -3.113131556699
       479 202 198 475
 83     4    0.790154875521  0.612906947498 -0.000588556768 -3.090199501099
       312 48 53 317
 84     4   -0.637421252297  0.770509933765 -0.002930714897 -3.106289161120
       487 210 216 493
 85     4    0.883765210250 -0.467929591968  0.000974736818 -3.277199520245
       351 84 91 358
 86     4   -0.481559699950 -0.875953842373  0.028374661518 -3.247700810869
       410 138 145 417
 87     4    0.522498538411  0.852640121429  0.000317314639 -3.072452892970
       294 34 31 291
 88     4    0.993913051050 -0.109729022395  0.009817769422 -3.188701959190
       69 337 340 73
 89     4   -0.995487709143  0.094101294111  0.012213410344 -3.157543205207
       458 183 186 461
 90     5    0.411514293977  0.911403133500  0.000560445048 -3.065522146194
       36 296 298 14 41
 91     4    0.982287031549  0.187381272775  0.000668030145 -3.174810239853
       326 60 61 328
 92     4   -0.835791985560  0.549012717980  0.006065671395 -3.110826597940
       471 195 193 469
 93     4    0.015707316822  0.999876601307 -0.000249713460 -3.058098399959
       279 20 28 288
 94     4    0.827071058477 -0.562076910923  0.004796919651 -3.275745765211
       354 87 95 361
 95     4   -0.382676333393  0.923862394077 -0.006091032049 -3.094709046174
       502 223 229 508
 96     4   -0.929679319846 -0.368086081927  0.014456781875 -3.220274822511
       441 168 176 449
 97     4    0.187355352285 -0.982151151580  0.016645943045 -3.306200849924
       118 387 379 110
 98     4   -0.015705018130 -0.999730274074  0.017109398175 -3.305408622748
       124 395 400 129
 99     5   -0.826972632632 -0.562010020788  0.016155538099 -3.245777745841
       6 152 153 425 432
100     4    0.549000197054 -0.835772924271  0.009077592747 -3.294318747299
       100 367 368 101
101     4   -0.984861505809 -0.171885848705  0.022429208413 -3.163933479640
       178 451 443 170
102     4   -0.202772151529  0.979149683847 -0.012220932336 -3.109106346229
       512 233 225 504
103     4   -0.562010862022  0.826973870471 -0.016062643816 -3.143997259898
       488 211 212 489
104     4    0.923750114481 -0.382629825662  0.016737458315 -3.206462104915
       89 356 352 85
105     5   -0.707106780364  0.707106780364 -0.000048247393 -3.106674909311
       214 491 495 16 218
106     4    0.218137535331  0.975891234467 -0.007232853522 -3.083754257726
       21 281 278 19
107     4   -0.929736500573  0.368108721379  0.009274090085 -3.126507504070
       206 482 473 197
108     4    0.999862729322 -0.015707098904  0.005273476806 -3.190794598092
       336 68 75 341
109     4    0.923879521701  0.382683427888  0.000152973496 -3.145968364050
       59 324 322 57
110     4    0.979168395814 -0.202776026592  0.010542090769 -3.199875448871
       70 338 345 80
111     5   -0.707040453006 -0.707040453006  0.013696555248 -3.277466497530
       436 163 151 0 429
112     4   -0.561741945611 -0.826578171989  0.034849851257 -3.219177713447
       141 413 419 147
113     4   -0.397026721979 -0.917474621442  0.024700223550 -3.267500536756
       421 149 139 411
114     4   -0.982277125558  0.187379383106  0.004540417574 -3.171948039741
       463 188 182 457
115     4   -0.218096660340 -0.975708370273  0.020664533069 -3.290500380160
       126 397 406 135
116     4    0.382669626526 -0.923846202267  0.008494203374 -3.321239343960
       391 122 112 381
117     4    0.695901822590 -0.718114973472  0.005615887401 -3.294052475539
       97 364 372 105
118     4   -0.999810334117  0.015706275814  0.011515584754 -3.172041747503
       459 184 190 465
119     4    0.612887075484  0.790129256675 -0.008074060369 -3.111497267357
       292 32 33 293
120     3    0.827048592894  0.562061643328 -0.008793980391 -3.132649468618
       310 1 304
121     4    0.739564681661  0.672952082040 -0.013400631219 -3.135935229612
       306 3 13 315
122     4    0.587747366234 -0.808964848689  0.011353724965 -3.278500211168
       102 369 371 104
123     4    0.467920239511  0.883747546534  0.006397143876 -3.048301647559
       35 295 297 37
124     4   -0.972018459561 -0.233360985574  0.026884283238 -3.155892612900
       171 444 448 175
125     3    0.972350945728  0.233440808441 -0.006247183097 -3.191652558430
       331 4 327
126     4   -0.860741639013  0.509041186293  0.000949487894 -3.134948325064
       476 199 196 472
127     4   -0.860578256891 -0.508944562376  0.019506311654 -3.225828378220
       160 431 426 154
128     4   -0.140898227831  0.990002549761 -0.006529997022 -3.085723136205
       505 226 228 507
129     4   -0.522490163804  0.852626455311 -0.005670664198 -3.103490189378
       490 213 208 485
130     5    0.353474819248  0.935443965909 -0.000372563163 -3.066273472516
       290 5 38 42 300
131     5    0.233431941418 -0.972314011922  0.010723383160 -3.324741848525
       110 379 384 12 117
132     5    0.898025855149  0.439938326937 -0.001957543399 -3.142177577760
       57 322 321 17 67
133     4    0.062790489218  0.998026246645  0.000982583603 -3.052808494109
       27 287 289 29
134     4    0.171921734850  0.985067124145 -0.009256241910 -3.088376102419
       19 278 285 25
135     4   -0.904642068159 -0.425692244558  0.020219827910 -3.209778272763
       439 166 169 442
136     4   -0.945842109364 -0.323834135292  0.022675029754 -3.183554625462
       173 446 450 177
137     4   -0.031410455376  0.999496896407 -0.004397427077 -3.074393661521
       20 279 283 23
138     4    0.992105289643  0.125332044594  0.004355784633 -3.172833952270
       58 323 329 62
139     4   -0.062781308743 -0.997880327166  0.017127753141 -3.305274708105
       395 124 128 399
140     4   -0.739620299492  0.673002690372 -0.005402900288 -3.131561501744
       486 209 219 496
141     4   -0.439922791638  0.897994143659 -0.008628751414 -3.108573331942
       500 221 224 503
142     4    0.770512209713  0.637423135125 -0.001637525471 -3.092404685992
       49 313 316 51
143     4    0.323913173347 -0.946072960631  0.005119501499 -3.337158312335
       382 113 111 380
144     4   -0.992046577620 -0.125324627540  0.011718599066 -3.194700048375
       167 440 452 179
145     4    0.031407557267 -0.999404677077  0.014277842384 -3.315613084549
       403 132 130 401
146     4   -0.353328509655 -0.935056768807  0.028771572311 -3.254900736383
       416 144 150 422
147     4    0.999437970026  0.031408603540  0.011715105334 -3.161063621750
       68 336 339 72
148     4    0.661310389535 -0.750109395676  0.002112631386 -3.306477983412
       108 375 364 97
149     3   -0.739395300835 -0.672797957348  0.025248716623 -3.230545624017
       158 0 151
150     4   -0.439810329219 -0.897764579300  0.024199885651 -3.265731631347
       138 410 411 139
151     4   -0.522103089214 -0.851994806990  0.038900039782 -3.207097535577
       148 420 418 146
152     4    0.140884571567 -0.989906595849  0.015377548202 -3.312563261301
       115 386 388 119
153     4   -0.600136333205 -0.799306549683  0.030747702375 -3.230389953261
       140 412 414 142
154     3    0.997791303540 -0.062775707851  0.021719233035 -3.139528199897
       74 2 76
155     4    0.562082710785  0.827079592715  0.001540633275 -3.073076637810
       32 292 291 31
156     4    0.852618079053 -0.522485030826  0.007197488026 -3.263305433394
       359 92 88 355
157     4   -0.171898894624 -0.984936255554  0.018744133011 -3.297737055956
       405 134 136 407
158     4   -0.799684570137  0.600420158991  0.000470066213 -3.124216291079
       201 478 470 194
159     4    0.799675036230 -0.600413000731  0.004905607279 -3.280871469159
       94 360 362 96
160     4   -0.672869476498 -0.739473899355  0.020616007637 -3.258263666963
       435 162 164 437
161     4   -0.248689123110  0.968580185330 -0.002478836946 -3.076403080038
       501 222 234 513
162     4   -0.911397550891  0.411511773333  0.003544663300 -3.140562509146
       483 207 203 480
163     5    0.990013948779 -0.140899850151  0.004428707633 -3.212394892222
       337 69 79 8 346
164     4    0.940804675002 -0.338710524737  0.012717858622 -3.213903826081
       86 353 350 83
165     4   -0.661310036796  0.750108995574 -0.002351593477 -3.107383082107
       492 215 210 487
166     4   -0.338737274376  0.940878974983 -0.001952788570 -3.078154800667
       509 230 232 511
167     4    0.739631093164 -0.673012511858  0.000070053467 -3.309732914768
       365 98 106 373
168     3   -0.946074915854  0.323913842769  0.004698516297 -3.150721338459
       481 15 474
169     4   -0.808713217223 -0.587564545273  0.027401412868 -3.209866885672
       152 6 7 156
170     5    0.844324235391  0.535824453163 -0.002956505410 -3.120713719632
       304 1 46 45 309
171     4   -0.263796862627 -0.964278924452  0.024028548135 -3.277018898678
       397 126 125 396
172     5    0.263872982520  0.964557171918 -0.000714981204 -3.063479316478
       281 21 30 9 280
173     4    0.898021920363 -0.439936399305  0.003548959622 -3.263474740198
       84 351 357 90
174     4    0.972255204560 -0.233417823020  0.015360244196 -3.188039479598
       338 70 78 344
175     4   -0.989948477387  0.140890532192  0.012323557032 -3.151463088181
       462 187 189 464
176     4    0.809009776807  0.587780008423 -0.004224065397 -3.108317965276
       47 311 318 54
177     4   -0.998812744053 -0.047102813308  0.012426877934 -3.179784752358
       455 180 185 460
178     4   -0.972330447412  0.233435887231  0.009010415530 -3.149908839031
       181 456 457 182
179     4    0.695863162496  0.718075079349 -0.011943177946 -3.129325505735
       305 43 44 307
180     4    0.425757297939 -0.904780313632  0.010164020672 -3.311414139636
       390 121 123 392
181     4    0.935444029866  0.353474843415 -0.000045385317 -3.151547229444
       324 59 66 333
182     4    0.522483161847 -0.852615029156  0.007678388138 -3.304902089330
       367 100 99 366
183     4   -0.587778855578  0.809008190053 -0.004665336139 -3.107524604305
       211 488 494 217
184     4   -0.997861383786  0.062780116926  0.018202078636 -3.141237101247
       183 458 466 191
185     4    0.637421760035  0.770510547515 -0.002644995873 -3.093734578076
       293 33 40 299
186     4    0.353450846118 -0.935380522863  0.011652331351 -3.311723562451
       113 382 381 112
187     4   -0.917659028514 -0.397106522045  0.014433209451 -3.225117345064
       442 169 168 441
188     4    0.495458631366  0.868631449453 -0.000386815848 -3.073389287615
       295 35 34 294
189     4   -0.844257788370 -0.535782284602  0.012889153685 -3.253560875514
       154 426 425 153
190     5    0.718117258497  0.695904036934 -0.005017412368 -3.106073440530
       50 3 306 307 44
191     4    0.263869625645 -0.964544901252  0.005094519567 -3.342629976375
       383 11 12 384
192     4   -0.062790239644  0.998022279783 -0.002985776693 -3.070153188304
       23 283 282 22
193     4    0.439935276132  0.898019627682 -0.004207269033 -3.084330236928
       296 36 37 297
194     5   -0.790062032546 -0.612834931104  0.015340532824 -3.256868279943
       156 7 433 427 155
195     5   -0.750055680682 -0.661263033397  0.012152223644 -3.275158475877
       0 158 157 428 429
196     4   -0.979022912316 -0.202745898408  0.020204896409 -3.176115493619
       444 171 170 443
197     3    0.397129606096  0.917712372609 -0.009595682506 -3.100942987841
       301 14 298
198     4   -0.411509886409  0.911393371819 -0.004662101650 -3.092238389585
       223 502 503 224
199     5    0.998025547518  0.062790445233  0.001538339561 -3.192754301463
       325 71 72 339 348
200     4   -0.818149292881  0.575004953669  0.001018732205 -3.125551995362
       469 193 194 470
201     5    0.868623232905  0.495453944729 -0.004366681815 -3.137741711102
       309 45 55 18 308
202     5    0.996886616944 -0.078456678264  0.007850005970 -3.191186744977
       342 2 74 73 340
203     5    0.975891213598  0.218137530666  0.007235809345 -3.146451960512
       60 326 327 4 64
204     4   -0.852598298476  0.522472909273  0.009909617177 -3.100760383902
       195 471 472 196
205     4   -0.171927199413  0.985098434683 -0.004702349179 -3.081294030789
       226 505 504 225
206     4    0.156434282067  0.987687185350 -0.001529473869 -3.060500503354
       25 285 284 24
207     5    0.818142400357  0.575000109522 -0.004229277586 -3.111515912471
       46 1 310 311 47
208     4   -0.999887816677  0.000000000000  0.014978453194 -3.162389370652
       184 459 460 185
209     4   -0.094092996294 -0.995399927408  0.018041412515 -3.301532601538
       399 128 127 398
210     4    0.574998600415 -0.818140253115  0.004809963965 -3.304087440855
       369 102 101 368
211     4    0.929730892716 -0.368106501071  0.009903080247 -3.228321855414
       353 86 85 352
212     5   -0.940844204737  0.338724756317  0.008816000853 -3.132969011268
       197 473 474 15 205
213     4   -0.876257065888  0.481726398489  0.010641028193 -3.104920006010
       199 476 475 198
214     5    0.998807363567 -0.047102559571  0.012852990525 -3.168349637995
       2 342 341 75 76
215     4    0.094108312907  0.995561960253  0.000093480761 -3.055563348350
       287 27 26 286
216     4   -0.549010392575  0.835788445469 -0.006727797908 -3.109736815553
       213 490 489 212
217     4    0.109717523539 -0.993808895712  0.017491250131 -3.305424426901
       114 385 386 115
218     4    0.987686796250  0.156434220440  0.001768385691 -3.176673574971
       62 329 328 61
219     4   -0.684546782626  0.728968283139  0.000971891240 -3.099608267928
       215 492 491 214
220     4   -0.950950653472 -0.308982597459  0.014920091452 -3.209190217214
       446 173 172 445
221     4   -0.109727887271  0.993902769218 -0.010820170813 -3.099465748594
       227 506 507 228
222     4    0.612894728816 -0.790139123291  0.006341705997 -3.293170841889
       370 103 104 371
223     4   -0.612904495645  0.790151714612 -0.002889137196 -3.103919001479
       493 216 217 494
224     4   -0.780417294027  0.625232150592 -0.005796986282 -3.141990194221
       478 201 200 477
225     4    0.964492410870 -0.263855265902  0.011609824689 -3.206362071200
       344 78 77 343
226     4    0.780428665126  0.625241260561  0.002112993631 -3.079182182711
       48 312 313 49
227     4    0.750109425507  0.661310415834 -0.002093722824 -3.095519617201
       13 3 50 52
228     4    0.047105828221  0.998876675115 -0.005140900622 -3.074625591117
       288 28 29 289
229     4    0.718125455101 -0.695911979996  0.001531938305 -3.306936460036
       105 372 373 106
230     5    0.968579583666  0.248688968629  0.002717901411 -3.158027885965
       64 4 331 330 63
231     4    0.946084969684  0.323917284965  0.000906994746 -3.153012245166
       65 332 333 66
232     3    0.987580453707 -0.156417377436  0.014780104609 -3.178358038511
       81 8 79
233     4   -0.876215210184 -0.481703388121  0.014448228790 -3.239219916195
       431 160 159 430
234     4    0.649447723574 -0.760405585360 -0.001000048916 -3.317470475017
       375 108 107 374
235     4   -0.968280940863 -0.248612290189  0.024978965735 -3.164528960983
       447 174 175 448
236     4   -0.993937697242  0.109731743360  0.006840942940 -3.174625052680
       461 186 187 462
237     4   -0.935244325909 -0.353399381578  0.020662235007 -3.195479212217
       449 176 177 450
238     5    0.323908083110  0.946058093267  0.007591960220 -3.036849162077
       38 5 10 236 238
239     4   -0.897988187227  0.439919873612  0.009365917068 -3.115039758647
       202 479 480 203
240     4   -0.985041170926  0.171917205288  0.011762912344 -3.148588323688
       464 189 188 463
241     4   -0.818091274135 -0.574964177411  0.011952484148 -3.262863083355
       6 432 433 7
242     4   -0.587543873960 -0.808684765602  0.028655646147 -3.239065587462
       142 414 413 141
243     3   -0.718104972955  0.695892131416 -0.007706442173 -3.135753794363
       16 495 497
244     4    0.844267362326 -0.535788360419  0.011977217986 -3.247674659800
       87 354 355 88
245     5    0.661303275148  0.750101325989 -0.005096962618 -3.103167507779
       39 314 319 299 40
246     4   -0.987553626676 -0.156413128451  0.016515680062 -3.182425649690
       451 178 179 452
247     5    0.982268540186 -0.187377745359  0.006172155656 -3.213362286582
       80 345 346 8 81
248     4   -0.998828078395  0.047103536458  0.011123248742 -3.168748177815
       465 190 191 466
249     4    0.911393138781 -0.411509781189  0.004716626784 -3.255125945851
       356 89 90 357
250     4    0.868628100443 -0.495456721124  0.002803678572 -3.275344590525
       92 359 358 91
251     4   -0.661085013427 -0.749853756663  0.026190621224 -3.240159215555
       434 161 162 435
252     5    0.780428943016 -0.625241483192  0.001937162726 -3.294996642328
       360 94 93 376 377
253     4   -0.695771462972 -0.717980452781  0.020152933722 -3.256278685173
       163 436 437 164
254     4    0.818096041075 -0.574967527672  0.011454680279 -3.254224130659
       96 362 361 95
255     4    0.015705579240 -0.999765992474  0.014875989809 -3.313171675506
       129 400 401 130
256     5    0.294032921281  0.955768947879  0.007096440812 -3.037357423447
       236 10 9 30 237
257     4   -0.338560740974 -0.940388634596  0.032339458771 -3.243044654146
       144 416 415 143
258     4   -0.368117482043  0.929758627486 -0.006197905210 -3.094191205108
       230 509 508 229
259     4    0.278926970271 -0.960072928914  0.021440998611 -3.282906420536
       117 12 11 116
260     5    0.760387838310  0.649432566162 -0.006904879273 -3.111378783715
       315 13 52 51 316
261     4    0.171913834989 -0.985021859983  0.013325490416 -3.318686194123
       387 118 119 388
262     4   -0.508810584756 -0.860351713108  0.030111768326 -3.239906464056
       417 145 146 418
263     4   -0.535409958108 -0.843671095695  0.039436772788 -3.204172634260
       147 419 420 148
264     5    0.382683423908  0.923879512094 -0.000210233570 -3.067303626004
       41 14 301 300 42
265     4    0.453966335682 -0.890959099556  0.010317411812 -3.306985691441
       389 120 121 390
266     6   -0.951048042081  0.309014240936  0.004221439722 -3.154660790959
       277 204 205 15 481 484
267     4   -0.923877711335  0.382682678009  0.001985560667 -3.150421981653
       482 206 207 483
268     4   -0.323916226998  0.946081879618 -0.002712000307 -3.079991269576
       511 232 231 510
269     5   -0.728967909534  0.684546431787 -0.001403423503 -3.115295103667
       16 497 496 219 218
270     4    0.397126483048 -0.917705155670  0.010382856945 -3.313158164149
       122 391 392 123
271     4   -0.233445126796  0.972368932974 -0.001425118429 -3.072203978318
       233 512 513 234
272     4    0.047099566994 -0.998743906124  0.017095050987 -3.305903250190
       402 131 132 403
273     4   -0.156410288311 -0.987535694733  0.017580481758 -3.301989400153
       404 133 134 405
274     4   -0.187339732454 -0.982069269558  0.021065954362 -3.289253395468
       135 406 407 136
275     4    0.799670118898  0.600409308694 -0.006030172097 -3.111682108344
       54 318 317 53
276     6    0.883764855861  0.467929404328 -0.001323673331 -3.134230363389
       17 18 55 240 241 67
277     4   -0.382538204472 -0.923528921361  0.027547296222 -3.257873417763
       149 421 422 150
# edges:
#    vert1_id  vert2_id  facet1_id  facet2_id
 237  274     0   16
 274  273     0    7
 273  242     0   57
 242  243     0    1
 243  239     0   18
 239  238     0   17
 238  236     0  238
 236  237     0  256
 242  247     1   57
 247  248     1    2
 248  241     1   19
 241  240     1  276
 240  243     1   18
 253  246     2   21
 246  244     2   59
 244  245     2   20
 245  248     2   19
 247  252     2   57
 252  253     2    3
 258  251     3   23
 251  249     3   62
 249  250     3   22
 250  253     3   21
 252  257     3   57
 257  258     3    4
 264  256     4   25
 256  254     4   60
 254  255     4   24
 255  258     4   23
 257  263     4   57
 263  264     4    5
 262  261     5   27
 261  259     5   61
 259  260     5   26
 260  264     5   25
 263  267     5   57
 267  268     5    6
 268  262     5   28
 267  275     6   57
 275  276     6    7
 276  266     6   29
 266  265     6   67
 265  268     6   28
 272  271     7   31
 271  269     7   63
 269  270     7   30
 270  276     7   29
 275  273     7   57
 274  272     7   16
 517  547     8   56
 547  549     8   55
 549  303     8   32
 303  320     8   33
 320  519     8   34
 519  517     8   48
 521  518     9   56
 518  520     9   48
 520  335     9   34
 335  523     9   35
 523  521     9   49
 347  363    10   59
 363  527    10   37
 527  525    10   50
 525  522    10   56
 522  524    10   49
 524  349    10   35
 349  347    10   36
 529  526    11   56
 526  528    11   50
 528  378    11   37
 378  394    11   38
 394  531    11   39
 531  529    11   51
 533  530    12   56
 530  532    12   51
 532  409    12   39
 409  424    12   40
 424  535    12   41
 535  533    12   52
 538  534    13   56
 534  536    13   52
 536  454    13   42
 454  540    13   43
 540  538    13   53
 467  277    14   67
 277  484    14  266
 484  545    14   45
 545  543    14   54
 543  539    14   56
 539  541    14   53
 541  467    14   44
 548  544    15   56
 544  546    15   54
 546  499    15   45
 499  516    15   46
 516  550    15   47
 550  548    15   55
 237   30    16  256
  30   21    16  172
  21   19    16  106
  19   25    16  134
  25   24    16  206
  24   26    16   75
  26   27    16  215
  27   29    16  133
  29   28    16  228
  28   20    16   93
  20   23    16  137
  23   22    16  192
  22  235    16   65
 235  272    16   31
  56   39    17   73
  39   40    17  245
  40   33    17  185
  33   32    17  119
  32   31    17  155
  31   34    17   87
  34   35    17  188
  35   37    17  123
  37   36    17  193
  36   41    17   90
  41   42    17  264
  42   38    17  130
  38  238    17  238
 239   56    17   18
 240   55    18  276
  55   45    18  201
  45   46    18  170
  46   47    18  207
  47   54    18  176
  54   53    18  275
  53   48    18   83
  48   49    18  226
  49   51    18  142
  51   52    18  260
  52   50    18  227
  50   44    18  190
  44   43    18  179
  43   56    18   73
  82   58    19   72
  58   62    19  138
  62   61    19  218
  61   60    19   91
  60   64    19  203
  64   63    19  230
  63   65    19   77
  65   66    19  231
  66   59    19  181
  59   57    19  109
  57   67    19  132
  67  241    19  276
 245   82    19   20
 244   77    20   59
  77   78    20  225
  78   70    20  174
  70   80    20  110
  80   81    20  247
  81   79    20  232
  79   69    20  163
  69   73    20   88
  73   74    20  202
  74   76    20  154
  76   75    20  214
  75   68    20  108
  68   72    20  147
  72   71    20  199
  71   82    20   72
 109   93    21   70
  93   94    21  252
  94   96    21  159
  96   95    21  254
  95   87    21   94
  87   88    21  244
  88   92    21  156
  92   91    21  250
  91   84    21   85
  84   90    21  173
  90   89    21  249
  89   85    21  104
  85   86    21  211
  86   83    21  164
  83  246    21   59
 250  109    21   22
 249   99    22   62
  99  100    22  182
 100  101    22  100
 101  102    22  210
 102  104    22  122
 104  103    22  222
 103  107    22   74
 107  108    22  234
 108   97    22  148
  97  105    22  117
 105  106    22  229
 106   98    22  167
  98  109    22   70
 137  114    23   58
 114  115    23  217
 115  119    23  152
 119  118    23  261
 118  110    23   97
 110  117    23  131
 117  116    23  259
 116  111    23   79
 111  113    23  143
 113  112    23  186
 112  122    23  116
 122  123    23  270
 123  121    23  180
 121  120    23  265
 120  251    23   62
 255  137    23   24
 254  125    24   60
 125  126    24  171
 126  135    24  115
 135  136    24  274
 136  134    24  157
 134  133    24  273
 133  127    24   80
 127  128    24  209
 128  124    24  139
 124  129    24   98
 129  130    24  255
 130  132    24  145
 132  131    24  272
 131  137    24   58
 165  140    25   68
 140  142    25  153
 142  141    25  242
 141  147    25  112
 147  148    25  263
 148  146    25  151
 146  145    25  262
 145  138    25   86
 138  139    25  150
 139  149    25  113
 149  150    25  277
 150  144    25  146
 144  143    25  257
 143  256    25   60
 260  165    25   26
 259  159    26   61
 159  160    26  233
 160  154    26  127
 154  153    26  189
 153  152    26   99
 152  156    26  169
 156  155    26  194
 155  157    26   81
 157  158    26  195
 158  151    26  149
 151  163    26  111
 163  164    26  253
 164  162    26  160
 162  161    26  251
 161  165    26   68
 192  167    27   66
 167  179    27  144
 179  178    27  246
 178  170    27  101
 170  171    27  196
 171  175    27  124
 175  174    27  235
 174  172    27   76
 172  173    27  220
 173  177    27  136
 177  176    27  237
 176  168    27   96
 168  169    27  187
 169  166    27  135
 166  261    27   61
 262  192    27   28
 265  181    28   67
 181  182    28  178
 182  188    28  114
 188  189    28  240
 189  187    28  175
 187  186    28  236
 186  183    28   89
 183  191    28  184
 191  190    28  248
 190  184    28  118
 184  185    28  208
 185  180    28  177
 180  192    28   66
 220  200    29   71
 200  201    29  224
 201  194    29  158
 194  193    29  200
 193  195    29   92
 195  196    29  204
 196  199    29  126
 199  198    29  213
 198  202    29   82
 202  203    29  239
 203  207    29  162
 207  206    29  267
 206  197    29  107
 197  205    29  212
 205  204    29  266
 204  266    29   67
 270  220    29   30
 219  209    30  140
 209  220    30   71
 269  208    30   63
 208  213    30  129
 213  212    30  216
 212  211    30  103
 211  217    30  183
 217  216    30  223
 216  210    30   84
 210  215    30  165
 215  214    30  219
 214  218    30  105
 218  219    30  269
 232  230    31  166
 230  229    31  258
 229  223    31   95
 223  224    31  198
 224  221    31  141
 221  271    31   63
 235  227    31   65
 227  228    31  221
 228  226    31  128
 226  225    31  205
 225  233    31  102
 233  234    31  271
 234  222    31  161
 222  231    31   78
 231  232    31  268
 284  285    32  206
 285  278    32  134
 278  281    32  106
 281  280    32  172
 280  302    32   69
 302  303    32   33
 549  551    32   55
 551  514    32   47
 514  282    32   65
 282  283    32  192
 283  279    32  137
 279  288    32   93
 288  289    32  228
 289  287    32  133
 287  286    32  215
 286  284    32   75
 297  295    33  123
 295  294    33  188
 294  291    33   87
 291  292    33  155
 292  293    33  119
 293  299    33  185
 299  319    33  245
 319  320    33   34
 302  290    33   69
 290  300    33  130
 300  301    33  264
 301  298    33  197
 298  296    33   90
 296  297    33  193
 313  312    34  226
 312  317    34   83
 317  318    34  275
 318  311    34  176
 311  310    34  207
 310  304    34  120
 304  309    34  170
 309  308    34  201
 308  334    34   64
 334  335    34   35
 520  519    34   48
 319  314    34  245
 314  305    34   73
 305  307    34  179
 307  306    34  190
 306  315    34  121
 315  316    34  260
 316  313    34  142
 524  523    35   49
 334  321    35   64
 321  322    35  132
 322  324    35  109
 324  333    35  181
 333  332    35  231
 332  330    35   77
 330  331    35  230
 331  327    35  125
 327  326    35  203
 326  328    35   91
 328  329    35  218
 329  323    35  138
 323  325    35   72
 325  348    35  199
 348  349    35   36
 339  336    36  147
 336  341    36  108
 341  342    36  214
 342  340    36  202
 340  337    36   88
 337  346    36  163
 346  345    36  247
 345  338    36  110
 338  344    36  174
 344  343    36  225
 343  347    36   59
 348  339    36  199
 355  354    37  244
 354  361    37   94
 361  362    37  254
 362  360    37  159
 360  377    37  252
 377  378    37   38
 528  527    37   50
 363  350    37   59
 350  353    37  164
 353  352    37  211
 352  356    37  104
 356  357    37  249
 357  351    37  173
 351  358    37   85
 358  359    37  250
 359  355    37  156
 366  393    38   62
 393  394    38   39
 377  376    38  252
 376  365    38   70
 365  373    38  167
 373  372    38  229
 372  364    38  117
 364  375    38  148
 375  374    38  234
 374  370    38   74
 370  371    38  222
 371  369    38  122
 369  368    38  210
 368  367    38  100
 367  366    38  182
 532  531    39   51
 393  389    39   62
 389  390    39  265
 390  392    39  180
 392  391    39  270
 391  381    39  116
 381  382    39  186
 382  380    39  143
 380  383    39   79
 383  384    39  191
 384  379    39  131
 379  387    39   97
 387  388    39  261
 388  386    39  152
 386  385    39  217
 385  408    39   58
 408  409    39   40
 408  402    40   58
 402  403    40  272
 403  401    40  145
 401  400    40  255
 400  395    40   98
 395  399    40  139
 399  398    40  209
 398  404    40   80
 404  405    40  273
 405  407    40  157
 407  406    40  274
 406  397    40  115
 397  396    40  171
 396  423    40   60
 423  424    40   41
 411  410    41  150
 410  417    41   86
 417  418    41  262
 418  420    41  151
 420  419    41  263
 419  413    41  112
 413  414    41  242
 414  412    41  153
 412  438    41   68
 438  537    41   42
 537  535    41   52
 423  415    41   60
 415  416    41  257
 416  422    41  146
 422  421    41  277
 421  411    41  113
 425  426    42  189
 426  431    42  127
 431  430    42  233
 430  453    42   61
 453  454    42   43
 536  537    42   52
 438  434    42   68
 434  435    42  251
 435  437    42  160
 437  436    42  253
 436  429    42  111
 429  428    42  195
 428  427    42   81
 427  433    42  194
 433  432    42  241
 432  425    42   99
 453  439    43   61
 439  442    43  135
 442  441    43  187
 441  449    43   96
 449  450    43  237
 450  446    43  136
 446  445    43  220
 445  447    43   76
 447  448    43  235
 448  444    43  124
 444  443    43  196
 443  451    43  101
 451  452    43  246
 452  440    43  144
 440  468    43   66
 468  542    43   44
 542  540    43   53
 468  455    44   66
 455  460    44  177
 460  459    44  208
 459  465    44  118
 465  466    44  248
 466  458    44  184
 458  461    44   89
 461  462    44  236
 462  464    44  175
 464  463    44  240
 463  457    44  114
 457  456    44  178
 456  467    44   67
 541  542    44   53
 546  545    45   54
 484  481    45  266
 481  474    45  168
 474  473    45  212
 473  482    45  107
 482  483    45  267
 483  480    45  162
 480  479    45  239
 479  475    45   82
 475  476    45  213
 476  472    45  126
 472  471    45  204
 471  469    45   92
 469  470    45  200
 470  478    45  158
 478  477    45  224
 477  498    45   71
 498  499    45   46
 498  486    46   71
 486  496    46  140
 496  497    46  269
 497  495    46  243
 495  491    46  105
 491  492    46  219
 492  487    46  165
 487  493    46   84
 493  494    46  223
 494  488    46  183
 488  489    46  103
 489  490    46  216
 490  485    46  129
 485  515    46   63
 515  516    46   47
 508  509    47  258
 509  511    47  166
 511  510    47  268
 510  501    47   78
 501  513    47  161
 513  512    47  271
 512  504    47  102
 504  505    47  205
 505  507    47  128
 507  506    47  221
 506  514    47   65
 551  550    47   55
 515  500    47   63
 500  503    47  141
 503  502    47  198
 502  508    47   95
 518  517    48   56
 522  521    49   56
 526  525    50   56
 530  529    51   56
 534  533    52   56
 539  538    53   56
 544  543    54   56
 547  548    55   56
 385  114    58  217
 131  402    58  272
 343   77    59  225
  83  350    59  164
 396  125    60  171
 143  415    60  257
 430  159    61  233
 166  439    61  135
 366   99    62  182
 120  389    62  265
 485  208    63  129
 221  500    63  141
 308   18    64  201
  18   17    64  276
  17  321    64  132
  22  282    65  192
 506  227    65  221
 440  167    66  144
 180  455    66  177
 456  181    67  178
 204  277    67  266
 412  140    68  153
 161  434    68  251
 280    9    69  172
   9   10    69  256
  10    5    69  238
   5  290    69  130
  98  365    70  167
 376   93    70  252
 209  486    71  140
 477  200    71  224
 323   58    72  138
  71  325    72  199
  43  305    73  179
 314   39    73  245
 374  107    74  234
 103  370    74  222
 286   26    75  215
  24  284    75  206
 174  447    76  235
 445  172    76  220
 332   65    77  231
  63  330    77  230
 222  501    78  161
 510  231    78  268
  11  383    79  191
 380  111    79  143
 116   11    79  259
 133  404    80  273
 398  127    80  209
 428  157    81  195
 155  427    81  194
 479  202    82  239
 198  475    82  213
 312   48    83  226
  53  317    83  275
 487  210    84  165
 216  493    84  223
 351   84    85  173
  91  358    85  250
 410  138    86  150
 145  417    86  262
 294   34    87  188
  31  291    87  155
  69  337    88  163
 340   73    88  202
 458  183    89  184
 186  461    89  236
  36  296    90  193
 298   14    90  197
  14   41    90  264
 326   60    91  203
  61  328    91  218
 471  195    92  204
 193  469    92  200
 279   20    93  137
  28  288    93  228
 354   87    94  244
  95  361    94  254
 502  223    95  198
 229  508    95  258
 441  168    96  187
 176  449    96  237
 118  387    97  261
 379  110    97  131
 124  395    98  139
 400  129    98  255
   6  152    99  169
 153  425    99  189
 432    6    99  241
 100  367   100  182
 368  101   100  210
 178  451   101  246
 443  170   101  196
 512  233   102  271
 225  504   102  205
 488  211   103  183
 212  489   103  216
  89  356   104  249
 352   85   104  211
 214  491   105  219
 495   16   105  243
  16  218   105  269
  21  281   106  172
 278   19   106  134
 206  482   107  267
 473  197   107  212
 336   68   108  147
  75  341   108  214
  59  324   109  181
 322   57   109  132
  70  338   110  174
 345   80   110  247
 436  163   111  253
 151    0   111  149
   0  429   111  195
 141  413   112  242
 419  147   112  263
 421  149   113  277
 139  411   113  150
 463  188   114  240
 182  457   114  178
 126  397   115  171
 406  135   115  274
 391  122   116  270
 112  381   116  186
  97  364   117  148
 372  105   117  229
 459  184   118  208
 190  465   118  248
 292   32   119  155
  33  293   119  185
 310    1   120  207
   1  304   120  170
 306    3   121  190
   3   13   121  227
  13  315   121  260
 102  369   122  210
 371  104   122  222
  35  295   123  188
 297   37   123  193
 171  444   124  196
 448  175   124  235
 331    4   125  230
   4  327   125  203
 476  199   126  213
 196  472   126  204
 160  431   127  233
 426  154   127  189
 505  226   128  205
 228  507   128  221
 490  213   129  216
   5   38   130  238
  42  300   130  264
 384   12   131  191
  12  117   131  259
  17   67   132  276
  27  287   133  215
 289   29   133  228
 285   25   134  206
 169  442   135  187
 173  446   136  220
 450  177   136  237
 283   23   137  192
 329   62   138  218
 128  399   139  209
 219  496   140  269
 224  503   141  198
  49  313   142  226
 316   51   142  260
 382  113   143  186
 452  179   144  246
 403  132   145  272
 130  401   145  255
 416  144   146  257
 150  422   146  277
 339   72   147  199
 108  375   148  234
 158    0   149  195
 148  420   151  263
 418  146   151  262
 115  386   152  217
 388  119   152  261
 414  142   153  242
  74    2   154  202
   2   76   154  214
 359   92   156  250
  88  355   156  244
 405  134   157  273
 136  407   157  274
 201  478   158  224
 470  194   158  200
  94  360   159  252
 362   96   159  254
 435  162   160  251
 164  437   160  253
 234  513   161  271
 483  207   162  267
 203  480   162  239
  79    8   163  232
   8  346   163  247
  86  353   164  211
 492  215   165  219
 509  230   166  258
 232  511   166  268
 106  373   167  229
 481   15   168  266
  15  474   168  212
   6    7   169  241
   7  156   169  194
   1   46   170  207
  45  309   170  201
  30    9   172  256
 357   90   173  249
  78  344   174  225
 462  187   175  236
 189  464   175  240
  47  311   176  207
 318   54   176  275
 185  460   177  208
  44  307   179  190
 390  121   180  265
 123  392   180  270
  66  333   181  231
 494  217   183  223
 466  191   184  248
  40  299   185  245
  50    3   190  227
  11   12   191  259
   7  433   194  241
 301   14   197  264
  55   18   201  276
 342    2   202  214
   4   64   203  230
  15  205   212  266
  52   13   227  260
  81    8   232  247
  10  236   238  256
 497   16   243  269
