# POLYHEDRON:
# num_vertices   num_facets   num_edges
   150   77  225
# vertices:
#   id   x y z
   0   3.331476849992 -2.013565426686 -3.830691164814
   1   2.702863061157 -3.160111114132 -3.801588658104
   2   3.334287537717 -2.021732089500 -3.823317414784
   3  -0.884309308791 -4.277597920949 -3.821291499886
   4   2.700449166455 -3.164599236333 -3.797696479327
   5  -0.895692891972 -4.281568732869 -3.811451196767
   6  -2.131363145185 -3.644822830953 -3.830117999141
   7  -3.727129130572  1.632617015566 -3.829924286486
   8  -2.130871128828 -3.646765155870 -3.828391657912
   9  -3.103573439990  2.765541178075 -3.835604739893
  10  -3.727690450804  1.634215642215 -3.828512297268
  11  -3.101853013177  2.768725699052 -3.832859206898
  12   1.679767957223  3.254972943562 -3.859803895955
  13   0.463249671081  3.845610779342 -3.872173091929
  14   1.682908485920  3.253674784089 -3.857125500870
  15   0.446759711506  3.854915885755 -3.857170861852
  16   1.256490017226  2.967499149191 -4.359911325768
  17   0.444406173227  3.356079238385 -4.373899747235
  18   2.803748192141 -2.017283595961 -4.347505460418
  19  -3.186556299245  1.592588331933 -4.384055401097
  20  -2.781946218739  2.340502527326 -4.380870828420
  21   0.424774359292  3.338361101562 -4.385912210072
  22  -0.908881011216 -4.295627258095 -3.585168325527
  23   1.226700095618  3.496091491267 -3.617446339465
  24   2.699241289575 -3.174563054989 -3.579856020516
  25   2.925690335854 -2.766892403313 -3.571185778442
  26  -1.559489932949 -3.963331345657 -3.571528407420
  27  -0.947475482259 -4.276129229298 -3.582033918654
  28  -0.469247403744  0.731293894794 -1.184447710800
  29   1.006983746577  3.196155121957 -2.987293004816
  30   0.878591284934  3.256017844821 -2.986427155049
  31   1.352164072660  3.013858364691 -2.977473089074
  32  -0.174471057645 -0.174395510934 -0.853565988692
  33  -0.159525587696 -0.168627160345 -0.863646866010
  34   2.595788888151 -2.535296211957 -2.912596217692
  35   2.621677921263 -2.483096983675 -2.910050732327
  36   0.159753505338 -1.096380154969 -1.156131751802
  37   0.210249603563 -1.162947847972 -1.204088662464
  38  -0.890754145080 -3.898775632485 -2.972439223526
  39   0.117108032713 -1.099795224141 -1.151887383966
  40  -1.369226639566 -3.667523593206 -2.984200176932
  41  -1.313555905096 -3.693216112055 -2.981007816146
  42  -0.181049951292 -0.187974522395 -0.853565988692
  43  -3.089286542574  2.011663039422 -2.975674912593
  44  -0.488972089347  0.692334545778 -1.162974001185
  45   1.684828995857  3.270298981430 -3.652074777571
  46   1.669161238831  3.279698822923 -3.631295975460
  47   1.356422047784  3.012765531871 -2.979120371238
  48   1.448033416856  1.895741988229 -2.545903247562
  49   1.513893799016  1.210959462713 -2.296224632112
  50   1.624838880561  0.414524928450 -2.062149665697
  51   2.023847626525 -0.413000294904 -2.284135574732
  52   3.340586194108 -2.018053028839 -3.608799458775
  53   3.335415266677 -2.027757928449 -3.597925742078
  54   2.890744596693 -1.968415379514 -2.905039609835
  55   3.335315946192 -2.000791373628 -3.605073603735
  56   2.869314366117 -1.916979181622 -2.884808078002
  57  -0.906082494540 -4.294890740472 -3.582142627618
  58   2.677569471667 -3.182378125604 -3.555316971562
  59   2.392475944654 -2.898115487753 -2.917778697792
  60   2.244043897051 -2.897040586656 -2.837972567908
  61   1.333163769772 -2.921652251697 -2.401781015517
  62   0.706017721234 -3.020916229603 -2.242720389501
  63   0.093010245906 -3.313132262218 -2.422193393661
  64  -0.842771645710 -3.918490359268 -2.969489003985
  65  -0.755691521546 -3.858017452612 -2.911454379146
  66  -2.138509561584 -3.664540442784 -3.592635911264
  67  -3.736302891292  1.623696349848 -3.614859043517
  68  -2.132025333551 -3.668653388835 -3.584064392554
  69  -3.731966468016  1.631821559334 -3.603809595279
  70  -1.851003900047 -3.428532501585 -3.008041303665
  71  -2.006932632635 -1.627157655802 -2.381836341641
  72  -2.152217745706 -0.730629740703 -2.180635446138
  73  -2.550398373774  0.129119590499 -2.410143002409
  74  -3.335506017437  1.569984069526 -2.987014799877
  75  -3.099145846314  2.779465387723 -3.588295737376
  76  -3.100718354779  2.776706568417 -3.584434862309
  77  -1.071106124855  2.602322282265 -2.263159635426
  78  -0.482948853804  2.904930192506 -2.476328355453
  79   0.303378077905  3.409996017631 -2.930950409293
  80  -2.829883924078  2.501301941103 -2.982551652187
  81  -1.702132806909  2.522302921192 -2.447382382880
  82  -2.751432119183  2.499160160141 -2.939241790928
  83   0.459400679895  3.867791343273 -3.635005194545
  84   0.460364700187  3.867395330531 -3.634154165196
  85   0.421269568833  3.481037906245 -3.001771050487
  86   0.424478085377  3.857497626753 -3.625001113686
  87   0.384983584802  3.465767458956 -2.983794836246
  88  -0.472560190205  0.688934408421 -1.159069617364
  89  -0.438225867178  0.735078051435 -1.194444020503
  90   1.342103042170  2.997718189934 -2.965556704365
  91  -0.179669721902 -0.167934310515 -0.853565988692
  92  -0.091983421228  0.000103928878 -0.968282829400
  93  -0.182380345129 -0.165826381373 -0.853565988692
  94  -0.173301860751 -0.190361463155 -0.853565988692
  95  -0.124636850795 -0.206214440438 -0.884727252045
  96   0.159170960507 -1.095659778338 -1.155600929321
  97   0.133541020189 -1.076012536874 -1.137925804401
  98   2.873071304446 -1.928595960818 -2.887650576897
  99   2.882714794441 -1.953548694872 -2.896265153619
 100   0.120482833950 -1.065657702177 -1.132236834916
 101  -1.825706560725 -3.435906286538 -2.999124352455
 102   0.063426404463 -1.139191313755 -1.188822124393
 103  -1.835914209906 -3.432083156131 -3.001466783719
 104  -0.175125028047 -0.198836859580 -0.853565988692
 105  -0.204848633199 -0.238231485676 -0.883542400237
 106  -0.174907024098 -0.199027673118 -0.853565988692
 107   0.122042655740 -1.060498570336 -1.129246843087
 108  -0.479864034894  0.685132579570 -1.156396289404
 109  -0.230634626277 -0.144898388227 -0.884691670794
 110  -0.488263785699  0.691517365888 -1.162341912960
 111  -0.543518374870  0.709871907023 -1.197935545066
 112  -3.311651343838  1.532069021907 -2.966620223860
 113  -3.331634310188  1.564574701507 -2.983340750448
 114  -0.475844716826  0.679263013377 -1.153132618522
 115  -0.184628862088 -0.161375870236 -0.854878103550
 116   1.251645659280  2.939353788931 -4.373112198271
 117   0.614200072461  2.690154495768 -4.622735720641
 118   1.259638437028  2.907555417909 -4.374867574146
 119   1.574226806185  0.399846028485 -4.619679753553
 120   2.764546141315 -1.941267030971 -4.362945580840
 121   1.609426738779  0.285696483591 -4.619522576269
 122   2.786007190962 -2.000299218706 -4.359732531387
 123   2.156235400900 -2.110310575537 -4.616149514367
 124   2.384138275204 -2.727808490762 -4.359020538103
 125   2.384926996008 -2.724663006261 -4.360020592556
 126   2.151790119205 -2.118407182050 -4.616135694440
 127   2.311031111837 -2.745560883806 -4.364671831326
 128   0.722109811327 -2.777533556579 -4.614599742849
 129  -0.866978207774 -3.747451966496 -4.369721537425
 130  -0.859489336539 -3.744589138299 -4.370234287081
 131   0.635587141646 -2.805226346184 -4.614525030370
 132  -0.873005692383 -3.741840005570 -4.372363263157
 133  -1.709220991937 -3.320050693697 -4.375717229147
 134  -1.708796814728 -3.320144047825 -4.375838280939
 135  -1.717962100138 -3.284815935258 -4.377721826717
 136  -1.944937694474 -0.989267492611 -4.616247969898
 137  -1.028322132114 -3.149034579420 -4.613370536022
 138  -1.030101460926 -3.151831032939 -4.612432157464
 139  -3.125133436615  1.414036696257 -4.391856196657
 140  -2.039692817594 -0.676244371709 -4.616679665964
 141  -3.186402562264  1.592410658067 -4.384160276711
 142  -2.565272324637  1.692437063392 -4.620020028762
 143  -2.777090138914  2.339947421530 -4.383021943163
 144  -2.549851018527  1.720207975983 -4.620067497394
 145  -2.760730695926  2.343882772799 -4.384246205681
 146  -1.069465895020  2.410956114715 -4.621670254504
 147   0.603676040585  2.695601701124 -4.622739817732
 148  -0.979368830084  2.439025845580 -4.621746906210
 149   0.422939521757  3.329830395875 -4.389995158003
# facets:
#   id   num_of_sides   plane_coeff  (ax + by + cz + d = 0)
#   indices_of_vertices
  0     9    0.823811809354  0.262432745808  0.502457119262 -0.411204592769
       55 45 46 47 48 49 50 51 56
  1     9    0.255663058306 -0.835284983079  0.486760102781 -1.612161804255
       65 64 57 58 59 60 61 62 63
  2    11   -0.826138107500 -0.247482941678  0.506209463478 -0.854989193644
       113 74 69 67 66 68 70 71 72 73 112
  3    10   -0.249734528010  0.833080086360  0.493568875872 -1.318409897009
       78 79 87 86 75 76 80 82 81 77
  4     9    0.683269522692  0.210344175951 -0.699212476293 -4.531221892017
       0 18 122 120 118 116 16 12 14
  5     7    0.223131001336 -0.704377655169 -0.673843212580 -5.390678912244
       124 1 4 3 129 130 127
  6     7   -0.706940948133 -0.213736536965 -0.674204114952 -4.868061008187
       133 6 7 19 141 139 135
  7     9   -0.219630920986  0.702385759696 -0.677064622560 -5.221069709813
       20 9 11 15 13 17 21 145 143
  8     4    0.471021485330  0.144049073350 -0.870280773558 -4.819510567893
       118 120 121 119
  9     4    0.146910256015 -0.461363352440 -0.874963561357 -5.425144155673
       127 130 131 128
 10     4   -0.445185459369 -0.135982533020 -0.885052912249 -5.086004789858
       135 139 140 136
 11     5   -0.141563184878  0.451978628001 -0.880724238634 -5.311514651232
       145 21 149 148 146
 12     6   -0.401831591733 -0.758927811469  0.512406039060 -1.804461981699
       68 26 40 101 103 70
 13     5    0.392308551118  0.769948883824  0.503262075879 -1.352533124434
       23 29 31 47 46
 14     5    0.741769335526 -0.423097759125  0.520352322083 -1.482578539560
       24 25 34 59 58
 15     5   -0.303185921245  0.404573002431  0.862785594956  0.575047896287
       108 77 81 44 110
 16     3    0.165742065329  0.504619615736  0.847283076188  0.712311289657
       78 28 79
 17     7    0.212676454405  0.489885281225  0.845447299943  0.742935877778
       30 85 87 79 28 88 89
 18     5    0.230039791866  0.481149807980  0.845917582533  0.757527922272
       29 30 89 90 31
 19     5    0.415420343368  0.358327896852  0.836078379492  0.847734882709
       47 31 90 92 48
 20     3    0.458722836392  0.308782373431  0.833202739572  0.844840059643
       49 33 50
 21     6    0.548050961232  0.040134122435  0.835481535469  0.815756864493
       50 33 32 94 95 51
 22     4    0.543551154938 -0.029471693331  0.838858487027  0.803829979531
       51 95 98 56
 23     5    0.463979292398 -0.250832308031  0.849591884068  0.633110270130
       35 54 99 96 36
 24     6    0.454857615995 -0.267023913349  0.849589770931  0.616812892096
       34 35 36 37 60 59
 25     3    0.416874075175 -0.314587401743  0.852789992971  0.573338411102
       60 37 61
 26     6   -0.016725514515 -0.497568534119  0.867263403482  0.453724967639
       62 97 107 100 39 63
 27     3   -0.178917788185 -0.488277035913  0.854151017836  0.467833739484
       63 39 65
 28     7   -0.243631489768 -0.465645566175  0.850774884382  0.496413290566
       38 64 65 39 100 102 41
 29     4   -0.441165254012 -0.328504062996  0.835139688464  0.569249214601
       70 103 105 71
 30     5   -0.487014942964 -0.265645054759  0.832015114173  0.572071269538
       71 105 104 42 72
 31     6   -0.551866982632 -0.033149528516  0.833273029829  0.605106760440
       42 93 115 109 73 72
 32     3   -0.546148644434  0.035621747633  0.836930552243  0.619626233919
       73 109 112
 33     6   -0.461747469863  0.256551391865  0.849099910145  0.584080103462
       43 111 110 44 82 80
 34     3   -0.406799850403  0.328578903680  0.852378898008  0.564894198713
       82 44 81
 35     8    0.321653799299  0.413620288249  0.851737688814  0.854266809049
       88 114 115 93 91 92 90 89
 36     8    0.514585653357 -0.095312026043  0.852125121711  0.798379936511
       94 106 107 97 96 99 98 95
 37     8   -0.342585115307 -0.391402564162  0.854072287068  0.591186571509
       105 103 101 102 100 107 106 104
 38     8   -0.507053590705  0.126820105259  0.852533469757  0.655661173219
       111 113 112 109 115 114 108 110
 39     4    0.316509581434  0.131417562475 -0.939441913656 -4.890725446092
       119 117 116 118
 40     4    0.363569421423  0.081666192225 -0.927980554135 -4.895297212354
       123 121 120 122
 41     5    0.153013179748 -0.334061035784 -0.930048488625 -5.330159571642
       128 126 125 124 127
 42     6    0.073534537835 -0.359005307543 -0.930434232443 -5.347340808575
       137 131 130 129 132 138
 43     6   -0.298075176085 -0.127764824477 -0.945953137860 -5.072885485577
       133 135 136 137 138 134
 44     4   -0.343006851480 -0.077428903640 -0.936136242605 -5.073830627450
       142 140 139 141
 45     4   -0.144235735899  0.306937729685 -0.940736563861 -5.242042791129
       146 144 143 145
 46     3   -0.054136583178  0.330370221321 -0.942297589526 -5.213862159663
       148 149 147
 47    15   -0.000384811964 -0.001495603438 -0.999998807544 -4.618470452385
       147 117 119 121 123 126 128 131 137 136 140 142 144 146 148
 48     7    0.000000000000  0.000000000000  1.000000000000  0.853565988692
       94 32 91 93 42 104 106
 49     6    0.953871700297  0.298381507650 -0.033124843626 -2.703881845450
       0 14 45 55 52 2
 50     7    0.874213842747 -0.485231129747 -0.017346696359 -3.962209593283
       24 4 1 2 52 53 25
 51     7    0.296508175126 -0.954106518806 -0.041995867122 -3.979557571877
       22 5 3 4 24 58 57
 52     7   -0.454692609047 -0.886902353605 -0.081601755173 -4.515619431671
       8 5 22 27 26 68 66
 53     6   -0.955865603348 -0.289027945401 -0.052761682238 -3.292835841715
       6 8 66 67 10 7
 54     7   -0.875570644073  0.482952817449 -0.011516221428 -4.097195372998
       75 11 9 10 67 69 76
 55     5   -0.292707823755  0.955417821358 -0.038715843579 -3.701618897935
       83 15 11 75 86
 56     9    0.436101332109  0.896616420699 -0.076776443432 -3.947353249382
       13 15 83 84 23 46 45 14 12
 57     5   -0.352485853852 -0.780669630233  0.516051016147 -1.823703685041
       22 57 64 38 27
 58     6    0.048472286615  0.510539376342  0.858487031139  0.666224164462
       77 108 114 88 28 78
 59     6    0.429440028638  0.345526277339  0.834381719282  0.847382944834
       91 32 33 49 48 92
 60     6    0.284624275020 -0.408782087522  0.867113733596  0.508847425729
       61 37 36 96 97 62
 61     4   -0.259677913068 -0.456966025867  0.850734642922  0.507270874489
       40 41 102 101
 62     4   -0.470159657331  0.240292565260  0.849240472245  0.591217993585
       111 43 74 113
 63     7    0.838510736968  0.142491759741  0.525923799039 -0.615607942865
       56 98 99 54 53 52 55
 64     5   -0.103806877681  0.851573268609  0.513855135556 -1.378152679312
       86 87 85 84 83
 65     5    0.755397033451 -0.399962141004  0.519042972803 -1.463111127183
       34 25 53 54 35
 66     5    0.368451279543  0.782998825566  0.501155159372 -1.376512854804
       23 84 85 30 29
 67     5   -0.750213686883  0.404793341202  0.522801850544 -1.576244499119
       76 69 74 43 80
 68     5   -0.384069243453 -0.768643212827  0.511545137411 -1.818341867804
       27 38 41 40 26
 69     6    0.650416315118 -0.373391991670 -0.661465824956 -5.452567393188
       1 124 125 18 0 2
 70     8   -0.336212309515 -0.671803649878 -0.660031165129 -5.693193052004
       6 133 134 132 129 3 5 8
 71     5   -0.655483585237  0.357439202109 -0.665265726068 -5.574550649776
       9 20 19 7 10
 72     4    0.331575948254  0.669005972437 -0.665198015168 -5.302100883153
       17 13 12 16
 73     7    0.200881937990  0.387428311133 -0.899747603899 -5.324919101957
       21 17 16 116 117 147 149
 74     5    0.400674183519 -0.221499726423 -0.889043345319 -5.435338080625
       122 18 125 126 123
 75     3   -0.205877618958 -0.415346072709 -0.886059843293 -5.608066392079
       132 134 138
 76     6   -0.376289918521  0.207411925176 -0.902987370075 -5.488137479042
       141 19 20 143 144 142
# edges:
#    vert1_id  vert2_id  facet1_id  facet2_id
  55   45     0   49
  45   46     0   56
  46   47     0   13
  47   48     0   19
  48   49     0   59
  49   50     0   20
  50   51     0   21
  51   56     0   22
  56   55     0   63
  65   64     1   28
  64   57     1   57
  57   58     1   51
  58   59     1   14
  59   60     1   24
  60   61     1   25
  61   62     1   60
  62   63     1   26
  63   65     1   27
 113   74     2   62
  74   69     2   67
  69   67     2   54
  67   66     2   53
  66   68     2   52
  68   70     2   12
  70   71     2   29
  71   72     2   30
  72   73     2   31
  73  112     2   32
 112  113     2   38
  78   79     3   16
  79   87     3   17
  87   86     3   64
  86   75     3   55
  75   76     3   54
  76   80     3   67
  80   82     3   33
  82   81     3   34
  81   77     3   15
  77   78     3   58
   0   18     4   69
  18  122     4   74
 122  120     4   40
 120  118     4    8
 118  116     4   39
 116   16     4   73
  16   12     4   72
  12   14     4   56
  14    0     4   49
 124    1     5   69
   1    4     5   50
   4    3     5   51
   3  129     5   70
 129  130     5   42
 130  127     5    9
 127  124     5   41
 133    6     6   70
   6    7     6   53
   7   19     6   71
  19  141     6   76
 141  139     6   44
 139  135     6   10
 135  133     6   43
  20    9     7   71
   9   11     7   54
  11   15     7   55
  15   13     7   56
  13   17     7   72
  17   21     7   73
  21  145     7   11
 145  143     7   45
 143   20     7   76
 120  121     8   40
 121  119     8   47
 119  118     8   39
 130  131     9   42
 131  128     9   47
 128  127     9   41
 139  140    10   44
 140  136    10   47
 136  135    10   43
  21  149    11   73
 149  148    11   46
 148  146    11   47
 146  145    11   45
  68   26    12   52
  26   40    12   68
  40  101    12   61
 101  103    12   37
 103   70    12   29
  23   29    13   66
  29   31    13   18
  31   47    13   19
  46   23    13   56
  24   25    14   50
  25   34    14   65
  34   59    14   24
  58   24    14   51
 108   77    15   58
  81   44    15   34
  44  110    15   33
 110  108    15   38
  78   28    16   58
  28   79    16   17
  30   85    17   66
  85   87    17   64
  28   88    17   58
  88   89    17   35
  89   30    17   18
  29   30    18   66
  89   90    18   35
  90   31    18   19
  90   92    19   35
  92   48    19   59
  49   33    20   59
  33   50    20   21
  33   32    21   59
  32   94    21   48
  94   95    21   36
  95   51    21   22
  95   98    22   36
  98   56    22   63
  35   54    23   65
  54   99    23   63
  99   96    23   36
  96   36    23   60
  36   35    23   24
  34   35    24   65
  36   37    24   60
  37   60    24   25
  37   61    25   60
  62   97    26   60
  97  107    26   36
 107  100    26   37
 100   39    26   28
  39   63    26   27
  39   65    27   28
  38   64    28   57
 100  102    28   37
 102   41    28   61
  41   38    28   68
 103  105    29   37
 105   71    29   30
 105  104    30   37
 104   42    30   48
  42   72    30   31
  42   93    31   48
  93  115    31   35
 115  109    31   38
 109   73    31   32
 109  112    32   38
  43  111    33   62
 111  110    33   38
  44   82    33   34
  80   43    33   67
  88  114    35   58
 114  115    35   38
  93   91    35   48
  91   92    35   59
  94  106    36   48
 106  107    36   37
  97   96    36   60
  99   98    36   63
 101  102    37   61
 106  104    37   48
 111  113    38   62
 114  108    38   58
 119  117    39   47
 117  116    39   73
 123  121    40   47
 122  123    40   74
 128  126    41   47
 126  125    41   74
 125  124    41   69
 137  131    42   47
 129  132    42   70
 132  138    42   75
 138  137    42   43
 136  137    43   47
 138  134    43   75
 134  133    43   70
 142  140    44   47
 141  142    44   76
 146  144    45   47
 144  143    45   76
 149  147    46   73
 147  148    46   47
 147  117    47   73
 123  126    47   74
 142  144    47   76
  32   91    48   59
  14   45    49   56
  55   52    49   63
  52    2    49   50
   2    0    49   69
  24    4    50   51
   1    2    50   69
  52   53    50   63
  53   25    50   65
  22    5    51   52
   5    3    51   70
  57   22    51   57
   8    5    52   70
  22   27    52   57
  27   26    52   68
  66    8    52   53
   6    8    53   70
  67   10    53   54
  10    7    53   71
  75   11    54   55
   9   10    54   71
  69   76    54   67
  83   15    55   56
  86   83    55   64
  83   84    56   64
  84   23    56   66
  12   13    56   72
  38   27    57   68
  40   41    61   68
  43   74    62   67
  54   53    63   65
  85   84    64   66
 125   18    69   74
 134  132    70   75
  20   19    71   76
  16   17    72   73
