# POLYHEDRON:
# num_vertices   num_facets   num_edges
   152   78  228
# vertices:
#   id   x y z
   0   1.861298071238 -2.929980248159 -3.948652883210
   1   1.857221382402 -2.931376010719 -3.948652883210
   2   1.861339376827 -2.929950760476 -3.951318405649
   3   1.743624481192 -3.002881413989 -3.857743795851
   4   1.804241857028 -2.982127447452 -3.857743795851
   5   1.756029865688 -3.017509047862 -3.834202276255
   6   1.741969052591 -3.014160865526 -3.844382562118
   7   1.743566132485 -3.013509924479 -3.844512447295
   8   1.794298497013 -2.957224784725 -3.909639000539
   9   1.859510693958 -2.934897659299 -3.909639000539
  10   1.857229296394 -2.942916834523 -3.896369453163
  11   1.826503240125 -2.944845569246 -3.921899821324
  12   1.808845303750 -2.929717702803 -3.961883191346
  13   1.819688946114 -2.929697229889 -3.959866929529
  14   1.683427736141 -2.999676146271 -3.867636066322
  15   1.650932779020 -2.991313005031 -3.869200254582
  16   1.745435521372 -2.993540085587 -3.869200254582
  17   1.793312062951 -2.935363968366 -3.951174758652
  18   1.703862088121 -2.945645879752 -3.934048584964
  19   1.734840671285 -2.947925804535 -3.931906245210
  20   1.704475613180 -2.954449351766 -3.921899821324
  21   1.858922298376 -2.925272112101 -3.963104280985
  22   1.829488093624 -2.927588634254 -3.963104280985
  23   1.857577471890 -2.925534178933 -3.963985181923
  24   1.740401523494 -3.013758984608 -3.844512447295
  25   1.801116899414 -2.941824727809 -3.934048584964
  26   1.862479286402 -2.926065911726 -3.960505124221
  27   0.789768229831 -0.135773757086 -1.370455966298
  28   1.188964249798 -0.237335899113 -1.734202023323
  29   1.202977666656 -0.232917835727 -1.748029685356
  30   3.087294472141  1.814643826848 -3.800118857299
  31   3.120770862210  1.854917229738 -3.837092625320
  32   1.472345215543 -0.322828249014 -2.099706321711
  33   1.823922677235 -2.969370652392 -3.801063261708
  34   1.855948121684 -2.945209577832 -3.842580213848
  35   3.121682317399  1.855301031826 -3.838404182371
  36   3.121183167178  1.855389994926 -3.837557952334
  37   1.815805481969 -2.975387389205 -3.794752050975
  38   0.786868590949 -0.135460289568 -1.368058869980
  39   1.806894535990 -2.981893864330 -3.791700009613
  40   0.361331618117 -0.026781036369 -1.031353498861
  41   0.355015788951 -0.026216863971 -1.027011779398
  42   1.798253216461 -2.988167250058 -3.790163908298
  43   0.044942136474  0.052960656144 -0.835810874779
  44   0.018205742315  0.036962611990 -0.835810874779
  45  -0.060104469172 -0.278430556482 -1.029772003809
  46  -0.061135729591 -0.291344069149 -1.038653638321
  47   1.785584841997 -2.997278750076 -3.791269901324
  48  -0.169580027054 -0.727010446391 -1.384016220635
  49   1.780653670366 -3.000790419405 -3.793075646796
  50  -0.170510397102 -0.729318038168 -1.386066476033
  51  -0.264215240315 -1.108564145548 -1.731049176839
  52  -0.262850706678 -1.112803349171 -1.735232517848
  53   1.662575294558 -2.915910554897 -3.697005009922
  54   1.770639948615 -3.007879305447 -3.798403485409
  55  -0.339528408324 -1.360670672342 -2.056594337223
  56  -3.047426160972 -1.747083606697 -3.827437705352
  57  -0.767173492083 -2.365046638808 -3.847768394366
  58   1.756846218213 -3.017297661130 -3.819360967937
  59  -3.053847924352 -1.736995271185 -3.819039720206
  60  -3.069801691227 -1.741094789942 -3.831559558348
  61  -3.077211795028 -1.738646292232 -3.834596832210
  62  -3.077628126564 -1.739036588891 -3.835104364571
  63  -0.000034036756  0.066970008802 -0.835810874779
  64  -0.303082087708  0.140637957299 -1.021331612814
  65  -3.059327180313 -1.719991442309 -3.813604705327
  66  -0.322566575202  0.148988147374 -1.035854595759
  67  -0.740442873909  0.251070473912 -1.366001974839
  68  -0.777488708316  0.254681102616 -1.396589835823
  69  -3.053886065431 -1.713737427764 -3.807466394839
  70  -1.161427297386  0.344760681361 -1.743829396528
  71  -1.163222407511  0.344147535828 -1.745598434382
  72  -3.032903390726 -1.688551610916 -3.784253450314
  73  -1.429426593529  0.413271036945 -2.086340281968
  74  -1.789341746300  3.183818977707 -3.858469855512
  75  -1.790865774404  3.186450526387 -3.862069668543
  76  -1.794409131966  3.187753590215 -3.868373371951
  77  -3.081384541719 -1.738131735524 -3.841582647523
  78  -1.781503528786  3.165719429976 -3.840567463688
  79  -1.784649485595  3.175578670286 -3.849023907085
  80  -1.785925737537  3.178440996184 -3.851897348840
  81  -1.787848743170  3.181721917113 -3.855721426736
  82  -1.778821973763  3.159535067175 -3.834953099084
  83   0.027016908526  0.083455953566 -0.835810874779
  84   0.108116850395  0.406943826504 -1.032608677401
  85  -1.717614213031  3.085904999435 -3.755294982262
  86   0.109207908233  0.409428091915 -1.034459733164
  87   0.217424125125  0.842602721038 -1.377074353820
  88   0.219343757659  0.861109816972 -1.392366665718
  89   0.311464589452  1.234683235981 -1.731941488865
  90   0.306919978491  1.248834200267 -1.745905541131
  91   0.384307047570  1.498848248867 -2.070614450960
  92   3.099371346453  1.860789353982 -3.828295600998
  93   3.053220993687  1.842938513548 -3.785016212862
  94   3.111121518676  1.857734657967 -3.830608277529
  95   3.113587308983  1.856453872241 -3.831336951039
  96   3.114409970687  1.856928696923 -3.832152684704
  97   3.121629833895  1.849494085485 -3.955952867963
  98   2.496314634267  1.211695654384 -4.272136950191
  99   2.474734735487  1.195905420075 -4.281946982534
 100   1.561158949418  1.003284964373 -4.612979124843
 101   2.209319566788  1.617719555575 -4.293507721942
 102   2.251611221438  1.635997420987 -4.276525644201
 103   3.124222811388  1.859452321124 -3.953346568051
 104   1.600232458319 -2.191135962653 -4.274602533536
 105   1.802589734912 -2.877295854862 -4.010677845656
 106   1.344686776809 -2.581866453585 -4.196392555818
 107   1.259735882717 -2.514549240605 -4.232368640583
 108   1.164205631821 -2.427098035922 -4.276517819970
 109   1.155610533973 -2.416309663632 -4.281407738692
 110   0.936696284698 -1.474699856539 -4.615514652343
 111   1.594705523479 -2.178286756016 -4.279604823872
 112  -3.083757528125 -1.739645727296 -3.965691653293
 113  -3.062282366612 -1.727122160050 -3.978627848478
 114  -2.268491206310 -1.525691456881 -4.271048252466
 115  -0.668477545268 -2.393650682151 -3.955499136621
 116  -2.475646068845 -1.095399879158 -4.279262376499
 117  -2.454846467540 -1.079007352673 -4.288870269708
 118  -1.596761345507 -0.834149272742 -4.609721713355
 119  -2.222887754400 -1.506132546836 -4.289245966778
 120  -3.085138349774 -1.739253485734 -3.964641795710
 121  -1.798676543652  3.183407408968 -3.979721399520
 122  -1.575345906377  2.325692882952 -4.294170943799
 123  -1.796673961961  3.190844972992 -3.977650076710
 124  -1.171930221875  2.585545313621 -4.277281816570
 125  -0.939968292859  1.650917995208 -4.618032717889
 126  -1.568949794646  2.310667317792 -4.300092758830
 127  -1.167572517395  2.583317551259 -4.277987995050
 128  -1.795793530256  3.193961944845 -3.975317647561
 129   3.124550845917  1.860742106592 -3.952388412752
 130   1.468020334961 -0.364573939991 -4.618167837743
 131   1.467137965195 -0.364382424186 -4.618495560372
 132   1.539840320553  0.991598962248 -4.620551549983
 133   0.934921763773 -1.471488522130 -4.616634963305
 134  -0.466516740378 -1.409002792697 -4.612966496516
 135  -0.464267002479 -1.400107279453 -4.616203296245
 136  -1.577793373398 -0.822468079298 -4.616638717668
 137  -1.478259139761  0.522177451415 -4.617023139765
 138  -1.474005440497  0.520749845488 -4.618687580295
 139  -0.935830856360  1.643766340812 -4.620574265895
 140   0.394285913565  1.543018342548 -4.620935432120
 141   0.399457192363  1.541581955631 -4.620935273825
 142   1.598574199257 -2.924486372075 -3.959866929529
 143   1.771611630635 -2.854813174237 -4.036133089899
 144   1.749518475899 -2.847902782863 -4.042159185939
 145   1.324769043430 -2.909620446643 -3.963963971002
 146   1.397280374934 -2.927942474867 -3.948532540700
 147   1.616258014848 -2.816618024457 -4.068138059224
 148   1.413217947414 -2.863712015587 -4.013214735239
 149   1.794473890137 -2.875245525581 -4.016651542654
 150   1.748398590533 -2.879425030724 -4.010677845656
 151   1.795329146174 -2.929494800046 -3.962581702491
# facets:
#   id   num_of_sides   plane_coeff  (ax + by + cz + d = 0)
#   indices_of_vertices
  0     7    0.830092233152 -0.219313570934  0.512687470165 -0.216489821864
       30 32 33 34 35 36 31
  1     6   -0.219683211652 -0.827613398516  0.516522360712 -0.138421008495
       53 55 56 57 58 54
  2    10   -0.830318022024  0.219720841841  0.512147179981 -0.209169630023
       72 73 74 75 76 77 62 61 65 69
  3     5    0.221333863261  0.829541819662  0.512710142680 -0.266792436693
       75 74 81 91 92
  4     9    0.561896006968 -0.147376694859 -0.813973578911 -4.701500127359
       104 98 97 26 21 23 105 149 143
  5     8   -0.151597906210 -0.572418871163 -0.805825484066 -4.658952624134
       112 113 114 108 107 148 145 115
  6     6   -0.571873434500  0.146978044219 -0.807067673390 -4.708410818146
       116 113 112 120 121 122
  7     7    0.156351363898  0.563069810618 -0.811484220042 -4.743556320322
       103 102 127 124 123 128 129
  8     5    0.486221607343 -0.127412424685 -0.864496745274 -4.752625521404
       130 99 98 104 111
  9     5   -0.131097480676 -0.494024319967 -0.859507662468 -4.722120866315
       134 109 108 114 119
 10     5   -0.496673150325  0.126963644196 -0.858601196597 -4.764690768611
       137 117 116 122 126
 11     5    0.135502463214  0.487740796996 -0.862408254488 -4.791152568788
       140 127 102 101 141
 12     3    0.778500471395 -0.094585256324  0.620476144040  0.126061445074
       30 29 32
 13     5    0.715667889037 -0.307933258952  0.626894393525  0.163174373988
       33 32 29 28 37
 14     3   -0.094176197539 -0.777318299128  0.622018573403  0.189590168557
       53 52 55
 15     6   -0.307159721873 -0.716706458306  0.626086861291  0.208115783576
       56 55 52 51 59 60
 16     3   -0.776246945599  0.087892387752  0.624272062184  0.156532544830
       72 71 73
 17     8   -0.719247234852  0.305639086118  0.623913587121  0.147273142408
       74 73 71 70 78 79 80 81
 18     4    0.092392480848  0.778188972331  0.621196871229  0.084364958460
       91 81 80 90
 19     6    0.309329113260  0.716423775153  0.625341885759  0.102154066363
       92 91 90 89 93 94
 20     5    0.683643752408  0.095942524070  0.723482032858  0.464606629223
       27 28 29 30 31
 21     5    0.551879387976 -0.417095303285  0.722122322813  0.497149441984
       37 28 27 38 39
 22     7    0.098190432995 -0.682815955066  0.723962022744  0.522211986590
       49 48 50 51 52 53 54
 23     3   -0.415374069183 -0.553808713033  0.721637230206  0.525508891054
       59 51 50
 24     5   -0.680336649766 -0.102103974116  0.725752589699  0.510628579759
       69 68 70 71 72
 25     5   -0.555205634080  0.414085069233  0.721304553794  0.470240855062
       78 70 68 67 82
 26     6   -0.099216536757  0.682599448814  0.724026291865  0.442079515457
       85 88 89 90 80 79
 27     4    0.417492788077  0.552683360391  0.721277252554  0.436786898955
       93 89 88 87
 28     5    0.472114514594 -0.467285249964  0.747497411551  0.587829786025
       39 38 40 41 42
 29     4    0.180422890768 -0.638204753966  0.748426531132  0.602449054668
       47 46 48 49
 30     8   -0.463636604548 -0.476663737740  0.746882038911  0.608533832059
       59 50 48 46 45 61 62 60
 31     6   -0.636558068486 -0.181808640170  0.749492791030  0.598120528483
       65 64 66 67 68 69
 32     3   -0.476719529402  0.463735917279  0.746784767729  0.550695492577
       82 67 66
 33     5   -0.181212805190  0.637532519475  0.748808524155  0.533378414506
       85 84 86 87 88
 34     6    0.466812539354  0.473929716862  0.746643607471  0.527352986317
       93 87 86 95 96 94
 35     7    0.638231045980  0.180096573161  0.748482702728  0.546160370595
       95 40 38 27 31 36 96
 36     5    0.344308584059 -0.019883673657 -0.938645960128 -4.847525656238
       100 99 130 131 132
 37     5    0.314749071686 -0.152882843692 -0.936781649040 -4.844010020909
       130 111 110 133 131
 38     5   -0.017531981645 -0.337964907063 -0.940995404459 -4.825152734960
       133 110 109 134 135
 39     5   -0.156560673821 -0.302513786614 -0.940199002510 -4.836387444028
       134 119 118 136 135
 40     5   -0.356647095622  0.026132979204 -0.933873608462 -4.852578941137
       136 118 117 137 138
 41     5   -0.316216553046  0.149964263685 -0.936759206625 -4.870796900075
       137 126 125 139 138
 42     5    0.026114027637  0.348127501974 -0.937083400734 -4.877665403635
       125 124 127 140 139
 43     4    0.155442912362  0.321657351240 -0.934009662364 -4.873952152824
       141 101 100 132
 44     9   -0.000384811964 -0.001495603438 -0.999998807544 -4.618470452385
       141 132 131 133 135 136 138 139 140
 45     4    0.000000000000 -0.000000000000  1.000000000000  0.835810874779
       43 83 63 44
 46     9    0.260939939959  0.963922038455  0.052579953551 -2.401114035401
       129 128 76 75 92 94 96 36 35
 47    10    0.966879239763 -0.254944319051  0.012162643614 -2.498606225518
       35 34 10 9 0 2 26 97 103 129
 48    12    0.584956038671 -0.810802653987 -0.020627387385 -3.552894194119
       33 37 39 42 47 49 54 58 5 4 10 34
 49    10   -0.250394186167 -0.967751709487  0.027556856108 -2.374841309942
       57 115 145 146 15 14 24 6 5 58
 50     8   -0.261394995811 -0.965086210231  0.016770897008 -2.418478681964
       62 77 120 112 115 57 56 60
 51     6   -0.967129014345  0.252827623349  0.027196736645 -2.436170167324
       77 76 128 123 121 120
 52     3    0.083491820542 -0.401662055598 -0.911974072546 -4.976309343211
       106 144 147
 53     4   -0.093443736677 -0.558432773537 -0.824270044048 -4.775106964321
       107 106 147 148
 54    10   -0.027734188197 -0.705882226074 -0.707786053633 -4.822746379718
       149 150 151 142 146 145 148 147 144 143
 55     5    0.322166234451 -0.940970569653 -0.103842690771 -3.766711314298
       8 11 1 0 9
 56     4   -0.023342179188 -0.990489517604  0.135593724733 -2.322425784088
       151 12 13 142
 57     3   -0.004752239227 -0.201653971630 -0.979445298089 -4.385034517053
       14 15 16
 58     9   -0.019090109366 -0.810059466336 -0.586036883416 -4.659118987700
       13 17 18 19 20 16 15 146 142
 59     3    0.077260840686 -0.981692059847  0.174101872849 -2.325354427272
       21 22 23
 60     3    0.018889198222 -0.240010019912 -0.970586620829 -4.487639488225
       24 7 6
 61     8    0.061252506822 -0.778286892283 -0.624914109065 -4.854663141203
       14 16 20 11 8 3 7 24
 62    12    0.072547543630 -0.921803942475 -0.380807491458 -4.340567411922
       19 25 17 13 12 22 21 26 2 1 11 20
 63     3    0.036498206684 -0.928941391713 -0.368423359291 -4.216257913428
       105 150 149
 64     3    0.020520025423 -0.522269522430 -0.852533562094 -4.927292813824
       18 25 19
 65     3    0.036516365721 -0.929403570064 -0.367254079605 -4.244708040127
       17 25 18
 66     6    0.026692845764 -0.679378291291 -0.733302549639 -4.943928881185
       150 105 23 22 12 151
 67     3    0.323912613574 -0.946071325668 -0.005446605890 -3.396374976505
       0 1 2
 68     5    0.258071540548 -0.753765288082 -0.604348384991 -5.044868862824
       3 4 5 6 7
 69     5    0.287848185094 -0.840735749863 -0.458592216725 -4.795660178633
       3 8 9 10 4
 70     7    0.330651273523 -0.552593972931  0.765055315907  0.653847117570
       42 41 43 44 45 46 47
 71     6   -0.549856832812 -0.334226498020  0.765473782328  0.662155747799
       61 45 44 63 64 65
 72     9   -0.334939596458  0.549585287726  0.765357091977  0.602876648750
       82 66 64 63 83 84 85 79 78
 73     7    0.555107470102  0.326293847850  0.765106542576  0.597255916692
       95 86 84 83 43 41 40
 74     7    0.304800553817  0.166084427871 -0.937823323026 -4.968631533589
       97 98 99 100 101 102 103
 75     9    0.164177690327 -0.295740275593 -0.941054395554 -4.933363125880
       104 143 144 106 107 108 109 110 111
 76     6   -0.304006912381 -0.164271503971 -0.938400058721 -4.948216568526
       114 113 116 117 118 119
 77     6   -0.156362352467  0.303832223630 -0.939806785789 -4.988636224298
       122 121 123 124 125 126
# edges:
#    vert1_id  vert2_id  facet1_id  facet2_id
  30   32     0   12
  32   33     0   13
  33   34     0   48
  34   35     0   47
  35   36     0   46
  36   31     0   35
  31   30     0   20
  53   55     1   14
  55   56     1   15
  56   57     1   50
  57   58     1   49
  58   54     1   48
  54   53     1   22
  72   73     2   16
  73   74     2   17
  74   75     2    3
  75   76     2   46
  76   77     2   51
  77   62     2   50
  62   61     2   30
  61   65     2   71
  65   69     2   31
  69   72     2   24
  74   81     3   17
  81   91     3   18
  91   92     3   19
  92   75     3   46
 104   98     4    8
  98   97     4   74
  97   26     4   47
  26   21     4   62
  21   23     4   59
  23  105     4   66
 105  149     4   63
 149  143     4   54
 143  104     4   75
 112  113     5    6
 113  114     5   76
 114  108     5    9
 108  107     5   75
 107  148     5   53
 148  145     5   54
 145  115     5   49
 115  112     5   50
 116  113     6   76
 112  120     6   50
 120  121     6   51
 121  122     6   77
 122  116     6   10
 103  102     7   74
 102  127     7   11
 127  124     7   42
 124  123     7   77
 123  128     7   51
 128  129     7   46
 129  103     7   47
 130   99     8   36
  99   98     8   74
 104  111     8   75
 111  130     8   37
 134  109     9   38
 109  108     9   75
 114  119     9   76
 119  134     9   39
 137  117    10   40
 117  116    10   76
 122  126    10   77
 126  137    10   41
 140  127    11   42
 102  101    11   74
 101  141    11   43
 141  140    11   44
  30   29    12   20
  29   32    12   13
  29   28    13   20
  28   37    13   21
  37   33    13   48
  53   52    14   22
  52   55    14   15
  52   51    15   22
  51   59    15   23
  59   60    15   30
  60   56    15   50
  72   71    16   24
  71   73    16   17
  71   70    17   24
  70   78    17   25
  78   79    17   72
  79   80    17   26
  80   81    17   18
  80   90    18   26
  90   91    18   19
  90   89    19   26
  89   93    19   27
  93   94    19   34
  94   92    19   46
  27   28    20   21
  31   27    20   35
  27   38    21   35
  38   39    21   28
  39   37    21   48
  49   48    22   29
  48   50    22   30
  50   51    22   23
  54   49    22   48
  50   59    23   30
  69   68    24   31
  68   70    24   25
  68   67    25   31
  67   82    25   32
  82   78    25   72
  85   88    26   33
  88   89    26   27
  79   85    26   72
  88   87    27   33
  87   93    27   34
  38   40    28   35
  40   41    28   73
  41   42    28   70
  42   39    28   48
  47   46    29   70
  46   48    29   30
  49   47    29   48
  46   45    30   70
  45   61    30   71
  62   60    30   50
  65   64    31   71
  64   66    31   72
  66   67    31   32
  66   82    32   72
  85   84    33   72
  84   86    33   73
  86   87    33   34
  86   95    34   73
  95   96    34   35
  96   94    34   46
  95   40    35   73
  36   96    35   46
 100   99    36   74
 130  131    36   37
 131  132    36   44
 132  100    36   43
 111  110    37   75
 110  133    37   38
 133  131    37   44
 110  109    38   75
 134  135    38   39
 135  133    38   44
 119  118    39   76
 118  136    39   40
 136  135    39   44
 118  117    40   76
 137  138    40   41
 138  136    40   44
 126  125    41   77
 125  139    41   42
 139  138    41   44
 125  124    42   77
 140  139    42   44
 101  100    43   74
 132  141    43   44
  43   83    45   73
  83   63    45   72
  63   44    45   71
  44   43    45   70
 128   76    46   51
  35  129    46   47
  34   10    47   48
  10    9    47   69
   9    0    47   55
   0    2    47   67
   2   26    47   62
  97  103    47   74
  42   47    48   70
  58    5    48   49
   5    4    48   68
   4   10    48   69
  57  115    49   50
 145  146    49   54
 146   15    49   58
  15   14    49   57
  14   24    49   61
  24    6    49   60
   6    5    49   68
  77  120    50   51
 123  121    51   77
 106  144    52   75
 144  147    52   54
 147  106    52   53
 107  106    53   75
 147  148    53   54
 149  150    54   63
 150  151    54   66
 151  142    54   56
 142  146    54   58
 144  143    54   75
   8   11    55   61
  11    1    55   62
   1    0    55   67
   9    8    55   69
 151   12    56   66
  12   13    56   62
  13  142    56   58
  15   16    57   58
  16   14    57   61
  13   17    58   62
  17   18    58   65
  18   19    58   64
  19   20    58   62
  20   16    58   61
  21   22    59   62
  22   23    59   66
  24    7    60   61
   7    6    60   68
  20   11    61   62
   8    3    61   69
   3    7    61   68
  19   25    62   64
  25   17    62   65
  12   22    62   66
   2    1    62   67
 105  150    63   66
  18   25    64   65
   3    4    68   69
  41   43    70   73
  44   45    70   71
  63   64    71   72
  83   84    72   73
