# POLYHEDRON:
# num_vertices   num_facets   num_edges
   596  300  894
# vertices:
#   id   x y z
   0   1.646131785279  1.688622409036 -3.030458601109
   1   1.659976272687  1.693531082767 -3.052377863604
   2   2.320376196603  0.514307941530 -3.825657243570
   3   1.952821380882 -0.887013348132 -3.004848753325
   4   1.236717047086 -2.067913356199 -2.956381703077
   5   0.319001842672 -2.831816117717 -3.812086824622
   6  -2.281380575449  1.164110875660 -2.985163791858
   7  -2.284889641552  1.168006212773 -2.990386742213
   8  -1.533034796058  2.246301226344 -2.863049802056
   9   0.559718823514  2.585188385051 -2.917172864672
  10  -0.479882627413  2.961307029825 -3.754929328979
  11   0.554867190091  2.580557468087 -2.910218610412
  12   0.554205858155  2.580297184120 -2.909901731640
  13   0.008058706755  2.321985760834 -2.624360139108
  14   0.559500809335  2.569768661466 -2.905500458179
  15  -0.227326529634  0.416683311404 -1.514396521617
  16   0.963570416789  2.040710162930 -2.801563463053
  17   0.927017847465  1.977389656354 -2.755311358355
  18   1.629183940785  1.664326962278 -3.000102920945
  19   1.627704843023  1.664539591843 -2.999195921889
  20   1.528345327511  0.870274962308 -2.694357960746
  21   0.127262622453  0.149111816597 -1.556890467292
  22   1.526505660738  0.359570855855 -2.593179714023
  23   0.134427000773  0.151102024508 -1.562194807217
  24   1.920121668443 -0.803521111660 -2.965405284279
  25   1.944239723124 -0.877070655124 -2.992566481401
  26   1.657613195956 -0.162297921327 -2.691257529869
  27   0.094388098943  0.139720212647 -1.535314438193
  28   0.114022563687  0.142697505956 -1.547092778706
  29   1.932005265534 -0.882727866320 -2.984582375801
  30   0.136286573783  0.134242862475 -1.563602990050
  31   1.544709510243 -1.307504749966 -2.849852051472
  32   0.066696655679  0.132783808766 -1.519432748663
  33   1.250826668320 -2.051698950308 -2.950259398271
  34   1.515007478637 -1.355961321135 -2.847147327204
  35   1.233627433376 -2.059933467741 -2.944608288135
  36   1.237789638636 -2.056917232524 -2.944811796624
  37   0.582990516753 -1.932068152270 -2.621538708955
  38   0.131844931313 -1.917329615735 -2.500188971065
  39  -0.780359361614 -2.326810591476 -2.864901993313
  40  -0.123532678093 -0.298898568159 -1.544563225123
  41  -0.284048897194 -2.071697432377 -2.621578417088
  42  -0.122030496036 -0.315434012138 -1.554048973634
  43  -0.810058478342 -2.330337580416 -2.875873904529
  44  -0.795570657536 -2.334095256859 -2.872649160449
  45  -0.791274424617 -2.331538960678 -2.869732229408
  46  -0.127012014835 -0.279363426277 -1.533674878988
  47  -0.131948754659 -0.237972429975 -1.515837397763
  48  -0.127012348320 -0.278706879064 -1.533355700306
  49  -1.215965867357 -1.886279157207 -2.785262229111
  50  -0.127014533102 -0.279323613434 -1.533654522254
  51  -1.784371705480 -1.612603776561 -2.934557860196
  52  -1.228435357503 -1.877922371921 -2.786670857992
  53  -1.783261446048 -1.513209163108 -2.899757690188
  54  -1.788699476109 -1.606919481566 -2.934741245694
  55  -1.786207623351 -1.609289410993 -2.933919237085
  56  -1.703182947525 -0.741974243975 -2.588914735170
  57  -0.526094851194  0.008284912577 -1.573039031648
  58  -1.721294794817 -0.148424202403 -2.469331838845
  59  -2.275860304484  1.159875214223 -2.977928365773
  60  -0.504404924771  0.029541276045 -1.552659084529
  61  -1.903291328252  0.405119793005 -2.605536196332
  62  -0.507062858143  0.029582718119 -1.554565160840
  63  -2.266816043564  1.164612378225 -2.972127772546
  64  -0.492519030964  0.034043984950 -1.544793966756
  65  -0.431117351273  0.042512697676 -1.511000637215
  66  -1.818351745324  1.629953552178 -2.803975729247
  67  -0.484147868336  0.035842830973 -1.539888971328
  68  -1.531711070966  2.245663305492 -2.861510642571
  69  -0.231376237713  0.399529129341 -1.504196897506
  70  -0.231031143381  0.397353139822 -1.503245055722
  71  -1.798873615334  1.660041767175 -2.801793086874
  72  -0.229269152561  0.380464922680 -1.496357646194
  73  -1.496370586926  2.242260206823 -2.844011035136
  74  -1.516389981254  2.243252722198 -2.852304992282
  75  -0.244144530126  0.437660062584 -1.524543748979
  76  -0.473273025828  2.163353866832 -2.482629431817
  77  -0.936373230010  2.162629872485 -2.588173798963
  78  -0.244446506373  0.439029612245 -1.525291276027
  79   1.965440767209 -1.260380674249 -4.362657073294
  80   2.200264593659 -2.005542763057 -3.992346348258
  81   1.424613918586 -2.065273030621 -4.365254320200
  82   1.426410359989 -2.066728470666 -4.363847572392
  83   0.284778787121 -2.836010892588 -3.989822169772
  84  -1.787131451392 -2.690101618184 -3.984683654069
  85  -1.774250933488 -1.832106712691 -4.370094654688
  86  -2.628843775991 -0.211632181201 -3.979793820371
  87  -2.233444341507  1.405491269595 -4.362799765747
  88  -2.240730323120  1.402255643735 -4.358004533038
  89  -2.527324326161  2.129824500626 -3.959976324678
  90  -0.507984788475  2.985888445920 -3.964363506964
  91   0.713820173077  2.570190167897 -4.352790705426
  92   1.538863007796  1.900544088246 -4.358752319847
  93   2.351654872065  0.409573158023 -3.988627571438
  94   1.541880385490  1.905204099296 -4.355501316096
  95  -1.122070624569 -2.969852669696 -3.983358724607
  96   0.836869573725  3.078634525968 -3.967245171832
  97  -2.536260973090  2.136695273576 -3.951439413560
  98   2.443989568238 -1.267291308588 -3.982181613902
  99  -2.748720849969  1.423459505283 -3.963216065979
 100   2.182634081857 -2.053974848365 -3.766405818744
 101  -1.864713021309  2.664846841390 -3.696574803314
 102  -1.882177282097  2.666738275621 -3.942564338140
 103  -1.790736941765 -2.695119862076 -3.980103004497
 104   2.006738909185  1.978179840506 -3.731498111446
 105   1.998857804104  2.035552427869 -3.969076785985
 106   1.571971847980 -2.533937983697 -3.779122171723
 107   1.629675627637 -2.515244637571 -3.992243289254
 108  -2.244423158687 -2.052456714829 -3.963438827324
 109   1.522801817615  2.774370838404 -3.752418393813
 110   1.538838355890  2.759811287165 -3.753100849285
 111   1.515829917683  2.790594596134 -3.959397997482
 112   0.312540178721 -2.846819866005 -3.832778248240
 113   0.283459196984 -2.859468019332 -3.972499174869
 114  -0.470532462720  3.004305221890 -3.826295864576
 115  -0.509731580005  3.003067060016 -3.951010366253
 116   2.349103343302  0.495477184365 -3.869103658797
 117   2.366167605912  0.409829184480 -3.977070454963
 118  -2.650948786961 -0.210770931946 -3.962611867110
 119  -1.592335273723 -2.816394572348 -3.836153756650
 120   2.028857256274 -2.236892630745 -3.840184349209
 121   2.409339746694 -1.479382007926 -3.819110308387
 122   2.422597691969 -1.442431292613 -3.955760383093
 123   2.246911905741  1.096234860710 -3.945280212207
 124   1.813140998135  2.426994199928 -3.917989056113
 125   1.858621400671  2.336274112915 -3.827378685296
 126   1.863122428894  2.339992613434 -3.923146224794
 127  -1.763813509190 -2.701654578031 -3.794144413863
 128   2.437156650753 -0.425100513712 -3.863079299702
 129   2.402832013405  0.038925276913 -3.882393404192
 130  -2.665177393517 -0.058254901864 -3.879280738600
 131  -2.712153945319  0.317259499487 -3.939733990766
 132  -2.578270490324  2.045798393279 -3.755503220053
 133   1.546629837137  2.752940421820 -3.757685429673
 134   1.566793087371  2.743541443850 -3.945147231837
 135   1.604030161460  2.695425532074 -3.785910981329
 136   2.368658127824 -1.652411225721 -3.946476229926
 137   2.408191516541 -1.508454658894 -3.950819832034
 138   0.965992264104  3.053623613816 -3.791365229934
 139   0.940837876397  3.065344115190 -3.945284361124
 140   0.992563635289 -2.710561113961 -3.958643148739
 141  -2.363694809160 -1.641573546829 -3.823810922630
 142  -2.368104127917 -1.629198577870 -3.834027076772
 143   2.195803484065 -2.031738676558 -3.767244165322
 144   2.213846631981 -2.016049428921 -3.978995622246
 145   2.186108055517 -2.048711900688 -3.766916498101
 146   2.208835946842 -2.024650816876 -3.976561476161
 147   2.242229695602 -1.952411396925 -3.794690112910
 148   2.242860912345 -1.964415229650 -3.968812289382
 149  -1.024474440150  2.902566730445 -3.832120078742
 150  -1.098648806355  2.890856514787 -3.923054391168
 151  -2.746968646004  0.840344510358 -3.842798625811
 152  -2.752620685284  0.803383231876 -3.931044913577
 153  -2.738452755731  0.601242028597 -3.932586311127
 154   1.254909379105 -2.641145525056 -3.964238104679
 155   1.148748690326 -2.665717311875 -3.837742346278
 156   1.145254234053 -2.667361067189 -3.853251278142
 157   1.082198244279  3.020495996847 -3.817011316991
 158   1.088279855677  3.020966193890 -3.931653089992
 159   1.169405200504  2.990234950566 -3.928483742267
 160   1.244280945963  2.957031395892 -3.829607525848
 161   1.721088249322  2.564823157289 -3.918983873417
 162   0.293734455186 -2.850010396825 -3.833859118897
 163   0.215526523201 -2.870565453702 -3.968747225669
 164  -2.515475481347 -0.951208134720 -3.859427328448
 165  -2.485455554957 -1.150913581065 -3.930082165620
 166  -2.480976226990 -1.121731305189 -3.855203696642
 167   0.175682642440  3.081722073676 -3.928258735377
 168  -0.859216352324  2.937004234673 -3.837455725198
 169  -0.840234795557  2.944723112050 -3.931813349108
 170  -2.415040891277 -1.468110370666 -3.930536661324
 171  -2.388296694913 -1.555061017465 -3.858797755873
 172  -2.481775639571 -1.169223607727 -3.929806763170
 173  -2.469006918225 -1.212621215136 -3.899689491059
 174  -2.661871291992  1.834893355244 -3.783769075915
 175  -2.669153103440  1.832471763406 -3.924044777532
 176  -2.682506166753  1.758974271477 -3.780924366393
 177  -0.487236342491 -2.953845002687 -3.953330252481
 178  -0.305881572887 -2.929768918390 -3.836221180910
 179  -0.225402864380 -2.927137119478 -3.955867782927
 180  -2.738721843162  1.502752834512 -3.951460407138
 181   2.320418177801 -1.784857600135 -3.827444432620
 182   2.329640097973 -1.772647132442 -3.947596331653
 183   2.299360204518 -1.847874257731 -3.952941394860
 184  -0.845654124633 -2.962233032121 -3.780876717371
 185   1.685648154510 -2.484102343492 -3.821692275898
 186   1.710029214517 -2.474983098988 -3.973668071319
 187  -2.167018231576  2.498182005117 -3.786736998241
 188  -2.015174378948  2.596586028922 -3.759393882823
 189   1.840252938341 -2.390409395896 -3.850116022475
 190   1.754362822307 -2.445411903788 -3.837682457778
 191   2.364902692394  0.387025362397 -3.877173773252
 192   2.368845707484  0.390579945376 -3.975708987399
 193   2.389051272915  0.185448660445 -3.883731281378
 194   2.395714660603  0.159029018038 -3.963585393324
 195   2.451880105294 -0.716593833625 -3.839880594519
 196   2.455401683913 -0.667756259591 -3.949140153430
 197   2.464333973598 -0.892710744824 -3.951024012838
 198  -1.084158332705 -2.972573890609 -3.978836171995
 199  -0.998315851409 -2.961482917464 -3.750712623542
 200  -0.948994215748 -2.975136901002 -3.968010822392
 201  -1.458650295494 -2.881031184526 -3.946990687016
 202   2.347238977927  0.508846756588 -3.869954293580
 203   2.336756281119  0.612071680978 -3.963162389045
 204   2.306571141373  0.769235435921 -3.879068973474
 205   2.319874233024  0.716352083752 -3.957352818109
 206   2.455790628304 -0.984150004968 -3.803046691786
 207   2.462620802381 -1.021692986871 -3.957542095158
 208  -1.752874624854 -2.725572784527 -3.969829147782
 209  -1.664337209428 -2.773827331015 -3.824916996966
 210  -1.667834820148 -2.780502674422 -3.956209215613
 211  -1.693174754216 -2.754390814286 -3.817691769753
 212  -1.749664172210 -2.725386709041 -3.936249058878
 213  -2.251976058513 -2.032907613633 -3.960891637302
 214  -2.754748519668  1.057215901307 -3.813592122725
 215  -2.764607278459  1.124215837221 -3.936779451093
 216  -2.144102667772 -2.247672084766 -3.828523097093
 217  -2.153186893106 -2.230685867819 -3.824897792703
 218  -2.184213100530 -2.189302608717 -3.943001450972
 219   1.506371907210  2.798536007597 -3.959255460415
 220   1.512523790386  2.784047264945 -3.759209070991
 221   1.512420073569  2.793689785318 -3.959240241115
 222   1.450154831484  2.842922398103 -3.945612770940
 223   0.724488446064  3.087808002755 -3.953944651937
 224   0.583630110172  3.095049426187 -3.940558543229
 225  -1.782839607897 -2.682898224650 -3.782607637522
 226  -1.784094742362 -2.681683560379 -3.782453137012
 227  -1.768736138309 -2.697386029168 -3.791826225270
 228  -1.830585356313 -2.639208383715 -3.799170447962
 229   2.447642400490 -0.526229723530 -3.949657360547
 230   2.423613698205 -0.141728779323 -3.953408207598
 231   2.436271197640 -0.396864517095 -3.874841787536
 232   2.423034546599 -0.148207736646 -3.930567660556
 233  -2.637831000048  1.906447712281 -3.780129906462
 234  -0.402740478308  3.015271543395 -3.832045002708
 235  -0.392618494553  3.021313189938 -3.943413618679
 236  -0.230596855309  3.038690400067 -3.839111308312
 237  -0.196717996946  3.047240707345 -3.934251011567
 238   1.952431304560 -2.304744363829 -3.850627912432
 239  -1.508183299526  2.789861089954 -3.921015871146
 240  -1.635520561255  2.745945212423 -3.761688581373
 241   2.116684312326  1.618357035629 -3.810835103744
 242   2.144378219500  1.540275337600 -3.944848696310
 243   2.084157515496  1.733662510534 -3.790038730489
 244   2.081430399309  1.771639700468 -3.952176756986
 245   0.361442159780  3.092028116279 -3.930589535320
 246  -1.861605190306  2.666150703714 -3.697811205317
 247  -1.853172894565  2.678367880951 -3.939316161658
 248  -1.807428561386  2.686305444018 -3.714907471579
 249   1.983072768729  2.049491027315 -3.758159099270
 250   1.924348479060  2.197239107333 -3.800818947641
 251  -1.939085069158  2.636075979944 -3.733696609726
 252  -1.950577866454  2.638459938469 -3.926835381774
 253  -1.988359638762  2.612244601221 -3.752465519674
 254  -1.963466270679  2.631926375877 -3.924611046056
 255  -2.736854805693  1.413081573812 -3.713366257150
 256  -2.736787716669  1.414180454674 -3.713726202120
 257  -2.750898617375  1.403905431059 -3.960600628851
 258  -2.762071128188  1.251069440077 -3.944715308545
 259  -2.743371205364  1.346783761812 -3.737467700512
 260  -2.759572774983  1.253579094911 -3.902014351321
 261  -2.660066194349 -0.140758883563 -3.958797668356
 262  -2.699872511186  0.202559050680 -3.943913768645
 263  -2.666439879328 -0.053103065944 -3.886878970606
 264   1.349907878877  2.904698849541 -3.823081082075
 265   1.361190224495  2.902992419244 -3.931000585060
 266   1.316447506068  2.922207836512 -3.826398852781
 267   1.297096020791  2.936148694523 -3.927415695201
 268   1.290052492047  2.938692453302 -3.898448724875
 269   2.077442518309 -2.188013474785 -3.827011532126
 270   2.074078629988 -2.194068046447 -3.947612457485
 271   2.126081507331 -2.132458729302 -3.806293177795
 272   2.126729015258 -2.134485513118 -3.955024473376
 273   1.634139346617  2.673133988455 -3.930168751478
 274   1.630724429254  2.672394984993 -3.860117575041
 275   1.679582618093  2.619439162842 -3.922958758508
 276  -2.712176820709  0.370627894191 -3.875450785864
 277  -2.712941230002  0.374647095406 -3.878963225032
 278  -2.737687566091  0.691679127137 -3.856085065669
 279  -2.736575577107  0.591790488138 -3.919694945782
 280   0.457427863712 -2.823432506960 -3.845816016365
 281   0.372662664732 -2.844371054132 -3.968035458021
 282   0.574224450361 -2.801371725185 -3.851438048202
 283   0.530096879351 -2.814136335037 -3.962844569947
 284  -2.392128709764  2.311839058610 -3.777855298027
 285  -2.397412134223  2.313293901937 -3.910241423854
 286  -2.416346960249  2.284234096631 -3.767668480792
 287  -2.445950195390  2.259627322402 -3.919693546959
 288  -0.418961793885 -2.941123008339 -3.831279042510
 289  -0.483256856313 -2.951704191638 -3.916393807482
 290  -2.697739094490  1.685663864510 -3.771717841629
 291   1.812707593717  2.417464645067 -3.833112207265
 292   1.809726406340  2.431168780063 -3.903043279717
 293  -2.636788323357 -0.256611070218 -3.869704691491
 294  -2.658699673678 -0.105475244203 -3.877479629850
 295   1.679153267811  2.612021068603 -3.816308643742
 296   1.679782174361  2.613281665512 -3.835363003486
 297   1.684301331340  2.609284823759 -3.854503425279
 298  -2.220193320875 -2.079116283041 -3.777309174857
 299  -2.235654791214 -2.073925289539 -3.959786114031
 300  -2.200840354270 -2.127854908104 -3.794990564904
 301  -2.194184596299 -2.169355521196 -3.945192875336
 302  -1.930166066238 -2.546811599664 -3.953368614321
 303   0.779380894213  3.071794468044 -3.703146239107
 304   0.629230911614  3.085081229064 -3.754334745876
 305   0.715086439063  3.085460908561 -3.878829542947
 306   0.630316371430  3.086416530334 -3.781555304136
 307  -2.511172717134  2.174061798063 -3.940647346646
 308  -2.476460511989  2.207682389680 -3.732572509523
 309  -2.470295060375  2.230209532325 -3.925968535243
 310  -2.309827784382  2.395228645992 -3.902329066739
 311   2.016255484413  1.952325296166 -3.739963862734
 312   2.014172416210  1.991353418392 -3.965068140584
 313   2.034643571822  1.897907458658 -3.754973597398
 314   2.052050052585  1.873567353665 -3.956712682710
 315  -2.363674208809  2.340679346505 -3.785434818441
 316  -2.383179886837  2.327434889367 -3.908448447907
 317  -2.349087590357  2.354488177433 -3.788128687198
 318  -2.319568931635  2.386932833216 -3.902707857972
 319   1.378951584831  2.886913657400 -3.816727000105
 320   1.437603392863  2.845876749330 -3.797019061338
 321   1.436173330112  2.847718091611 -3.811575464225
 322  -1.581663807019 -2.829929753285 -3.946784368912
 323  -1.578933513526 -2.828450041094 -3.900558079055
 324  -1.529967234581 -2.852735332115 -3.945937240447
 325   2.166421942229 -2.079397428762 -3.781165289873
 326   2.191724898540 -2.050389784779 -3.970392499595
 327   2.143370677875 -2.111046637691 -3.797035366769
 328   2.154785379087 -2.100127779762 -3.960512069569
 329  -1.076755098753 -2.957057337883 -3.729310957070
 330  -1.050007354972 -2.959535350104 -3.738024549692
 331  -1.083380916824 -2.968233489847 -3.903014163929
 332  -1.173226648692 -2.953292504820 -3.775039784008
 333  -1.336622241309  2.835289282413 -3.919505900596
 334  -1.255991993707  2.850017052862 -3.817193049931
 335  -1.248807645385  2.857118391087 -3.919811816678
 336  -2.031649650810 -2.423051645133 -3.940857018155
 337  -2.031818054752 -2.422832773780 -3.940842187467
 338   1.563127079455 -2.537576987682 -3.781695786048
 339   1.541359051076 -2.550775327646 -3.981256936421
 340   1.483771206440 -2.566619554995 -3.799290470134
 341   1.501236355532 -2.565122382681 -3.977609017979
 342  -0.640146976511 -2.963610995854 -3.956176457138
 343  -0.853800055611 -2.974035950241 -3.962543576239
 344  -0.693608689299 -2.957742828656 -3.803266903773
 345  -0.839216481782 -2.970123730840 -3.903772316714
 346  -0.654507920560 -2.956182259953 -3.808431901300
 347  -0.618180733002 -2.957420576618 -3.862227074225
 348   0.978612096145  3.051194360723 -3.795719234029
 349   0.971644771510  3.058765654997 -3.940588292679
 350   1.025069470894  3.039356092001 -3.807859632830
 351   0.991321209897  3.053459954277 -3.938346200582
 352   1.917278456531  2.213485842497 -3.804714850238
 353   1.871933072169  2.322280316556 -3.925167973182
 354   1.920082778500  2.207396338686 -3.803454988913
 355   1.927834289622  2.205042738898 -3.940270428465
 356  -1.802501020090 -2.685104012986 -3.976750220131
 357  -1.800716564151 -2.683395076527 -3.939115296945
 358  -1.829799694906 -2.641367728508 -3.811742884641
 359  -1.878089136712 -2.605694738947 -3.961820829044
 360  -1.884101374531 -2.592366097848 -3.886298814775
 361  -2.315808076678 -1.842886596157 -3.943646141762
 362  -2.314956983520 -1.843500339438 -3.934635343464
 363  -1.612662052688  2.759631561296 -3.923878637850
 364  -1.637828103106  2.746067947062 -3.779947324230
 365  -1.747777574091  2.715997196968 -3.931021667607
 366  -1.746623468342  2.713811160993 -3.862591234776
 367  -2.153947754548  2.512074484778 -3.906025716704
 368  -2.031950934724  2.591190505841 -3.916484167103
 369  -2.147421353005  2.515050233709 -3.868342585957
 370  -2.021856055107  2.593260119333 -3.781107753404
 371  -2.635189835603  1.934420902483 -3.925118162252
 372  -2.604371127656  1.990750164258 -3.768772136383
 373  -2.602651466402  2.013617541576 -3.930672349244
 374  -2.607498987138  1.983344165512 -3.770029241828
 375  -2.634486894179  1.934033342641 -3.907085279076
 376   0.726253161806 -2.768677583503 -3.852693465639
 377   0.791018350428 -2.757844916618 -3.958868593052
 378   0.889020305850 -2.730832670581 -3.849707860524
 379   0.958709591864 -2.718955475785 -3.958342732419
 380  -1.368429347464 -2.912944308391 -3.951049537900
 381  -1.276060093059 -2.939439023331 -3.959542554775
 382  -1.901441155560 -2.567010335337 -3.818728737160
 383  -1.930556487887 -2.541838261182 -3.901574377779
 384  -1.901634367202 -2.567170507865 -3.822142641783
 385  -1.996178567385 -2.455979997120 -3.833376287621
 386  -1.997226247989 -2.457189691591 -3.854874260158
 387  -1.580200309490  2.762470627662 -3.772126176011
 388  -1.507281816039  2.789834012039 -3.914363219373
 389  -1.394716872261  2.814755735031 -3.801715920183
 390  -1.395161745741  2.816448370679 -3.836518524845
 391  -2.105885469688 -2.308892266323 -3.835649942738
 392  -2.141424665554 -2.266411081641 -3.937325825087
 393  -2.140032785021 -2.264941721161 -3.905933554992
 394  -2.209796100564  2.468850103231 -3.792474513074
 395  -2.221028412589  2.465553387093 -3.902127056641
 396  -2.257477203494  2.433179369006 -3.795233586070
 397  -2.252080994929  2.442205984904 -3.901434059780
 398  -2.260966412016  2.431596086658 -3.817359226265
 399   0.465003492793  3.089596011659 -3.793280822012
 400   0.556505143804  3.095387956164 -3.938795646028
 401   0.459232711930  3.089642917205 -3.794459260827
 402   0.438361133020  3.095135379994 -3.932450009086
 403  -2.697188881636  1.730586509082 -3.927501725113
 404  -2.695986605422  1.731569850022 -3.907724169503
 405  -2.722636677039  1.605498747972 -3.938627319089
 406  -2.701354902675  1.680461941327 -3.813466840387
 407  -2.719285774495  1.603724819331 -3.865861915549
 408  -2.511957424098  2.153082628897 -3.708383688952
 409  -2.504269770272  2.165122152398 -3.707607404093
 410  -2.535741776361  2.117328975679 -3.726405828741
 411  -2.495111756057  2.180498595151 -3.717490867878
 412  -2.505565918272  2.171433750736 -3.794912671354
 413   1.997376598736  2.039643638728 -3.968215417259
 414   1.960000668483  2.131996411073 -3.951576725683
 415   1.983435969460  2.051780286528 -3.780763810558
 416   1.959428809657  2.131826168462 -3.938459518474
 417  -2.761115782326  0.980495989701 -3.932747424839
 418  -2.764490399137  1.113370931493 -3.936360993363
 419  -2.755730487769  1.054506463593 -3.826834777077
 420   1.885558478282 -2.357538559061 -3.852286667277
 421   1.898595605066 -2.350076156991 -3.948022692059
 422   1.951722507906 -2.305331711931 -3.850677081668
 423   1.928500253056 -2.326447879973 -3.946208336403
 424  -1.158948071376 -2.966460656568 -3.974923201995
 425  -1.192521899733 -2.961346630164 -3.968665646772
 426  -1.192949962284 -2.960509059242 -3.954191386759
 427  -1.169117756332 -2.957113185351 -3.827690261969
 428  -1.172494441915 -2.955664463110 -3.809647048761
 429  -2.642119894212 -0.274247342628 -3.958577135378
 430  -2.603649041558 -0.494248099662 -3.878738865475
 431  -2.612864256477 -0.464396481543 -3.948692187191
 432  -2.612261652469 -0.436333829344 -3.877341787821
 433  -2.640284673711 -0.280476813288 -3.945278771718
 434   1.597878110265 -2.523685451103 -3.790080179574
 435   1.630423410024 -2.514937089952 -3.992030829527
 436   1.657928389129 -2.497778829868 -3.813045120104
 437   1.633896397669 -2.513376322721 -3.991122176564
 438   1.419511652352 -2.587747219407 -3.809896261965
 439   1.387867957138 -2.601784494786 -3.970202689205
 440   1.391706409030 -2.596162073940 -3.813377434231
 441   1.268158967055 -2.637427489367 -3.964679529714
 442  -2.750649190157  1.260396989399 -3.766803033664
 443  -2.756573961826  1.245488182617 -3.846179013921
 444  -2.753884342943  1.164954844772 -3.791015571521
 445  -2.761973383535  1.146187413946 -3.899734770248
 446   2.166028727691  1.426281667488 -3.837201518546
 447   2.184468544311  1.378385736015 -3.942858089567
 448   2.202002282556  1.275903815567 -3.853296502421
 449   2.206025980402  1.285387885306 -3.942882447384
 450   2.437450703590 -1.335953043696 -3.970361114863
 451   2.424947259213 -1.358072419480 -3.790796595996
 452   2.434236446134 -1.364770877923 -3.965771842919
 453   2.437509562131 -1.190337901186 -3.740203798951
 454   2.457867064924 -1.096731831202 -3.964323418397
 455   2.447480164540 -1.087723070937 -3.772891112142
 456   2.459865361969 -1.069364553100 -3.961639712373
 457   2.433163233184 -1.262616349827 -3.763358547287
 458   2.435347088749 -1.261184921636 -3.799091958210
 459  -2.599231719346  2.021128085546 -3.931455230472
 460  -2.578594613062  2.046228531010 -3.765090211674
 461   1.115848586153  3.007861291319 -3.820353318950
 462   1.232756917726  2.961904973452 -3.829197041460
 463   1.174896517486  2.987488388105 -3.900672058705
 464  -2.578353494205 -0.667425920597 -3.940704048899
 465  -2.601096864637 -0.509566233803 -3.878697018815
 466  -2.583114420667 -0.640549739290 -3.941610533303
 467  -2.567330706763 -0.701626965275 -3.875521647072
 468  -2.564750897034 -0.719677882368 -3.882880885926
 469   0.151362057112  3.075228600492 -3.828550885408
 470   0.190328752122  3.081326724181 -3.894553441388
 471   0.321803533970  3.085085539983 -3.812870311898
 472   0.307970300346  3.086115264257 -3.847261020262
 473   2.283692312121  0.888503744767 -3.875972185021
 474   2.243496821156  1.087597281303 -3.867374919085
 475   2.249027656764  1.082400444536 -3.932538172962
 476  -2.538370269432  2.133421687262 -3.950623645873
 477  -2.535595506942  2.132153564486 -3.878924637256
 478  -2.540196127625  2.119257711518 -3.819915366132
 479  -2.578411186842  2.063344414106 -3.937081573874
 480  -2.575567775055  2.063108537215 -3.876223683753
 481  -1.442703049939 -2.880078013874 -3.831231180540
 482  -1.530366489083 -2.845009941182 -3.836672831443
 483  -1.458919545800 -2.876434133922 -3.867458957866
 484  -1.537989398408 -2.845192955512 -3.877188432763
 485  -1.528078485299 -2.850518854029 -3.893435815940
 486  -2.730875858695  1.470827699880 -3.728904324675
 487  -2.738625938126  1.502875423065 -3.949902060581
 488  -2.716624324952  1.581041913982 -3.754650978676
 489  -2.719253833574  1.592183549163 -3.830318122257
 490  -2.375334199722 -1.628932702169 -3.933907590358
 491  -2.368033152985 -1.629809151567 -3.835152085587
 492  -2.344676272990 -1.742172702964 -3.938397382828
 493  -2.343515569830 -1.731615850470 -3.881773846451
 494  -0.018824586025 -2.896109115433 -3.841699412637
 495  -0.026388424264 -2.903822250789 -3.960034075975
 496   0.036956559985 -2.888596672745 -3.841344292868
 497   0.123178511524 -2.884006458466 -3.964867670003
 498  -1.294004646289 -2.925818213256 -3.806318000383
 499  -1.224115718220 -2.943294862893 -3.790019857575
 500  -1.225044294869 -2.947389599338 -3.857140388640
 501  -1.270053848493 -2.937151212275 -3.883359323733
 502  -1.299453203545 -2.926768954378 -3.843356144712
 503   2.369776781909 -1.633285302599 -3.829954697513
 504   2.406244891621 -1.494101524599 -3.821021776910
 505   2.370067669632 -1.632939901373 -3.834040024554
 506   2.405873107856 -1.511405884558 -3.907448110074
 507   2.022545132625 -2.245529914552 -3.944401914417
 508   2.025158583588 -2.241016054115 -3.859222384862
 509   1.977493674896 -2.285879569210 -3.944331491069
 510   1.973547170034 -2.288177905820 -3.895865213263
 511   2.284868402980 -1.866916509864 -3.814883516972
 512   2.311748142221 -1.806034281265 -3.824842651228
 513   2.297584848845 -1.846470732983 -3.887084113682
 514   1.841413255617 -2.391737962470 -3.953567688039
 515   1.761054346448 -2.445578617492 -3.964136461232
 516   1.833213264700 -2.396285652391 -3.886399325335
 517   1.762503272640 -2.444499069988 -3.956102096586
 518  -2.294336043573 -1.866851675967 -3.781867053154
 519  -2.329211346393 -1.757550565158 -3.804088490475
 520  -2.315972181411 -1.822973022162 -3.868358097245
 521  -2.326728188273 -1.782186083647 -3.853709927870
 522  -2.244988816104 -2.005650365540 -3.745911571211
 523  -2.231536527567 -2.048197290486 -3.765079512845
 524  -2.263313821331 -1.956577680487 -3.759966486409
 525  -2.250681536312 -2.031903146599 -3.937858214812
 526  -2.273243799128 -1.940524837177 -3.815220767719
 527   0.872895923545  3.075161349784 -3.958858896666
 528   0.885238813260  3.063220630524 -3.755517872681
 529   0.896414960504  3.072122789335 -3.953913075859
 530   0.805692891518  3.070677445629 -3.717525412920
 531   0.805584112888  3.071474368711 -3.732738350358
 532  -0.575780958547  2.987880031580 -3.832431609095
 533  -0.560287193802  2.994919343442 -3.947485147382
 534  -0.659651850578  2.973331227395 -3.834793863373
 535  -0.752205404506  2.961005209502 -3.936364016362
 536  -1.425647409817 -2.885945905823 -3.829082849883
 537  -1.342899830236 -2.911851478019 -3.815735066912
 538  -1.366546291088 -2.911909946954 -3.921097826195
 539  -1.354991632747 -2.913947536568 -3.897733209917
 540   2.456755077720 -0.946229409431 -3.810724567058
 541   2.456931550920 -0.865180130591 -3.824084829628
 542   2.462168026960 -0.894144181001 -3.906394331904
 543   1.383879742814  2.889450366966 -3.933507530631
 544   1.423791400390  2.862174952708 -3.940286910821
 545   1.385210861338  2.884960485023 -3.855243291432
 546   1.435332537182  2.848449995719 -3.814262528894
 547  -0.011788018889  3.062815998624 -3.838495737060
 548  -0.091007201748  3.058757828492 -3.931215682955
 549  -0.009977648616  3.062985015210 -3.838438601095
 550   0.041111698226  3.071163176072 -3.928956898990
 551   1.720561435382  2.564274070009 -3.897620296138
 552   1.764224054186  2.493652960361 -3.831485405900
 553   1.772707843953  2.483799570936 -3.858776967526
 554   1.723389159248  2.553253375354 -3.826439221631
 555   1.716649448086  2.568446589822 -3.881186028184
 556  -2.094988963138 -2.336908054779 -3.936958307959
 557  -2.054885614833 -2.380771102771 -3.837371123066
 558  -2.055311833199 -2.381629718017 -3.849194141116
 559  -2.103425150403 -2.312675900031 -3.835983747273
 560  -2.096233582188 -2.335159946261 -3.936906029109
 561   0.714427313456  2.565871591814 -4.355571528441
 562   0.725343718851  2.555705789220 -4.359281669703
 563  -0.355376561758  1.967219374266 -4.621281389965
 564   0.850728927011  1.882080764473 -4.621618180591
 565   1.535781759844  1.898584073882 -4.360789650769
 566   0.859778359027  1.874796197707 -4.621610768089
 567   1.959942439644 -1.263426614053 -4.366254959594
 568   1.958049854816 -1.266351586703 -4.367028892745
 569   1.337197172116  0.247675636712 -4.619115037978
 570   1.336595487535  0.247533897674 -4.619360511251
 571   1.415689701472 -2.052923078147 -4.373987187207
 572   0.130395577775 -1.874489706951 -4.615722640958
 573   1.362092704604 -1.439483994223 -4.610189316019
 574   1.345717177489 -1.427590882143 -4.616858696023
 575  -1.030996979620 -2.420093716039 -4.385382852526
 576  -1.067033276191 -2.422991063220 -4.383429525968
 577  -1.061474481413 -2.427583273303 -4.381836046795
 578   0.098349625727 -1.879565261042 -4.615702718252
 579  -1.771856459578 -1.828615701629 -4.372574538454
 580  -1.774960244335 -1.810133288316 -4.373331390508
 581  -1.611165384353 -0.134457866174 -4.617654867370
 582  -1.178354449042 -1.819100886781 -4.607832347435
 583  -1.164524727299 -1.800027622525 -4.615335705420
 584  -2.219311112737  1.400621239697 -4.371152133058
 585  -1.618121432044 -0.082921309037 -4.617729268941
 586  -1.588913940472  1.519375558640 -4.620136911908
 587  -1.657628034042  2.198285318502 -4.338551445980
 588  -1.646312913875  2.205593447316 -4.337274032538
 589  -1.653636561776  2.204698093776 -4.336547421587
 590  -1.578841935992  1.532027607156 -4.620159710210
 591  -0.411249915834  1.958060211185 -4.621246190712
 592  -0.175128685254  0.089160194147 -1.388465678801
 593  -0.183744433819  0.072577315125 -1.388465678801
 594  -0.189175411907  0.103318281132 -1.388465678801
 595  -0.198347487681  0.085779560624 -1.388465678801
# facets:
#   id   num_of_sides   plane_coeff  (ax + by + cz + d = 0)
#   indices_of_vertices
  0     8    0.829912837489  0.105541739545  0.547818969536  0.115776660795
       0 18 20 22 26 24 2 1
  1     7    0.129560086765 -0.804678707608  0.579401727164 -0.111302349917
       39 5 4 35 37 38 41
  2    12   -0.824406860612 -0.135854630666  0.549451405952 -0.082433502566
       59 6 293 432 430 465 467 164 53 56 58 61
  3     6   -0.121611512231  0.840597215478  0.527832323209 -0.565652624259
       12 10 73 77 76 13
  4     7    0.385662406538  0.382628981628  0.839559152533  1.199124344536
       17 70 72 594 592 32 27
  5     6    0.495668846580 -0.257528149833  0.829452618643  1.261433586438
       31 32 592 593 47 34
  6     8   -0.365919940262 -0.404745434980  0.838023705024  1.125706737181
       49 50 48 47 593 595 65 52
  7     7   -0.487104834260  0.254737080032  0.835366925666  1.041411050581
       66 67 65 595 594 72 71
  8     6    0.518329976922  0.071003202326 -0.852228009563 -4.647234357466
       93 79 567 569 565 92
  9     6    0.084069642022 -0.534099581970 -0.841231199986 -4.895016374490
       571 81 83 575 578 572
 10     7   -0.525761924561 -0.072187302796 -0.847563208260 -4.770549937990
       87 584 585 581 580 86 88
 11     6   -0.087508912427  0.530587772136 -0.843100709468 -4.971086780047
       563 591 588 90 91 561
 12    17    0.339100588108  0.754508338871  0.561896750052 -0.501197224305
       9 109 220 320 319 264 266 160 462 461 157 350 348 138 528 530 303
 13    15    0.711051885654  0.440790887632  0.547821694795 -0.254663513645
       110 0 1 104 249 250 354 352 125 291 552 554 295 135 133
 14    14    0.853419226060  0.150753345020  0.498947946741 -0.148983473814
       104 1 2 116 202 204 473 474 448 446 241 243 313 311
 15    15    0.847621600763  0.084503046058  0.523829034254 -0.006271234521
       25 3 453 455 206 540 541 195 128 129 193 191 116 2 24
 16    12    0.762768890973 -0.238435819673  0.601108957562  0.105194348056
       3 143 147 511 512 181 503 504 121 451 457 453
 17    19    0.499454883381 -0.650617934289  0.572049930555 -0.271907936686
       100 33 36 35 4 106 434 436 185 190 189 420 422 238 120 269 271 327 325
 18    13    0.181269737465 -0.822190392652  0.539577835451 -0.329199828633
       106 4 5 112 280 282 376 378 155 440 438 340 338
 19    16    0.106926767513 -0.820494825899  0.561564695350 -0.216866932035
       44 329 330 199 184 344 346 288 178 494 496 162 112 5 39 45
 20    16   -0.323398280157 -0.711656984596  0.623664884908 -0.126790966612
       43 225 227 127 211 209 119 482 481 536 537 498 499 332 329 44
 21    16   -0.647446709783 -0.473676045311  0.597029113268 -0.167120892173
       226 51 55 54 522 523 298 300 217 216 391 559 557 385 382 228
 22     9   -0.826941949137 -0.153906836747  0.540813922121 -0.139317602016
       53 164 166 141 519 518 524 522 54
 23    13   -0.858491404493 -0.098572586564  0.503265291461 -0.341466868572
       6 7 255 259 442 444 214 151 278 276 130 294 293
 24    14   -0.786348044518  0.235136347131  0.571285962667 -0.362993247100
       7 408 410 132 372 374 233 174 176 290 488 486 256 255
 25    15   -0.524181045298  0.658946449831  0.539466225084 -0.739261331284
       409 8 101 251 253 188 187 394 396 317 315 284 286 308 411
 26    17   -0.162122180827  0.854461461891  0.493570672373 -0.754799358291
       73 10 114 532 534 168 149 334 389 387 240 248 246 101 8 68 74
 27    15   -0.096032197233  0.858100395747  0.504421974059 -0.693114052768
       11 9 303 304 399 401 471 469 549 547 236 234 114 10 12
 28     6    0.092420885776  0.492672204893  0.865293290392  1.126118582606
       13 76 78 75 69 15
 29     5    0.224256154241  0.469722102492  0.853856149311  1.148330794664
       14 11 12 13 15
 30     6    0.335444330377  0.421693006433  0.842408517017  1.176283485145
       14 15 69 70 17 16
 31     6    0.442935291242  0.347882477921  0.826308725191  1.178229682305
       17 27 28 21 19 16
 32     5    0.532187798989  0.244513145156  0.810548868640  1.157748392667
       19 21 23 20 18
 33     5    0.578125749490 -0.109042870306  0.808628635538  1.200221601795
       24 26 30 29 25
 34     6    0.526139095692 -0.219090730111  0.821691489529  1.242504941992
       29 30 28 27 32 31
 35     5    0.467687436713 -0.300767763968  0.831148129817  1.250021757452
       33 34 47 48 36
 36     7    0.339310756570 -0.411141344533  0.846067967300  1.225831875520
       36 48 50 46 40 37 35
 37     4    0.214710198674 -0.471244416199  0.855469596646  1.206996323792
       37 40 42 38
 38     3   -0.058693880974 -0.514559327847  0.855443584617  1.159929268000
       38 42 41
 39     6   -0.158696578034 -0.502100368133  0.850123882997  1.143388792080
       39 41 42 40 46 45
 40     6   -0.303506160697 -0.448926488396  0.840445726050  1.125007926266
       44 45 46 50 49 43
 41     8   -0.404047056764 -0.383802757587  0.830326092080  1.096748047927
       51 52 65 67 64 60 57 55
 42     5   -0.524085522238 -0.271001928597  0.807398489023  0.996595869780
       54 55 57 56 53
 43     5   -0.575254306639 -0.178384840622  0.798286497023  0.954575392214
       56 57 60 62 58
 44     6   -0.577827986028  0.113539987878  0.808222425893  0.960080493936
       61 62 60 64 63 59
 45     4   -0.527524289253  0.211031177043  0.822911882624  1.004229217483
       63 64 67 66
 46     7   -0.457753325307  0.294376834095  0.838930374178  1.038391103628
       68 71 72 70 69 75 74
 47     5   -0.335177753920  0.393373640645  0.856103412049  1.051171357896
       74 75 78 77 73
 48     3   -0.198498997084  0.455477171619  0.867835637832  1.075211775012
       77 78 76
 49    13    0.622307252298  0.031260042298 -0.782148639002 -4.595954782518
       79 93 117 192 194 230 229 196 197 207 456 454 98
 50    14    0.609246360456 -0.190537048414 -0.769749638164 -4.795740551263
       80 568 567 79 98 450 452 122 137 136 182 183 148 144
 51    18    0.413139807977 -0.462650553687 -0.784391461095 -4.968444746799
       82 80 144 146 326 328 272 270 507 509 423 421 514 515 186 437 435 107
 52    15    0.140076540805 -0.593291010105 -0.792706969847 -4.885230436957
       113 83 81 82 107 339 341 439 441 154 140 379 377 283 281
 53    14    0.052936411732 -0.595153344373 -0.801866717725 -4.902242142110
       95 577 575 83 113 163 497 495 179 177 342 343 200 198
 54    14   -0.233432994792 -0.558716608191 -0.795829622893 -5.091309188352
       577 95 424 425 381 380 201 324 322 210 208 103 84 576
 55    15   -0.516615007547 -0.344376216549 -0.783909405131 -4.973296938547
       85 84 103 356 359 302 336 337 556 560 392 218 301 299 108
 56    17   -0.611378485156 -0.134602849203 -0.779806656085 -4.739174531022
       118 86 580 579 85 108 213 361 492 490 170 172 165 464 466 431 429
 57    14   -0.614177577625 -0.037036207615 -0.788298308046 -4.759679690664
       88 86 118 261 262 131 153 152 417 418 215 258 257 99
 58    14   -0.597382931944  0.190810731616 -0.778925476103 -5.000700231171
       89 87 88 99 180 405 403 175 371 373 459 479 476 97
 59    18   -0.381092959900  0.483471521424 -0.788050406945 -5.113515953924
       102 589 587 89 97 307 309 287 285 316 318 310 397 395 367 368 254 252
 60    15   -0.151156105716  0.597032950694 -0.787847375759 -4.982772177216
       589 102 247 365 363 239 333 335 150 169 535 533 115 90 588
 61    14   -0.043786270772  0.610343578849 -0.790925709691 -4.980177619840
       96 91 90 115 235 237 548 550 167 245 402 400 224 223
 62    17    0.239330670414  0.549218481574 -0.800674646593 -5.067604161707
       219 562 561 91 96 527 529 139 349 351 158 159 267 265 543 544 222
 63    13    0.541920465849  0.356442619467 -0.761098461253 -4.829637826226
       413 105 94 111 134 273 275 161 124 126 353 355 414
 64    14    0.615025226313  0.142769491744 -0.775474592250 -4.597880961103
       117 93 92 94 105 312 314 244 242 447 449 123 205 203
 65     4    0.025640644584  0.366913488468 -0.929901634220 -5.010024355800
       563 561 562 564
 66     4    0.354912724449  0.102710814911 -0.929240252316 -4.792294881329
       570 566 565 569
 67     6    0.377612828000  0.000673309822 -0.925963335550 -4.782240736053
       569 567 568 573 574 570
 68     4    0.126649196049 -0.346779394854 -0.929356784257 -4.956202051953
       574 573 571 572
 69     6   -0.022433059004 -0.351867263616 -0.935781057010 -4.978438370765
       575 577 576 582 583 578
 70     5   -0.365300366105 -0.099248064368 -0.925583850466 -4.875930759979
       582 579 580 581 583
 71     3   -0.368210838760  0.005314910217 -0.929727126607 -4.888597295057
       586 585 584
 72     5   -0.136565097555  0.371931054124 -0.918159716557 -5.027467875864
       587 589 588 591 590
 73    13   -0.000384811964 -0.001495603438 -0.999998807544 -4.618470452385
       564 566 570 574 572 578 583 581 585 586 590 591 563
 74     4    0.000000000000  0.000000000000  1.000000000000  1.388465678801
       594 595 593 592
 75     5   -0.078328035802 -0.995252059481  0.057775919779 -2.813499359798
       424 95 198 331 427
 76     5    0.086210613175  0.995395729692  0.041893573324 -2.970404623029
       527 96 223 305 531
 77     5   -0.835069180573  0.548537923847  0.042019159426 -3.123975599098
       307 97 476 477 412
 78     4    0.995032063955 -0.086179116309  0.049843270503 -2.342577074076
       450 98 454 458
 79     6   -0.991735219866  0.117379598450  0.051800420312 -2.687792123629
       180 99 257 256 486 487
 80     5    0.835489216928 -0.548813836162  0.027588795450 -2.846906456086
       326 146 145 100 325
 81     6   -0.375201567442  0.926328245637  0.033760407656 -3.043368275610
       247 102 252 251 101 246
 82     7   -0.636072979993 -0.768880152518  0.065072845240 -2.952266926688
       356 103 208 212 127 227 357
 83     7    0.942394575623  0.330945419349  0.048657920703 -2.364242480364
       312 105 413 415 249 104 311
 84     6    0.375337867379 -0.926664754044  0.020344997511 -2.861245348249
       339 107 435 434 106 338
 85     6   -0.927614836876 -0.367268695295  0.068149980660 -2.565655042604
       213 108 299 298 523 525
 86     7    0.672593468768  0.739170570821  0.035283041289 -2.942563099926
       111 221 220 109 110 133 134
 87     6    0.163937971785 -0.984934025536  0.055039138333 -2.644214141396
       112 162 163 113 281 280
 88     6   -0.330866223143 -0.942169057846  0.053338624095 -2.986509498347
       201 380 538 536 481 483
 89     5    0.950234979018 -0.308750060733  0.041555801612 -2.596964889415
       182 136 505 503 181
 90     4   -0.769333625829 -0.636448125741  0.055313248045 -2.887181468635
       336 302 383 386
 91     5   -0.568242930106  0.822179078284  0.033489335875 -3.158530460650
       367 395 394 187 369
 92     5    0.353384702917  0.935205479960  0.022582338187 -3.121019673077
       159 158 157 461 463
 93     6   -0.156313410465  0.986924032089  0.039332843697 -2.888072460016
       114 234 235 115 533 532
 94     4    0.062708764107 -0.996727263198  0.051013465892 -2.711950778578
       342 177 289 347
 95     5    0.587700512126 -0.808900359542  0.016979881644 -2.949746099719
       514 421 420 189 516
 96     3    0.256209963053 -0.966300605433  0.024891660690 -2.774984335757
       140 154 156
 97     5   -0.947692449445  0.316174120478  0.043737247350 -2.937289473591
       174 233 375 371 175
 98     4   -0.256098029432  0.965878445715  0.038634536676 -2.929422832875
       333 239 388 390
 99     5    0.996885426210  0.054861924544  0.056653475135 -2.187387247171
       196 229 231 128 195
100     5   -0.968163628803 -0.240493095194  0.069442487187 -2.418278918391
       142 171 170 490 491
101     5   -0.995408572674 -0.046942276661  0.083415802519 -2.374358323311
       417 152 151 214 419
102     4   -0.054915412414  0.997857343963  0.035567099672 -2.925754548526
       472 245 167 470
103     6    0.989036059595  0.140760675911  0.044655402114 -2.220315237906
       192 117 203 202 116 191
104     4    0.968758749586  0.240640923965  0.059986922020 -2.211399111836
       447 242 241 446
105     5    0.830967092565  0.555234460066  0.034761838709 -2.718014814175
       553 292 124 161 551
106     7   -0.988366865361 -0.132754266583  0.074210808918 -2.354022051202
       118 429 433 294 130 263 261
107     3   -0.980419790409 -0.187025077478  0.061633229419 -2.409815860180
       464 165 468
108     4   -0.706649256080  0.706649256080  0.035967454206 -3.188175486719
       316 285 284 315
109     5    0.707018804449 -0.707018804449  0.015774039163 -2.955390166882
       507 270 269 120 508
110     5   -0.501441719167 -0.863295140894  0.057251218214 -3.010218610471
       119 209 210 322 323
111     5    0.515365991300  0.856020055689  0.040343020081 -3.027942446238
       264 319 545 543 265
112     4    0.896453358117  0.439167968590  0.059185066402 -2.465660490705
       125 352 353 126
113     3   -0.841953940655 -0.534320218383  0.074936413327 -2.719316540249
       391 216 393
114     5    0.981488911033  0.187229023144  0.040308937110 -2.251536049705
       473 204 205 123 475
115     5    0.897521552762 -0.439691271747  0.033565575773 -2.743536769611
       511 147 148 183 513
116     4    0.117345479090 -0.991446946852  0.057122588484 -2.649681745552
       179 495 494 178
117     4   -0.202630788445  0.978467067333  0.039280551407 -2.897128230277
       149 168 169 150
118     4   -0.992701298766 -0.093837900781  0.075753414477 -2.364139476607
       279 153 131 277
119     4    0.753526878325  0.653877316795  0.068130009712 -2.713223302910
       274 135 295 296
120     4   -0.975934638852  0.210113230346  0.058343903898 -2.766940565464
       406 290 176 404
121     4    0.210385472042 -0.977199147997  0.028631770963 -2.748033053047
       376 282 283 377
122     5    0.994221854515  0.093981635618  0.051868643429 -2.191231882513
       193 129 232 230 194
123     5    0.007837556167 -0.997888125817  0.064481478481 -2.705552786266
       184 199 200 343 345
124     4   -0.109596016732  0.992708300823  0.050189068473 -2.849124260262
       548 237 236 547
125     5    0.976897264220 -0.210320478165  0.037908199953 -2.520046141204
       137 122 121 504 506
126     5    0.495273286475 -0.868306505268  0.027352963541 -2.887284116441
       190 185 186 515 517
127     5   -0.947941105408 -0.308004736016  0.080874861791 -2.444036627724
       362 526 524 518 520
128     5   -0.998096242127  0.023521441587  0.057014324839 -2.561334490290
       443 260 258 215 445
129     5   -0.248395581579 -0.967436916549  0.048635866912 -2.968113729335
       381 425 426 500 501
130     5   -0.907033208700  0.418148036606  0.049426488828 -3.008402199226
       372 132 460 459 373
131     5    0.015687973230  0.998645251289  0.049614005834 -2.904505490958
       399 304 306 224 400
132     4   -0.316137232457  0.947581882206  0.046323069510 -2.944803915055
       366 248 240 364
133     5   -0.964248452069 -0.207597260159  0.164706709809 -1.990167915570
       171 142 141 166 173
134     5   -0.721631863408 -0.688402560522  0.073139376410 -2.859977573465
       358 228 382 384 360
135     4    0.202613530244  0.978383730633  0.041388802778 -3.026418698290
       349 139 138 348
136     5   -0.508884949981  0.860477457836  0.024792181005 -3.166592084643
       188 253 254 368 370
137     5    0.998725754341 -0.015689237873  0.047965773540 -2.285685834907
       540 206 207 197 542
138     4    0.959133739368  0.278654110484  0.049136104006 -2.295850238774
       244 314 313 243
139     4   -0.774573295245  0.630601804767  0.048760374467 -3.128367045310
       287 309 308 286
140     4    0.308940317618 -0.950820529501  0.022275565742 -2.814159967457
       439 341 340 438
141     5   -0.648701045921  0.759531338154  0.047948924736 -3.130526435584
       317 396 398 310 318
142     4    0.775440102283 -0.631307496644  0.011978833533 -2.949291091243
       272 328 327 271
143     4   -0.895040946548 -0.438476035302  0.081489081902 -2.593605320730
       217 300 301 218
144     3    0.432381625799  0.900432704130  0.047613811063 -3.018269785187
       268 160 266
145     4    0.593794029601  0.803932867565  0.033175214538 -3.015715486543
       321 222 544 546
146     5    0.916820005372  0.396743444310  0.045118922265 -2.464532539684
       354 250 416 414 355
147     4   -0.417229471741 -0.905040687479  0.082588872845 -2.896497270240
       482 119 323 484
148     4    0.660930245568 -0.749678206986  0.033967579586 -2.887441013744
       120 238 510 508
149     4    0.988365313206 -0.140665214563  0.057855899120 -2.368447360198
       122 452 451 121
150     5    0.975465457971  0.210012218345  0.066045502887 -2.161439650435
       123 449 448 474 475
151     5    0.867068912363  0.494567375945  0.059955082064 -2.537526990720
       126 124 292 291 125
152     3   -0.579653222649 -0.811145623193  0.077749080038 -2.918844233393
       211 127 212
153     3   -0.802887913213 -0.593022214340  0.060791875412 -2.828544627212
       556 337 558
154     4    0.990580029071  0.077960339034  0.112576158858 -1.946167096855
       232 129 128 231
155     6   -0.989893280369 -0.109285235581  0.090377158421 -2.294009223638
       131 262 263 130 276 277
156     4   -0.984665429245 -0.163893265104  0.059774493746 -2.412877483879
       465 430 431 466
157     5   -0.867477566834  0.494800468339  0.051528318153 -3.055339049962
       132 410 478 480 460
158     5    0.717483193678  0.695289585377  0.042311455379 -2.864778580053
       273 134 133 135 274
159     4    0.964013256821 -0.263724184187  0.033585641983 -2.586653700793
       505 136 137 506
160     4   -0.996070668877  0.062667454693  0.062578053070 -2.583107649768
       442 259 260 443
161     4    0.140708478910  0.988669304354  0.052288914611 -2.956700863383
       139 529 528 138
162     5    0.240791525318 -0.969365032079  0.048485832138 -2.674585965698
       379 140 156 155 378
163     6   -0.958866528690 -0.270428329599  0.086275713313 -2.380493813801
       519 141 142 491 493 521
164     6    0.868027710401 -0.495114264690  0.037279469905 -2.771520206165
       143 145 146 144 148 147
165     4   -0.217845937159  0.974586699239  0.052191123098 -2.851977872899
       150 335 334 149
166     5   -0.993173721597 -0.070320470995  0.093064440514 -2.311495747376
       278 151 152 153 279
167     5    0.271214279015 -0.961653295110  0.040813660246 -2.718420572379
       154 441 440 155 156
168     4    0.316409320391  0.948397431816  0.020674943653 -3.128131763317
       350 157 158 351
169     6    0.389889758718  0.920755907602  0.013947568366 -3.154422811748
       267 159 463 462 160 268
170     5    0.794452442460  0.606306936450  0.035174073996 -2.784546205642
       551 161 275 297 555
171     4    0.146415174605 -0.987050931029  0.065521417881 -2.604912711744
       497 163 162 496
172     7   -0.972006300661 -0.193344074372  0.133498390930 -2.113741135113
       164 467 468 165 172 173 166
173     5   -0.078376983437  0.995873998155  0.045738695501 -2.875563977011
       549 469 470 167 550
174     4   -0.179484464276  0.982763387897  0.044288265868 -2.870641959214
       168 534 535 169
175     4   -0.971128904969 -0.217073028568  0.098934069976 -2.275139191538
       173 172 170 171
176     5   -0.963559846005  0.263600145024  0.045468524378 -2.876508050276
       176 174 175 403 404
177     5    0.101813606856 -0.993710245834  0.046625495005 -2.701332774415
       178 288 289 177 179
178     5   -0.987693570475  0.148493085155  0.049104119013 -2.734133378326
       405 180 487 489 407
179     5    0.926352744366 -0.375211490449  0.032968628124 -2.693039235304
       183 182 181 512 513
180     3    0.039174035560 -0.997045784387  0.066068894150 -2.670555928663
       344 184 345
181     4    0.446905980036 -0.894399263106  0.018027844135 -2.906208673304
       185 436 437 186
182     4   -0.548563697105  0.835108416607  0.040887684331 -3.120169444468
       369 187 188 370
183     4    0.542184213429 -0.839695030602  0.030798283897 -2.886394016427
       516 189 190 517
184     4    0.992109474883  0.117423894450  0.043936532176 -2.221338823363
       194 192 191 193
185     5    0.997994498347  0.039211310633  0.049693605093 -2.228046762413
       197 196 195 541 542
186     5   -0.023520953967 -0.998075550693  0.057375603128 -2.764065635965
       331 198 200 199 330
187     4   -0.285888503053 -0.955946094098  0.066594511794 -2.913385655307
       498 537 539 502
188     4   -0.367618350897 -0.928497966116  0.052423992627 -3.004341200638
       324 201 483 485
189     4    0.985785388517  0.156133067040  0.062045412105 -2.153208783583
       204 202 203 205
190     4    0.996271815333 -0.062680109756  0.059276249994 -2.282891271225
       206 455 456 207
191     5   -0.548129319395 -0.834447139743  0.057028240314 -3.008756018673
       208 210 209 211 212
192     5   -0.943950217180 -0.323186395819  0.067145670329 -2.516804650114
       361 213 525 526 362
193     6   -0.997112012751 -0.007831460464  0.075540070521 -2.450434278648
       215 418 419 214 444 445
194     5   -0.874659347216 -0.480848045216  0.061287712796 -2.721506743998
       218 392 393 216 217
195     6    0.624808243560  0.779888171559  0.037270613655 -2.976174834871
       320 220 221 219 222 321
196     5   -0.210061215953 -0.975693042224  0.062428942877 -2.892284621981
       428 332 499 500 426
197     4    0.054910387312  0.997766033797  0.038049851075 -2.970244880046
       305 223 224 306
198     6   -0.687990171602 -0.721199568408  0.080874633273 -2.855564163974
       357 227 225 226 228 358
199     4    0.997100297506  0.062732233436  0.043077414048 -2.237392374392
       232 231 229 230
200     3   -0.931290578152  0.360289152464  0.053754866404 -2.940259209465
       375 233 374
201     4   -0.133005928910  0.990240512902  0.041631111951 -2.879878616589
       237 235 234 236
202     5    0.637348757741 -0.770422302901  0.015363469635 -2.960847121907
       238 422 423 509 510
203     6   -0.278748692187  0.959459291725  0.041677741377 -2.933743182287
       240 387 388 239 363 364
204     4    0.963556904941  0.263599340440  0.045535465954 -2.292615479786
       243 241 242 244
205     5   -0.039218864001  0.998186744391  0.045662939323 -2.892763856591
       402 245 472 471 401
206     5   -0.338521424777  0.940279429658  0.035746875784 -3.004934706637
       365 247 246 248 366
207     4    0.922555244772  0.382134894423  0.053523292197 -2.411527173306
       250 249 415 416
208     4   -0.446662337019  0.893911656888  0.037612582588 -3.082101343488
       253 251 252 254
209     6   -0.995482154628  0.078346144683  0.053639178136 -2.636017698155
       255 256 257 258 260 259
210     3   -0.991556350792 -0.117358427900  0.055163417266 -2.435743962169
       263 262 261
211     5    0.460705648125  0.886896126697  0.034140390086 -3.067554863655
       265 267 268 266 264
212     4    0.750054541856 -0.661262029387  0.012276511371 -2.958063076373
       271 269 270 272
213     5    0.759673616532  0.648822563136  0.043877988917 -2.803354292437
       275 273 274 296 297
214     4   -0.989396492200 -0.085691022899  0.117267343351 -2.197194931323
       279 277 276 278
215     4    0.187243841291 -0.981566590482  0.038298464050 -2.709748723182
       282 280 281 283
216     4   -0.744383046250  0.666725067866  0.037034636966 -3.182109609770
       286 284 285 287
217     4    0.070451353162 -0.995022240635  0.070479411740 -2.626940087310
       347 289 288 346
218     5   -0.980421245900  0.187025355127  0.061609229245 -2.727809977863
       488 290 406 407 489
219     4    0.842324573232  0.534555428969  0.068846253992 -2.555261584032
       291 292 553 552
220     4   -0.986338566716 -0.138401416207  0.089338008706 -2.290569639707
       293 294 433 432
221     5    0.802637049152  0.592836923270  0.065712629965 -2.645473480037
       297 296 295 554 555
222     4   -0.918789751494 -0.389057199161  0.066782395369 -2.596528272618
       300 298 299 301
223     5   -0.743624937403 -0.666046048946  0.058349063022 -2.900938069124
       383 302 359 360 384
224     6    0.070532608317  0.996169850762  0.051679585881 -2.923623740050
       305 306 304 303 530 531
225     5   -0.812899057864  0.580906245570  0.041749917138 -3.139734312449
       309 307 412 411 308
226     3   -0.631046904824  0.775120015244  0.031125004118 -3.192739330333
       397 310 398
227     4    0.950104571521  0.308707688768  0.044731041467 -2.351058904367
       314 312 311 313
228     4   -0.684238040433  0.728639506097  0.030046200735 -3.209089317401
       318 316 315 317
229     5    0.561398716173  0.826073125208  0.049342408621 -2.970616933330
       320 321 546 545 319
230     5   -0.403773495664 -0.913317619358  0.053083805158 -3.013748297104
       324 485 484 323 322
231     4    0.804266387606 -0.594040371325  0.016480746455 -2.915309943773
       328 326 325 327
232     6   -0.070469587713 -0.995279776976  0.066724828586 -2.770140221278
       427 331 330 329 332 428
233     5   -0.240770878959  0.969281915123  0.050219048790 -2.873180479404
       335 333 390 389 334
234     6   -0.788058265703 -0.611280650219  0.072802036551 -2.795320468807
       337 336 386 385 557 558
235     4    0.338629753414 -0.940580324023  0.025269431390 -2.820555020575
       341 339 338 340
236     6    0.047035868243 -0.997393177371  0.054721813133 -2.709286369993
       346 344 345 343 342 347
237     4    0.256102666986  0.965895936337  0.038163649319 -3.052902904003
       351 349 348 350
238     4    0.903954831981  0.425368855759  0.043897588638 -2.507663257715
       355 353 352 354
239     5   -0.716583744374 -0.694417958364  0.065509055861 -2.895714224593
       356 357 358 360 359
240     6   -0.957834808829 -0.278276736277  0.071515991517 -2.448960289695
       362 520 521 493 492 361
241     4   -0.308821433231  0.950454640983  0.035571024887 -2.981352846584
       366 364 363 365
242     4   -0.542234958456  0.839773620766  0.027595573789 -3.169730636035
       369 370 368 367
243     5   -0.922976824444  0.382309518441  0.044195176771 -2.998295378934
       374 372 373 371 375
244     4    0.225635457213 -0.973458035121  0.038315718802 -2.711441185076
       378 376 377 379
245     6   -0.271097673401 -0.961239842791  0.050239587049 -2.972517044174
       502 539 538 380 381 501
246     5   -0.763423197203 -0.641724240134  0.073314538785 -2.818948707020
       386 383 384 382 385
247     4   -0.263540074628  0.963340265619  0.050221128048 -2.888204864010
       390 388 387 389
248     5   -0.834166365086 -0.547944884918  0.062632886335 -2.781566707814
       392 560 559 391 393
249     5   -0.599999359015  0.799124117190  0.037435471245 -3.156820832527
       395 397 398 396 394
250     4    0.000000000000  0.999208795679  0.039771631055 -2.936286544603
       401 399 400 402
251     5   -0.979565402077  0.194847673130  0.049859876947 -2.783448913041
       406 404 403 405 407
252     7   -0.843220325574  0.535123890690  0.051204532534 -3.080413457078
       412 477 478 410 408 409 411
253     4    0.928823440833  0.367747215454  0.045265895380 -2.425658649815
       416 415 413 414
254     3   -0.997466360923 -0.023506597614  0.067143865665 -2.467012122002
       419 418 417
255     4    0.618928934516 -0.785107610612  0.023087091152 -2.929010071530
       422 420 421 423
256     5   -0.140702844417 -0.988629714344  0.053047125168 -2.884940193061
       427 428 426 425 424
257     5   -0.986685835474 -0.148341578976  0.066677117684 -2.383678045560
       429 431 430 432 433
258     4    0.404211767154 -0.914308969901  0.025533406588 -2.856535721572
       436 434 435 437
259     4    0.286417563795 -0.957715152819  0.027325175402 -2.780791709315
       441 439 438 440
260     4   -0.997317621486  0.015667117155  0.071498974213 -2.493695142194
       444 442 443 445
261     4    0.971951257765  0.225286204975  0.067504654483 -2.167566967638
       449 447 446 448
262     5    0.993196127238 -0.101760931271  0.056623013931 -2.332000612283
       452 450 458 457 451
263     6    0.995257148508 -0.078328436317  0.057687645200 -2.303422573026
       454 456 455 453 457 458
264     4   -0.893698421336  0.446555789253  0.043486305746 -3.054511267509
       460 480 479 459
265     3    0.367901903118  0.929214137274  0.034774657043 -3.072618576839
       462 463 461
266     5   -0.982248476996 -0.171429802172  0.076156105251 -2.346891814061
       467 465 466 464 468
267     4   -0.062695283425  0.996512993895  0.055055920986 -2.844231177477
       472 470 469 471
268     3    0.978546218146  0.194644944842  0.067532543270 -2.145886978529
       475 474 473
269     5   -0.863939114005  0.501815768514  0.042310066922 -3.096430854307
       480 478 477 476 479
270     5   -0.374369161660 -0.924273134319  0.074611687921 -2.916227639100
       484 485 483 481 482
271     4   -0.988521419971  0.140687431846  0.055067674546 -2.701114163621
       488 489 487 486
272     4   -0.962271544913 -0.263247705727  0.068804936453 -2.443857044914
       492 493 491 490
273     4    0.132912413870 -0.989544285434  0.056003548147 -2.648177405980
       496 494 495 497
274     5   -0.255790050493 -0.964716897461  0.062391969212 -2.916096107549
       501 500 499 498 502
275     4    0.965527162838 -0.256004888464  0.047104085864 -2.525806359591
       505 506 504 503
276     4    0.667062330273 -0.744759591891  0.018999942553 -2.946600202211
       510 509 507 508
277     3    0.916646913965 -0.396668540969  0.049117244677 -2.647588051370
       513 512 511
278     4    0.555533312116 -0.831414356265  0.011528544003 -2.965912804228
       516 517 515 514
279     4   -0.953840675982 -0.285258849522  0.093890114559 -2.365887073177
       521 520 518 519
280     5   -0.940987637935 -0.330451338001  0.073103888177 -2.501435869488
       526 525 523 522 524
281     5    0.117383754838  0.991770337012  0.051114114708 -2.949964041574
       530 528 529 527 531
282     4   -0.171810779373  0.984431377931  0.037093371867 -2.898130420986
       534 532 533 535
283     4   -0.308265245106 -0.948742869946  0.069710152671 -2.910572199369
       538 539 537 536
284     3    0.998122757876  0.007839399001  0.060741287716 -2.213256966380
       542 541 540
285     4    0.568162005099  0.822061989545  0.037496950635 -3.014080669155
       545 546 544 543
286     4   -0.094044546089  0.994887377776  0.036806641966 -2.906983438084
       550 548 547 549
287     5    0.825869803637  0.561260538976  0.054089507568 -2.649365218897
       554 552 553 551 555
288     5   -0.811533581944 -0.579930462067  0.071371594806 -2.774411072281
       556 558 557 559 560
289     3    0.572416670170  0.157365419155  0.804720622679  1.156403888424
       20 23 22
290     6    0.595298565716 -0.001451932734  0.803503272892  1.175423829715
       22 23 21 28 30 26
291     3   -0.601604394001 -0.001247954980  0.798793212119  0.936761772682
       58 62 61
292     9    0.499994354974  0.518191069009  0.693890236993  0.404719985448
       18 0 110 109 9 11 14 16 19
293     9    0.619153059581 -0.340007094339  0.707845085178  0.616281257818
       33 100 145 143 3 25 29 31 34
294     6   -0.450781876254 -0.554751589216  0.699318507050  0.353233688492
       51 226 225 43 49 52
295    10   -0.629637381276  0.357574300753  0.689708190136  0.206193292558
       6 59 63 66 71 68 8 409 408 7
296     6    0.432666341238 -0.290784716609 -0.853372184774 -4.942118941086
       568 80 82 81 571 573
297     5   -0.335275668384 -0.381847947310 -0.861267885924 -5.058271539633
       576 84 85 579 582
298     6   -0.399443838030  0.316437622565 -0.860413767489 -5.090698878932
       584 87 89 587 590 586
299     9    0.318581636999  0.394889006627 -0.861724093322 -4.996799354036
       562 219 221 111 94 92 565 566 564
# edges:
#    vert1_id  vert2_id  facet1_id  facet2_id
   0   18     0  292
  18   20     0   32
  20   22     0  289
  22   26     0  290
  26   24     0   33
  24    2     0   15
   2    1     0   14
   1    0     0   13
  39    5     1   19
   5    4     1   18
   4   35     1   17
  35   37     1   36
  37   38     1   37
  38   41     1   38
  41   39     1   39
  59    6     2  295
   6  293     2   23
 293  432     2  220
 432  430     2  257
 430  465     2  156
 465  467     2  266
 467  164     2  172
 164   53     2   22
  53   56     2   42
  56   58     2   43
  58   61     2  291
  61   59     2   44
  12   10     3   27
  10   73     3   26
  73   77     3   47
  77   76     3   48
  76   13     3   28
  13   12     3   29
  17   70     4   30
  70   72     4   46
  72  594     4    7
 594  592     4   74
 592   32     4    5
  32   27     4   34
  27   17     4   31
  31   32     5   34
 592  593     5   74
 593   47     5    6
  47   34     5   35
  34   31     5  293
  49   50     6   40
  50   48     6   36
  48   47     6   35
 593  595     6   74
 595   65     6    7
  65   52     6   41
  52   49     6  294
  66   67     7   45
  67   65     7   41
 595  594     7   74
  72   71     7   46
  71   66     7  295
  93   79     8   49
  79  567     8   50
 567  569     8   67
 569  565     8   66
 565   92     8  299
  92   93     8   64
 571   81     9  296
  81   83     9   52
  83  575     9   53
 575  578     9   69
 578  572     9   73
 572  571     9   68
  87  584    10  298
 584  585    10   71
 585  581    10   73
 581  580    10   70
 580   86    10   56
  86   88    10   57
  88   87    10   58
 563  591    11   73
 591  588    11   72
 588   90    11   60
  90   91    11   61
  91  561    11   62
 561  563    11   65
   9  109    12  292
 109  220    12   86
 220  320    12  195
 320  319    12  229
 319  264    12  111
 264  266    12  211
 266  160    12  144
 160  462    12  169
 462  461    12  265
 461  157    12   92
 157  350    12  168
 350  348    12  237
 348  138    12  135
 138  528    12  161
 528  530    12  281
 530  303    12  224
 303    9    12   27
 110    0    13  292
   1  104    13   14
 104  249    13   83
 249  250    13  207
 250  354    13  146
 354  352    13  238
 352  125    13  112
 125  291    13  151
 291  552    13  219
 552  554    13  287
 554  295    13  221
 295  135    13  119
 135  133    13  158
 133  110    13   86
   2  116    14   15
 116  202    14  103
 202  204    14  189
 204  473    14  114
 473  474    14  268
 474  448    14  150
 448  446    14  261
 446  241    14  104
 241  243    14  204
 243  313    14  138
 313  311    14  227
 311  104    14   83
  25    3    15  293
   3  453    15   16
 453  455    15  263
 455  206    15  190
 206  540    15  137
 540  541    15  284
 541  195    15  185
 195  128    15   99
 128  129    15  154
 129  193    15  122
 193  191    15  184
 191  116    15  103
  24   25    15   33
   3  143    16  293
 143  147    16  164
 147  511    16  115
 511  512    16  277
 512  181    16  179
 181  503    16   89
 503  504    16  275
 504  121    16  125
 121  451    16  149
 451  457    16  262
 457  453    16  263
 100   33    17  293
  33   36    17   35
  36   35    17   36
   4  106    17   18
 106  434    17   84
 434  436    17  258
 436  185    17  181
 185  190    17  126
 190  189    17  183
 189  420    17   95
 420  422    17  255
 422  238    17  202
 238  120    17  148
 120  269    17  109
 269  271    17  212
 271  327    17  142
 327  325    17  231
 325  100    17   80
   5  112    18   19
 112  280    18   87
 280  282    18  215
 282  376    18  121
 376  378    18  244
 378  155    18  162
 155  440    18  167
 440  438    18  259
 438  340    18  140
 340  338    18  235
 338  106    18   84
  44  329    19   20
 329  330    19  232
 330  199    19  186
 199  184    19  123
 184  344    19  180
 344  346    19  236
 346  288    19  217
 288  178    19  177
 178  494    19  116
 494  496    19  273
 496  162    19  171
 162  112    19   87
  39   45    19   39
  45   44    19   40
  43  225    20  294
 225  227    20  198
 227  127    20   82
 127  211    20  152
 211  209    20  191
 209  119    20  110
 119  482    20  147
 482  481    20  270
 481  536    20   88
 536  537    20  283
 537  498    20  187
 498  499    20  274
 499  332    20  196
 332  329    20  232
  44   43    20   40
 226   51    21  294
  51   55    21   41
  55   54    21   42
  54  522    21   22
 522  523    21  280
 523  298    21   85
 298  300    21  222
 300  217    21  143
 217  216    21  194
 216  391    21  113
 391  559    21  248
 559  557    21  288
 557  385    21  234
 385  382    21  246
 382  228    21  134
 228  226    21  198
 164  166    22  172
 166  141    22  133
 141  519    22  163
 519  518    22  279
 518  524    22  127
 524  522    22  280
  54   53    22   42
   6    7    23  295
   7  255    23   24
 255  259    23  209
 259  442    23  160
 442  444    23  260
 444  214    23  193
 214  151    23  101
 151  278    23  166
 278  276    23  214
 276  130    23  155
 130  294    23  106
 294  293    23  220
   7  408    24  295
 408  410    24  252
 410  132    24  157
 132  372    24  130
 372  374    24  243
 374  233    24  200
 233  174    24   97
 174  176    24  176
 176  290    24  120
 290  488    24  218
 488  486    24  271
 486  256    24   79
 256  255    24  209
 409    8    25  295
   8  101    25   26
 101  251    25   81
 251  253    25  208
 253  188    25  136
 188  187    25  182
 187  394    25   91
 394  396    25  249
 396  317    25  141
 317  315    25  228
 315  284    25  108
 284  286    25  216
 286  308    25  139
 308  411    25  225
 411  409    25  252
  10  114    26   27
 114  532    26   93
 532  534    26  282
 534  168    26  174
 168  149    26  117
 149  334    26  165
 334  389    26  233
 389  387    26  247
 387  240    26  203
 240  248    26  132
 248  246    26  206
 246  101    26   81
   8   68    26  295
  68   74    26   46
  74   73    26   47
  11    9    27  292
 303  304    27  224
 304  399    27  131
 399  401    27  250
 401  471    27  205
 471  469    27  267
 469  549    27  173
 549  547    27  286
 547  236    27  124
 236  234    27  201
 234  114    27   93
  12   11    27   29
  76   78    28   48
  78   75    28   47
  75   69    28   46
  69   15    28   30
  15   13    28   29
  14   11    29  292
  15   14    29   30
  69   70    30   46
  17   16    30   31
  16   14    30  292
  27   28    31   34
  28   21    31  290
  21   19    31   32
  19   16    31  292
  21   23    32  290
  23   20    32  289
  18   19    32  292
  26   30    33  290
  30   29    33   34
  29   25    33  293
  30   28    34  290
  31   29    34  293
  33   34    35  293
  48   36    35   36
  50   46    36   40
  46   40    36   39
  40   37    36   37
  40   42    37   39
  42   38    37   38
  42   41    38   39
  46   45    39   40
  49   43    40  294
  51   52    41  294
  67   64    41   45
  64   60    41   44
  60   57    41   43
  57   55    41   42
  57   56    42   43
  60   62    43   44
  62   58    43  291
  61   62    44  291
  64   63    44   45
  63   59    44  295
  66   63    45  295
  68   71    46  295
  75   74    46   47
  78   77    47   48
  93  117    49   64
 117  192    49  103
 192  194    49  184
 194  230    49  122
 230  229    49  199
 229  196    49   99
 196  197    49  185
 197  207    49  137
 207  456    49  190
 456  454    49  263
 454   98    49   78
  98   79    49   50
  80  568    50  296
 568  567    50   67
  98  450    50   78
 450  452    50  262
 452  122    50  149
 122  137    50  125
 137  136    50  159
 136  182    50   89
 182  183    50  179
 183  148    50  115
 148  144    50  164
 144   80    50   51
  82   80    51  296
 144  146    51  164
 146  326    51   80
 326  328    51  231
 328  272    51  142
 272  270    51  212
 270  507    51  109
 507  509    51  276
 509  423    51  202
 423  421    51  255
 421  514    51   95
 514  515    51  278
 515  186    51  126
 186  437    51  181
 437  435    51  258
 435  107    51   84
 107   82    51   52
 113   83    52   53
  81   82    52  296
 107  339    52   84
 339  341    52  235
 341  439    52  140
 439  441    52  259
 441  154    52  167
 154  140    52   96
 140  379    52  162
 379  377    52  244
 377  283    52  121
 283  281    52  215
 281  113    52   87
  95  577    53   54
 577  575    53   69
 113  163    53   87
 163  497    53  171
 497  495    53  273
 495  179    53  116
 179  177    53  177
 177  342    53   94
 342  343    53  236
 343  200    53  123
 200  198    53  186
 198   95    53   75
  95  424    54   75
 424  425    54  256
 425  381    54  129
 381  380    54  245
 380  201    54   88
 201  324    54  188
 324  322    54  230
 322  210    54  110
 210  208    54  191
 208  103    54   82
 103   84    54   55
  84  576    54  297
 576  577    54   69
  85   84    55  297
 103  356    55   82
 356  359    55  239
 359  302    55  223
 302  336    55   90
 336  337    55  234
 337  556    55  153
 556  560    55  288
 560  392    55  248
 392  218    55  194
 218  301    55  143
 301  299    55  222
 299  108    55   85
 108   85    55   56
 118   86    56   57
 580  579    56   70
 579   85    56  297
 108  213    56   85
 213  361    56  192
 361  492    56  240
 492  490    56  272
 490  170    56  100
 170  172    56  175
 172  165    56  172
 165  464    56  107
 464  466    56  266
 466  431    56  156
 431  429    56  257
 429  118    56  106
 118  261    57  106
 261  262    57  210
 262  131    57  155
 131  153    57  118
 153  152    57  166
 152  417    57  101
 417  418    57  254
 418  215    57  193
 215  258    57  128
 258  257    57  209
 257   99    57   79
  99   88    57   58
  89   87    58  298
  99  180    58   79
 180  405    58  178
 405  403    58  251
 403  175    58  176
 175  371    58   97
 371  373    58  243
 373  459    58  130
 459  479    58  264
 479  476    58  269
 476   97    58   77
  97   89    58   59
 102  589    59   60
 589  587    59   72
 587   89    59  298
  97  307    59   77
 307  309    59  225
 309  287    59  139
 287  285    59  216
 285  316    59  108
 316  318    59  228
 318  310    59  141
 310  397    59  226
 397  395    59  249
 395  367    59   91
 367  368    59  242
 368  254    59  136
 254  252    59  208
 252  102    59   81
 102  247    60   81
 247  365    60  206
 365  363    60  241
 363  239    60  203
 239  333    60   98
 333  335    60  233
 335  150    60  165
 150  169    60  117
 169  535    60  174
 535  533    60  282
 533  115    60   93
 115   90    60   61
 588  589    60   72
  96   91    61   62
 115  235    61   93
 235  237    61  201
 237  548    61  124
 548  550    61  286
 550  167    61  173
 167  245    61  102
 245  402    61  205
 402  400    61  250
 400  224    61  131
 224  223    61  197
 223   96    61   76
 219  562    62  299
 562  561    62   65
  96  527    62   76
 527  529    62  281
 529  139    62  161
 139  349    62  135
 349  351    62  237
 351  158    62  168
 158  159    62   92
 159  267    62  169
 267  265    62  211
 265  543    62  111
 543  544    62  285
 544  222    62  145
 222  219    62  195
 413  105    63   83
 105   94    63   64
  94  111    63  299
 111  134    63   86
 134  273    63  158
 273  275    63  213
 275  161    63  170
 161  124    63  105
 124  126    63  151
 126  353    63  112
 353  355    63  238
 355  414    63  146
 414  413    63  253
  92   94    64  299
 105  312    64   83
 312  314    64  227
 314  244    64  138
 244  242    64  204
 242  447    64  104
 447  449    64  261
 449  123    64  150
 123  205    64  114
 205  203    64  189
 203  117    64  103
 562  564    65  299
 564  563    65   73
 570  566    66   73
 566  565    66  299
 569  570    66   67
 568  573    67  296
 573  574    67   68
 574  570    67   73
 573  571    68  296
 572  574    68   73
 576  582    69  297
 582  583    69   70
 583  578    69   73
 582  579    70  297
 581  583    70   73
 586  585    71   73
 584  586    71  298
 591  590    72   73
 590  587    72  298
 564  566    73  299
 586  590    73  298
 198  331    75  186
 331  427    75  232
 427  424    75  256
 223  305    76  197
 305  531    76  224
 531  527    76  281
 476  477    77  269
 477  412    77  252
 412  307    77  225
 454  458    78  263
 458  450    78  262
 257  256    79  209
 486  487    79  271
 487  180    79  178
 146  145    80  164
 145  100    80  293
 325  326    80  231
 252  251    81  208
 246  247    81  206
 208  212    82  191
 212  127    82  152
 227  357    82  198
 357  356    82  239
 413  415    83  253
 415  249    83  207
 311  312    83  227
 435  434    84  258
 338  339    84  235
 299  298    85  222
 523  525    85  280
 525  213    85  192
 111  221    86  299
 221  220    86  195
 109  110    86  292
 133  134    86  158
 162  163    87  171
 281  280    87  215
 380  538    88  245
 538  536    88  283
 481  483    88  270
 483  201    88  188
 136  505    89  159
 505  503    89  275
 181  182    89  179
 302  383    90  223
 383  386    90  246
 386  336    90  234
 395  394    91  249
 187  369    91  182
 369  367    91  242
 158  157    92  168
 461  463    92  265
 463  159    92  169
 234  235    93  201
 533  532    93  282
 177  289    94  177
 289  347    94  217
 347  342    94  236
 421  420    95  255
 189  516    95  183
 516  514    95  278
 154  156    96  167
 156  140    96  162
 233  375    97  200
 375  371    97  243
 175  174    97  176
 239  388    98  203
 388  390    98  247
 390  333    98  233
 229  231    99  199
 231  128    99  154
 195  196    99  185
 142  171   100  133
 171  170   100  175
 490  491   100  272
 491  142   100  163
 152  151   101  166
 214  419   101  193
 419  417   101  254
 472  245   102  205
 167  470   102  173
 470  472   102  267
 203  202   103  189
 191  192   103  184
 242  241   104  204
 446  447   104  261
 553  292   105  219
 292  124   105  151
 161  551   105  170
 551  553   105  287
 429  433   106  257
 433  294   106  220
 130  263   106  155
 263  261   106  210
 165  468   107  172
 468  464   107  266
 285  284   108  216
 315  316   108  228
 270  269   109  212
 120  508   109  148
 508  507   109  276
 209  210   110  191
 322  323   110  230
 323  119   110  147
 319  545   111  229
 545  543   111  285
 265  264   111  211
 352  353   112  238
 126  125   112  151
 216  393   113  194
 393  391   113  248
 204  205   114  189
 123  475   114  150
 475  473   114  268
 147  148   115  164
 183  513   115  179
 513  511   115  277
 495  494   116  273
 178  179   116  177
 168  169   117  174
 150  149   117  165
 279  153   118  166
 131  277   118  155
 277  279   118  214
 274  135   119  158
 295  296   119  221
 296  274   119  213
 406  290   120  218
 176  404   120  176
 404  406   120  251
 282  283   121  215
 377  376   121  244
 129  232   122  154
 232  230   122  199
 194  193   122  184
 199  200   123  186
 343  345   123  236
 345  184   123  180
 237  236   124  201
 547  548   124  286
 122  121   125  149
 504  506   125  275
 506  137   125  159
 185  186   126  181
 515  517   126  278
 517  190   126  183
 362  526   127  192
 526  524   127  280
 518  520   127  279
 520  362   127  240
 443  260   128  160
 260  258   128  209
 215  445   128  193
 445  443   128  260
 425  426   129  256
 426  500   129  196
 500  501   129  274
 501  381   129  245
 132  460   130  157
 460  459   130  264
 373  372   130  243
 304  306   131  224
 306  224   131  197
 400  399   131  250
 366  248   132  206
 240  364   132  203
 364  366   132  241
 142  141   133  163
 166  173   133  172
 173  171   133  175
 358  228   134  198
 382  384   134  246
 384  360   134  223
 360  358   134  239
 139  138   135  161
 348  349   135  237
 253  254   136  208
 368  370   136  242
 370  188   136  182
 206  207   137  190
 197  542   137  185
 542  540   137  284
 314  313   138  227
 243  244   138  204
 309  308   139  225
 286  287   139  216
 341  340   140  235
 438  439   140  259
 396  398   141  249
 398  310   141  226
 318  317   141  228
 328  327   142  231
 271  272   142  212
 300  301   143  222
 218  217   143  194
 268  160   144  169
 266  268   144  211
 321  222   145  195
 544  546   145  285
 546  321   145  229
 250  416   146  207
 416  414   146  253
 355  354   146  238
 323  484   147  230
 484  482   147  270
 238  510   148  202
 510  508   148  276
 452  451   149  262
 449  448   150  261
 474  475   150  268
 292  291   151  219
 212  211   152  191
 337  558   153  234
 558  556   153  288
 231  232   154  199
 262  263   155  210
 276  277   155  214
 430  431   156  257
 466  465   156  266
 410  478   157  252
 478  480   157  269
 480  460   157  264
 274  273   158  213
 506  505   159  275
 259  260   160  209
 443  442   160  260
 529  528   161  281
 156  155   162  167
 378  379   162  244
 491  493   163  272
 493  521   163  240
 521  519   163  279
 143  145   164  293
 335  334   165  233
 279  278   166  214
 441  440   167  259
 351  350   168  237
 463  462   169  265
 268  267   169  211
 275  297   170  213
 297  555   170  221
 555  551   170  287
 496  497   171  273
 467  468   172  266
 172  173   172  175
 469  470   173  267
 550  549   173  286
 534  535   174  282
 403  404   176  251
 288  289   177  217
 487  489   178  271
 489  407   178  218
 407  405   178  251
 512  513   179  277
 345  344   180  236
 436  437   181  258
 370  369   182  242
 517  516   183  278
 541  542   185  284
 330  331   186  232
 537  539   187  283
 539  502   187  245
 502  498   187  274
 483  485   188  270
 485  324   188  230
 455  456   190  263
 525  526   192  280
 362  361   192  240
 418  419   193  254
 444  445   193  260
 392  393   194  248
 221  219   195  299
 321  320   195  229
 428  332   196  232
 499  500   196  274
 426  428   196  256
 306  305   197  224
 225  226   198  294
 358  357   198  239
 374  375   200  243
 422  423   202  255
 509  510   202  276
 387  388   203  247
 363  364   203  241
 472  471   205  267
 401  402   205  250
 366  365   206  241
 415  416   207  253
 296  297   213  221
 346  347   217  236
 406  407   218  251
 489  488   218  271
 553  552   219  287
 433  432   220  257
 554  555   221  287
 359  360   223  239
 384  383   223  246
 530  531   224  281
 412  411   225  252
 398  397   226  249
 546  545   229  285
 485  484   230  270
 428  427   232  256
 390  389   233  247
 386  385   234  246
 557  558   234  288
 520  521   240  279
 493  492   240  272
 539  538   245  283
 501  502   245  274
 560  559   248  288
 477  478   252  269
 408  409   252  295
 458  457   262  263
 480  479   264  269
  23   22   289  290
