# POLYHEDRON:
# num_vertices   num_facets   num_edges
   436  220  654
# vertices:
#   id   x y z
   0   1.244871321535  3.410369294175 -3.847211781940
   1   0.257360565214  0.420123782536 -2.375112003616
   2   0.279136496714  0.452866814512 -2.396313662977
   3   2.110333147746  0.965193509314 -3.860842627422
   4   0.335705149255 -0.015717312003 -2.412991479163
   5   0.346205636901 -0.014614861852 -2.421302919589
   6   0.181517131941 -0.462315000567 -2.431030039974
   7   1.688167427876 -1.581550265634 -3.886172865063
   8   0.189850434747 -0.499297157745 -2.452591454280
   9  -0.163234242615 -0.447452543282 -2.296781934913
  10  -0.002962021620 -3.697407779234 -3.981152137947
  11  -0.175035267070 -0.518758830334 -2.329008351840
  12  -0.412007536187 -0.363037922743 -2.389690761481
  13  -0.455283669984 -0.426235299675 -2.434621948509
  14  -2.084864154919 -0.856611793410 -3.850251258738
  15  -0.440008787099  0.086696474632 -2.373127132386
  16  -0.454489699360  0.085502961358 -2.385494610148
  17  -0.303899115856  0.466533660360 -2.368074697307
  18  -1.732577596540  1.663893496286 -3.818851485165
  19  -0.310383942336  0.493457303163 -2.383120716060
  20  -0.015670890179  0.532762063881 -2.286743809070
  21  -0.001095752709  0.617738085598 -2.322324768839
  22  -0.193127298613  3.523442008633 -3.746848262200
  23  -0.194724496572  3.805511544222 -3.880001839582
  24  -1.949952243173 -2.296224079381 -3.942132341270
  25  -1.271068642460 -3.527612991659 -3.987167031178
  26  -1.272101866968 -3.526236618095 -3.987173994305
  27  -0.004061346286 -3.751137281947 -4.007841147345
  28   1.890941575057  2.378245007977 -3.894839631137
  29  -1.234751560577  2.818604061905 -3.932250499988
  30   2.212794029532  1.010310652914 -3.945124398727
  31  -1.851556908558  1.779485437824 -3.945922334153
  32  -2.264629196529 -0.941435667178 -4.011707657306
  33   2.143107067272 -0.330632221402 -3.962593666375
  34  -2.236265037394  0.312559613682 -3.983131174713
  35   0.502716667612  4.207450117327 -3.859087678025
  36   1.626743472192  2.954675139893 -3.922687668758
  37   0.511124598049  4.210708107260 -3.863548622636
  38   0.937670000915  3.869477442490 -3.900434520396
  39  -0.056265292517  3.902829136293 -3.884091848643
  40   0.206588905928  4.063897835719 -3.880717807521
  41  -1.188455471890 -3.637343613772 -3.995593743102
  42  -1.067506219344 -3.778772316638 -4.000310626037
  43  -0.300132334309 -3.938213913673 -4.010526737365
  44  -1.176649091046  2.890055769926 -3.936988292093
  45   2.036431074730 -0.850990539471 -3.998204835333
  46   2.014830200700  2.017914313416 -3.937808709687
  47   0.515442796833  4.208082593650 -3.864232064564
  48   1.523107344498  3.136097176963 -3.919909737977
  49  -2.187133059240  0.609162288758 -4.000558797331
  50  -0.832921262181 -4.011733266121 -3.993068646033
  51  -0.910220456869 -3.941167688664 -3.997912294863
  52   1.891745592220  2.376349815016 -3.895181468337
  53   2.172393888570  1.340442376879 -3.961318212577
  54  -2.071197321613 -1.936430155397 -3.991928548285
  55  -0.608633794104 -4.087926699922 -3.990578193310
  56  -0.666562758013 -4.109667261971 -3.983627030812
  57  -2.149509769524 -1.644954402619 -4.015718273462
  58   0.425617251204  4.178490584938 -3.868677558576
  59   2.165059465374 -0.195740007804 -3.973503030943
  60  -2.271000324423 -0.879045504138 -4.017266430005
  61  -2.282751278419 -0.691828529811 -4.027338732231
  62  -1.793487796387  1.905666142053 -3.955798742704
  63  -1.689861758824  2.117336390079 -3.968106907466
  64   1.274123058943  3.487558034671 -3.887359517554
  65   1.226968976893  3.548659801208 -3.892025061666
  66  -1.861872609974  1.757207884307 -3.950382699730
  67  -1.911129191024  1.635710057399 -3.968610263712
  68   1.905027989168 -1.298454879858 -3.996444896681
  69   1.841115866101 -1.479061766540 -3.986857610511
  70   0.985825421375 -2.847482545762 -4.016795309814
  71  -1.823031982151 -2.599136892546 -3.976026587952
  72   2.226269150075  0.657515194562 -3.976685647288
  73  -0.071228661431 -3.798487471162 -4.010920152420
  74  -0.275543374686 -3.923685840158 -4.010811174376
  75  -2.223626024246 -1.264026738620 -4.023342145008
  76   1.817047486264  2.558468181446 -3.908453619787
  77   1.747103048471  2.707884342843 -3.914848389794
  78  -2.285806653121 -0.560363137729 -4.029750697513
  79   0.249873920976  4.088130232581 -3.879084477138
  80   0.392409770495  4.163519963157 -3.871633320528
  81  -1.500922678567  2.442077294674 -3.966454355434
  82  -1.397867282644  2.598752506517 -3.957500208877
  83   1.335929876679 -2.384859628731 -4.013343776965
  84   1.465522897369 -2.187180982661 -4.009506315793
  85   1.535640358799 -2.076406300217 -4.005754095008
  86   1.717698094368 -1.751404807864 -3.979607879235
  87   1.648567332624 -1.880681462143 -3.992111036583
  88  -2.269084943935 -0.001397870784 -4.013354537301
  89   1.204516358429  3.575893209922 -3.893550812996
  90   1.076646434974  3.726062258993 -3.900397182308
  91  -0.222343324917  3.786108360167 -3.884582622221
  92  -0.355573865529  3.687786072454 -3.904463486255
  93   2.223464138464  0.895706250414 -3.960711401929
  94   2.225846396985  0.827034156788 -3.966650803516
  95  -1.581167450819  2.313511350781 -3.970839822660
  96  -1.633900925104  2.221060345523 -3.970586493850
  97  -0.643359944759  3.452942501197 -3.936867251113
  98  -0.524191542442  3.552859680017 -3.924702923963
  99  -1.253194070552  2.796017424540 -3.935999367056
 100  -1.326119982015  2.699015139987 -3.947795603463
 101   2.075901289222 -0.684288562478 -3.991119067999
 102   2.097634411357 -0.585892561321 -3.985659848658
 103   0.053445482165 -3.711039236846 -4.014639938816
 104  -1.959711759100 -2.271406715813 -3.946727945588
 105  -2.001524004798 -2.151668275593 -3.964515492986
 106   1.173635877486 -2.613857121717 -4.010003327756
 107   1.305300491362 -2.429942512195 -4.013531668403
 108   1.955293782051  2.197306845481 -3.918044433240
 109   1.916196408732  2.309618905940 -3.904284753450
 110   0.665585514008 -3.193585812670 -4.041121320991
 111  -1.754030186311 -2.739547431287 -3.985942253140
 112  -2.247588879113  0.227597652833 -3.993500732199
 113  -2.255902951079  0.151169644029 -4.001149275628
 114   1.083541131067 -2.729561301062 -4.003137291525
 115   1.073241288839 -2.742791338271 -4.004982234883
 116   1.150134507112 -2.645602474925 -4.008898552209
 117  -1.996396932521  1.375560915519 -3.990049278541
 118  -1.952455136914  1.514632683687 -3.980017301146
 119  -0.956768354835  3.142242948107 -3.946371810925
 120   0.812545629175  3.983079539077 -3.894664548495
 121   2.060179967248  1.860177251750 -3.949867228467
 122   0.548658185517 -3.305187754308 -4.042524863619
 123   0.544151276632 -3.310242699052 -4.060554639771
 124  -0.811139330553  3.294889493008 -3.945839049117
 125  -0.918618161361  3.184104201180 -4.029263584485
 126  -2.232089790245  0.343477884110 -3.985771910941
 127  -2.208035029404  0.495143581178 -3.995613864889
 128  -2.207084299082 -1.363395695851 -4.023674533057
 129  -2.198137323225 -1.410352316167 -4.022892081079
 130   0.829005097702 -3.024310020839 -4.032425432997
 131   0.870946970032 -2.978747653316 -4.029121382186
 132  -2.284107513935 -0.341519492376 -4.027679574152
 133  -2.284086460624 -0.341041514632 -4.029499206273
 134  -2.273648690558 -0.075005149002 -4.017632089693
 135  -2.140259233893 -1.684992405004 -4.013702931723
 136  -2.110848295342 -1.799611750780 -4.005498805406
 137   2.175053279253  1.355927859447 -4.058787756338
 138  -1.653995485874 -2.931131444283 -3.996118194375
 139  -1.685360523918 -2.874168141613 -3.994016878890
 140   2.037273298248 -0.856229403449 -4.025190946884
 141   2.021294305643 -0.928651774887 -4.070656054843
 142   2.056989628734 -0.780210216372 -4.044026788537
 143  -1.290811237854 -3.501250480309 -3.989074009907
 144  -1.364760075673 -3.399283862583 -3.995458586041
 145  -1.363185224508 -3.400379642105 -4.032493486151
 146   2.138244258578  1.519296064311 -3.960771873606
 147   2.085824594255  1.761458867237 -3.955333669677
 148   2.086053640850  1.761796168970 -3.961122848834
 149   2.140754622495  1.513698402931 -3.985819948050
 150   1.629377407649  2.951765028752 -3.940164259342
 151   2.206937217450  0.207944168011 -3.985960156156
 152   2.218472723428  0.391762362165 -3.985246223911
 153   2.220250066296  0.406894328016 -4.005318850499
 154   2.207522861773  0.199059627401 -4.013798287444
 155   1.410661128919  3.309315965412 -3.909652418723
 156   1.324831827127  3.422765449822 -3.896069483424
 157  -1.917314369795 -2.378286678986 -3.952309846707
 158  -1.862964350155 -2.509082869734 -3.967203639724
 159  -0.698237917079 -4.117785028736 -3.977929784723
 160  -0.722684520423 -4.100473096158 -3.981445843178
 161  -0.696765611950 -4.118784232857 -3.978887059461
 162  -0.688950276978 -4.120312860914 -4.085632332193
 163  -0.685490929612 -4.120373662390 -4.149464602932
 164   2.020701013993  2.008826296346 -3.984010071037
 165   2.048797851280  1.924837994316 -4.045603269795
 166   2.185269746992 -0.018320293105 -3.980508033048
 167   2.167768394887 -0.174563045379 -3.974590596263
 168   1.073955001041  3.734969928807 -3.987472019567
 169  -1.554778417194 -3.104931643136 -4.000523850618
 170  -1.525686876339 -3.154094931450 -4.001185538484
 171  -2.259705328957 -0.989392217134 -4.014411241204
 172  -2.244854306274 -1.114816664465 -4.019841810040
 173  -0.728832328340  3.375245931493 -3.942761487927
 174  -0.786896882305  3.319905350955 -3.945565111302
 175   2.134765536428 -0.385372013663 -3.968691048545
 176   2.120961005137 -0.466572134008 -3.976567835709
 177  -0.507411749769 -4.043451561617 -3.999461117827
 178  -0.453972924042 -4.019437556037 -4.003882136865
 179  -0.585596640804 -4.082563336079 -4.146505314807
 180   1.940123921453 -1.190923351574 -3.999739561804
 181   1.971724332925 -1.088498719728 -4.001384984799
 182   1.980024339399 -1.066158084372 -4.027337932590
 183  -2.044643326896  1.204301902536 -3.997295552481
 184  -2.082804048478  1.060207884569 -4.001273928149
 185  -2.095004114535  1.010998060888 -4.076025086903
 186  -2.140132960257  0.827450247850 -4.003944762448
 187  -2.117673509483  0.924337271543 -4.004055692898
 188  -2.111120585837  0.948895456780 -4.046591307870
 189   2.226778955290  0.506405918179 -4.057768677556
 190   2.227490635323  0.636547852207 -4.005679908714
 191  -1.063588987723  3.022485824068 -3.943107556124
 192  -0.984748743351  3.111971511680 -3.946031789479
 193   0.344090700647 -3.487076516860 -4.038214346531
 194   0.401220796696 -3.439260945128 -4.040927640512
 195   0.380603123513 -3.461242276403 -4.101797651202
 196   1.767237074821 -1.650264034204 -3.966917296750
 197   1.758270495677 -1.669230962042 -3.969504116338
 198   1.795703502379 -1.592064437200 -3.976431788241
 199   1.423823675866  3.291322319547 -3.911552939986
 200   1.429057802829  3.283529369094 -3.912113174959
 201   2.207068814201  1.079429073030 -3.950592130663
 202   2.192407229030  1.206001364161 -3.957429975921
 203   2.193414859460  1.210695261890 -3.990912918361
 204   0.206899573038 -3.596489852677 -4.028959184699
 205   0.167052948716 -3.627764962073 -4.026016068273
 206   1.539801516065 -2.072265437921 -4.037314996266
 207   1.836636898873 -1.503500504325 -4.067554369368
 208   1.801128913798 -1.586346985963 -4.025525356085
 209   1.801196471276 -1.589271868402 -4.052492090719
 210   0.645970299644  4.116991462629 -3.880504328428
 211   0.650984090268  4.116410715140 -3.954735882220
 212   0.769483219022  4.018539531763 -3.891318641470
 213  -0.076997880664  0.041897509940 -2.091810843635
 214  -0.076336455377  0.032333261971 -2.091810843635
 215  -0.079754011103  0.023778292260 -2.091810843635
 216  -0.093691062643  0.013527717211 -2.091810843635
 217  -0.101062466143  0.023481756953 -2.091810843635
 218  -0.102059502446  0.032909000692 -2.091810843635
 219  -0.086292789974  0.054601002138 -2.091810843635
 220  -0.097994235459  0.044813533263 -2.091810843635
 221   0.972280990823  3.844906149309 -4.058730127460
 222   0.650653723295  4.121132857047 -4.067986311418
 223   0.538211733561  4.200738352022 -4.082614197885
 224   1.177965399696  3.619665930211 -4.085439913560
 225   0.801918727512  3.999883872523 -4.057815219511
 226   1.019541390198  3.796415025342 -4.062676339330
 227   1.089206328899  3.722573986121 -4.070079402801
 228   0.709540359453  4.074538323278 -4.063619127107
 229   0.787569773923  4.011788456402 -4.058509462755
 230   0.895047257867  3.331755898575 -4.450087241441
 231   1.522731338716  3.148425692599 -4.039335499914
 232   1.889761523581  2.404407004989 -4.068552546552
 233   1.241394908763  3.543351120000 -4.091327240081
 234   1.823434211546  2.562482148198 -4.053253886452
 235   1.717494259637  2.786133441909 -4.041047007278
 236   1.628479478329  2.962666441842 -4.035620227636
 237   1.686135469391  2.849787289702 -4.038514486804
 238   1.414237006382  3.313731214648 -4.053868738812
 239   1.312073283281  3.451163454982 -4.075285220009
 240   1.432486225742  3.288387460501 -4.050380208010
 241   1.472662265529  3.227850240865 -4.044711615039
 242   1.226838852285  3.561177368695 -4.095122899662
 243   0.901891026218  3.331707862764 -4.445975532652
 244   2.190745331356  1.261756193343 -4.088765706692
 245   2.006431312398  2.067002090661 -4.057363186757
 246   1.923992715958  2.309523720333 -4.070071315307
 247   2.081899316269  1.798202494421 -4.056369018407
 248   2.176864414826  1.351061028112 -4.079882881563
 249   2.118848915164  1.634187429814 -4.063252559294
 250   2.132116578788  1.573271299106 -4.066184205006
 251   2.011777042454  2.050426968011 -4.056732159545
 252   2.049610158007  1.923551327370 -4.054442388783
 253   2.215210324610  1.074039346309 -4.111316316023
 254   2.213061324358  1.091341843881 -4.109150476674
 255   1.903765443887  2.366196403892 -4.073833628313
 256   1.897417634313  2.364809887717 -4.079374266412
 257   2.158376513371 -0.276225452162 -4.086105573208
 258   2.205102157070  0.138450267107 -4.078411098298
 259   2.228477875988  0.924096408744 -4.117202825814
 260   2.231715198395  0.807579155848 -4.105957899262
 261   2.221540698052  0.376945892680 -4.082533879723
 262   2.216796512572  0.302583461183 -4.080936041428
 263   2.195347054576  0.035053936256 -4.078776844420
 264   2.180871075508 -0.096888555056 -4.080904552323
 265   2.228420529373  0.519226831825 -4.087391165423
 266   2.231167196870  0.625111603996 -4.092950047128
 267   2.223882111510  0.981572133303 -4.125206308382
 268   1.905716405404 -1.310005842413 -4.089757943776
 269   2.099479299083 -0.596527025450 -4.073972341080
 270   2.021481892230 -0.928163273058 -4.072153805714
 271   2.059185641403 -0.776258795977 -4.071486372972
 272   2.149251279335 -0.333334139824 -4.084618243139
 273   2.126994822266 -0.459185588635 -4.078356793489
 274   1.955187148791 -1.156390896569 -4.080476577623
 275   1.959819857261 -1.141203069547 -4.079755030967
 276   1.790083315038 -1.620140582363 -4.120451608920
 277   1.791968854844 -1.616135068511 -4.119757676233
 278   1.839609079702 -1.500442953434 -4.104889719418
 279   1.808811685100 -1.577531539308 -4.114078435268
 280   2.155654627142 -0.293729991994 -4.087044325653
 281   2.136418979244 -0.283187772711 -4.103579090807
 282   1.396956027816 -2.301752246502 -4.109210628339
 283   1.417714764951 -2.270138489623 -4.109097109113
 284   1.721916601046 -1.757303348509 -4.128111889129
 285   1.645289756528 -1.898415581485 -4.118343998788
 286   1.238048815971 -2.533539462822 -4.114341386288
 287   1.271906745072 -2.485985095602 -4.112483881306
 288   1.118598308275 -2.695811849741 -4.123188961733
 289   1.119020169822 -2.695272667171 -4.123143565969
 290   1.573702162059 -2.021152053784 -4.113013397969
 291   1.512401589322 -2.121052355553 -4.110617980248
 292   1.754355452392 -1.692967600636 -4.134165340251
 293   0.952004065520 -2.893558673806 -4.115720311522
 294   0.093531709376 -3.690170272327 -4.170589352402
 295   0.570201526025 -3.287787572289 -4.117719202005
 296   0.694275611930 -3.169176213280 -4.111740016227
 297   0.432246347372 -3.415566503440 -4.126668576188
 298   0.380382026016 -3.462956669654 -4.130396817100
 299   0.803581629681 -3.056337998835 -4.111153541488
 300   0.903829810242 -2.948015109501 -4.113328015620
 301   0.270658305245 -3.551635072559 -4.144780046622
 302   0.141376764934 -3.654389145506 -4.162697994019
 303   1.091945453988 -2.727741198482 -4.126948104419
 304   1.078925626900 -2.722631704493 -4.137423753700
 305  -0.266808925256 -3.925771965149 -4.160314044412
 306  -0.083583503041 -3.814798047437 -4.173773179176
 307  -0.239091820396 -3.909462214670 -4.162006639650
 308  -0.436627324108 -4.015578737330 -4.157220284399
 309  -0.584614701089 -4.082538292232 -4.162650275337
 310  -0.672007706180 -4.115727965975 -4.170424533408
 311   0.007912304640 -3.751087803673 -4.186457480224
 312  -1.191997318010 -3.626952571485 -4.155075231121
 313  -1.065423152813 -3.775601631512 -4.143587957650
 314  -0.817596933453 -4.018375352995 -4.147702660007
 315  -0.922119904021 -3.923545528563 -4.141799339680
 316  -0.684489456781 -4.120340625918 -4.165581021650
 317  -0.723937018187 -4.093010679392 -4.158690700197
 318  -0.695065545488 -4.113116730574 -4.163676703042
 319  -0.680659110783 -4.118955304701 -4.168476190063
 320  -1.831896383766 -2.574664039951 -4.119880903677
 321  -1.712207694215 -2.819227178199 -4.114284795540
 322  -1.399525558967 -3.341178003437 -4.142848783162
 323  -1.636618174555 -2.957605986179 -4.116685787825
 324  -1.705335012637 -2.832717770701 -4.114167466329
 325  -1.315917499556 -3.461821099613 -4.157472509987
 326  -1.333866262165 -3.437221491469 -4.153853244103
 327  -1.903634572650 -2.406309628372 -4.131272777424
 328  -1.865835733258 -2.497760228119 -4.124257024543
 329  -1.572024553454 -3.070719980776 -4.120633440535
 330  -1.520620901718 -3.157455798345 -4.124986147669
 331  -1.265793408307 -3.528189958382 -4.168439470329
 332  -0.944790305769 -3.261500313577 -4.494068724240
 333  -2.072603647729 -1.928695193240 -4.107838961858
 334  -2.166194991794 -1.567099451068 -4.107810456715
 335  -2.229120568325 -1.226952407291 -4.125722528782
 336  -1.958903396128 -2.266888580389 -4.126555856564
 337  -2.007194673446 -2.129722006498 -4.117410226764
 338  -2.210860419567 -1.336947883314 -4.118438400133
 339  -2.177189616208 -1.514065824542 -4.109757719895
 340  -2.128328732570 -1.730668378632 -4.104630418283
 341  -2.114410264880 -1.784877892529 -4.104554327775
 342  -2.256915422787 -1.011726514475 -4.145642713283
 343  -2.242900798522 -1.130247619494 -4.133750502437
 344  -1.922616412874 -2.358209149061 -4.135599275973
 345  -1.904336499881 -2.357552632314 -4.148777791119
 346  -2.270876321136 -0.875870230860 -4.134829390410
 347  -2.280238593699 -0.727648396085 -4.121414558972
 348  -2.283620985344 -0.370786137212 -4.103034000738
 349  -2.284882779182 -0.539439002961 -4.109642819796
 350  -2.264800865998  0.045517359634 -4.098129740317
 351  -2.241826538034  0.263449964031 -4.105094698484
 352  -2.260481528519  0.095361358407 -4.099043365828
 353  -2.277829690382 -0.184003252035 -4.098906580031
 354  -2.275480750173 -0.124188118835 -4.097943925954
 355  -2.259299789061 -0.988357310003 -4.148258217212
 356  -2.178700855336  0.647864665365 -4.086521737281
 357  -1.852687697149  1.780924113204 -4.121372156859
 358  -1.899205556647  1.665990753504 -4.107184678320
 359  -1.992972070799  1.385126033304 -4.088285190845
 360  -1.961836914066  1.483506713355 -4.093551427482
 361  -2.227764776647  0.368287356284 -4.102777325197
 362  -2.215993804979  0.442720565121 -4.097426484959
 363  -2.038295749028  1.224531670390 -4.084045757265
 364  -2.093271295754  1.017305478878 -4.081354620395
 365  -2.160022891624  0.734632599394 -4.084210110820
 366  -2.131245382940  0.858936729851 -4.082498009297
 367  -2.235060778482  0.313652670501 -4.107769477358
 368  -2.221274501490  0.319587918538 -4.117519434069
 369  -1.806259165067  1.881398495029 -4.110692017886
 370  -1.694665164268  2.108938015768 -4.089015408728
 371  -1.500483636125  2.445386999296 -4.078207459958
 372  -1.407393660149  2.587188883843 -4.081843538412
 373  -1.562732074067  2.345570949127 -4.078035461280
 374  -1.641322839806  2.207774224613 -4.083145461655
 375  -1.242010841065  2.812665451346 -4.100267905628
 376  -1.333515064589  2.690671137550 -4.088825781813
 377  -1.851129746865  1.784316107510 -4.121937471380
 378  -1.202625874507  2.861103524208 -4.103720756428
 379  -0.236178836062  3.776713001001 -4.081134640606
 380  -0.365413382731  3.681196157946 -4.066167106517
 381  -0.630843564033  3.465792836149 -4.048271837742
 382  -0.565657912706  3.520651618060 -4.051357654617
 383  -0.922238466250  3.180416057544 -4.061302770509
 384  -0.740330873605  3.366164678542 -4.048091058213
 385  -0.765143718072  3.342506597208 -4.048771475439
 386  -1.023134977663  3.070990045927 -4.072906611618
 387  -1.016027577493  3.079030839021 -4.071866994922
 388  -1.211282094091  2.850503025342 -4.105526486244
 389  -1.202312197522  2.845578081709 -4.114286144457
 390   0.513641692877  4.215388210991 -4.069175316043
 391  -0.054498615257  3.904377451345 -4.067639719468
 392   0.215101793242  4.069554435885 -4.054097801952
 393   0.452499268245  4.192131173616 -4.060725184481
 394   0.281229853676  4.106585387979 -4.053602291372
 395   0.385827314909  4.161985898872 -4.055392253393
 396   0.529937512518  4.205856409667 -4.084187431120
 397   0.529632910461  4.203561214526 -4.085913143131
 398  -0.202408621138  3.800454999587 -4.085859309689
 399   0.425032678937  3.020396024366 -4.623156837632
 400   1.103399842755  2.098291937519 -4.622038778058
 401   0.892665229983  3.325634114906 -4.452998812568
 402   1.131266472082  2.029062285552 -4.621945961254
 403   1.372687152566 -0.154797677949 -4.618772670567
 404   1.812506032825  1.003179491546 -4.458924834797
 405   1.815174521420  0.970063160387 -4.459159035008
 406   1.818451886839  0.986955003827 -4.457720064382
 407   1.358916874733 -0.233762541983 -4.618649271330
 408   1.360002453780 -1.464534601127 -4.475410573591
 409   1.328059903562 -1.527878203641 -4.476239042789
 410   1.356328864229 -1.491767364034 -4.473188806441
 411  -0.503820882680 -3.055445781420 -4.613712342514
 412  -0.185872100697 -3.446667595686 -4.470481616551
 413  -0.203816539210 -3.463251027113 -4.470055524660
 414  -0.198066668452 -3.461149375833 -4.469485070146
 415   0.448928844865 -2.270745842002 -4.615252573772
 416   0.449839793113 -2.271417293407 -4.614941125802
 417  -0.549386743929 -3.047207045961 -4.613707130100
 418  -0.936418592199 -3.265618553436 -4.496457952652
 419  -0.941363225112 -3.261629111955 -4.495904962853
 420  -1.398779065312  0.231214469806 -4.618283497719
 421  -1.826510526632 -0.989399006503 -4.457203501132
 422  -1.825134732306 -0.911335017438 -4.460212794806
 423  -1.834708659032 -0.965889302058 -4.455692244457
 424  -1.131562094970 -2.101823474633 -4.614897022398
 425  -1.141136332993 -2.106929528680 -4.612037943928
 426  -1.390510205485  0.288227277426 -4.618371948332
 427  -0.578687387816  2.304849445573 -4.621700418482
 428  -1.436113279942  1.671919560606 -4.472830851785
 429  -1.429605471495  1.686840096146 -4.472978450343
 430  -1.434633551176  1.680006441036 -4.472408603301
 431   0.400618183352  3.024309038708 -4.623153294956
 432  -0.533833799005  2.356740949675 -4.621795287905
 433   0.037017470770  3.511952277101 -4.424611754110
 434   0.052805167781  3.523446894083 -4.424577481913
 435   0.044198509309  3.519412790505 -4.424004778028
# facets:
#   id   num_of_sides   plane_coeff  (ax + by + cz + d = 0)
#   indices_of_vertices
  0     7    0.401989276773  0.294128088009  0.867117805839  1.832475516833
       0 21 20 219 213 1 2
  1     6    0.617311278275  0.042690788731  0.785559852762  1.688985640724
       1 213 214 4 5 3
  2     5    0.581009930848 -0.232102962791  0.780099785233  1.683678074426
       4 214 215 6 7
  3     6    0.312514152624 -0.424905513226  0.849582373428  1.812193405973
       6 215 216 9 10 8
  4     8   -0.423808852938 -0.313849064585  0.849638052838  1.741820651695
       9 216 217 12 13 26 25 11
  5     6   -0.644669656356 -0.068181015445  0.761414724908  1.529184682780
       12 217 218 15 16 14
  6     5   -0.606237944214  0.207023592610  0.767865083916  1.537543226482
       15 218 220 17 18
  7     6   -0.332668057866  0.397722556613  0.855072354387  1.738226717986
       17 220 219 20 22 19
  8     6    0.065224449258  0.407779878457 -0.910747682920 -5.469908623759
       397 230 401 399 431 434
  9     7    0.505391256348  0.202307711090 -0.838839238496 -4.859296760747
       402 400 401 230 243 256 404
 10     5    0.545434558311 -0.096416632728 -0.832589319853 -4.609176877965
       407 403 405 281 408
 11     4    0.411262583201 -0.327040667528 -0.850827532137 -4.854367072235
       416 409 304 412
 12     6   -0.068023614344 -0.375632512570 -0.924268902102 -5.446307334745
       310 319 418 417 411 413
 13     5   -0.470441349432 -0.168507122329 -0.866192984541 -4.886785259676
       425 419 332 345 421
 14     5   -0.512905017882  0.073062270745 -0.855330548516 -4.684492813007
       426 420 422 368 428
 15     5   -0.396977097671  0.341578618170 -0.851899777869 -4.954238488265
       432 427 429 389 433
 16    13    0.339733843061  0.329448314170  0.880934006705  1.842674356864
       21 0 64 65 89 90 38 120 212 210 47 37 35
 17    12    0.474292634957  0.258048420006  0.841699179849  1.767721294291
       0 2 28 76 77 36 48 200 199 155 156 64
 18    15    0.601260262229  0.112385723614  0.791110324918  1.677019032663
       2 1 3 30 201 202 53 146 147 121 46 108 109 52 28
 19    12    0.646021755215 -0.043500918034  0.762078448665  1.620930639585
       3 5 33 59 167 166 151 152 72 94 93 30
 20    15    0.622064998196 -0.179679265345  0.762069878439  1.627213625061
       5 4 7 196 198 69 68 180 181 45 101 102 176 175 33
 21    14    0.505503948827 -0.346733064537  0.790089830131  1.668674587422
       7 6 8 114 116 106 107 83 84 85 87 86 197 196
 22    15    0.387602266948 -0.416440524036  0.822400007659  1.735497201874
       114 8 10 27 103 205 204 193 194 122 110 130 131 70 115
 23    13    0.265918274624 -0.433209854546  0.861171697831  1.827489715401
       10 9 11 159 161 56 55 177 178 43 74 73 27
 24     8   -0.367121628433 -0.342800182791  0.864702113224  1.771808589410
       159 11 25 41 42 51 50 160
 25    13   -0.473622460169 -0.291443928897  0.831109019042  1.683579997138
       26 13 24 157 158 71 111 139 138 169 170 144 143
 26    16   -0.635487910648 -0.108345380608  0.764471316611  1.525690752464
       13 12 14 32 171 172 75 128 129 57 135 136 54 105 104 24
 27    12   -0.667717643965 -0.001860801158  0.744412308709  1.472479862899
       14 16 34 112 113 88 134 132 78 61 60 32
 28    16   -0.649139305063  0.151330966781  0.745464352679  1.470334821968
       16 15 18 31 66 67 118 117 183 184 187 186 49 127 126 34
 29    13   -0.537751048797  0.308879430472  0.784485377142  1.550195252429
       18 17 19 29 99 100 82 81 95 96 63 62 31
 30    15   -0.409294466677  0.387595419839  0.825982947807  1.650116853294
       29 19 22 23 91 92 98 97 173 174 124 119 192 191 44
 31    10   -0.262845336112  0.410658221310  0.873081986159  1.773612684728
       20 21 35 58 80 79 40 39 23 22
 32    14    0.449131788409  0.498095675532 -0.741742094435 -5.362344411530
       230 397 396 223 222 228 229 225 221 226 227 224 242 243
 33    15    0.583374175889  0.317145607587 -0.747725373713 -4.907145165270
       236 237 235 234 232 255 256 243 242 233 239 238 240 241 231
 34    16    0.625966393411  0.172933424309 -0.760434155649 -4.698769870922
       252 247 249 250 248 244 254 253 267 406 404 256 255 246 245 251
 35    15    0.632667394061 -0.056958113668 -0.772326188718 -4.537074068874
       406 267 259 260 266 265 261 262 258 263 264 257 280 281 405
 36    17    0.598080123234 -0.144984428593 -0.788212967197 -4.553301795090
       271 270 275 274 268 278 279 277 276 292 410 408 281 280 272 273 269
 37    15    0.509071400673 -0.331422312722 -0.794358583794 -4.738189149845
       410 292 284 285 290 291 283 282 287 286 289 288 303 304 409
 38    15    0.454133816525 -0.435879389706 -0.777027434727 -4.891607424155
       297 298 301 302 294 311 414 412 304 303 293 300 299 296 295
 39     9    0.281996017920 -0.560069898612 -0.778973654591 -5.364242687446
       305 308 309 310 413 414 311 306 307
 40    12   -0.438123488000 -0.433898455556 -0.787261036461 -5.367099974819
       319 316 318 317 314 315 313 312 331 332 419 418
 41    15   -0.553083272119 -0.288561430440 -0.781556904496 -4.976061350355
       332 331 325 326 322 330 329 323 324 321 320 328 327 344 345
 42    16   -0.574778888483 -0.148705819287 -0.804683669937 -4.783607951114
       345 344 336 337 333 341 340 334 339 338 335 343 342 355 423 421
 43    14   -0.587344091742  0.036077384851 -0.808532831862 -4.645331999191
       346 347 349 348 353 354 350 352 351 367 368 422 423 355
 44    16   -0.613626798606  0.152730150660 -0.774684228000 -4.601621636178
       428 368 367 361 362 356 365 366 364 363 359 360 358 357 377 430
 45    13   -0.552839934117  0.343460182843 -0.759212164054 -4.765645051575
       430 377 369 370 374 373 371 372 376 375 388 389 429
 46    15   -0.452149948223  0.495548787109 -0.741614336375 -5.004961753550
       388 378 386 387 383 385 384 381 382 380 379 398 435 433 389
 47    11   -0.327787871961  0.595165315479 -0.733712040412 -5.326090260932
       390 396 397 434 435 398 391 392 394 395 393
 48     3    0.235635764360  0.172191168190 -0.956465361710 -5.042127796962
       401 400 399
 49     5    0.273500180141  0.028837779639 -0.961439563326 -4.811636941670
       406 405 403 402 404
 50     6    0.246697839471 -0.111813293289 -0.962620363095 -4.807385455258
       410 409 416 415 407 408
 51     6    0.172821053811 -0.211720170656 -0.961929026850 -4.997892470197
       412 414 413 411 415 416
 52     5   -0.216856399162 -0.134758959646 -0.966857448095 -4.990573584443
       418 419 425 424 417
 53     6   -0.270115021109 -0.032334695641 -0.962284959266 -4.814459734725
       421 423 422 420 424 425
 54     5   -0.237184394714  0.093886376689 -0.966917220436 -4.822451303395
       430 429 427 426 428
 55     5   -0.181306689453  0.251856607280 -0.950629335613 -5.083962602522
       435 434 431 432 433
 56    14   -0.000384811964 -0.001495603438 -0.999998807544 -4.618470452385
       431 399 400 402 403 407 415 411 417 424 420 426 427 432
 57     8    0.000000000000  0.000000000000  1.000000000000  2.091810843635
       219 220 218 217 216 215 214 213
 58     5    0.769934130632  0.636944906518  0.038763649842 -3.054116981214
       89 65 233 242 224
 59     6   -0.575004714813  0.818148953024  0.001366970826 -3.220138939923
       379 91 23 39 391 398
 60     6   -0.929692665435 -0.368091365820 -0.013427369269 -2.711009022685
       327 157 24 104 336 344
 61     7   -0.799502281494 -0.600283292806 -0.021355801659 -3.218938570260
       26 143 325 331 312 41 25
 62     6    0.574583559141 -0.817549709116  0.038291078458 -2.910943051086
       294 103 27 73 306 311
 63     5    0.922663507698  0.382179738395  0.051290341417 -2.453852187036
       76 28 52 232 234
 64     6   -0.775447191945  0.631313268536  0.011189703949 -2.692906054482
       99 29 44 378 388 375
 65     5    0.893712440076 -0.446562794020  0.043124766079 -2.145620720815
       276 197 86 284 292
 66     6    0.995144925256  0.086188891157  0.047518972832 -2.101660044901
       253 201 30 93 259 267
 67     6   -0.908104021552  0.418641688092  0.009285635808 -2.389732664700
       66 31 62 369 377 357
 68     6   -0.994784951199 -0.101923719064 -0.003802152167 -2.364026792173
       342 171 32 60 346 355
 69     3    0.618797857659  0.784941340412  0.030924156736 -3.511671632582
       222 211 228
 70     4   -0.624989957182 -0.780114987234 -0.028428157075 -3.763696252355
       160 50 314 317
 71     5    0.764931389270 -0.642992008013  0.037963763524 -2.432504661768
       115 70 293 303 288
 72     6    0.986293803494 -0.156213592062  0.053121058387 -1.954885298116
       33 175 272 280 257 59
 73     6   -0.991064711732  0.133116632653 -0.008408285787 -2.291381553162
       34 126 361 367 351 112
 74     3    0.404182008584 -0.914241657344  0.028268284578 -3.378547251846
       177 55 179
 75     3    0.975104884350  0.217961765255  0.040781532622 -2.256584636538
       247 148 249
 76     5   -0.353423993907  0.935309460547  0.016961531264 -3.692139730743
       58 35 37 390 393
 77     4   -0.962430808586  0.271433560494 -0.007124670025 -2.323195095494
       183 117 359 363
 78     4    0.950083529878 -0.308700851924  0.045222453233 -2.030040801622
       180 68 268 274
 79     4   -0.974072503938 -0.225777883438 -0.014391123047 -2.522963382608
       340 135 57 334
 80     4   -0.868514709024 -0.495392043800 -0.016398876422 -2.954110453409
       169 138 323 329
 81     3    0.678652817182 -0.734162481447  0.020875932685 -2.714777925667
       295 123 297
 82     4    0.998279774030 -0.047077679080  0.034945455988 -2.057307400270
       265 189 153 261
 83     5    0.867615378113  0.494879074506  0.048355529960 -2.683910910322
       231 48 36 150 236
 84     4    0.834495165355 -0.548160866326  0.056013245110 -2.197313334804
       84 83 282 283
 85     4   -0.672980842036  0.739596288483  0.009701356364 -2.948559423426
       173 97 381 384
 86     3   -0.999325581962  0.031405071603 -0.019028996639 -2.348512925184
       348 133 353
 87     4   -0.848445631689  0.529138723177  0.012337815954 -2.516711567911
       95 81 371 373
 88     4   -0.488616350258  0.872487273136  0.004474424670 -3.427392444278
       392 40 79 394
 89     4   -0.717886651303 -0.695680563016 -0.025832346454 -3.498504327810
       51 42 313 315
 90     5    0.949345484067  0.308461046303  0.059957775104 -2.299115663647
       108 46 164 251 245
 91     4    0.969598212834 -0.232779935743  0.075450693731 -1.870946125210
       101 45 140 142
 92     4   -0.977599308123  0.210471624263 -0.001134961593 -2.270891622425
       356 49 186 365
 93     5    0.717265935836  0.695079047882  0.048935615716 -3.171281282420
       38 90 168 226 221
 94     4   -0.951017292818 -0.309004249895 -0.009081977116 -2.604364221056
       337 105 54 333
 95     4    0.508598339866 -0.859992826599  0.041714108937 -3.066893359185
       307 74 43 305
 96     3   -0.723482112579  0.690167610448  0.015566061364 -2.799449631774
       119 124 125
 97     4   -0.897856773755 -0.439855494817 -0.019502756237 -2.857609735250
       111 71 320 321
 98     5    0.896301689327  0.439093666817  0.061968003601 -2.512350940073
       36 77 235 237 150
 99     4    0.808431824983  0.587360101843  0.038027557358 -2.935508981756
       238 155 199 240
100     4   -0.625230481901  0.780415211160  0.006240407964 -3.075954520709
       98 92 380 382
101     4    0.717186630783 -0.695002195939  0.051139850088 -2.490235846468
       130 110 296 299
102     5    0.624693238718 -0.779744622051  0.041912789007 -2.764727469028
       193 204 301 298 195
103     5    0.994270828823 -0.093986265054  0.050912679483 -1.971813488802
       151 166 263 258 154
104     4   -0.946031962871  0.323899136676 -0.010624240502 -2.379957845228
       118 67 358 360
105     4   -0.986408315057 -0.164183360844 -0.006516134506 -2.427151996616
       128 75 335 338
106     4   -0.999565312729 -0.023556062155 -0.017728438317 -2.369454177640
       347 61 78 349
107     5   -0.835651787493 -0.548920625063 -0.019293455878 -3.083487423295
       144 170 330 322 145
108     6    0.987622899708  0.148482460281  0.050536788201 -2.144345834014
       53 202 203 244 248 137
109     5    0.863714451915 -0.501685274389  0.048054458839 -2.175562890028
       285 87 85 206 290
110     5    0.999113773500  0.000000000000  0.042091182016 -2.056912771958
       260 94 72 190 266
111     4   -0.880061574921  0.474855459990  0.001979006115 -2.484758238498
       370 63 96 374
112     4    0.803757202511 -0.593664281378  0.039205617298 -2.337857243611
       106 116 289 286
113     4   -0.813580672800  0.581393334796  0.008263116924 -2.615473903419
       82 100 376 372
114     5    0.522324723765  0.852356481705  0.025793623986 -3.756342441853
       37 47 223 396 390
115     4    0.672660755467  0.739244517937  0.032327244773 -3.365133496375
       225 120 38 221
116     4   -0.522497342107  0.852638169238  0.002163295803 -3.348697115818
       391 39 40 392
117     4    0.928114087031 -0.367466362415  0.059772183725 -2.013967832743
       69 198 208 207
118     4   -0.996267023166  0.086286075368 -0.002594561356 -2.270906780213
       88 113 352 350
119     3    0.293858171521 -0.955200914905  0.035193567522 -3.589484968427
       56 161 162
120     4   -0.760160263287 -0.649238198730 -0.025419194096 -3.366483813270
       42 41 312 313
121     4    0.467709577267 -0.883349674790  0.030677408316 -3.215412646410
       43 178 308 305
122     4    0.979838050555 -0.194901906285  0.043939067034 -1.994407414214
       176 102 269 273
123     4   -0.760393624889  0.649437508368  0.005697188137 -2.749197322837
       44 191 386 378
124     5    0.961383127620 -0.263004662259  0.081061887205 -1.857502925843
       140 45 181 182 141
125     4    0.960178470800  0.270798335541  0.068742750025 -2.210348618589
       164 46 121 165
126     5    0.574702999943  0.817719656187  0.032419527168 -3.611981796924
       47 210 211 222 223
127     4    0.843159841479  0.535085506317  0.052583102288 -2.756182078224
       200 48 231 241
128     4   -0.983608829211  0.179638869276 -0.015606016250 -2.323145398087
       362 127 49 356
129     4   -0.971597884819  0.233260014512 -0.039841132579 -2.433720444605
       366 188 185 364
130     4   -0.672602406202 -0.739180392932 -0.034904868933 -3.664996954841
       314 50 51 315
131     5    0.939969188131  0.338409730955  0.044008855458 -2.410939991801
       52 109 246 255 232
132     4    0.980719202375  0.187082193365  0.056480961561 -2.157542239892
       53 137 149 146
133     4   -0.960270383422 -0.278984336108 -0.006966414307 -2.556952555643
       54 136 341 333
134     9    0.353403834991 -0.935256111523  0.020043334866 -3.528180417582
       309 179 55 56 162 163 316 319 310
135     4   -0.979205312313 -0.202783671631  0.005978198524 -2.414374517561
       334 57 129 339
136     4   -0.411503892199  0.911380096115  0.007132118251 -3.605458129637
       395 80 58 393
137     4    0.991647408436 -0.125274200745  0.030688629311 -2.049555419398
       167 59 257 264
138     4   -0.998022958453 -0.062790282343 -0.002748607479 -2.332747866382
       61 347 346 60
139     4   -0.898015814292  0.439933407972  0.005117990982 -2.428700861933
       369 62 63 370
140     5    0.789495996034  0.612395868179  0.040833477474 -2.982946776664
       233 65 64 156 239
141     4   -0.926854180521  0.375414593001  0.002282851674 -2.376347757098
       358 67 66 357
142     5    0.942428188822 -0.330957223465  0.047921030346 -2.033571342151
       268 68 69 207 278
143     4    0.749115859130 -0.660434469243  0.051495062253 -2.412227956738
       293 70 131 300
144     4   -0.914536521278 -0.404312366566 -0.012428253715 -2.767507582401
       71 158 328 320
145     5    0.997413208861 -0.031344972857  0.064686810604 -1.942661349541
       190 72 152 153 189
146     4    0.521952443785 -0.851748975991  0.045709171133 -3.014844004326
       306 73 74 307
147     4   -0.990021456186 -0.140900918613  0.002108892165 -2.371055208433
       335 75 172 343
148     4    0.903619649407  0.425211130813  0.051643232254 -2.527963783035
       77 76 234 235
149     5   -0.999923973557  0.007853546006 -0.009506256980 -2.319539879386
       349 78 132 133 348
150     3   -0.568172718936 -0.822077491178 -0.036991349740 -3.930237984738
       316 163 318
151     4   -0.968567784831  0.248685939203 -0.005634698792 -2.303541670365
       185 188 187 184
152     4   -0.467909213274  0.883726721596  0.009383478599 -3.459472311942
       80 395 394 79
153     3    0.991386524533  0.125241243444  0.038306525758 -2.173272905903
       244 203 254
154     4   -0.835737001165  0.548976599983  0.012975267066 -2.543554103927
       371 81 82 372
155     4    0.826445071777 -0.561651490801  0.039193701242 -2.286234831671
       282 83 107 287
156     5    0.843618505429 -0.535376583311  0.040984525610 -2.242980003649
       206 85 84 283 291
157     4    0.879217996073 -0.474400289542  0.043818725050 -2.166716680874
       284 86 87 285
158     3    0.997087080117 -0.070597551639  0.028867635287 -2.071170537136
       262 154 258
159     4   -0.997903966929  0.062782796030 -0.015684173895 -2.327187255079
       354 134 88 350
160     5    0.759706088363  0.648850296700  0.042894659056 -3.068285246616
       168 90 89 224 227
161     4    0.959882378859 -0.278871610362  0.029265059212 -2.080051411925
       141 182 275 270
162     4   -0.594117687305  0.804371065077  0.003370948974 -3.164439386350
       92 91 379 380
163     4    0.998796230761  0.031388436071  0.037694236941 -2.099606425071
       93 94 260 259
164     4   -0.868630882115  0.495458307762 -0.001206609039 -2.524490547644
       374 96 95 373
165     4   -0.643373471654  0.765385195085  0.016002472226 -2.993752182234
       98 382 381 97
166     4   -0.799668236671  0.600407895477  0.006408612040 -2.655666137259
       376 100 99 375
167     5    0.974856321071 -0.217906204779  0.046605141211 -1.986809549585
       269 102 101 142 271
168     4    0.593518398313 -0.803559692625  0.045030337034 -2.832981835932
       205 103 294 302
169     4   -0.943437679703 -0.331311731429 -0.012565075937 -2.651000543029
       336 104 105 337
170     4    0.812393183689 -0.580544742546  0.054636224230 -2.251823355803
       287 107 106 286
171     4    0.945158181026  0.323599974284  0.044261376881 -2.385692311810
       108 245 246 109
172     5    0.689934134172 -0.723237366365  0.030308454234 -2.646450617128
       110 122 123 295 296
173     4   -0.890974376452 -0.453974119649 -0.008494656866 -2.840338796609
       111 321 324 139
174     4   -0.993832637872  0.109720144698 -0.016067910496 -2.322866444314
       112 351 352 113
175     5    0.784119592829 -0.618150044099  0.055199521038 -2.315933007986
       289 116 114 115 288
176     4   -0.953446993780  0.301535689671 -0.003880451825 -2.333722557055
       118 360 359 117
177     5   -0.734313921138  0.678792806592  0.004836418399 -2.816413926764
       192 119 125 383 387
178     4    0.636968053029  0.769962109957  0.037815984061 -3.437105360960
       120 225 229 212
179     6    0.967235273430  0.248343808425  0.052737829392 -2.246334812966
       165 121 147 148 247 252
180     6    0.672497739461 -0.739065365686  0.039104675712 -2.653639561948
       122 194 195 298 297 123
181     5   -0.718125911983  0.695912422745  0.001036536218 -2.871364696172
       383 125 124 174 385
182     4   -0.987682834025  0.156433592885 -0.003339219992 -2.271637618565
       127 362 361 126
183     4   -0.982202271167 -0.187365103867 -0.013153568600 -2.476181666376
       129 128 338 339
184     4    0.733764259885 -0.678284704956  0.038985509345 -2.502431382733
       300 131 130 299
185     5   -0.999228257500  0.039259785162 -0.001248472171 -2.273965235054
       353 133 132 134 354
186     3    0.914014699543 -0.404081671590  0.035987938335 -2.142674849240
       209 277 279
187     4   -0.968580898712 -0.248689306275 -0.002161387124 -2.500728970358
       341 136 135 340
188     3   -0.826728745317 -0.561844275140 -0.029164913150 -3.155075567812
       145 322 326
189     4    0.980032709886  0.194940626433  0.039166819119 -2.236978979835
       149 137 248 250
190     4   -0.876122304627 -0.481652312859 -0.020512358540 -2.942858385529
       138 139 324 323
191     5    0.969613672274 -0.240853287864  0.042883799560 -2.008978229370
       140 141 270 271 142
192     5   -0.808899966363 -0.587700226465 -0.017008475237 -3.169670933588
       145 326 325 143 144
193     6    0.976333956423  0.210199201170  0.050875351224 -2.205489635647
       249 148 147 146 149 250
194     3    0.890166033558  0.453562248373  0.043424872482 -2.618124476727
       236 150 237
195     6    0.997187490562 -0.062737719158  0.041001064160 -2.024255634782
       261 153 152 151 154 262
196     4    0.799101509921  0.599982384998  0.038182647036 -2.963511845406
       156 155 238 239
197     4   -0.923826668191 -0.382661535247 -0.010697503532 -2.723624826503
       328 158 157 327
198     7   -0.574740039138 -0.817772357632 -0.030368709304 -3.889520652223
       318 163 162 161 159 160 317
199     4    0.957045959513  0.286217432560  0.046288364391 -2.324451535920
       251 164 165 252
200     4    0.993071754355 -0.109636142376  0.042289561201 -2.003804289574
       263 166 167 264
201     3    0.728598862096  0.684199873176  0.031847004539 -3.210959303799
       226 168 227
202     4   -0.860544950845 -0.508924865235 -0.021397876532 -3.003736350065
       330 170 169 329
203     4   -0.993067846974 -0.117537325262 -0.001108366313 -2.364780658847
       172 171 342 343
204     4   -0.690193203776  0.723508941301  0.012967394464 -2.893928386744
       385 174 173 384
205     4    0.984072404916 -0.171748128553  0.045870276017 -1.984905823683
       272 175 176 273
206     5    0.411399665939 -0.911149260538  0.023608047082 -3.381019409664
       308 178 177 179 309
207     5    0.954475618638 -0.293635041254  0.052485769255 -1.991568399911
       275 182 181 180 274
208     5   -0.966542038716  0.256273977928 -0.010960640099 -2.328677886736
       185 184 183 363 364
209     5   -0.973984199726  0.225757415620 -0.019707053993 -2.350164673730
       187 188 366 365 186
210     4    0.998702566927 -0.023535730423  0.045158080196 -2.028730182096
       190 189 265 266
211     4   -0.750044343221  0.661253038081  0.013338022005 -2.743773582124
       192 387 386 191
212     3    0.642358337178 -0.764177546755  0.058381878130 -2.650016570462
       195 194 193
213     7    0.900365654527 -0.432349429039  0.049149357660 -2.109678841502
       277 209 208 198 196 197 276
214     4    0.830800676492  0.555123264401  0.040104828415 -2.853131103840
       240 199 200 241
215     5    0.992002881185  0.117411278254  0.046312800170 -2.133192786009
       254 203 202 201 253
216     4    0.618678070245 -0.784789390802  0.036647748679 -2.802839025451
       301 204 205 302
217     3    0.852280833682 -0.522278366597  0.029029094440 -2.277443129576
       290 206 291
218     5    0.925999291632 -0.375068327352  0.043000717612 -2.089732129861
       207 208 209 279 278
219     5    0.624835083173  0.779921672872  0.036101288344 -3.474464568961
       228 211 210 212 229
# edges:
#    vert1_id  vert2_id  facet1_id  facet2_id
   0   21     0   16
  21   20     0   31
  20  219     0    7
 219  213     0   57
 213    1     0    1
   1    2     0   18
   2    0     0   17
 213  214     1   57
 214    4     1    2
   4    5     1   20
   5    3     1   19
   3    1     1   18
 214  215     2   57
 215    6     2    3
   6    7     2   21
   7    4     2   20
 215  216     3   57
 216    9     3    4
   9   10     3   23
  10    8     3   22
   8    6     3   21
 216  217     4   57
 217   12     4    5
  12   13     4   26
  13   26     4   25
  26   25     4   61
  25   11     4   24
  11    9     4   23
 217  218     5   57
 218   15     5    6
  15   16     5   28
  16   14     5   27
  14   12     5   26
 218  220     6   57
 220   17     6    7
  17   18     6   29
  18   15     6   28
 220  219     7   57
  20   22     7   31
  22   19     7   30
  19   17     7   29
 397  230     8   32
 230  401     8    9
 401  399     8   48
 399  431     8   56
 431  434     8   55
 434  397     8   47
 402  400     9   56
 400  401     9   48
 230  243     9   32
 243  256     9   33
 256  404     9   34
 404  402     9   49
 407  403    10   56
 403  405    10   49
 405  281    10   35
 281  408    10   36
 408  407    10   50
 416  409    11   50
 409  304    11   37
 304  412    11   38
 412  416    11   51
 310  319    12  134
 319  418    12   40
 418  417    12   52
 417  411    12   56
 411  413    12   51
 413  310    12   39
 425  419    13   52
 419  332    13   40
 332  345    13   41
 345  421    13   42
 421  425    13   53
 426  420    14   56
 420  422    14   53
 422  368    14   43
 368  428    14   44
 428  426    14   54
 432  427    15   56
 427  429    15   54
 429  389    15   45
 389  433    15   46
 433  432    15   55
   0   64    16   17
  64   65    16  140
  65   89    16   58
  89   90    16  160
  90   38    16   93
  38  120    16  115
 120  212    16  178
 212  210    16  219
 210   47    16  126
  47   37    16  114
  37   35    16   76
  35   21    16   31
   2   28    17   18
  28   76    17   63
  76   77    17  148
  77   36    17   98
  36   48    17   83
  48  200    17  127
 200  199    17  214
 199  155    17   99
 155  156    17  196
 156   64    17  140
   3   30    18   19
  30  201    18   66
 201  202    18  215
 202   53    18  108
  53  146    18  132
 146  147    18  193
 147  121    18  179
 121   46    18  125
  46  108    18   90
 108  109    18  171
 109   52    18  131
  52   28    18   63
   5   33    19   20
  33   59    19   72
  59  167    19  137
 167  166    19  200
 166  151    19  103
 151  152    19  195
 152   72    19  145
  72   94    19  110
  94   93    19  163
  93   30    19   66
   7  196    20   21
 196  198    20  213
 198   69    20  117
  69   68    20  142
  68  180    20   78
 180  181    20  207
 181   45    20  124
  45  101    20   91
 101  102    20  167
 102  176    20  122
 176  175    20  205
 175   33    20   72
   8  114    21   22
 114  116    21  175
 116  106    21  112
 106  107    21  170
 107   83    21  155
  83   84    21   84
  84   85    21  156
  85   87    21  109
  87   86    21  157
  86  197    21   65
 197  196    21  213
  10   27    22   23
  27  103    22   62
 103  205    22  168
 205  204    22  216
 204  193    22  102
 193  194    22  212
 194  122    22  180
 122  110    22  172
 110  130    22  101
 130  131    22  184
 131   70    22  143
  70  115    22   71
 115  114    22  175
  11  159    23   24
 159  161    23  198
 161   56    23  119
  56   55    23  134
  55  177    23   74
 177  178    23  206
 178   43    23  121
  43   74    23   95
  74   73    23  146
  73   27    23   62
  25   41    24   61
  41   42    24  120
  42   51    24   89
  51   50    24  130
  50  160    24   70
 160  159    24  198
  13   24    25   26
  24  157    25   60
 157  158    25  197
 158   71    25  144
  71  111    25   97
 111  139    25  173
 139  138    25  190
 138  169    25   80
 169  170    25  202
 170  144    25  107
 144  143    25  192
 143   26    25   61
  14   32    26   27
  32  171    26   68
 171  172    26  203
 172   75    26  147
  75  128    26  105
 128  129    26  183
 129   57    26  135
  57  135    26   79
 135  136    26  187
 136   54    26  133
  54  105    26   94
 105  104    26  169
 104   24    26   60
  16   34    27   28
  34  112    27   73
 112  113    27  174
 113   88    27  118
  88  134    27  159
 134  132    27  185
 132   78    27  149
  78   61    27  106
  61   60    27  138
  60   32    27   68
  18   31    28   29
  31   66    28   67
  66   67    28  141
  67  118    28  104
 118  117    28  176
 117  183    28   77
 183  184    28  208
 184  187    28  151
 187  186    28  209
 186   49    28   92
  49  127    28  128
 127  126    28  182
 126   34    28   73
  19   29    29   30
  29   99    29   64
  99  100    29  166
 100   82    29  113
  82   81    29  154
  81   95    29   87
  95   96    29  164
  96   63    29  111
  63   62    29  139
  62   31    29   67
  22   23    30   31
  23   91    30   59
  91   92    30  162
  92   98    30  100
  98   97    30  165
  97  173    30   85
 173  174    30  204
 174  124    30  181
 124  119    30   96
 119  192    30  177
 192  191    30  211
 191   44    30  123
  44   29    30   64
  35   58    31   76
  58   80    31  136
  80   79    31  152
  79   40    31   88
  40   39    31  116
  39   23    31   59
 397  396    32   47
 396  223    32  114
 223  222    32  126
 222  228    32   69
 228  229    32  219
 229  225    32  178
 225  221    32  115
 221  226    32   93
 226  227    32  201
 227  224    32  160
 224  242    32   58
 242  243    32   33
 236  237    33  194
 237  235    33   98
 235  234    33  148
 234  232    33   63
 232  255    33  131
 255  256    33   34
 242  233    33   58
 233  239    33  140
 239  238    33  196
 238  240    33   99
 240  241    33  214
 241  231    33  127
 231  236    33   83
 252  247    34  179
 247  249    34   75
 249  250    34  193
 250  248    34  189
 248  244    34  108
 244  254    34  153
 254  253    34  215
 253  267    34   66
 267  406    34   35
 406  404    34   49
 255  246    34  131
 246  245    34  171
 245  251    34   90
 251  252    34  199
 267  259    35   66
 259  260    35  163
 260  266    35  110
 266  265    35  210
 265  261    35   82
 261  262    35  195
 262  258    35  158
 258  263    35  103
 263  264    35  200
 264  257    35  137
 257  280    35   72
 280  281    35   36
 405  406    35   49
 271  270    36  191
 270  275    36  161
 275  274    36  207
 274  268    36   78
 268  278    36  142
 278  279    36  218
 279  277    36  186
 277  276    36  213
 276  292    36   65
 292  410    36   37
 410  408    36   50
 280  272    36   72
 272  273    36  205
 273  269    36  122
 269  271    36  167
 292  284    37   65
 284  285    37  157
 285  290    37  109
 290  291    37  217
 291  283    37  156
 283  282    37   84
 282  287    37  155
 287  286    37  170
 286  289    37  112
 289  288    37  175
 288  303    37   71
 303  304    37   38
 409  410    37   50
 297  298    38  180
 298  301    38  102
 301  302    38  216
 302  294    38  168
 294  311    38   62
 311  414    38   39
 414  412    38   51
 303  293    38   71
 293  300    38  143
 300  299    38  184
 299  296    38  101
 296  295    38  172
 295  297    38   81
 305  308    39  121
 308  309    39  206
 309  310    39  134
 413  414    39   51
 311  306    39   62
 306  307    39  146
 307  305    39   95
 319  316    40  134
 316  318    40  150
 318  317    40  198
 317  314    40   70
 314  315    40  130
 315  313    40   89
 313  312    40  120
 312  331    40   61
 331  332    40   41
 419  418    40   52
 331  325    41   61
 325  326    41  192
 326  322    41  188
 322  330    41  107
 330  329    41  202
 329  323    41   80
 323  324    41  190
 324  321    41  173
 321  320    41   97
 320  328    41  144
 328  327    41  197
 327  344    41   60
 344  345    41   42
 344  336    42   60
 336  337    42  169
 337  333    42   94
 333  341    42  133
 341  340    42  187
 340  334    42   79
 334  339    42  135
 339  338    42  183
 338  335    42  105
 335  343    42  147
 343  342    42  203
 342  355    42   68
 355  423    42   43
 423  421    42   53
 346  347    43  138
 347  349    43  106
 349  348    43  149
 348  353    43   86
 353  354    43  185
 354  350    43  159
 350  352    43  118
 352  351    43  174
 351  367    43   73
 367  368    43   44
 422  423    43   53
 355  346    43   68
 367  361    44   73
 361  362    44  182
 362  356    44  128
 356  365    44   92
 365  366    44  209
 366  364    44  129
 364  363    44  208
 363  359    44   77
 359  360    44  176
 360  358    44  104
 358  357    44  141
 357  377    44   67
 377  430    44   45
 430  428    44   54
 377  369    45   67
 369  370    45  139
 370  374    45  111
 374  373    45  164
 373  371    45   87
 371  372    45  154
 372  376    45  113
 376  375    45  166
 375  388    45   64
 388  389    45   46
 429  430    45   54
 388  378    46   64
 378  386    46  123
 386  387    46  211
 387  383    46  177
 383  385    46  181
 385  384    46  204
 384  381    46   85
 381  382    46  165
 382  380    46  100
 380  379    46  162
 379  398    46   59
 398  435    46   47
 435  433    46   55
 390  396    47  114
 434  435    47   55
 398  391    47   59
 391  392    47  116
 392  394    47   88
 394  395    47  152
 395  393    47  136
 393  390    47   76
 400  399    48   56
 403  402    49   56
 416  415    50   51
 415  407    50   56
 411  415    51   56
 425  424    52   53
 424  417    52   56
 420  424    53   56
 427  426    54   56
 431  432    55   56
  65  233    58  140
 224   89    58  160
 379   91    59  162
  39  391    59  116
 327  157    60  197
 104  336    60  169
 143  325    61  192
 312   41    61  120
 294  103    62  168
  73  306    62  146
  52  232    63  131
 234   76    63  148
  44  378    64  123
 375   99    64  166
 276  197    65  213
  86  284    65  157
 253  201    66  215
  93  259    66  163
  62  369    67  139
 357   66    67  141
 342  171    68  203
  60  346    68  138
 222  211    69  126
 211  228    69  219
  50  314    70  130
 317  160    70  198
  70  293    71  143
 288  115    71  175
 175  272    72  205
 257   59    72  137
 126  361    73  182
 351  112    73  174
  55  179    74  134
 179  177    74  206
 247  148    75  179
 148  249    75  193
  37  390    76  114
 393   58    76  136
 117  359    77  176
 363  183    77  208
  68  268    78  142
 274  180    78  207
 340  135    79  187
  57  334    79  135
 138  323    80  190
 329  169    80  202
 295  123    81  172
 123  297    81  180
 265  189    82  210
 189  153    82  145
 153  261    82  195
 231   48    83  127
  36  150    83   98
 150  236    83  194
  83  282    84  155
 283   84    84  156
  97  381    85  165
 384  173    85  204
 348  133    86  149
 133  353    86  185
  81  371    87  154
 373   95    87  164
 392   40    88  116
  79  394    88  152
  42  313    89  120
 315   51    89  130
  46  164    90  125
 164  251    90  199
 245  108    90  171
  45  140    91  124
 140  142    91  191
 142  101    91  167
 356   49    92  128
 186  365    92  209
  90  168    93  160
 168  226    93  201
 221   38    93  115
 337  105    94  169
  54  333    94  133
 307   74    95  146
  43  305    95  121
 124  125    96  181
 125  119    96  177
  71  320    97  144
 321  111    97  173
  77  235    98  148
 237  150    98  194
 238  155    99  196
 199  240    99  214
  92  380   100  162
 382   98   100  165
 110  296   101  172
 299  130   101  184
 204  301   102  216
 298  195   102  180
 195  193   102  212
 166  263   103  200
 258  154   103  158
 154  151   103  195
  67  358   104  141
 360  118   104  176
  75  335   105  147
 338  128   105  183
 347   61   106  138
  78  349   106  149
 170  330   107  202
 322  145   107  188
 145  144   107  192
 202  203   108  215
 203  244   108  153
 248  137   108  189
 137   53   108  132
 285   87   109  157
  85  206   109  156
 206  290   109  217
 260   94   110  163
  72  190   110  145
 190  266   110  210
 370   63   111  139
  96  374   111  164
 116  289   112  175
 286  106   112  170
 100  376   113  166
 372   82   113  154
  47  223   114  126
 225  120   115  178
 198  208   117  213
 208  207   117  218
 207   69   117  142
 113  352   118  174
 350   88   118  159
 161  162   119  198
 162   56   119  134
 178  308   121  206
 102  269   122  167
 273  176   122  205
 191  386   123  211
 181  182   124  207
 182  141   124  161
 141  140   124  191
 121  165   125  179
 165  164   125  199
 210  211   126  219
 241  200   127  214
 362  127   128  182
 366  188   129  209
 188  185   129  151
 185  364   129  208
 109  246   131  171
 137  149   132  189
 149  146   132  193
 136  341   133  187
 309  179   134  206
 162  163   134  198
 163  316   134  150
 129  339   135  183
 395   80   136  152
 264  167   137  200
 156  239   140  196
 207  278   142  218
 131  300   143  184
 158  328   144  197
 152  153   145  195
 189  190   145  210
 172  343   147  203
 132  133   149  185
 163  318   150  198
 188  187   151  209
 184  185   151  208
 203  254   153  215
 107  287   155  170
 291  206   156  217
 262  154   158  195
 354  134   159  185
 227  168   160  201
 182  275   161  207
 270  141   161  191
 142  271   167  191
 302  205   168  216
 122  123   172  180
 324  139   173  190
 125  383   177  181
 387  192   177  211
 229  212   178  219
 147  148   179  193
 252  165   179  199
 194  195   180  212
 174  385   181  204
 209  277   186  213
 279  209   186  218
 326  145   188  192
 250  149   189  193
 209  208   213  218
