# POLYHEDRON:
# num_vertices   num_facets   num_edges
   126   65  189
# vertices:
#   id   x y z
   0   1.240834100416  2.723170835249 -4.766882012992
   1   2.575765711651 -1.728019218315 -4.764373720735
   2   2.570104369969 -1.723578970426 -4.758701601874
   3   2.175956091621 -2.514009116001 -4.770869260745
   4   2.173581299530 -2.508991505165 -4.765715732146
   5  -0.467002905552 -3.345377478054 -4.783018694968
   6  -1.237899369402 -2.932781887771 -4.787792738511
   7  -0.457986402604 -3.334000396700 -4.771896944897
   8  -2.554176956014  1.665420740448 -4.760888934051
   9  -1.236279011782 -2.927250799921 -4.783412896778
  10  -2.549752627910  1.666350264045 -4.756712912924
  11  -2.152731590688  2.406971153565 -4.750590812239
  12   0.481804004238  3.163842139145 -4.747023244835
  13  -2.151960917318  2.405157945468 -4.748755581076
  14   1.232433178802  2.719982669915 -4.758437004691
  15   0.483142234685  3.153904383169 -4.737716040556
  16   0.752292665277  2.145113209473 -4.169157182444
  17   1.873793908819 -1.517490406642 -4.186450659013
  18   1.865096427858 -1.512146045804 -4.180054973686
  19   1.604426063999 -2.039548984658 -4.186978164513
  20  -0.213358686528 -2.585250973694 -4.169596485266
  21   1.604339368218 -2.039426363779 -4.186871161360
  22  -0.213111095515 -2.580540141213 -4.166287135951
  23  -0.719097067218 -2.294339473495 -4.158910389818
  24  -1.810851151405  1.426390596050 -4.162062722316
  25  -0.715770276421 -2.291871973858 -4.155988536660
  26  -1.807720905576  1.426204966102 -4.159842419828
  27  -1.545590387607  1.926591584587 -4.159468083714
  28   0.251469749982  2.458283915202 -4.170933934134
  29  -1.537372810491  1.915535617396 -4.149838257341
  30   0.750841930342  2.144169139068 -4.167912142402
  31   0.250694055531  2.446895444914 -4.162918180772
  32   1.068414182794 -1.259212559457 -3.662550947945
  33   0.253797557904  1.518794179060 -3.676282783166
  34   1.065982650465 -1.259334564482 -3.661229682976
  35   0.949811873012 -1.525758694771 -3.673368047064
  36   0.044682377160 -1.794497358696 -3.662582729202
  37   0.938143789898 -1.508288682742 -3.661813036778
  38   0.357522868274 -1.056981511142 -3.314778091053
  39   0.044685492996 -1.791053218725 -3.660705102208
  40   0.319410375005 -1.037503537956 -3.297531377864
  41  -0.220451211361 -1.655013515291 -3.664113154746
  42  -1.060619432335  1.160611175858 -3.676600035870
  43  -0.213243116356 -1.651022068161 -3.659830284466
  44   0.317127642674 -1.034471274770 -3.296800444846
  45  -1.053689497571  1.161170235431 -3.672968789819
  46  -0.907164258873  1.423393870311 -3.666705398655
  47  -0.030718636227  1.665996408968 -3.660301959524
  48  -0.266988191762  0.937264843843 -3.303373665085
  49  -0.905620320504  1.421071278547 -3.665207252679
  50  -0.268505575820  0.938046741671 -3.304034610142
  51   0.239807409506  1.510818322223 -3.667503045601
  52  -0.030752762249  1.664911512589 -3.659720727248
  53  -0.263105773224  0.944360026755 -3.306600513963
  54   1.420846392579  3.009543352384 -6.731808273186
  55   2.881148054700 -1.907771901144 -6.739110779510
  56   2.495624589861 -2.654050574244 -6.735699411140
  57   2.886294948179 -1.907098412493 -6.736512853961
  58   2.497890476247 -2.659034419200 -6.733053110396
  59  -0.596249301130 -3.609412818947 -6.724137567263
  60  -0.595719633466 -3.613386843969 -6.722206990603
  61  -1.307974328845 -3.170638683382 -6.732638248841
  62  -2.787851325374  1.783735921771 -6.736136202812
  63  -1.313695174625 -3.184950275416 -6.725939404745
  64  -2.795762967780  1.789136566916 -6.731925339188
  65  -2.375338239160  2.516898130235 -6.730780709541
  66   0.662072698278  3.418389031530 -6.728912938391
  67  -2.378547619314  2.518159368424 -6.729278586296
  68   1.421410572236  3.010864795461 -6.731171928001
  69   0.663440630321  3.420340519407 -6.727862046961
  70   1.682899981944  3.296127410271 -6.501197763151
  71   3.235165666088 -1.994405803574 -6.522583476754
  72   2.764157639022 -2.925092973604 -6.513028543903
  73   3.239960698573 -1.993111437930 -6.519147914500
  74   2.764593356467 -2.926470395694 -6.512070700624
  75  -0.680444400000 -4.008485351879 -6.487776899691
  76  -1.593942733340 -3.493899208842 -6.476438679998
  77  -0.678083781927 -4.018417338040 -6.481020491528
  78  -3.202242136011  1.904404999621 -6.483047043504
  79  -1.604892886767 -3.497852773747 -6.468318256800
  80  -2.696070400356  2.793356684801 -6.478468124817
  81  -3.203681329407  1.905475600606 -6.481964066076
  82  -2.702555690911  2.811174642505 -6.465058323440
  83   0.777914929106  3.827569885154 -6.474192484119
  84   1.686033216174  3.303975620095 -6.496041663833
  85   0.777653474131  3.828810866826 -6.473296764299
  86   2.511145727990 -1.814936164651 -6.905288406331
  87   2.214883101116 -2.375079398779 -6.905462568195
  88  -0.495461452912 -3.192823961049 -6.904541825813
  89  -1.047026057627 -2.871397884371 -6.904069672870
  90  -2.418696191578  1.675698356067 -6.900707723773
  91  -2.083344658736  2.252817106725 -6.900543816001
  92   1.158910819709  2.715011976837 -6.901946492977
  93   0.561259521098  3.032492053573 -6.901452870166
  94   1.963323833209  3.522070273243 -6.028266697239
  95   3.612308408682 -2.032507147054 -6.003042315151
  96   3.002561339950 -3.202447367177 -5.997528178276
  97   3.614778420526 -2.050560033825 -6.182091534364
  98   3.019919596318 -3.192900493023 -6.184305744529
  99   3.615986546173 -2.026366988595 -6.010279922608
 100   3.617799366634 -2.044169316483 -6.177450489265
 101   3.000264940007 -3.207587127865 -6.003269566300
 102   3.017263543495 -3.197537750018 -6.180676454654
 103  -0.752031052785 -4.370652283747 -5.998131917825
 104  -0.753796859772 -4.370174575783 -6.168959378871
 105  -1.852894266945 -3.751011956474 -6.155338015606
 106  -0.746712842793 -4.373666358015 -6.004188014177
 107  -0.752295272144 -4.371016670311 -6.167720381267
 108  -1.876088952002 -3.735203857514 -5.970237170591
 109  -1.875259078463 -3.737860577831 -5.972511318789
 110  -1.871152674952 -3.740682577058 -6.140659557988
 111  -3.559766736007  1.976312447169 -6.002911982028
 112  -2.940449787935  3.089463402371 -5.969720475677
 113  -3.556812591397  1.984166043920 -6.163109940110
 114  -2.950092274375  3.074909587411 -6.145317816249
 115  -3.562741031025  1.971060845093 -6.009018947287
 116  -3.561320370027  1.975953209789 -6.156378380153
 117   0.808076916762  4.186562288315 -5.991707057309
 118  -2.939805968993  3.090642258948 -5.971051727703
 119  -2.943741520571  3.086188056552 -6.136386827557
 120   1.942035454317  3.541292527033 -6.188177437915
 121   0.841847614415  4.177493364232 -6.160185663804
 122   1.959653339636  3.533722232206 -6.037880170715
 123   1.957026482857  3.532834395007 -6.176426472020
 124   0.823480233592  4.190791667927 -6.005542996969
 125   0.823899202929  4.188126976137 -6.145062789951
# facets:
#   id   num_of_sides   plane_coeff  (ax + by + cz + d = 0)
#   indices_of_vertices
  0     6    0.773277530038  0.232241829935  0.590004740631  1.220539679332
       94 0 2 1 95 99
  1     7    0.239180675962 -0.769029318076  0.592778636748  0.374276011515
       96 3 7 5 103 106 101
  2     6   -0.783871138958 -0.227770018714  0.577639036150  1.127262608690
       108 6 9 8 111 115
  3     5   -0.225138546735  0.780921589613  0.582644064289  0.403584937386
       112 11 12 117 118
  4     6    0.656654226910  0.197633099170  0.727836784172  2.116524426193
       0 14 16 18 17 2
  5     5    0.203052732113 -0.653151956785  0.729494420355  1.396458703103
       4 19 20 7 3
  6     5   -0.652303682026 -0.190780515371  0.733554838693  2.144003908269
       9 23 24 10 8
  7     6   -0.189850507340  0.657399127488  0.729234648136  1.473257498500
       13 27 28 15 12 11
  8     5    0.574492550660  0.172418094101  0.800143930841  2.533882952930
       16 30 33 32 18
  9     6    0.179312948331 -0.571809224794  0.800550483730  1.897960103207
       21 35 36 22 20 19
 10     6   -0.576895749423 -0.168598324917  0.799228314772  2.522253108619
       25 41 42 26 24 23
 11     6   -0.165062604732  0.575170883872  0.801207083634  1.969356733027
       29 46 47 31 28 27
 12     9    0.467177647471  0.141308441110  0.872798355964  2.875466585362
       33 51 53 48 44 40 38 34 32
 13     6    0.150862519948 -0.473283532049  0.867895845345  2.322693389714
       37 38 40 39 36 35
 14     7   -0.451834602535 -0.130911658960  0.882444122594  2.917107067572
       43 44 48 50 45 42 41
 15     7   -0.136781059393  0.471146343668  0.871385141392  2.400402896282
       49 50 48 53 52 47 46
 16     7    0.671908177135  0.200218096081 -0.713058283383 -6.426431530619
       97 73 70 84 120 123 100
 17     6    0.207322377962 -0.673810686276 -0.709222525486 -7.163556322889
       77 74 98 102 107 104
 18     7   -0.680742518508 -0.203201946648 -0.703774532342 -6.355526974606
       113 81 78 79 105 110 116
 19     6   -0.198998586322  0.674800999667 -0.710663896290 -7.029271758828
       121 85 82 114 119 125
 20     6    0.545106247770  0.163260586865 -0.822316945842 -6.801532078820
       71 57 54 68 70 73
 21     6    0.160231751187 -0.528876022517 -0.833436223546 -7.418111269907
       60 58 72 74 77 75
 22     7   -0.548563488099 -0.164435292961 -0.819779930197 -6.758153574624
       78 64 62 61 63 76 79
 23     8   -0.164034211565  0.554374205329 -0.815942410898 -7.276869575472
       83 69 66 65 67 80 82 85
 24     5    0.433179359616  0.129966358553 -0.891888102873 -7.010640430544
       55 86 92 54 57
 25     6    0.126349978372 -0.419788208427 -0.898784480858 -7.483403347047
       87 56 58 60 59 88
 26     4   -0.435335512069 -0.130664072415 -0.890735590460 -6.980696742681
       89 61 62 90
 27     4   -0.127803275715  0.432459324679 -0.892549861473 -7.399589463486
       91 65 66 93
 28     8   -0.000515839882  0.000583754066 -0.999999696570 -6.902931485579
       93 92 86 87 88 89 90 91
 29     5    0.958214778001  0.285349926089 -0.019996472212 -3.006852470631
       100 123 122 94 99
 30     8    0.885372536831 -0.461159946123  0.058710945456 -3.783105256107
       96 101 102 98 97 100 99 95
 31     4    0.297056811109 -0.954516403831 -0.025606362304 -4.106665561351
       107 102 101 106
 32     7   -0.490788828062 -0.871274568650  0.002636716238 -4.161311250480
       110 105 104 107 106 103 109
 33     5   -0.958783884894 -0.283523188612 -0.018656462337 -2.969164266521
       116 110 109 108 115
 34     8   -0.873928930416  0.485992577306  0.007709694315 -4.025175699508
       112 118 119 114 113 116 115 111
 35     5   -0.280703584947  0.959603039038 -0.019170416457 -3.905471327117
       117 124 125 119 118
 36     6    0.500250982332  0.865749947118 -0.015032755637 -4.130404321014
       121 125 124 122 123 120
 37     5    0.674835353418 -0.348643779144  0.650418911964  0.758157856578
       95 1 4 3 96
 38     5   -0.362007905933 -0.668865378594  0.649283744876  0.698870372780
       103 5 6 108 109
 39     6   -0.679438896122  0.358933608317  0.639944881421  0.713523857128
       111 8 10 13 11 112
 40     8    0.397233124506  0.655254850991  0.642531652954  0.785601272667
       117 12 15 14 0 94 122 124
 41     6    0.555860349466 -0.287596705921  0.779940643020  1.787190039763
       2 17 21 19 4 1
 42     8   -0.293450732186 -0.539151058548  0.789431950105  1.835161622654
       7 20 22 25 23 9 6 5
 43     6   -0.543442070385  0.284094445243  0.789912059864  1.898341194303
       10 24 26 29 27 13
 44     6    0.327842434511  0.528727809046  0.782921606596  1.883308773182
       15 28 31 30 16 14
 45     7    0.472398649071 -0.244562633169  0.846775433520  2.288684410875
       18 32 34 37 35 21 17
 46     6   -0.248720806063 -0.463441518734  0.850505684487  2.294516286676
       22 36 39 43 41 25
 47     6   -0.465696857706  0.239875794746  0.851813383211  2.359447450209
       26 42 45 49 46 29
 48     6    0.278853884168  0.446682949047  0.850126375497  2.376113060042
       31 47 52 51 33 30
 49     3    0.383972420038 -0.199283862552  0.901582565701  2.640627856925
       34 38 37
 50     4   -0.196058593988 -0.366808966423  0.909402116709  2.680839563556
       39 40 44 43
 51     3   -0.374060048244  0.185974215685  0.908566272436  2.727044694033
       45 50 49
 52     3    0.234276866558  0.365859464017  0.900700395462  2.694392933457
       52 53 51
 53     6    0.607491579471 -0.314929809374 -0.729227808054 -7.349882991481
       74 72 71 73 97 98
 54     6   -0.337572818857 -0.582978791911 -0.739040134331 -7.361288993469
       79 76 75 77 104 105
 55     5   -0.587775264078  0.338929722472 -0.734606617288 -7.290560651865
       82 80 81 113 114
 56     5    0.326836835147  0.597421904447 -0.732300997731 -7.281982959259
       120 84 83 85 121
 57     6    0.462257545596 -0.242698401167 -0.852886538533 -7.542542483988
       58 56 55 57 71 72
 58     5   -0.263916193612 -0.449705367177 -0.853295567480 -7.518208944311
       63 59 60 75 76
 59     5   -0.449413188822  0.260298975648 -0.854559669648 -7.474995060156
       67 64 78 81 80
 60     5    0.245755955997  0.461801490630 -0.852257820934 -7.476435884367
       84 70 68 69 83
 61     4    0.361851305574 -0.191101310922 -0.912438448126 -7.556148677798
       86 55 56 87
 62     5   -0.203171488631 -0.347295886963 -0.915481792886 -7.530500600170
       88 59 63 61 89
 63     6   -0.348586884484  0.202816375236 -0.915069779799 -7.497613933754
       90 62 64 67 65 91
 64     6    0.189931626053  0.358964151490 -0.913822037034 -7.501856590703
       93 66 69 68 54 92
# edges:
#    vert1_id  vert2_id  facet1_id  facet2_id
  94    0     0   40
   0    2     0    4
   2    1     0   41
   1   95     0   37
  95   99     0   30
  99   94     0   29
  96    3     1   37
   3    7     1    5
   7    5     1   42
   5  103     1   38
 103  106     1   32
 106  101     1   31
 101   96     1   30
 108    6     2   38
   6    9     2   42
   9    8     2    6
   8  111     2   39
 111  115     2   34
 115  108     2   33
 112   11     3   39
  11   12     3    7
  12  117     3   40
 117  118     3   35
 118  112     3   34
   0   14     4   40
  14   16     4   44
  16   18     4    8
  18   17     4   45
  17    2     4   41
   4   19     5   41
  19   20     5    9
  20    7     5   42
   3    4     5   37
   9   23     6   42
  23   24     6   10
  24   10     6   43
  10    8     6   39
  13   27     7   43
  27   28     7   11
  28   15     7   44
  15   12     7   40
  11   13     7   39
  16   30     8   44
  30   33     8   48
  33   32     8   12
  32   18     8   45
  21   35     9   45
  35   36     9   13
  36   22     9   46
  22   20     9   42
  19   21     9   41
  25   41    10   46
  41   42    10   14
  42   26    10   47
  26   24    10   43
  23   25    10   42
  29   46    11   47
  46   47    11   15
  47   31    11   48
  31   28    11   44
  27   29    11   43
  33   51    12   48
  51   53    12   52
  53   48    12   15
  48   44    12   14
  44   40    12   50
  40   38    12   13
  38   34    12   49
  34   32    12   45
  37   38    13   49
  40   39    13   50
  39   36    13   46
  35   37    13   45
  43   44    14   50
  48   50    14   15
  50   45    14   51
  45   42    14   47
  41   43    14   46
  49   50    15   51
  53   52    15   52
  52   47    15   48
  46   49    15   47
  97   73    16   53
  73   70    16   20
  70   84    16   60
  84  120    16   56
 120  123    16   36
 123  100    16   29
 100   97    16   30
  77   74    17   21
  74   98    17   53
  98  102    17   30
 102  107    17   31
 107  104    17   32
 104   77    17   54
 113   81    18   55
  81   78    18   59
  78   79    18   22
  79  105    18   54
 105  110    18   32
 110  116    18   33
 116  113    18   34
 121   85    19   56
  85   82    19   23
  82  114    19   55
 114  119    19   34
 119  125    19   35
 125  121    19   36
  71   57    20   57
  57   54    20   24
  54   68    20   64
  68   70    20   60
  73   71    20   53
  60   58    21   25
  58   72    21   57
  72   74    21   53
  77   75    21   54
  75   60    21   58
  78   64    22   59
  64   62    22   63
  62   61    22   26
  61   63    22   62
  63   76    22   58
  76   79    22   54
  83   69    23   60
  69   66    23   64
  66   65    23   27
  65   67    23   63
  67   80    23   59
  80   82    23   55
  85   83    23   56
  55   86    24   61
  86   92    24   28
  92   54    24   64
  57   55    24   57
  87   56    25   61
  56   58    25   57
  60   59    25   58
  59   88    25   62
  88   87    25   28
  89   61    26   62
  62   90    26   63
  90   89    26   28
  91   65    27   63
  66   93    27   64
  93   91    27   28
  93   92    28   64
  86   87    28   61
  88   89    28   62
  90   91    28   63
 123  122    29   36
 122   94    29   40
  99  100    29   30
 101  102    30   31
  98   97    30   53
  95   96    30   37
 106  107    31   32
 105  104    32   54
 103  109    32   38
 109  110    32   33
 109  108    33   38
 115  116    33   34
 118  119    34   35
 114  113    34   55
 111  112    34   39
 117  124    35   40
 124  125    35   36
 124  122    36   40
 120  121    36   56
   1    4    37   41
   5    6    38   42
  10   13    39   43
  15   14    40   44
  17   21    41   45
  22   25    42   46
  26   29    43   47
  31   30    44   48
  34   37    45   49
  39   43    46   50
  45   49    47   51
  52   51    48   52
  72   71    53   57
  76   75    54   58
  80   81    55   59
  84   83    56   60
  56   55    57   61
  63   59    58   62
  67   64    59   63
  68   69    60   64
