# POLYHEDRON  
# vertices  sides  bones
  540  272  810
# VERTICES
# id  x y z
   0   0.433654027173040  0.542144578399138 -0.980621580948324
   1   0.419923893285031  0.532741810655232 -0.977155162591735
   2   0.449800117483191  0.530390500817361 -0.977155162591735
   3   0.474225950129671  0.371970797983162 -0.860506090687600
   4   0.501714136420178  0.408660316172827 -0.899519317282838
   5   0.373150816446810  0.418778468889770 -0.899519317282838
   6   0.975782396047127  0.166067685867722 -1.284474409404628
   7   0.986578787852329  0.149132912608045 -1.299043511335784
   8   1.020181937557237  0.385240948884032 -1.299043511335784
   9   1.005720705634622  0.376425213307883 -1.284474409404628
  10   1.002819015214641  0.169346069175091 -1.304809814302264
  11   1.031857251528818  0.373379352163963 -1.304809814302263
  12   1.041256403717084  0.256392523388286 -1.304599396328995
  13   1.050842311686666  0.323746623420460 -1.304599396328995
  14   1.068341081663908  0.299046545574934 -1.311054911663146
  15   1.272319379195278  2.358504551208362 -5.368865076104740
  16   1.299325650767318  2.345300703244672 -5.368892397608535
  17   2.402716610430876  1.133170874808915 -5.370111775207808
  18   2.415038134522842  1.096919492809795 -5.370128873846547
  19   2.333348323036754 -0.603777431187577 -5.370313039332861
  20   1.107099067930328 -1.786879163362335 -5.369345723351078
  21  -0.546331085710474 -1.720802716022067 -5.367786777223414
  22  -0.551615704007038 -1.718625621066689 -5.367781493252252
  23  -1.721965484083330 -0.492002733850318 -5.366497171781296
  24  -1.725855497033921 -0.482696029047323 -5.366492101335700
  25  -1.694824501450759  1.166635667022996 -5.366268355594160
  26  -1.678269053734714  1.205877189301831 -5.366277848548130
  27  -0.336969524656424  2.439267214655074 -5.367345227276486
  28  -0.330208705588919  2.442004581084027 -5.367351140749226
  29  -0.988796565418769  3.786111474031781 -4.358433436892904
  30  -0.986264502095020  3.787791793034340 -4.011074263894785
  31  -0.980648477572139  3.789813791637485 -4.011026654033697
  32  -0.921776147545188  3.810989675683051 -4.019819517771344
  33  -0.922920458807877  3.809827304919560 -4.358897437248594
  34  -0.946696643111197  3.801257846313759 -4.363192676357883
  35  -0.970466344627824  3.792701747508338 -4.362505697220707
  36   1.657544706888243  3.808853013687628 -4.372506403663756
  37   1.660129993817981  3.810486333046877 -4.052950623358615
  38   1.767504729678260  3.768108639017614 -4.036717133634309
  39   1.767593543963961  3.765296069247836 -4.370765744551734
  40   1.739891117399742  3.776213337991588 -4.376887412075991
  41   1.719037432662333  3.784456937811798 -4.378445924006112
  42   1.689502686539533  3.796146567085180 -4.378927493450699
  43   0.260372955005607  4.035415625210527 -4.324588301401745
  44   0.264269297899148  4.037379518252865 -4.021536694597373
  45   0.385290791119587  4.037508808317170 -4.001585729403795
  46   0.443516229477178  4.037434628386332 -4.013032558100069
  47   0.444831854301681  4.035245732054397 -4.350804797331191
  48   3.879257227285014  1.575785166673751 -4.019386066905691
  49   3.877443318672654  1.577489087763146 -4.321255958380698
  50   3.853513507868236  1.640663398254737 -4.336278656474324
  51   3.838938428368480  1.679225825254347 -4.337195217487713
  52   3.822250947186757  1.723474871812243 -4.328722536788412
  53   3.824070201206123  1.721821867423530 -4.020509723135932
  54   3.851545704993860  1.649261950584311 -4.005701709611327
  55  -3.059952483308353  1.819609953849637 -4.335675207027656
  56  -3.061310554353258  1.818774128473952 -4.047068882453072
  57  -3.003073419876987  1.942706662480797 -4.022811190234514
  58  -3.001461702446095  1.946131953410062 -4.022780637313101
  59  -2.989818621479603  1.970844816789114 -4.026995682560713
  60  -2.987298728518424  1.973955731110865 -4.342898148343531
  61  -3.017856593667466  1.908924708805769 -4.355884491218141
  62  -2.273966899365964  2.959125625887044 -4.327596979157613
  63  -2.272795680800564  2.961292884970424 -4.016701908387042
  64  -2.235739293954782  2.996121495140220 -4.007863112343444
  65  -2.200285104944588  3.029387717497905 -4.015866145717653
  66  -2.199162440541535  3.029353828542850 -4.332798864583363
  67  -2.224673338952598  3.005378513603198 -4.338328959444480
  68   3.006971683336436  2.946716324010316 -4.341321477225074
  69   3.011305881645187  2.944879576173173 -4.036011507719874
  70   3.081633275926909  2.874679810350721 -4.020409099803950
  71   3.107246757468057  2.849009148374239 -4.027399331308723
  72   3.106214896549164  2.847508287423009 -4.337021181961240
  73   3.053759418183139  2.899840944635804 -4.352035903163456
  74   1.977369900229437 -3.086972560495203 -4.332676051662727
  75   1.976249449062901 -3.089904418667043 -4.033970976935231
  76   1.884511623035782 -3.131444157606890 -4.019377471027819
  77   1.888700127849796 -3.126962155011479 -4.338382195112935
  78   1.900217099103997 -3.121737758134800 -4.341372374609429
  79   1.927252430549204 -3.109519736262879 -4.342739309236071
  80   3.841066053544242 -1.082811216888851 -4.312066270411678
  81   3.841824044991083 -1.086814687812365 -4.024997285651522
  82   3.802973164484891 -1.180946536304534 -4.008387280183768
  83   3.775353049385422 -1.247357575303831 -4.021665283736800
  84   3.776221260254505 -1.239522138686910 -4.304106756053609
  85   3.810228210815645 -1.157047219862305 -4.322554878310272
  86   3.820651927739331 -1.131871783547466 -4.323064584191329
  87  -3.093338155495078 -1.167026157560070 -4.326109192465432
  88  -3.094197582526669 -1.167935409569389 -4.041866602256614
  89  -3.106321975949181 -1.137377397233425 -4.035894591192440
  90  -3.121808617590213 -1.098267409631014 -4.035451214258954
  91  -3.140406118283724 -1.051204113552012 -4.043883773468488
  92  -3.139949587610764 -1.049287850489057 -4.327149115995687
  93  -3.117515614734013 -1.105828681269076 -4.338308407887562
  94  -3.114129551199564 -1.114382126641319 -4.338195342541331
  95  -3.386260942573620  0.331638459530146 -4.325124693146503
  96  -3.386525310794235  0.330871252902143 -4.032625991752550
  97  -3.385186609034657  0.373680682111856 -4.024543729816585
  98  -3.384135399236762  0.406973104250291 -4.030574039035304
  99  -3.383846883445037  0.408621436026432 -4.318759480347353
 100  -3.385698914347696  0.349435573029364 -4.328450003238681
 101  -0.969082265982951 -3.209913189335929 -4.329966718344390
 102  -0.969503274739910 -3.211444295152210 -4.053342489498453
 103  -1.086407956766138 -3.167373092106618 -4.036420380390886
 104  -1.086416721622265 -3.165600920609835 -4.325919722114804
 105  -1.045053992513897 -3.181167763842498 -4.336202700740849
 106  -1.002739493497336 -3.197151343429322 -4.337141673395396
 107   2.940796982160261 -2.420621460062644 -4.296325119176863
 108   2.945104965941936 -2.419188436775171 -4.014744094670325
 109   2.852185188411547 -2.503590162734525 -4.031587970264109
 110   2.846724990368561 -2.506218108945864 -4.296582986062255
 111   2.907628944695730 -2.450726628034700 -4.304864912923009
 112  -2.198625223407743 -2.452911466470738 -4.267622774241721
 113  -2.196567470750134 -2.455240238329781 -4.051418108125531
 114  -2.281929355847653 -2.369902924108558 -4.031816773321353
 115  -2.297024589766990 -2.354803053822849 -4.035515419166797
 116  -2.299289294769832 -2.352220355158568 -4.289193804442104
 117   0.477096271943269 -3.451482128459949 -4.252708402310869
 118   0.480589828394224 -3.453099424537679 -4.031961822286917
 119   0.376276523187339 -3.454839180499735 -4.018619209357533
 120   0.362437531787823 -3.455036091334539 -4.021324047128743
 121   0.358436958296117 -3.453228752265191 -4.268209935139867
 122   4.103884869040987  0.342761827686286 -4.243905564206417
 123   4.105385631120440  0.339832789427319 -4.033368124873235
 124   4.103447938931740  0.206066524015642 -4.011089531021118
 125   4.102137762473710  0.128998007686910 -4.024631147197146
 126   4.100408089189429  0.127780497569474 -4.257460218631982
 127   4.101091083701280  0.174114750711353 -4.263569292070470
 128   3.469722020226215 -1.799331329288299 -4.234576510358051
 129   3.474268964620588 -1.794707513262215 -4.076313997996793
 130   3.402072525987668 -1.897449441186296 -4.074874719681501
 131   3.398848662242283 -1.900185647201554 -4.233570793331777
 132   1.325383036761490 -3.320826469557887 -4.246964021102473
 133   1.312926468649337 -3.325957208731434 -4.039247063592504
 134   1.126131419469435 -3.370673572225755 -4.051782796144195
 135   1.144235245212285 -3.364447590516844 -4.234212452213399
 136  -1.667937248351692 -2.862653481689012 -4.243739945732025
 137  -1.665248495470723 -2.864882063360745 -4.085451169557058
 138  -1.705033616626861 -2.839629118213382 -4.086827056159632
 139  -1.704797934676205 -2.839267926933269 -4.241634032551644
 140   3.494998161842430  2.351991514639139 -4.277409622033432
 141   3.493993657521333  2.354466035310759 -4.079968048342097
 142   3.516045839918381  2.320893192820940 -4.080302906478817
 143   3.516651364186015  2.319031235344421 -4.276663791280754
 144   2.456822710223889  3.399065931439897 -4.084866599366841
 145   2.455866293792778  3.399025934081564 -4.289027072714834
 146   2.358410373959553  3.463034059320178 -4.291608291848422
 147   2.358651876981393  3.463562714712483 -4.081628419530096
 148  -3.338836417746816 -0.304533957743409 -4.094291008970036
 149  -3.338542778816963 -0.306267001224055 -4.266804693300957
 150  -3.313239974021029 -0.451245451619274 -4.266518048875785
 151  -3.312614364266370 -0.454780043362919 -4.095975368894363
 152  -1.521066826328093  3.530498299979990 -4.067191226933421
 153  -1.522130737138428  3.529941823641398 -4.288676015818798
 154  -1.627473843772885  3.467640466808081 -4.283750275854301
 155  -1.627440401508572  3.467590332726780 -4.070814907121510
 156  -3.262094933706056  1.249048702591588 -4.101034421976505
 157  -3.264425695533751  1.240628623908252 -4.265303501173927
 158  -3.285333582649122  1.159186020113666 -4.262366057860170
 159  -3.284686189845087  1.161065965814226 -4.102132644538164
 160  -2.720937843416170 -1.853173559463676 -4.243887619333712
 161  -2.721797864941816 -1.851648139400016 -4.101623871580077
 162  -2.803616904169658 -1.727089524622570 -4.100944902121880
 163  -2.801987044071176 -1.729794514229553 -4.248211993581493
 164   4.045972987351093 -0.328169585121378 -4.239668964244741
 165   4.046956546069215 -0.328250904073904 -4.062784902817167
 166   4.018476514607987 -0.477455807362777 -4.065914047267366
 167   4.017598955506911 -0.476804032252534 -4.243297512089638
 168  -0.229001047668172 -3.403218647761141 -4.249910646679262
 169  -0.230182680374153 -3.403455098782480 -4.084963985866970
 170  -0.389449731185377 -3.375645198435073 -4.089938418947479
 171  -0.386513585402740 -3.375715159025750 -4.254810535009351
 172  -2.629554004911456  2.550470119144749 -4.063452317180442
 173  -2.629851559134138  2.550349958854450 -4.290543051639548
 174  -2.718648884979511  2.428133063453995 -4.292221175470186
 175  -2.719259161831378  2.427003492803946 -4.064966697782001
 176   0.981552528255902  3.989293938799236 -4.314924039304580
 177   0.983125819908133  3.990316377467605 -4.078070226283464
 178   1.124193162881221  3.963383548139593 -4.082152425510383
 179   1.121295118943581  3.962622720310256 -4.317412213141519
 180   4.038493630121479  1.004247462518553 -4.235217394274918
 181   4.038979816130239  1.005808181089641 -4.075775652827905
 182   4.066575189447861  0.847677862228726 -4.076361085587683
 183   4.066147577696293  0.846034408415646 -4.226526348417133
 184  -0.390192193365588  3.960760985511205 -4.299348303540579
 185  -0.390039225101777  3.961830501174896 -4.063822361794781
 186  -0.256544057150237  3.985136719581437 -4.062109952316806
 187  -0.256765288406534  3.984056366490567 -4.297392789827125
 188   2.495356826435684 -2.787575542652089 -4.277121541799979
 189   2.495512456952679 -2.788814545305461 -4.067288950034682
 190   2.364243185317269 -2.875047855071714 -4.066426106137366
 191   2.365890811827883 -2.872577530962600 -4.283580910978578
 192  -3.345591067501138  0.839573211512222 -4.087536385160903
 193  -3.345428822462857  0.842215783188107 -4.269791761771391
 194  -3.362363114034392  0.708246368191637 -4.280433163802785
 195  -3.362968996144760  0.701910408294981 -4.073805077469165
 196   3.711732514668825  1.971442612151054 -4.057743217742979
 197   3.710246547933897  1.973023258083900 -4.294630619804013
 198   3.681921717755020  2.028642209154044 -4.289604286529120
 199   3.682724082300518  2.028341770400056 -4.063612671397156
 200   3.197743013167064 -2.153187568002614 -4.248204731969175
 201   3.196482783183854 -2.156564417824668 -4.053706712685755
 202   3.102434767129175 -2.260099371336945 -4.036371341087138
 203   3.101538998195272 -2.258759258446772 -4.263353633733487
 204   2.802486633772336  3.134022535815556 -4.067925884667855
 205   2.797924284881675  3.136588493984835 -4.307936036932726
 206   2.695976116093140  3.220978734459468 -4.297730475539021
 207   2.699846575368528  3.218885281208836 -4.077558399661243
 208  -2.026092793167204 -2.604757406812328 -4.075427895645741
 209  -2.024772216626594 -2.605168348681667 -4.246425327660254
 210  -1.915656540249665 -2.689825848914183 -4.241210752720237
 211  -1.915154917359891 -2.690782872070313 -4.082891095823273
 212   3.622669890251434 -1.553376480308969 -4.063893788847279
 213   3.620915102482416 -1.552751036574521 -4.253289076228949
 214   3.676882364796141 -1.446741645088203 -4.267981794214033
 215   3.677651409357596 -1.449780710360979 -4.052055588824549
 216   0.723593432464039 -3.437261320506181 -4.052724248497473
 217   0.703040982525822 -3.437275772954788 -4.232866079317192
 218   0.807900936934495 -3.424076676198932 -4.229531328736011
 219   0.818940786173880 -3.425173106479132 -4.055727310055461
 220  -1.971583992084797  3.226691042370929 -4.295978996674426
 221  -1.978479295351856  3.221464655914088 -4.053921214245644
 222  -1.897258698979473  3.284461549091023 -4.062361015512566
 223  -1.894318883802590  3.286627616879822 -4.288819656973489
 224  -3.382700933184071  0.132392590857565 -4.061442143419532
 225  -3.382443462219996  0.131766504907413 -4.296865072343816
 226  -3.373875171422464 -0.004627765464780 -4.282929174355978
 227  -3.374103844263811 -0.004038409296268 -4.076099813553692
 228  -2.923780953402327 -1.522838586934861 -4.265979117769218
 229  -2.928101964206285 -1.515772651605018 -4.089331473109574
 230  -2.999203799575588 -1.376353303705197 -4.073613784676641
 231  -2.997568132684856 -1.377854827878333 -4.286992350778503
 232   2.027655282346446  3.648309151933503 -4.324031977951223
 233   2.005311261078991  3.661082076792374 -4.044115935343090
 234   2.133791521910617  3.595527264876816 -4.062436359608985
 235   2.140098772878686  3.591092173462605 -4.308737962838895
 236   3.901566482814462 -0.920418057031740 -4.046408124192958
 237   3.900985076597593 -0.916999429839468 -4.282945148149185
 238   3.948202399453877 -0.763959355714119 -4.263240143582522
 239   3.948371701520295 -0.767993341711092 -4.058972333482614
 240  -3.226621808461571 -0.798835135735565 -4.289110262203899
 241  -3.226333912828319 -0.802073784341758 -4.077719428562180
 242  -3.263013673438915 -0.667892366961969 -4.087658585954433
 243  -3.264023591859745 -0.662240258983702 -4.277215766487453
 244  -3.141078692218204  1.621236035499171 -4.074507689577393
 245  -3.140774209040711  1.619977591704930 -4.302264841642204
 246  -3.184513830078801  1.498629624327247 -4.286731929262430
 247  -3.184114574981880  1.501587664525804 -4.086588191379276
 248   4.004511379490461  1.160183391424710 -4.068422436120563
 249   4.003188266710874  1.161828735951288 -4.250831398911993
 250   3.964830864819139  1.301687216041727 -4.270984477687071
 251   3.966496967106487  1.299366000190210 -4.055542882009243
 252  -2.608245573119842 -2.006851668465089 -4.093994711226957
 253  -2.609548625275311 -2.005425609501670 -4.246996614164038
 254  -2.546711622503833 -2.081389262109151 -4.253939808198558
 255  -2.544763552908478 -2.083579347567162 -4.084858028753859
 256  -1.307482021432582  3.644110138527989 -4.308378269840510
 257  -1.300739219858250  3.647718708588188 -4.049891107261084
 258  -1.135736948943611  3.725397476227936 -4.029365957530981
 259  -1.136867673185507  3.724355374537854 -4.331982556841419
 260   3.304398399276804  2.618295746621820 -4.064794504572427
 261   3.306349940305621  2.614366189787996 -4.295804516972996
 262   3.241735040228364  2.694949215521709 -4.306561841056110
 263   3.238340449545231  2.700813853683613 -4.054848507751451
 264  -1.308320233094011 -3.066918689245224 -4.282007420318990
 265  -1.306828092159741 -3.068975065666010 -4.056110524856218
 266  -1.335048321065243 -3.054575949529660 -4.059629683910080
 267  -1.340295624344149 -3.050654013510098 -4.277197020599752
 268   0.054950405374598 -3.439368657305539 -4.063993371062198
 269   0.042772898278023 -3.437515614553157 -4.253167551165461
 270   0.144742649376016 -3.445514532480430 -4.258723511136613
 271   0.157741108854786 -3.447513960774203 -4.052257969325539
 272  -0.605110872512304 -3.324951890691869 -4.272819715813105
 273  -0.611114458519793 -3.324260263051198 -4.085835394060155
 274  -0.701185905525069 -3.299644500344119 -4.080919344573467
 275  -0.697927858304756 -3.299503531223587 -4.283932462015007
 276   0.699249259395773  4.023185793367707 -4.327602129356376
 277   0.696349337886296  4.025042262242563 -4.052067638535070
 278   0.826752724148663  4.012630456389394 -4.066878574474933
 279   0.829286351735599  4.010944349255502 -4.318777165255112
 280  -2.414188094822066  2.812503423029964 -4.042354661886450
 281  -2.418952549335073  2.806814830244976 -4.304819000338444
 282  -2.489591801630446  2.726698893234283 -4.296912363375699
 283  -2.485603373411373  2.731487877814413 -4.052333736249600
 284  -2.879538809933221  2.175441365438888 -4.312141567004913
 285  -2.884014432997361  2.168085261778857 -4.051419656582619
 286  -2.810076185343004  2.288743197990809 -4.059764813024578
 287  -2.808576317909758  2.291239383772273 -4.301008310583851
 288   1.442786730838018  3.883946567197313 -4.074919338982694
 289   1.437257195617783  3.883746306757018 -4.339488067947975
 290   1.275172924463899  3.928183662626549 -4.324642783105217
 291   1.277532978421140  3.929107934412432 -4.082169806966147
 292   1.674125782016997 -3.214305146397888 -4.291557857504123
 293   1.674026555910985 -3.216932228557690 -3.995239353541314
 294   1.570663542225669 -3.252180101878738 -4.011374054087198
 295   1.568674343878806 -3.250558712534807 -4.274477797916862
 296   4.099085581518056  0.535129264057536 -4.057670887744187
 297   4.097774453636935  0.540311782558926 -4.229282708876093
 298   4.088909097970514  0.653193456852912 -4.225744138642573
 299   4.090069804887150  0.649059151982415 -4.067037526354115
 300  -0.644957914644468  3.899585890192867 -4.317995277610710
 301  -0.638482852711136  3.902301873557672 -4.052855726463862
 302  -0.516903245028876  3.933489728312536 -4.060024339586938
 303  -0.520043060126614  3.931702430667219 -4.306957237433285
 304   0.029370012636005  4.021495880303219 -4.304380911929464
 305   0.033411867559687  4.023139638215057 -4.047334381203814
 306   0.135127650235613  4.031195413121173 -4.037528951337199
 307   0.128902169152498  4.029292616287287 -4.311480531393871
 308   2.575412121952379 -2.730787326821490 -4.063675107801466
 309   2.574648833214198 -2.729965908273953 -4.277217656359490
 310   2.686528717867891 -2.643155378018260 -4.281386729778353
 311   2.689604430453140 -2.642272489979813 -4.054339091837802
 312   4.091851003070723 -0.009621052106129 -4.245138061763248
 313   4.093441332450975 -0.007168648867917 -4.042877781524497
 314   4.086846355352744 -0.066581992296559 -4.048347119121551
 315   4.085143944120486 -0.070542998528164 -4.242258532906138
 316   2.196042842760025 -2.974801902603388 -4.298838638471698
 317   2.192982661918421 -2.978293156295449 -4.058382304676524
 318   2.060518255723692 -3.048533764859234 -4.044975691366642
 319   2.061875616459663 -3.045689987312307 -4.318091493693567
 320   3.254138454632967 -2.088974949468272 -4.062233201190349
 321   3.255049912192264 -2.086156670400937 -4.241365138760012
 322   3.320504557788561 -2.004504029743912 -4.236236936061211
 323   3.321367169953868 -2.004991273648431 -4.069536855560544
 324  -3.306985400314489  1.061294832826160 -4.100524505152944
 325  -3.307326188426865  1.060792613606910 -4.261712697446281
 326  -3.327786101177753  0.953557101000304 -4.264110723176664
 327  -3.327642896338197  0.952966186982521 -4.095722531195951
 328  -1.807686097755122  3.349569380339283 -4.284015863146700
 329  -1.808583971144511  3.348888303344458 -4.068316344235632
 330  -1.725346878914154  3.405457048238788 -4.070980309037651
 331  -1.725316361934766  3.405547255210827 -4.282373269138382
 332  -2.095407087372163  3.120884513026283 -4.314830304660750
 333  -2.100420683335768  3.117371071178839 -4.034126065215183
 334  -2.365843091529229 -2.283548601236665 -4.282548257338435
 335  -2.363903507986140 -2.285774492923772 -4.050869039203901
 336  -2.447634307200158 -2.193748827525392 -4.067372384368378
 337  -2.450611006880520 -2.190395676219561 -4.268307178403016
 338   3.532465964770982 -1.706136809174957 -4.074540009507504
 339   3.528399628176377 -1.709946062824728 -4.238511685570474
 340   3.571899953943358 -1.638865948507420 -4.243967014145042
 341   3.575193661217449 -1.636474750439989 -4.070873232011873
 342   3.761601252205606  1.863801495105921 -4.307766895296427
 343   3.763908713365009  1.860660675532626 -4.043004585701703
 344   3.923503487667609  1.439366109013649 -4.038303583170091
 345   3.921248334758345  1.442999820657597 -4.295673372210375
 346   2.272772578764531  3.516207833569512 -4.075975189257430
 347   2.273697882521418  3.514929781527147 -4.296622903595022
 348   3.571357011388314  2.229755293108877 -4.277661414251811
 349   3.571755602700962  2.229992777026286 -4.078133399234276
 350   3.629753563728134  2.128338447023718 -4.072396611711428
 351   3.628695672468349  2.129209304793459 -4.282054404189388
 352   2.602426753603023  3.294429525642177 -4.082964754270150
 353   2.600042418681995  3.295416979075454 -4.291809091950743
 354   2.552763289884374  3.330923013709770 -4.289764079956429
 355   2.554281299990177  3.330571308583641 -4.084745842277302
 356  -1.130968095453065 -3.148142517423097 -4.027855256007740
 357  -1.138160641083385 -3.145030156177774 -4.027833779846326
 358  -1.230298836671330 -3.105057084902263 -4.044419722211177
 359  -1.231053413868931 -3.103194546904348 -4.295877152736192
 360  -1.553022752944097 -2.933674814371878 -4.079803260172983
 361  -1.555335243190656 -2.931625755784394 -4.252002570296820
 362  -1.426067457395664 -3.005301269913992 -4.265572387525594
 363  -1.421185206329726 -3.008918847572631 -4.069135880932621
 364  -3.361685691615758 -0.135315617851631 -4.086626303894489
 365  -3.361330126024814 -0.137427172678336 -4.273130083218802
 366  -3.357044590753435 -0.176258812888337 -4.270818400101920
 367  -3.357405134755218 -0.174073087592695 -4.089203995455959
 368  -2.097283531597983 -2.545156861610337 -4.252675374176748
 369  -2.093104361132849 -2.549348525465092 -4.068425534042033
 370  -3.190181597020042 -0.910021395901320 -4.304170050937480
 371  -3.190148815970955 -0.912807676015841 -4.064413028538615
 372  -3.195123587087946 -0.898255809267540 -4.066351140379292
 373  -3.195262901879984 -0.895204907722606 -4.301961086033602
 374  -2.856411267889956 -1.640984104846429 -4.254233008002211
 375  -2.860536452329439 -1.634204188326977 -4.097448174658373
 376   0.590355985780583 -3.447833921791456 -4.042994167471920
 377   0.585154061539247 -3.446475692934523 -4.241629195440051
 378  -2.950092644083934  2.047049521469337 -4.330373623813854
 379  -2.955815003300764  2.037525382923326 -4.036516234711596
 380   0.945866365146516 -3.407074535855029 -4.057967636994996
 381   0.948810402859974 -3.404059952972117 -4.227077440417037
 382   1.007382647828033 -3.392864412005765 -4.228613966361381
 383   0.997612069276183 -3.397221694651434 -4.056714311658510
 384   1.574328802398850  3.841294250617734 -4.063221466831921
 385   1.570333844242308  3.840369005319832 -4.357781736164710
 386  -0.803637352498098  3.850711733172572 -4.339231454530999
 387  -0.799641335014047  3.852768598015603 -4.036175497080953
 388   3.378911174077692  2.517776414434879 -4.286650865085290
 389   3.377403542550508  2.521016080564339 -4.072772578535116
 390   3.430470528418798  2.447950412960827 -4.077405673510465
 391   3.431324269802361  2.445665860991070 -4.281162648206678
 392  -0.115682886173895 -3.419767456804131 -4.078187055372220
 393  -0.115760375155233 -3.419335841247187 -4.249641935923766
 394  -0.072636062694897 -3.424782447143691 -4.250154761413328
 395  -0.070122141729344 -3.425531307192486 -4.074858217753720
 396   1.911058141175749  3.705564421942935 -4.027980794267742
 397   1.914400512078139  3.701451697946255 -4.342758539180188
 398   1.885232492731485  3.714578243479212 -4.347996020723143
 399   1.884654577937576  3.717526555848055 -4.023088150114142
 400   2.901294575641541  3.045367137510174 -4.322469916582128
 401   2.907378611135552  3.041633218809566 -4.053851132288251
 402   2.931831135576197  3.019408587244678 -4.050057092094385
 403   2.926080113371108  3.022787140094121 -4.326478546295581
 404   3.978489104475365 -0.657771288139375 -4.064739693904581
 405   3.977994964026306 -0.655299354471705 -4.252560048896737
 406   3.996846420976294 -0.576906696815881 -4.247198810229714
 407   3.997784001743324 -0.577358239656393 -4.066564644839845
 408  -3.221820040419988  1.385471038825467 -4.094821379055567
 409  -3.224120326109821  1.376835180126994 -4.274947719617035
 410  -3.237116055988765  1.334613991421830 -4.271513369614993
 411  -3.233457858724189  1.347628057269742 -4.096945271086297
 412   1.780359965549587 -3.172049266696628 -4.313862617158786
 413   1.778266468354372 -3.175623169893575 -3.999539940008860
 414   1.721814111676109 -3.198072974462514 -3.988234130782486
 415   1.709031805057051 -3.203134617415028 -3.988145990255078
 416  -3.371951905296734  0.606885454577087 -4.061736588444351
 417  -3.371547725238644  0.611079603451133 -4.290896762311656
 418  -3.378449357524262  0.523342167853710 -4.301578399671264
 419  -3.378787482530217  0.520081341438685 -4.049534126365392
 420  -0.162230332102760  3.999029307474371 -4.297375944908213
 421  -0.161453335102888  4.000208981830036 -4.059550424785998
 422  -0.076011509905964  4.011024121142943 -4.054860696615160
 423  -0.077722902440494  4.009694098086149 -4.299790545938112
 424   1.466535789004670 -3.282094047592861 -4.261116993464910
 425   1.467880534696512 -3.283690404831817 -4.024318553962908
 426  -0.499172803002444 -3.351123583246166 -4.088702003510559
 427  -0.494404703186917 -3.351569904658709 -4.262889643006150
 428   3.731992282140362 -1.339196177532263 -4.036173928167207
 429   3.732397329682961 -1.333013945610118 -4.287075861017100
 430  -1.784783748852165 -2.784916002563938 -4.239739979286857
 431  -1.786004169398264 -2.784601014918157 -4.086997034523607
 432   3.184045156907118  2.764462393569107 -4.044604617466008
 433   3.187847220288643  2.757961267202980 -4.317546036395574
 434   4.070819192024141 -0.171271984919586 -4.240367299762738
 435   4.072301147414511 -0.168513415729721 -4.054855488089894
 436  -0.813156593376303 -3.263957035109672 -4.301247194167193
 437  -0.815928965879004 -3.264399229264314 -4.071276594915835
 438  -0.879390462499219 -3.243816019016345 -4.064995613448453
 439  -0.877680543429035 -3.242929475832514 -4.311942174846359
 440  -3.293582640032075 -0.539171373155928 -4.270211669604603
 441  -3.291680888111022 -0.548443577425881 -4.093067554603951
 442  -3.097707527449577  1.728596954461180 -4.319638398779225
 443  -3.098725080433485  1.728334634305022 -4.060399929910556
 444  -2.678034082266437 -1.913913988085899 -4.099872072354461
 445  -2.678189873672412 -1.913997643607876 -4.243828964472080
 446   0.568464924272429  4.033197886236124 -4.033992103834707
 447   0.571503642735623  4.031148329178487 -4.339870525931540
 448   0.559684972209610  4.031697575308393 -4.341171574857610
 449   0.557212409816749  4.033739423274933 -4.032245985216607
 450  -1.397954359946771  3.598178920567852 -4.059158069587600
 451  -1.402688651279228  3.595606865226876 -4.298023950293890
 452  -2.335299931001935  2.895866512277782 -4.317327822505667
 453  -2.328789163345361  2.903479031671086 -4.027423904629899
 454   3.000450588610373 -2.365561080200652 -4.014098808169958
 455   2.999425201701382 -2.363935924116732 -4.283059868855323
 456  -2.542261678358077  2.663000512828807 -4.058111666327401
 457  -2.545265319682005  2.659400645670503 -4.292925636622472
 458   4.078696601283653  0.751853909686675 -4.072571313894197
 459   4.077798349324839  0.753844669938245 -4.225462740652238
 460   2.277988169445808 -2.926395710583007 -4.290810534085969
 461   2.275150753334067 -2.929667342410974 -4.062921258202304
 462  -3.057305113866076 -1.253042702924367 -4.056216965776432
 463  -3.056037683371561 -1.253400339133648 -4.308646227112624
 464   0.285291173898120 -3.452064460781220 -4.270364719191135
 465   0.287929807504084 -3.453776982496648 -4.033869774270013
 466  -3.386513960586299  0.253202531981144 -4.045183934890128
 467  -3.386272059822734  0.254107410902797 -4.312824497149826
 468  -1.049350522947946  3.762804312576260 -4.016177428776071
 469  -1.050468276576601  3.761717372597428 -4.346412586506105
 470   1.855114002052039  3.730330222502055 -4.020641556519251
 471   1.874200530699883  3.722067723125647 -4.021005317344645
 472   2.975608633264373 -2.389695159077125 -4.007880209244441
 473   0.460526153351761  4.034735521250809 -4.353478220388546
 474   0.320339082691550 -3.452587542939763 -4.274255807636163
 475  -1.017504535793476  3.775424227605843 -4.010439351591124
 476  -2.314873467250242 -2.336135145132467 -4.292901913733743
 477   0.458452825376668  0.284587807887214 -0.831302174833483
 478   0.472737472424829  0.316716013686551 -0.831302174833483
 479   0.419179397128957  0.288907531921687 -0.831302174833483
 480   0.443428595229852  0.278507321527265 -0.831302174833483
 481   1.270587121603230  2.360823661807375 -5.368041283472860
 482   1.585457228888206  2.723109563278137 -5.080104769217042
 483   1.952415497894229  2.761273434558108 -4.958985028393026
 484   2.464163460354966  2.415895033365402 -5.012647267760447
 485   2.502412889725416  2.365291491589216 -5.030499906238222
 486   2.499792107308862  2.348795293081801 -5.040423939657662
 487   0.425290729204945  3.238533445860206 -5.059728588102462
 488   0.440506216878831  3.257418025656819 -5.045009426523280
 489   0.519383563880238  3.281189173426867 -5.012024337415921
 490   0.446592760447060  1.213009206058305 -1.516723728729268
 491   1.096061979510191  0.941237600022499 -1.536533197702255
 492   1.120554030792622  0.957785952431219 -1.561719030706286
 493   3.845629959862837  1.646989462937743 -4.000023876568173
 494   1.290960127328396  0.295136222910733 -1.491223446700856
 495   1.275804928895601  0.292891821567037 -1.478164960962163
 496   3.795715787034552 -1.177675404057789 -4.001304594263549
 497   0.998375384762078 -0.302476190097598 -1.468051998304797
 498   1.026739901760654 -0.345601245144052 -1.511212875070764
 499   0.430454760633815 -0.542396485770986 -1.476016338856228
 500   0.429547393159773 -0.536632744006484 -1.471170259914293
 501  -0.134211095644861 -0.247617746008625 -1.434368185546839
 502  -0.149600173781590 -0.258493586164362 -1.449844497471218
 503  -0.386814774832141  0.343580342148352 -1.442089328671533
 504  -0.413767034927720  0.348422546588379 -1.464563175897964
 505  -0.162471122514243  0.942435764786194 -1.480993767004710
 506  -0.153330487743344  0.935653211419000 -1.471554609161295
 507   0.444967661611415  1.202800658470675 -1.508048887762539
 508   0.957958940739320  0.302321196179638 -1.222143203634138
 509   3.218038052965192  0.207563196201176 -5.051728689437461
 510   3.210715621886721  0.202497151907736 -5.057489860745419
 511   3.197767605840865  0.203242711293218 -5.065572521735567
 512   2.509533193838854  2.328002844228441 -5.042951661549313
 513   2.338052572096080 -0.605748915499340 -5.368542521970202
 514   2.352250518029020 -1.885462267709408 -5.011540856843210
 515   2.339203192145277 -1.883203211640030 -5.020095955678977
 516   1.108305408717707 -1.790329754110894 -5.368089088376673
 517   2.337924831078123 -1.883949429182589 -5.020227713732456
 518   0.317468373293131 -2.562270835882447 -5.066329856451429
 519   0.314034412516763 -2.557501487603762 -5.070147977604639
 520   0.314219571204222 -2.550240348686185 -5.074689764626925
 521  -1.694020500416019 -1.746328058339399 -5.058186326969412
 522  -1.690841867573657 -1.743085212057973 -5.061007243586255
 523  -2.595318848569120  0.310824216051078 -5.031260528072938
 524  -1.718097545493043 -1.751057466588576 -5.041969118914331
 525  -2.597561190719952  0.317830730984203 -5.030359932830708
 526  -2.609490839979068  0.325832065694203 -5.020928008812244
 527  -3.009256498362156  1.904935400587776 -4.364270628110395
 528  -1.702248457140031  2.409250261896361 -5.038861641180470
 529  -1.700331521703919  2.412607362664744 -5.038437193623762
 530  -1.707788976445072  2.454609591597433 -5.010345835957605
 531   0.413853961813520  3.235053196027786 -5.061221358263594
 532   0.404458580941421  0.377461609018940 -0.860506090687600
 533   0.454316161603854  0.364264119666844 -0.847194508090070
 534   0.469368502198422  0.345230160822645 -0.837565496625576
 535   0.468371017722551  0.327978075178623 -0.831302174833483
 536   0.413340453056341  0.303130822482876 -0.831302174833483
 537   0.379341375360325  0.333125896015717 -0.848206301158048
 538   0.377919600274501  0.377622120317713 -0.865032865089259
 539   0.392705751407975  0.382066005342765 -0.864200703830317
# FACETS (SIDES) 
# id  num_verts  verts_list  \
# plane coeff
   0   11     507   0   2   4   3 533 534 491 471 470 490
       0.272963286371131  0.597350779585730  0.754097533759256  0.297262200784102
   1   14     495 494 493 492 491 534 535 478 508   9   8  11  13  14
       0.613561189868787  0.237886033966668  0.752962748833173  0.260543888207447
   2   11     497 496 495  14  12  10   7   6 508 478 477
       0.599772828529597 -0.266667339537504  0.754427653378107  0.428080074778286
   3    8     499 415 414 498 497 477 480 500
       0.243415421844366 -0.601453420430748  0.760922279513804  0.692128168420928
   4    6     480 479 501 357 356 500
      -0.254920597482076 -0.594374520697852  0.762715161855709  0.912623511009365
   5    8     503  90  89 502 501 479 536 537
      -0.596100701841681 -0.244711211145357  0.764709341124867  0.956276583264298
   6    8     505  58  57 504 503 537 538 506
      -0.587640310207342  0.269700544224761  0.762850235802734  0.780126424888203
   7   10     507  31  30 475 506 538 539   5   1   0
      -0.226101480585259  0.610108163478030  0.759372207375684  0.511939759063877
   8    5      42  41 483 482 489
       0.218813920459253  0.518804932867790 -0.826415095363885 -5.957958053452672
   9    8      51  50 509 510 511  18  17 512
       0.528325202890055  0.179964430424620 -0.829750133337214 -5.929197153266374
  10    7     513 511 510  86  85 514 515
       0.506354836241801 -0.226498518527346 -0.832047595345035 -5.787968355141459
  11    7     516 517  79  78 518 519 520
       0.194747195606693 -0.523710416657628 -0.829337644923720 -5.605412073998496
  12    8     106 105 521 522  22  21 520 519
      -0.212690175575189 -0.514261560790931 -0.830841703519191 -5.460923055212814
  13    8      94  93 523  24  23 522 521 524
      -0.516110484366509 -0.215271996651713 -0.829028307951274 -5.443616920873861
  14    6      26  25 525 526 527 528
      -0.512330856641498  0.215944125556266 -0.831195060121708 -5.580654756100603
  15    7      28  27 529 530  35  34 531
      -0.210231256937199  0.517442714711528 -0.829491323401620 -5.785188871902936
  16   15     470  38  37 384 288 291 178 177 278 277 446 449  46  45 490
       0.146535470620797  0.655184191413372  0.741121468567702  0.263890381071078
  17   18      70  69 402 401 204 207 352 355 144 147 346 234 233 396 399 471 491 492
       0.386895654742436  0.551802735221472  0.738800036372173  0.191751682962882
  18   18     350 349 142 141 390 389 260 263 432  71  70 492 493  54  53 343 196 199
       0.567635155170441  0.365490884341999  0.737703696667932  0.165958006198423
  19   14     124 123 296 299 458 182 181 248 251 344  48  54 493 494
       0.664989394099713  0.113314514302314  0.738206560918642  0.208912921519135
  20   16      82  81 236 239 404 407 166 165 435 314 313 125 124 494 495 496
       0.658136673151630 -0.141134224937173  0.739552060374582  0.294862991186580
  21   18     472 454 202 201 320 323 130 129 338 341 212 215 428  83  82 496 497 498
       0.553444176137977 -0.378510363584655  0.741909326372144  0.422126054155964
  22   15      75 318 317 461 190 189 308 311 109 108 472 498 414 413  76
       0.370160379240693 -0.556033041264038  0.744183143226888  0.552395004635743
  23   14     499 119 118 376 216 219 380 383 134 133 425 294 293 415
       0.106606020840552 -0.655033689360190  0.748041457489972  0.702944373043411
  24   19     438 437 274 273 426 170 169 392 395 268 271 465 120 119 499 500 356 103 102
      -0.136848358399383 -0.650023689871627  0.747490287167043  0.809644339298566
  25   16     114 113 369 208 211 431 138 137 360 363 266 265 358 357 501 502
      -0.371559915685549 -0.544405116595459  0.752041420455305  0.894032456445744
  26   16      89  88 462 230 229 375 162 161 444 252 255 336 335 115 114 502
      -0.549167840748112 -0.364831319707358  0.751872855507262  0.913636561767766
  27   18     367 148 151 441 242 241 372 371  91  90 503 504  97  96 466 224 227 364
      -0.648456923700733 -0.121598041211974  0.751476902158671  0.874642799020699
  28   18     156 159 324 327 192 195 416 419  98  97 504  57  56 443 244 247 408 411
      -0.643954940312707  0.155998704720704  0.748990279624723  0.776142790400367
  29   14     379  59  58 505  64  63 453 280 283 456 172 175 286 285
      -0.537988046793664  0.381658525879672  0.751602043059021  0.666021774452024
  30   16     475 468 258 257 450 152 155 330 329 222 221 333  65  64 505 506
      -0.356659432295732  0.560015206992650  0.747781396727323  0.521734369420845
  31   15      44 306 305 422 421 186 185 302 301 387  32  31 507 490  45
      -0.123740503637352  0.653931734515791  0.746365576880890  0.394066779759139
  32   17     488 487 531  34  33 386 300 303 184 187 420 423 304 307  43  47 473
      -0.104801467148470  0.662521516941619 -0.741675058278829 -5.853701494288102
  33   14     489 488 473 448 447 276 279 176 179 290 289 385  36  42
       0.112501426733606  0.658837825701679 -0.743825348053955 -5.948273679928249
  34   19     485 484  40  39 398 397 232 235 347 146 145 354 353 206 205 400 403  68  73
       0.381013434663749  0.550148382075549 -0.743078407912239 -5.992770078626156
  35   19     342  52  51 512 486 485  73  72 433 262 261 388 391 140 143 348 351 198 197
       0.567807792507802  0.356228304714735 -0.742088745156186 -5.996550679991705
  36   13     345 250 249 180 183 459 298 297 122 127 509  50  49
       0.665572035412231  0.075547441542366 -0.742500134514212 -5.908426236814028
  37   15     434 164 167 406 405 238 237  80  86 510 509 127 126 312 315
       0.659728972529121 -0.107784547914929 -0.743733940355316 -5.857802916777336
  38   17     131 322 321 200 203 455 107 111 514  85  84 429 214 213 340 339 128
       0.545582919464371 -0.390790378085217 -0.741365064178740 -5.735549526369364
  39   14     110 310 309 188 191 460 316 319  74  79 517 515 514 111
       0.393055883921275 -0.542228178828335 -0.742627547428300 -5.668624973591982
  40   17     518  78  77 412 292 295 424 132 135 382 381 218 217 377 117 121 474
       0.106792987468693 -0.660689841508026 -0.743023681423150 -5.491172769715171
  41   17     269 394 393 168 171 427 272 275 436 439 101 106 519 518 474 464 270
      -0.092455856574690 -0.662002618825788 -0.743777148918168 -5.435098569217366
  42   18     139 430 210 209 368 112 116 476 524 521 105 104 359 264 267 362 361 136
      -0.390281376342681 -0.548581813845138 -0.739417636250611 -5.359260643870450
  43   15     476 334 337 254 253 445 160 163 374 228 231 463  87  94 524
      -0.549711446804094 -0.387058337169316 -0.740272361283517 -5.354649663966518
  44   19      92 370 373 240 243 440 150 149 366 365 226 225 467  95 100 526 525 523  93
      -0.663108208269093 -0.117192669505451 -0.739292487680173 -5.404124023901814
  45   19     409 246 245 442  55  61 527 526 100  99 418 417 194 193 326 325 158 157 410
      -0.656578036919676  0.141837261051745 -0.740801911992703 -5.479062569740055
  46   17     174 173 457 282 281 452  62  67 530 529 528 527  61  60 378 284 287
      -0.537556760574271  0.400751630821064 -0.741910277294467 -5.618949375280446
  47   16     530  67  66 332 220 223 328 331 154 153 451 256 259 469  29  35
      -0.366634803528930  0.561264840483240 -0.741997776060432 -5.721486404298560
  48    5     531 487 481  15  28
       0.017143504278328  0.346025291952934 -0.938068546317350 -5.874277695940391
  49    4     486 512  17  16
       0.255959299413252  0.233941026473751 -0.937953321427183 -5.917006993908816
  50    4     511 513  19  18
       0.346122507935946 -0.016523771363888 -0.938043802005026 -5.855189915058200
  51    6     513 515 517 516  20  19
       0.245205796298022 -0.254913168479990 -0.935357361652404 -5.749223187349500
  52    4     516 520  21  20
      -0.014739619655976 -0.346702346410993 -0.937859385305446 -5.638888259102320
  53    3     522  23  22
      -0.247979739810573 -0.235619432747794 -0.939675226636889 -5.585702403905757
  54    4     523 525  25  24
      -0.354335972877283  0.006793431076497 -0.935093507420150 -5.626425445963418
  55    4     528 529  27  26
      -0.231643415528708  0.251096601054841 -0.939836062822076 -5.734973084495286
  56   14      15  16  17  18  19  20  21  22  23  24  25  26  27  28
      -0.000936729667471  0.000153282263066 -0.999999549520938 -5.368032355149504
  57    8     533 532 539 538 537 536 535 534
      -0.155788567495993  0.345033430569651  0.925571096149229  0.729232714668990
  58    6     477 478 535 536 479 480
       0.000000000000000  0.000000000000000  1.000000000000000  0.831302174833483
  59    7      29  30  31  32  33  34  35
      -0.338737185933442  0.940878729324597 -0.002082203261982 -3.906289063118338
  60    7      36  37  38  39  40  41  42
       0.368113553468243  0.929748705038727 -0.007730280188510 -4.185241528870408
  61    5      43  44  45  46  47
       0.000000000000000  0.999979002924647 -0.006480255383021 -4.063355329904073
  62    7      48  49  50  51  52  53  54
       0.935437882052734  0.353472520349993 -0.003625765866515 -4.200374271829292
  63    7      55  56  57  58  59  60  61
      -0.904822913498919  0.425777343914994 -0.003024667918972 -3.556577791932481
  64    6      62  63  64  65  66  67
      -0.684544961926734  0.728966344291225 -0.002502796718374 -3.724566669868372
  65    6      68  69  70  71  72  73
       0.707094952789063  0.707094952789063 -0.005784071270836 -4.234933253309542
  66    6      74  75  76  77  78  79
       0.411503085627920 -0.911378309758512 -0.007401825478846 -3.659163361817989
  67    7      80  81  82  83  84  85  86
       0.923851599385348 -0.382671862085487 -0.007776135361525 -3.996467612572112
  68    8      87  88  89  90  91  92  93  94
      -0.929769089279525 -0.368121624160113 -0.003988790047517 -3.322953705517993
  69    6      95  96  97  98  99 100
      -0.999506223517889  0.031410748492258 -0.000820992182963 -3.398556792363960
  70    6     101 102 103 104 105 106
      -0.353469070201445 -0.935428751499540 -0.005715529628775 -3.369933747698426
  71    5     107 108 109 110 111
       0.672998154201064 -0.739615314304386 -0.006532326414570 -3.797544640931666
  72    5     112 113 114 115 116
      -0.707106503410527 -0.707106503410527 -0.000886379759170 -3.292914578712609
  73    5     117 118 119 120 121
       0.015706866782743 -0.999847953268772 -0.007573947459299 -3.490660819469202
  74    6     122 123 124 125 126 127
       0.999849655873106 -0.015706893529389 -0.007345688945699 -4.129058560709655
  75    4     128 129 130 131
       0.818131319886146 -0.574992322036394 -0.006706192701444 -3.901687841273477
  76    4     132 133 134 135
       0.233433648836622 -0.972321123830549 -0.010018170677293 -3.580845533727882
  77    4     136 137 138 139
      -0.535824715922837 -0.844324649433720 -0.002785707241812 -3.322552716751648
  78    4     140 141 142 143
       0.835804473847583  0.549020921251563 -0.002628597430179 -4.223671235840321
  79    4     144 145 146 147
       0.549020763531282  0.835804233741403 -0.002735703104214 -4.200975358727931
  80    4     148 149 150 151
      -0.985109324903759 -0.171929100061073  0.000050396918226 -3.341270799094340
  81    4     152 153 154 155
      -0.509041395423326  0.860741992632788  0.000282602210655 -3.811984724285745
  82    4     156 157 158 159
      -0.968582681078374  0.248689763908898  0.000995611352848 -3.466151247350469
  83    4     160 161 162 163
      -0.835807070545339 -0.549022626963172  0.000834211529579 -3.288073003894775
  84    4     164 165 166 167
       0.982272132847675 -0.187378430695685 -0.005548039374606 -4.059260267940461
  85    4     168 169 170 171
      -0.171928499414766 -0.985105883355601 -0.002643797868338 -3.403138423453310
  86    4     172 173 174 175
      -0.809016767426650  0.587785087404883  0.000749030686071 -3.623437932255349
  87    4     176 177 178 179
       0.187378495984903  0.982272475105739 -0.005484878492741 -4.126162301724412
  88    4     180 181 182 183
       0.985098506606243  0.171927211965905 -0.004686797177275 -4.170821115254777
  89    4     184 185 186 187
      -0.171927464887083  0.985099955779252 -0.004361644324983 -3.987582454432611
  90    4     188 189 190 191
       0.549014983234034 -0.835795434079836 -0.005342336177375 -3.722681018077545
  91    4     192 193 194 195
      -0.992114268526106  0.125333178890418  0.000934053602561 -3.420617036145270
  92    4     196 197 198 199
       0.891003604782960  0.453989012228195 -0.002559890591043 -4.212567713399045
  93    4     200 201 202 203
       0.739613527483801 -0.672996528319430 -0.006892229897838 -3.843461351707300
  94    4     204 205 206 207
       0.637419193778776  0.770507445444044 -0.003879164563290 -4.216926622648160
  95    4     208 209 210 211
      -0.612904591595294 -0.790151838310053 -0.002834434096970 -3.311506961061962
  96    4     212 213 214 215
       0.883723768367478 -0.467907649620123 -0.009733069883424 -3.967830387086607
  97    4     216 217 218 219
       0.125320564267026 -0.992014413499926 -0.014218283306789 -3.558116691693658
  98    4     220 221 222 223
      -0.612907004922341  0.790154949552533 -0.000398766547924 -3.759696630062196
  99    4     224 225 226 227
      -0.998026301913295 -0.062790492695266 -0.000924508712216 -3.371466345460953
 100    4     228 229 230 231
      -0.891000636481231 -0.453987499802922 -0.003635355929269 -3.311948725579065
 101    4     232 233 234 235
       0.453986068308941  0.890997827016105 -0.004418374584564 -4.190267969168259
 102    4     236 237 238 239
       0.955772204335752 -0.294033923098065 -0.006598900418876 -4.026344774107085
 103    4     240 241 242 243
      -0.964553826553431 -0.263872067331532 -0.002729059053493 -3.334745926108467
 104    4     244 245 246 247
      -0.940876161616052  0.338736261501482 -0.003129480251337 -3.517288588293160
 105    4     248 249 250 251
       0.964547141113065  0.263870238402009 -0.004616259988289 -4.187458766434872
 106    4     252 253 254 255
      -0.770513094203314 -0.637423866838848  0.000621003579642 -3.286360132300968
 107    4     256 257 258 259
      -0.425778796480503  0.904826000357755 -0.001524973509017 -3.860553885741216
 108    4     260 261 262 263
       0.780424030231717  0.625237547309915 -0.004042582190349 -4.232320992876259
 109    4     264 265 266 267
      -0.453984567460256 -0.890994881434710 -0.005112119430518 -3.348456182349666
 110    4     268 269 270 271
      -0.078458223742739 -0.996906254111892 -0.004714619786312 -3.443576997023330
 111    4     272 273 274 275
      -0.263869876368402 -0.964545817741085 -0.004904469747639 -3.387694886509476
 112    4     276 277 278 279
       0.094106775253558  0.995545693575437 -0.005717241885681 -4.095811332099793
 113    4     280 281 282 283
      -0.750110877070769  0.661311695559449 -0.000716530815509 -3.673746628353942
 114    4     284 285 286 287
      -0.852640159625776  0.522498561818433  0.000105313815308 -3.591421287231659
 115    4     288 289 290 291
       0.263867904424271  0.964538609527360 -0.006244977643770 -4.152369312772545
 116    4     292 293 294 295
       0.323906317078559 -0.946052935110508 -0.008278993018299 -3.618692512009823
 117    4     296 297 298 299
       0.996903610240198  0.078458015665528 -0.005247062786624 -4.149669248996849
 118    4     300 301 302 303
      -0.248688045576879  0.968575988617019 -0.003848410284433 -3.954055999497295
 119    4     304 305 306 307
      -0.078458058768206  0.996904157911653 -0.005141298744806 -4.028871758101111
 120    4     308 309 310 311
       0.612898670749192 -0.790144205201252 -0.005230141561727 -3.757436044175656
 121    4     312 313 314 315
       0.993940056934901 -0.109732003872927 -0.006484639255771 -4.095638545209697
 122    4     316 317 318 319
       0.467918751300038 -0.883744735792176 -0.006876346517561 -3.686095450337162
 123    4     320 321 322 323
       0.780416980623011 -0.625231899508353 -0.005865849677497 -3.869507132288424
 124    4     324 325 326 327
      -0.982286156026017  0.187381105760022  0.001492944668367 -3.441150720023966
 125    4     328 329 330 331
      -0.562083357091019  0.827080543725515  0.000271794033407 -3.785269564779690
 126    4     221 220 332 333
      -0.649446640737326  0.760404317520544 -0.002082001709622 -3.742972636130252
 127    4     334 335 336 337
      -0.739631067217354 -0.673012488248974 -0.000273985113951 -3.287881131284608
 128    4     338 339 340 341
       0.852605585502954 -0.522477374768718 -0.009006021538540 -3.939913488302099
 129    4      53  52 342 343
       0.917749667393455  0.397145744990871 -0.003287131705339 -4.206569328508176
 130    4      49  48 344 345
       0.951049019559518  0.309014558537882 -0.003970517159818 -4.192263381609406
 131    4     235 234 346 347
       0.495456507307585  0.868627725583042 -0.002953593573843 -4.192374351056026
 132    4     348 349 350 351
       0.868629166802772  0.495457329364806 -0.002324942626460 -4.216878785181789
 133    4     352 353 354 355
       0.600417388835391  0.799680880636452 -0.003073813364599 -4.209584851922815
 134    6     104 103 356 357 358 359
      -0.397141650118293 -0.917740204701247 -0.005605926884443 -3.360911356094243
 135    4     360 361 362 363
      -0.495455308955714 -0.868625624648561 -0.003682530583154 -3.332742486303533
 136    4     364 365 366 367
      -0.993960743811984 -0.109734287725419 -0.000652578059207 -3.358899216105676
 137    4     113 112 368 369
      -0.673011693328956 -0.739630193611661 -0.001561198407488 -3.300610473338322
 138    4     370 371 372 373
      -0.946079108553118 -0.323915278250907 -0.003634951853182 -3.328579446002003
 139    4     229 228 374 375
      -0.868630627143019 -0.495458162328177 -0.001429325544459 -3.300285963913015
 140    4     217 216 376 377
       0.078456008443627 -0.996878106067778 -0.008871098117647 -3.519252922145573
 141    4     285 284 378 379
      -0.876305758137437  0.481753167279368 -0.001450541784886 -3.577637149480724
 142    4     380 381 382 383
       0.187362296938163 -0.982187556728885 -0.014246862566829 -3.581419215959961
 143    4     289 288 384 385
       0.309009032955191  0.951032013564638 -0.007178211984065 -4.168842291669145
 144    4     301 300 386 387
      -0.294039323795517  0.955789759577179 -0.002609894494647 -3.928096761639575
 145    4     388 389 390 391
       0.809012850812188  0.587782241817911 -0.003200534993872 -4.227206402954762
 146    4     392 393 394 395
      -0.125332860205899 -0.992111745878379 -0.002440869263890 -3.417244650504909
 147    4     396 397 398 399
       0.411502666482410  0.911377381454111 -0.007538172969283 -4.193936736520747
 148    4     400 401 402 403
       0.673004228103955  0.739621989436506 -0.004962025411476 -4.226452222758080
 149    4     404 405 406 407
       0.972354506705443 -0.233441663355801 -0.005630550531748 -4.044939756470999
 150    4     297 296 123 122
       0.999484209262349  0.031410056666407 -0.006687583676519 -4.140915765243733
 151    4     408 409 410 411
      -0.955791305151285  0.294039799276196 -0.001891411858526 -3.494516201269700
 152    6     293 292 412 413 414 415
       0.368112417598019 -0.929745836158026 -0.008119615566938 -3.639599114972406
 153    4     416 417 418 419
      -0.996917281945267  0.078459091652052 -0.000322329018911 -3.410482025351172
 154    4     420 421 422 423
      -0.125331957998039  0.992104604167793 -0.004511617608442 -4.007176150299520
 155    4     133 132 424 425
       0.263864604357362 -0.964526546514408 -0.008000727237129 -3.586725757592074
 156    4     426 427 171 170
      -0.218141927544272 -0.975910884101575 -0.003470697243073 -3.393479143055364
 157    4      84  83 428 429
       0.904790160481394 -0.425761931514845 -0.009030125624938 -3.983295804711984
 158    4     211 210 430 431
      -0.587782557565754 -0.809013285401811 -0.003028046371862 -3.314936930666363
 159    4      72  71 432 433
       0.739618964635889  0.673001475747165 -0.005727197663252 -4.238631702939037
 160    4     434 435 165 164
       0.987673052858632 -0.156432043700641 -0.005563844044429 -4.071023587998606
 161    4     436 437 438 439
      -0.309012228336201 -0.951041847936168 -0.005553936698748 -3.379323915802519
 162    4     151 150 440 441
      -0.975916329734111 -0.218143144787361 -0.000941137918690 -3.335896478778740
 163    4     237 236  81  80
       0.940856325365127 -0.338729120011715 -0.007208208967528 -4.011753258016897
 164    4     442 443  56  55
      -0.923874685851755  0.382681424812980 -0.003239127263381 -3.537387372749110
 165    4     444 445 253 252
      -0.799684068872590 -0.600419782630795  0.001214338078399 -3.285754381412846
 166    4     446 447 448 449
       0.047105537990467  0.998870520798602 -0.006225027723449 -4.080532031877609
 167    4     153 152 450 451
      -0.481753671057529  0.876306674506508  0.000112418595282 -3.826121524189253
 168    4     311 310 110 109
       0.649436970297946 -0.760392994890792 -0.005840798852575 -3.779574623702278
 169    4      63  62 452 453
      -0.718124644369615  0.695911194342474 -0.002145865290670 -3.701566759585517
 170    4     454 455 203 202
       0.718108991002910 -0.695896025174831 -0.006942563406517 -3.828703233256741
 171    4     456 457 173 172
      -0.790154812642533  0.612906898724058  0.000711023417939 -3.638066273342428
 172    4     458 459 183 182
       0.992105964148827  0.125332129803598 -0.004196801069852 -4.157822447536455
 173    4     317 316 460 461
       0.509032195090537 -0.860726435719638 -0.006018904773860 -3.704221447765961
 174    4     462 463 231 230
      -0.904820030025819 -0.425775987055547 -0.003939811029931 -3.315807126928326
 175    4     249 248 181 180
       0.975904014627538  0.218140392034902 -0.005111124799333 -4.181895806511587
 176    4     271 270 464 465
      -0.047105391027137 -0.998867404448717 -0.006707493277263 -3.463359358272571
 177    4     177 176 279 278
       0.140899319940473  0.990010223324650 -0.005209544412802 -4.110220655396036
 178    4     225 224 466 467
      -0.999506050992550 -0.031410743070431 -0.001009578645178 -3.380971847016395
 179    4     313 312 126 125
       0.998001673661361 -0.062788943216990 -0.007085758873682 -4.114358269823024
 180    4     175 174 287 286
      -0.835807263302647  0.549022753581057  0.000484418016127 -3.603287555727639
 181    4     291 290 179 178
       0.218139517334611  0.975900101443388 -0.005843199449610 -4.136950191436230
 182    4     259 258 468 469
      -0.397147332530878  0.917753335981957 -0.001676471770433 -3.876805979677210
 183    4     185 184 303 302
      -0.218141234126858  0.975907781930392 -0.004289888263488 -3.968898198562116
 184    4      44  43 307 306
      -0.047105639837193  0.998872680453203 -0.005867447465624 -4.043975682323866
 185    4     323 322 131 130
       0.799670773196645 -0.600409799954921 -0.005892929082521 -3.883798154478104
 186    4     367 366 149 148
      -0.990023621718725 -0.140901226814333 -0.000269668603072 -3.349540232613703
 187    4     343 342 197 196
       0.904823416762989  0.425777580733089 -0.002834823174081 -4.209361546496854
 188    4     145 144 355 354
       0.575002910303600  0.818146385466491 -0.002853960494627 -4.205271762148975
 189    4     189 188 309 308
       0.587777265899022 -0.809006002047392 -0.005212901645537 -3.744175571974294
 190    4     155 154 331 330
      -0.535826773530515  0.844327891704616  0.000282944369989 -3.798657560220817
 191    4     193 192 327 326
      -0.987687387895118  0.156434314147371  0.001388938501307 -3.430058825284017
 192    4     239 238 405 404
       0.964539995789953 -0.263868283662803 -0.006010440779534 -4.035407722139485
 193    4     369 368 209 208
      -0.637420984008085 -0.770509609459539 -0.003070973245225 -3.310980204202510
 194    4     118 117 377 376
       0.047104919215761 -0.998857399712641 -0.008063598760949 -3.504304179539739
 195    4     329 328 223 222
      -0.587785248879039  0.809016989676758  0.000107770877586 -3.771928067510541
 196    4     451 450 257 256
      -0.453990419072403  0.891006365870183 -0.000596128571087 -3.843077989582027
 197    4     375 374 163 162
      -0.852640153341632 -0.522498557967505  0.000160721614288 -3.292219022693708
 198    4     295 294 425 424
       0.294030648217909 -0.955761559171436 -0.008112947598813 -3.602676011830842
 199    4     339 338 129 128
       0.835780798625399 -0.549005369537375 -0.007972507022258 -3.921529793394017
 200    4     349 348 143 142
       0.852637859466007  0.522497152278714 -0.002325180823033 -4.220061324794670
 201    4     381 380 219 218
       0.140884967710243 -0.989909379298835 -0.015193638454283 -3.567608684460669
 202    4     325 324 159 158
      -0.975915827774580  0.218143032586111  0.001383630439064 -3.453179857165575
 203    4     147 146 347 346
       0.522496592496192  0.852636945983954 -0.002747575845205 -4.196763687558469
 204    4     341 340 213 212
       0.868590785389965 -0.495435436993454 -0.009683765112271 -3.955569233411710
 205    4     371 370  92  91
      -0.940873947521331 -0.338735464378333 -0.003807892858725 -3.326205091032703
 206    4     251 250 345 344
       0.955784490211958  0.294037702727106 -0.004223463653697 -4.190307313288963
 207    4     139 138 431 430
      -0.562081197336686 -0.827077365743520 -0.002785439878425 -3.318343918571897
 208    4     255 254 337 336
      -0.750111067434077 -0.661311863387280  0.000076525504022 -3.286438450074898
 209    4      75  74 319 318
       0.439927880434764 -0.898004531184906 -0.007163936596094 -3.673054512537126
 210    4     463 462  88  87
      -0.917747116446779 -0.397144641097669 -0.004045281328538 -3.319880685637686
 211    4     401 400 205 204
       0.661305015817169  0.750103300390402 -0.004551351280579 -4.222653674971850
 212    4     385 384  37  36
       0.338728267425405  0.940853957215551 -0.007549307174946 -4.178041071090464
 213    4     383 382 135 134
       0.202769375763855 -0.979136280181800 -0.013293798707859 -3.582557333070012
 214    4     333 332  66  65
      -0.661309924459963  0.750108868152739 -0.002422752437943 -3.737170418004440
 215    4     365 364 227 226
      -0.995561619576070 -0.094108280703860 -0.000832544315158 -3.362901869296563
 216    4     283 282 457 456
      -0.770513240063106  0.637423987504563  0.000083912085510 -3.655966163880830
 217    4     201 200 321 320
       0.760390641789801 -0.649434960559838 -0.006348533778470 -3.856859016603428
 218    4     361 360 137 136
      -0.522496006697780 -0.852635990047827 -0.003129130875516 -3.325571154901861
 219    4      33  32 387 386
      -0.323916669501254  0.946083172062859 -0.002150060160441 -3.912734714604885
 220    4     409 408 247 246
      -0.951053126487989  0.309015892959833 -0.002669924279557 -3.503187455676119
 221    4     265 264 359 358
      -0.425773027744815 -0.904813741170396 -0.005424263474846 -3.355264376434674
 222    6     399 398  39  38 470 471
       0.397136356293721  0.917727971394454 -0.007621353552172 -4.190804333821431
 223    4     447 446 277 276
       0.062789365261840  0.998008381872200 -0.006063441502082 -4.085318723123040
 224    4     441 440 243 242
      -0.972368379677717 -0.233444993961769 -0.001780167722690 -3.336044165956674
 225    4     215 214 429 428
       0.897987984765738 -0.439919774427656 -0.009389956543484 -3.978322606722315
 226    4     397 396 233 232
       0.425767944028005  0.904802937722253 -0.007300803198734 -4.195880365646640
 227    4     395 394 269 268
      -0.109733919227477 -0.993957405999381 -0.002672457662878 -3.423416875772475
 228    4     433 432 263 262
       0.760396923985721  0.649440326062036 -0.004876564107042 -4.236215275114272
 229    4     453 452 281 280
      -0.728967689765422  0.684546225411105 -0.001603918162783 -3.691637326395210
 230    4     379 378  60  59
      -0.891003427164855  0.453988921727249 -0.002636613246807 -3.569297981766929
 231    4     207 206 353 352
       0.612903793924751  0.790150809959385 -0.003261428088260 -4.211449684667794
 232    5     455 454 472 108 107
       0.695895785008673 -0.718108743170661 -0.006992094751776 -3.814797971146786
 233    4     389 388 261 260
       0.799679878083542  0.600416636097373 -0.003457699496303 -4.228584071478892
 234    4     275 274 437 436
      -0.294036065830376 -0.955779169395981 -0.005382503109423 -3.381870985978693
 235    4     413 412  77  76
       0.382671321810116 -0.923850295045220 -0.007955614932839 -3.646110782105609
 236    4     245 244 443 442
      -0.929771493550437  0.368122576078308 -0.003277005105299 -3.530651195342436
 237    4     467 466  96  95
      -0.999999591548637 -0.000000000000000 -0.000903826619994 -3.390168722283181
 238    4     169 168 393 392
      -0.140900816422775 -0.990020738157356 -0.002428569488438 -3.411844675670595
 239    4     427 426 273 272
      -0.233443589728775 -0.972362530626349 -0.003898647004550 -3.390976104693231
 240    4     419 418  99  98
      -0.998889608369770  0.047106438137474 -0.000730600360671 -3.402493475819498
 241    5      47  46 449 448 473
       0.031410124849693  0.999486378889660 -0.006354720368561 -4.074793516606972
 242    4     241 240 373 372
      -0.951050892105411 -0.309015166964925 -0.003439071261615 -3.330284278111567
 243    4     161 160 445 444
      -0.818149109004773 -0.575004824438365  0.001219552090447 -3.286540967443758
 244    4     351 350 199 198
       0.883762833627653  0.467928333610669 -0.002515651558552 -4.213995888609066
 245    4     391 390 141 140
       0.827077246609837  0.562081116373519 -0.002836680558307 -4.224777117567226
 246    5     465 464 474 121 120
      -0.015706925304148 -0.999851678551717 -0.007064941245700 -3.477241274261276
 247    4      69  68 403 402
       0.684537373804510  0.728958263761785 -0.005332312653029 -4.229566998008592
 248    4     423 422 305 304
      -0.109733134581165  0.993950298761997 -0.004630633426195 -4.013876178278146
 249    4     461 460 191 190
       0.522489971935060 -0.852626142210101 -0.005735054247512 -3.709955491195493
 250    4     459 458 299 298
       0.993951286787151  0.109733243660157 -0.004410751635108 -4.154492204110608
 251    4     315 314 435 434
       0.990006927955693 -0.140898850940020 -0.005813467425995 -4.078922465603708
 252    4     411 410 157 156
      -0.960293466793414  0.278991042447686 -0.000675179858013 -3.483810788340512
 253    4     407 406 167 166
       0.979207513898222 -0.202784127557354 -0.005589484418694 -4.054469220085880
 254    5     469 468 475  30  29
      -0.368123946825324  0.929774955662200 -0.001814275915945 -3.892138722985134
 255    4     417 416 195 194
      -0.995561964043695  0.094108313265637 -0.000033522475603 -3.414236187439487
 256    4     363 362 267 266
      -0.467924765287262 -0.883756094237496 -0.004645420211978 -3.343060968776514
 257    4     102 101 439 438
      -0.338732372530970 -0.940865359584904 -0.005723192527651 -3.373136895422377
 258    4     421 420 187 186
      -0.156432958958120  0.987678831566929 -0.004388054944246 -3.993991886454122
 259    5     335 334 476 116 115
      -0.718126134631158 -0.695912638506378 -0.000674037687407 -3.291010685631453
 260    8      16  15 481 482 483 484 485 486
       0.231052215673008  0.474336574232891 -0.849482011567990 -5.973451485426217
 261    5     482 481 487 488 489
       0.204573279682920  0.493883586309650 -0.845120569157852 -5.962542336078792
 262    4     484 483  41  40
       0.266523620356155  0.520906111032733 -0.810938951636313 -5.980163173337107
 263    4       6   7   8   9
       0.736818004572470 -0.104864731008050  0.667909137778825  0.156352800539670
 264    4       7  10  11   8
       0.395559487620827 -0.056296451782701  0.916713369199897  0.808995608017300
 265    4      10  12  13  11
      -0.008077555133172  0.001149606335603  0.999966715200233  1.312672028538817
 266    3      12  14  13
       0.293398970799810 -0.041756857134365  0.955077697790014  0.951196376764279
 267    3     508   6   9
       0.852266635130701 -0.121295504297529  0.508850649287392 -0.157877878375426
 268    3       0   1   2
       0.024700226367975  0.313846133261364  0.949152518541810  0.749898111057813
 269    4       4   2   1   5
       0.043307856295315  0.550278488773136  0.833857310561380  0.503465613780928
 270    5       3   4   5 539 532
       0.055678481980265  0.707462191440701  0.704554578671017  0.316714049256257
 271    3       3 532 533
       0.064441970081936  0.818812865463562  0.570432050154362  0.155725724025549
# EDGES (BONES)
# id  facets[2]  vertices[2]    (actual bones 1620/2)
   0   268   7     0   1
   1   268   0     2   0
   2     0   7   507   0
   3   268 269     1   2
   4   269   7     1   5
   5   269   0     4   2
   6   270   0     3   4
   7   271 270     3 532
   8   271   0   533   3
   9   270 269     4   5
  10   270   7     5 539
  11   263   2     6   7
  12   263 267     9   6
  13     2 267     6 508
  14   263 264     7   8
  15   264   2     7  10
  16   263   1     8   9
  17   264   1    11   8
  18     1 267   508   9
  19   264 265    10  11
  20   265   2    10  12
  21   265   1    13  11
  22   265 266    12  13
  23   266   2    12  14
  24   266   1    14  13
  25     1   2    14 495
  26    56 260    15  16
  27    56  48    28  15
  28   260  48    15 481
  29    56  49    16  17
  30   260  49   486  16
  31    56   9    17  18
  32     9  49    17 512
  33    56  50    18  19
  34     9  50   511  18
  35    56  51    19  20
  36    50  51   513  19
  37    56  52    20  21
  38    51  52   516  20
  39    56  12    21  22
  40    12  52    21 520
  41    56  53    22  23
  42    12  53   522  22
  43    56  13    23  24
  44    13  53    23 522
  45    56  54    24  25
  46    13  54   523  24
  47    56  14    25  26
  48    14  54    25 525
  49    56  55    26  27
  50    14  55   528  26
  51    56  15    27  28
  52    15  55    27 529
  53    15  48   531  28
  54    59 254    29  30
  55    59  47    35  29
  56   254  47    29 469
  57    59   7    30  31
  58   254   7   475  30
  59    59  31    31  32
  60    31   7    31 507
  61    59 219    32  33
  62   219  31    32 387
  63    59  32    33  34
  64   219  32   386  33
  65    59  15    34  35
  66    15  32    34 531
  67    15  47   530  35
  68    60 212    36  37
  69    60  33    42  36
  70   212  33    36 385
  71    60  16    37  38
  72   212  16   384  37
  73    60 222    38  39
  74   222  16    38 470
  75    60  34    39  40
  76   222  34   398  39
  77    60 262    40  41
  78   262  34    40 484
  79    60   8    41  42
  80     8 262    41 483
  81     8  33   489  42
  82    61 184    43  44
  83    61  32    47  43
  84   184  32    43 307
  85    61  31    44  45
  86   184  31   306  44
  87    61  16    45  46
  88    16  31    45 490
  89    61 241    46  47
  90   241  16    46 449
  91   241  32   473  47
  92    62 130    48  49
  93    62  19    54  48
  94   130  19    48 344
  95    62  36    49  50
  96   130  36   345  49
  97    62   9    50  51
  98     9  36    50 509
  99    62  35    51  52
 100     9  35   512  51
 101    62 129    52  53
 102   129  35    52 342
 103    62  18    53  54
 104   129  18   343  53
 105    18  19   493  54
 106    63 164    55  56
 107    63  45    61  55
 108   164  45    55 442
 109    63  28    56  57
 110   164  28   443  56
 111    63   6    57  58
 112    28   6   504  57
 113    63  29    58  59
 114    29   6    58 505
 115    63 230    59  60
 116   230  29    59 379
 117    63  46    60  61
 118   230  46   378  60
 119    45  46    61 527
 120    64 169    62  63
 121    64  46    67  62
 122   169  46    62 452
 123    64  29    63  64
 124   169  29   453  63
 125    64  30    64  65
 126    29  30   505  64
 127    64 214    65  66
 128   214  30    65 333
 129    64  47    66  67
 130   214  47   332  66
 131    46  47    67 530
 132    65 247    68  69
 133    65  34    73  68
 134   247  34    68 403
 135    65  17    69  70
 136   247  17   402  69
 137    65  18    70  71
 138    17  18   492  70
 139    65 159    71  72
 140   159  18    71 432
 141    65  35    72  73
 142   159  35   433  72
 143    34  35    73 485
 144    66 209    74  75
 145    66  39    79  74
 146   209  39    74 319
 147    66  22    75  76
 148   209  22   318  75
 149    66 235    76  77
 150   235  22    76 413
 151    66  40    77  78
 152   235  40   412  77
 153    66  11    78  79
 154    11  40    78 518
 155    11  39   517  79
 156    67 163    80  81
 157    67  37    86  80
 158   163  37    80 237
 159    67  20    81  82
 160   163  20   236  81
 161    67  21    82  83
 162    20  21   496  82
 163    67 157    83  84
 164   157  21    83 428
 165    67  38    84  85
 166   157  38   429  84
 167    67  10    85  86
 168    10  38    85 514
 169    10  37   510  86
 170    68 210    87  88
 171    68  43    94  87
 172   210  43    87 463
 173    68  26    88  89
 174   210  26   462  88
 175    68   5    89  90
 176    26   5   502  89
 177    68  27    90  91
 178    27   5    90 503
 179    68 205    91  92
 180   205  27    91 371
 181    68  44    92  93
 182   205  44   370  92
 183    68  13    93  94
 184    13  44    93 523
 185    13  43   524  94
 186    69 237    95  96
 187    69  44   100  95
 188   237  44    95 467
 189    69  27    96  97
 190   237  27   466  96
 191    69  28    97  98
 192    27  28   504  97
 193    69 240    98  99
 194   240  28    98 419
 195    69  45    99 100
 196   240  45   418  99
 197    44  45   100 526
 198    70 257   101 102
 199    70  41   106 101
 200   257  41   101 439
 201    70  24   102 103
 202   257  24   438 102
 203    70 134   103 104
 204   134  24   103 356
 205    70  42   104 105
 206   134  42   359 104
 207    70  12   105 106
 208    12  42   105 521
 209    12  41   519 106
 210    71 232   107 108
 211    71  38   111 107
 212   232  38   107 455
 213    71  22   108 109
 214   232  22   472 108
 215    71 168   109 110
 216   168  22   109 311
 217    71  39   110 111
 218   168  39   310 110
 219    38  39   111 514
 220    72 137   112 113
 221    72  42   116 112
 222   137  42   112 368
 223    72  25   113 114
 224   137  25   369 113
 225    72  26   114 115
 226    25  26   502 114
 227    72 259   115 116
 228   259  26   115 335
 229   259  42   476 116
 230    73 194   117 118
 231    73  40   121 117
 232   194  40   117 377
 233    73  23   118 119
 234   194  23   376 118
 235    73  24   119 120
 236    23  24   499 119
 237    73 246   120 121
 238   246  24   120 465
 239   246  40   474 121
 240    74 150   122 123
 241    74  36   127 122
 242   150  36   122 297
 243    74  19   123 124
 244   150  19   296 123
 245    74  20   124 125
 246    19  20   494 124
 247    74 179   125 126
 248   179  20   125 313
 249    74  37   126 127
 250   179  37   312 126
 251    36  37   127 509
 252    75 199   128 129
 253    75  38   131 128
 254   199  38   128 339
 255    75  21   129 130
 256   199  21   338 129
 257    75 185   130 131
 258   185  21   130 323
 259   185  38   322 131
 260    76 155   132 133
 261    76  40   135 132
 262   155  40   132 424
 263    76  23   133 134
 264   155  23   425 133
 265    76 213   134 135
 266   213  23   134 383
 267   213  40   382 135
 268    77 218   136 137
 269    77  42   139 136
 270   218  42   136 361
 271    77  25   137 138
 272   218  25   360 137
 273    77 207   138 139
 274   207  25   138 431
 275   207  42   430 139
 276    78 245   140 141
 277    78  35   143 140
 278   245  35   140 391
 279    78  18   141 142
 280   245  18   390 141
 281    78 200   142 143
 282   200  18   142 349
 283   200  35   348 143
 284    79 188   144 145
 285    79  17   147 144
 286   188  17   144 355
 287    79  34   145 146
 288   188  34   354 145
 289    79 203   146 147
 290   203  34   146 347
 291   203  17   346 147
 292    80 186   148 149
 293    80  27   151 148
 294   186  27   148 367
 295    80  44   149 150
 296   186  44   366 149
 297    80 162   150 151
 298   162  44   150 440
 299   162  27   441 151
 300    81 167   152 153
 301    81  30   155 152
 302   167  30   152 450
 303    81  47   153 154
 304   167  47   451 153
 305    81 190   154 155
 306   190  47   154 331
 307   190  30   330 155
 308    82 252   156 157
 309    82  28   159 156
 310   252  28   156 411
 311    82  45   157 158
 312   252  45   410 157
 313    82 202   158 159
 314   202  45   158 325
 315   202  28   324 159
 316    83 243   160 161
 317    83  43   163 160
 318   243  43   160 445
 319    83  26   161 162
 320   243  26   444 161
 321    83 197   162 163
 322   197  26   162 375
 323   197  43   374 163
 324    84 160   164 165
 325    84  37   167 164
 326   160  37   164 434
 327    84  20   165 166
 328   160  20   435 165
 329    84 253   166 167
 330   253  20   166 407
 331   253  37   406 167
 332    85 238   168 169
 333    85  41   171 168
 334   238  41   168 393
 335    85  24   169 170
 336   238  24   392 169
 337    85 156   170 171
 338   156  24   170 426
 339   156  41   427 171
 340    86 171   172 173
 341    86  29   175 172
 342   171  29   172 456
 343    86  46   173 174
 344   171  46   457 173
 345    86 180   174 175
 346   180  46   174 287
 347   180  29   286 175
 348    87 177   176 177
 349    87  33   179 176
 350   177  33   176 279
 351    87  16   177 178
 352   177  16   278 177
 353    87 181   178 179
 354   181  16   178 291
 355   181  33   290 179
 356    88 175   180 181
 357    88  36   183 180
 358   175  36   180 249
 359    88  19   181 182
 360   175  19   248 181
 361    88 172   182 183
 362   172  19   182 458
 363   172  36   459 183
 364    89 183   184 185
 365    89  32   187 184
 366   183  32   184 303
 367    89  31   185 186
 368   183  31   302 185
 369    89 258   186 187
 370   258  31   186 421
 371   258  32   420 187
 372    90 189   188 189
 373    90  39   191 188
 374   189  39   188 309
 375    90  22   189 190
 376   189  22   308 189
 377    90 249   190 191
 378   249  22   190 461
 379   249  39   460 191
 380    91 191   192 193
 381    91  28   195 192
 382   191  28   192 327
 383    91  45   193 194
 384   191  45   326 193
 385    91 255   194 195
 386   255  45   194 417
 387   255  28   416 195
 388    92 187   196 197
 389    92  18   199 196
 390   187  18   196 343
 391    92  35   197 198
 392   187  35   342 197
 393    92 244   198 199
 394   244  35   198 351
 395   244  18   350 199
 396    93 217   200 201
 397    93  38   203 200
 398   217  38   200 321
 399    93  21   201 202
 400   217  21   320 201
 401    93 170   202 203
 402   170  21   202 454
 403   170  38   455 203
 404    94 211   204 205
 405    94  17   207 204
 406   211  17   204 401
 407    94  34   205 206
 408   211  34   400 205
 409    94 231   206 207
 410   231  34   206 353
 411   231  17   352 207
 412    95 193   208 209
 413    95  25   211 208
 414   193  25   208 369
 415    95  42   209 210
 416   193  42   368 209
 417    95 158   210 211
 418   158  42   210 430
 419   158  25   431 211
 420    96 204   212 213
 421    96  21   215 212
 422   204  21   212 341
 423    96  38   213 214
 424   204  38   340 213
 425    96 225   214 215
 426   225  38   214 429
 427   225  21   428 215
 428    97 140   216 217
 429    97  23   219 216
 430   140  23   216 376
 431    97  40   217 218
 432   140  40   377 217
 433    97 201   218 219
 434   201  40   218 381
 435   201  23   380 219
 436    98 126   220 221
 437    98  47   223 220
 438   126  47   220 332
 439    98  30   221 222
 440   126  30   333 221
 441    98 195   222 223
 442   195  30   222 329
 443   195  47   328 223
 444    99 178   224 225
 445    99  27   227 224
 446   178  27   224 466
 447    99  44   225 226
 448   178  44   467 225
 449    99 215   226 227
 450   215  44   226 365
 451   215  27   364 227
 452   100 139   228 229
 453   100  43   231 228
 454   139  43   228 374
 455   100  26   229 230
 456   139  26   375 229
 457   100 174   230 231
 458   174  26   230 462
 459   174  43   463 231
 460   101 226   232 233
 461   101  34   235 232
 462   226  34   232 397
 463   101  17   233 234
 464   226  17   396 233
 465   101 131   234 235
 466   131  17   234 346
 467   131  34   347 235
 468   102 163   236 237
 469   102  20   239 236
 470   102  37   237 238
 471   102 192   238 239
 472   192  37   238 405
 473   192  20   404 239
 474   103 242   240 241
 475   103  44   243 240
 476   242  44   240 373
 477   103  27   241 242
 478   242  27   372 241
 479   103 224   242 243
 480   224  27   242 441
 481   224  44   440 243
 482   104 236   244 245
 483   104  28   247 244
 484   236  28   244 443
 485   104  45   245 246
 486   236  45   442 245
 487   104 220   246 247
 488   220  45   246 409
 489   220  28   408 247
 490   105 175   248 249
 491   105  19   251 248
 492   105  36   249 250
 493   105 206   250 251
 494   206  36   250 345
 495   206  19   344 251
 496   106 165   252 253
 497   106  26   255 252
 498   165  26   252 444
 499   106  43   253 254
 500   165  43   445 253
 501   106 208   254 255
 502   208  43   254 337
 503   208  26   336 255
 504   107 196   256 257
 505   107  47   259 256
 506   196  47   256 451
 507   107  30   257 258
 508   196  30   450 257
 509   107 182   258 259
 510   182  30   258 468
 511   182  47   469 259
 512   108 233   260 261
 513   108  18   263 260
 514   233  18   260 389
 515   108  35   261 262
 516   233  35   388 261
 517   108 228   262 263
 518   228  35   262 433
 519   228  18   432 263
 520   109 221   264 265
 521   109  42   267 264
 522   221  42   264 359
 523   109  25   265 266
 524   221  25   358 265
 525   109 256   266 267
 526   256  25   266 363
 527   256  42   362 267
 528   110 227   268 269
 529   110  24   271 268
 530   227  24   268 395
 531   110  41   269 270
 532   227  41   394 269
 533   110 176   270 271
 534   176  41   270 464
 535   176  24   465 271
 536   111 239   272 273
 537   111  41   275 272
 538   239  41   272 427
 539   111  24   273 274
 540   239  24   426 273
 541   111 234   274 275
 542   234  24   274 437
 543   234  41   436 275
 544   112 223   276 277
 545   112  33   279 276
 546   223  33   276 447
 547   112  16   277 278
 548   223  16   446 277
 549   112 177   278 279
 550   113 229   280 281
 551   113  29   283 280
 552   229  29   280 453
 553   113  46   281 282
 554   229  46   452 281
 555   113 216   282 283
 556   216  46   282 457
 557   216  29   456 283
 558   114 141   284 285
 559   114  46   287 284
 560   141  46   284 378
 561   114  29   285 286
 562   141  29   379 285
 563   114 180   286 287
 564   115 143   288 289
 565   115  16   291 288
 566   143  16   288 384
 567   115  33   289 290
 568   143  33   385 289
 569   115 181   290 291
 570   116 152   292 293
 571   116  40   295 292
 572   152  40   292 412
 573   116  23   293 294
 574   152  23   415 293
 575   116 198   294 295
 576   198  23   294 425
 577   198  40   424 295
 578   117 150   296 297
 579   117  19   299 296
 580   117  36   297 298
 581   117 250   298 299
 582   250  36   298 459
 583   250  19   458 299
 584   118 144   300 301
 585   118  32   303 300
 586   144  32   300 386
 587   118  31   301 302
 588   144  31   387 301
 589   118 183   302 303
 590   119 248   304 305
 591   119  32   307 304
 592   248  32   304 423
 593   119  31   305 306
 594   248  31   422 305
 595   119 184   306 307
 596   120 189   308 309
 597   120  22   311 308
 598   120  39   309 310
 599   120 168   310 311
 600   121 179   312 313
 601   121  37   315 312
 602   121  20   313 314
 603   121 251   314 315
 604   251  20   314 435
 605   251  37   434 315
 606   122 173   316 317
 607   122  39   319 316
 608   173  39   316 460
 609   122  22   317 318
 610   173  22   461 317
 611   122 209   318 319
 612   123 217   320 321
 613   123  21   323 320
 614   123  38   321 322
 615   123 185   322 323
 616   124 202   324 325
 617   124  28   327 324
 618   124  45   325 326
 619   124 191   326 327
 620   125 195   328 329
 621   125  47   331 328
 622   125  30   329 330
 623   125 190   330 331
 624   126 214   332 333
 625   127 259   334 335
 626   127  43   337 334
 627   259  43   334 476
 628   127  26   335 336
 629   127 208   336 337
 630   128 199   338 339
 631   128  21   341 338
 632   128  38   339 340
 633   128 204   340 341
 634   129 187   342 343
 635   130 206   344 345
 636   131 203   346 347
 637   132 200   348 349
 638   132  35   351 348
 639   132  18   349 350
 640   132 244   350 351
 641   133 231   352 353
 642   133  17   355 352
 643   133  34   353 354
 644   133 188   354 355
 645   134   4   356 357
 646    24   4   500 356
 647   134  25   357 358
 648    25   4   357 501
 649   134 221   358 359
 650   135 218   360 361
 651   135  25   363 360
 652   135  42   361 362
 653   135 256   362 363
 654   136 215   364 365
 655   136  27   367 364
 656   136  44   365 366
 657   136 186   366 367
 658   137 193   368 369
 659   138 205   370 371
 660   138  44   373 370
 661   138  27   371 372
 662   138 242   372 373
 663   139 197   374 375
 664   140 194   376 377
 665   141 230   378 379
 666   142 201   380 381
 667   142  23   383 380
 668   142  40   381 382
 669   142 213   382 383
 670   143 212   384 385
 671   144 219   386 387
 672   145 233   388 389
 673   145  35   391 388
 674   145  18   389 390
 675   145 245   390 391
 676   146 238   392 393
 677   146  24   395 392
 678   146  41   393 394
 679   146 227   394 395
 680   147 226   396 397
 681   147  17   399 396
 682   147  34   397 398
 683   147 222   398 399
 684   222  17   471 399
 685   148 211   400 401
 686   148  34   403 400
 687   148  17   401 402
 688   148 247   402 403
 689   149 192   404 405
 690   149  20   407 404
 691   149  37   405 406
 692   149 253   406 407
 693   151 220   408 409
 694   151  28   411 408
 695   151  45   409 410
 696   151 252   410 411
 697   152 235   412 413
 698   152  22   413 414
 699   152   3   414 415
 700    22   3   498 414
 701    23   3   415 499
 702   153 255   416 417
 703   153  28   419 416
 704   153  45   417 418
 705   153 240   418 419
 706   154 258   420 421
 707   154  32   423 420
 708   154  31   421 422
 709   154 248   422 423
 710   155 198   424 425
 711   156 239   426 427
 712   157 225   428 429
 713   158 207   430 431
 714   159 228   432 433
 715   160 251   434 435
 716   161 234   436 437
 717   161  41   439 436
 718   161  24   437 438
 719   161 257   438 439
 720   162 224   440 441
 721   164 236   442 443
 722   165 243   444 445
 723   166 223   446 447
 724   166  16   449 446
 725   166  33   447 448
 726   166 241   448 449
 727   241  33   448 473
 728   167 196   450 451
 729   169 229   452 453
 730   170 232   454 455
 731   232  21   454 472
 732   171 216   456 457
 733   172 250   458 459
 734   173 249   460 461
 735   174 210   462 463
 736   176 246   464 465
 737   246  41   464 474
 738   178 237   466 467
 739   182 254   468 469
 740   254  30   468 475
 741   222   0   470 471
 742    16   0   490 470
 743    17   0   471 491
 744    21  22   498 472
 745    32  33   473 488
 746    40  41   474 518
 747    30   7   506 475
 748    42  43   476 524
 749    58   2   477 478
 750    58   3   480 477
 751     2   3   477 497
 752     1   2   478 508
 753    58   1   478 535
 754    58   4   479 480
 755     4   5   479 501
 756    58   5   536 479
 757     3   4   480 500
 758   260 261   481 482
 759   261  48   481 487
 760   260   8   482 483
 761   261   8   489 482
 762   260 262   483 484
 763   260  34   484 485
 764   260  35   485 486
 765    35  49   512 486
 766   261  32   487 488
 767    32  48   487 531
 768   261  33   488 489
 769    31   0   507 490
 770    17   1   491 492
 771     0   1   534 491
 772    18   1   492 493
 773    19   1   493 494
 774    20   1   494 495
 775    20   2   495 496
 776    21   2   496 497
 777    21   3   497 498
 778    24   3   499 500
 779    25   5   501 502
 780    27   6   503 504
 781     5   6   537 503
 782    30   6   505 506
 783     6   7   538 506
 784     9  37   509 510
 785     9  10   510 511
 786    10  50   513 511
 787    10  51   515 513
 788    10  39   514 515
 789    39  51   517 515
 790    11  51   516 517
 791    11  52   520 516
 792    11  41   518 519
 793    11  12   519 520
 794    12  13   521 522
 795    13  42   521 524
 796    44  54   525 523
 797    14  44   525 526
 798    14  45   526 527
 799    14  46   527 528
 800    46  55   529 528
 801    15  46   529 530
 802   271  57   532 533
 803   270  57   539 532
 804     0  57   533 534
 805     1  57   534 535
 806    58  57   535 536
 807     5  57   536 537
 808     6  57   537 538
 809     7  57   538 539
