# POLYHEDRON  
# vertices  sides  bones
  510  257  765
# VERTICES 
# id  x y z
   0  -0.231634208087864 -2.717239285413901 -6.090190935665731
   1   0.179769554350588 -2.894500160217052 -6.115170776489050
   2   2.972612010600389  0.605404336662133 -6.036419823254206
   3  -0.179881469373890 -2.743566288724080 -6.084804642874226
   4   0.176913822982840 -2.895235549951165 -6.089980268031272
   5   2.764555277617899  1.685054581773282 -5.911402552163116
   6   2.924357632745870  0.340418271947434 -6.060772873432290
   7   2.949083838940958  0.459072408775444 -6.049560934993804
   8  -2.311386444468317  1.964744184287959 -5.970309404693351
   9  -2.274553142513594  1.989500876999443 -5.961717998444663
  10  -2.278497247930084  1.987090155520300 -5.961481982587417
  11  -0.293915324223418 -2.680422951350179 -6.070943628461276
  12  -0.445638493092218 -2.591672366899680 -6.052231985985144
  13   0.021862815882897 -2.838608654069098 -6.120823263962018
  14   2.975390656450590  0.665477050148241 -6.060814302404368
  15   2.963907727104931  0.534350022279169 -6.030636873298770
  16   2.967335235184471  0.554939293163019 -6.032499092276326
  17   2.967783084308012  0.558273568179423 -6.032199405693965
  18   2.870407209744764  1.435314020002862 -5.948321836486185
  19   2.839374956821493  1.517326254852834 -5.963252359573403
  20  -2.116767894517811  2.066104537811503 -5.940975309311307
  21   0.844800166793150 -2.508156107615565 -6.148284732673455
  22  -0.532426628838429 -2.538204340388492 -6.028162425079035
  23  -2.893172573674554  0.524318248393721 -5.995826263668336
  24   0.182260461824141 -2.894207364265014 -6.106118748353369
  25   0.183448381784875 -2.894404874641875 -6.071800835801334
  26   2.957745671227475  1.078116063038917 -6.054625627142061
  27   2.943634269546700  1.182245240326216 -5.929247043073974
  28   0.167614238773420 -2.894000855155587 -6.071230951261587
  29   2.695607801363066  1.799559892184489 -5.870265222054263
  30  -2.795798514190637  0.110491138176202 -5.965368762434633
  31   2.975010562989843  0.837401468666027 -6.035677981919141
  32   2.933560873071083  1.226529823707796 -6.034457852130595
  33  -2.343333830367939  1.941670191813861 -5.947532253409479
  34   1.320865232811396 -2.138562034004699 -5.971153375664271
  35   1.275175510110718 -2.170554312535661 -6.126296753457148
  36  -2.695315431469479 -0.164995716679121 -5.955547074477469
  37  -2.260077627748697  1.997375297306528 -5.967267985011231
  38  -2.188276480518607  2.035350610991107 -5.977861714226343
  39   1.593467909830565  2.348185853596167 -5.899909282453065
  40   1.454113805970844  2.377843441719282 -5.970665750306258
  41   2.446738278892018 -0.764333367609153 -6.104190502920481
  42   2.400463755489400 -0.846333393161235 -6.054865059592816
  43   0.743414736544588 -2.577877222583269 -6.096357532073869
  44   2.790639512331652  1.636057654791105 -5.946101197464127
  45   2.817247986148725  1.576050199025053 -5.941088557671813
  46  -2.810240362234650  1.360783348107589 -5.829700433812651
  47  -2.823817544703826  1.331125820250883 -5.974192404739785
  48  -2.788966058488100  1.408266012669504 -5.957630230502428
  49   1.307055340784445  2.390962970540170 -5.929162245039180
  50   1.373696786940719  2.390147723216934 -5.954470859336116
  51   0.186669847673780 -2.892822818232229 -6.099012138467833
  52   2.811137724258172 -0.000010413744055 -6.066311873791264
  53   2.842621529429189  0.084002458936482 -6.039461158693256
  54  -2.660436969449780 -0.248161174811820 -5.963588501960019
  55  -2.683366770341623 -0.195974282674156 -5.983396832826059
  56   2.920300896606453  0.326452911337676 -6.046403933739333
  57   2.893122601512709  0.230960922328015 -6.016379430762173
  58   0.484210133178821 -2.735834527593445 -6.084217841064632
  59   0.356976759988969 -2.804253471752757 -6.126455390510167
  60   0.342954806353553 -2.811285615949275 -6.138679375159711
  61   0.204632972444328 -2.883643201368433 -6.106494058221241
  62   0.226504110023018 -2.875775331271128 -6.050381762684774
  63   2.972063937761361  0.704767467006788 -5.984699365563685
  64   2.974071078419312  0.816375157791016 -5.973548038379908
  65   2.973920980976187  0.854093737496338 -5.963621802272089
  66  -1.799184833896894  2.181186768895261 -5.984267271898938
  67   1.808888866838102  2.304268517762910 -5.987268803456131
  68   1.937001338422405  2.271583974330996 -5.902380064313238
  69  -1.856072478259335 -1.423109848080550 -5.970009937911009
  70  -1.768811860567082 -1.535222491127659 -6.064200277359959
  71   1.980508256042059 -1.439615998776450 -6.004771550077503
  72  -2.483991051842944 -0.591472965354170 -5.968994192139463
  73  -2.486663893894635 -0.586617652231603 -5.961650859512424
  74  -2.501366774629647 -0.561991934486245 -5.981541921264222
  75  -0.679083117348661 -2.444345042596354 -6.005685647534690
  76  -0.580832477606591 -2.509077235878133 -6.073562546896667
  77   2.806489893532765 -0.012086514952953 -6.072825757340270
  78   2.722773694803479 -0.214017039619295 -6.021304163170385
  79   2.722075643412080 -0.213558695127116 -6.046977737572387
  80  -2.251924854889966  1.999916991387502 -5.940794265094199
  81  -2.182597795719419  2.037198312011280 -5.960630758963374
  82  -2.154033810163431  2.049470813773180 -5.945605409972625
  83  -1.391907422484610  2.290545478794379 -5.942731410502447
  84   1.176803457534808 -2.258047022717513 -6.010135104946361
  85   2.201300734758274 -1.151556295334419 -6.010722849593316
  86   2.140931671589835 -1.231767781078672 -6.072303952900520
  87   2.397308016095018 -0.852096695903467 -6.047880503939712
  88   2.347426354277338 -0.931705644528350 -6.055001320477279
  89   2.355973278014158 -0.916633566545727 -6.081064792752351
  90   0.022764634681717  2.262395263884646 -5.634476934935883
  91   0.238847308883442  2.355149324934688 -5.846258215779876
  92   1.072021608578758  2.381332882137396 -5.846258215779879
  93  -1.052951129296379  2.303160795254829 -5.801210410346752
  94  -0.404385053883447  2.308380866092221 -5.741255670579569
  95  -2.375989496524798 -0.756057412892037 -6.044085921822544
  96  -2.482930001357779 -0.595046223205281 -6.019551558364657
  97  -2.530825005378373 -0.510442425082346 -6.017708973130265
  98  -2.514867221259570 -0.539985568784277 -6.017331184926499
  99   1.289816233807820  2.387341160682533 -5.846777149386162
 100   1.391493656585954  2.384796754178181 -5.859657286761700
 101   1.396679535533790  2.383973953826049 -5.859603450797049
 102   0.611947807504808  2.270741538616787 -5.623925930247093
 103   1.267963324920233  2.386583402659978 -5.842670897663933
 104   1.026955043659596  2.363820634997234 -5.782610032196161
 105   2.316095147833503  2.124146682948499 -5.875948880515882
 106   2.141212523559365  2.201309711857247 -5.888796580836082
 107   2.425321580361074  2.063599350041499 -5.856987192804391
 108   2.391039040084206  2.084254382086405 -5.864400576771748
 109   2.463502804653389  2.037182376107224 -5.845709003837479
 110   2.497978153007963  2.009986459672153 -5.832565739521609
 111   1.988243470087194  2.256385580461193 -5.889039754369886
 112   2.250818746970365  2.154335553941000 -5.881972497145966
 113   2.166701931938028  2.190751052491313 -5.887533109359898
 114   1.756640078591510  2.312068744511427 -5.864879335058687
 115   1.940296571304820  2.270246968242590 -5.886104253485770
 116   2.661904862890397  1.849471561089180 -5.852088542729758
 117   2.695325614130013  1.800027440395613 -5.867286697078708
 118   2.758844085800346  1.694533889143692 -5.893604955506353
 119   2.572278468795196  1.942271389193885 -5.802464266544685
 120   2.872608164148576  1.429673492197703 -5.923828309889808
 121   2.957276441059855  1.080553382970652 -5.912457830250020
 122   2.943656022093483  1.182047182129148 -5.924386428226358
 123   2.905530471872445  1.325434164573780 -5.926427634885272
 124   2.930483410087647  1.236957093079391 -5.926287803212839
 125   2.814711013414172  1.582812512084308 -5.912534157256756
 126   2.815152472908145  1.581809547130242 -5.912656968370063
 127   2.576267032804584  1.938393232055108 -5.804728712914466
 128   2.641221276366336  1.872360890883737 -5.840964727982242
 129   2.566398309124316  1.947609757635374 -5.799041452654896
 130   2.952110235786866  0.489045004574056 -6.002673072105578
 131   2.961729523006368  0.558990054375076 -5.997645381331960
 132   2.969464467498913  0.961806152986060 -5.926329375722744
 133   2.913947595863023  0.311609095683995 -6.003197321090267
 134   2.971159748560843  0.711069816682367 -5.976506497070670
 135   2.972258019894335  0.893128279557084 -5.942143257294863
 136   2.722756960822315 -0.214055616933745 -6.021274507259287
 137   2.656577786307836 -0.357948167057440 -6.016864544573546
 138   2.808710005234025 -0.001479836489514 -6.017288201391782
 139   2.852089878609626  0.111041605112835 -6.013296434412195
 140   2.889987473155656  0.221540837996087 -6.005196639016779
 141   2.556705781831219 -0.562621904249499 -6.005491537573603
 142   2.644650544044525 -0.382836739119561 -6.015674723118355
 143   2.898169348286135  0.253121159147649 -6.000527172120458
 144   2.475735981394124 -0.718785408442941 -5.998521053737207
 145   2.470830231641655 -0.727815286312953 -5.999321505625557
 146   1.979251449299529 -1.442305976401564 -5.977297188789979
 147   2.082921324286670 -1.312262927697649 -5.993026020400927
 148   2.201363662461353 -1.151624468418907 -6.004516136235543
 149   2.083097631200014 -1.312027334338043 -5.993045016929871
 150   2.359031408297443 -0.915570039575092 -6.007879317420739
 151   2.395499208604958 -0.857162409944687 -6.006611214623803
 152   1.321291673082121 -2.138966793866876 -5.952692261717392
 153   1.869193900237323 -1.573161001455182 -5.979004399519490
 154   1.543101317218709 -1.925886187022499 -5.973784234695027
 155   1.654979235108658 -1.808398721139395 -5.977880341758404
 156   1.732607741717604 -1.725621100390142 -5.979901245747781
 157   1.425760035392365 -2.043348325313078 -5.965722610290106
 158   1.431891700211333 -2.037380929397047 -5.966255335657469
 159   1.961698174460508 -1.463327236951934 -5.974098250899010
 160   0.848208574201989 -2.510534489087970 -6.026030086726897
 161   0.189407079486084 -2.892899685235481 -6.041418774366873
 162   0.651296722559228 -2.638798079786878 -6.041994240530412
 163   0.730667631711009 -2.588661510763013 -6.036830882277259
 164   0.223610512682951 -2.877504316783449 -6.044243098143701
 165   0.199232298237852 -2.889506738170758 -6.043067166818352
 166   0.489507521329130 -2.734267110230258 -6.047047827129009
 167   0.373083524359712 -2.798278107424048 -6.046871954661038
 168   0.970070810020472 -2.422662951507376 -6.009244416430357
 169   0.970290679509045 -2.422499564322016 -6.009210191262018
 170   1.183334854212169 -2.254298380478213 -5.968009228200675
 171   1.048272912136304 -2.361565113485863 -5.994644215817010
 172  -0.087721698582642 -2.786849997163660 -6.057176139582267
 173  -0.979045354607398 -2.232322115185346 -5.939272717182869
 174  -0.291642406069311 -2.676249793070296 -6.043995625340769
 175   0.134778080793274 -2.883387929292891 -6.051088375466252
 176  -0.032654662787174 -2.812763201717176 -6.057383030972817
 177  -0.681051717028959 -2.442897903558497 -6.000044705964999
 178  -0.553251992064646 -2.524661995013473 -6.018861934449086
 179   0.148649562080895 -2.888880900615393 -6.050263173177845
 180   0.160267213746986 -2.892614777726579 -6.048837198152906
 181  -0.794714316536703 -2.366486946452760 -5.980178694447498
 182  -0.822122607278902 -2.347135670843465 -5.974603253910634
 183   0.184825252414479 -2.892670286907545 -6.039177034575232
 184  -1.330378986061739 -1.951859108772156 -5.949897116747925
 185  -1.772872130453037 -1.519280389445710 -5.938155324482679
 186  -1.561881801518383 -1.742173953862117 -5.955543267411525
 187  -1.096415325601329 -2.142529760611142 -5.929131819738840
 188  -1.156617873158805 -2.095191339704964 -5.935697282236966
 189  -1.616636847939872 -1.687252915878276 -5.953102962445366
 190  -1.692145010748428 -1.608883269790037 -5.947871546768628
 191  -1.378627269351397 -1.910057969520687 -5.952420766483446
 192  -1.472034887600748 -1.826541859741075 -5.955470472407061
 193  -1.857546123852490 -1.418197462883338 -5.934173321322891
 194  -2.247952291896786 -0.919601729886787 -5.898123292079072
 195  -2.070220568762360 -1.151311476729951 -5.917556498378940
 196  -2.121942400141371 -1.085401160877547 -5.912873045559376
 197  -1.777641504355489 -1.513527217596146 -5.937255615298302
 198  -2.383649396242084 -0.738824215602405 -5.897163334181656
 199  -2.583154104846407 -0.401675884666586 -5.913794397111134
 200  -2.658022288817943 -0.248385861872465 -5.908331981783721
 201  -2.698802490124023 -0.151191466610522 -5.899367487442875
 202  -2.446664842737017 -0.644937621463467 -5.907927490169025
 203  -2.487987606419252 -0.580325299284109 -5.913654555235106
 204  -2.555171162343319 -0.456655602546376 -5.914824152672056
 205  -2.499005779951982 -0.560689770117446 -5.914129001165692
 206  -2.788890762258742  0.096669877780133 -5.895737875546440
 207  -2.888576437056695  0.499763204052154 -5.876940726967819
 208  -2.902957506926169  0.719293229605255 -5.833173812702973
 209  -2.884378631997341  0.471658393928607 -5.880563891417153
 210  -2.860233373348232  0.358505528451933 -5.889064668817634
 211  -2.900230545377586  0.647803045820511 -5.849070102765168
 212  -2.896335130366316  0.584907008645485 -5.861798331977409
 213  -2.834098821476645  0.252803736895535 -5.893998556133493
 214  -2.831330513059963  0.242972055660268 -5.894173967989525
 215  -2.733020325924190 -0.061870881417272 -5.889131491075561
 216  -2.731622172538849 -0.065462638143530 -5.888870583941622
 217  -2.809808086861669  1.361524294336066 -5.819697521772143
 218  -2.902929921464785  0.824817557675066 -5.809443563527404
 219  -2.717551441673164  1.541663760720892 -5.776294488418053
 220  -2.850795583421099  1.222086066058513 -5.829930189654665
 221  -2.878441818298640  1.063654545363993 -5.827024188219418
 222  -2.898866756174599  0.898720603820629 -5.817582136734362
 223  -2.889580902922935  0.989585955880268 -5.824294191602231
 224  -2.834216412802776  1.296226214507048 -5.828493493766162
 225  -2.829871144572343  1.309948557026994 -5.827247176956625
 226  -2.777348435947278  1.430247758928905 -5.805240553866701
 227  -2.757245787485822  1.469650715724409 -5.795806028334097
 228  -2.692887813946315  1.581888913148295 -5.778917289875996
 229  -2.438857748546404  1.865043238440238 -5.899461510873044
 230  -2.054449466937478  2.090331563714158 -5.914815798778354
 231  -1.610864790033144  2.232969049581031 -5.836067042439389
 232  -2.328023547309297  1.951104644932536 -5.921240661358007
 233  -2.544292264425908  1.764331741066231 -5.863251390390679
 234  -2.533402962991955  1.775407571754024 -5.867545587676289
 235  -2.615632241995232  1.686955337299518 -5.831160213427311
 236  -2.633975881555831  1.663625769356907 -5.820085465640507
 237  -2.408870135440433  1.890810608927106 -5.907395052158719
 238  -2.363618543933650  1.926299925391625 -5.916576492896550
 239  -2.034887671103067  2.098169576195523 -5.912615575434227
 240  -1.931906514883789  2.134563022830572 -5.897029576567210
 241  -1.725753751013861  2.199317270016266 -5.859169231008149
 242  -1.876279400215411  2.152865411857440 -5.887495510024305
 243  -2.199234846474485  2.024049242409958 -5.924301465153645
 244  -2.249018509148470  1.999405090182601 -5.926039304219486
 245  -2.703803313232530  1.564159103402325 -5.769163978764695
 246  -1.471482111024185  2.269427811729209 -5.817091618497261
 247  -1.426050017454259  2.279970215469724 -5.817527290556963
 248  -1.386576288514166  2.287793235754611 -5.816574577562264
 249  -0.704566832706891  2.201603469418938 -5.579674445032644
 250  -1.231894131834394  2.294429464678821 -5.788921180899554
 251  -1.109524365095397  2.290407614854068 -5.757810886207792
 252   1.623987208017669  2.340233748696070 -5.850881995210078
 253   1.608713806795878  2.343108716621139 -5.849993867513898
 254   1.657554495781963  2.333038895413846 -5.852017460112045
 255   0.002259677370405  0.955693848707072 -4.182340013468136
 256   2.961206778812981  1.042110310935369 -5.906975859468250
 257   0.730337167375758  0.653000501721573 -4.070484085025217
 258   2.963306998306686  1.021646112713761 -5.909241271630324
 259   0.070360939124729  0.243507683154545 -3.534761358029574
 260   0.728192703296581  0.651798882051803 -4.068740037532326
 261   2.495141904408905 -0.681543071958873 -5.995741167074166
 262   0.849519483353234  0.252699856882736 -4.179829945665876
 263   2.488040909022218 -0.695201821799765 -5.996011527537023
 264   0.607767985124548 -0.268794027321553 -4.214917714707680
 265   0.845208976397390  0.253441364550084 -4.175854961438798
 266   1.296434264492553 -2.160035277846482 -5.948491959636050
 267   1.272459875110363 -2.180218412743787 -5.947752876361335
 268   0.070084501180507  0.234623298637667 -3.534761358029574
 269   0.598761227584610 -0.263232839128294 -4.204773685104584
 270   0.095920616945330  0.226370180148073 -3.556358721039392
 271  -1.036451177433737 -2.188194150185389 -5.924544712548254
 272   0.090255704173723 -0.604442025521220 -4.136207784442028
 273  -1.052615311565642 -2.175836677400064 -5.923551368570697
 274  -0.437724916368874 -0.395894268654850 -4.251975379355246
 275   0.048685344184392  0.215656600513030 -3.534761358029574
 276   0.093396767113145 -0.547495648503393 -4.091313862168848
 277  -2.320251562333976 -0.822853589458714 -5.888624996226852
 278  -2.345040783541220 -0.789793316839732 -5.887702863868549
 279  -0.385866624446928 -0.307465263093498 -4.157862891299679
 280  -2.902931610752287  0.806773509234045 -5.810896764283420
 281  -0.748564982554810  0.128986135419844 -4.173330751267055
 282  -2.902929651845317  0.823296463872044 -5.809211624786876
 283  -0.762322807653239  0.619172196588980 -4.134282359452492
 284   0.046165007527747  0.217379524048254 -3.534761358029574
 285  -0.733593344623833  0.127644212463579 -4.161607376321209
 286   0.031893856841233  0.211460559680927 -3.546669666638346
 287  -1.534822221461854  2.252674772263829 -5.818665130692247
 288  -1.499265636057987  2.262029291933407 -5.815877689069697
 289   0.054581044493117  0.247462928052801 -3.534761358029574
 290   0.002075942042915  0.954392951042538 -4.181085178130245
 291   0.042826305301345  0.243336195730964 -3.534761358029574
 292  -0.638272536725342  0.572150351977484 -4.040804476372815
 293   0.178484316151584 -2.892848966516834 -6.138394208033912
 294  -1.465510097267560  2.277027378394045 -6.046377950250494
 295   0.354424182403580  2.363984057942841 -6.003049046752420
 296   1.269073921298203  2.392637954180560 -6.000332795227578
 297  -0.953721643022149  2.313038855624543 -6.019554008161244
 298  -1.352127581928233  2.294462484196179 -6.028457228596752
 299   1.455022481067182  2.379131053580760 -6.024266366844228
 300   1.295385651941020  2.393363224151064 -6.000380069147671
 301   1.372514564412586  2.391693193328822 -6.005326638730487
 302  -1.405775384668856  2.290471015991090 -6.031543360287467
 303  -1.398008729672793  2.291967243432544 -6.029933380651415
 304   1.535549802034002  2.363728576592711 -6.046730895739447
 305  -0.063613578053643  1.729112933207246 -6.791816614755167
 306   2.320222148385612  2.124140691049592 -5.994904689514780
 307   2.114797504877480  2.212298389700967 -5.988110426502246
 308   1.803910663591803  2.305975653827802 -6.009817092181208
 309   2.534082651872906  1.977891849288792 -6.045825398846187
 310   2.426099289550656  2.063447596909853 -6.010687168956943
 311   2.360781614226681  2.102748908190924 -5.999454567213007
 312   2.461431484002082  2.039049605460333 -6.019289835644203
 313   2.501597295383019  2.007402885230778 -6.032217597516030
 314   1.600047651342841  2.350647374884307 -6.037539911637399
 315   1.975839420024649  2.262372522727598 -5.991209631449209
 316   1.938129580962034  2.273396032188079 -5.994115742084348
 317   2.303349250968036  2.131903607278909 -5.993926488683114
 318   2.178831127517619  2.185775435434501 -5.989457945221174
 319   1.538885248554956  2.363062940335462 -6.046651511238833
 320   2.958714581149554  1.068982840032563 -6.076087906811933
 321   2.660421383862074  1.848739550903405 -6.018022599789973
 322   2.738810205991001  1.727852259803841 -6.001680483722385
 323   2.883156507932341  1.391443828018612 -6.014388558660641
 324   2.836596346617049  1.519251238416367 -6.003032482064389
 325   2.667247126791024  1.838724147673983 -6.016407453815053
 326   2.734392607966055  1.735190148157998 -6.002403886854236
 327   2.921267666360040  1.270098169177692 -6.029976143507207
 328   2.933423334303545  1.227027053165253 -6.036590437257416
 329   2.791633715487823  1.632017086930108 -5.996073774534248
 330   2.797894422164457  1.617841486849396 -5.996468738719287
 331   2.598349572771971  1.915635898518773 -6.041804778974447
 332   2.610940475279832  1.902852671015541 -6.036684983735443
 333   2.560108834353405  1.952600683820428 -6.058054031984810
 334   2.952715498098802  0.491674001890998 -6.072665163485455
 335   2.911231817349144  0.292815002024636 -6.097236957645332
 336   2.948859168818585  0.470681461787961 -6.074826531912407
 337   2.975526799510366  0.818648799471842 -6.069817707976346
 338   2.975416760346695  0.668287359787601 -6.062540603870051
 339   2.970818961853383  0.950904824926961 -6.080193076338258
 340   2.973670703646496  0.877409965707340 -6.074232583202006
 341   2.963488575916343  1.022594391269920 -6.089769962711415
 342   2.951851014385871  1.021533059245861 -6.099344865515425
 343   2.899746383004853  0.252156677856724 -6.094973764334138
 344   2.881903189836015  0.200001371116918 -6.093290580506356
 345   2.537734547192274 -0.594283285557140 -6.122301212410296
 346   2.634184769968797 -0.399670369360286 -6.106046973283113
 347   2.620173495325351 -0.429926026618061 -6.107832012267387
 348   2.571243960661298 -0.530050713875685 -6.115672224067437
 349   2.608506720711389 -0.454147496736034 -6.109600469135918
 350   2.780519807568608 -0.071940959543071 -6.090811885757069
 351   2.804691883053509 -0.014996239459699 -6.089111079902441
 352   2.910290955182225  0.289461064505516 -6.097850912383855
 353   2.240550386931608 -1.090500283036214 -6.099216464997696
 354   2.127679695497675 -1.248138687292888 -6.103672313268611
 355   2.446695620439670 -0.764038627760423 -6.109010883340255
 356   2.410503861673608 -0.825513689519834 -6.105356360937488
 357   2.082967784072280 -1.307560023400396 -6.106844265109974
 358   2.071324797576146 -1.322040287781189 -6.108132147175010
 359   2.256348835670097 -1.066853294602275 -6.099328823972285
 360   2.354351991706284 -0.917504892488058 -6.101262190727068
 361   2.530137749156379 -0.608232282409213 -6.123982029269500
 362   2.527422334675455 -0.607217069597138 -6.126325425002855
 363   1.860812398945235 -1.576885982469184 -6.122628217943599
 364   1.496411053367026 -1.966109422263457 -6.144549838492924
 365   1.935279867527797 -1.488284025819253 -6.122908797505453
 366   1.389798309061244 -2.067842113226412 -6.157341948233531
 367   1.615207772471556 -1.842018389381331 -6.135933539872192
 368   1.777881197500143 -1.669361327685490 -6.125571037903889
 369   1.410664691840087 -2.048986497889825 -6.154283717374746
 370   1.488661192036068 -1.973830553973547 -6.145308460628336
 371   1.355665317937331 -2.097637706535303 -6.162895207189500
 372   1.946882870279894 -1.474015223541200 -6.123195979299012
 373   1.455279191103522 -0.919843248008685 -6.719723329344584
 374   0.845545260771527 -2.507513913642466 -6.150824431999423
 375   1.274723155036163 -2.169325491589590 -6.156762019388584
 376   0.913493694939050 -2.458219336195033 -6.148989890312855
 377   1.015921050672257 -2.381369457533953 -6.147884602067586
 378   1.071925961220672 -2.337188727700947 -6.148691650575524
 379   1.084363493141900 -2.327214326770121 -6.148977191438206
 380   1.354591760102540 -2.098580312932026 -6.162967497426207
 381   0.535427163021547 -2.702838980703872 -6.148466230065357
 382   0.643051040766459 -2.638914734882614 -6.155011545123836
 383   0.700645859890165 -2.602122893661219 -6.160336513569129
 384   0.238825873756681 -2.864214332694416 -6.140865343531439
 385   0.342553117024062 -2.811354790080379 -6.141000182416491
 386   0.191300463097107 -2.886448029024144 -6.142204247225483
 387   0.466374354934897 -1.955539730717174 -6.700439044619925
 388   0.707779727348115 -2.597389675060845 -6.161120301717524
 389   0.474510550629463 -1.962618256448840 -6.692530324207657
 390  -0.285717005727292 -2.687042085348337 -6.126745208288536
 391   0.021498804259670 -2.838457538136459 -6.127507729385783
 392  -0.052080292119254 -2.803829935915675 -6.126213035889601
 393   0.106110099862172 -2.871951465963418 -6.133294145243387
 394   0.152123152556281 -2.886260673828544 -6.139094179418654
 395   0.162475893240054 -2.888728159927100 -6.140910084935852
 396  -0.395642367541303 -2.623188406749291 -6.126626592718775
 397  -0.973371340995919 -2.240461779055172 -6.116133249070845
 398  -0.765962913836423 -2.388798429839094 -6.112911417997275
 399  -0.862301851010959 -2.321101817028845 -6.113638335006452
 400  -0.699843035208875 -2.433000405041487 -6.113856896268391
 401  -0.590384042237648 -2.503736664799121 -6.116980575482296
 402  -1.036321821353525 -2.192481285239546 -6.119002188408197
 403  -0.345379750232754 -2.652498455823086 -6.130087888171225
 404  -1.320417797448318 -1.964207114490492 -6.090280983528088
 405  -1.588593821111776 -1.723608841747094 -6.075314046700528
 406  -1.073765682168841 -2.163850383099865 -6.116464881866952
 407  -1.202419621544919 -2.062149352456392 -6.101411408817306
 408  -1.765914951382723 -1.539808457505869 -6.079597020993534
 409  -1.686644092178023 -1.625579045068980 -6.075615048452246
 410  -1.701342063539097 -1.610437892707418 -6.075916198846310
 411  -1.477180521628184 -1.827879194842533 -6.079056835430933
 412  -1.489925584683532 -1.816429949972731 -6.078354031311271
 413  -1.061316139280561 -2.173386718998576 -6.118096581789164
 414  -2.257795103988541 -0.914394199527886 -6.063239850594440
 415  -1.904367154277662 -1.371828958783673 -6.074975119636358
 416  -2.055790590247404 -1.179318243142722 -6.068279669382329
 417  -1.897056752109148 -1.380987141492632 -6.075363567193426
 418  -2.323210045817108 -0.827223296068955 -6.062270678274149
 419  -2.355966176916823 -0.739215985415730 -6.083079638969959
 420  -1.793199402403007 -1.507054331510376 -6.082822195642260
 421  -1.218460349393675 -0.991663621356352 -6.706434983895656
 422  -2.621024146012633 -0.333844635383078 -6.025042075697923
 423  -2.732335836869725 -0.075681291448012 -6.030333650506769
 424  -2.715439513788856 -0.119162318300195 -6.028066876086008
 425  -2.650470003452658 -0.273623097253944 -6.023690525920042
 426  -2.686726152789943 -0.189904658115731 -6.025288018328962
 427  -2.610864954410540 -0.353826214933769 -6.025779570967355
 428  -2.360104608041199 -0.731124524456657 -6.083492304236694
 429  -2.903190921497273  0.822062804535614 -6.033967479203660
 430  -2.903173904721152  0.700391610666112 -6.019328886364210
 431  -2.880142161713301  0.437094797041141 -6.006742414145904
 432  -2.863880892622140  0.361052013634713 -6.011085555642635
 433  -2.893202676184535  0.523985284908919 -6.006363069199534
 434  -2.901169615734207  0.649957264027804 -6.014919193287589
 435  -2.796531852799652  0.106615928020332 -6.036360516879954
 436  -2.836274941526946  0.248980200098248 -6.020508662100841
 437  -2.784910078074721  0.073050979068903 -6.041967283956699
 438  -2.702877841363648  1.563293675011214 -6.049454696985287
 439  -2.742502117094739  1.498779370449236 -6.032153876033187
 440  -2.849034699418678  1.233732601679654 -6.005745089092187
 441  -2.874910466152825  1.085577203204385 -6.017720296212781
 442  -2.898185695687219  0.913039638397191 -6.037112347115148
 443  -2.892428564208137  0.968960558469347 -6.029408662313461
 444  -2.619936713140666  1.673922892633763 -6.091027024985296
 445  -2.660608458677138  1.622091507508483 -6.070110546189786
 446  -2.835225843260927  1.295454484335759 -6.003161202730974
 447  -2.750098705397593  1.484931982544874 -6.029161686375222
 448  -2.824166745968286  1.330438292350825 -6.004263113372783
 449  -2.788390061225201  1.409706297237894 -6.015270411347490
 450  -2.900114756891412  0.878041494275595 -6.043262907442084
 451  -2.863106426149729  0.874096099343644 -6.073513860009550
 452  -1.794123934163675  2.184131345257821 -6.031008472794722
 453  -2.461891314581398  1.840711982080002 -6.034840265052907
 454  -2.361541906073660  1.925562577992779 -6.008334079579689
 455  -1.639193229497285  2.231216593124423 -6.055542473402030
 456  -2.561863018352512  1.738249602400229 -6.075233463151414
 457  -2.487934019240236  1.815708106108904 -6.044046310317656
 458  -2.119929140140447  2.066866964193922 -5.993649921642888
 459  -2.392598451122638  1.901483103562274 -6.014836524689679
 460  -2.377440964410443  1.913500100798398 -6.011456426061855
 461  -2.218895096975069  2.017746515173410 -5.992832671836821
 462  -2.170593515205383  2.043902953721089 -5.991529066389402
 463  -2.025119067967714  2.105552628964947 -6.000963287993844
 464  -2.000162607804453  2.114658518107437 -6.003728581972271
 465  -1.552506524727119  2.254621513656467 -6.071563137009689
 466  -1.549071807866150  2.252089302742002 -6.074896464128671
 467  -2.608569516985763  1.686213122863839 -6.097354911597676
 468   0.744789860279627  1.387985555227973 -6.905863013500722
 469  -0.785776788697562  1.339447679863734 -6.905101820131792
 470  -0.063586733343328  1.728665328621136 -6.792143818017548
 471   0.857432855729505  1.361790535259401 -6.905936410721909
 472   1.839726555102888  0.853926664651337 -6.906739584831072
 473   1.990951691608275  1.364358625841481 -6.709363010425763
 474   2.023109079871966  1.336667644287648 -6.713101972898269
 475   2.021891846065577  1.355149900335312 -6.707110750242063
 476   1.841806006987588  0.842827555750148 -6.906747136647525
 477   1.570455813369212 -0.110950121887920 -6.907163935118989
 478   2.184631045743791  0.510169269871986 -6.708952072220006
 479   2.178996870556681  0.496896496959985 -6.709798591019369
 480   2.185052378099107  0.508177830357547 -6.708505948393047
 481   1.549354302947958 -0.153108966128117 -6.907177660519225
 482   0.849540857619104 -1.169360550509057 -6.907409909898417
 483   1.453548681402320 -0.919613904011455 -6.720918898211477
 484   1.447101291588251 -0.924969963046503 -6.722110760897941
 485   0.779210198643976 -1.240252884361484 -6.907415014229221
 486   0.208523571407807 -1.612074314232959 -6.907337683554479
 487   0.465537955757617 -1.950300270455305 -6.703587171931667
 488   0.200402195198383 -1.612116400520247 -6.907333518791509
 489  -0.412963632116893 -1.303070634155777 -6.906836713362054
 490  -0.058275400985667 -1.938388793470338 -6.712100488074807
 491  -0.083482030043092 -1.917066659688314 -6.715762526878777
 492  -0.067700002720751 -1.933856622972430 -6.712000411416922
 493  -0.469390880436649 -1.256414705566177 -6.906780370331832
 494  -1.311171797276524 -0.301668837723692 -6.905788809080013
 495  -1.209795687730996 -0.993933503410928 -6.710076257772248
 496  -1.214281514194653 -0.990402043244146 -6.709543012391746
 497  -1.353333178284572 -0.230654162597366 -6.905725605433702
 498  -1.733388943779524  0.702074391779801 -6.904985073202016
 499  -2.043547758273454  0.349467909519925 -6.687033656625689
 500  -2.049687812807399  0.370769857417249 -6.688238025678870
 501  -2.051271610201056  0.363363337485150 -6.686031122470371
 502  -1.731843293066134  0.729091320577478 -6.904970099263731
 503  -0.860559231848658  1.315487378353245 -6.905077231281077
 504  -1.956916406365668  1.203661861884713 -6.720695051899782
 505  -1.935877178253241  1.234306318936751 -6.715846222760090
 506  -1.959556448682152  1.224691839678205 -6.713982661269003
 507   0.259235983640109  2.060687195693093 -5.354762856767163
 508  -0.404826652323174  2.042428221267936 -5.354762856767169
 509  -0.059922475662954  1.737922091716895 -4.975115843740178
# FACETS (SIDES) 
# id  num_verts  verts_list 
# plane coeff
   0    8     253 255 290 289 259 260 254 252
       0.168414422167869  0.671908290034062  0.721232162475694  2.373918950182785
   1    8     265 258 256 257 260 259 268 270
       0.637498841109956 -0.019835799401245  0.770195928738640  2.682433959421339
   2    7     264 263 261 262 265 270 269
       0.608436003808144 -0.330598092235067  0.721464157585469  2.582261341585253
   3    7     266 269 270 268 275 276 267
       0.450770805713169 -0.508581682343072  0.733587317980478  2.680789169210831
   4    9     274 273 271 272 276 275 284 286 279
      -0.382151602919004 -0.559021148380407  0.735836604179139  2.740168577069460
   5    5     285 278 277 279 286
      -0.538494899954841 -0.424083121616117  0.728132370302925  2.689296524547937
   6    9     286 284 291 292 283 282 280 281 285
      -0.618975152366864 -0.079616283033354  0.781364836826159  2.807820174016976
   7    6     291 289 290 288 287 292
      -0.227431611573562  0.647824736260507  0.727047435279196  2.422040028489790
   8    7     304 319 473 471 468 470 305
       0.136670171211054  0.589934538735991 -0.795800543042975 -6.416300712340577
   9    5     476 472 474 342 478
       0.573352562412588  0.107971944759024 -0.812163098349016 -6.756411077876917
  10    6     481 477 479 362 373 483
       0.524721902435725 -0.262372216899675 -0.809831923860367 -6.446804649523715
  11    8     387 487 485 482 484 371 380 389
       0.420435142208141 -0.417046046487545 -0.805795809312464 -6.410815984392544
  12    8     488 486 487 387 386 293 395 490
       0.002227963913194 -0.514768479227333 -0.857326337499776 -6.752152144247242
  13    6     402 413 495 493 489 491
      -0.375433488826441 -0.453085445496302 -0.808556290277322 -6.330008986460935
  14    7     497 494 496 421 419 428 499
      -0.508798366432198 -0.301355645523032 -0.806417384006151 -6.326979821809926
  15    5     502 498 500 451 504
      -0.589035550448787  0.034146477728808 -0.807385371657308 -6.619985017839266
  16    6     505 466 305 470 469 503
      -0.183813207218599  0.572879270882672 -0.798762822022251 -6.427316578113706
  17   10     253 101 100  99 103 104 102 507 509 255
       0.105755534061608  0.711969077997581  0.694201555018871  2.222723499268176
  18   15     115 114 254 260 257 129 110 109 107 108 105 112 113 106 111
       0.231053331969023  0.644949461212266  0.728460397185750  2.375287295576089
  19   16     127 119 129 257 256 121 122 124 123 120 126 125 118 117 116 128
       0.607892167016309  0.172666969192924  0.775018213353690  2.597981442218548
  20   10     135 132 258 265 262 143 133 130 131 134
       0.657430687257218 -0.143584700874337  0.739708270284529  2.569638434774162
  21   10     261 141 142 137 136 138 139 140 143 262
       0.639287198787987 -0.271977763199673  0.719263493992787  2.532040902022457
  22   11     159 146 147 149 148 150 151 145 144 263 264
       0.588133011340881 -0.382680137931386  0.712499454739386  2.542816022762177
  23   11     266 152 157 158 154 155 156 153 159 264 269
       0.517690087981680 -0.468002054968952  0.716219972739073  2.578376631883928
  24   16     183 161 165 164 167 166 162 163 160 168 169 171 170 267 276 272
       0.328693172277357 -0.595817895382646  0.732776796876131  2.641113282249679
  25   14     271 173 182 181 177 178 174 172 176 175 179 180 183 272
      -0.288646717402355 -0.619220952615479  0.730238648918848  2.672187630051070
  26   12     197 185 190 189 186 192 191 184 188 187 273 274
      -0.477671028482017 -0.508073460898355  0.716722921971734  2.637256335823944
  27    8     195 193 197 274 279 277 194 196
      -0.520912862468922 -0.459876841966049  0.719140514738092  2.647688617782094
  28   12     216 201 200 199 204 205 203 202 198 278 285 281
      -0.601720024933019 -0.319963260042720  0.731817274883178  2.644959822000803
  29   13     280 208 211 212 207 209 210 213 214 206 215 216 281
      -0.631394527214708 -0.191190177494714  0.751523297731252  2.688376337591056
  30   14     283 245 219 227 226 217 225 224 220 221 223 222 218 282
      -0.604663475187436  0.119956196362432  0.787396083765033  2.720095439325315
  31   21     240 239 230 243 244 232 238 237 229 234 233 235 236 228 245 283 292 287 231 241 242
      -0.323043558293864  0.601030134182241  0.731030530996973  2.403882007771314
  32   11     246 288 290 255 509 508 249 251 250 248 247
      -0.155050134768620  0.697110610383237  0.699997323280127  2.261752855544189
  33   14     295 296 300 301 299 304 305 466 465 294 302 303 298 297
      -0.022741795145106  0.784658543094435 -0.619510921213256 -5.565814489695153
  34   17     314 308 316 315 307 318 317 306 311 310 312 313 309 333 475 473 319
       0.236435544602141  0.609274083182591 -0.756890563298752 -6.380253646710750
  35   18     332 321 325 326 322 329 330 324 323 327 328 320 341 342 474 475 333 331
       0.593799249096991  0.283237081129070 -0.753113011204384 -6.635638935808489
  36   12     342 341 339 340 337 338 334 336 335 352 480 478
       0.636949781479170 -0.037731243544159 -0.769981382329631 -6.538019136780035
  37   14     480 352 343 344 351 350 346 347 349 348 345 361 362 479
       0.586706082465998 -0.225819462631727 -0.777677017208378 -6.384277972035807
  38   12     373 362 361 355 356 360 359 353 354 357 358 372
       0.529886033464010 -0.357668230517282 -0.768956584222032 -6.267306323275003
  39   13     366 371 484 483 373 372 365 363 368 367 364 370 369
       0.481910653069369 -0.407488887955142 -0.775702861056562 -6.288649059688186
  40    9     380 375 379 378 377 376 374 388 389
       0.386691853678265 -0.504287235158664 -0.772116438599062 -6.340625377772743
  41    9     384 386 387 389 388 383 382 381 385
       0.280928036175383 -0.553270612629649 -0.784200910284511 -6.467450694586755
  42    9     490 395 394 393 391 392 390 403 492
      -0.268760493039935 -0.541291865137721 -0.796725118291534 -6.412595266226687
  43   10     492 403 396 401 400 398 399 397 402 491
      -0.348708362608705 -0.504726171851227 -0.789717651629468 -6.300260809959569
  44   14     407 404 411 412 405 409 410 408 420 421 496 495 413 406
      -0.443538686217506 -0.446018320792140 -0.777393781391522 -6.196275297553238
  45    8     419 421 420 417 415 416 414 418
      -0.508194056609706 -0.372727688267390 -0.776410246728763 -6.195779637420306
  46   10     427 422 425 426 424 423 437 501 499 428
      -0.575264238557199 -0.263904654704287 -0.774225670630093 -6.260626854453391
  47   13     435 436 432 431 433 434 430 429 450 451 500 501 437
      -0.636057873881581 -0.092261245887075 -0.766105895800710 -6.393410967343653
  48   17     440 446 448 449 447 439 438 445 444 467 506 504 451 450 442 443 441
      -0.612840357920518  0.169420439337508 -0.771831205924286 -6.590444438909171
  49   18     455 465 466 505 506 467 456 457 453 459 460 454 461 462 458 463 464 452
      -0.297649348060855  0.587168178407564 -0.752753874692446 -6.356337238941290
  50    3     469 470 468
      -0.009846472986782  0.295511988242355 -0.955288287259281 -6.999922868051336
  51    5     475 474 472 471 473
       0.161540115893927  0.313925247600083 -0.935604472988561 -7.027235229892548
  52    5     480 479 477 476 478
       0.409447805177991 -0.116092644790950 -0.904917119221627 -6.906311069162282
  53    4     483 484 482 481
       0.382263596545722 -0.263032772606139 -0.885826339239841 -6.751094325536966
  54    3     487 486 485
       0.236501114778113 -0.363178943920538 -0.901203793490392 -6.859706427398444
  55    5     492 491 489 488 490
      -0.194844006870317 -0.385258585717085 -0.902004232317117 -6.812478585753513
  56    4     495 496 494 493
      -0.343267968383125 -0.301728960203801 -0.889453054666999 -6.683480454906013
  57    5     501 500 498 497 499
      -0.426811871482978 -0.173206895536866 -0.887598443948433 -6.747080859727592
  58    5     506 505 503 502 504
      -0.186785841873084  0.277359576046446 -0.942434461833341 -7.033186046537050
  59   18     468 471 472 476 477 481 482 485 486 488 489 493 494 497 498 502 503 469
      -0.000515839882285  0.000583754065527 -0.999999696570158 -6.906286967952700
  60    6     268 259 289 291 284 275
       0.000000000000000  0.000000000000000  1.000000000000000  3.534761358029574
  61    4     297  93  91 295
      -0.039245125559960  0.998855145706227  0.027353574098735 -2.183163372185100
  62    5     439 219 245 228 438
      -0.852631803489472  0.522493441171530 -0.004428499861441 -3.148160309599310
  63    5     309 119 127 331 333
       0.695906910083152  0.718120223356950 -0.004113065071623 -3.208716638024477
  64    5     429 218 222 442 450
      -0.998488979286892  0.054950173409501  0.000486502709477 -2.941041092015985
  65    7      34 152 266 267 170  84  35
       0.643133892711516 -0.765100181506339 -0.031630812583623 -2.674579832638561
  66    8     397 173 271 273 187 406 413 402
      -0.606593439247460 -0.794827851074395  0.017119772732088 -2.266515279437107
  67    8     132 339 341 320  26 121 256 258
       0.994790968321152  0.101924335566627  0.001535957671016 -3.042925295039883
  68    7     414 194 277 278 198  95 418
      -0.799354738617409 -0.600172514480882  0.028722024851830 -2.179424955486433
  69    5     452  66 241 231 455
      -0.286401368098977  0.957660998096862  0.029320113832592 -2.428667098410177
  70    7      67 308 314  39 252 254 114
       0.210391951626636  0.977229244393812  0.027535987220973 -2.467508884203161
  71    6     423 215 206  30 435 437
      -0.943146916556547 -0.331209622680067  0.027822286642276 -2.434282820152109
  72    6     153 363 365  71 146 159
       0.765183682390594 -0.643204082537680 -0.027972136315141 -2.609385776402853
  73    4     453 229 237 459
      -0.655207803647204  0.755060128644138 -0.024226765605519 -3.149103287599320
  74    6     144 345 348 141 261 263
       0.887250288838504 -0.460889620626193 -0.019175050326767 -2.642900141880311
  75    4     105 306 317 112
       0.418615859899543  0.908047995870864  0.014477535545569 -2.813312041524996
  76    4       4   1  24  25
       0.156424829721863 -0.987627505588855 -0.011098776996720 -2.954679311835284
  77    5     382 162 166  58 381
       0.508707271572498 -0.860177020055440 -0.036227144764770 -2.820037047535910
  78    4     322   5  44 329
       0.876103866657967  0.481642176499298 -0.021513452628028 -3.360805603367296
  79    6     335   6  56  57 343 352
       0.962425125793525 -0.271431957780645  0.007910090813849 -2.674133600710744
  80    6     390   0  11  12 396 403
      -0.502057664372371 -0.864355568222960  0.028767226611614 -2.289756733288723
  81    4     405 186 189 409
      -0.706290281356934 -0.706290281356935  0.048042449162015 -2.047503584429891
  82    5     323  18 120 123 327
       0.953328528853007  0.301498224133882 -0.016233820224353 -3.265749697910478
  83    4     440 220 224 446
      -0.975906092231551  0.218140856434426  0.004676098737047 -3.021434349457114
  84    5     393 179 175  13 391
      -0.368124378511290 -0.929776045976489 -0.000972766160013 -2.637176224688216
  85    5     431 209 207  23 433
      -0.988858515194034 -0.148668226758325  0.007522983502903 -2.737882369090348
  86    5      97 204 199 422 427
      -0.890693908934086 -0.453831214311592  0.026487534883125 -2.326450846137582
  87    4      63   2  14  64
       0.998166562095669 -0.023523098769147  0.055768971107695 -2.616276002341728
  88    5      37   9  80  81  38
      -0.460233567036456  0.885987331915771  0.056670199026237 -2.471646534539678
  89    6      85 353 359  88 150 148
       0.831381828911279 -0.555511578032796 -0.014530699489347 -2.557164293103088
  90    5     136  78  77  52 138
       0.926300802944962 -0.375190452007146  0.034625816758501 -2.393912034964742
  91    4     154 364 367 155
       0.723120651635820 -0.689822793857677 -0.035228344442745 -2.654815148877531
  92    5     444 235 233 456 467
      -0.739460198350458  0.672857009542943 -0.021495575461705 -3.194579804362526
  93    5      70 185 197 193  69
      -0.764254596033801 -0.642423103863578  0.056634513006623 -1.994641962345987
  94    5      21 374 376 168 160
       0.587482164689740 -0.808599830078224 -0.032109515239628 -2.721818075466849
  95    5      15   7 336 334  16
       0.981337702809377 -0.171270846630636 -0.087422023193472 -3.344286296152195
  96    4     404 184 191 411
      -0.655270063360626 -0.755131876610160  0.019924682948058 -2.227118740551308
  97    7     384  61  51  24   1 293 386
       0.424143996521433 -0.901351873603272 -0.087559523563676 -3.220652759491643
  98    4     106 307 315 111
       0.338704687105065  0.940788460356174  0.014007419238370 -2.713718649885640
  99    4      46 217 226  48
      -0.904801174027196  0.425767114096102  0.007563070360978 -3.077995143517974
 100    4     436 213 210 432
      -0.970227556183008 -0.241005777419258  0.023972994674974 -2.547496816396935
 101    4     100  50  49  99
       0.031370762376525  0.998233844684157  0.050448653054385 -2.128625232085346
 102    4     109 312 310 107
       0.568560638904737  0.822638764649509  0.002064651100839 -3.064446572273980
 103    5      75 177 181 398 400
      -0.555465481285120 -0.831312840253062  0.019418051680771 -2.292603936247649
 104    4     208 430 434 211
      -0.999215796355956 -0.039259295562567  0.005147817466047 -2.842413937537989
 105    5      20 230 239 463 458
      -0.375173266205550  0.926258373235661  0.035922782958551 -2.494484986314891
 106    4     392   3   0 390
      -0.445636726756648 -0.891859088554563 -0.077429154252421 -2.998177596155397
 107    4     443 223 221 441
      -0.988885761788788  0.148672323100589 -0.001220850229398 -3.011700046305615
 108    3     350  79 346
       0.911173960473937 -0.402825793984954 -0.086564389067512 -3.089764329202195
 109    6     454   8  10   9  37 461
      -0.521139582890634  0.835619438223841 -0.173648177666939 -3.883066747330338
 110    5     321 116 117  29 325
       0.827040260001541  0.562055980300472 -0.009873365437287 -3.298788849963796
 111    4     330  45  19 324
       0.928745559004981  0.367716379856574 -0.047078133073662 -3.475741387129562
 112    5      95 198 202  72  96
      -0.831271817192168 -0.555438070552160  0.021810908356257 -2.263209172910870
 113    4     247 302 294 246
      -0.225722577939836  0.973833899677275  0.026397985672127 -2.388632970226509
 114    6      99  49 300 296  92 103
      -0.027465448138518  0.998893884403890  0.038166174278517 -2.126125988862478
 115    6      56   6   7  15 130 133
       0.975114607219413 -0.209936682154650  0.071260734442099 -2.348222435619081
 116    5     164  62  60  59 167
       0.467741914104097 -0.883410748448067 -0.028336395618750 -2.817882315013231
 117    5     344  53  52  77 351
       0.939997674315526 -0.338419986612079 -0.043316104890478 -2.905235448625942
 118    5     147 357 354  86 149
       0.799445101751354 -0.600240361040975 -0.024475258183875 -2.599535282688337
 119    5      10   8  33 238 232
      -0.568195966591571  0.822111127735012  0.035869725442737 -2.714405152882567
 120    5      26 320 328  32  27
       0.986112778820831  0.164134170127196 -0.025329067154467 -3.246984507312139
 121    5      54 200 201  36  55
      -0.920158285396035 -0.389636698405337  0.038626067270906 -2.314365850386490
 122    4     355  41  42 356
       0.860096780496252 -0.508659818029478 -0.038713275529205 -2.729530596896212
 123    5      11   0   3 172 174
      -0.460820908949375 -0.870339244357063  0.173648177666936 -1.414111315097235
 124    5      69 193 195 415 417
      -0.779311149003141 -0.624345961322238  0.053537403934217 -2.015352028295152
 125    3     340  31 337
       0.999504272031042  0.031410687164315 -0.002139841948099 -3.012754519539954
 126    5     131  17   2  63 134
       0.981134790866641 -0.084975482017043  0.173648177666925 -1.816875236084407
 127    6     293   1   4  28 394 395
      -0.240702474225928 -0.969006535180165 -0.055575657257904 -3.101373229955384
 128    4     236 445 438 228
      -0.813568425839279  0.581384582988931 -0.009918827560922 -3.167854409946725
 129    6      50 100 101  40 299 301
       0.156380067634170  0.987344888890299  0.026369391895457 -2.417703159041743
 130    5     374  21  43 383 388
       0.548330352893798 -0.834753183995821 -0.050209022139482 -2.865620234635722
 131    5     152  34 366 369 157
       0.672673281951991 -0.739258284364400 -0.031746570626465 -2.659024093798658
 132    6     338  14   2  17  16 334
       0.977981515681082 -0.115751740285359 -0.173648177666927 -3.885296296054420
 133    5     464 240 242  66 452
      -0.316374180210500  0.948292103513393  0.025484593586702 -2.485111196764013
 134    6     172   3 392 391  13 176
      -0.425777703844040 -0.904823678387077  0.002730922806738 -2.542416128482440
 135    4     347 137 142 349
       0.901305136044996 -0.432800561637757 -0.018240767115277 -2.659059595763694
 136    5     396  12  22  76 401
      -0.522472090054818 -0.852596961633655  0.010066584664612 -2.381560354766546
 137    4     108 311 306 105
       0.467868503106423  0.883649833468923  0.016187514055589 -2.865512827426646
 138    4     169 377 378 171
       0.618830004871079 -0.784982118956324 -0.029197568222379 -2.677518151621202
 139    4     229 453 457 234
      -0.690196413374294  0.723512305826903 -0.012603740805744 -3.107027888464113
 140    4     184 404 407 188
      -0.637262073134803 -0.770317519211522  0.022538184038185 -2.217251461006931
 141    4     125  44   5 118
       0.896728100892933  0.439302563687057  0.053777045353315 -2.901405438488081
 142    4     156 368 363 153
       0.744639184444757 -0.666954484368783 -0.026157231692535 -2.597496009365370
 143    3     214  30 206
      -0.959530643482632 -0.278769421788962  0.039856664351824 -2.414093096167733
 144    4     230  20  82 243
      -0.419310747405329  0.891080696403718  0.173648177666940 -1.697009862303628
 145    3     303  83 298
      -0.054939056150759  0.998286969727472  0.020120292781310 -2.243522289189142
 146    4     116 321 332 128
       0.739597147112986  0.672981623328815 -0.009580952147087 -3.269466196250609
 147    6     180  28   4  25 161 183
      -0.023525300690984 -0.998259997266760  0.054069752027988 -2.556752158351023
 148    4     122  27  32 124
       0.972356972104661  0.233442255245780  0.005160645814276 -3.107650556540637
 149    5     185  70 408 410 190
      -0.738245498477167 -0.671751717701595  0.061181808923537 -1.966086996542302
 150    6     118   5 322 326  29 117
       0.856717501484353  0.515785887821012  0.000201432616193 -3.236379514361528
 151    4     307 106 113 318
       0.382683395445946  0.923879443380593  0.000439259294611 -2.850564561553838
 152    4     173 397 399 182
      -0.587686034346342 -0.808880432587705  0.018373100201038 -2.271930107346562
 153    4     336   7   6 335
       0.976074872478443 -0.194153363624489 -0.097889298237799 -3.381583454284930
 154    3     212  23 207
      -0.995381346184913 -0.094091239851169  0.019047683596199 -2.716269655493352
 155    4     308  67  68 316
       0.233388487699866  0.972133014158008  0.022072983333372 -2.530072452139628
 156    4     217  46  47 225
      -0.932553068554347  0.360777573165145  0.013576340852336 -3.032492386954551
 157    5     252  39  40 101 253
       0.187210878817771  0.981393795144302  0.042641595942704 -2.351228006611231
 158    4     186 405 412 192
      -0.684008888217765 -0.728395483772724  0.039646690386417 -2.101215094517809
 159    4      74  73 203 205
      -0.871798998168989 -0.488230897755377  0.039963699384877 -2.216026331681379
 160    5     119 309 313 110 129
       0.673010188142250  0.739628539433076  0.002628747387733 -3.152475754227142
 161    4      33   8 454 460
      -0.600112144194440  0.799274332945094 -0.032030533644097 -3.148692868809059
 162    7     455 231 287 288 246 294 465
      -0.256206985717251  0.966289376357534  0.025353926880218 -2.422441865535716
 163    6     218 429 430 208 280 282
      -0.999999324344259 -0.000000000000004  0.001162459042973 -2.896174719878450
 164    5      80   9  10 232 244
      -0.511395320853027  0.849424794080500  0.130201171311663 -2.076904540453906
 165    4     219 439 447 227
      -0.876296966083170  0.481748333806632  0.004708514411755 -3.096878265685235
 166    6     343  57 140 139  53 344
       0.946057881811297 -0.323908010712787 -0.007621342323249 -2.708104234492239
 167    5      11 174 178  22  12
      -0.481197986912650 -0.859240832237484  0.173648177666942 -1.390352012004634
 168    4     364 154 158 370
       0.706853384878975 -0.706853384878976 -0.026769097300243 -2.611978370904974
 169    4     441 221 220 440
      -0.985108184096713  0.171928900958368  0.001522708417442 -3.009576690855979
 170    5     381  58  59  60 385
       0.487785418897768 -0.871003538431493 -0.058465555248777 -2.974829371076479
 171    4     353  85  86 354
       0.812949073080438 -0.580941986971210 -0.040251861467504 -2.700475577675200
 172    4      71 365 372 358
       0.774971105417163 -0.630925673165109 -0.036777448384226 -2.663967541342072
 173    5     120  18  19  45 126
       0.935440728318280  0.353473595864119 -0.002657222282006 -3.208247432022731
 174    4     295  91  92 296
      -0.031393498377289  0.998957315959268  0.033147083598564 -2.151408985898940
 175    4     416 196 194 414
      -0.794627250121142 -0.606440345439810  0.028242535080181 -2.177389784869280
 176    3     176  13 175
      -0.389615092370495 -0.920107261013452  0.040033836032209 -2.358266315823319
 177    4     209 431 432 210
      -0.977298703269101 -0.210406905731223  0.024822945214974 -2.573686398249624
 178    4     311 108 107 310
       0.515785095831421  0.856716185994014  0.001763965431278 -3.008532165396280
 179    6      14 338 337  31  65  64
       0.999885692975211  0.000000000000002  0.015119556325569 -2.883413725173053
 180    4     442 222 223 443
      -0.994785831267673  0.101923809234178  0.003561884371909 -2.954631048258882
 181    5     200  54 425 422 199
      -0.897398345947043 -0.439630913350983  0.037428180795905 -2.273364791177631
 182    5     130  15  16  17 131
       0.973863090812687 -0.146413765560881  0.173648177666926 -1.760995037893276
 183    4     324  19  18 323
       0.937076974131875  0.345705947308391 -0.048725173652414 -3.475822110027278
 184    6      41 355 361 345 144 145
       0.879467248307909 -0.474534778750386 -0.036798137317487 -2.739151787295310
 185    6     137 347 346  79  78 136
       0.907673726751947 -0.418443319472426 -0.032149559143610 -2.754526421461916
 186    4      55  36 424 426
      -0.926672511495510 -0.375341009470391  0.019929451782512 -2.440913590749776
 187    4     456 233 234 457
      -0.717881812753165  0.695675874135109 -0.026091781552474 -3.206886843655810
 188    6      20 458 462  38  81  82
      -0.411219299818793  0.910749793861323  0.037861595820830 -2.527225287427612
 189    4     235 444 445 236
      -0.790031974786145  0.612811615915676 -0.017646592144732 -3.203119037702834
 190    4     163  43  21 160
       0.555291919438794 -0.831053086593682 -0.031648877848893 -2.748107893538087
 191    5      22 178 177  75  76
      -0.535592046800827 -0.843958021562637  0.029597588479124 -2.248882310604005
 192    5     433  23 212 211 434
      -0.998015060976165 -0.062789785475447  0.004835380511254 -2.825515870728671
 193    5     161  25  24  51 165
       0.323872488646414 -0.945954130345533 -0.016655160767914 -2.898514949077576
 194    4     110 313 312 109
       0.619093601393281  0.785316489550680  0.001060166823695 -3.118774308807509
 195    4      27 122 121  26
       0.991099262723002  0.133121273430864  0.000988933803428 -3.068952113343927
 196    5     179 393 394  28 180
      -0.301298040909092 -0.952695555376158 -0.039883195845587 -2.948740003243583
 197    3     325  29 326
       0.839962538643135  0.542356941184015 -0.017660181927137 -3.343883322403800
 198    4     375  35  84 379
       0.636900746948786 -0.769880750881858 -0.040510096984149 -2.731405094481351
 199    6      93 297 298  83 248 250
      -0.047093134538399  0.998607506232720  0.023775726592811 -2.211612434772932
 200    5      30 214 213 436 435
      -0.962160372398057 -0.271357289600715  0.024751548787642 -2.512371847823528
 201    6     339 132 135  65  31 340
       0.999210961510863  0.039259105601000  0.006014733904914 -2.969235800841858
 202    5     124  32 328 327 123
       0.962454524853010  0.271440249172940  0.001216025862726 -3.149010440368573
 203    5     238  33 460 459 237
      -0.619017157781579  0.785219521291531 -0.015749976340094 -3.068874678203044
 204    5      89 360 356  42  87
       0.851743315456247 -0.521948975004505 -0.045854030001158 -2.763961768901220
 205    6     366  34  35 375 380 371
       0.660781464961971 -0.749509448514170 -0.040043003767144 -2.714778631390574
 206    4     188 407 406 187
      -0.619028644334693 -0.785234091914689  0.014524406633844 -2.274982782072908
 207    5     446 224 225  47 448
      -0.953445851331095  0.301535328361577  0.004177837885724 -3.068779376848620
 208    6      36 201 216 215 423 424
      -0.932197874309490 -0.360640158875299  0.030753844300624 -2.388915429832796
 209    4     461  37  38 462
      -0.473896658938903  0.878284604801406 -0.063546121953929 -3.204503949474925
 210    5      48 226 227 447 449
      -0.891003871242798  0.453989147996264  0.002440272930190 -3.109778798342012
 211    4     240 464 463 239
      -0.338451162195677  0.940084267830190  0.041138548668759 -2.417929883434172
 212    6      39 314 319 304 299  40
       0.195019942993924  0.980431461165481  0.026858365392702 -2.454531389175286
 213    5      42  41 145 151  87
       0.864469623775839 -0.502123913109113 -0.023745430146678 -2.643867610084614
 214    5     111 315 316  68 115
       0.278921139203977  0.960052858250371  0.022394362470238 -2.588931268667278
 215    5      73  74  98  96  72
      -0.864583306159971 -0.502189945092198  0.017348364700743 -2.341096683927032
 216    5      43 163 162 382 383
       0.535435820273020 -0.843711847945777 -0.038194240462157 -2.805882180031170
 217    6     126  45 330 329  44 125
       0.914511061353488  0.404301110850580 -0.014495876210285 -3.299724576417304
 218    4     155 367 368 156
       0.728447787581410 -0.684058004763408 -0.037795064318701 -2.668549955313645
 219    4     128 332 331 127
       0.712638189030522  0.701531101017866 -0.000962205777301 -3.201374754509329
 220    5     448  47  46  48 449
      -0.911402647394301  0.411514074491840  0.001175082032621 -3.114391629800047
 221    4      49  50 301 300
       0.023549287530956  0.999277841974091  0.029819885921784 -2.243209597721534
 222    5     165  51  61  62 164
       0.439483310651403 -0.897097051350961 -0.045511538276503 -2.954756527360111
 223    4      52  53 139 138
       0.932056163812920 -0.360585335218856  0.035348600021046 -2.405706366235675
 224    4      54  55 426 425
      -0.917636371438938 -0.397096717453349  0.016052625958266 -2.444126459414059
 225    5     140  57  56 133 143
       0.964722676744603 -0.257820038039248  0.053282126085297 -2.410949139094601
 226    4     167  59  58 166
       0.481511716128272 -0.875866560124045 -0.031689684247075 -2.822185771219255
 227    4     318 113 112 317
       0.397146689393198  0.917751849778463  0.002459539028350 -2.856583712535880
 228    5      61 384 385  60  62
       0.453377474773380 -0.889803394949632 -0.051949819097113 -2.975882752345425
 229    4     196 416 415 195
      -0.784694040295373 -0.618602901966624  0.039821009572776 -2.101051289007961
 230    5     134  63  64  65 135
       0.990590511414997 -0.031130560951746  0.133271628148695 -2.124567901047501
 231    3     241  66 242
      -0.301311069299112  0.952736750762726  0.038785606401206 -2.388107666164649
 232    4     349 142 141 348
       0.897967581437813 -0.439909778940444 -0.011558939367171 -2.612758897437376
 233    4     377 169 168 376
       0.599949622528066 -0.799057874408568 -0.039584893256039 -2.755716823510995
 234    4     157 369 370 158
       0.695505245081116 -0.717705737228423 -0.034218837123177 -2.662286489399283
 235    4      67 114 115  68
       0.225668487330270  0.973600536804484  0.034288898496292 -2.446349427891837
 236    5      69 417 420 408  70
      -0.769738217072414 -0.636782832726881  0.044840842125344 -2.067201567402168
 237    4     190 410 409 189
      -0.716835861746966 -0.694662277095022  0.059922183660500 -1.974211291538577
 238    5     146  71 358 357 147
       0.780176473379803 -0.625039216872980 -0.025507797934451 -2.598130902513440
 239    4     192 412 411 191
      -0.666754695479462 -0.744416124792122  0.035816325964153 -2.127890314506808
 240    4     203  73  72 202
      -0.843398441637612 -0.535236926581892  0.046909498680105 -2.131569829120834
 241    5     204  97  98  74 205
      -0.879360274211226 -0.474477058659730  0.039962844553009 -2.227215422919912
 242    4     398 181 182 399
      -0.574956872685897 -0.818080880562353  0.012971792843630 -2.315330543915776
 243    4     401  76  75 400
      -0.542372137934345 -0.839986074252292  0.015995594854571 -2.325467044198201
 244    5      79 350 351  77  78
       0.920374409953635 -0.389728215332799 -0.031982240009271 -2.781954506609005
 245    5      81  80 244 243  82
      -0.443842940235253  0.888269158201032  0.118242746044548 -2.073509703604486
 246    4      88 359 360  89
       0.835021077540823 -0.548506326061536 -0.043366004347173 -2.733778137433384
 247    5     248  83 303 302 247
      -0.195004676471785  0.980354711175758  0.029627967018187 -2.340904457670377
 248    5     171 378 379  84 170
       0.625006496099251 -0.780135631177960 -0.027482299763734 -2.662265079463232
 249    4      85 148 149  86
       0.804288965378023 -0.594057047526467 -0.014679388791275 -2.542805760937276
 250    5      89  87 151 150  88
       0.848183327164763 -0.528975135227806 -0.027755176642171 -2.651954645970521
 251    5     507 102  90 249 508
      -0.022050814501855  0.801968482033683  0.596959224239306  1.549685263272395
 252    3     508 509 507
      -0.021183411931374  0.770421823169824  0.637182452240040  1.829854044579080
 253    4      90 102 104  94
      -0.020861571409577  0.885228737003182  0.464687936170151  0.616011062295110
 254    4     249  90  94 251
      -0.033851986980872  0.861590602801456  0.506473766489115  0.905226884364357
 255    8     251  94 104 103  92  91  93 250
      -0.030452997185564  0.969030082783476  0.245057776091814 -0.842265892066186
 256    8     428 419 418  95  96  98  97 427
      -0.732027889784946 -0.402435737944130 -0.549709600973426 -5.366047160511751
# EDGES (BONES) 
# id  facets[2]  vertices[2]    (actual bones 1530/2)
   0     0  17   253 255
   1     0  32   255 290
   2     0   7   290 289
   3     0  60   289 259
   4     0   1   259 260
   5     0  18   260 254
   6     0  70   254 252
   7     0 157   252 253
   8     1  20   265 258
   9     1  67   258 256
  10     1  19   256 257
  11     1  18   257 260
  12     1  60   259 268
  13     1   3   268 270
  14     1   2   270 265
  15     2  22   264 263
  16     2  74   263 261
  17     2  21   261 262
  18     2  20   262 265
  19     2   3   270 269
  20     2  23   269 264
  21     3  23   266 269
  22     3  60   268 275
  23     3   4   275 276
  24     3  24   276 267
  25     3  65   267 266
  26     4  26   274 273
  27     4  66   273 271
  28     4  25   271 272
  29     4  24   272 276
  30     4  60   275 284
  31     4   6   284 286
  32     4   5   286 279
  33     4  27   279 274
  34     5  28   285 278
  35     5  68   278 277
  36     5  27   277 279
  37     5   6   286 285
  38     6  60   284 291
  39     6   7   291 292
  40     6  31   292 283
  41     6  30   283 282
  42     6 163   282 280
  43     6  29   280 281
  44     6  28   281 285
  45     7  60   291 289
  46     7  32   290 288
  47     7 162   288 287
  48     7  31   287 292
  49     8 212   304 319
  50     8  34   319 473
  51     8  51   473 471
  52     8  59   471 468
  53     8  50   468 470
  54     8  16   470 305
  55     8  33   305 304
  56     9  59   476 472
  57     9  51   472 474
  58     9  35   474 342
  59     9  36   342 478
  60     9  52   478 476
  61    10  59   481 477
  62    10  52   477 479
  63    10  37   479 362
  64    10  38   362 373
  65    10  39   373 483
  66    10  53   483 481
  67    11  12   387 487
  68    11  54   487 485
  69    11  59   485 482
  70    11  53   482 484
  71    11  39   484 371
  72    11 205   371 380
  73    11  40   380 389
  74    11  41   389 387
  75    12  59   488 486
  76    12  54   486 487
  77    12  41   387 386
  78    12  97   386 293
  79    12 127   293 395
  80    12  42   395 490
  81    12  55   490 488
  82    13  66   402 413
  83    13  44   413 495
  84    13  56   495 493
  85    13  59   493 489
  86    13  55   489 491
  87    13  43   491 402
  88    14  59   497 494
  89    14  56   494 496
  90    14  44   496 421
  91    14  45   421 419
  92    14 256   419 428
  93    14  46   428 499
  94    14  57   499 497
  95    15  59   502 498
  96    15  57   498 500
  97    15  47   500 451
  98    15  48   451 504
  99    15  58   504 502
 100    16  49   505 466
 101    16  33   466 305
 102    16  50   470 469
 103    16  59   469 503
 104    16  58   503 505
 105    17 157   253 101
 106    17 129   101 100
 107    17 101   100  99
 108    17 114    99 103
 109    17 255   103 104
 110    17 253   104 102
 111    17 251   102 507
 112    17 252   507 509
 113    17  32   509 255
 114    18 235   115 114
 115    18  70   114 254
 116    18  19   257 129
 117    18 160   129 110
 118    18 194   110 109
 119    18 102   109 107
 120    18 178   107 108
 121    18 137   108 105
 122    18  75   105 112
 123    18 227   112 113
 124    18 151   113 106
 125    18  98   106 111
 126    18 214   111 115
 127    19  63   127 119
 128    19 160   119 129
 129    19  67   256 121
 130    19 195   121 122
 131    19 148   122 124
 132    19 202   124 123
 133    19  82   123 120
 134    19 173   120 126
 135    19 217   126 125
 136    19 141   125 118
 137    19 150   118 117
 138    19 110   117 116
 139    19 146   116 128
 140    19 219   128 127
 141    20 201   135 132
 142    20  67   132 258
 143    20  21   262 143
 144    20 225   143 133
 145    20 115   133 130
 146    20 182   130 131
 147    20 126   131 134
 148    20 230   134 135
 149    21  74   261 141
 150    21 232   141 142
 151    21 135   142 137
 152    21 185   137 136
 153    21  90   136 138
 154    21 223   138 139
 155    21 166   139 140
 156    21 225   140 143
 157    22  72   159 146
 158    22 238   146 147
 159    22 118   147 149
 160    22 249   149 148
 161    22  89   148 150
 162    22 250   150 151
 163    22 213   151 145
 164    22 184   145 144
 165    22  74   144 263
 166    22  23   264 159
 167    23  65   266 152
 168    23 131   152 157
 169    23 234   157 158
 170    23 168   158 154
 171    23  91   154 155
 172    23 218   155 156
 173    23 142   156 153
 174    23  72   153 159
 175    24 147   183 161
 176    24 193   161 165
 177    24 222   165 164
 178    24 116   164 167
 179    24 226   167 166
 180    24  77   166 162
 181    24 216   162 163
 182    24 190   163 160
 183    24  94   160 168
 184    24 233   168 169
 185    24 138   169 171
 186    24 248   171 170
 187    24  65   170 267
 188    24  25   272 183
 189    25  66   271 173
 190    25 152   173 182
 191    25 242   182 181
 192    25 103   181 177
 193    25 191   177 178
 194    25 167   178 174
 195    25 123   174 172
 196    25 134   172 176
 197    25 176   176 175
 198    25  84   175 179
 199    25 196   179 180
 200    25 147   180 183
 201    26  93   197 185
 202    26 149   185 190
 203    26 237   190 189
 204    26  81   189 186
 205    26 158   186 192
 206    26 239   192 191
 207    26  96   191 184
 208    26 140   184 188
 209    26 206   188 187
 210    26  66   187 273
 211    26  27   274 197
 212    27 124   195 193
 213    27  93   193 197
 214    27  68   277 194
 215    27 175   194 196
 216    27 229   196 195
 217    28 208   216 201
 218    28 121   201 200
 219    28 181   200 199
 220    28  86   199 204
 221    28 241   204 205
 222    28 159   205 203
 223    28 240   203 202
 224    28 112   202 198
 225    28  68   198 278
 226    28  29   281 216
 227    29 163   280 208
 228    29 104   208 211
 229    29 192   211 212
 230    29 154   212 207
 231    29  85   207 209
 232    29 177   209 210
 233    29 100   210 213
 234    29 200   213 214
 235    29 143   214 206
 236    29  71   206 215
 237    29 208   215 216
 238    30  31   283 245
 239    30  62   245 219
 240    30 165   219 227
 241    30 210   227 226
 242    30  99   226 217
 243    30 156   217 225
 244    30 207   225 224
 245    30  83   224 220
 246    30 169   220 221
 247    30 107   221 223
 248    30 180   223 222
 249    30  64   222 218
 250    30 163   218 282
 251    31 211   240 239
 252    31 105   239 230
 253    31 144   230 243
 254    31 245   243 244
 255    31 164   244 232
 256    31 119   232 238
 257    31 203   238 237
 258    31  73   237 229
 259    31 139   229 234
 260    31 187   234 233
 261    31  92   233 235
 262    31 189   235 236
 263    31 128   236 228
 264    31  62   228 245
 265    31 162   287 231
 266    31  69   231 241
 267    31 231   241 242
 268    31 133   242 240
 269    32 162   246 288
 270    32 252   509 508
 271    32 251   508 249
 272    32 254   249 251
 273    32 255   251 250
 274    32 199   250 248
 275    32 247   248 247
 276    32 113   247 246
 277    33 174   295 296
 278    33 114   296 300
 279    33 221   300 301
 280    33 129   301 299
 281    33 212   299 304
 282    33  49   466 465
 283    33 162   465 294
 284    33 113   294 302
 285    33 247   302 303
 286    33 145   303 298
 287    33 199   298 297
 288    33  61   297 295
 289    34  70   314 308
 290    34 155   308 316
 291    34 214   316 315
 292    34  98   315 307
 293    34 151   307 318
 294    34 227   318 317
 295    34  75   317 306
 296    34 137   306 311
 297    34 178   311 310
 298    34 102   310 312
 299    34 194   312 313
 300    34 160   313 309
 301    34  63   309 333
 302    34  35   333 475
 303    34  51   475 473
 304    34 212   319 314
 305    35 146   332 321
 306    35 110   321 325
 307    35 197   325 326
 308    35 150   326 322
 309    35  78   322 329
 310    35 217   329 330
 311    35 111   330 324
 312    35 183   324 323
 313    35  82   323 327
 314    35 202   327 328
 315    35 120   328 320
 316    35  67   320 341
 317    35  36   341 342
 318    35  51   474 475
 319    35  63   333 331
 320    35 219   331 332
 321    36  67   341 339
 322    36 201   339 340
 323    36 125   340 337
 324    36 179   337 338
 325    36 132   338 334
 326    36  95   334 336
 327    36 153   336 335
 328    36  79   335 352
 329    36  37   352 480
 330    36  52   480 478
 331    37  79   352 343
 332    37 166   343 344
 333    37 117   344 351
 334    37 244   351 350
 335    37 108   350 346
 336    37 185   346 347
 337    37 135   347 349
 338    37 232   349 348
 339    37  74   348 345
 340    37 184   345 361
 341    37  38   361 362
 342    37  52   479 480
 343    38 184   361 355
 344    38 122   355 356
 345    38 204   356 360
 346    38 246   360 359
 347    38  89   359 353
 348    38 171   353 354
 349    38 118   354 357
 350    38 238   357 358
 351    38 172   358 372
 352    38  39   372 373
 353    39 205   366 371
 354    39  53   484 483
 355    39 172   372 365
 356    39  72   365 363
 357    39 142   363 368
 358    39 218   368 367
 359    39  91   367 364
 360    39 168   364 370
 361    39 234   370 369
 362    39 131   369 366
 363    40 205   380 375
 364    40 198   375 379
 365    40 248   379 378
 366    40 138   378 377
 367    40 233   377 376
 368    40  94   376 374
 369    40 130   374 388
 370    40  41   388 389
 371    41  97   384 386
 372    41 130   388 383
 373    41 216   383 382
 374    41  77   382 381
 375    41 170   381 385
 376    41 228   385 384
 377    42 127   395 394
 378    42 196   394 393
 379    42  84   393 391
 380    42 134   391 392
 381    42 106   392 390
 382    42  80   390 403
 383    42  43   403 492
 384    42  55   492 490
 385    43  80   403 396
 386    43 136   396 401
 387    43 243   401 400
 388    43 103   400 398
 389    43 242   398 399
 390    43 152   399 397
 391    43  66   397 402
 392    43  55   491 492
 393    44 140   407 404
 394    44  96   404 411
 395    44 239   411 412
 396    44 158   412 405
 397    44  81   405 409
 398    44 237   409 410
 399    44 149   410 408
 400    44 236   408 420
 401    44  45   420 421
 402    44  56   496 495
 403    44  66   413 406
 404    44 206   406 407
 405    45 236   420 417
 406    45 124   417 415
 407    45 229   415 416
 408    45 175   416 414
 409    45  68   414 418
 410    45 256   418 419
 411    46  86   427 422
 412    46 181   422 425
 413    46 224   425 426
 414    46 186   426 424
 415    46 208   424 423
 416    46  71   423 437
 417    46  47   437 501
 418    46  57   501 499
 419    46 256   428 427
 420    47 200   435 436
 421    47 100   436 432
 422    47 177   432 431
 423    47  85   431 433
 424    47 192   433 434
 425    47 104   434 430
 426    47 163   430 429
 427    47  64   429 450
 428    47  48   450 451
 429    47  57   500 501
 430    47  71   437 435
 431    48  83   440 446
 432    48 207   446 448
 433    48 220   448 449
 434    48 210   449 447
 435    48 165   447 439
 436    48  62   439 438
 437    48 128   438 445
 438    48 189   445 444
 439    48  92   444 467
 440    48  49   467 506
 441    48  58   506 504
 442    48  64   450 442
 443    48 180   442 443
 444    48 107   443 441
 445    48 169   441 440
 446    49 162   455 465
 447    49  58   505 506
 448    49  92   467 456
 449    49 187   456 457
 450    49 139   457 453
 451    49  73   453 459
 452    49 203   459 460
 453    49 161   460 454
 454    49 109   454 461
 455    49 209   461 462
 456    49 188   462 458
 457    49 105   458 463
 458    49 211   463 464
 459    49 133   464 452
 460    49  69   452 455
 461    50  59   468 469
 462    51  59   472 471
 463    52  59   477 476
 464    53  59   482 481
 465    54  59   486 485
 466    55  59   489 488
 467    56  59   494 493
 468    57  59   498 497
 469    58  59   503 502
 470    61 199   297  93
 471    61 255    93  91
 472    61 174    91 295
 473    62 165   439 219
 474    62 128   228 438
 475    63 160   309 119
 476    63 219   127 331
 477    64 163   429 218
 478    64 180   222 442
 479    65 131    34 152
 480    65 248   170  84
 481    65 198    84  35
 482    65 205    35  34
 483    66 152   397 173
 484    66 206   187 406
 485    67 201   132 339
 486    67 120   320  26
 487    67 195    26 121
 488    68 175   414 194
 489    68 112   198  95
 490    68 256    95 418
 491    69 133   452  66
 492    69 231    66 241
 493    69 162   231 455
 494    70 155    67 308
 495    70 212   314  39
 496    70 157    39 252
 497    70 235   114  67
 498    71 208   423 215
 499    71 143   206  30
 500    71 200    30 435
 501    72 142   153 363
 502    72 172   365  71
 503    72 238    71 146
 504    73 139   453 229
 505    73 203   237 459
 506    74 184   144 345
 507    74 232   348 141
 508    75 137   105 306
 509    75 227   317 112
 510    76 127     4   1
 511    76  97     1  24
 512    76 193    24  25
 513    76 147    25   4
 514    77 216   382 162
 515    77 226   166  58
 516    77 170    58 381
 517    78 150   322   5
 518    78 141     5  44
 519    78 217    44 329
 520    79 153   335   6
 521    79 115     6  56
 522    79 225    56  57
 523    79 166    57 343
 524    80 106   390   0
 525    80 123     0  11
 526    80 167    11  12
 527    80 136    12 396
 528    81 158   405 186
 529    81 237   189 409
 530    82 183   323  18
 531    82 173    18 120
 532    82 202   123 327
 533    83 169   440 220
 534    83 207   224 446
 535    84 196   393 179
 536    84 176   175  13
 537    84 134    13 391
 538    85 177   431 209
 539    85 154   207  23
 540    85 192    23 433
 541    86 241    97 204
 542    86 181   199 422
 543    86 256   427  97
 544    87 126    63   2
 545    87 132     2  14
 546    87 179    14  64
 547    87 230    64  63
 548    88 109    37   9
 549    88 164     9  80
 550    88 245    80  81
 551    88 188    81  38
 552    88 209    38  37
 553    89 171    85 353
 554    89 246   359  88
 555    89 250    88 150
 556    89 249   148  85
 557    90 185   136  78
 558    90 244    78  77
 559    90 117    77  52
 560    90 223    52 138
 561    91 168   154 364
 562    91 218   367 155
 563    92 189   444 235
 564    92 187   233 456
 565    93 149    70 185
 566    93 124   193  69
 567    93 236    69  70
 568    94 130    21 374
 569    94 233   376 168
 570    94 190   160  21
 571    95 115    15   7
 572    95 153     7 336
 573    95 132   334  16
 574    95 182    16  15
 575    96 140   404 184
 576    96 239   191 411
 577    97 228   384  61
 578    97 222    61  51
 579    97 193    51  24
 580    97 127     1 293
 581    98 151   106 307
 582    98 214   315 111
 583    99 156    46 217
 584    99 210   226  48
 585    99 220    48  46
 586   100 200   436 213
 587   100 177   210 432
 588   101 129   100  50
 589   101 221    50  49
 590   101 114    49  99
 591   102 194   109 312
 592   102 178   310 107
 593   103 191    75 177
 594   103 242   181 398
 595   103 243   400  75
 596   104 163   208 430
 597   104 192   434 211
 598   105 144    20 230
 599   105 211   239 463
 600   105 188   458  20
 601   106 134   392   3
 602   106 123     3   0
 603   107 180   443 223
 604   107 169   221 441
 605   108 244   350  79
 606   108 185    79 346
 607   109 161   454   8
 608   109 119     8  10
 609   109 164    10   9
 610   109 209    37 461
 611   110 146   321 116
 612   110 150   117  29
 613   110 197    29 325
 614   111 217   330  45
 615   111 173    45  19
 616   111 183    19 324
 617   112 240   202  72
 618   112 215    72  96
 619   112 256    96  95
 620   113 247   247 302
 621   113 162   294 246
 622   114 221    49 300
 623   114 174   296  92
 624   114 255    92 103
 625   115 153     6   7
 626   115 182    15 130
 627   115 225   133  56
 628   116 222   164  62
 629   116 228    62  60
 630   116 170    60  59
 631   116 226    59 167
 632   117 166   344  53
 633   117 223    53  52
 634   117 244    77 351
 635   118 238   147 357
 636   118 171   354  86
 637   118 249    86 149
 638   119 161     8  33
 639   119 203    33 238
 640   119 164   232  10
 641   120 202   328  32
 642   120 148    32  27
 643   120 195    27  26
 644   121 181    54 200
 645   121 208   201  36
 646   121 186    36  55
 647   121 224    55  54
 648   122 184   355  41
 649   122 213    41  42
 650   122 204    42 356
 651   123 134     3 172
 652   123 167   174  11
 653   124 229   195 415
 654   124 236   417  69
 655   125 201   340  31
 656   125 179    31 337
 657   126 182   131  17
 658   126 132    17   2
 659   126 230    63 134
 660   127 147     4  28
 661   127 196    28 394
 662   128 189   236 445
 663   129 157   101  40
 664   129 212    40 299
 665   129 221   301  50
 666   130 190    21  43
 667   130 216    43 383
 668   131 205    34 366
 669   131 234   369 157
 670   132 179   338  14
 671   132 182    17  16
 672   133 211   464 240
 673   133 231   242  66
 674   134 176    13 176
 675   135 185   347 137
 676   135 232   142 349
 677   136 167    12  22
 678   136 191    22  76
 679   136 243    76 401
 680   137 178   108 311
 681   138 233   169 377
 682   138 248   378 171
 683   139 187   457 234
 684   140 206   407 188
 685   141 217   125  44
 686   141 150     5 118
 687   142 218   156 368
 688   143 200   214  30
 689   144 188    20  82
 690   144 245    82 243
 691   145 247   303  83
 692   145 199    83 298
 693   146 219   332 128
 694   147 196   180  28
 695   147 193    25 161
 696   148 195   122  27
 697   148 202    32 124
 698   149 236    70 408
 699   149 237   410 190
 700   150 197   326  29
 701   151 227   113 318
 702   152 242   399 182
 703   154 192   212  23
 704   155 235    67  68
 705   155 214    68 316
 706   156 220    46  47
 707   156 207    47 225
 708   157 212    39  40
 709   158 239   412 192
 710   159 215    74  73
 711   159 240    73 203
 712   159 241   205  74
 713   160 194   313 110
 714   161 203   460  33
 715   164 245   244  80
 716   165 210   447 227
 717   166 225    57 140
 718   166 223   139  53
 719   167 191   178  22
 720   168 234   158 370
 721   170 226    58  59
 722   170 228    60 385
 723   171 249    85  86
 724   172 238   358  71
 725   173 183    18  19
 726   173 217    45 126
 727   174 255    91  92
 728   175 229   416 196
 729   179 201    31  65
 730   179 230    65  64
 731   181 224    54 425
 732   184 213   145  41
 733   185 244    79  78
 734   186 208    36 424
 735   186 224   426  55
 736   188 209   462  38
 737   188 245    81  82
 738   190 216   163  43
 739   191 243    75  76
 740   193 222    51 165
 741   198 205   375  35
 742   198 248    84 379
 743   199 247    83 248
 744   199 255   250  93
 745   201 230   135  65
 746   204 246    89 360
 747   204 213    42  87
 748   204 250    87  89
 749   207 220    47 448
 750   210 220   449  48
 751   213 250   151  87
 752   214 235    68 115
 753   215 241    74  98
 754   215 256    98  96
 755   215 240    72  73
 756   222 228    61  62
 757   241 256    97  98
 758   246 250    89  88
 759   251 253   102  90
 760   251 254    90 249
 761   251 252   508 507
 762   253 255   104  94
 763   253 254    94  90
 764   254 255    94 251
