# POLYHEDRON  
# vertices  sides  bones
  508  256  762
# VERTICES   
# id  x y z
   0  -3.702148746389585  0.637079924278345 -4.775843763308930
   1  -3.678652937164259  0.717953030089035 -4.775843763308931
   2  -3.697421668596079  0.688261425266372 -4.780032691162416
   3  -3.704731482608088  0.653072594715338 -4.778829402372851
   4  -3.369549962257799  0.670503992105542 -4.499518725585753
   5  -3.398696854473182  0.570179731060449 -4.499518725585753
   6  -3.372012386153572  0.649758902794754 -4.493555842999136
   7  -3.430008884958719  0.794653389901945 -4.597963791632893
   8  -3.512250969771147  0.511574277225222 -4.597963791632893
   9  -3.405409378314011  0.557095837099744 -4.502487856435685
  10  -3.498995531126176  0.837264314300383 -4.672011269382257
  11  -3.593568738347372  0.511741199897003 -4.672011269382255
  12   0.409604615692546  2.052396315337554 -6.118396347970194
  13   0.472164783451980  2.035867350721675 -6.118311132699892
  14   1.830004882891739  0.981603450156209 -6.114369803444428
  15   1.843836706128271  0.957258068561734 -6.114288734117023
  16   2.067260399816507 -0.718981775890127 -6.109120589888941
  17   1.024996880175371 -2.102735593136798 -6.105550404098264
  18  -0.659257318336899 -2.367894246816798 -6.105708770514590
  19  -2.057802327450431 -1.386184011811542 -6.109454992832531
  20  -2.385460563360594  0.356611608314070 -6.114882460497109
  21  -2.377956431025789  0.393930915957352 -6.114990440863653
  22  -1.383166580320276  1.776746548554410 -6.118584747065354
  23  -1.361491113311505  1.789353592626111 -6.118610362016642
  24   3.442613216837490 -0.916004687604513 -5.106675453735987
  25   3.437000396053720 -0.913335563626852 -4.707108105743152
  26   3.416535876608514 -1.003742430708329 -4.690622671597216
  27   3.411938195865320 -1.024313870169804 -4.690660043052403
  28   3.404737722858556 -1.056925948792541 -4.696399288277272
  29   3.408424070581111 -1.069596208979337 -5.115853224025869
  30   3.413316267378566 -1.048012568517143 -5.120208421469050
  31   3.421135295942492 -1.013093070719866 -5.121083304189510
  32   2.876012170304667 -2.257570857712740 -5.096483933070352
  33   2.869930845041044 -2.252497459221372 -4.688906310213887
  34   2.851718551420757 -2.276555347170173 -4.682761232503442
  35   2.793701436144979 -2.354312524670112 -4.697787002802993
  36   2.794654095028449 -2.365666411584506 -5.088339514697125
  37   2.851961561682582 -2.289845684086317 -5.103984619278751
  38  -2.183196417733029 -3.227208281932740 -5.123093782551412
  39  -2.178179397049694 -3.226697782540934 -4.762481033795170
  40  -2.271178713643077 -3.161137678073211 -4.744694822089864
  41  -2.346376893105536 -3.108487650161875 -4.762574636482162
  42  -2.351375271315343 -3.109110325152062 -5.132038361681822
  43  -2.285834733124153 -3.155353978112388 -5.148207669427732
  44   3.495134020920296  0.322976292619536 -5.122343847220687
  45   3.489617865789654  0.325283301729300 -4.729740295963328
  46   3.501062569447309  0.223101630550051 -4.741958531335701
  47   3.506128284310441  0.222063392482083 -5.111402908246692
  48   3.496684559500713  0.309249544163639 -5.124962327188594
  49   1.885125464829024 -3.240248098308778 -5.067016471218921
  50   1.881499202037749 -3.234955128735971 -4.715508113377441
  51   1.819642072086493 -3.273950705035046 -4.703466709517629
  52   1.804459577769150 -3.283589422738666 -4.703633979099457
  53   1.727071637663102 -3.333066061495499 -4.720517202145592
  54   1.730402138095491 -3.338451225284369 -5.067605139170643
  55   1.804542088826815 -3.291734862821755 -5.083077676382270
  56   0.560301461329045 -3.785219298705451 -5.072222834390874
  57   0.573475245010834 -3.777392923870785 -4.732072497550924
  58   0.486111586721003 -3.792406551617811 -4.717685880525226
  59   0.416684211517088 -3.804739473695339 -4.730972993960351
  60   0.414484445531641 -3.810527094886424 -5.063524143435947
  61   0.511799922126723 -3.793825232158283 -5.080903847018593
  62   3.011691005915865  1.749162855183139 -5.119708113043214
  63   3.007524750875602  1.749522910887646 -4.753884291213392
  64   3.037078654891517  1.697859670361553 -4.761800569073140
  65   3.040471986624874  1.698833389858408 -5.126502101152467
  66   3.035257590723957  1.708012611890674 -5.128473037205234
  67  -2.059133411224885  2.987966040587912 -5.174646966603881
  68  -2.059248739793170  2.985261556976234 -4.812523211461751
  69  -2.054016585966909  2.988360999733795 -4.811324323581675
  70  -2.033960133295348  3.000272624660157 -4.810919851847368
  71  -1.920846096761350  3.067621688289321 -4.832004793784900
  72  -1.921126769358845  3.069781462079489 -5.151615014143085
  73  -2.038192588952175  3.000418146102821 -5.176319556215529
  74  -2.051226508925177  2.992675901240556 -5.176398827915223
  75  -3.162602386058415  1.954659618022179 -5.174164083798151
  76  -3.155230572525921  1.962320513932206 -4.819935968223447
  77  -3.138776241974680  1.985695143161318 -4.815237157164046
  78  -3.116304973842516  2.017728974722100 -4.822808754559787
  79  -3.124426561100488  2.008974455010490 -5.173679665438236
  80  -3.144001201163096  1.981175867376130 -5.180356567390653
  81  -3.768997728969615 -0.853304409179812 -5.128554186826807
  82  -3.765699773134264 -0.855974703373090 -4.800333762418659
  83  -3.777074408581122 -0.783462002550624 -4.787747540538820
  84  -3.789426148778089 -0.706267418080032 -4.802054314517752
  85  -3.792721200911887 -0.703947800658152 -5.136284041107565
  86  -3.782638658591153 -0.768114194376639 -5.145464554603190
  87  -0.775979415923307  3.475882363662356 -5.143263214790558
  88  -0.774600029593331  3.474342517059625 -4.806816540007586
  89  -0.704040379370509  3.485446898521665 -4.793198621923288
  90  -0.635498276085743  3.496364049427123 -4.804899064459621
  91  -0.637543961219252  3.497793986771863 -5.140508048584580
  92  -0.707550426980827  3.486777692135781 -5.154216093223964
  93  -3.250529661659169 -2.147844441647207 -5.106961357645261
  94  -3.247773100935382 -2.145376665635049 -4.777242593395789
  95  -3.267207056084671 -2.113529199959390 -4.770893791499417
  96  -3.288082518233662 -2.079470466656883 -4.771221557845724
  97  -3.320765494977289 -2.026376904131025 -4.782591111510319
  98  -3.320497200292343 -2.033722596119903 -5.109555176077873
  99  -3.292949166928381 -2.078843950704819 -5.117461993050388
 100  -3.284184532400016 -2.093142956414657 -5.117292642081256
 101   0.780686861171754  3.416985789702962 -5.143759578643389
 102   0.777347741811563  3.415698487293993 -4.789138302046695
 103   0.832894597329009  3.401487949653284 -4.797649111952142
 104   0.839970544800159  3.401744149370463 -5.140423186284416
 105   0.804509781707906  3.410894260193559 -5.147919319910464
 106   0.803110446143077  3.411253601633686 -5.147928105660757
 107  -0.952072139317493 -3.765749821127176 -5.078348388201201
 108  -0.950376094282526 -3.761096601726405 -4.741291886960640
 109  -0.965593571605328 -3.757402681676028 -4.738592521037741
 110  -0.984958798110135 -3.752755178916221 -4.738704206306487
 111  -1.029501680186476 -3.742183551020652 -4.746841670199064
 112  -1.031224441267611 -3.746858922907549 -5.085800886158319
 113  -1.024185789367067 -3.748564150913616 -5.086826441419368
 114  -0.989765521233797 -3.756813740192768 -5.085894882163574
 115  -3.764597790352999  0.513507889347371 -5.157232466083782
 116  -3.763794937463048  0.519043138562625 -4.827293867036497
 117  -3.747949802435345  0.602151004066148 -4.816161458706596
 118  -3.746766623459803  0.606937610803120 -5.168307679555616
 119  -3.749072926555860  0.594837656929629 -5.170767432139439
 120   2.095786531361655  2.773645045017939 -5.126632966769693
 121   2.090287335405816  2.774999118565619 -4.776737318995853
 122   2.223240655432931  2.668658606171463 -4.796823586061685
 123   2.227755733837963  2.667730556129412 -5.105166344180253
 124   2.109334017638504  2.762819400887024 -5.129836431637091
 125  -3.539875542672500  1.265378996402015 -5.104044290465458
 126  -3.540963434936364  1.257505302184935 -4.869464218406540
 127  -3.520426153345571  1.304991870957151 -4.870677059698301
 128  -3.519539967677107  1.312375720817989 -5.104218627389869
 129  -2.742679563993800  2.454552875679610 -5.109358769123661
 130  -2.746426772466819  2.450047591311064 -4.882918069827326
 131  -2.625581077914656  2.560000861017645 -4.881295244461056
 132  -2.623008146075299  2.563449579012828 -5.110204406075591
 133   1.471052041995138  3.160387310725572 -5.072008432890856
 134   1.473271657637618  3.157822594772109 -4.828940491384262
 135   1.564695520349997  3.111207763926348 -4.823507677348543
 136   1.565070105275589  3.112480936378939 -5.071706939792262
 137   0.001214171667061  3.525497729303322 -5.082728781789505
 138  -0.001324560033033  3.524632776478537 -4.846095793938525
 139   0.124477590640969  3.520676711033642 -4.845451173371077
 140   0.131523704816034  3.521391534364434 -5.079960307411932
 141   3.228417790278930 -1.615573071855257 -5.052789032308818
 142   3.223851300022115 -1.612202329956475 -4.747226587318273
 143   3.164764154344328 -1.743009289029001 -4.745944854017660
 144   3.166611212424317 -1.752379304979649 -5.050972499037472
 145  -2.785680395758027 -2.726648504492188 -5.070658396913287
 146  -2.783399130124406 -2.725136049288695 -4.819956268962555
 147  -2.899976486811362 -2.601027861509011 -4.822124329126742
 148  -2.902450004149562 -2.602246194776309 -5.067140810729035
 149  -0.172346238346991 -3.852041206884650 -5.013591396706495
 150  -0.177364836520722 -3.848514152969092 -4.790493614599773
 151  -0.326784600613867 -3.843836709615386 -4.791702810686447
 152  -0.322135481794671 -3.847355320264907 -5.015010365137313
 153   3.358996832937217  0.948983405806642 -4.786988496981360
 154   3.362683878266772  0.947464932380355 -5.058375743993427
 155   3.318709897618016  1.082793657534030 -5.058119761607184
 156   3.313856416701682  1.088189569816371 -4.794671102611243
 157  -3.618648181950043 -1.394184187199430 -4.840818979959142
 158  -3.619494923760440 -1.397521560662774 -5.072271679397700
 159  -3.572141569946831 -1.522785172605134 -5.070055880452449
 160  -3.571308013901060 -1.519426072669206 -4.839149578002893
 161   1.120297693655570 -3.626304870026839 -4.775346380086896
 162   1.151564401382576 -3.617249814717516 -5.020399996630259
 163   1.293233102514941 -3.561174663929178 -5.021539342497292
 164   1.267155265691713 -3.568121909743564 -4.772550035786448
 165  -1.478712558057028  3.274541280280994 -5.107392481695157
 166  -1.477302389332330  3.273360017399037 -4.864142074836827
 167  -1.291378029103019  3.343612317970129 -4.863764491246728
 168  -1.293338671796890  3.344552920037653 -5.102380974261112
 169   2.602549277838339  2.304302297419026 -5.065527146311917
 170   2.600326521501242  2.303418616321127 -4.813725601565383
 171   2.706994243061773  2.178403803383720 -4.804844607750027
 172   2.707891218401454  2.180988766019578 -5.067407535431870
 173   2.244297246854203 -2.951869939392018 -4.751382747960666
 174   2.248776162641636 -2.955750437028672 -5.030541928088467
 175   2.372589293882741 -2.839509947026312 -5.031500916402463
 176   2.369153858569132 -2.834612222871925 -4.751052932448794
 177  -1.596863611227535 -3.552818292656914 -5.051995671960851
 178  -1.597645232101668 -3.550120609389583 -4.804876060735332
 179  -1.742271676591620 -3.482059325485511 -4.804319747016986
 180  -1.740713467437122 -3.485193578880266 -5.058984362561286
 181  -3.830899002616485 -0.100555264056867 -4.863829163797059
 182  -3.833004330591868 -0.103273929801233 -5.098456101983032
 183  -3.834268867462109 -0.184248357503454 -5.097601701235370
 184  -3.832171358898697 -0.182723973660106 -4.861730104736232
 185   3.520556665084650 -0.308307624015857 -5.068593974583900
 186   3.516378883103584 -0.304695386733104 -4.765987632778636
 187   3.509547918819288 -0.412349193445420 -4.762005988103686
 188   3.513866726618089 -0.414699421540158 -5.068845816977788
 189  -2.359587312404054  2.776238027344608 -5.130434087648647
 190  -2.362630508008501  2.772174875495139 -4.859367912862434
 191  -2.223581104482865  2.876464802259489 -4.842399213560047
 192  -2.221824061032097  2.879777677557165 -5.146298667108948
 193   1.184787706992256  3.284654705255658 -4.829126270302982
 194   1.184894510628376  3.286547026366440 -5.089191444048228
 195   1.018536517014405  3.346595452387015 -5.110185385938902
 196   1.016717387731441  3.345080865954929 -4.817963095202473
 197  -3.690242289934282  0.837799697427333 -5.132082215338260
 198  -3.694409648207146  0.819151951818812 -4.828108668386379
 199  -3.646920965022348  0.973854638515134 -4.848266743770082
 200  -3.644663160158633  0.985701887379317 -5.116882937910983
 201   3.025705757695122 -2.017436015846263 -5.065169408134262
 202   3.019792349163955 -2.014505375437460 -4.725316387250194
 203   2.974802003582336 -2.090221451802896 -4.715894793763127
 204   2.980938669806334 -2.093427088694805 -5.072898731835791
 205   0.362124571989917  3.498655615104576 -5.089358783821567
 206   0.361434650848953  3.497234518268442 -4.829495125711553
 207   0.541385708100348  3.468602916796852 -4.807394392708477
 208   0.541143850675504  3.470402427175061 -5.106454758093856
 209  -0.607233518941383 -3.822454294313018 -5.032524123921062
 210  -0.606510229851936 -3.819076819715187 -4.779927994091459
 211  -0.664177165779823 -3.810797780944901 -4.774715667426394
 212  -0.669261769511553 -3.813721208978643 -5.039407421623994
 213   3.428116023815978  0.699902043247488 -5.072218333952542
 214   3.423643600598062  0.703169644442587 -4.760751965341508
 215   3.457707690347092  0.537162793686019 -4.734963415993926
 216   3.463380335355988  0.530670195549278 -5.090113363048490
 217  -3.289270345012768  1.756440365315179 -4.852235416617117
 218  -3.301717603141624  1.739495635030654 -5.134024107118870
 219  -3.371992332082179  1.616033578736698 -5.119157119247642
 220  -3.364830530144876  1.624175998781820 -4.864179109627250
 221  -2.864816999767706  2.327855109628067 -4.874674139350342
 222  -2.866625981347441  2.326676660856107 -5.118780735721892
 223  -2.940473209769199  2.242951910803387 -5.129537405602444
 224  -2.937170609014834  2.245749964411609 -4.864589150005913
 225  -2.515930062925114 -2.977432386953452 -5.100815652920337
 226  -2.511904068381209 -2.976772887754946 -4.792417592688476
 227  -2.584304713621649 -2.913071291380702 -4.801808155551175
 228  -2.588513951935006 -2.913302806819087 -5.090683896406969
 229  -3.009361874181938 -2.477127795108631 -5.070673150625881
 230  -3.007080628954414 -2.475542719674322 -4.817223137311395
 231  -3.132088564532781 -2.314120640690438 -4.802505718579013
 232  -3.134967115355191 -2.315430645539617 -5.083673222247818
 233   0.228686529965094 -3.833584666161398 -5.038526406159598
 234   0.227859882949921 -3.829058206686271 -4.759019309290331
 235   0.069661843679169 -3.841784445947396 -4.775807539348004
 236   0.069459401623168 -3.845877882518971 -5.024024210634257
 237   1.824473749745185  2.962265244531748 -5.085805966831309
 238   1.821558720107558  2.962264952032334 -4.793198665895641
 239   1.894227992153870  2.916071944758054 -4.781229346363808
 240   1.898378986776916  2.915410193956729 -5.093181778210244
 241  -1.071756066065923  3.409021342132745 -5.112850137205158
 242  -1.069834195417274  3.407912027458841 -4.846501208726810
 243  -1.039274362116986  3.415738693936726 -4.843216632162742
 244  -1.041813552050133  3.416722991240953 -5.115129835116750
 245   3.220709229055942  1.330700253581860 -4.795851499728617
 246   3.223580235211116  1.330687948719738 -5.070639371281025
 247   3.197533154442319  1.388522576782940 -5.076993031399240
 248   3.194494203611329  1.388690050623173 -4.792818462388269
 249  -3.690647581598936 -1.176449683455513 -5.086487200105971
 250  -3.689081611927494 -1.174716051242513 -4.833159294281373
 251  -3.716453387942796 -1.074438971299070 -4.825594018106785
 252  -3.718701221616604 -1.074214880352820 -5.097086342162413
 253   0.897128033557010 -3.703379557083834 -5.030841139311520
 254   0.902267665089926 -3.699552018580557 -4.768742494843361
 255   0.773658186524133 -3.734638163178006 -4.758197112072219
 256   0.745295537798421 -3.745050746449011 -5.045401236013777
 257  -1.390328762589985 -3.633237057389456 -4.794120834751269
 258  -1.361267645684520 -3.646965742334662 -5.054711573581194
 259  -1.297121482927688 -3.668983320991079 -5.058534627275820
 260  -1.302739830831135 -3.663098631031129 -4.785375229421804
 261  -3.439650830695121 -1.812013587366597 -5.084152052693399
 262  -3.437999258913868 -1.809567815588652 -4.815302534319624
 263  -3.485925452602076 -1.711968231395335 -4.825930194870896
 264  -3.486967158944965 -1.715273049668720 -5.076946976698939
 265   2.542298247859683 -2.654476503352475 -4.739392740925412
 266   2.545578083305886 -2.660233424204023 -5.044486343126362
 267   2.676728817090543 -2.512041164893649 -5.062805400443091
 268   2.673582206790047 -2.505034200080281 -4.722334503620708
 269  -0.402727625479087  3.519002417671310 -5.109078481099585
 270  -0.397622906113008  3.518120819203916 -4.830634032347822
 271  -0.371492011850478  3.519774113459523 -4.832781870861680
 272  -0.377392652577602  3.520584530414921 -5.106340095716995
 273   3.314509999466957 -1.375015125905592 -4.736290573956426
 274   3.319819437267083 -1.377866344131293 -5.069334538502599
 275   3.344364881528474 -1.302831994802623 -5.078163200780113
 276   3.339825972536764 -1.296677943527775 -4.728956576791271
 277   2.913665829144431  1.897581136150324 -4.763331005129725
 278   2.916820645940818  1.898229255691956 -5.094629740674333
 279   2.813430867118667  2.045063247897743 -5.076908157175244
 280   2.810719352402699  2.044447979583958 -4.788407400332780
 281   2.385033894392233  2.526375402849583 -5.081670254632858
 282   2.380804330607476  2.527441470848645 -4.811062008768509
 283   2.456169534591888  2.454445375875584 -4.814441068714643
 284   2.460213361404993  2.453432620136219 -5.073745562576042
 285   1.538414929525934 -3.445390146364268 -5.039557787672480
 286   1.535915885507311 -3.440743794217918 -4.750317617676492
 287   1.469954432942990 -3.474506415590848 -4.757821784956326
 288   1.473145457454877 -3.478508203204451 -5.032795442025327
 289   3.463107538246628 -0.765526010974349 -4.727501427728328
 290   3.468313207085809 -0.767404837309095 -5.091239062448992
 291   3.499059468734129 -0.549652984118772 -5.074995255306424
 292   3.494368333919200 -0.548374520324967 -4.751131924795216
 293  -2.019838542695366 -3.327404758096596 -4.784034823838731
 294  -2.022867711256095 -3.328648436438833 -5.093074920626129
 295  -1.933216982410561 -3.381534998146185 -5.079560029327112
 296  -1.928495156714546 -3.381515908043399 -4.793282440606721
 297  -3.805474812160598  0.248550404877038 -4.854520312762290
 298  -3.809531074649009  0.223264911189042 -5.118241503665000
 299  -3.823505651308166  0.096163360828839 -5.106237921298499
 300  -3.820462890937054  0.113149709848746 -4.862799225841732
 301   2.100628909702326 -3.082600583500685 -5.037842186570403
 302   2.087242328991332 -3.085750524555942 -4.743095752388971
 303   1.978185783163231 -3.167327366021980 -4.730063449009165
 304   1.985587870022185 -3.169299376388748 -5.051660699398546
 305  -3.826558979786820 -0.357824581275203 -4.849678147530330
 306  -3.828859162057599 -0.357948110222950 -5.102992084079919
 307  -3.822915993815332 -0.434105038377701 -5.108531444103428
 308  -3.820432118919534 -0.434674366125633 -4.841052874654732
 309  -1.747683313927750  3.159861832265163 -5.125879243341979
 310  -1.747811882037954  3.157782919111924 -4.853116225068538
 311  -1.655394680744027  3.199553454769295 -4.858861948236031
 312  -1.656445334635990  3.200996721890236 -5.117694765037483
 313   3.521571458551134 -0.140097481839316 -4.767389347059549
 314   3.525830020486751 -0.142474669141363 -5.072955039294865
 315   3.523830823820000 -0.006962201004252 -5.082336767412743
 316   3.519389991275514 -0.005271904161732 -4.762795757730487
 317   1.246222210443700  3.262221576203124 -5.083263700728592
 318   1.249388548903288  3.259094808345051 -4.831463405421559
 319   1.357636710711875  3.212255551085548 -4.832023222030442
 320   1.352978713795248  3.215974462126159 -5.076175193283136
 321   0.215726009304816  3.514774814543058 -5.081834596604695
 322   0.213076718461013  3.513680341522418 -4.841115768589940
 323   1.055537420689895 -3.651841016671241 -5.022555029372682
 324   1.050222193973947 -3.651526895048507 -4.774599833174433
 325  -3.413888007526381  1.531631836182841 -4.869354995693128
 326  -3.417504632249674  1.529920099974070 -5.111783144631620
 327  -3.467160829252005  1.428435513797794 -5.106495838226087
 328  -3.467402214927052  1.422453439742632 -4.871821368882082
 329  -3.613939964298942  1.075308908095087 -5.110332571402387
 330  -3.615717643086764  1.065173003152530 -4.857518642788008
 331  -3.588664890897148  1.136876348974643 -4.862653409863787
 332  -3.587918938420207  1.144108181189433 -5.107382738400644
 333   3.289290897936696 -1.462267028891878 -5.061848174868185
 334   3.284125623420687 -1.459701691065193 -4.741792132240622
 335  -0.011140099523522 -3.849596268623175 -5.019004440889135
 336  -0.013323590645517 -3.845804503593484 -4.782284437741609
 337  -3.056794432792544  2.098940782094782 -5.154759872731921
 338  -3.052846281237547  2.102350370923616 -4.840221663758149
 339  -3.009897129257223  2.157776341815935 -4.850752421433420
 340  -3.012941283319315  2.155417160120547 -5.143760431776802
 341   2.022462986940850  2.825824727954496 -4.764335556990018
 342   2.027550001032048  2.824772834327282 -5.113311338661840
 343   1.995802540889537  2.844520916251562 -4.758653212174242
 344  -3.728002793333280  0.690903323904080 -5.153598103107086
 345  -3.733634551168687  0.666207897168694 -4.806332843144921
 346  -3.727071030717868  0.691769546555337 -4.806134760983373
 347  -0.432463932075174 -3.840475054018505 -5.019233505326607
 348  -0.436065980027954 -3.836929907494449 -4.789529306942911
 349  -0.505139782016721 -3.830354297603319 -4.786216821500258
 350  -0.501186797086623 -3.834043280505925 -5.023853165167352
 351   3.076471767169082 -1.915550864174864 -4.735924675319510
 352   3.081836908302517 -1.918701334917448 -5.056830275107567
 353   3.127509179055995 -1.832259501335724 -5.052435286155790
 354   3.124085839713859 -1.825896883501785 -4.742528429722004
 355  -1.530584988546037 -3.579123115090261 -4.803089987983847
 356  -1.529547850198332 -3.581937765103633 -5.050879331435642
 357  -1.451985734775197 -3.612657728297516 -5.052007906220648
 358  -1.463754357527232 -3.605546727470378 -4.799327175472475
 359  -0.147141047729824  3.526918193958644 -4.844722560028536
 360  -0.140932154542338  3.527750159572922 -5.087806818860567
 361  -0.265561512847428  3.525816690510430 -5.095871364745965
 362  -0.257778097153291  3.525167313631745 -4.840467867248191
 363   3.261441234881775  1.239106014188997 -5.063594024500031
 364   3.257729395154541  1.241372107089651 -4.797695908192056
 365   3.279132839445300  1.184713115178653 -4.797118154299874
 366   3.283696126583332  1.180135010696842 -5.060950120678132
 367  -3.377101250401202 -1.924245428467796 -4.798939302576454
 368  -3.375927783943121 -1.932632634147541 -5.097058388631741
 369  -1.828504205859355  3.116600976665824 -4.844019193320150
 370  -1.826170146647344  3.119951367192966 -5.136794840467377
 371  -1.141514991487437 -3.716490092501695 -5.072842931049717
 372  -1.140616252507263 -3.712048567080432 -4.764131443050232
 373  -1.175820782024209 -3.701896793122148 -4.769126312165692
 374  -1.175512255322531 -3.706559523870935 -5.069334096455323
 375  -2.668039858033538 -2.840802656330656 -5.080929805296172
 376  -2.664428014314669 -2.840291505729324 -4.810827168204227
 377  -3.211124987276561 -2.201360560658785 -4.786765406322783
 378  -3.214210108069682 -2.202958011706213 -5.098171182350185
 379   3.092040157735094  1.604668637055988 -5.107997080885005
 380   3.089533153788858  1.602698333376999 -4.774714473007164
 381   3.142826432116388  1.498323495822518 -4.785312378598508
 382   3.145576153720126  1.499247308486165 -5.091018964112225
 383  -0.922063360183217  3.445535895758476 -5.125950226900764
 384  -0.918131499461515  3.444735898791474 -4.828439060244498
 385   1.386254772303712 -3.519272659823834 -5.026639994300520
 386   1.377660910060632 -3.518086597964689 -4.765323825325835
 387   3.392822111807695  0.843865826922696 -5.061712690898179
 388   3.389797303329015  0.842597755783890 -4.778007316737661
 389   3.398630506166537  0.808014800403249 -4.774095952261526
 390   3.402192809674563  0.807473129399245 -5.063968629256459
 391  -2.440362242875868 -3.035806940495439 -4.780785883631681
 392  -2.445248074434262 -3.036063004564842 -5.112980591138984
 393   1.725101127303446  3.021460419049583 -4.807312623263047
 394   1.725654526714238  3.022772356095715 -5.077717665758612
 395   1.654777545845545  3.063179853764675 -5.074391833081809
 396   1.654026984375909  3.062047723597026 -4.815175807476990
 397  -2.503671632004690  2.662865227700506 -4.874184037448559
 398  -2.500552113332533  2.666807493273092 -5.116578948275702
 399  -2.547727499934487  2.627763856667610 -5.113594757612145
 400  -2.549059346129430  2.625335043846746 -4.877352663113073
 401   1.631799384572146 -3.387737395719479 -4.736192491993537
 402   1.634477747623653 -3.392853940099414 -5.052759302657734
 403  -1.837642352315150 -3.431518790787222 -4.799427527506031
 404  -1.838525743084332 -3.433491959602828 -5.068613568933283
 405  -3.750058546488904 -0.944176852793268 -5.114157248926438
 406  -3.747000309485017 -0.946755119443868 -4.812321645134059
 407  -2.118643768827898  2.947655261537017 -4.824487534639527
 408  -2.116425629503765  2.951526524914450 -5.163531469352149
 409   3.474297180742271  0.430690040101389 -4.714000216833456
 410   3.475408866746598  0.423764258796904 -4.715128146537296
 411   3.481054706510415  0.420430738959928 -5.106489862045128
 412  -0.836573805189972 -3.787517701837048 -5.060427725315877
 413  -0.830224583924588 -3.784253595387509 -4.757333988526712
 414   2.439979753865033 -2.763697219028061 -4.748054032364730
 415   2.442647650139161 -2.769553524234980 -5.034931432149978
 416   2.173461726081194 -3.022214851793065 -5.032888362674917
 417   2.167395405889618 -3.019593101027445 -4.748710988933279
 418  -1.179832434625207  3.377882613584347 -4.856714694371794
 419  -1.182253183391037  3.378750828118180 -5.106020960561773
 420   2.964963622648028  1.816451944021634 -4.745832303686251
 421   2.982238015378975  1.789228524534337 -4.745635852070642
 422   2.914150822561758 -2.199191202913145 -5.087408689596620
 423   2.907581838411454 -2.195536157170328 -4.699055199019642
 424  -3.780923446481142  0.420868036836731 -4.838997467287166
 425  -3.784411568562629  0.400028925888395 -5.139990615397203
 426  -3.533725836428425 -1.611614570938726 -5.072496998045612
 427  -3.532402612062050 -1.609207626583319 -4.833752997462692
 428   2.294275483919633  2.606103448633805 -4.803941716528538
 429   2.298196445867475  2.605517858221690 -5.093968472439537
 430   0.671433567502184 -3.757308617075324 -4.745542266213235
 431   0.656100969716710 -3.765162438625298 -5.057695623800290
 432   2.537381997660386  2.373737785268590 -5.068577798707748
 433   2.531820287214713  2.376384448785304 -4.814818004026190
 434   3.373248763743702 -1.180756498669664 -4.714854258012491
 435   3.374982802857929 -1.198395866764206 -5.093420164360571
 436  -3.649326087089808 -1.310494411808278 -5.076356575335377
 437  -3.648009244131611 -1.308391154328429 -4.839369524718462
 438   0.658146262450578  3.444308251297910 -4.787783744320607
 439   0.658562042954594  3.446182639008148 -5.122925671104342
 440  -3.809432536822867 -0.549637188228352 -4.826479946524803
 441  -3.812174779155144 -0.548690022157149 -5.118465928795819
 442   3.516928196123700  0.105472933033816 -5.094957094332234
 443   3.512225490195950  0.106752042902100 -4.754203495995538
 444  -3.830045559080517 -0.008490115670595 -5.100771118233047
 445  -3.827897240865364 -0.004745855659535 -4.864894358937214
 446  -0.543597451898681  3.506567224045844 -4.816498786802601
 447  -0.546775004958799  3.507747030662972 -5.126736918703561
 448  -3.233340094772679  1.847573322134230 -4.840777889233172
 449  -3.239037656986993  1.841971920618528 -5.150083620566373
 450  -3.734441270161689  0.662598951232066 -4.806258210684184
 451   0.700442615275958  3.434104328219028 -4.779386185637404
 452   0.717785188841205  3.429939517329764 -4.779177830704617
 453  -0.099719759182292 -0.053585700314691 -1.618624242554962
 454  -0.149383489445128 -0.042351525242390 -1.618624242554962
 455  -0.188048743405068 -0.066343836923809 -1.618624242554962
 456  -0.200370030180592 -0.116084232883629 -1.618624242554962
 457  -0.178239078458086 -0.152975029074591 -1.618624242554962
 458  -0.124174997889285 -0.166329642338802 -1.618624242554962
 459  -0.085237912722878 -0.142209741350688 -1.618624242554962
 460  -0.074181172810471 -0.093217622597479 -1.618624242554962
 461  -0.264364398751167  0.700186373967074 -2.235949814471899
 462   0.301048424968870  0.499369297494243 -2.173127305400349
 463   0.309074129230485  0.507394972353502 -2.182793273757623
 464   0.628002962901918  0.011872643730907 -2.182512795774119
 465   0.628493977386647  0.011863099534065 -2.182922678750508
 466   0.476115873592282 -0.554244595490932 -2.162463269146834
 467   0.473857747068393 -0.553076547272161 -2.160367399476485
 468  -0.009061059410324 -0.869093575222947 -2.172436343398704
 469  -0.008935534769692 -0.896375543759983 -2.194816976513531
 470  -0.603173500363640 -0.755928375025115 -2.200022438449718
 471  -0.611547536751810 -0.764544761245406 -2.210031862839481
 472  -0.913933680113616 -0.242937458883236 -2.202250521237358
 473  -0.912233015895222 -0.242333874224558 -2.200725973832073
 474  -0.766426804721118  0.341465246732402 -2.199706265673888
 475  -0.767224332021904  0.342247626124828 -2.200674297433814
 476  -0.264403070093247  0.695781102208819 -2.232146914196474
 477   1.628296927116283  2.168225612269747 -5.826438709865372
 478  -0.564013397375800  2.745756846866100 -5.830550176099208
 479  -0.564493270752172  2.749019683806742 -5.828471458800935
 480  -0.563685270285410  2.750995793453513 -5.827018541018403
 481   1.640508472696675  2.163663484968563 -5.825025332049562
 482   1.654146828966825  2.168815312391110 -5.814964919950248
 483   3.019340968068354  1.698741415845868 -5.145355416663771
 484   2.756993575926817  0.242474329999295 -5.803442219294629
 485   2.753324556343183  0.239579928140600 -5.806665041270329
 486   2.220039092112749 -1.873380133449290 -5.796204531664942
 487   2.208925897121063 -1.872283117996923 -5.804079014062259
 488   2.067580171698440 -0.719070597788274 -6.109004756091078
 489   2.752297219846562  0.234100857404329 -5.807307746879313
 490   1.027043378893165 -2.105915730706811 -6.104214218113137
 491   2.203818967901795 -1.876052404803272 -5.804747311837451
 492   1.801763988425353 -3.286556418962215 -5.088431979007638
 493   0.357556030217741 -3.026225685116923 -5.789335247654890
 494   0.355662028012950 -3.023835400231423 -5.791513687202277
 495   0.353909445641371 -3.013612043027772 -5.798453380077945
 496  -1.843073122026625 -2.587219073813645 -5.787492942056802
 497  -1.842106457614429 -2.585882076846937 -5.788569647087501
 498  -0.661782503246228 -2.376941306263348 -6.102409574911654
 499  -1.844241495313082 -2.593344808808995 -5.783020964672216
 500  -2.062445749713624 -1.388940251327566 -6.107629320861335
 501  -3.020658920042377 -0.636739921519987 -5.821265564872946
 502  -3.016598523400689 -0.636149644840976 -5.823899046054469
 503  -2.535415012835115  1.547921726404265 -5.858269083825657
 504  -2.534809681139968  1.547489377931336 -5.858730042117004
 505  -3.028530326943883 -0.633982529070127 -5.815647815458460
 506  -3.737748706641920  0.593767571542280 -5.180841664471292
 507  -2.540876722900976  1.548314192189560 -5.854570887325009
# FACETS (SIDES)  
# id  num_verts  verts_list
# plane coeff
   0    7     451 461 476 454 453 462 452
       0.146063617073723  0.645713996165959  0.749479055693172  1.262291434239606
   1    7     464 421 420 463 462 453 460
       0.552206683920689  0.355838861203314  0.753953899844576  1.294501852173472
   2    8     466  27  26 465 464 460 459 467
       0.632631751020633 -0.142774897460574  0.761178294656180  1.265681869377116
   3    6     459 458 468  52  51 467
       0.339087582690814 -0.547393709974573  0.765101128966082  1.189469635217005
   4    7     470 110 109 469 468 458 457
      -0.154881011823071 -0.627011755122844  0.763458008743397  1.112228650836773
   5    8     472  96  95 471 470 457 456 473
      -0.559842177685676 -0.335851797354810  0.757482875250460  1.074917452902862
   6    7     474   6   5   9 473 456 455
      -0.641715009720230  0.158960428648538  0.750288896641579  1.104308140577412
   7    7     476  70  69 475 474 455 454
      -0.350962204939100  0.565599637271336  0.746272457633818  1.179460739954994
   8    8     106 105 477  13  12 478 479 480
       0.145573475923733  0.546727291305481 -0.824559053100052 -6.226707745003736
   9    7      15  14 481 482 483 484 485
       0.498839228847264  0.280684875557160 -0.819985014739006 -6.202091080219130
  10    6      31  30 486 487 488 489
       0.562271420755247 -0.146293394920699 -0.813909756671127 -6.239915094137206
  11    6     490 491 492 493 494 495
       0.303985415287375 -0.498834428308561 -0.811638515859513 -6.317124846122011
  12    8     496 497 498 495 494 114 113 499
      -0.114937830923050 -0.571326439739459 -0.812634846826875 -6.393103929626234
  13    7     500 497 496 100  99 501 502
      -0.485907390831216 -0.307528383156086 -0.818119979641741 -6.426069758407829
  14    9     503 504  21  20 502 501 505 506 507
      -0.551995666187783  0.108602667725797 -0.826744365008160 -6.410937481745028
  15    8      74  73 479 478  23  22 504 503
      -0.283256803863113  0.485326722619565 -0.827178067514248 -6.315253031087001
  16   15     451 438 207 206 322 139 138 359 362 271 270 446  90  89 461
       0.017544942349883  0.677709956780688  0.735119983049201  1.173806370609245
  17   16     343 239 238 393 396 135 134 319 318 193 196 103 102 452 462 463
       0.271144628028598  0.617808824333468  0.738100838142684  1.213844663706822
  18   14     280 171 170 433 283 282 428 122 121 341 343 463 420 277
       0.484614431734741  0.466077383988213  0.740216674149616  1.229472872592787
  19   18     215 214 389 388 153 156 365 364 245 248 381 380  64  63 421 464 465 409
       0.624342423642625  0.243419779792206  0.742255581889396  1.225003376972910
  20   14      26  25 289 292 187 186 313 316 443  46  45 410 409 465
       0.665711583965338 -0.014647738980863  0.746065366249573  1.210381054203236
  21   16     276 434  28  27 466  34  33 423 203 202 351 354 143 142 334 273
       0.604328876598899 -0.265622643227736  0.751153260202885  1.189390849220717
  22   14      51  50 303 302 417 173 176 414 265 268  35  34 466 467
       0.449723438475024 -0.480984660541113  0.752597226416861  1.146760242184831
  23   16      58  57 430 255 254 324 161 164 386 287 286 401  53  52 468 469
       0.229955495702384 -0.616609650237083  0.752936258411542  1.101898247002645
  24   15     109 108 413 211 210 349 348 151 150 336 235 234  59  58 469
      -0.026717550492847 -0.659215814396890  0.751478996742230  1.058215189856621
  25   17      40  39 293 296 403 179 178 355 358 257 260 373 372 111 110 470 471
      -0.279324948289296 -0.599679522748233  0.749908023199934  1.028018303847872
  26   14      95  94 377 231 230 147 146 376 227 226 391  41  40 471
      -0.491645483869688 -0.448776375580044  0.746246931592875  1.005455284830365
  27   15     160 427 263 262 367  97  96 472  83  82 406 251 250 437 157
      -0.628576086341267 -0.227682653606814  0.743675139376365  1.007969462202546
  28   21     473   9   8  11   0   3 450 117 116 424 297 300 445 181 184 305 308 440  84  83 472
      -0.672959104779740  0.029301377725634  0.739099095221629  1.019759778747025
  29   22     331 330 199 198 346   2   1  10   7   4   6 474 475  77  76 448 217 220 325 328 127 126
      -0.614296388918155  0.284472961110396  0.736012962494003  1.051061476850738
  30   16     338  78  77 475  69  68 407 191 190 397 400 131 130 221 224 339
      -0.463058236541720  0.498110430840799  0.733118727259416  1.087608881325947
  31   15      89  88 384 243 242 418 167 166 311 310 369  71  70 476 461
      -0.241548567172729  0.635321623382546  0.733498960162431  1.131366478381595
  32   16     447 269 272 361 360 137 140 321 205 208 439 101 106 480  92  91
       0.036964777957211  0.678282556194965 -0.733870819117505 -6.121394827721462
  33   18     320 133 136 395 394 237 240 342 120 124 482 481 477 105 104 195 194 317
       0.311127807598585  0.605992642752194 -0.732101362018341 -6.086080937124364
  34   14     172 279 278  62  66 483 482 124 123 429 281 284 432 169
       0.513349215243112  0.449680071308582 -0.730931198319780 -6.074767278004900
  35   19     484 483  66  65 379 382 247 246 363 366 155 154 387 390 213 216 411  44  48
       0.650012918467264  0.212596512019456 -0.729579282122808 -6.077701845489965
  36   14     442 315 314 185 188 291 290  24  31 489 485 484  48  47
       0.677393422089872 -0.040856023003168 -0.734485491411326 -6.120206886588584
  37   16     144 353 352 201 204 422  32  37 486  30  29 435 275 274 333 141
       0.614887042808476 -0.287545288197872 -0.734323928400437 -6.160046584149882
  38   16     267 266 415 175 174 416 301 304  49  55 492 491 487 486  37  36
       0.466234648503054 -0.502614265382679 -0.728013841055967 -6.196363849973746
  39   16     493 492  55  54 402 285 288 385 163 162 323 253 256 431  56  61
       0.243778036895111 -0.630849428099677 -0.736614734982865 -6.260766699061320
  40   16     335 149 152 347 350 209 212 412 107 114 494 493  61  60 233 236
      -0.014316067232163 -0.679699492898976 -0.733350972980795 -6.297419904183693
  41   16     258 357 356 177 180 404 295 294  38  43 499 113 112 371 374 259
      -0.258921708376607 -0.626727761330601 -0.734963850885792 -6.353146702957447
  42   15      43  42 392 225 228 375 145 148 229 232 378  93 100 496 499
      -0.498636590024191 -0.447043961266415 -0.742639379365435 -6.373644526725172
  43   16     368 261 264 426 159 158 436 249 252 405  81  86 505 501  99  98
      -0.618762506322038 -0.247101362368828 -0.745703612359186 -6.367348546419545
  44   15     441 307 306 183 182 444 299 298 425 115 119 506 505  86  85
      -0.664534599235691  0.002493067223831 -0.747253337921268 -6.356744868300948
  45   18     507 506 119 118 344 197 200 329 332 125 128 327 326 219 218 449  75  80
      -0.626051357198006  0.268177456262716 -0.732216190822761 -6.292753876420785
  46   17     408  67  74 503 507  80  79 337 340 223 222 129 132 399 398 189 192
      -0.460499039150572  0.500369217838620 -0.733192526408288 -6.237327670724512
  47   15     419 241 244 383  87  92 480 479  73  72 370 309 312 165 168
      -0.219643102724339  0.634601298180492 -0.740971051913136 -6.187247141395923
  48    4     477 481  14  13
       0.207596232631731  0.263852267426801 -0.941958483783042 -6.398382924765014
  49    5     485 489 488  16  15
       0.351011498161164  0.043902014627282 -0.935341403590326 -6.408180848836243
  50    6     488 487 491 490  17  16
       0.279857853210094 -0.213208130928113 -0.936067238451800 -6.450379458074168
  51    5     490 495 498  18  17
       0.056110104945981 -0.355847131934403 -0.932858228680548 -6.501378047636972
  52    5     498 497 500  19  18
      -0.198527573208454 -0.286399318934563 -0.937316506197229 -6.532025667763254
  53    4     500 502  20  19
      -0.331355868723362 -0.065228574861393 -0.941248384478899 -6.522798327509575
  54    3     504  22  21
      -0.250090862586418  0.177439926069528 -0.951824370925237 -6.485001177221013
  55    3      23 478  12
      -0.048097924491835  0.324617195587453 -0.944621758159590 -6.426112319578628
  56   12      12  13  14  15  16  17  18  19  20  21  22  23
       0.000567512632094 -0.003007519640222 -0.999995316366545 -6.112427525210038
  57    8     453 454 455 456 457 458 459 460
       0.000000000000000  0.000000000000000  1.000000000000000  1.618624242554962
  58    8      24  25  26  27  28  29  30  31
       0.975804545002572 -0.218118157939477  0.015164403364901 -3.481675192366080
  59    6      32  33  34  35  36  37
       0.799534128489438 -0.600307204206684  0.019402009127660 -3.555823906213174
  60    6      38  39  40  41  42  43
      -0.574981141207822 -0.818115411176263  0.009157578896444 -3.848610462766212
  61    5      44  45  46  47  48
       0.993872784790448  0.109724576959036  0.013319341726969 -3.440930771519198
  62    7      49  50  51  52  53  54  55
       0.535737668108096 -0.844187484025927  0.018238497308589 -3.652894844076869
  63    6      56  57  58  59  60  61
       0.171907077585115 -0.984983141806101  0.016005218959076 -3.743514946974074
  64    5      62  63  64  65  66
       0.868593100575547  0.495436757551995  0.009404514815966 -3.434385231403740
  65    8      67  68  69  70  71  72  73  74
      -0.510720495230332  0.859724032384418  0.006258106132119 -3.588084358654783
  66    6      75  76  77  78  79  80
      -0.818141096112530  0.574999192883375  0.004590755412354 -3.687629363650306
  67    6      81  82  83  84  85  86
      -0.987651378482832 -0.156428610816760  0.008651259960295 -3.811568570356617
  68    6      87  88  89  90  91  92
      -0.156432381043947  0.987675182760441  0.005161736146963 -3.527882888808854
  69    8      93  94  95  96  97  98  99 100
      -0.852588217987057 -0.522466731941289  0.011038322528553 -3.837168271287196
  70    6     101 102 103 104 105 106
       0.248685620671846  0.968566544235473  0.005857598382600 -3.473593636866827
  71    8     107 108 109 110 111 112 113 114
      -0.233420491678572 -0.972266320323146  0.014597137727076 -3.809415517869178
  72    5     115 116 117 118 119
      -0.982286971962623  0.187381261408253 -0.000753382740545 -3.798022490120954
  73    5     120 121 122 123 124
       0.625228173494763  0.780412329797808  0.006806362314731 -3.440037855226290
  74    4     125 126 127 128
      -0.917716844389571  0.397131541208735  0.009073725851152 -3.704812624983703
  75    4     129 130 131 132
      -0.673008204236199  0.739626359148787  0.003578530854349 -3.643013856934640
  76    4     133 134 135 136
       0.453984229699681  0.890994218542257  0.005255635856952 -3.457064620957439
  77    4     137 138 139 140
       0.031410508994876  0.999498602587576  0.003990407268037 -3.503486033742099
  78    4     141 142 143 144
       0.911253029477767 -0.411446519412175  0.018157035308659 -3.514883740215635
  79    4     145 146 147 148
      -0.728926408094681 -0.684507459341935  0.010762420147735 -3.842394689214881
  80    4     149 150 151 152
      -0.031407181046243 -0.999392705544987  0.015093345626452 -3.779442925349330
  81    4     153 154 155 156
       0.950996957267851  0.308997642473888  0.011191256089856 -3.434056988567821
  82    4     157 158 159 160
      -0.935410088119682 -0.353462017897874  0.008518740956975 -3.836473487970953
  83    4     161 162 163 164
       0.368095274044873 -0.929702536485446  0.012612013255527 -3.723534390446076
  84    4     165 166 167 168
      -0.353467164403819  0.935423707952468  0.006591683303905 -3.552093567360528
  85    4     169 170 171 172
       0.760375228390482  0.649421796273183  0.008991249937268 -3.429832718043590
  86    4     173 174 175 176
       0.684394538802788 -0.728806159933939  0.021111525270927 -3.587016837394455
  87    4     177 178 179 180
      -0.425763799303479 -0.904794129734286  0.008530533455941 -3.851359635195342
  88    4     181 182 183 184
      -0.999838007641305  0.015706710544342  0.008789637065413 -3.785947740726932
  89    4     185 186 187 188
       0.997921417761093 -0.062783893943729  0.014526755830287 -3.458965424626147
  90    4     189 190 191 192
      -0.600411963200667  0.799673654369468  0.005246041641210 -3.609894388448759
  91    4     193 194 195 196
       0.338729656345289  0.940857815088941  0.006985105458511 -3.457983825869526
  92    4     197 198 199 200
      -0.955781377021775  0.294036744984750  0.004934768194447 -3.748083117310577
  93    4     201 202 203 204
       0.860580658194585 -0.508945982502549  0.019362789982055 -3.532553996208083
  94    4     205 206 207 208
       0.156431818778172  0.987671632754053  0.005816521872792 -3.482568342550534
  95    4     209 210 211 212
      -0.140888124320842 -0.989931558800957  0.013639842933933 -3.800877290911582
  96    4     213 214 215 216
       0.979153093770990  0.202772857690788  0.011932608374142 -3.438046752971036
  97    4     217 218 219 220
      -0.868599571990024  0.495440448781644  0.008575852715103 -3.685658360415598
  98    4     221 222 223 224
      -0.750108969667772  0.661310013957503  0.002366234029213 -3.676824203191797
  99    4     225 226 227 228
      -0.661277215152554 -0.750071766726235  0.010236673300790 -3.844799812913296
 100    4     229 230 231 232
      -0.790107688044672 -0.612870345139031  0.010944466266945 -3.840382308393657
 101    4     233 234 235 236
       0.078448576807722 -0.996783678180436  0.016374361359259 -3.756692104870711
 102    4     237 238 239 240
       0.535819158609039  0.844315892508396  0.005338813094079 -3.451523445786501
 103    4     241 242 243 244
      -0.248685663106873  0.968566709508986  0.005828395665215 -3.538595238397258
 104    4     245 246 247 248
       0.911362117809259  0.411495774682500  0.009503559368534 -3.437232256107771
 105    4     249 250 251 252
      -0.964528315970463 -0.263865088425761  0.007768062901844 -3.830645943953683
 106    4     253 254 255 256
       0.263862573066710 -0.964519121366337  0.008911063534975 -3.763868762762414
 107    4     257 258 259 260
      -0.323886939047251 -0.945996336512617  0.013717945156246 -3.821572786473395
 108    4     261 262 263 264
      -0.897986893752727 -0.439919239945897  0.009518454378387 -3.837507735809506
 109    4     265 266 267 268
       0.749952849635465 -0.661172375634381  0.020538087097760 -3.564332290489204
 110    4     269 270 271 272
      -0.062789936052862  0.998017454335658  0.004311005897658 -3.515287809072282
 111    4     273 274 275 276
       0.950905760312441 -0.308968010786839  0.017804586910183 -3.492294642203292
 112    4     277 278 279 280
       0.818117201584230  0.574982399527617  0.008915419533199 -3.432328795167065
 113    4     281 282 283 284
       0.695890260839936  0.718103042670737  0.008047668926857 -3.433024122790748
 114    4     285 286 287 288
       0.453915034094264 -0.890858414520132  0.018232583521814 -3.675780310103498
 115    4     289 290 291 292
       0.989913828154542 -0.140885600876172  0.014894975467610 -3.465613614749924
 116    4     293 294 295 296
      -0.509023228419196 -0.860711273906420  0.008453159177857 -3.851639316153606
 117    4     297 298 299 300
      -0.993949663531905  0.109733064451110  0.004766647771865 -3.786584818291587
 118    4     301 302 303 304
       0.600315011185649 -0.799544526409167  0.018719979548995 -3.631407188364867
 119    4     305 306 307 308
      -0.996876143874390 -0.078455854015658  0.009090255485971 -3.798593979803764
 120    4     309 310 311 312
      -0.411504977287474  0.911382499320017  0.006752303372565 -3.564411664897108
 121    4     313 314 315 316
       0.999781262100110  0.015705819114147  0.013811415548922 -3.452756416342121
 122    4     317 318 319 320
       0.397139751449186  0.917735817135817  0.006402168767961 -3.456238050716818
 123    4     206 205 321 322
       0.109732511612930  0.993944655986313  0.005726843054358 -3.488060931568643
 124    4     254 253 323 324
       0.309007524468410 -0.951027370919705  0.007828766407255 -3.759849356360205
 125    4     325 326 327 328
      -0.897980029130002  0.439915877001924  0.010290211140168 -3.689285723881434
 126    4     329 330 331 332
      -0.935417059028211  0.353464651984705  0.007593778792140 -3.721818046783418
 127    4     142 141 333 334
       0.929626634424385 -0.368065222292974  0.017953069576372 -3.505146353663990
 128    4     150 149 335 336
       0.015705266551952 -0.999746087791512  0.016158729779841 -3.767343114376243
 129    4     337 338 339 340
      -0.790150776782285  0.612903768189955  0.003274276852482 -3.684899099156865
 130    5     341 342 240 239 343
       0.574995190838573  0.818135401778763  0.005915646102854 -3.446629617231024
 131    5     198 197 344 345 346
      -0.968581267529384  0.248689400971204  0.001977381034282 -3.772503377523156
 132    4     347 348 349 350
      -0.094099237290192 -0.995465950252519  0.013887959866480 -3.794049761750949
 133    4     351 352 353 354
       0.883599895124962 -0.467842062114353  0.019365697812002 -3.522830911083368
 134    4     355 356 357 358
      -0.368109576349735 -0.929738659984022  0.009020195714760 -3.847747308915587
 135    4     359 360 361 362
      -0.015707245640190  0.999872070099198  0.003020905483877 -3.514142727294951
 136    4     363 364 365 366
       0.935396830942112  0.353457008427915  0.010045489367969 -3.437846220375797
 137    4     367 368  98  97
      -0.876261950391101 -0.481729083767018  0.010103670114011 -3.837703415933052
 138    4     222 221 130 129
      -0.718124915328252  0.695911456919661  0.001962170416929 -3.667712564839865
 139    4      72  71 369 370
      -0.467920282221510  0.883747627199687  0.006382860226104 -3.578964224662049
 140    4     371 372 373 374
      -0.278961260773390 -0.960190957598123  0.014626685698401 -3.812779762890384
 141    4     146 145 375 376
      -0.695873223888027 -0.718085461900188  0.010664224457409 -3.842372409214012
 142    4     377 378 232 231
      -0.818099726494201 -0.574970117828642  0.011054461281784 -3.839821901925781
 143    4     379 380 381 382
       0.890967277639730  0.453970502624211  0.009385782991799 -3.435436277275645
 144    4     196 195 104 103
       0.294033558576233  0.955771019439018  0.006784160338375 -3.463394546798477
 145    4      88  87 383 384
      -0.202784433172261  0.979208989656786  0.005313025347299 -3.533645515670996
 146    4     234 233  60  59
       0.125316305194408 -0.991980699468638  0.016435191940916 -3.748691001009375
 147    4     164 163 385 386
       0.411450129704751 -0.911261025389486  0.017667324982737 -3.688543436133912
 148    4     387 388 389 390
       0.968519804111264  0.248673619847672  0.011437649939336 -3.437968479106982
 149    4     391 392  42  41
      -0.612878674156813 -0.790118425749695  0.009623100051949 -3.848286995695231
 150    4     393 394 395 396
       0.495451896690238  0.868619642310342  0.005228294052515 -3.454070449957879
 151    4     397 398 399 400
      -0.637418019549111  0.770506026044209  0.004328069275092 -3.626543311586921
 152    4      54  53 401 402
       0.495376349019300 -0.868487193143538  0.018228224761847 -3.664228982117668
 153    4     403 404 180 179
      -0.467914789796946 -0.883737253814816  0.008013470479563 -3.853960956779278
 154    4      82  81 405 406
      -0.979189975775934 -0.202780495586831  0.008189136064578 -3.821599857858733
 155    4     192 191 407 408
      -0.562074033020804  0.827066823772831  0.005766317546723 -3.600922995291246
 156    5     216 215 409 410 411
       0.987605965499650  0.156421418106835  0.012914986138222 -3.437724521000854
 157    4     108 107 412 413
      -0.187361608866304 -0.982183949729888  0.014502290026981 -3.803393119604876
 158    4     266 265 414 415
       0.728811690871725 -0.684399732699085  0.020749099501365 -3.571241562515768
 159    4     302 301 416 417
       0.637287262615299 -0.770347968062853  0.020711180790385 -3.609039483164388
 160    4     418 419 168 167
      -0.294034703644422  0.955774741541335  0.006183565664811 -3.545374747992750
 161    6     278 277 420 421  63  62
       0.844293057234943  0.535804666903841  0.009088037683589 -3.433431327553342
 162    4     306 305 184 183
      -0.999465258367620 -0.031409461110547  0.009090823334094 -3.791664269395115
 163    4      33  32 422 423
       0.835651661576508 -0.548920542351390  0.019301261333846 -3.544202800165787
 164    4     424 425 298 297
      -0.990022196902295  0.140901024032925  0.001717867057332 -3.794186119838113
 165    4     160 159 426 427
      -0.917716707498907 -0.397131481970855  0.009090148788565 -3.836872370291853
 166    4     428 429 123 122
       0.661293632201700  0.750090388213222  0.007425733608233 -3.436330124085656
 167    4     256 255 430 431
       0.218122354422095 -0.975823318986591  0.013837941442115 -3.747255499762023
 168    4     170 169 432 433
       0.728940163762829  0.684520376774135  0.008836935804702 -3.429680835410153
 169    4     280 279 172 171
       0.790124879999783  0.612883680586366  0.008733159579366 -3.432010167566904
 170    4      29  28 434 435
       0.968458827921593 -0.248657963823143  0.016022348394135 -3.484914013203884
 171    4     250 249 436 437
      -0.955763035189091 -0.294031102300231  0.007920318569848 -3.833010732603165
 172    4     148 147 230 229
      -0.760360748928881 -0.649409429644694  0.010905236213179 -3.841573908562111
 173    4     438 439 208 207
       0.202783968488275  0.979206745782695  0.005728100715793 -3.478726477678463
 174    4     440 441  85  84
      -0.992075313150014 -0.125328257681970  0.008910716284566 -3.805121654593643
 175    4     268 267  36  35
       0.780273112664403 -0.625116639539295  0.020076270174066 -3.557256008194424
 176    4     316 315 442 443
       0.997935283578780  0.062784766307036  0.013536724430650 -3.447319800005196
 177    4     294 293  39  38
      -0.535806750375618 -0.844296340261136  0.008649628522202 -3.850178661609995
 178    4     300 299 444 445
      -0.997994045496606  0.062788463293542  0.008092838226145 -3.780549865138482
 179    4     446 447  91  90
      -0.109732991671267  0.993949004300329  0.004903813746300 -3.521380362554493
 180    4     218 217 448 449
      -0.852623544683515  0.522488380168720  0.006243688011488 -3.691933178223988
 181    4     314 313 186 185
       0.999406171985868 -0.031407604246195  0.014172712939599 -3.456313536343599
 182    4     166 165 312 311
      -0.382674830513158  0.923858765803692  0.006704844472809 -3.556835471054434
 183    4     290 289  25  24
       0.984998718416520 -0.171909796138826  0.014984882692895 -3.471916853072085
 184    4     292 291 188 187
       0.993851663874480 -0.109722245188204  0.014828996081597 -3.462598149734011
 185    4      50  49 304 303
       0.574909503672917 -0.818013481274351  0.018248480484049 -3.641877821248796
 186    4     406 405 252 251
      -0.972339900022634 -0.233438156601518  0.007857853807378 -3.826552156183927
 187    4     134 133 320 319
       0.425772473728976  0.904812563826808  0.005659059627476 -3.457188814054858
 188    4     435 434 276 275
       0.960148377351098 -0.278948890068065  0.017395694865369 -3.486171875647597
 189    4     398 397 190 189
      -0.612899505172023  0.790145280932682  0.004963021227283 -3.614358818952651
 190    4     224 223 340 339
      -0.770510063215395  0.637421359387575  0.002872817485492 -3.680633430016392
 191    4     212 211 413 412
      -0.156419325071016 -0.987592750591573  0.013912358653308 -3.800978849597696
 192    4     388 387 154 153
       0.960230353057136  0.278972706212268  0.011484696616398 -3.435174073083503
 193    4     348 347 152 151
      -0.062783993740629 -0.997923003987432  0.014416942903278 -3.787288212584882
 194    4     322 321 140 139
       0.078457953440634  0.996902819598010  0.005396092979664 -3.493392292073465
 195    4     220 219 326 325
      -0.883722496019423  0.467906975946505  0.009879872964658 -3.685482243096425
 196    4     449 448  76  75
      -0.827070002569249  0.562076193328619  0.005056060058246 -3.688200316555020
 197    4     174 173 417 416
       0.661165575700539 -0.749945136624531  0.021032678426395 -3.597658280836109
 198    4     324 323 162 161
       0.338725818308053 -0.940847154530407  0.008452918050978 -3.750906759840705
 199    4     415 414 176 175
       0.706950755540227 -0.706950755540227  0.021006153436674 -3.579005016044580
 200    4     364 363 246 245
       0.923836646508515  0.382665668401106  0.009635185262199 -3.438413597838609
 201    4     270 269 447 446
      -0.078458267524708  0.996906810414500  0.004594736794338 -3.516239916938781
 202    4     360 359 138 137
       0.015707202510258  0.999869324589328  0.003823288451319 -3.505623366427378
 203    4     330 329 200 199
      -0.946066380262594  0.323910920383018  0.006334018744815 -3.734962456328262
 204    4     392 391 226 225
      -0.637392318243967 -0.770474958503155  0.009968498540061 -3.846824116742182
 205    4     144 143 354 353
       0.897866339713248 -0.439860181131354  0.018948801150131 -3.518285623594497
 206    4     437 436 158 157
      -0.946054079998427 -0.323906709061308  0.008131515443182 -3.835659294220622
 207    4     368 367 262 261
      -0.883724176960998 -0.467907865959256  0.009685454458213 -3.838315686978147
 208    4     334 333 274 273
       0.940730077596226 -0.338683668018131  0.017896762935871 -3.498990145816639
 209    4     260 259 374 373
      -0.294009236075817 -0.955691957915803  0.014541343719660 -3.814225659158468
 210    4     126 125 332 331
      -0.929746404998744  0.368112642817992  0.008043916301477 -3.715932061403122
 211    5     345 344 118 117 450
      -0.975916713876402  0.218143230653335 -0.000313842017109 -3.790553534161471
 212    4     328 327 128 127
      -0.911361697264740  0.411495584799368  0.009551986670734 -3.698855304954446
 213    4     342 341 121 120
       0.600408151402305  0.799668577530709  0.006341753675465 -3.443812261293522
 214    6     439 438 451 452 102 101
       0.233441534411264  0.972353969612793  0.005727808477744 -3.475301965772796
 215    4     423 422 204 203
       0.844170313626071 -0.535726771441000  0.019321178894227 -3.539910483354000
 216    4     336 335 236 235
       0.047100090319647 -0.998755003217833  0.016432438626934 -3.761804351519150
 217    4     244 243 384 383
      -0.233441571834129  0.972354125490241  0.005699752777045 -3.536312313856523
 218    4     248 247 382 381
       0.904786864785028  0.425760380677853  0.009424837268013 -3.436414065593174
 219    4     429 428 282 281
       0.672993050720911  0.739609705652930  0.007605063138993 -3.434996581592158
 220    4     443 442  47  46
       0.995472776519698  0.094099882562425  0.013385189946423 -3.442734298351158
 221    4     394 393 238 237
       0.522491484046371  0.852628609751495  0.005206047661496 -3.452507146007844
 222    4     425 424 116 115
      -0.985109209201632  0.171929079867819 -0.000487280146539 -3.799339908129022
 223    4     308 307 441 440
      -0.995521245013537 -0.094104464184028  0.009044365502046 -3.800441886222154
 224    4     372 371 112 111
      -0.263844755048043 -0.964453989659678  0.014644011170699 -3.811279672007102
 225    4     419 418 242 241
      -0.263868424181268  0.964540509438951  0.005921179894525 -3.540667660852363
 226    4     352 351 202 201
       0.868468327602761 -0.495365588304823  0.019382927391893 -3.528920187195047
 227    4     362 361 272 271
      -0.047106078502524  0.998881982329074  0.003975266840555 -3.514126878157423
 228    4     427 426 264 263
      -0.911364707149267 -0.411496943814343  0.009199771420317 -3.837021669698073
 229    4     338 337  79  78
      -0.799679678199994  0.600416486020560  0.003529247607859 -3.686502613139741
 230    4     433 432 284 283
       0.718100472050761  0.695887769735874  0.008480800227873 -3.430964707871084
 231    4     214 213 390 389
       0.972305478677702  0.233429892767741  0.011512658066924 -3.438159335082700
 232    4     356 355 178 177
      -0.397132644632713 -0.917719394251935  0.008762190416198 -3.850390372409304
 233    4     286 285 402 401
       0.481673560644751 -0.876160954206628  0.018236318146463 -3.667827135972950
 234    4     380 379  65  64
       0.876267639278639  0.481732211259408  0.009439331976527 -3.434259220259277
 235    4     376 375 228 227
      -0.672976124829722 -0.739591104341391  0.010398739743449 -3.843724231662191
 236    4     404 403 296 295
      -0.481738241691514 -0.876278608593917  0.008004162209559 -3.853813710573882
 237    4     210 209 350 349
      -0.109724157534071 -0.993868985686640  0.013603254891670 -3.797188250208535
 238    4     194 193 318 317
       0.368115747717633  0.929754247080061  0.006916380475150 -3.456660600401109
 239    4     156 155 366 365
       0.940829931807975  0.338719617746441  0.010395189652193 -3.436524946239198
 240    4     396 395 136 135
       0.481747105183896  0.876294731226708  0.005222132825605 -3.454933510926668
 241    4      68  67 408 407
      -0.535816711064407  0.844312035795181  0.006135010637258 -3.594347268476829
 242    4     386 385 288 287
       0.425709491778097 -0.904678720368233  0.018106394531521 -3.682938574203982
 243    4     370 369 310 309
      -0.453980681005149  0.890987253837088  0.006576836165326 -3.575099009486116
 244    4     400 399 132 131
      -0.649442438555529  0.760399397397811  0.004156373430547 -3.631498404061111
 245    4     431 430  57  56
       0.202765458094585 -0.979117362472448  0.014675132322773 -3.745348177340459
 246    4      94  93 378 377
      -0.835755906006699 -0.548989018143145  0.011096104413136 -3.839124997067434
 247    4      45  44 411 410
       0.989938952104465  0.140889176543752  0.013080941829163 -3.438468092150357
 248    4     258 257 358 357
      -0.353457654426133 -0.935398540526790  0.009861891701243 -3.842667883701202
 249    4     445 444 182 181
      -0.999469560280361  0.031409596303602  0.008604378712412 -3.783858313255558
 250    5     346 345 450   3   2
      -0.641715009720230  0.158960428648538  0.750288896641579  1.104308140577412
 251    4       0   1   2   3
      -0.379404844166128  0.110227296804448  0.918641337662561  2.912450737088164
 252    3       4   5   6
      -0.832823160908410  0.241957495152259  0.497857563158550 -0.728353288719411
 253    5       4   7   8   9   5
      -0.699141510874669  0.203119385565221  0.685524370813681  0.592545132845445
 254    4       7  10  11   8
      -0.660551371955992  0.191907913804329  0.725839677632965  0.919187207252517
 255    4      10   1   0  11
      -0.574067551131566  0.166782041182043  0.801642187934841  1.596980888722026
# EDGES (BONES)  
# id  facets[2]  vertices[2]    (actual bones 1524/2)
   0   251 255     0   1
   1   251  28     3   0
   2   255  28     0  11
   3   251  29     1   2
   4   255  29    10   1
   5   251 250     2   3
   6    29 250   346   2
   7    28 250     3 450
   8   252 253     4   5
   9   252  29     6   4
  10   253  29     4   7
  11   252   6     5   6
  12   253   6     9   5
  13    29   6     6 474
  14   253 254     7   8
  15   254  29     7  10
  16   253  28     8   9
  17   254  28    11   8
  18    28   6   473   9
  19   254 255    10  11
  20    56   8    12  13
  21    56  55    23  12
  22     8  55    12 478
  23    56  48    13  14
  24     8  48   477  13
  25    56   9    14  15
  26     9  48    14 481
  27    56  49    15  16
  28     9  49   485  15
  29    56  50    16  17
  30    49  50   488  16
  31    56  51    17  18
  32    50  51   490  17
  33    56  52    18  19
  34    51  52   498  18
  35    56  53    19  20
  36    52  53   500  19
  37    56  14    20  21
  38    14  53    20 502
  39    56  54    21  22
  40    14  54   504  21
  41    56  15    22  23
  42    15  54    22 504
  43    15  55   478  23
  44    58 183    24  25
  45    58  36    31  24
  46   183  36    24 290
  47    58  20    25  26
  48   183  20   289  25
  49    58   2    26  27
  50    20   2   465  26
  51    58  21    27  28
  52    21   2    27 466
  53    58 170    28  29
  54   170  21    28 434
  55    58  37    29  30
  56   170  37   435  29
  57    58  10    30  31
  58    10  37    30 486
  59    10  36   489  31
  60    59 163    32  33
  61    59  37    37  32
  62   163  37    32 422
  63    59  21    33  34
  64   163  21   423  33
  65    59  22    34  35
  66    21  22   466  34
  67    59 175    35  36
  68   175  22    35 268
  69    59  38    36  37
  70   175  38   267  36
  71    37  38    37 486
  72    60 177    38  39
  73    60  41    43  38
  74   177  41    38 294
  75    60  25    39  40
  76   177  25   293  39
  77    60  26    40  41
  78    25  26   471  40
  79    60 149    41  42
  80   149  26    41 391
  81    60  42    42  43
  82   149  42   392  42
  83    41  42    43 499
  84    61 247    44  45
  85    61  35    48  44
  86   247  35    44 411
  87    61  20    45  46
  88   247  20   410  45
  89    61 220    46  47
  90   220  20    46 443
  91    61  36    47  48
  92   220  36   442  47
  93    35  36    48 484
  94    62 185    49  50
  95    62  38    55  49
  96   185  38    49 304
  97    62  22    50  51
  98   185  22   303  50
  99    62   3    51  52
 100    22   3   467  51
 101    62  23    52  53
 102    23   3    52 468
 103    62 152    53  54
 104   152  23    53 401
 105    62  39    54  55
 106   152  39   402  54
 107    38  39    55 492
 108    63 245    56  57
 109    63  39    61  56
 110   245  39    56 431
 111    63  23    57  58
 112   245  23   430  57
 113    63  24    58  59
 114    23  24   469  58
 115    63 146    59  60
 116   146  24    59 234
 117    63  40    60  61
 118   146  40   233  60
 119    39  40    61 493
 120    64 161    62  63
 121    64  34    66  62
 122   161  34    62 278
 123    64  19    63  64
 124   161  19   421  63
 125    64 234    64  65
 126   234  19    64 380
 127    64  35    65  66
 128   234  35   379  65
 129    34  35    66 483
 130    65 241    67  68
 131    65  46    74  67
 132   241  46    67 408
 133    65  30    68  69
 134   241  30   407  68
 135    65   7    69  70
 136    30   7   475  69
 137    65  31    70  71
 138    31   7    70 476
 139    65 139    71  72
 140   139  31    71 369
 141    65  47    72  73
 142   139  47   370  72
 143    65  15    73  74
 144    15  47    73 479
 145    15  46   503  74
 146    66 196    75  76
 147    66  45    80  75
 148   196  45    75 449
 149    66  29    76  77
 150   196  29   448  76
 151    66  30    77  78
 152    29  30   475  77
 153    66 229    78  79
 154   229  30    78 338
 155    66  46    79  80
 156   229  46   337  79
 157    45  46    80 507
 158    67 154    81  82
 159    67  43    86  81
 160   154  43    81 405
 161    67  27    82  83
 162   154  27   406  82
 163    67  28    83  84
 164    27  28   472  83
 165    67 174    84  85
 166   174  28    84 440
 167    67  44    85  86
 168   174  44   441  85
 169    43  44    86 505
 170    68 145    87  88
 171    68  47    92  87
 172   145  47    87 383
 173    68  31    88  89
 174   145  31   384  88
 175    68  16    89  90
 176    16  31    89 461
 177    68 179    90  91
 178   179  16    90 446
 179    68  32    91  92
 180   179  32   447  91
 181    32  47   480  92
 182    69 246    93  94
 183    69  42   100  93
 184   246  42    93 378
 185    69  26    94  95
 186   246  26   377  94
 187    69   5    95  96
 188    26   5   471  95
 189    69  27    96  97
 190    27   5    96 472
 191    69 137    97  98
 192   137  27    97 367
 193    69  43    98  99
 194   137  43   368  98
 195    69  13    99 100
 196    13  43    99 501
 197    13  42   496 100
 198    70 214   101 102
 199    70  32   106 101
 200   214  32   101 439
 201    70  17   102 103
 202   214  17   452 102
 203    70 144   103 104
 204   144  17   103 196
 205    70  33   104 105
 206   144  33   195 104
 207    70   8   105 106
 208     8  33   105 477
 209     8  32   480 106
 210    71 157   107 108
 211    71  40   114 107
 212   157  40   107 412
 213    71  24   108 109
 214   157  24   413 108
 215    71   4   109 110
 216    24   4   469 109
 217    71  25   110 111
 218    25   4   110 470
 219    71 224   111 112
 220   224  25   111 372
 221    71  41   112 113
 222   224  41   371 112
 223    71  12   113 114
 224    12  41   113 499
 225    12  40   494 114
 226    72 222   115 116
 227    72  44   119 115
 228   222  44   115 425
 229    72  28   116 117
 230   222  28   424 116
 231    72 211   117 118
 232   211  28   117 450
 233    72  45   118 119
 234   211  45   344 118
 235    44  45   119 506
 236    73 213   120 121
 237    73  33   124 120
 238   213  33   120 342
 239    73  18   121 122
 240   213  18   341 121
 241    73 166   122 123
 242   166  18   122 428
 243    73  34   123 124
 244   166  34   429 123
 245    33  34   124 482
 246    74 210   125 126
 247    74  45   128 125
 248   210  45   125 332
 249    74  29   126 127
 250   210  29   331 126
 251    74 212   127 128
 252   212  29   127 328
 253   212  45   327 128
 254    75 138   129 130
 255    75  46   132 129
 256   138  46   129 222
 257    75  30   130 131
 258   138  30   221 130
 259    75 244   131 132
 260   244  30   131 400
 261   244  46   399 132
 262    76 187   133 134
 263    76  33   136 133
 264   187  33   133 320
 265    76  17   134 135
 266   187  17   319 134
 267    76 240   135 136
 268   240  17   135 396
 269   240  33   395 136
 270    77 202   137 138
 271    77  32   140 137
 272   202  32   137 360
 273    77  16   138 139
 274   202  16   359 138
 275    77 194   139 140
 276   194  16   139 322
 277   194  32   321 140
 278    78 127   141 142
 279    78  37   144 141
 280   127  37   141 333
 281    78  21   142 143
 282   127  21   334 142
 283    78 205   143 144
 284   205  21   143 354
 285   205  37   353 144
 286    79 141   145 146
 287    79  42   148 145
 288   141  42   145 375
 289    79  26   146 147
 290   141  26   376 146
 291    79 172   147 148
 292   172  26   147 230
 293   172  42   229 148
 294    80 128   149 150
 295    80  40   152 149
 296   128  40   149 335
 297    80  24   150 151
 298   128  24   336 150
 299    80 193   151 152
 300   193  24   151 348
 301   193  40   347 152
 302    81 192   153 154
 303    81  19   156 153
 304   192  19   153 388
 305    81  35   154 155
 306   192  35   387 154
 307    81 239   155 156
 308   239  35   155 366
 309   239  19   365 156
 310    82 206   157 158
 311    82  27   160 157
 312   206  27   157 437
 313    82  43   158 159
 314   206  43   436 158
 315    82 165   159 160
 316   165  43   159 426
 317   165  27   427 160
 318    83 198   161 162
 319    83  23   164 161
 320   198  23   161 324
 321    83  39   162 163
 322   198  39   323 162
 323    83 147   163 164
 324   147  39   163 385
 325   147  23   386 164
 326    84 182   165 166
 327    84  47   168 165
 328   182  47   165 312
 329    84  31   166 167
 330   182  31   311 166
 331    84 160   167 168
 332   160  31   167 418
 333   160  47   419 168
 334    85 168   169 170
 335    85  34   172 169
 336   168  34   169 432
 337    85  18   170 171
 338   168  18   433 170
 339    85 169   171 172
 340   169  18   171 280
 341   169  34   279 172
 342    86 197   173 174
 343    86  22   176 173
 344   197  22   173 417
 345    86  38   174 175
 346   197  38   416 174
 347    86 199   175 176
 348   199  38   175 415
 349   199  22   414 176
 350    87 232   177 178
 351    87  41   180 177
 352   232  41   177 356
 353    87  25   178 179
 354   232  25   355 178
 355    87 153   179 180
 356   153  25   179 403
 357   153  41   404 180
 358    88 249   181 182
 359    88  28   184 181
 360   249  28   181 445
 361    88  44   182 183
 362   249  44   444 182
 363    88 162   183 184
 364   162  44   183 306
 365   162  28   305 184
 366    89 181   185 186
 367    89  36   188 185
 368   181  36   185 314
 369    89  20   186 187
 370   181  20   313 186
 371    89 184   187 188
 372   184  20   187 292
 373   184  36   291 188
 374    90 189   189 190
 375    90  46   192 189
 376   189  46   189 398
 377    90  30   190 191
 378   189  30   397 190
 379    90 155   191 192
 380   155  30   191 407
 381   155  46   408 192
 382    91 238   193 194
 383    91  17   196 193
 384   238  17   193 318
 385    91  33   194 195
 386   238  33   317 194
 387    91 144   195 196
 388    92 131   197 198
 389    92  45   200 197
 390   131  45   197 344
 391    92  29   198 199
 392   131  29   346 198
 393    92 203   199 200
 394   203  29   199 330
 395   203  45   329 200
 396    93 226   201 202
 397    93  37   204 201
 398   226  37   201 352
 399    93  21   202 203
 400   226  21   351 202
 401    93 215   203 204
 402   215  21   203 423
 403   215  37   422 204
 404    94 123   205 206
 405    94  32   208 205
 406   123  32   205 321
 407    94  16   206 207
 408   123  16   322 206
 409    94 173   207 208
 410   173  16   207 438
 411   173  32   439 208
 412    95 237   209 210
 413    95  40   212 209
 414   237  40   209 350
 415    95  24   210 211
 416   237  24   349 210
 417    95 191   211 212
 418   191  24   211 413
 419   191  40   412 212
 420    96 231   213 214
 421    96  35   216 213
 422   231  35   213 390
 423    96  19   214 215
 424   231  19   389 214
 425    96 156   215 216
 426   156  19   215 409
 427   156  35   411 216
 428    97 180   217 218
 429    97  29   220 217
 430   180  29   217 448
 431    97  45   218 219
 432   180  45   449 218
 433    97 195   219 220
 434   195  45   219 326
 435   195  29   325 220
 436    98 138   221 222
 437    98  30   224 221
 438    98  46   222 223
 439    98 190   223 224
 440   190  46   223 340
 441   190  30   339 224
 442    99 204   225 226
 443    99  42   228 225
 444   204  42   225 392
 445    99  26   226 227
 446   204  26   391 226
 447    99 235   227 228
 448   235  26   227 376
 449   235  42   375 228
 450   100 172   229 230
 451   100  42   232 229
 452   100  26   230 231
 453   100 142   231 232
 454   142  26   231 377
 455   142  42   378 232
 456   101 146   233 234
 457   101  40   236 233
 458   101  24   234 235
 459   101 216   235 236
 460   216  24   235 336
 461   216  40   335 236
 462   102 221   237 238
 463   102  33   240 237
 464   221  33   237 394
 465   102  17   238 239
 466   221  17   393 238
 467   102 130   239 240
 468   130  17   239 343
 469   130  33   342 240
 470   103 225   241 242
 471   103  47   244 241
 472   225  47   241 419
 473   103  31   242 243
 474   225  31   418 242
 475   103 217   243 244
 476   217  31   243 384
 477   217  47   383 244
 478   104 200   245 246
 479   104  19   248 245
 480   200  19   245 364
 481   104  35   246 247
 482   200  35   363 246
 483   104 218   247 248
 484   218  35   247 382
 485   218  19   381 248
 486   105 171   249 250
 487   105  43   252 249
 488   171  43   249 436
 489   105  27   250 251
 490   171  27   437 250
 491   105 186   251 252
 492   186  27   251 406
 493   186  43   405 252
 494   106 124   253 254
 495   106  39   256 253
 496   124  39   253 323
 497   106  23   254 255
 498   124  23   324 254
 499   106 167   255 256
 500   167  23   255 430
 501   167  39   431 256
 502   107 248   257 258
 503   107  25   260 257
 504   248  25   257 358
 505   107  41   258 259
 506   248  41   357 258
 507   107 209   259 260
 508   209  41   259 374
 509   209  25   373 260
 510   108 207   261 262
 511   108  43   264 261
 512   207  43   261 368
 513   108  27   262 263
 514   207  27   367 262
 515   108 228   263 264
 516   228  27   263 427
 517   228  43   426 264
 518   109 158   265 266
 519   109  22   268 265
 520   158  22   265 414
 521   109  38   266 267
 522   158  38   415 266
 523   109 175   267 268
 524   110 201   269 270
 525   110  32   272 269
 526   201  32   269 447
 527   110  16   270 271
 528   201  16   446 270
 529   110 227   271 272
 530   227  16   271 362
 531   227  32   361 272
 532   111 208   273 274
 533   111  21   276 273
 534   208  21   273 334
 535   111  37   274 275
 536   208  37   333 274
 537   111 188   275 276
 538   188  37   275 435
 539   188  21   434 276
 540   112 161   277 278
 541   112  18   280 277
 542   161  18   277 420
 543   112  34   278 279
 544   112 169   279 280
 545   113 219   281 282
 546   113  34   284 281
 547   219  34   281 429
 548   113  18   282 283
 549   219  18   428 282
 550   113 230   283 284
 551   230  18   283 433
 552   230  34   432 284
 553   114 233   285 286
 554   114  39   288 285
 555   233  39   285 402
 556   114  23   286 287
 557   233  23   401 286
 558   114 242   287 288
 559   242  23   287 386
 560   242  39   385 288
 561   115 183   289 290
 562   115  20   292 289
 563   115  36   290 291
 564   115 184   291 292
 565   116 177   293 294
 566   116  25   296 293
 567   116  41   294 295
 568   116 236   295 296
 569   236  41   295 404
 570   236  25   403 296
 571   117 164   297 298
 572   117  28   300 297
 573   164  28   297 424
 574   117  44   298 299
 575   164  44   425 298
 576   117 178   299 300
 577   178  44   299 444
 578   178  28   445 300
 579   118 159   301 302
 580   118  38   304 301
 581   159  38   301 416
 582   118  22   302 303
 583   159  22   417 302
 584   118 185   303 304
 585   119 162   305 306
 586   119  28   308 305
 587   119  44   306 307
 588   119 223   307 308
 589   223  44   307 441
 590   223  28   440 308
 591   120 243   309 310
 592   120  47   312 309
 593   243  47   309 370
 594   120  31   310 311
 595   243  31   369 310
 596   120 182   311 312
 597   121 181   313 314
 598   121  20   316 313
 599   121  36   314 315
 600   121 176   315 316
 601   176  36   315 442
 602   176  20   443 316
 603   122 238   317 318
 604   122  33   320 317
 605   122  17   318 319
 606   122 187   319 320
 607   123 194   321 322
 608   124 198   323 324
 609   125 195   325 326
 610   125  29   328 325
 611   125  45   326 327
 612   125 212   327 328
 613   126 203   329 330
 614   126  45   332 329
 615   126  29   330 331
 616   126 210   331 332
 617   127 208   333 334
 618   128 216   335 336
 619   129 229   337 338
 620   129  46   340 337
 621   129  30   338 339
 622   129 190   339 340
 623   130 213   341 342
 624   130  18   343 341
 625    17  18   463 343
 626   131 211   344 345
 627   131 250   345 346
 628   211 250   450 345
 629   132 193   347 348
 630   132  40   350 347
 631   132  24   348 349
 632   132 237   349 350
 633   133 226   351 352
 634   133  21   354 351
 635   133  37   352 353
 636   133 205   353 354
 637   134 232   355 356
 638   134  25   358 355
 639   134  41   356 357
 640   134 248   357 358
 641   135 202   359 360
 642   135  16   362 359
 643   135  32   360 361
 644   135 227   361 362
 645   136 200   363 364
 646   136  35   366 363
 647   136  19   364 365
 648   136 239   365 366
 649   137 207   367 368
 650   139 243   369 370
 651   140 224   371 372
 652   140  41   374 371
 653   140  25   372 373
 654   140 209   373 374
 655   141 235   375 376
 656   142 246   377 378
 657   143 234   379 380
 658   143  35   382 379
 659   143  19   380 381
 660   143 218   381 382
 661   145 217   383 384
 662   147 242   385 386
 663   148 192   387 388
 664   148  35   390 387
 665   148  19   388 389
 666   148 231   389 390
 667   149 204   391 392
 668   150 221   393 394
 669   150  17   396 393
 670   150  33   394 395
 671   150 240   395 396
 672   151 189   397 398
 673   151  30   400 397
 674   151  46   398 399
 675   151 244   399 400
 676   152 233   401 402
 677   153 236   403 404
 678   154 186   405 406
 679   155 241   407 408
 680   156  20   409 410
 681    19  20   465 409
 682   156 247   410 411
 683   157 191   412 413
 684   158 199   414 415
 685   159 197   416 417
 686   160 225   418 419
 687   161   1   420 421
 688    18   1   463 420
 689    19   1   421 464
 690   163 215   422 423
 691   164 222   424 425
 692   165 228   426 427
 693   166 219   428 429
 694   167 245   430 431
 695   168 230   432 433
 696   170 188   434 435
 697   171 206   436 437
 698   173 214   438 439
 699   214  16   438 451
 700   174 223   440 441
 701   176 220   442 443
 702   178 249   444 445
 703   179 201   446 447
 704   180 196   448 449
 705   214   0   451 452
 706    16   0   461 451
 707    17   0   452 462
 708    57   0   453 454
 709    57   1   460 453
 710     0   1   453 462
 711    57   7   454 455
 712     0   7   476 454
 713    57   6   455 456
 714     6   7   455 474
 715    57   5   456 457
 716     5   6   456 473
 717    57   4   457 458
 718     4   5   457 470
 719    57   3   458 459
 720     3   4   458 468
 721    57   2   459 460
 722     2   3   459 467
 723     1   2   460 464
 724    31   0   476 461
 725    17   1   462 463
 726    19   2   464 465
 727    22   2   466 467
 728    23   4   468 469
 729    25   5   470 471
 730    28   5   472 473
 731    29   7   474 475
 732    33  48   481 477
 733     8  15   478 479
 734     8  47   479 480
 735     9  33   481 482
 736     9  34   482 483
 737     9  35   483 484
 738     9  36   484 485
 739    36  49   489 485
 740    10  38   486 487
 741    10  50   487 488
 742    38  50   491 487
 743    10  49   488 489
 744    11  50   490 491
 745    11  51   495 490
 746    11  38   491 492
 747    11  39   492 493
 748    11  40   493 494
 749    11  12   494 495
 750    12  51   498 495
 751    12  13   496 497
 752    12  42   499 496
 753    12  52   497 498
 754    13  52   500 497
 755    13  53   502 500
 756    13  14   501 502
 757    14  43   501 505
 758    14  15   503 504
 759    14  46   507 503
 760    14  44   505 506
 761    14  45   506 507
