# POLYHEDRON:
# num_vertices   num_facets   num_edges
   490  247  735
# vertices:
#   id   x y z
   0  -2.274331983536  0.459257994600 -3.984883513710
   1  -2.285813449443 -0.979214214154 -3.999896645404
   2  -2.253189590552 -1.022278764472 -4.015644048478
   3   2.365422671778 -0.750825129143 -3.986318173556
   4  -2.351999734128 -0.864934421398 -3.976568485166
   5  -2.314912927867 -0.934193782374 -4.006915554456
   6  -2.252360805355  0.492536640162 -3.990738594452
   7   1.519031007888 -1.276994442404 -4.046029261086
   8  -2.286546426575 -0.977992780620 -3.986933102091
   9  -2.316584445442 -0.931488855948 -3.989450523097
  10  -2.327202884737 -0.911676391632 -3.980089480187
  11  -2.296139686721  0.413544589695 -4.017133342965
  12   1.511988245148 -1.280788699257 -4.065605017288
  13  -2.392000407787  0.210970924622 -4.034221304659
  14  -2.207779272159 -1.081466953304 -4.000068862215
  15  -2.217009146127 -1.069486996490 -4.005734795748
  16  -0.630181593331 -1.670840841376 -4.079965200028
  17   3.111019517150  0.083409982814 -3.929875093448
  18  -2.472903196279 -0.079816324918 -4.004794248907
  19  -2.108047120338  0.692209504903 -3.973599543827
  20  -2.143613200025  0.647100417937 -3.987403672248
  21  -2.173085678099  0.604861846301 -3.981394217863
  22  -2.041621504950  0.776474579453 -3.983689752166
  23   2.389977302314  1.961183818968 -3.969731409945
  24   1.336252287034 -1.355167357572 -4.065983028100
  25   1.443603376211 -1.311188924924 -4.050413961639
  26   1.626222070632 -1.224379418922 -4.040187783481
  27   1.721029323909 -1.176260287162 -4.026929590810
  28   2.685774419299  1.821744708822 -3.887316890388
  29   3.294203505626  1.106373589096 -3.932838419148
  30   3.326803735925  0.731562719800 -3.946339766594
  31   3.329833465938  0.787181052026 -3.929805127134
  32   3.224673118136  1.294715750227 -3.833593975326
  33  -0.185775158520  1.974165663572 -3.939664425196
  34  -0.220286718225  1.962732376706 -3.908816361082
  35   0.410911453490 -1.610438507946 -4.055747875411
  36  -1.737923483888  1.085614736902 -3.930620733449
  37   0.355603516663  2.113317492457 -3.897213868469
  38   0.259418676579 -1.634791579079 -4.049540034449
  39   0.139111383257 -1.648903227114 -4.089012931922
  40  -2.235383186260  0.517096864824 -3.998729022645
  41   0.714436218605 -1.548729541614 -4.075404874140
  42   0.579799991922 -1.576870527283 -4.056395670524
  43   0.513189959577 -1.590526838431 -4.066515052687
  44   1.106499330718 -1.438246925831 -4.073677016185
  45   3.253651428382  0.387163228805 -3.942727328622
  46   3.307070183656  1.058858832630 -3.848831515648
  47   3.308945647910  1.028385074661 -3.956381676291
  48  -1.448877837019 -1.529000124991 -4.055698549960
  49  -1.452489743926 -1.527814646287 -4.057378362700
  50   2.187043424503 -0.885546679201 -4.014506659205
  51   2.256438210683 -0.834144241487 -4.039486997509
  52   0.570629858700  2.148070831064 -3.924220654384
  53   3.285605023394  0.487191959938 -3.917265385729
  54   2.742580034977  1.781536591907 -4.033118503678
  55   2.854542871410  1.707527651030 -4.044682445352
  56   3.319975905220  0.653091241754 -3.886716937207
  57   1.932602012350  2.102906203258 -3.923616808925
  58   3.269155329489  1.194863201650 -3.820472358465
  59  -2.110061628433 -1.171956981030 -4.059350244156
  60  -1.044750203512 -1.625572082017 -4.045283518484
  61  -0.932613440234 -1.641295410014 -4.091816510825
  62  -2.415143920208  0.148579463211 -4.092217715921
  63   1.628535358174  2.157990827111 -3.953468651926
  64  -1.334589206995 -1.559334620428 -4.091108429465
  65  -2.483922619251 -0.291418232259 -4.001936815237
  66  -2.481881752864 -0.339155042776 -4.015515109005
  67   0.047604483910 -1.657395434658 -4.092509715510
  68   0.085885213895 -1.655300915435 -4.058724240566
  69   3.196995404454  1.340331447841 -3.936429745947
  70   3.197488373812  1.339656433388 -3.932974362209
  71   3.168517793851  1.389860601377 -3.882894752407
  72   0.763162873601  2.165356299438 -3.995521590821
  73  -2.165113823686 -1.120373819415 -4.035651919121
  74  -2.143216439717 -1.141208503246 -4.043949678907
  75  -2.111612436625 -1.170498800040 -4.058978790383
  76  -2.483329303926 -0.173566311821 -4.001653939318
  77  -2.484716402865 -0.213896456089 -4.017253112494
  78  -2.484477388266 -0.211816540369 -4.021523253894
  79  -2.473103983090 -0.437736279415 -3.977259659574
  80  -2.475496922534 -0.417517425771 -4.000368268372
  81  -1.146065232195  1.514905152119 -3.915786254204
  82   1.243653780615 -1.391884362630 -4.065298282011
  83   1.274213878085 -1.381597484148 -4.042590826380
  84   1.212371548281 -1.403585681137 -4.051363977738
  85   3.322857893078  0.963363794502 -3.824677094128
  86  -2.335473648002  0.337188797198 -4.022618315949
  87  -2.355230340487  0.292987509217 -4.040895806322
  88  -2.362381666066  0.280076761984 -4.022037591572
  89  -2.379662774724 -0.803201297953 -3.956094872780
  90   1.097500828103  2.185127791544 -3.910804280271
  91   1.141157963490  2.186076234674 -3.913064127099
  92   1.437011575425  2.177720223173 -3.916894067489
  93   1.345401504039  2.182747317532 -3.917603410433
  94   1.533131347500  2.170264333791 -3.914455240312
  95   1.644281725503  2.157265349640 -3.908234619837
  96   1.727806468670  2.146042332651 -3.902429897875
  97   1.702188248018  2.149608203101 -3.904306316621
  98   0.868568222577  2.174712347924 -3.894726357618
  99   1.929338210993  2.104434035154 -3.898720931172
 100   2.176521790573  2.036570339337 -3.908206335661
 101   2.425290607875  1.949436516019 -3.905486371382
 102   2.506143132909  1.916131481169 -3.901355483014
 103   2.588033772681  1.876299541724 -3.893199408851
 104   2.180095595471  2.035438150965 -3.908245132694
 105   2.305651876624  1.992478297575 -3.907534994980
 106   2.686003136370  1.821873767599 -3.879030983549
 107   2.790378808485  1.757091245861 -3.859509018553
 108   2.780039393978  1.763797979081 -3.861631329049
 109   3.270177372315  1.193552807827 -3.803278173375
 110   3.003957299685  1.591232574496 -3.866301071244
 111   3.055792372631  1.534998068438 -3.862872044267
 112   3.224837488854  1.294673215980 -3.827940568169
 113   3.284615994720  1.154403737423 -3.792526502798
 114   2.848200828192  1.717814378752 -3.858920437956
 115   2.899324416474  1.679319773162 -3.862616513611
 116   3.140354084647  1.429839696587 -3.851680219303
 117   3.199760893219  1.339871637747 -3.837105244583
 118   3.168862733305  1.390805935776 -3.846413181362
 119   3.006711515609  1.588801208102 -3.866351056608
 120   3.007135292254  1.588390997013 -3.866343684852
 121   2.810419975281  1.743613648067 -3.855084149292
 122   3.320210631564  0.648933181353 -3.854217465980
 123   3.331909862885  0.850967052496 -3.829940794064
 124   3.265383100051  0.412748538401 -3.859475713478
 125   3.300632046105  1.096507093612 -3.774872569861
 126   3.329646385474  0.739339700244 -3.845714329015
 127   3.332502131518  0.796202560607 -3.838636048651
 128   3.241177380054  0.345307072830 -3.856173074291
 129   3.250165843165  0.369237043307 -3.857569493512
 130   3.308919918444  1.058172196273 -3.785383101302
 131   3.301563728640  0.543054716733 -3.859907530142
 132   3.287714777107  0.485554418333 -3.860906214404
 133   3.329769433591  0.883869619220 -3.823713936778
 134   3.323323139238  0.963322590175 -3.807959486317
 135   3.300500669144  1.097008167944 -3.774722237540
 136   3.176454918692  0.202393562456 -3.862513460359
 137   2.930223799463 -0.191576702608 -3.925247023255
 138   2.888587000480 -0.243377883650 -3.928425822257
 139   2.685880160264 -0.459356653742 -3.925745520017
 140   2.755739383904 -0.389352372360 -3.928889750307
 141   3.027930713356 -0.053219059798 -3.909365199427
 142   3.113981229175  0.086050077134 -3.886645416794
 143   3.203444555636  0.261170445557 -3.847819069381
 144   0.897178598461  0.356847810697 -2.537349907928
 145   2.371839196274 -0.745693412132 -3.975121037640
 146   2.059745142542 -0.973223253777 -3.988012695943
 147   2.159633774638 -0.905366068130 -3.987397208210
 148   2.530517801940 -0.609059674013 -3.953755777428
 149   2.486870061518 -0.647902153664 -3.960522500934
 150   1.766758718922 -1.150587409333 -4.007942446557
 151   1.411124024931 -1.325124997286 -4.027186771553
 152   1.404775431194 -1.327995647821 -4.027319030196
 153   1.020378357091 -1.465529311955 -4.004053189759
 154   1.125070826565 -1.433778510471 -4.015309488200
 155   1.926126871191 -1.058063108616 -3.986983081111
 156   1.828430221157 -1.115571344918 -4.000511429857
 157   1.274160502799 -1.382145495481 -4.025807172457
 158   1.214466679662 -1.403743895288 -4.022401497394
 159   1.937685297998 -1.050811121805 -3.984996170096
 160   0.272494470225 -1.633274962666 -4.039952838612
 161   0.732914523684 -1.542574008193 -4.026450285713
 162   0.908508042165 -1.497046477607 -4.011089334101
 163   0.374280444157 -1.617116089485 -4.040602354293
 164   0.573987352508 -1.577132399892 -4.034145990868
 165   0.082923995192 -1.655739062199 -4.031618092510
 166   0.998658547044 -1.471667901409 -4.001331284355
 167   0.541223516252 -0.104061750772 -2.653650650560
 168  -0.664509567472 -1.670106106261 -4.017007165458
 169  -0.911577359755 -1.646988954691 -3.988115759216
 170  -0.796344266966 -1.660145617906 -4.003719684271
 171  -0.507704479250 -1.674981689389 -4.026561676326
 172  -0.491825812901 -1.675070421231 -4.027166143433
 173  -0.134822711772 -1.667470014514 -4.032154551095
 174  -0.330042933483 -1.673635987644 -4.031228490494
 175  -0.011268330497 -1.661670512178 -4.031039988743
 176   0.059583831762 -1.657228111146 -4.029399776275
 177  -1.052291588398 -1.625785177885 -3.990096384414
 178  -1.541558129541 -1.498694273461 -4.022501399561
 179  -1.678970452676 -1.441949127832 -4.016838349899
 180  -1.785013904063 -1.390204800690 -4.006890205808
 181  -1.826954292022 -1.367297366572 -4.001242696685
 182  -1.435756440026 -1.533511876811 -4.020638151913
 183  -1.525349977533 -1.504388206400 -4.022468512445
 184  -1.302628388863 -1.570125997239 -4.013246699478
 185  -1.240854186655 -1.586123891642 -4.009121301613
 186  -0.969970642312 -1.638443986336 -3.978525094329
 187  -2.379491577367 -0.804493503945 -3.934023106952
 188  -2.006800215469 -1.257845550292 -3.997914726505
 189  -2.206524202196 -1.083034577658 -3.996248821511
 190  -2.335936708206 -0.890389871423 -3.957224704570
 191  -2.278971650955 -0.987787084148 -3.980425054869
 192  -2.076644710895 -1.204470878679 -4.001040638319
 193  -1.926177390002 -1.311037359635 -3.990281488546
 194  -2.188915695218 -1.100279687828 -3.997271969469
 195  -2.107902098501 -1.177355806015 -4.000896254096
 196  -2.400246197160 -0.743494533396 -3.913373795459
 197  -2.379831575243 -0.803733621343 -3.933799273281
 198  -1.912905617978 -1.318662511809 -3.988484247428
 199  -2.450100696982  0.039450838897 -3.954434181098
 200  -2.460371226197 -0.003996238439 -3.959422012227
 201  -2.474436485151 -0.085148089550 -3.965767708249
 202  -2.485216448295 -0.269031425122 -3.967905312685
 203  -2.481893998136 -0.354786002497 -3.964055955315
 204  -2.461079596867 -0.503871290897 -3.948635479072
 205  -2.444179609950 -0.582786409348 -3.937058834813
 206  -2.418253754807 -0.682888239021 -3.919768911049
 207  -2.433668322245 -0.625683869983 -3.929997066027
 208  -2.486094920533 -0.209876922496 -3.969740301216
 209  -2.484598064303 -0.178027459769 -3.969584973641
 210  -2.473034031628 -0.438328180299 -3.957042144590
 211  -2.479306313372 -0.385333728349 -3.961869746880
 212  -2.403240474662 -0.733694847580 -3.909916981939
 213  -2.278300507813  0.452211733345 -3.979754764942
 214  -2.389507496979  0.220455007042 -3.965588656767
 215  -2.177017434783  0.596250271272 -3.969901105351
 216  -2.091938609132  0.710399780827 -3.959300613239
 217  -1.957802373107  0.874527259158 -3.937210209831
 218  -1.963060480937  0.868436970286 -3.938192738744
 219  -2.431760203793  0.106731663003 -3.951493217572
 220  -2.422628258848  0.135272933033 -3.955884726934
 221  -2.336774504623  0.340122609722 -3.975622957823
 222  -2.345226066615  0.322301236222 -3.974475676529
 223  -2.437183063401  0.087192728454 -3.948006159963
 224   0.000127897159  0.084323266925 -2.533309557570
 225  -1.142060345695  1.517676855011 -3.897133030802
 226  -1.282382890344  1.429928134156 -3.913173031534
 227  -1.403023038743  1.346299083687 -3.922115862850
 228  -1.312293257050  1.410191194707 -3.915980573569
 229  -1.836905095460  1.001126603309 -3.927994802202
 230  -1.609670978662  1.188424704167 -3.928777436083
 231  -1.737779854335  1.085748056343 -3.930063166165
 232  -0.984894439216  1.607785169532 -3.879432523860
 233  -0.849836188872  1.679241095108 -3.881409710071
 234  -0.445102422962  1.871272312197 -3.871110558569
 235  -0.321081158834  1.923906211188 -3.863396637637
 236  -0.588626953863  1.806345300485 -3.877089691543
 237  -0.709920943308  1.749178189559 -3.880456920775
 238  -0.221399651258  1.962503128022 -3.854475349205
 239  -1.011523506359  1.592626913614 -3.878257662012
 240  -0.065480605655  2.013045716143 -3.853410552687
 241   0.054697779686  2.044511154756 -3.867032964234
 242   0.698494975471  2.162063186421 -3.898179782302
 243  -0.116795364228  1.997424432988 -3.845801433999
 244   0.357672363758  2.113890912658 -3.893219703488
 245   0.200214464820  2.079045434126 -3.880603862071
 246   0.515289631246  2.142317707206 -3.900555888852
 247   0.543599436614  2.146103489731 -3.900791124114
 248   0.818403769203  2.171580458972 -3.893831394852
 249   0.843040517360  2.173162889265 -3.892632084808
 250  -0.132691625666  1.992128180686 -3.843069450904
 251   0.321804475976  0.552857920921 -2.616763351134
 252   1.798400312564  2.131719527388 -3.893765987096
 253   1.843707777658  2.122403164222 -3.891826704639
 254   0.890206780753  0.355646613716 -2.534154993092
 255   2.678356296583 -0.466661686525 -3.925289336729
 256   0.890491584715  0.355675466782 -2.534277074553
 257   2.657054347385 -0.487233667271 -3.927620655461
 258   0.448683391352  0.228224542422 -2.396370291553
 259   0.879312626532  0.353298483591 -2.530259864271
 260   0.539374542523 -0.101456898527 -2.650932585099
 261   0.533006536246 -0.112327050011 -2.660097650657
 262  -0.930068403910 -1.580884137189 -3.928243694907
 263   0.006698453922  0.071078809389 -2.536946587894
 264   0.435251232807  0.217614227271 -2.396370291553
 265   0.527373782399 -0.042761782213 -2.603748877908
 266  -1.887910122869  0.951803109672 -3.924692827965
 267  -1.894187168010  0.944922784065 -3.924207034120
 268   0.019336671099  0.088316836415 -2.523523439560
 269  -1.872791629536  0.966448905423 -3.924853241929
 270   0.327147444383  0.545370669684 -2.610082078745
 271   0.322783433426  0.551213272088 -2.615315474299
 272   0.426014328976  0.231525090938 -2.396370291553
 273   0.328084975160  0.543395178142 -2.608580123091
 274   0.412793169578  0.218984872574 -2.396370291553
 275   0.023072392219  0.088641885857 -2.521836130368
 276  -0.095674864850  2.000091479567 -4.022235184473
 277   0.053271624051  2.039966457606 -4.009184262329
 278   0.399345117971  2.116591979967 -3.993486111473
 279   0.732552623535  2.161918103617 -4.004340552407
 280   0.212920508030  2.078597419448 -3.998946332916
 281   0.238951804941  2.084451196897 -3.997683308337
 282   0.473278824173  2.130132425134 -3.992715123407
 283   0.591717539058  2.145733797399 -3.997038680711
 284   0.895132245711  2.173005482840 -4.019702986431
 285   0.765157777886  2.165185917271 -4.006468306540
 286   1.048947276134  2.180557341613 -4.007113824186
 287   1.160554513568  2.183538828001 -3.997238489378
 288   1.365400143705  2.180227878543 -3.986951903893
 289   1.356119929906  2.180735596895 -3.987098666559
 290   1.569345710750  2.164123923426 -3.988140872030
 291   1.740397742334  2.140147935779 -3.998481676289
 292   1.602139673582  2.160207900768 -3.989515956675
 293   1.872533318440  2.112223441998 -4.014862017499
 294   0.913698426073  2.173829949378 -4.021860494074
 295   2.127051695485  2.047910622724 -3.994199132822
 296   2.627962341126  1.850191733393 -4.013928655011
 297   2.518655382370  1.906607204770 -3.998205160905
 298   2.594590335355  1.869074222142 -4.007701089082
 299   2.388274898076  1.960953982737 -3.990589014874
 300   2.215516570205  2.020063020890 -3.991599120427
 301   2.743050109393  1.780995736422 -4.038913518463
 302   1.909716196325  2.104668515373 -4.010616599654
 303   1.994366452987  2.083984793593 -4.002997735539
 304   1.875607518046  2.111585295101 -4.014906166358
 305   2.564118450799  1.366660402104 -4.449154443283
 306   2.893465141036  1.678133906873 -4.030561907504
 307   3.047496218636  1.541688256224 -3.967540024836
 308   3.284663901605  1.139256461114 -3.961428922925
 309   3.291219419232  1.114356178160 -3.967772731902
 310   3.234319374280  1.266527573884 -3.942944449891
 311   3.196904747251  1.340287426089 -3.939051730179
 312   2.886671621914  1.683736164849 -4.033537974633
 313   3.137483651674  1.430127653644 -3.945776718566
 314   3.159888334388  1.399447738570 -3.941731021705
 315   2.854987667681  1.707073085323 -4.048737386365
 316   3.245636112713  1.240766010317 -3.945753537552
 317   3.272736906224  1.172921902590 -3.955388643694
 318   3.009326780020  1.579131283665 -3.981440419554
 319   3.038229227457  1.551805541818 -3.970429505487
 320   3.303277419070  1.050368843789 -3.988038738900
 321   2.828928534570  1.723640375923 -4.062480167880
 322   2.568994129214  1.369886065251 -4.444914983584
 323   3.326368086041  0.728542278679 -3.952546061919
 324   3.328034844873  0.851971449476 -3.955134710547
 325   3.329019521452  0.795365943654 -3.952038430196
 326   3.275728192683  0.467330540677 -3.998491189302
 327   3.308272674820  1.026513737298 -3.982938441801
 328   3.225990382548  0.324685591439 -4.047685964393
 329   3.246897556701  0.377877046447 -4.026765317540
 330   3.295713926327  0.540773622830 -3.979299525740
 331   3.302692140120  0.568614954520 -3.972677063233
 332   3.324944018096  0.714854687198 -3.953611622112
 333   3.314227327425  0.632965804363 -3.962384486886
 334   3.323866539103  0.908031120085 -3.961686436355
 335   3.320651244874  0.943630787805 -3.966467277474
 336   3.303988727739  1.046770407050 -3.988337788637
 337   3.176696367640  0.217388794491 -4.075312821334
 338   3.111336634662  0.092498240695 -4.054126882186
 339   2.937533435947 -0.176568408029 -4.035252345705
 340   2.885903284714 -0.240814757024 -4.038965332926
 341   2.750754805099 -0.388241479437 -4.061013458952
 342   3.022478811167 -0.055578712302 -4.038228303467
 343   3.075173879861  0.030848307360 -4.046832582205
 344   3.191233689655  0.250105015897 -4.082959540766
 345   2.055606311386 -0.972104749622 -4.077434703938
 346   2.385859368923 -0.731011192146 -4.062120155064
 347   2.607971238048 -0.530166257949 -4.079628314652
 348   2.192031105040 -0.879902179270 -4.065797080813
 349   2.252881896629 -0.835812080330 -4.062736287401
 350   2.541263977531 -0.595070719948 -4.071075744101
 351   2.471493642906 -0.657755997550 -4.065866808224
 352   2.643246811091 -0.494642188341 -4.085014655423
 353   2.632639706425 -0.474130080985 -4.105811033779
 354   1.065252549292 -1.450038971495 -4.106436626093
 355   1.240268971879 -1.391562941349 -4.086112219684
 356   1.522859753402 -1.275575594633 -4.072022805006
 357   1.328422413555 -1.357132809989 -4.080196029377
 358   1.573242697821 -1.250909927171 -4.072972015175
 359   1.714731658982 -1.178744391925 -4.078153584319
 360   1.872186998901 -1.087849644738 -4.093111014801
 361   1.835672707229 -1.109523501276 -4.089125615072
 362   1.894730706482 -1.073401113823 -4.096498205338
 363   0.437382149516 -1.603838259952 -4.097385134196
 364   0.033423392135 -1.657274106065 -4.124915491720
 365   0.939789795691 -1.487750417228 -4.110503316507
 366   0.791206208743 -1.529708481898 -4.099346798055
 367   0.245415973776 -1.633734670802 -4.106170931530
 368   0.134885587402 -1.648181367914 -4.113870067951
 369   0.732427688566 -1.544716758542 -4.096450612209
 370   0.555632428982 -1.581337196238 -4.095871194751
 371   0.999295229720 -1.469718405252 -4.116143567074
 372   0.998375107867 -1.467451088310 -4.118485977230
 373  -0.797198157328 -1.657035962754 -4.101103088951
 374  -0.635860808912 -1.669949438405 -4.094190889276
 375  -0.401694993256 -1.671391729246 -4.100858250698
 376  -0.084512108766 -1.662957687865 -4.119916364084
 377  -0.308425770990 -1.670494865740 -4.104934141301
 378  -0.926204607774 -1.641439093986 -4.111718293794
 379  -1.004657815948 -1.628588435952 -4.121422584403
 380   0.013594617183 -1.658135270637 -4.127948020835
 381   0.000207377028 -1.380820455541 -4.395174350289
 382  -1.578154779879 -1.481288611945 -4.096091677222
 383  -1.690749220614 -1.434304815197 -4.107412793077
 384  -1.773945922985 -1.393255541637 -4.121508226740
 385  -1.926526174401 -1.305684934701 -4.158477304586
 386  -1.801399142616 -1.377998902812 -4.127707846405
 387  -1.463148945824 -1.521982831078 -4.091129809572
 388  -1.061109876342 -1.619979486666 -4.113835786895
 389  -1.239001079079 -1.583668246044 -4.097410118308
 390  -1.331716451683 -1.560004874936 -4.093136678094
 391  -1.006523225417 -1.628292385823 -4.121436249151
 392  -2.015374472376 -1.248624075368 -4.115747639375
 393  -2.250947195189 -1.020608856019 -4.031485466604
 394  -2.350105268447 -0.867301912071 -4.023340625747
 395  -2.324810489245 -0.915129215480 -4.021262737164
 396  -2.039403391122 -1.230537114899 -4.104688219244
 397  -2.053888964709 -1.218331796944 -4.098641591401
 398  -2.212137148522 -1.065358895409 -4.041943103376
 399  -2.375040340815 -0.810629782240 -4.029928494879
 400  -2.109326483303 -1.168266083506 -4.077099568522
 401  -2.162227189640 -1.117726388611 -4.057861075880
 402  -2.394765360340 -0.753990051100 -4.040767924938
 403  -2.389561285380 -0.769739688456 -4.037523863272
 404  -2.403347512773 -0.724872290831 -4.047616515984
 405  -1.929960163255 -1.303395090017 -4.159597959398
 406  -1.724499173153 -1.043392732213 -4.451784590806
 407  -2.464866952392 -0.040470218423 -4.080500549955
 408  -2.463919349365 -0.035174075684 -4.082007758959
 409  -2.474756951761 -0.109378569214 -4.063043291517
 410  -2.476700877344 -0.126144643324 -4.059203924270
 411  -2.463443072602 -0.490143175421 -4.024803696508
 412  -2.451012171406 -0.547749528274 -4.028479919826
 413  -2.466068876001 -0.475770783222 -4.024306321471
 414  -2.474917426659 -0.416983008268 -4.023941770121
 415  -2.480886613001 -0.346958777797 -4.027541912891
 416  -2.483061631142 -0.210800295266 -4.042867343215
 417  -2.409208477825 -0.705410183179 -4.045410210409
 418  -2.434101907601 -0.615301164274 -4.034850320593
 419  -2.404380211654 -0.721417456311 -4.047644569060
 420  -1.883346358941  0.952971894452 -4.028183056226
 421  -2.151206940768  0.637478442483 -4.010825971128
 422  -2.293626707439  0.412098103097 -4.033567237038
 423  -2.368177134818  0.259594038253 -4.064623705472
 424  -2.433733565035  0.086324826697 -4.113657585994
 425  -2.049473103521  0.766527869957 -4.012301343827
 426  -1.966625447414  0.861792403754 -4.018954296103
 427  -2.232136177926  0.515000298100 -4.020646138269
 428  -2.168926141441  0.612328474567 -4.012051803228
 429  -2.430047973281  0.100208299707 -4.108603181112
 430  -2.415176732420  0.148452619001 -4.092521646322
 431  -2.437019937806  0.071879936288 -4.119310105379
 432  -1.225276836791  1.463921240141 -4.023546343003
 433  -1.396512166210  1.348998196008 -4.013392293815
 434  -1.336831336134  1.390897630933 -4.015578630694
 435  -1.826362504296  1.008255185599 -4.026208093490
 436  -1.817648366754  1.015710388820 -4.025546930018
 437  -1.591810598461  1.199910729335 -4.015017503575
 438  -1.707774451151  1.106866123473 -4.019295878282
 439  -1.130867360936  1.520481859147 -4.034130703163
 440  -1.223497844027  1.465028234460 -4.023715584039
 441  -1.862273023642  0.973271595764 -4.032056415084
 442  -1.860996595451  0.972077696260 -4.033635328205
 443  -0.989028987634  1.601222698037 -4.040344191808
 444  -0.847330615408  1.676592378060 -4.027677795412
 445  -0.418601108302  1.880372810089 -4.010167991149
 446  -0.274560500744  1.941357988143 -4.010701563180
 447  -0.543967467564  1.823714011153 -4.012774968144
 448  -0.710903212508  1.744991168996 -4.019057671535
 449  -0.184824343284  1.972786429156 -4.016665981496
 450  -0.273238749710  1.941869162963 -4.010748016040
 451  -0.112035171704  1.995013434155 -4.024305970821
 452  -0.109603531807  1.985698010288 -4.033189959804
 453  -1.039004015193  1.572553951234 -4.046601828591
 454   1.604056445888  1.302551593354 -4.621041323525
 455   0.207269936913  1.234924566591 -4.620402679389
 456   0.860965844358  1.760521877839 -4.390851082575
 457   0.894817666732  1.761263442627 -4.391284155429
 458   0.876214051318  1.765080028597 -4.389080531121
 459   1.627511882040  1.298157051942 -4.621043776969
 460   2.562671654054  1.364884839129 -4.450596991577
 461   2.069103164376 -0.020461360899 -4.619241574197
 462   2.862468881558  0.419371676606 -4.447851940222
 463   2.857379041913  0.408148122923 -4.447770102847
 464   2.863088599621  0.414660121975 -4.447007256876
 465   2.482157117227  0.853554771944 -4.620707705581
 466   2.488109979848  0.855330524818 -4.619207362980
 467   2.047191266013 -0.041723076608 -4.619201343093
 468   0.776346735019 -0.802139443546 -4.617575023641
 469   1.686768178472 -0.815891430201 -4.400285565879
 470   1.652274695911 -0.837401996911 -4.399900657483
 471   1.673365618974 -0.829733890327 -4.397990818317
 472   0.688630083037 -0.830952819118 -4.617498175749
 473  -0.835191317173 -0.936102689938 -4.616754527647
 474   0.015401701225 -1.372302374737 -4.400349173101
 475   0.004769793296 -1.375693780419 -4.399179579979
 476  -0.837516290875 -0.935758928832 -4.616754147100
 477  -1.654747937208 -0.520437172190 -4.617060823597
 478  -1.723694459878 -1.040693471969 -4.453730094812
 479  -1.725749180758 -1.033148045960 -4.455643388388
 480  -1.655360345927 -0.518452249870 -4.617063556595
 481  -1.331516710451  0.328674331667 -4.618455142587
 482  -2.055148240681 -0.025590828648 -4.444032063250
 483  -2.052966664127 -0.015430059510 -4.443545517407
 484  -2.057511140528 -0.019761675980 -4.442684695118
 485  -1.280378711468  0.377219452495 -4.618547425461
 486   0.126619998815  1.210946535312 -4.620335782622
 487  -0.849198852293  1.270080560834 -4.372977528364
 488  -0.830132809585  1.281468141863 -4.372967061885
 489  -0.839986789690  1.278609746711 -4.371803556655
# facets:
#   id   num_of_sides   plane_coeff  (ax + by + cz + d = 0)
#   indices_of_vertices
  0     6    0.084228549822  0.578504524484  0.811318720693  1.774399197477
       272 258 259 253 252 273
  1     8    0.385226150022 -0.487678136661  0.783435286646  1.815856590432
       265 257 255 256 254 259 258 264
  2     8   -0.038501103807 -0.630841707730  0.774955743764  2.011118705280
       264 274 275 263 262 261 260 265
  3    10   -0.403065431244  0.424952114834  0.810526963299  2.015647307545
       272 273 270 271 269 266 267 268 275 274
  4     7    0.107239221267  0.572832567974 -0.812626973765 -4.673344564644
       293 304 305 460 459 454 457
  5     7    0.574936077002  0.179979787301 -0.798157743510 -5.271302522532
       466 460 305 322 320 336 462
  6     5    0.404345043749 -0.418248952700 -0.813371316903 -4.602348154587
       463 353 469 467 461
  7     5    0.180292829250 -0.551039106377 -0.814770151002 -4.344242250773
       472 468 470 372 474
  8     8   -0.083832638661 -0.566080916993 -0.820075901433 -4.386015291981
       476 473 475 381 379 391 406 478
  9     6   -0.565222397747 -0.175498086925 -0.806054627535 -4.748239567291
       404 419 482 480 477 479
 10     5   -0.396992901174  0.416642348241 -0.817805472023 -4.442540215094
       485 481 483 442 487
 11     5   -0.167879123190  0.562401402291 -0.809642675937 -4.400602201949
       452 456 455 486 488
 12    13    0.027539708417  0.613251880011  0.789407180182  1.716958400113
       252 96 97 95 94 92 93 91 90 98 249 270 273
 13    14    0.179042579164  0.536905361399  0.824424883023  1.738886942058
       121 107 108 106 103 102 101 105 104 100 99 253 259 254
 14    17    0.335890215979  0.362619902409  0.869301195896  1.774967677870
       135 113 109 112 117 118 116 111 120 119 110 115 114 121 254 256 144
 15    16    0.485571079957 -0.131959203218  0.864180244507  1.804173035633
       143 128 129 124 132 131 122 126 127 123 133 134 130 125 135 144
 16    11    0.439551367691 -0.402576248795  0.802948914357  1.786664726919
       142 136 143 144 256 255 139 140 138 137 141
 17    10    0.361012708538 -0.538332871353  0.761490343927  1.769320917941
       149 148 257 265 260 167 159 146 147 145
 18    12    0.269140850483 -0.628828097238  0.729478187971  1.724677957880
       153 154 158 157 152 151 150 156 155 159 167 166
 19    11    0.112293442584 -0.678151178278  0.726292752375  1.795981784090
       176 165 160 163 164 161 162 166 167 260 261
 20    12    0.024607794431 -0.667307870875  0.744375350157  1.892038280301
       186 169 170 168 171 172 174 173 175 176 261 262
 21    13   -0.199298127906 -0.562681254878  0.802290509493  2.076697873546
       185 177 186 262 263 198 181 180 179 178 183 182 184
 22    17   -0.346986319820 -0.404500389922  0.846155971681  2.177728183169
       198 263 275 268 224 212 196 197 187 190 191 189 194 195 192 188 193
 23    16   -0.501887275508  0.019370462978  0.864716108239  2.189024390822
       223 199 200 201 209 208 202 203 211 210 204 205 207 206 212 224
 24    14   -0.481415357452  0.281736433900  0.829978213824  2.078896376795
       220 219 223 224 268 267 217 218 216 215 213 221 222 214
 25    11   -0.384810662616  0.470179499618  0.794261916546  1.942286807435
       229 269 271 251 239 225 226 228 227 230 231
 26    10   -0.288458864540  0.566571440025  0.771873232349  1.799403431490
       250 238 235 234 236 237 233 232 239 251
 27    14   -0.078130455352  0.632154446856  0.770893239863  1.692896314764
       248 242 247 246 244 245 241 240 243 250 251 271 270 249
 28    15   -0.114997638519  0.669687317300 -0.733685518586 -4.301493988024
       285 284 294 458 456 452 451 276 277 280 281 278 282 283 279
 29    11    0.048171742607  0.665081976151 -0.745215034881 -4.486940472329
       290 292 291 293 457 458 294 286 287 289 288
 30    13    0.221919138089  0.635973742449 -0.739113857985 -4.726618792487
       305 304 302 303 295 300 299 297 298 296 301 321 322
 31    17    0.599226808192  0.342155227112 -0.723779685335 -5.225262998246
       312 306 318 319 307 313 314 311 310 316 317 308 309 320 322 321 315
 32    17    0.737122601607 -0.024117425837 -0.675328527437 -5.103637644735
       325 323 332 333 331 330 326 329 328 344 464 462 336 327 335 334 324
 33    12    0.572100472765 -0.419007330221 -0.705077234268 -4.599712288200
       464 344 337 338 343 342 339 340 341 352 353 463
 34    12    0.420651325485 -0.529415614371 -0.736730323543 -4.383310741472
       469 353 352 347 350 351 346 349 348 345 362 471
 35    13    0.293255269518 -0.626794019200 -0.721893762540 -4.185677665032
       360 361 359 358 356 357 355 354 371 372 470 471 362
 36    14    0.139256090010 -0.683632503805 -0.716417714142 -4.092783385130
       372 371 365 366 369 370 363 367 368 364 380 381 475 474
 37     9   -0.024755861729 -0.694294194179 -0.719265402504 -4.119987339824
       379 381 380 376 377 375 374 373 378
 38    12   -0.201220464798 -0.657230708063 -0.726331963310 -4.266227711417
       391 388 389 390 387 382 383 384 386 385 405 406
 39    17   -0.594490547256 -0.345948896897 -0.725879018818 -4.617616052691
       396 397 400 401 398 393 395 394 399 403 402 404 479 478 406 405 392
 40    16   -0.658792430330 -0.094531063283 -0.746362118421 -4.673192417469
       413 414 415 416 410 409 407 408 431 484 482 419 417 418 412 411
 41    16   -0.531822148150  0.410786130686 -0.740553818147 -4.376159285982
       429 430 423 422 427 428 421 425 426 420 441 442 483 484 431 424
 42    14   -0.406274836874  0.540236731552 -0.736943030909 -4.253787610031
       487 442 441 435 436 438 437 433 434 432 440 439 453 489
 43    13   -0.268281034540  0.627254761644 -0.731147557269 -4.223800068157
       489 453 443 444 448 447 445 446 450 449 451 452 488
 44     5   -0.020836433482  0.421801049609 -0.906448960278 -4.704732916919
       458 457 454 455 456
 45     4    0.151480525251  0.290472156589 -0.944817218681 -4.989656561971
       460 466 465 459
 46     6    0.279514455250 -0.133691503724 -0.950788226230 -4.973000256814
       462 464 463 461 465 466
 47     5    0.211848862276 -0.355998614945 -0.910156605046 -4.652745110505
       471 470 468 467 469
 48     4    0.027233642575 -0.401142665850 -0.915610665265 -4.579915111161
       474 475 473 472
 49     4   -0.141624316533 -0.279376449514 -0.949679605142 -4.764478934876
       478 479 477 476
 50     5   -0.281825687007  0.106171235596 -0.953573254069 -4.814186670673
       484 483 481 480 482
 51     5   -0.209860681927  0.352204660277 -0.912091207863 -4.614096098489
       489 488 486 485 487
 52    15   -0.000384811964 -0.001495603438 -0.999998807544 -4.618470452385
       454 459 465 461 467 468 472 473 476 477 480 481 485 486 455
 53     4    0.000000000000  0.000000000000  1.000000000000  2.396370291553
       264 258 272 274
 54     4    0.561884474559  0.826787896966 -0.026600952631 -3.123278923148
       114 55 107 121
 55     4    0.975584770727  0.218069032569 -0.026081644118 -3.557615482019
       46 29 125 130
 56     6    0.911047136554 -0.411353555192 -0.027952953473 -2.918613505648
       328 128 143 136 337 344
 57     5   -0.964335218761  0.263812263007 -0.021463358170 -2.458001443888
       219 429 424 199 223
 58     5   -0.548844976256 -0.835536623190 -0.025450802469 -2.254148378188
       188 392 405 385 193
 59     6   -0.293977039677  0.955587301886 -0.020746291621 -2.022834698132
       240 276 451 449 33 243
 60     7   -0.495331122780  0.868407903106 -0.022689042047 -1.972082823767
       439 81 225 239 232 443 453
 61     7   -0.957924325112 -0.286480119575 -0.017610464109 -2.581166950118
       206 417 419 404 402 196 212
 62     6    0.695746216225 -0.717954400159 -0.021878800261 -2.284378691641
       148 350 347 139 255 257
 63     5   -0.148629153247 -0.988598619888 -0.024127651362 -1.859921845307
       177 60 61 169 186
 64     9    0.202673542494  0.978673518823 -0.033489979499 -2.581147756265
       99 57 302 304 293 291 96 252 253
 65     5   -0.047093276952  0.998610526114 -0.023648264208 -2.222890435972
       90 286 294 284 98
 66     4    0.780243429356  0.625092858725 -0.021888556770 -3.428330944997
       307 111 116 313
 67     6   -0.695735481294  0.717943322570 -0.022572674774 -2.085417559757
       420 266 269 229 435 441
 68     6    0.994588737700 -0.101903615413 -0.020221177192 -3.314052277917
       122 56 332 323 30 126
 69     6    0.288356033743 -0.957345327298 -0.018458659371 -1.771159348717
       354 44 154 153 365 371
 70     6    0.535492103619 -0.843800536308 -0.035339240071 -2.065116900851
       345 146 159 155 360 362
 71     5    0.382355660284  0.923088220708 -0.041379775721 -2.888433626840
       299 23 101 102 297
 72     6    0.047092486935 -0.998593773832 -0.024346920494 -1.756946584028
       173 376 380 364 67 175
 73     4   -0.999493775407 -0.015701302912 -0.027670598286 -2.597976828453
       77 65 202 208
 74     4   -0.382531278903 -0.923512201559 -0.028196351402 -2.087176513720
       179 383 382 178
 75     4    0.817912522770 -0.574838548848 -0.024077953694 -2.601304329884
       137 339 342 141
 76     4   -0.606563843362  0.794789071172 -0.019764520521 -1.998565584406
       437 230 227 433
 77     5   -0.886153641965  0.460319958190 -0.053265926485 -2.439071703412
       213 0 11 86 221
 78     5   -0.179452672122  0.982589310634 -0.048114292013 -2.200220862888
       278 37 244 246 282
 79     4   -0.411441812439  0.911242604689 -0.018776324890 -1.961002033005
       447 236 234 445
 80     5   -0.700188813717 -0.711274649781 -0.061838480929 -2.562440560037
       74 194 189 14 73
 81     5   -0.785316899832  0.619093924833  0.000281201676 -2.082910345589
       19 22 425 421 20
 82     4   -0.840088082544 -0.542438003854  0.003609091527 -2.437011648377
       1 8 9 5
 83     6    0.156179944720 -0.986081362537 -0.057020797302 -1.883461503798
       363 35 163 160 38 367
 84     4    0.078381473458  0.995931049276 -0.044471223349 -2.455683342463
       288 92 94 290
 85     6    0.914353649447  0.404231519775 -0.023543197819 -3.562111610549
       109 58 316 310 32 112
 86     5    0.439884386431 -0.897915748877  0.015780826733 -1.750981757211
       7 12 356 358 26
 87     4   -0.263788175851 -0.964247170949 -0.025361222346 -1.959388359256
       48 64 184 182
 88     5    0.600269254101 -0.799483583695  0.022423692466 -1.930774895003
       147 50 51 3 145
 89     3   -0.031410290493 -0.999491649745 -0.005462210341 -1.712071284026
       168 16 171
 90     3    0.967015329078 -0.248287336314 -0.056874879822 -3.279060826955
       330 53 326
 91     4    0.997044964902  0.070594569721 -0.030294301281 -3.498162985517
       334 133 123 324
 92     4    0.301195031739  0.952369843407 -0.047678446120 -2.781462930153
       295 100 104 300
 93     4    0.660551424234  0.749248518527 -0.047942396984 -3.361856662534
       306 110 119 318
 94     5   -0.983726934215 -0.179660439080 -0.001856214041 -2.518885536664
       79 413 411 204 210
 95     4    0.210273102714 -0.976677214566  0.043437781055 -1.485809030563
       41 161 164 42
 96     5    0.367114703498 -0.927225897992 -0.074019784987 -2.048067321705
       82 355 357 24 83
 97     4    0.739214872475 -0.672633780172 -0.033543555030 -2.430764024831
       140 341 340 138
 98     3   -0.990457439099  0.133035065741 -0.035996286160 -2.582844716687
       18 407 409
 99     5    0.488442217345  0.872176336447 -0.027067294965 -3.005947391626
       106 28 296 298 103
100     3    0.860214209329 -0.508729265248 -0.035014978926 -2.771314588459
       338 17 343
101     4   -0.233348975796  0.971968435233 -0.028733541486 -2.085550189144
       277 241 245 280
102     4   -0.875168175887 -0.472215125137  0.105325872917 -2.047994886125
       187 4 10 190
103     4   -0.932519917779  0.360764748097 -0.015981222601 -2.371170684763
       13 62 220 214
104     4   -0.481624123845 -0.876071029003 -0.023189555247 -2.170541909658
       181 386 384 180
105     3   -0.117282928614  0.990918460551 -0.065767158939 -2.319722743579
       283 52 279
106     5   -0.814173856509  0.562710180858  0.143102004653 -1.539885972101
       21 6 0 213 215
107     4    0.015701796062  0.999525167699 -0.026512124317 -2.306700087283
       93 289 287 91
108     5    0.649266226433 -0.760193079511 -0.023661130097 -2.200881912032
       145 3 346 351 149
109     4   -0.763714220304 -0.621761127844 -0.173648177667 -3.053715400092
       15 2 393 398
110     4    0.847891071836  0.528792868261 -0.038194669478 -3.569812203930
       314 71 69 311
111     4   -0.446851487985  0.894290207395 -0.023848954753 -1.974046997305
       237 448 444 233
112     4   -0.548828038447  0.835510837841 -0.026635015778 -2.002755565104
       434 228 226 432
113     6   -0.914481497257 -0.404288040700 -0.016576227598 -2.566459385245
       4 187 197 89 399 394
114     5   -0.739399775849  0.672802029297 -0.025008015706 -2.134444165232
       266 420 426 217 267
115     5   -0.202686811935 -0.978737594531 -0.031476615451 -1.930097431008
       185 389 388 60 177
116     6   -0.835619438224  0.521139582891 -0.173648177667 -2.831781294532
       11 0 6 40 427 422
117     5   -0.078421068604 -0.996434153308 -0.031130597806 -1.841314148756
       16 168 170 373 374
118     4    0.007847527034 -0.999157629995 -0.040279607029 -1.832012445486
       172 375 377 174
119     3   -0.637096583076  0.770117476094 -0.032047103570 -2.069241004165
       436 36 438
120     5    0.263793239888  0.964265681951 -0.024593112870 -2.634061581457
       100 295 303 57 99
121     5   -0.360808672915  0.932633456499 -0.003455049741 -1.923496394089
       446 235 238 34 450
122     5    0.495371234125 -0.868478225780 -0.018785945481 -1.949754547147
       361 156 150 27 359
123     4   -0.606583376238 -0.794814665372 -0.018062540849 -2.289258238336
       392 188 192 396
124     5    0.117536791277 -0.993063335356 -0.003211645635 -1.666948504549
       68 39 38 160 165
125     3    0.133059685816  0.990640737667 -0.030431051319 -2.474794235383
       97 63 95
126     3    0.943055338790 -0.331177462858 -0.031114563700 -3.062829854888
       129 45 124
127     5    0.984692148708 -0.171856291159 -0.029099612745 -3.270018326893
       131 331 333 56 122
128     4    0.989417243479  0.140814926411 -0.034995354066 -3.557194827968
       327 47 85 335
129     7   -0.794885057356 -0.606637097701  0.012213815340 -2.362132624761
       8 1 2 15 14 189 191
130     6   -0.995922142573 -0.086256205472 -0.026437718334 -2.607176277400
       203 66 415 414 80 211
131     5   -0.330774587152 -0.941908116748 -0.058286122688 -2.155996564655
       178 382 387 49 183
132     5    0.248593018405 -0.968205882218  0.027908436685 -1.563354729300
       161 41 369 366 162
133     3    0.338704008120  0.940786574403 -0.014149781114 -2.710721128964
       101 23 105
134     5    0.561712177227 -0.826534369142 -0.036336848824 -2.106298211084
       50 147 146 345 348
135     6   -0.912373897611  0.403356280644 -0.069839686586 -2.549243934155
       62 13 88 87 423 430
136     4   -0.970315168207 -0.241027540359 -0.019854448772 -2.590260257107
       205 412 418 207
137     5    0.883314317950 -0.467690856784 -0.031954314029 -2.834574459427
       17 338 337 136 142
138     3   -0.078445821485  0.996748668486 -0.018394155650 -2.171943315764
       248 72 242
139     5    0.940454513215  0.338584458736 -0.030097722111 -3.594041509790
       58 109 113 308 317
140     4   -0.996038893913  0.062665455582 -0.063083773585 -2.715055392173
       416 78 76 410
141     4    0.997930342094 -0.039208789927 -0.050967667408 -3.492370433973
       30 323 325 31
142     5   -0.814515361911 -0.553544068348 -0.173648177667 -3.098443152252
       393 2 1 5 395
143     5    0.411346140518 -0.911030714870  0.028590020002 -1.672552644669
       25 12 7 151 152
144     5    0.323186641824 -0.943950935701 -0.067134384151 -1.988724131996
       44 354 355 82 84
145     4   -0.777704560293  0.623058841057  0.083506272105 -1.738904625948
       218 22 19 216
146     4    0.643206399321  0.765186438537 -0.027843170633 -3.257404225453
       110 306 312 115
147     4   -0.439863253395 -0.897872610984 -0.018576672399 -2.107823524088
       383 179 180 384
148     5   -0.984995327985  0.171909204414 -0.015212800037 -2.483001068079
       200 408 407 18 201
149     4    0.618638887259 -0.784739687421 -0.038334712179 -2.205359086555
       346 3 51 349
150     6   -0.883700826494 -0.467895502523 -0.012109829559 -2.531318601296
       395 5 9 10 4 394
151     4    0.508653895944  0.860086766796 -0.039012404747 -3.084641718446
       296 28 54 301
152     6   -0.817805007637  0.574762985946  0.029025496896 -2.009250604927
       40 6 21 20 421 428
153     5    0.426296274348 -0.887759988325  0.173648177667 -1.078636222586
       151 7 26 27 150
154     4    0.739541036722  0.672930566802 -0.015604719402 -3.353110013835
       111 307 319 120
155     4    0.187256050996 -0.981630595998 -0.036558779611 -1.806074561195
       370 43 35 363
156     4    0.876097498956  0.481638675826 -0.021848530199 -3.532471626999
       112 32 70 117
157     4   -0.696364240320 -0.696364240320 -0.173648177667 -2.990379168105
       397 59 75 400
158     5   -0.831500687119 -0.527686381967  0.173648177667 -1.725014729164
       190 10 9 8 191
159     4    0.439721400198  0.897583052582 -0.031460354820 -2.944629939288
       297 102 103 298
160     5   -0.870339244357  0.460820908949 -0.173648177667 -2.886558358044
       423 87 86 11 422
161     5    0.999402022346  0.015699861540 -0.030807662641 -3.461269044060
       31 325 324 123 127
162     4    0.779994282543 -0.624893254489 -0.033426631527 -2.536480585227
       339 137 138 340
163     5   -0.971896114082  0.233331613024 -0.031213807785 -2.513881422806
       408 200 199 424 431
164     5    0.388444535832 -0.917342897951 -0.087136962084 -2.116510459351
       356 12 25 24 357
165     5   -0.654721467493 -0.754499675858 -0.045497682742 -2.450434837723
       59 397 396 192 195
166     5   -0.529137893450  0.848444301266 -0.012464243453 -1.940546499175
       225 81 440 432 226
167     5   -0.117482119211 -0.992601413405 -0.030665710034 -1.864196005791
       169 61 378 373 170
168     4   -0.917541691316  0.397055745706 -0.021540183340 -2.365425184124
       13 214 222 88
169     5   -0.738715196992 -0.651265052130 -0.173648177667 -3.029846400135
       73 14 15 398 401
170     5    0.094013552032 -0.994559494898 -0.044864943350 -1.836464049510
       67 364 368 39 68
171     5   -0.007840024098 -0.998202346122 -0.059418938214 -1.915205086871
       16 374 375 172 171
172     4   -0.256186574747  0.966212396005 -0.028320394183 -2.070935082537
       241 277 276 240
173     5    0.706730829810 -0.706730829810 -0.032604729586 -2.350833694615
       341 140 139 347 352
174     6    0.954855566904 -0.293751928603 -0.044279236609 -3.167618190279
       124 45 329 326 53 132
175     4   -0.467794890438  0.883510803332 -0.024012514986 -1.974379084621
       233 444 443 232
176     5    0.852340811931 -0.522315121315 -0.026496308464 -2.712209788590
       343 17 142 141 342
177     6   -0.993673402870  0.109702564990 -0.024052352551 -2.544826801613
       18 409 410 76 209 201
178     4   -0.389889219459  0.920754634099 -0.014046363753 -1.950898316417
       235 446 445 234
179     4    0.031393270595 -0.998950067825 -0.033365019923 -1.796019675152
       376 173 174 377
180     5   -0.798396009456  0.580068655060  0.161505936430 -1.442825529827
       216 19 20 21 215
181     5   -0.755121875538  0.655261384872 -0.020578400785 -2.132444832530
       217 426 425 22 218
182     5    0.323697554419  0.945443189280 -0.036838418905 -2.774056321065
       105 23 299 300 104
183     3   -0.194792910142  0.979290089943 -0.055196393885 -2.215393985136
       37 278 281
184     4   -0.574923905993  0.818033973703 -0.016820231408 -1.973920771275
       228 434 433 227
185     5    0.382523179782 -0.923492648551 -0.028936914171 -1.880291568005
       83 24 25 152 157
186     5   -0.495283284795 -0.868324034189 -0.026605252343 -2.198571159830
       386 181 198 193 385
187     4    0.453954432296 -0.890935737845 -0.012604936714 -1.880000409182
       359 27 26 358
188     4    0.528974293883  0.848181978113 -0.027812378806 -3.073992187619
       54 28 106 108
189     4   -0.425653466303  0.904559660173 -0.024309418159 -1.978747988986
       448 237 236 447
190     7    0.979665961439  0.196868137332 -0.038698068444 -3.597222002517
       29 46 47 327 336 320 309
191     6    0.965329786199  0.260014149729 -0.023044431364 -3.558295578850
       125 29 309 308 113 135
192     4    0.998588313716 -0.047092229442 -0.024570340587 -3.384619325405
       30 31 127 126
193     5    0.271437595572 -0.962445115893 -0.004585913722 -1.705822818779
       365 153 166 162 366
194     6   -0.101865393312  0.994215686448 -0.034038367572 -2.211092345919
       242 72 285 279 52 247
195     5    0.890349320069  0.453655637515 -0.038401182319 -3.605655158431
       32 310 311 69 70
196     5   -0.316475994149  0.948597278083 -0.002479746082 -1.941250920354
       243 33 34 238 250
197     4   -0.331264912845  0.943304359894 -0.020986713017 -2.006460475969
       450 34 33 449
198     5    0.600250468455  0.799458563563 -0.023777726233 -3.174711650812
       115 312 315 55 114
199     3   -0.940591001662 -0.338633597601 -0.024816409241 -2.608456407379
       399 89 403
200     5   -0.649379579050  0.760325798373 -0.014520421546 -2.011067181935
       231 36 436 435 229
201     5    0.808805310850  0.587631455209 -0.022874483374 -3.468259038371
       71 314 313 116 118
202     5    0.194938896529 -0.980024013072  0.039392390402 -1.498605430999
       163 35 43 42 164
203     4   -0.023544878751  0.999090762163 -0.035542757984 -2.296301236807
       286 90 91 287
204     5   -0.625038751242  0.780175892177 -0.025536967542 -2.033616104135
       36 231 230 437 438
205     5   -0.218063088288  0.975558177545 -0.027105935703 -2.089757789008
       280 245 244 37 281
206     4    0.132945747478 -0.989792456994 -0.051345109842 -1.860517061476
       39 368 367 38
207     3   -0.818837720590  0.547129872820 -0.173648177667 -2.807707222535
       427 40 428
208     5    0.202769226296 -0.979135558427 -0.013349123210 -1.715684925660
       43 370 369 41 42
209     4    0.316352309916 -0.948226550037 -0.028064672002 -1.828153949077
       154 44 84 158
210     5    0.934834417733 -0.353244490186 -0.036096282007 -3.047179858711
       329 45 129 128 328
211     5   -0.278150212108 -0.957399309781 -0.077582350667 -2.181519969111
       64 48 49 387 390
212     5    0.987325815748  0.156377046745 -0.027091563443 -3.535007847167
       46 130 134 85 47
213     4   -0.309009982243 -0.951034935171 -0.006736687556 -1.929172223389
       183 49 48 182
214     4    0.587486905988 -0.808606355916 -0.031857439702 -2.128809951814
       349 51 50 348
215     4    0.666926817047 -0.744608294523 -0.027696722370 -2.250687144344
       149 351 350 148
216     5   -0.132793049265  0.988655605744 -0.070186175974 -2.323352631136
       282 246 247 52 283
217     5    0.971464577831 -0.233228010336 -0.043142429408 -3.247222430877
       53 330 331 131 132
218     4   -0.999155130591 -0.039256911998 -0.012162231434 -2.541936690646
       202 65 66 203
219     7    0.548715524707  0.835339552042 -0.033453037815 -3.128004287389
       301 54 108 107 55 315 321
220     4    0.054938717208  0.998280810863 -0.020424495428 -2.332924467762
       92 288 289 93
221     3    0.991239259705 -0.125222639570 -0.042000244739 -3.372351711949
       332 56 333
222     3    0.240844599787  0.969578696300 -0.043715334102 -2.675912032898
       57 303 302
223     3    0.926241546799  0.375166450797 -0.036424321279 -3.615458188282
       58 317 316
224     5   -0.689662507831 -0.722952628577 -0.041293124435 -2.470123029114
       194 74 75 59 195
225     6   -0.156288395293 -0.986766092508 -0.043204353645 -1.942115603978
       60 388 391 379 378 61
226     5   -0.953204026133  0.301458849094 -0.022905171186 -2.440648449724
       429 219 220 62 430
227     5    0.117500717487  0.992758549447 -0.024980870472 -2.432479004592
       290 94 95 63 292
228     4   -0.977571708980 -0.210465682323 -0.007599366194 -2.541936529459
       412 205 204 411
229     5    0.140775438553  0.989139787324 -0.042246384849 -2.530832125178
       96 291 292 63 97
230     5   -0.248561383154 -0.968082671049 -0.032143130211 -1.972793194592
       64 390 389 185 184
231     4   -0.988507889228 -0.148615512503 -0.027669159309 -2.619784630805
       80 414 413 79
232     6   -0.997457145581 -0.023506380442 -0.067280701596 -2.753709670151
       415 66 65 77 78 416
233     4    0.508966653256 -0.860615610530 -0.017138167521 -1.959249559523
       156 361 360 155
234     5    0.062787820277 -0.997983825044 -0.009272247578 -1.694989580567
       175 67 68 165 176
235     5    0.856520207800  0.515667107362 -0.021460848448 -3.513935130977
       117 70 69 71 118
236     4    0.695224038447  0.717415554493 -0.044479866646 -3.402143601421
       318 119 120 319
237     4   -0.964321092543 -0.263808398511 -0.022135025474 -2.598888940277
       417 206 207 418
238     6   -0.062767684214  0.997663771478 -0.026966959380 -2.220142634480
       285 72 248 249 98 284
239     5   -0.712577128390 -0.679764772909 -0.173648177667 -3.005184847501
       74 73 401 400 75
240     5   -0.998347523634  0.047080874070 -0.032948647182 -2.602903091062
       77 208 209 76 78
241     4   -0.993068456942 -0.117537397456 -0.000005139048 -2.507432378725
       211 80 79 210
242     3   -0.515613431690  0.856431052806 -0.025858090601 -1.989593197381
       440 81 439
243     5    0.338589183383 -0.940467636426 -0.029630891502 -1.850568327010
       82 83 157 158 84
244     5    0.995893512809  0.086253725866 -0.027502834749 -3.497495798430
       133 334 335 85 134
245     5   -0.903623640766  0.425213009003 -0.051557858991 -2.461163851685
       221 86 87 88 222
246     5   -0.948497189480 -0.316442602065 -0.014736388521 -2.569569113515
       403 89 197 196 402
# edges:
#    vert1_id  vert2_id  facet1_id  facet2_id
 272  258     0   53
 258  259     0    1
 259  253     0   13
 253  252     0   64
 252  273     0   12
 273  272     0    3
 265  257     1   17
 257  255     1   62
 255  256     1   16
 256  254     1   14
 254  259     1   13
 258  264     1   53
 264  265     1    2
 264  274     2   53
 274  275     2    3
 275  263     2   22
 263  262     2   21
 262  261     2   20
 261  260     2   19
 260  265     2   17
 273  270     3   12
 270  271     3   27
 271  269     3   25
 269  266     3   67
 266  267     3  114
 267  268     3   24
 268  275     3   22
 274  272     3   53
 293  304     4   64
 304  305     4   30
 305  460     4    5
 460  459     4   45
 459  454     4   52
 454  457     4   44
 457  293     4   29
 466  460     5   45
 305  322     5   30
 322  320     5   31
 320  336     5  190
 336  462     5   32
 462  466     5   46
 463  353     6   33
 353  469     6   34
 469  467     6   47
 467  461     6   52
 461  463     6   46
 472  468     7   52
 468  470     7   47
 470  372     7   35
 372  474     7   36
 474  472     7   48
 476  473     8   52
 473  475     8   48
 475  381     8   36
 381  379     8   37
 379  391     8  225
 391  406     8   38
 406  478     8   39
 478  476     8   49
 404  419     9   61
 419  482     9   40
 482  480     9   50
 480  477     9   52
 477  479     9   49
 479  404     9   39
 485  481    10   52
 481  483    10   50
 483  442    10   41
 442  487    10   42
 487  485    10   51
 452  456    11   28
 456  455    11   44
 455  486    11   52
 486  488    11   51
 488  452    11   43
 252   96    12   64
  96   97    12  229
  97   95    12  125
  95   94    12  227
  94   92    12   84
  92   93    12  220
  93   91    12  107
  91   90    12  203
  90   98    12   65
  98  249    12  238
 249  270    12   27
 121  107    13   54
 107  108    13  219
 108  106    13  188
 106  103    13   99
 103  102    13  159
 102  101    13   71
 101  105    13  133
 105  104    13  182
 104  100    13   92
 100   99    13  120
  99  253    13   64
 254  121    13   14
 135  113    14  191
 113  109    14  139
 109  112    14   85
 112  117    14  156
 117  118    14  235
 118  116    14  201
 116  111    14   66
 111  120    14  154
 120  119    14  236
 119  110    14   93
 110  115    14  146
 115  114    14  198
 114  121    14   54
 256  144    14   16
 144  135    14   15
 143  128    15   56
 128  129    15  210
 129  124    15  126
 124  132    15  174
 132  131    15  217
 131  122    15  127
 122  126    15   68
 126  127    15  192
 127  123    15  161
 123  133    15   91
 133  134    15  244
 134  130    15  212
 130  125    15   55
 125  135    15  191
 144  143    15   16
 142  136    16  137
 136  143    16   56
 255  139    16   62
 139  140    16  173
 140  138    16   97
 138  137    16  162
 137  141    16   75
 141  142    16  176
 149  148    17  215
 148  257    17   62
 260  167    17   19
 167  159    17   18
 159  146    17   70
 146  147    17  134
 147  145    17   88
 145  149    17  108
 153  154    18   69
 154  158    18  209
 158  157    18  243
 157  152    18  185
 152  151    18  143
 151  150    18  153
 150  156    18  122
 156  155    18  233
 155  159    18   70
 167  166    18   19
 166  153    18  193
 176  165    19  234
 165  160    19  124
 160  163    19   83
 163  164    19  202
 164  161    19   95
 161  162    19  132
 162  166    19  193
 261  176    19   20
 186  169    20   63
 169  170    20  167
 170  168    20  117
 168  171    20   89
 171  172    20  171
 172  174    20  118
 174  173    20  179
 173  175    20   72
 175  176    20  234
 262  186    20   21
 185  177    21  115
 177  186    21   63
 263  198    21   22
 198  181    21  186
 181  180    21  104
 180  179    21  147
 179  178    21   74
 178  183    21  131
 183  182    21  213
 182  184    21   87
 184  185    21  230
 268  224    22   24
 224  212    22   23
 212  196    22   61
 196  197    22  246
 197  187    22  113
 187  190    22  102
 190  191    22  158
 191  189    22  129
 189  194    22   80
 194  195    22  224
 195  192    22  165
 192  188    22  123
 188  193    22   58
 193  198    22  186
 223  199    23   57
 199  200    23  163
 200  201    23  148
 201  209    23  177
 209  208    23  240
 208  202    23   73
 202  203    23  218
 203  211    23  130
 211  210    23  241
 210  204    23   94
 204  205    23  228
 205  207    23  136
 207  206    23  237
 206  212    23   61
 224  223    23   24
 220  219    24  226
 219  223    24   57
 267  217    24  114
 217  218    24  181
 218  216    24  145
 216  215    24  180
 215  213    24  106
 213  221    24   77
 221  222    24  245
 222  214    24  168
 214  220    24  103
 229  269    25   67
 271  251    25   27
 251  239    25   26
 239  225    25   60
 225  226    25  166
 226  228    25  112
 228  227    25  184
 227  230    25   76
 230  231    25  204
 231  229    25  200
 250  238    26  196
 238  235    26  121
 235  234    26  178
 234  236    26   79
 236  237    26  189
 237  233    26  111
 233  232    26  175
 232  239    26   60
 251  250    26   27
 248  242    27  138
 242  247    27  194
 247  246    27  216
 246  244    27   78
 244  245    27  205
 245  241    27  101
 241  240    27  172
 240  243    27   59
 243  250    27  196
 249  248    27  238
 285  284    28  238
 284  294    28   65
 294  458    28   29
 458  456    28   44
 452  451    28   43
 451  276    28   59
 276  277    28  172
 277  280    28  101
 280  281    28  205
 281  278    28  183
 278  282    28   78
 282  283    28  216
 283  279    28  105
 279  285    28  194
 290  292    29  227
 292  291    29  229
 291  293    29   64
 457  458    29   44
 294  286    29   65
 286  287    29  203
 287  289    29  107
 289  288    29  220
 288  290    29   84
 304  302    30   64
 302  303    30  222
 303  295    30  120
 295  300    30   92
 300  299    30  182
 299  297    30   71
 297  298    30  159
 298  296    30   99
 296  301    30  151
 301  321    30  219
 321  322    30   31
 312  306    31  146
 306  318    31   93
 318  319    31  236
 319  307    31  154
 307  313    31   66
 313  314    31  201
 314  311    31  110
 311  310    31  195
 310  316    31   85
 316  317    31  223
 317  308    31  139
 308  309    31  191
 309  320    31  190
 321  315    31  219
 315  312    31  198
 325  323    32  141
 323  332    32   68
 332  333    32  221
 333  331    32  127
 331  330    32  217
 330  326    32   90
 326  329    32  174
 329  328    32  210
 328  344    32   56
 344  464    32   33
 464  462    32   46
 336  327    32  190
 327  335    32  128
 335  334    32  244
 334  324    32   91
 324  325    32  161
 344  337    33   56
 337  338    33  137
 338  343    33  100
 343  342    33  176
 342  339    33   75
 339  340    33  162
 340  341    33   97
 341  352    33  173
 352  353    33   34
 463  464    33   46
 352  347    34  173
 347  350    34   62
 350  351    34  215
 351  346    34  108
 346  349    34  149
 349  348    34  214
 348  345    34  134
 345  362    34   70
 362  471    34   35
 471  469    34   47
 360  361    35  233
 361  359    35  122
 359  358    35  187
 358  356    35   86
 356  357    35  164
 357  355    35   96
 355  354    35  144
 354  371    35   69
 371  372    35   36
 470  471    35   47
 362  360    35   70
 371  365    36   69
 365  366    36  193
 366  369    36  132
 369  370    36  208
 370  363    36  155
 363  367    36   83
 367  368    36  206
 368  364    36  170
 364  380    36   72
 380  381    36   37
 475  474    36   48
 380  376    37   72
 376  377    37  179
 377  375    37  118
 375  374    37  171
 374  373    37  117
 373  378    37  167
 378  379    37  225
 391  388    38  225
 388  389    38  115
 389  390    38  230
 390  387    38  211
 387  382    38  131
 382  383    38   74
 383  384    38  147
 384  386    38  104
 386  385    38  186
 385  405    38   58
 405  406    38   39
 396  397    39  165
 397  400    39  157
 400  401    39  239
 401  398    39  169
 398  393    39  109
 393  395    39  142
 395  394    39  150
 394  399    39  113
 399  403    39  199
 403  402    39  246
 402  404    39   61
 479  478    39   49
 405  392    39   58
 392  396    39  123
 413  414    40  231
 414  415    40  130
 415  416    40  232
 416  410    40  140
 410  409    40  177
 409  407    40   98
 407  408    40  148
 408  431    40  163
 431  484    40   41
 484  482    40   50
 419  417    40   61
 417  418    40  237
 418  412    40  136
 412  411    40  228
 411  413    40   94
 429  430    41  226
 430  423    41  135
 423  422    41  160
 422  427    41  116
 427  428    41  207
 428  421    41  152
 421  425    41   81
 425  426    41  181
 426  420    41  114
 420  441    41   67
 441  442    41   42
 483  484    41   50
 431  424    41  163
 424  429    41   57
 441  435    42   67
 435  436    42  200
 436  438    42  119
 438  437    42  204
 437  433    42   76
 433  434    42  184
 434  432    42  112
 432  440    42  166
 440  439    42  242
 439  453    42   60
 453  489    42   43
 489  487    42   51
 453  443    43   60
 443  444    43  175
 444  448    43  111
 448  447    43  189
 447  445    43   79
 445  446    43  178
 446  450    43  121
 450  449    43  197
 449  451    43   59
 488  489    43   51
 454  455    44   52
 466  465    45   46
 465  459    45   52
 461  465    46   52
 468  467    47   52
 473  472    48   52
 477  476    49   52
 481  480    50   52
 486  485    51   52
 114   55    54  198
  55  107    54  219
  46   29    55  190
  29  125    55  191
 130   46    55  212
 328  128    56  210
 136  337    56  137
 219  429    57  226
 424  199    57  163
 188  392    58  123
 385  193    58  186
 240  276    59  172
 449   33    59  197
  33  243    59  196
 439   81    60  242
  81  225    60  166
 232  443    60  175
 206  417    61  237
 402  196    61  246
 148  350    62  215
 347  139    62  173
 177   60    63  115
  60   61    63  225
  61  169    63  167
  99   57    64  120
  57  302    64  222
 291   96    64  229
  90  286    65  203
 284   98    65  238
 307  111    66  154
 116  313    66  201
 420  266    67  114
 229  435    67  200
 122   56    68  127
  56  332    68  221
 323   30    68  141
  30  126    68  192
 354   44    69  144
  44  154    69  209
 153  365    69  193
 345  146    70  134
 155  360    70  233
 299   23    71  182
  23  101    71  133
 102  297    71  159
 173  376    72  179
 364   67    72  170
  67  175    72  234
  77   65    73  232
  65  202    73  218
 208   77    73  240
 179  383    74  147
 382  178    74  131
 137  339    75  162
 342  141    75  176
 437  230    76  204
 227  433    76  184
 213    0    77  106
   0   11    77  116
  11   86    77  160
  86  221    77  245
 278   37    78  183
  37  244    78  205
 246  282    78  216
 447  236    79  189
 234  445    79  178
  74  194    80  224
 189   14    80  129
  14   73    80  169
  73   74    80  239
  19   22    81  145
  22  425    81  181
 421   20    81  152
  20   19    81  180
   1    8    82  129
   8    9    82  158
   9    5    82  150
   5    1    82  142
 363   35    83  155
  35  163    83  202
 160   38    83  124
  38  367    83  206
 288   92    84  220
  94  290    84  227
 109   58    85  139
  58  316    85  223
 310   32    85  195
  32  112    85  156
   7   12    86  143
  12  356    86  164
 358   26    86  187
  26    7    86  153
  48   64    87  211
  64  184    87  230
 182   48    87  213
 147   50    88  134
  50   51    88  214
  51    3    88  149
   3  145    88  108
 168   16    89  117
  16  171    89  171
 330   53    90  217
  53  326    90  174
 334  133    91  244
 123  324    91  161
 295  100    92  120
 104  300    92  182
 306  110    93  146
 119  318    93  236
  79  413    94  231
 411  204    94  228
 210   79    94  241
  41  161    95  132
 164   42    95  202
  42   41    95  208
  82  355    96  144
 357   24    96  164
  24   83    96  185
  83   82    96  243
 140  341    97  173
 340  138    97  162
  18  407    98  148
 409   18    98  177
 106   28    99  188
  28  296    99  151
 298  103    99  159
 338   17   100  137
  17  343   100  176
 277  241   101  172
 245  280   101  205
 187    4   102  113
   4   10   102  150
  10  190   102  158
  13   62   103  135
  62  220   103  226
 214   13   103  168
 181  386   104  186
 384  180   104  147
 283   52   105  216
  52  279   105  194
  21    6   106  152
   6    0   106  116
 215   21   106  180
  93  289   107  220
 287   91   107  203
   3  346   108  149
 351  149   108  215
  15    2   109  129
   2  393   109  142
 398   15   109  169
 314   71   110  201
  71   69   110  235
  69  311   110  195
 237  448   111  189
 444  233   111  175
 434  228   112  184
 226  432   112  166
 197   89   113  246
  89  399   113  199
 394    4   113  150
 426  217   114  181
 185  389   115  230
 388   60   115  225
   6   40   116  152
  40  427   116  207
 422   11   116  160
 170  373   117  167
 374   16   117  171
 172  375   118  171
 377  174   118  179
 436   36   119  200
  36  438   119  204
 303   57   120  222
 446  235   121  178
 238   34   121  196
  34  450   121  197
 361  156   122  233
 150   27   122  153
  27  359   122  187
 192  396   123  165
  68   39   124  170
  39   38   124  206
 165   68   124  234
  97   63   125  229
  63   95   125  227
 129   45   126  210
  45  124   126  174
 131  331   127  217
 333   56   127  221
 327   47   128  190
  47   85   128  212
  85  335   128  244
   1    2   129  142
  15   14   129  169
 191    8   129  158
 203   66   130  218
  66  415   130  232
 414   80   130  231
  80  211   130  241
 387   49   131  211
  49  183   131  213
  41  369   132  208
 366  162   132  193
  23  105   133  182
 348   50   134  214
  13   88   135  168
  88   87   135  245
  87  423   135  160
 430   62   135  226
 205  412   136  228
 418  207   136  237
 142   17   137  176
 248   72   138  238
  72  242   138  194
 113  308   139  191
 317   58   139  223
 416   78   140  232
  78   76   140  240
  76  410   140  177
 325   31   141  161
  31   30   141  192
   5  395   142  150
  25   12   143  164
   7  151   143  153
 152   25   143  185
  82   84   144  243
  84   44   144  209
 218   22   145  181
  19  216   145  180
 312  115   146  198
 200  408   148  163
  18  201   148  177
  51  349   149  214
   9   10   150  158
  28   54   151  188
  54  301   151  219
  21   20   152  180
 428   40   152  207
  26   27   153  187
 319  120   154  236
 370   43   155  208
  43   35   155  202
  32   70   156  195
  70  117   156  235
 397   59   157  165
  59   75   157  224
  75  400   157  239
  87   86   160  245
 127   31   161  192
  25   24   164  185
 195   59   165  224
  81  440   166  242
  61  378   167  225
 222   88   168  245
 401   73   169  239
 368   39   170  206
  68   67   170  234
  45  329   174  210
  53  132   174  217
  76  209   177  240
 281   37   183  205
 157   83   185  243
 108   54   188  219
  46   47   190  212
 309   29   190  191
  72  285   194  238
  52  247   194  216
  69   70   195  235
  33   34   196  197
 315   55   198  219
  89  403   199  246
 231   36   200  204
 118   71   201  235
  43   42   202  208
  84  158   209  243
  48   49   211  213
 390   64   211  230
 134   85   212  244
  65   66   218  232
  74   75   224  239
  63  292   227  229
  79   80   231  241
  77   78   232  240
