2.41081 -5.36854
2.97845 -5.06557
2.991 -5.05749
3.98342 -4.32306
3.98768 -4.31207
3.99343 -4.28295
3.99504 -4.04641
3.98964 -4.025
3.98177 -4.00839
3.97386 -4.0013
1.12285 -1.47816
0.351729 -0.831302
0.299438 -0.831302
0.257834 -0.848206
-0.474055 -1.44209
-0.501184 -1.46456
-3.45642 -4.02281
-3.47351 -4.04707
-3.48115 -4.0604
-3.48833 -4.07451
-3.49229 -4.08659
-3.49229 -4.08659
-3.49175 -4.28673
-3.48765 -4.30226
-3.48026 -4.31964
-3.47248 -4.33568
-3.46004 -4.35588
-3.45063 -4.36427
-2.58246 -5.02093
-2.56864 -5.03036
-1.97238 -5.36627
