2.32022 -6.10421
2.97548 -5.79845
2.98574 -5.79151
2.9886 -5.78934
3.7663 -5.0809
3.7731 -5.07222
3.78363 -5.0577
3.79206 -5.0454
3.79935 -5.03084
3.79734 -4.7746
3.7973 -4.76874
3.79093 -4.7582
3.7809 -4.74554
3.76973 -4.73207
3.75701 -4.71769
0.849743 -2.19482
0.823757 -2.17244
0.119817 -1.61862
-0.00588334 -1.61862
-0.743432 -2.23215
-0.74761 -2.23595
-3.53242 -4.7932
-3.54366 -4.80682
-3.55986 -4.82844
-3.56971 -4.84322
-3.57171 -4.8465
-3.57715 -4.85671
-3.57902 -4.86376
-3.58052 -5.10238
-3.58052 -5.10238
-3.57872 -5.10602
-3.57336 -5.11285
-3.57143 -5.11513
-3.56183 -5.12595
-3.54555 -5.14326
-3.53477 -5.15422
-2.79054 -5.82702
-2.78891 -5.82847
-2.78566 -5.83055
-2.1225 -6.11861
