1.98164 -5.36809
2.55984 -5.07469
2.56691 -5.07015
2.57228 -5.06633
3.4486 -4.34137
3.45131 -4.33838
3.47289 -4.31386
3.49214 -4.29156
3.50567 -4.27448
3.51528 -4.26112
3.52382 -4.24696
3.52883 -4.23421
3.53115 -4.05178
3.52625 -4.03925
3.51712 -4.02432
3.50767 -4.01137
3.49468 -3.99524
3.48847 -3.98815
0.62004 -1.47602
0.614214 -1.47117
-0.180227 -0.831302
-0.223431 -0.831302
-0.240099 -0.837565
-0.261846 -0.847195
-0.292069 -0.864201
-0.440136 -0.980622
-1.084 -1.50805
-3.91089 -4.01103
-3.91936 -4.01982
-3.93483 -4.03618
-3.94978 -4.05286
-3.955 -4.06002
-3.95635 -4.06382
-3.95635 -4.06382
-3.95533 -4.29935
-3.95391 -4.30696
-3.94846 -4.318
-3.93365 -4.33923
-3.91846 -4.3589
-3.91502 -4.36319
-3.07831 -5.06122
-2.4573 -5.36735
