2.59033 -5.37013
3.17015 -5.06557
3.18266 -5.05749
3.19087 -5.05173
4.11042 -4.33628
4.12069 -4.32126
4.13558 -4.29567
4.14883 -4.27098
4.15727 -4.25083
4.15904 -4.23522
4.15984 -4.07578
4.15822 -4.06842
4.14997 -4.05554
4.13703 -4.0383
4.12211 -4.01939
4.11028 -4.0057
4.10402 -4.00002
1.32411 -1.49122
1.30882 -1.47816
0.528256 -0.831302
0.467332 -0.831302
0.440313 -0.848206
-0.306928 -1.44209
-3.28193 -4.03545
-3.29034 -4.04388
-3.31022 -4.06441
-3.31206 -4.06635
-3.32259 -4.07772
-3.33057 -4.08766
-3.33378 -4.09307
-3.33478 -4.09598
-3.33478 -4.09598
-3.33466 -4.26652
-3.33371 -4.27021
-3.33038 -4.27722
-3.3222 -4.28911
-3.31156 -4.30196
-3.30967 -4.30417
-3.28949 -4.32715
-3.27931 -4.33831
-2.47398 -5.03126
-1.7885 -5.36649
