2.08634 -5.36809
2.67199 -5.02023
3.62457 -4.34274
3.62474 -4.34137
3.62483 -4.33838
3.62722 -4.01938
3.62436 -3.99954
3.62191 -3.98823
0.733335 -1.51121
0.682402 -1.46805
-0.0735143 -0.831302
-0.109119 -0.831302
-0.124474 -0.837565
-0.147985 -0.847195
-0.189307 -0.864201
-0.191261 -0.865033
-0.917127 -1.47155
-3.86288 -4.01044
-3.8643 -4.01618
-3.86527 -4.02937
-3.86527 -4.02937
-3.86477 -4.33198
-3.86376 -4.34641
-3.86096 -4.35843
-3.85953 -4.36251
-2.93702 -5.01035
-2.89561 -5.03844
-2.36544 -5.36735
