2.68075 -5.36889
3.28401 -5.04042
3.29961 -5.0305
3.32431 -5.01265
4.14024 -4.37689
4.14464 -4.37077
4.15954 -4.348
4.16275 -4.34276
4.17336 -4.32403
4.18003 -4.30874
4.18087 -4.29662
4.18151 -4.07598
4.18071 -4.06244
4.17325 -4.04412
4.16464 -4.02798
4.1618 -4.02309
4.16051 -4.02101
1.36317 -1.53653
0.533662 -0.837565
0.518223 -0.831302
0.459791 -0.831302
-0.281549 -1.43437
-3.29276 -4.02783
-3.30421 -4.04442
-3.31122 -4.05611
-3.31286 -4.05963
-3.31639 -4.06914
-3.31715 -4.0798
-3.31715 -4.0798
-3.31653 -4.252
-3.3157 -4.26557
-3.31209 -4.2772
-3.31019 -4.28201
-3.30297 -4.29588
-3.2847 -4.32592
-3.2775 -4.3362
-2.35937 -5.05819
-2.35498 -5.06101
-1.76418 -5.36778
