2.32769 -5.36854
2.96741 -5.0201
2.97984 -5.01154
3.87828 -4.32255
3.89006 -4.30411
3.89886 -4.28708
3.90764 -4.26798
3.91218 -4.25329
3.91279 -4.24397
3.91445 -4.07087
3.91401 -4.06389
3.90983 -4.05206
3.9016 -4.03617
3.89323 -4.02167
3.88394 -4.00839
3.87602 -4.0013
1.01586 -1.46805
0.254738 -0.831302
0.206398 -0.831302
0.161956 -0.848206
0.138477 -0.865033
-0.600615 -1.47155
-0.611922 -1.48099
-3.57241 -4.02278
-3.57468 -4.027
-3.57857 -4.03652
-3.58167 -4.05142
-3.58167 -4.05142
-3.58147 -4.31214
-3.57838 -4.33037
-3.57405 -4.3429
-3.568 -4.35588
-3.55856 -4.36427
-2.67882 -5.03886
-2.05636 -5.36628
