2.25223 -6.10421
2.86882 -5.80475
3.648 -5.08843
3.65371 -5.08308
3.66937 -5.06702
3.68387 -5.05166
3.69641 -5.03784
3.70027 -5.03289
3.70128 -5.03054
3.69539 -4.75138
3.69427 -4.74871
3.6898 -4.7431
3.67745 -4.73006
3.66301 -4.71551
3.6506 -4.70347
0.728089 -2.16037
0.0486471 -1.61862
-0.0765261 -1.61862
-0.766598 -2.19971
-0.767713 -2.20067
-3.59519 -4.81132
-3.59639 -4.81252
-3.60818 -4.82449
-3.6255 -4.8424
-3.64104 -4.85937
-3.65418 -4.87418
-3.65666 -4.87735
-3.65931 -4.8813
-3.66015 -5.1102
-3.66015 -5.1102
-3.65757 -5.11359
-3.65502 -5.11658
-3.64202 -5.13043
-3.62678 -5.1463
-3.60958 -5.16353
-3.59832 -5.17465
-3.59653 -5.1764
-2.84685 -5.85827
-2.84613 -5.85873
-2.2459 -6.11858
