2.4129 -5.36854
3.08563 -5.06557
3.09845 -5.05749
3.97249 -4.32306
3.98226 -4.31207
4.00639 -4.28295
4.02076 -4.26324
4.02731 -4.25256
4.02945 -4.2472
4.03046 -4.06656
4.02993 -4.06591
4.02677 -4.06278
4.01835 -4.05486
4.01138 -4.04835
4.00548 -4.04288
3.98568 -4.02463
3.97093 -4.01109
1.20139 -1.49122
1.18703 -1.47816
0.396558 -0.831302
0.341284 -0.831302
0.301791 -0.848206
-0.449796 -1.44209
-0.477166 -1.46456
-3.3889 -4.02454
-3.3948 -4.03057
-3.41308 -4.04953
-3.42445 -4.06174
-3.43542 -4.07381
-3.44704 -4.08754
-3.45306 -4.09572
-3.45538 -4.10052
-3.4556 -4.26171
-3.4556 -4.26171
-3.45332 -4.26411
-3.44743 -4.26979
-3.43614 -4.28043
-3.42492 -4.2909
-3.41343 -4.30158
-3.39486 -4.31876
-3.38437 -4.32845
-2.62021 -5.02093
-2.60688 -5.03036
-1.90035 -5.36627
