2.14284 -5.36854
2.99848 -5.0201
3.00968 -5.01154
3.80065 -4.30486
3.80515 -4.29633
3.81079 -4.28306
3.8163 -4.26335
3.81715 -4.2482
3.81847 -4.05371
3.81786 -4.03637
3.81264 -4.0141
3.81033 -4.00788
0.994269 -1.51121
0.944334 -1.46805
0.15027 -0.831302
0.104338 -0.831302
0.0590008 -0.848206
0.0281705 -0.865033
-0.740021 -1.47155
-0.751352 -1.48099
-3.66627 -4.00786
-3.67051 -4.0167
-3.67343 -4.02742
-3.67602 -4.04235
-3.67602 -4.04235
-3.67576 -4.30482
-3.67318 -4.31733
-3.66993 -4.3276
-3.66425 -4.33833
-2.91159 -5.01035
-2.87794 -5.03844
-2.87712 -5.03886
-2.05409 -5.36628
