2.38856 -5.36854
3.15901 -5.06557
3.17196 -5.05749
3.17871 -5.05173
4.06042 -4.26357
4.06459 -4.25746
4.07044 -4.24514
4.07177 -4.04288
4.06618 -4.02463
4.05943 -4.01109
1.25304 -1.49122
1.2382 -1.47816
0.437042 -0.831302
0.37939 -0.831302
0.342442 -0.848206
-0.42061 -1.44209
-0.44792 -1.46456
-3.4057 -4.02454
-3.40814 -4.03057
-3.41464 -4.04953
-3.41692 -4.06174
-3.41792 -4.07381
-3.41798 -4.28043
-3.41798 -4.28043
-3.41695 -4.2909
-3.41465 -4.30158
-3.40802 -4.31876
-3.40368 -4.32845
-2.62925 -5.02093
-2.61655 -5.03036
-1.80749 -5.36627
