2.0519 -6.11831
2.64306 -5.82644
3.44323 -5.14792
3.44929 -5.14042
3.47154 -5.11019
3.48435 -5.08919
3.48707 -5.08326
3.48824 -5.07618
3.48674 -4.83202
3.48405 -4.82894
3.47865 -4.82351
3.47007 -4.81518
3.4619 -4.80731
3.44706 -4.7932
3.43442 -4.78123
3.41037 -4.75865
0.58924 -2.18279
0.578644 -2.17313
-0.0895127 -1.61862
-0.212246 -1.61862
-0.935908 -2.20002
-3.82893 -4.7387
-3.83739 -4.74684
-3.85506 -4.76413
-3.8601 -4.76913
-3.87628 -4.78538
-3.88462 -4.79412
-3.88919 -4.79933
-3.89224 -4.80309
-3.89302 -4.80488
-3.89516 -5.052
-3.89516 -5.052
-3.89189 -5.05898
-3.88445 -5.06861
-3.8755 -5.07956
-3.86365 -5.09307
-3.83619 -5.12309
-3.81229 -5.14821
-3.11926 -5.78302
-3.11319 -5.78749
-3.11157 -5.78857
-2.44062 -6.10241
