2.5734 -5.36804
3.25619 -5.05973
3.27782 -5.04501
3.31747 -5.01202
4.06446 -4.37893
4.07024 -4.37251
4.08294 -4.35778
4.0977 -4.33949
4.10747 -4.32464
4.10916 -4.31741
4.11051 -4.08215
4.10752 -4.07807
4.09684 -4.06688
4.08186 -4.05207
4.06325 -4.03399
4.06144 -4.03225
4.04142 -4.01303
4.02939 -4.00159
1.27935 -1.51672
1.26903 -1.50805
0.620459 -0.980622
0.450762 -0.847195
0.435273 -0.837565
0.418191 -0.831302
0.364615 -0.831302
-0.435598 -1.47117
-3.31449 -4.02786
-3.32404 -4.03642
-3.34284 -4.05334
-3.35577 -4.065
-3.36271 -4.07128
-3.37332 -4.08092
-3.37868 -4.08584
-3.38168 -4.0887
-3.38285 -4.08994
-3.38285 -4.08994
-3.38231 -4.25481
-3.38112 -4.26289
-3.3781 -4.27282
-3.37251 -4.28393
-3.3617 -4.30125
-3.35454 -4.31194
-3.34125 -4.32997
-3.33577 -4.33714
-2.43632 -5.07015
-2.42918 -5.07469
-1.79679 -5.36779
