2.06758 -6.109
2.7523 -5.80731
2.75332 -5.80667
2.75699 -5.80344
3.49668 -5.12496
3.50613 -5.1114
3.51693 -5.09496
3.52383 -5.08234
3.52583 -5.07296
3.52157 -4.76739
3.51939 -4.7628
3.51223 -4.7542
3.50106 -4.74196
3.48962 -4.72974
3.47541 -4.71513
3.4743 -4.714
0.628494 -2.18292
0.628003 -2.18251
-0.0741812 -1.61862
-0.20037 -1.61862
-0.912233 -2.20073
-0.913934 -2.20225
-3.77707 -4.78775
-3.78943 -4.80205
-3.80943 -4.82648
-3.82043 -4.84105
-3.82656 -4.84968
-3.83217 -4.86173
-3.83427 -5.0976
-3.83427 -5.0976
-3.82886 -5.10299
-3.82292 -5.10853
-3.81217 -5.11847
-3.79272 -5.13628
-3.78264 -5.14546
-3.02853 -5.81565
-3.02066 -5.82127
-3.0166 -5.8239
-2.38546 -6.11488
