2.61232 -5.36889
3.41818 -5.04042
3.4322 -5.0305
4.19837 -4.35204
4.20189 -4.34132
4.2043 -4.32648
4.20449 -4.32247
4.20579 -4.05385
4.20564 -4.05006
4.20343 -4.03601
4.19832 -4.02041
1.46157 -1.56172
1.43288 -1.53653
0.570625 -0.837565
0.557137 -0.831302
0.495186 -0.831302
-0.273821 -1.43437
-0.2922 -1.44984
-3.28809 -4.03182
-3.29439 -4.05142
-3.2951 -4.06843
-3.2951 -4.06843
-3.29478 -4.25268
-3.29404 -4.26762
-3.28657 -4.28919
-3.28504 -4.2929
-2.45092 -5.04197
-2.4313 -5.05819
-2.42676 -5.06101
-1.64629 -5.36778
