2.66111 -5.36889
3.36956 -5.04042
3.38444 -5.0305
4.14098 -4.35204
4.1514 -4.34132
4.16539 -4.32648
4.16909 -4.32247
4.18213 -4.30794
4.19048 -4.29773
4.19431 -4.29181
4.19525 -4.28976
4.19586 -4.08475
4.19492 -4.08296
4.19106 -4.07756
4.18274 -4.06793
4.16965 -4.05385
4.16604 -4.05006
4.15246 -4.03601
4.137 -4.02041
1.43351 -1.56172
1.40573 -1.53653
0.555185 -0.837565
0.540641 -0.831302
0.480119 -0.831302
-0.279214 -1.43437
-0.297058 -1.44984
-3.25858 -4.03182
-3.27744 -4.05142
-3.29276 -4.06843
-3.2982 -4.07543
-3.30259 -4.08289
-3.30259 -4.08289
-3.30211 -4.24121
-3.29776 -4.24643
-3.29183 -4.25268
-3.27677 -4.26762
-3.25447 -4.28919
-3.25062 -4.2929
-2.42651 -5.04197
-2.40853 -5.05819
-2.40404 -5.06101
-1.71463 -5.36778
