1.89637 -5.36809
2.56911 -5.07469
2.57632 -5.07015
2.58142 -5.06633
3.46716 -4.27426
3.47178 -4.26821
3.48244 -4.25271
3.48876 -4.24163
3.49193 -4.23287
3.49407 -4.05272
3.49066 -4.04299
3.48442 -4.03196
3.47524 -4.01862
0.58442 -1.47602
0.578593 -1.47117
-0.230631 -0.831302
-0.277223 -0.831302
-0.294277 -0.837565
-0.31478 -0.847195
-0.338924 -0.864201
-0.493845 -0.980622
-1.1497 -1.50805
-1.15968 -1.51672
-3.97512 -4.00159
-3.98764 -4.02154
-3.99499 -4.03753
-3.99761 -4.04733
-3.99761 -4.04733
-3.9964 -4.30438
-3.99375 -4.31148
-3.98609 -4.32459
-3.96664 -4.3508
-3.96449 -4.35348
-3.19353 -5.04501
-3.17634 -5.05973
-3.17407 -5.06122
-2.46314 -5.36735
