2.6474 -5.37011
3.33732 -5.04295
4.16423 -4.3372
4.1719 -4.32872
4.18954 -4.30777
4.19968 -4.29463
4.20296 -4.2896
4.20715 -4.28205
4.20776 -4.27766
4.20823 -4.07813
4.20763 -4.0724
4.2035 -4.06361
4.20018 -4.05774
4.18997 -4.043
4.17265 -4.02051
4.16017 -4.0057
4.15391 -4.00002
1.44932 -1.56172
1.41984 -1.53653
0.5791 -0.837565
0.56961 -0.831302
0.507474 -0.831302
-0.240039 -1.43437
-0.258804 -1.44984
-3.25884 -4.03589
-3.26362 -4.04187
-3.27423 -4.05622
-3.28556 -4.07361
-3.2937 -4.08933
-3.2944 -4.09745
-3.2944 -4.09745
-3.29422 -4.25423
-3.29349 -4.26598
-3.2849 -4.28699
-3.27331 -4.30865
-3.26242 -4.32611
-3.25411 -4.3382
-2.36344 -5.04197
-2.34023 -5.05819
-2.33585 -5.06101
-1.73727 -5.3665
