2.63791 -5.36804
3.21145 -5.05973
3.23411 -5.04501
3.28109 -5.01202
4.13243 -4.37893
4.13464 -4.37251
4.13767 -4.35778
4.13978 -4.06322
4.137 -4.05295
4.12987 -4.03672
4.12102 -4.02064
1.29165 -1.51672
1.28143 -1.50805
0.649617 -0.980622
0.486827 -0.847195
0.473376 -0.837565
0.45666 -0.831302
0.401903 -0.831302
-0.377631 -1.47117
-3.34355 -4.02786
-3.34807 -4.03642
-3.35386 -4.05334
-3.3568 -4.065
-3.3568 -4.065
-3.35543 -4.31194
-3.35227 -4.32997
-3.35054 -4.33714
-2.33529 -5.07015
-2.32832 -5.07469
-1.80541 -5.36779
