2.51647 -5.37013
3.20149 -5.06557
3.21429 -5.05749
3.22211 -5.05173
4.09682 -4.26357
4.11723 -4.24391
4.1318 -4.22928
4.13479 -4.22574
4.13551 -4.06704
4.13257 -4.05767
4.11842 -4.03337
4.10251 -4.01109
1.31474 -1.49122
1.29943 -1.47816
0.503254 -0.831302
0.442762 -0.831302
0.412084 -0.848206
-0.348782 -1.44209
-0.37508 -1.46456
-3.32758 -4.02454
-3.33339 -4.03263
-3.3415 -4.04518
-3.35033 -4.06144
-3.35604 -4.0761
-3.35741 -4.08663
-3.35741 -4.08663
-3.35728 -4.27313
-3.35588 -4.28293
-3.35014 -4.29687
-3.34116 -4.31282
-3.33304 -4.32512
-3.33063 -4.32845
-2.56114 -5.02093
-2.55011 -5.03036
-2.54861 -5.03126
-1.76686 -5.36649
