2.01678 -6.11437
2.66691 -5.82503
2.68049 -5.81496
3.41623 -5.12984
3.44061 -5.10517
3.45132 -5.09397
3.4629 -5.08167
3.46996 -5.07375
3.47398 -5.06858
3.47595 -5.06553
3.47371 -4.81373
3.46933 -4.80484
3.45677 -4.78841
3.43501 -4.76333
3.41884 -4.74583
0.5692 -2.18279
0.557866 -2.17313
-0.109962 -1.61862
-0.234818 -1.61862
-0.95406 -2.20002
-0.966049 -2.21003
-3.84224 -4.77089
-3.8491 -4.77724
-3.85933 -4.78677
-3.87604 -4.80251
-3.89116 -4.81722
-3.89553 -4.82212
-3.89818 -5.06714
-3.89818 -5.06714
-3.89465 -5.07066
-3.88361 -5.08093
-3.87302 -5.09068
-3.86199 -5.10082
-3.8487 -5.11298
-3.82781 -5.13204
-3.81005 -5.14821
-3.10582 -5.78302
-3.10086 -5.78749
-3.09924 -5.78857
-2.46208 -6.10763
