2.24757 -5.36854
2.99937 -5.0201
3.01126 -5.01154
3.79282 -4.30486
3.80196 -4.29633
3.81607 -4.28306
3.83686 -4.26335
3.85264 -4.2482
3.8596 -4.24137
3.86456 -4.23624
3.86663 -4.23357
3.86763 -4.07487
3.86555 -4.06954
3.86052 -4.06223
3.85361 -4.05371
3.83838 -4.03637
3.81786 -4.0141
3.81195 -4.00788
1.03379 -1.51121
0.985494 -1.46805
0.20362 -0.831302
0.156224 -0.831302
0.111087 -0.848206
0.0837827 -0.865033
-0.67401 -1.47155
-0.685392 -1.48099
-3.56983 -4.00786
-3.57933 -4.0167
-3.59065 -4.02742
-3.60627 -4.04235
-3.61642 -4.05233
-3.62201 -4.05811
-3.62648 -4.06345
-3.62665 -4.29222
-3.62665 -4.29222
-3.61894 -4.30101
-3.60829 -4.31214
-3.5899 -4.33037
-3.57704 -4.3429
-3.56354 -4.35588
-3.55423 -4.36427
-2.79327 -5.03886
-2.06655 -5.36628
