2.4807 -5.36804
3.26525 -5.05973
3.28562 -5.04501
4.06077 -4.35348
4.06811 -4.34117
4.0688 -4.33987
4.07424 -4.3276
4.07566 -4.31878
4.07707 -4.06688
4.07578 -4.05207
4.07052 -4.03399
4.06989 -4.03225
4.06168 -4.01303
4.05566 -4.00159
1.25305 -1.51672
1.24272 -1.50805
0.584504 -0.980622
0.409758 -0.847195
0.392401 -0.837565
0.375139 -0.831302
0.323333 -0.831302
-0.488793 -1.47117
-0.49443 -1.47602
-3.39658 -4.01862
-3.39822 -4.02132
-3.40476 -4.03387
-3.41214 -4.05226
-3.41478 -4.06399
-3.41478 -4.06399
-3.41421 -4.25317
-3.41151 -4.25872
-3.40333 -4.27036
-3.40019 -4.27426
-2.51505 -5.06633
-2.51067 -5.07015
-2.50342 -5.07469
-1.76848 -5.36779
