2.6099 -5.37011
3.39862 -5.04295
3.40296 -5.04042
3.41478 -5.0305
4.17503 -4.35204
4.1867 -4.33702
4.20011 -4.31755
4.20667 -4.30656
4.21158 -4.2958
4.21351 -4.28665
4.21419 -4.07277
4.21231 -4.06479
4.20737 -4.05485
4.20086 -4.0446
4.18842 -4.0274
4.18279 -4.02041
1.46952 -1.56172
1.43998 -1.53653
0.582648 -0.837565
0.571701 -0.831302
0.508939 -0.831302
-0.254125 -1.43437
-0.272968 -1.44984
-3.23911 -4.03182
-3.24245 -4.03552
-3.25598 -4.05087
-3.26963 -4.06737
-3.28345 -4.08486
-3.28971 -4.09399
-3.29155 -4.09987
-3.29172 -4.24383
-3.29172 -4.24383
-3.28993 -4.247
-3.28374 -4.25394
-3.27007 -4.26831
-3.25624 -4.28255
-3.24592 -4.2929
-2.41922 -5.04197
-2.39696 -5.05819
-2.39248 -5.06101
-1.68229 -5.3665
