2.09985 -5.36809
2.89834 -5.02023
2.89849 -5.0201
2.90799 -5.01154
3.69174 -4.30486
3.70084 -4.29658
3.71746 -4.28139
3.72193 -4.27722
3.72304 -4.06368
3.71855 -4.05434
3.70192 -4.03159
3.68825 -4.01474
3.68232 -4.00788
0.8831 -1.51121
0.831539 -1.46805
0.0392354 -0.831302
-0.00228256 -0.831302
-0.0465332 -0.848206
-0.0833671 -0.865033
-0.847085 -1.47155
-0.857945 -1.48099
-3.73805 -4.00786
-3.74412 -4.01587
-3.7566 -4.03413
-3.76914 -4.05392
-3.77237 -4.06236
-3.77239 -4.28882
-3.77239 -4.28882
-3.76932 -4.29598
-3.7565 -4.31483
-3.74343 -4.3328
-3.73903 -4.33833
-2.98963 -5.01035
-2.95127 -5.03844
-2.17147 -5.36735
