2.10462 -5.36809
2.80051 -5.02023
3.65655 -4.34274
3.66208 -4.33268
3.66858 -4.31809
3.67428 -4.29884
3.67577 -4.05838
3.67037 -4.04498
3.66406 -4.03397
3.65417 -4.01938
3.6393 -3.99954
3.63052 -3.98823
0.812669 -1.51121
0.76114 -1.46805
-0.0172339 -0.831302
-0.0558488 -0.831302
-0.0988248 -0.848206
-0.138071 -0.865033
-0.886965 -1.47155
-3.77837 -4.01044
-3.78336 -4.01618
-3.79416 -4.02937
-3.80939 -4.04989
-3.81509 -4.05916
-3.81803 -4.06719
-3.81808 -4.28868
-3.81808 -4.28868
-3.81523 -4.29802
-3.80963 -4.30838
-3.79382 -4.33198
-3.78298 -4.34641
-3.77327 -4.35843
-3.76981 -4.36251
-2.97965 -5.01035
-2.93955 -5.03844
-2.28095 -5.36735
