2.1813 -6.109
2.77948 -5.80408
2.79008 -5.7962
3.54448 -5.12021
3.54879 -5.11585
3.57063 -5.09342
3.58514 -5.07816
3.59323 -5.06933
3.59967 -5.06185
3.60642 -5.05279
3.60088 -4.74723
3.6001 -4.74594
3.59665 -4.74253
3.58962 -4.73592
3.57809 -4.72532
3.56779 -4.71589
3.54921 -4.69906
3.53799 -4.68891
3.53113 -4.68276
0.660385 -2.16246
0.657847 -2.16037
-0.0200268 -1.61862
-0.144807 -1.61862
-0.839052 -2.19971
-3.34477 -4.49356
-3.68622 -4.80613
-3.70819 -4.82811
-3.72773 -4.84827
-3.73637 -4.85752
-3.74082 -4.86265
-3.7463 -4.86946
-3.74686 -4.87068
-3.74905 -5.10422
-3.74905 -5.10422
-3.74841 -5.1065
-3.74432 -5.11178
-3.73777 -5.11916
-3.72379 -5.13402
-3.70821 -5.15008
-3.68421 -5.17416
-3.678 -5.18036
-2.95096 -5.85457
-2.94581 -5.85827
-2.94508 -5.85873
-2.3326 -6.11499
