# POLYHEDRON:
# num_vertices   num_facets   num_edges
   508  256  762
# vertices:
#   id   x y z
   0  -3.702148746390  0.637079924278 -4.775843763309
   1  -3.678652937164  0.717953030089 -4.775843763309
   2  -3.697421668596  0.688261425266 -4.780032691162
   3  -3.704731482608  0.653072594715 -4.778829402373
   4  -3.369549962258  0.670503992106 -4.499518725586
   5  -3.398696854473  0.570179731060 -4.499518725586
   6  -3.372012386154  0.649758902795 -4.493555842999
   7  -3.430008884959  0.794653389902 -4.597963791633
   8  -3.512250969771  0.511574277225 -4.597963791633
   9  -3.405409378314  0.557095837100 -4.502487856436
  10  -3.498995531126  0.837264314300 -4.672011269382
  11  -3.593568738347  0.511741199897 -4.672011269382
  12   0.409604615693  2.052396315338 -6.118396347970
  13   0.472164783452  2.035867350722 -6.118311132700
  14   1.830004882892  0.981603450156 -6.114369803444
  15   1.843836706128  0.957258068562 -6.114288734117
  16   2.067260399817 -0.718981775890 -6.109120589889
  17   1.024996880175 -2.102735593137 -6.105550404098
  18  -0.659257318337 -2.367894246817 -6.105708770515
  19  -2.057802327450 -1.386184011812 -6.109454992833
  20  -2.385460563361  0.356611608314 -6.114882460497
  21  -2.377956431026  0.393930915957 -6.114990440864
  22  -1.383166580320  1.776746548554 -6.118584747065
  23  -1.361491113312  1.789353592626 -6.118610362017
  24   3.442613216837 -0.916004687605 -5.106675453736
  25   3.437000396054 -0.913335563627 -4.707108105743
  26   3.416535876609 -1.003742430708 -4.690622671597
  27   3.411938195865 -1.024313870170 -4.690660043052
  28   3.404737722859 -1.056925948793 -4.696399288277
  29   3.408424070581 -1.069596208979 -5.115853224026
  30   3.413316267379 -1.048012568517 -5.120208421469
  31   3.421135295942 -1.013093070720 -5.121083304190
  32   2.876012170305 -2.257570857713 -5.096483933070
  33   2.869930845041 -2.252497459221 -4.688906310214
  34   2.851718551421 -2.276555347170 -4.682761232503
  35   2.793701436145 -2.354312524670 -4.697787002803
  36   2.794654095028 -2.365666411585 -5.088339514697
  37   2.851961561683 -2.289845684086 -5.103984619279
  38  -2.183196417733 -3.227208281933 -5.123093782551
  39  -2.178179397050 -3.226697782541 -4.762481033795
  40  -2.271178713643 -3.161137678073 -4.744694822090
  41  -2.346376893106 -3.108487650162 -4.762574636482
  42  -2.351375271315 -3.109110325152 -5.132038361682
  43  -2.285834733124 -3.155353978112 -5.148207669428
  44   3.495134020920  0.322976292620 -5.122343847221
  45   3.489617865790  0.325283301729 -4.729740295963
  46   3.501062569447  0.223101630550 -4.741958531336
  47   3.506128284310  0.222063392482 -5.111402908247
  48   3.496684559501  0.309249544164 -5.124962327189
  49   1.885125464829 -3.240248098309 -5.067016471219
  50   1.881499202038 -3.234955128736 -4.715508113377
  51   1.819642072086 -3.273950705035 -4.703466709518
  52   1.804459577769 -3.283589422739 -4.703633979099
  53   1.727071637663 -3.333066061495 -4.720517202146
  54   1.730402138095 -3.338451225284 -5.067605139171
  55   1.804542088827 -3.291734862822 -5.083077676382
  56   0.560301461329 -3.785219298705 -5.072222834391
  57   0.573475245011 -3.777392923871 -4.732072497551
  58   0.486111586721 -3.792406551618 -4.717685880525
  59   0.416684211517 -3.804739473695 -4.730972993960
  60   0.414484445532 -3.810527094886 -5.063524143436
  61   0.511799922127 -3.793825232158 -5.080903847019
  62   3.011691005916  1.749162855183 -5.119708113043
  63   3.007524750876  1.749522910888 -4.753884291213
  64   3.037078654892  1.697859670362 -4.761800569073
  65   3.040471986625  1.698833389858 -5.126502101152
  66   3.035257590724  1.708012611891 -5.128473037205
  67  -2.059133411225  2.987966040588 -5.174646966604
  68  -2.059248739793  2.985261556976 -4.812523211462
  69  -2.054016585967  2.988360999734 -4.811324323582
  70  -2.033960133295  3.000272624660 -4.810919851847
  71  -1.920846096761  3.067621688289 -4.832004793785
  72  -1.921126769359  3.069781462079 -5.151615014143
  73  -2.038192588952  3.000418146103 -5.176319556216
  74  -2.051226508925  2.992675901241 -5.176398827915
  75  -3.162602386058  1.954659618022 -5.174164083798
  76  -3.155230572526  1.962320513932 -4.819935968223
  77  -3.138776241975  1.985695143161 -4.815237157164
  78  -3.116304973843  2.017728974722 -4.822808754560
  79  -3.124426561100  2.008974455010 -5.173679665438
  80  -3.144001201163  1.981175867376 -5.180356567391
  81  -3.768997728970 -0.853304409180 -5.128554186827
  82  -3.765699773134 -0.855974703373 -4.800333762419
  83  -3.777074408581 -0.783462002551 -4.787747540539
  84  -3.789426148778 -0.706267418080 -4.802054314518
  85  -3.792721200912 -0.703947800658 -5.136284041108
  86  -3.782638658591 -0.768114194377 -5.145464554603
  87  -0.775979415923  3.475882363662 -5.143263214791
  88  -0.774600029593  3.474342517060 -4.806816540008
  89  -0.704040379371  3.485446898522 -4.793198621923
  90  -0.635498276086  3.496364049427 -4.804899064460
  91  -0.637543961219  3.497793986772 -5.140508048585
  92  -0.707550426981  3.486777692136 -5.154216093224
  93  -3.250529661659 -2.147844441647 -5.106961357645
  94  -3.247773100935 -2.145376665635 -4.777242593396
  95  -3.267207056085 -2.113529199959 -4.770893791499
  96  -3.288082518234 -2.079470466657 -4.771221557846
  97  -3.320765494977 -2.026376904131 -4.782591111510
  98  -3.320497200292 -2.033722596120 -5.109555176078
  99  -3.292949166928 -2.078843950705 -5.117461993050
 100  -3.284184532400 -2.093142956415 -5.117292642081
 101   0.780686861172  3.416985789703 -5.143759578643
 102   0.777347741812  3.415698487294 -4.789138302047
 103   0.832894597329  3.401487949653 -4.797649111952
 104   0.839970544800  3.401744149370 -5.140423186284
 105   0.804509781708  3.410894260194 -5.147919319910
 106   0.803110446143  3.411253601634 -5.147928105661
 107  -0.952072139317 -3.765749821127 -5.078348388201
 108  -0.950376094283 -3.761096601726 -4.741291886961
 109  -0.965593571605 -3.757402681676 -4.738592521038
 110  -0.984958798110 -3.752755178916 -4.738704206306
 111  -1.029501680186 -3.742183551021 -4.746841670199
 112  -1.031224441268 -3.746858922908 -5.085800886158
 113  -1.024185789367 -3.748564150914 -5.086826441419
 114  -0.989765521234 -3.756813740193 -5.085894882164
 115  -3.764597790353  0.513507889347 -5.157232466084
 116  -3.763794937463  0.519043138563 -4.827293867036
 117  -3.747949802435  0.602151004066 -4.816161458707
 118  -3.746766623460  0.606937610803 -5.168307679556
 119  -3.749072926556  0.594837656930 -5.170767432139
 120   2.095786531362  2.773645045018 -5.126632966770
 121   2.090287335406  2.774999118566 -4.776737318996
 122   2.223240655433  2.668658606171 -4.796823586062
 123   2.227755733838  2.667730556129 -5.105166344180
 124   2.109334017639  2.762819400887 -5.129836431637
 125  -3.539875542673  1.265378996402 -5.104044290465
 126  -3.540963434936  1.257505302185 -4.869464218407
 127  -3.520426153346  1.304991870957 -4.870677059698
 128  -3.519539967677  1.312375720818 -5.104218627390
 129  -2.742679563994  2.454552875680 -5.109358769124
 130  -2.746426772467  2.450047591311 -4.882918069827
 131  -2.625581077915  2.560000861018 -4.881295244461
 132  -2.623008146075  2.563449579013 -5.110204406076
 133   1.471052041995  3.160387310726 -5.072008432891
 134   1.473271657638  3.157822594772 -4.828940491384
 135   1.564695520350  3.111207763926 -4.823507677349
 136   1.565070105276  3.112480936379 -5.071706939792
 137   0.001214171667  3.525497729303 -5.082728781790
 138  -0.001324560033  3.524632776479 -4.846095793939
 139   0.124477590641  3.520676711034 -4.845451173371
 140   0.131523704816  3.521391534364 -5.079960307412
 141   3.228417790279 -1.615573071855 -5.052789032309
 142   3.223851300022 -1.612202329956 -4.747226587318
 143   3.164764154344 -1.743009289029 -4.745944854018
 144   3.166611212424 -1.752379304980 -5.050972499037
 145  -2.785680395758 -2.726648504492 -5.070658396913
 146  -2.783399130124 -2.725136049289 -4.819956268963
 147  -2.899976486811 -2.601027861509 -4.822124329127
 148  -2.902450004150 -2.602246194776 -5.067140810729
 149  -0.172346238347 -3.852041206885 -5.013591396706
 150  -0.177364836521 -3.848514152969 -4.790493614600
 151  -0.326784600614 -3.843836709615 -4.791702810686
 152  -0.322135481795 -3.847355320265 -5.015010365137
 153   3.358996832937  0.948983405807 -4.786988496981
 154   3.362683878267  0.947464932380 -5.058375743993
 155   3.318709897618  1.082793657534 -5.058119761607
 156   3.313856416702  1.088189569816 -4.794671102611
 157  -3.618648181950 -1.394184187199 -4.840818979959
 158  -3.619494923760 -1.397521560663 -5.072271679398
 159  -3.572141569947 -1.522785172605 -5.070055880452
 160  -3.571308013901 -1.519426072669 -4.839149578003
 161   1.120297693656 -3.626304870027 -4.775346380087
 162   1.151564401383 -3.617249814718 -5.020399996630
 163   1.293233102515 -3.561174663929 -5.021539342497
 164   1.267155265692 -3.568121909744 -4.772550035786
 165  -1.478712558057  3.274541280281 -5.107392481695
 166  -1.477302389332  3.273360017399 -4.864142074837
 167  -1.291378029103  3.343612317970 -4.863764491247
 168  -1.293338671797  3.344552920038 -5.102380974261
 169   2.602549277838  2.304302297419 -5.065527146312
 170   2.600326521501  2.303418616321 -4.813725601565
 171   2.706994243062  2.178403803384 -4.804844607750
 172   2.707891218401  2.180988766020 -5.067407535432
 173   2.244297246854 -2.951869939392 -4.751382747961
 174   2.248776162642 -2.955750437029 -5.030541928088
 175   2.372589293883 -2.839509947026 -5.031500916402
 176   2.369153858569 -2.834612222872 -4.751052932449
 177  -1.596863611228 -3.552818292657 -5.051995671961
 178  -1.597645232102 -3.550120609390 -4.804876060735
 179  -1.742271676592 -3.482059325486 -4.804319747017
 180  -1.740713467437 -3.485193578880 -5.058984362561
 181  -3.830899002616 -0.100555264057 -4.863829163797
 182  -3.833004330592 -0.103273929801 -5.098456101983
 183  -3.834268867462 -0.184248357503 -5.097601701235
 184  -3.832171358899 -0.182723973660 -4.861730104736
 185   3.520556665085 -0.308307624016 -5.068593974584
 186   3.516378883104 -0.304695386733 -4.765987632779
 187   3.509547918819 -0.412349193445 -4.762005988104
 188   3.513866726618 -0.414699421540 -5.068845816978
 189  -2.359587312404  2.776238027345 -5.130434087649
 190  -2.362630508009  2.772174875495 -4.859367912862
 191  -2.223581104483  2.876464802259 -4.842399213560
 192  -2.221824061032  2.879777677557 -5.146298667109
 193   1.184787706992  3.284654705256 -4.829126270303
 194   1.184894510628  3.286547026366 -5.089191444048
 195   1.018536517014  3.346595452387 -5.110185385939
 196   1.016717387731  3.345080865955 -4.817963095202
 197  -3.690242289934  0.837799697427 -5.132082215338
 198  -3.694409648207  0.819151951819 -4.828108668386
 199  -3.646920965022  0.973854638515 -4.848266743770
 200  -3.644663160159  0.985701887379 -5.116882937911
 201   3.025705757695 -2.017436015846 -5.065169408134
 202   3.019792349164 -2.014505375437 -4.725316387250
 203   2.974802003582 -2.090221451803 -4.715894793763
 204   2.980938669806 -2.093427088695 -5.072898731836
 205   0.362124571990  3.498655615105 -5.089358783822
 206   0.361434650849  3.497234518268 -4.829495125712
 207   0.541385708100  3.468602916797 -4.807394392708
 208   0.541143850676  3.470402427175 -5.106454758094
 209  -0.607233518941 -3.822454294313 -5.032524123921
 210  -0.606510229852 -3.819076819715 -4.779927994091
 211  -0.664177165780 -3.810797780945 -4.774715667426
 212  -0.669261769512 -3.813721208979 -5.039407421624
 213   3.428116023816  0.699902043247 -5.072218333953
 214   3.423643600598  0.703169644443 -4.760751965342
 215   3.457707690347  0.537162793686 -4.734963415994
 216   3.463380335356  0.530670195549 -5.090113363048
 217  -3.289270345013  1.756440365315 -4.852235416617
 218  -3.301717603142  1.739495635031 -5.134024107119
 219  -3.371992332082  1.616033578737 -5.119157119248
 220  -3.364830530145  1.624175998782 -4.864179109627
 221  -2.864816999768  2.327855109628 -4.874674139350
 222  -2.866625981347  2.326676660856 -5.118780735722
 223  -2.940473209769  2.242951910803 -5.129537405602
 224  -2.937170609015  2.245749964412 -4.864589150006
 225  -2.515930062925 -2.977432386953 -5.100815652920
 226  -2.511904068381 -2.976772887755 -4.792417592688
 227  -2.584304713622 -2.913071291381 -4.801808155551
 228  -2.588513951935 -2.913302806819 -5.090683896407
 229  -3.009361874182 -2.477127795109 -5.070673150626
 230  -3.007080628954 -2.475542719674 -4.817223137311
 231  -3.132088564533 -2.314120640690 -4.802505718579
 232  -3.134967115355 -2.315430645540 -5.083673222248
 233   0.228686529965 -3.833584666161 -5.038526406160
 234   0.227859882950 -3.829058206686 -4.759019309290
 235   0.069661843679 -3.841784445947 -4.775807539348
 236   0.069459401623 -3.845877882519 -5.024024210634
 237   1.824473749745  2.962265244532 -5.085805966831
 238   1.821558720108  2.962264952032 -4.793198665896
 239   1.894227992154  2.916071944758 -4.781229346364
 240   1.898378986777  2.915410193957 -5.093181778210
 241  -1.071756066066  3.409021342133 -5.112850137205
 242  -1.069834195417  3.407912027459 -4.846501208727
 243  -1.039274362117  3.415738693937 -4.843216632163
 244  -1.041813552050  3.416722991241 -5.115129835117
 245   3.220709229056  1.330700253582 -4.795851499729
 246   3.223580235211  1.330687948720 -5.070639371281
 247   3.197533154442  1.388522576783 -5.076993031399
 248   3.194494203611  1.388690050623 -4.792818462388
 249  -3.690647581599 -1.176449683456 -5.086487200106
 250  -3.689081611927 -1.174716051243 -4.833159294281
 251  -3.716453387943 -1.074438971299 -4.825594018107
 252  -3.718701221617 -1.074214880353 -5.097086342162
 253   0.897128033557 -3.703379557084 -5.030841139312
 254   0.902267665090 -3.699552018581 -4.768742494843
 255   0.773658186524 -3.734638163178 -4.758197112072
 256   0.745295537798 -3.745050746449 -5.045401236014
 257  -1.390328762590 -3.633237057389 -4.794120834751
 258  -1.361267645685 -3.646965742335 -5.054711573581
 259  -1.297121482928 -3.668983320991 -5.058534627276
 260  -1.302739830831 -3.663098631031 -4.785375229422
 261  -3.439650830695 -1.812013587367 -5.084152052693
 262  -3.437999258914 -1.809567815589 -4.815302534320
 263  -3.485925452602 -1.711968231395 -4.825930194871
 264  -3.486967158945 -1.715273049669 -5.076946976699
 265   2.542298247860 -2.654476503352 -4.739392740925
 266   2.545578083306 -2.660233424204 -5.044486343126
 267   2.676728817091 -2.512041164894 -5.062805400443
 268   2.673582206790 -2.505034200080 -4.722334503621
 269  -0.402727625479  3.519002417671 -5.109078481100
 270  -0.397622906113  3.518120819204 -4.830634032348
 271  -0.371492011850  3.519774113460 -4.832781870862
 272  -0.377392652578  3.520584530415 -5.106340095717
 273   3.314509999467 -1.375015125906 -4.736290573956
 274   3.319819437267 -1.377866344131 -5.069334538503
 275   3.344364881528 -1.302831994803 -5.078163200780
 276   3.339825972537 -1.296677943528 -4.728956576791
 277   2.913665829144  1.897581136150 -4.763331005130
 278   2.916820645941  1.898229255692 -5.094629740674
 279   2.813430867119  2.045063247898 -5.076908157175
 280   2.810719352403  2.044447979584 -4.788407400333
 281   2.385033894392  2.526375402850 -5.081670254633
 282   2.380804330607  2.527441470849 -4.811062008769
 283   2.456169534592  2.454445375876 -4.814441068715
 284   2.460213361405  2.453432620136 -5.073745562576
 285   1.538414929526 -3.445390146364 -5.039557787672
 286   1.535915885507 -3.440743794218 -4.750317617676
 287   1.469954432943 -3.474506415591 -4.757821784956
 288   1.473145457455 -3.478508203204 -5.032795442025
 289   3.463107538247 -0.765526010974 -4.727501427728
 290   3.468313207086 -0.767404837309 -5.091239062449
 291   3.499059468734 -0.549652984119 -5.074995255306
 292   3.494368333919 -0.548374520325 -4.751131924795
 293  -2.019838542695 -3.327404758097 -4.784034823839
 294  -2.022867711256 -3.328648436439 -5.093074920626
 295  -1.933216982411 -3.381534998146 -5.079560029327
 296  -1.928495156715 -3.381515908043 -4.793282440607
 297  -3.805474812161  0.248550404877 -4.854520312762
 298  -3.809531074649  0.223264911189 -5.118241503665
 299  -3.823505651308  0.096163360829 -5.106237921298
 300  -3.820462890937  0.113149709849 -4.862799225842
 301   2.100628909702 -3.082600583501 -5.037842186570
 302   2.087242328991 -3.085750524556 -4.743095752389
 303   1.978185783163 -3.167327366022 -4.730063449009
 304   1.985587870022 -3.169299376389 -5.051660699399
 305  -3.826558979787 -0.357824581275 -4.849678147530
 306  -3.828859162058 -0.357948110223 -5.102992084080
 307  -3.822915993815 -0.434105038378 -5.108531444103
 308  -3.820432118920 -0.434674366126 -4.841052874655
 309  -1.747683313928  3.159861832265 -5.125879243342
 310  -1.747811882038  3.157782919112 -4.853116225069
 311  -1.655394680744  3.199553454769 -4.858861948236
 312  -1.656445334636  3.200996721890 -5.117694765037
 313   3.521571458551 -0.140097481839 -4.767389347060
 314   3.525830020487 -0.142474669141 -5.072955039295
 315   3.523830823820 -0.006962201004 -5.082336767413
 316   3.519389991276 -0.005271904162 -4.762795757730
 317   1.246222210444  3.262221576203 -5.083263700729
 318   1.249388548903  3.259094808345 -4.831463405422
 319   1.357636710712  3.212255551086 -4.832023222030
 320   1.352978713795  3.215974462126 -5.076175193283
 321   0.215726009305  3.514774814543 -5.081834596605
 322   0.213076718461  3.513680341522 -4.841115768590
 323   1.055537420690 -3.651841016671 -5.022555029373
 324   1.050222193974 -3.651526895049 -4.774599833174
 325  -3.413888007526  1.531631836183 -4.869354995693
 326  -3.417504632250  1.529920099974 -5.111783144632
 327  -3.467160829252  1.428435513798 -5.106495838226
 328  -3.467402214927  1.422453439743 -4.871821368882
 329  -3.613939964299  1.075308908095 -5.110332571402
 330  -3.615717643087  1.065173003153 -4.857518642788
 331  -3.588664890897  1.136876348975 -4.862653409864
 332  -3.587918938420  1.144108181189 -5.107382738401
 333   3.289290897937 -1.462267028892 -5.061848174868
 334   3.284125623421 -1.459701691065 -4.741792132241
 335  -0.011140099524 -3.849596268623 -5.019004440889
 336  -0.013323590646 -3.845804503593 -4.782284437742
 337  -3.056794432793  2.098940782095 -5.154759872732
 338  -3.052846281238  2.102350370924 -4.840221663758
 339  -3.009897129257  2.157776341816 -4.850752421433
 340  -3.012941283319  2.155417160121 -5.143760431777
 341   2.022462986941  2.825824727954 -4.764335556990
 342   2.027550001032  2.824772834327 -5.113311338662
 343   1.995802540890  2.844520916252 -4.758653212174
 344  -3.728002793333  0.690903323904 -5.153598103107
 345  -3.733634551169  0.666207897169 -4.806332843145
 346  -3.727071030718  0.691769546555 -4.806134760983
 347  -0.432463932075 -3.840475054019 -5.019233505327
 348  -0.436065980028 -3.836929907494 -4.789529306943
 349  -0.505139782017 -3.830354297603 -4.786216821500
 350  -0.501186797087 -3.834043280506 -5.023853165167
 351   3.076471767169 -1.915550864175 -4.735924675320
 352   3.081836908303 -1.918701334917 -5.056830275108
 353   3.127509179056 -1.832259501336 -5.052435286156
 354   3.124085839714 -1.825896883502 -4.742528429722
 355  -1.530584988546 -3.579123115090 -4.803089987984
 356  -1.529547850198 -3.581937765104 -5.050879331436
 357  -1.451985734775 -3.612657728298 -5.052007906221
 358  -1.463754357527 -3.605546727470 -4.799327175472
 359  -0.147141047730  3.526918193959 -4.844722560029
 360  -0.140932154542  3.527750159573 -5.087806818861
 361  -0.265561512847  3.525816690510 -5.095871364746
 362  -0.257778097153  3.525167313632 -4.840467867248
 363   3.261441234882  1.239106014189 -5.063594024500
 364   3.257729395155  1.241372107090 -4.797695908192
 365   3.279132839445  1.184713115179 -4.797118154300
 366   3.283696126583  1.180135010697 -5.060950120678
 367  -3.377101250401 -1.924245428468 -4.798939302576
 368  -3.375927783943 -1.932632634148 -5.097058388632
 369  -1.828504205859  3.116600976666 -4.844019193320
 370  -1.826170146647  3.119951367193 -5.136794840467
 371  -1.141514991487 -3.716490092502 -5.072842931050
 372  -1.140616252507 -3.712048567080 -4.764131443050
 373  -1.175820782024 -3.701896793122 -4.769126312166
 374  -1.175512255323 -3.706559523871 -5.069334096455
 375  -2.668039858034 -2.840802656331 -5.080929805296
 376  -2.664428014315 -2.840291505729 -4.810827168204
 377  -3.211124987277 -2.201360560659 -4.786765406323
 378  -3.214210108070 -2.202958011706 -5.098171182350
 379   3.092040157735  1.604668637056 -5.107997080885
 380   3.089533153789  1.602698333377 -4.774714473007
 381   3.142826432116  1.498323495823 -4.785312378599
 382   3.145576153720  1.499247308486 -5.091018964112
 383  -0.922063360183  3.445535895758 -5.125950226901
 384  -0.918131499462  3.444735898791 -4.828439060244
 385   1.386254772304 -3.519272659824 -5.026639994301
 386   1.377660910061 -3.518086597965 -4.765323825326
 387   3.392822111808  0.843865826923 -5.061712690898
 388   3.389797303329  0.842597755784 -4.778007316738
 389   3.398630506167  0.808014800403 -4.774095952262
 390   3.402192809675  0.807473129399 -5.063968629256
 391  -2.440362242876 -3.035806940495 -4.780785883632
 392  -2.445248074434 -3.036063004565 -5.112980591139
 393   1.725101127303  3.021460419050 -4.807312623263
 394   1.725654526714  3.022772356096 -5.077717665759
 395   1.654777545846  3.063179853765 -5.074391833082
 396   1.654026984376  3.062047723597 -4.815175807477
 397  -2.503671632005  2.662865227701 -4.874184037449
 398  -2.500552113333  2.666807493273 -5.116578948276
 399  -2.547727499934  2.627763856668 -5.113594757612
 400  -2.549059346129  2.625335043847 -4.877352663113
 401   1.631799384572 -3.387737395719 -4.736192491994
 402   1.634477747624 -3.392853940099 -5.052759302658
 403  -1.837642352315 -3.431518790787 -4.799427527506
 404  -1.838525743084 -3.433491959603 -5.068613568933
 405  -3.750058546489 -0.944176852793 -5.114157248926
 406  -3.747000309485 -0.946755119444 -4.812321645134
 407  -2.118643768828  2.947655261537 -4.824487534640
 408  -2.116425629504  2.951526524914 -5.163531469352
 409   3.474297180742  0.430690040101 -4.714000216833
 410   3.475408866747  0.423764258797 -4.715128146537
 411   3.481054706510  0.420430738960 -5.106489862045
 412  -0.836573805190 -3.787517701837 -5.060427725316
 413  -0.830224583925 -3.784253595388 -4.757333988527
 414   2.439979753865 -2.763697219028 -4.748054032365
 415   2.442647650139 -2.769553524235 -5.034931432150
 416   2.173461726081 -3.022214851793 -5.032888362675
 417   2.167395405890 -3.019593101027 -4.748710988933
 418  -1.179832434625  3.377882613584 -4.856714694372
 419  -1.182253183391  3.378750828118 -5.106020960562
 420   2.964963622648  1.816451944022 -4.745832303686
 421   2.982238015379  1.789228524534 -4.745635852071
 422   2.914150822562 -2.199191202913 -5.087408689597
 423   2.907581838411 -2.195536157170 -4.699055199020
 424  -3.780923446481  0.420868036837 -4.838997467287
 425  -3.784411568563  0.400028925888 -5.139990615397
 426  -3.533725836428 -1.611614570939 -5.072496998046
 427  -3.532402612062 -1.609207626583 -4.833752997463
 428   2.294275483920  2.606103448634 -4.803941716529
 429   2.298196445867  2.605517858222 -5.093968472440
 430   0.671433567502 -3.757308617075 -4.745542266213
 431   0.656100969717 -3.765162438625 -5.057695623800
 432   2.537381997660  2.373737785269 -5.068577798708
 433   2.531820287215  2.376384448785 -4.814818004026
 434   3.373248763744 -1.180756498670 -4.714854258012
 435   3.374982802858 -1.198395866764 -5.093420164361
 436  -3.649326087090 -1.310494411808 -5.076356575335
 437  -3.648009244132 -1.308391154328 -4.839369524718
 438   0.658146262451  3.444308251298 -4.787783744321
 439   0.658562042955  3.446182639008 -5.122925671104
 440  -3.809432536823 -0.549637188228 -4.826479946525
 441  -3.812174779155 -0.548690022157 -5.118465928796
 442   3.516928196124  0.105472933034 -5.094957094332
 443   3.512225490196  0.106752042902 -4.754203495996
 444  -3.830045559081 -0.008490115671 -5.100771118233
 445  -3.827897240865 -0.004745855660 -4.864894358937
 446  -0.543597451899  3.506567224046 -4.816498786803
 447  -0.546775004959  3.507747030663 -5.126736918704
 448  -3.233340094773  1.847573322134 -4.840777889233
 449  -3.239037656987  1.841971920619 -5.150083620566
 450  -3.734441270162  0.662598951232 -4.806258210684
 451   0.700442615276  3.434104328219 -4.779386185637
 452   0.717785188841  3.429939517330 -4.779177830705
 453  -0.099719759182 -0.053585700315 -1.618624242555
 454  -0.149383489445 -0.042351525242 -1.618624242555
 455  -0.188048743405 -0.066343836924 -1.618624242555
 456  -0.200370030181 -0.116084232884 -1.618624242555
 457  -0.178239078458 -0.152975029075 -1.618624242555
 458  -0.124174997889 -0.166329642339 -1.618624242555
 459  -0.085237912723 -0.142209741351 -1.618624242555
 460  -0.074181172810 -0.093217622597 -1.618624242555
 461  -0.264364398751  0.700186373967 -2.235949814472
 462   0.301048424969  0.499369297494 -2.173127305400
 463   0.309074129230  0.507394972354 -2.182793273758
 464   0.628002962902  0.011872643731 -2.182512795774
 465   0.628493977387  0.011863099534 -2.182922678751
 466   0.476115873592 -0.554244595491 -2.162463269147
 467   0.473857747068 -0.553076547272 -2.160367399476
 468  -0.009061059410 -0.869093575223 -2.172436343399
 469  -0.008935534770 -0.896375543760 -2.194816976514
 470  -0.603173500364 -0.755928375025 -2.200022438450
 471  -0.611547536752 -0.764544761245 -2.210031862839
 472  -0.913933680114 -0.242937458883 -2.202250521237
 473  -0.912233015895 -0.242333874225 -2.200725973832
 474  -0.766426804721  0.341465246732 -2.199706265674
 475  -0.767224332022  0.342247626125 -2.200674297434
 476  -0.264403070093  0.695781102209 -2.232146914196
 477   1.628296927116  2.168225612270 -5.826438709865
 478  -0.564013397376  2.745756846866 -5.830550176099
 479  -0.564493270752  2.749019683807 -5.828471458801
 480  -0.563685270285  2.750995793454 -5.827018541018
 481   1.640508472697  2.163663484969 -5.825025332050
 482   1.654146828967  2.168815312391 -5.814964919950
 483   3.019340968068  1.698741415846 -5.145355416664
 484   2.756993575927  0.242474329999 -5.803442219295
 485   2.753324556343  0.239579928141 -5.806665041270
 486   2.220039092113 -1.873380133449 -5.796204531665
 487   2.208925897121 -1.872283117997 -5.804079014062
 488   2.067580171698 -0.719070597788 -6.109004756091
 489   2.752297219847  0.234100857404 -5.807307746879
 490   1.027043378893 -2.105915730707 -6.104214218113
 491   2.203818967902 -1.876052404803 -5.804747311837
 492   1.801763988425 -3.286556418962 -5.088431979008
 493   0.357556030218 -3.026225685117 -5.789335247655
 494   0.355662028013 -3.023835400231 -5.791513687202
 495   0.353909445641 -3.013612043028 -5.798453380078
 496  -1.843073122027 -2.587219073814 -5.787492942057
 497  -1.842106457614 -2.585882076847 -5.788569647088
 498  -0.661782503246 -2.376941306263 -6.102409574912
 499  -1.844241495313 -2.593344808809 -5.783020964672
 500  -2.062445749714 -1.388940251328 -6.107629320861
 501  -3.020658920042 -0.636739921520 -5.821265564873
 502  -3.016598523401 -0.636149644841 -5.823899046054
 503  -2.535415012835  1.547921726404 -5.858269083826
 504  -2.534809681140  1.547489377931 -5.858730042117
 505  -3.028530326944 -0.633982529070 -5.815647815458
 506  -3.737748706642  0.593767571542 -5.180841664471
 507  -2.540876722901  1.548314192190 -5.854570887325
# facets:
#   id   num_of_sides   plane_coeff  (ax + by + cz + d = 0)
#   indices_of_vertices
  0     7    0.146063617074  0.645713996166  0.749479055693  1.262291434240
       451 461 476 454 453 462 452
  1     7    0.552206683921  0.355838861203  0.753953899845  1.294501852173
       464 421 420 463 462 453 460
  2     8    0.632631751021 -0.142774897461  0.761178294656  1.265681869377
       466 27 26 465 464 460 459 467
  3     6    0.339087582691 -0.547393709975  0.765101128966  1.189469635217
       459 458 468 52 51 467
  4     7   -0.154881011823 -0.627011755123  0.763458008743  1.112228650837
       470 110 109 469 468 458 457
  5     8   -0.559842177686 -0.335851797355  0.757482875250  1.074917452903
       472 96 95 471 470 457 456 473
  6     7   -0.641715009720  0.158960428649  0.750288896642  1.104308140577
       474 6 5 9 473 456 455
  7     7   -0.350962204939  0.565599637271  0.746272457634  1.179460739955
       476 70 69 475 474 455 454
  8     8    0.145573475924  0.546727291305 -0.824559053100 -6.226707745004
       106 105 477 13 12 478 479 480
  9     7    0.498839228847  0.280684875557 -0.819985014739 -6.202091080219
       15 14 481 482 483 484 485
 10     6    0.562271420755 -0.146293394921 -0.813909756671 -6.239915094137
       31 30 486 487 488 489
 11     6    0.303985415287 -0.498834428309 -0.811638515860 -6.317124846122
       490 491 492 493 494 495
 12     8   -0.114937830923 -0.571326439739 -0.812634846827 -6.393103929626
       496 497 498 495 494 114 113 499
 13     7   -0.485907390831 -0.307528383156 -0.818119979642 -6.426069758408
       500 497 496 100 99 501 502
 14     9   -0.551995666188  0.108602667726 -0.826744365008 -6.410937481745
       503 504 21 20 502 501 505 506 507
 15     8   -0.283256803863  0.485326722620 -0.827178067514 -6.315253031087
       74 73 479 478 23 22 504 503
 16    15    0.017544942350  0.677709956781  0.735119983049  1.173806370609
       451 438 207 206 322 139 138 359 362 271 270 446 90 89 461
 17    16    0.271144628029  0.617808824333  0.738100838143  1.213844663707
       343 239 238 393 396 135 134 319 318 193 196 103 102 452 462 463
 18    14    0.484614431735  0.466077383988  0.740216674150  1.229472872593
       280 171 170 433 283 282 428 122 121 341 343 463 420 277
 19    18    0.624342423643  0.243419779792  0.742255581889  1.225003376973
       215 214 389 388 153 156 365 364 245 248 381 380 64 63 421 464 465 409
 20    14    0.665711583965 -0.014647738981  0.746065366250  1.210381054203
       26 25 289 292 187 186 313 316 443 46 45 410 409 465
 21    16    0.604328876599 -0.265622643228  0.751153260203  1.189390849221
       276 434 28 27 466 34 33 423 203 202 351 354 143 142 334 273
 22    14    0.449723438475 -0.480984660541  0.752597226417  1.146760242185
       51 50 303 302 417 173 176 414 265 268 35 34 466 467
 23    16    0.229955495702 -0.616609650237  0.752936258412  1.101898247003
       58 57 430 255 254 324 161 164 386 287 286 401 53 52 468 469
 24    15   -0.026717550493 -0.659215814397  0.751478996742  1.058215189857
       109 108 413 211 210 349 348 151 150 336 235 234 59 58 469
 25    17   -0.279324948289 -0.599679522748  0.749908023200  1.028018303848
       40 39 293 296 403 179 178 355 358 257 260 373 372 111 110 470 471
 26    14   -0.491645483870 -0.448776375580  0.746246931593  1.005455284830
       95 94 377 231 230 147 146 376 227 226 391 41 40 471
 27    15   -0.628576086341 -0.227682653607  0.743675139376  1.007969462203
       160 427 263 262 367 97 96 472 83 82 406 251 250 437 157
 28    21   -0.672959104780  0.029301377726  0.739099095222  1.019759778747
       473 9 8 11 0 3 450 117 116 424 297 300 445 181 184 305 308 440 84 83 472
 29    22   -0.614296388918  0.284472961110  0.736012962494  1.051061476851
       331 330 199 198 346 2 1 10 7 4 6 474 475 77 76 448 217 220 325 328 127 126
 30    16   -0.463058236542  0.498110430841  0.733118727259  1.087608881326
       338 78 77 475 69 68 407 191 190 397 400 131 130 221 224 339
 31    15   -0.241548567173  0.635321623383  0.733498960162  1.131366478382
       89 88 384 243 242 418 167 166 311 310 369 71 70 476 461
 32    16    0.036964777957  0.678282556195 -0.733870819118 -6.121394827721
       447 269 272 361 360 137 140 321 205 208 439 101 106 480 92 91
 33    18    0.311127807599  0.605992642752 -0.732101362018 -6.086080937124
       320 133 136 395 394 237 240 342 120 124 482 481 477 105 104 195 194 317
 34    14    0.513349215243  0.449680071309 -0.730931198320 -6.074767278005
       172 279 278 62 66 483 482 124 123 429 281 284 432 169
 35    19    0.650012918467  0.212596512019 -0.729579282123 -6.077701845490
       484 483 66 65 379 382 247 246 363 366 155 154 387 390 213 216 411 44 48
 36    14    0.677393422090 -0.040856023003 -0.734485491411 -6.120206886589
       442 315 314 185 188 291 290 24 31 489 485 484 48 47
 37    16    0.614887042808 -0.287545288198 -0.734323928400 -6.160046584150
       144 353 352 201 204 422 32 37 486 30 29 435 275 274 333 141
 38    16    0.466234648503 -0.502614265383 -0.728013841056 -6.196363849974
       267 266 415 175 174 416 301 304 49 55 492 491 487 486 37 36
 39    16    0.243778036895 -0.630849428100 -0.736614734983 -6.260766699061
       493 492 55 54 402 285 288 385 163 162 323 253 256 431 56 61
 40    16   -0.014316067232 -0.679699492899 -0.733350972981 -6.297419904184
       335 149 152 347 350 209 212 412 107 114 494 493 61 60 233 236
 41    16   -0.258921708377 -0.626727761331 -0.734963850886 -6.353146702957
       258 357 356 177 180 404 295 294 38 43 499 113 112 371 374 259
 42    15   -0.498636590024 -0.447043961266 -0.742639379365 -6.373644526725
       43 42 392 225 228 375 145 148 229 232 378 93 100 496 499
 43    16   -0.618762506322 -0.247101362369 -0.745703612359 -6.367348546420
       368 261 264 426 159 158 436 249 252 405 81 86 505 501 99 98
 44    15   -0.664534599236  0.002493067224 -0.747253337921 -6.356744868301
       441 307 306 183 182 444 299 298 425 115 119 506 505 86 85
 45    18   -0.626051357198  0.268177456263 -0.732216190823 -6.292753876421
       507 506 119 118 344 197 200 329 332 125 128 327 326 219 218 449 75 80
 46    17   -0.460499039151  0.500369217839 -0.733192526408 -6.237327670725
       408 67 74 503 507 80 79 337 340 223 222 129 132 399 398 189 192
 47    15   -0.219643102724  0.634601298180 -0.740971051913 -6.187247141396
       419 241 244 383 87 92 480 479 73 72 370 309 312 165 168
 48     4    0.207596232632  0.263852267427 -0.941958483783 -6.398382924765
       477 481 14 13
 49     5    0.351011498161  0.043902014627 -0.935341403590 -6.408180848836
       485 489 488 16 15
 50     6    0.279857853210 -0.213208130928 -0.936067238452 -6.450379458074
       488 487 491 490 17 16
 51     5    0.056110104946 -0.355847131934 -0.932858228681 -6.501378047637
       490 495 498 18 17
 52     5   -0.198527573208 -0.286399318935 -0.937316506197 -6.532025667763
       498 497 500 19 18
 53     4   -0.331355868723 -0.065228574861 -0.941248384479 -6.522798327510
       500 502 20 19
 54     3   -0.250090862586  0.177439926070 -0.951824370925 -6.485001177221
       504 22 21
 55     3   -0.048097924492  0.324617195587 -0.944621758160 -6.426112319579
       23 478 12
 56    12    0.000567512632 -0.003007519640 -0.999995316367 -6.112427525210
       12 13 14 15 16 17 18 19 20 21 22 23
 57     8    0.000000000000  0.000000000000  1.000000000000  1.618624242555
       453 454 455 456 457 458 459 460
 58     8    0.975804545003 -0.218118157939  0.015164403365 -3.481675192366
       24 25 26 27 28 29 30 31
 59     6    0.799534128489 -0.600307204207  0.019402009128 -3.555823906213
       32 33 34 35 36 37
 60     6   -0.574981141208 -0.818115411176  0.009157578896 -3.848610462766
       38 39 40 41 42 43
 61     5    0.993872784790  0.109724576959  0.013319341727 -3.440930771519
       44 45 46 47 48
 62     7    0.535737668108 -0.844187484026  0.018238497309 -3.652894844077
       49 50 51 52 53 54 55
 63     6    0.171907077585 -0.984983141806  0.016005218959 -3.743514946974
       56 57 58 59 60 61
 64     5    0.868593100576  0.495436757552  0.009404514816 -3.434385231404
       62 63 64 65 66
 65     8   -0.510720495230  0.859724032384  0.006258106132 -3.588084358655
       67 68 69 70 71 72 73 74
 66     6   -0.818141096113  0.574999192883  0.004590755412 -3.687629363650
       75 76 77 78 79 80
 67     6   -0.987651378483 -0.156428610817  0.008651259960 -3.811568570357
       81 82 83 84 85 86
 68     6   -0.156432381044  0.987675182760  0.005161736147 -3.527882888809
       87 88 89 90 91 92
 69     8   -0.852588217987 -0.522466731941  0.011038322529 -3.837168271287
       93 94 95 96 97 98 99 100
 70     6    0.248685620672  0.968566544235  0.005857598383 -3.473593636867
       101 102 103 104 105 106
 71     8   -0.233420491679 -0.972266320323  0.014597137727 -3.809415517869
       107 108 109 110 111 112 113 114
 72     5   -0.982286971963  0.187381261408 -0.000753382741 -3.798022490121
       115 116 117 118 119
 73     5    0.625228173495  0.780412329798  0.006806362315 -3.440037855226
       120 121 122 123 124
 74     4   -0.917716844390  0.397131541209  0.009073725851 -3.704812624984
       125 126 127 128
 75     4   -0.673008204236  0.739626359149  0.003578530854 -3.643013856935
       129 130 131 132
 76     4    0.453984229700  0.890994218542  0.005255635857 -3.457064620957
       133 134 135 136
 77     4    0.031410508995  0.999498602588  0.003990407268 -3.503486033742
       137 138 139 140
 78     4    0.911253029478 -0.411446519412  0.018157035309 -3.514883740216
       141 142 143 144
 79     4   -0.728926408095 -0.684507459342  0.010762420148 -3.842394689215
       145 146 147 148
 80     4   -0.031407181046 -0.999392705545  0.015093345626 -3.779442925349
       149 150 151 152
 81     4    0.950996957268  0.308997642474  0.011191256090 -3.434056988568
       153 154 155 156
 82     4   -0.935410088120 -0.353462017898  0.008518740957 -3.836473487971
       157 158 159 160
 83     4    0.368095274045 -0.929702536485  0.012612013256 -3.723534390446
       161 162 163 164
 84     4   -0.353467164404  0.935423707952  0.006591683304 -3.552093567361
       165 166 167 168
 85     4    0.760375228390  0.649421796273  0.008991249937 -3.429832718044
       169 170 171 172
 86     4    0.684394538803 -0.728806159934  0.021111525271 -3.587016837394
       173 174 175 176
 87     4   -0.425763799303 -0.904794129734  0.008530533456 -3.851359635195
       177 178 179 180
 88     4   -0.999838007641  0.015706710544  0.008789637065 -3.785947740727
       181 182 183 184
 89     4    0.997921417761 -0.062783893944  0.014526755830 -3.458965424626
       185 186 187 188
 90     4   -0.600411963201  0.799673654369  0.005246041641 -3.609894388449
       189 190 191 192
 91     4    0.338729656345  0.940857815089  0.006985105459 -3.457983825870
       193 194 195 196
 92     4   -0.955781377022  0.294036744985  0.004934768194 -3.748083117311
       197 198 199 200
 93     4    0.860580658195 -0.508945982503  0.019362789982 -3.532553996208
       201 202 203 204
 94     4    0.156431818778  0.987671632754  0.005816521873 -3.482568342551
       205 206 207 208
 95     4   -0.140888124321 -0.989931558801  0.013639842934 -3.800877290912
       209 210 211 212
 96     4    0.979153093771  0.202772857691  0.011932608374 -3.438046752971
       213 214 215 216
 97     4   -0.868599571990  0.495440448782  0.008575852715 -3.685658360416
       217 218 219 220
 98     4   -0.750108969668  0.661310013958  0.002366234029 -3.676824203192
       221 222 223 224
 99     4   -0.661277215153 -0.750071766726  0.010236673301 -3.844799812913
       225 226 227 228
100     4   -0.790107688045 -0.612870345139  0.010944466267 -3.840382308394
       229 230 231 232
101     4    0.078448576808 -0.996783678180  0.016374361359 -3.756692104871
       233 234 235 236
102     4    0.535819158609  0.844315892508  0.005338813094 -3.451523445787
       237 238 239 240
103     4   -0.248685663107  0.968566709509  0.005828395665 -3.538595238397
       241 242 243 244
104     4    0.911362117809  0.411495774682  0.009503559369 -3.437232256108
       245 246 247 248
105     4   -0.964528315970 -0.263865088426  0.007768062902 -3.830645943954
       249 250 251 252
106     4    0.263862573067 -0.964519121366  0.008911063535 -3.763868762762
       253 254 255 256
107     4   -0.323886939047 -0.945996336513  0.013717945156 -3.821572786473
       257 258 259 260
108     4   -0.897986893753 -0.439919239946  0.009518454378 -3.837507735810
       261 262 263 264
109     4    0.749952849635 -0.661172375634  0.020538087098 -3.564332290489
       265 266 267 268
110     4   -0.062789936053  0.998017454336  0.004311005898 -3.515287809072
       269 270 271 272
111     4    0.950905760312 -0.308968010787  0.017804586910 -3.492294642203
       273 274 275 276
112     4    0.818117201584  0.574982399528  0.008915419533 -3.432328795167
       277 278 279 280
113     4    0.695890260840  0.718103042671  0.008047668927 -3.433024122791
       281 282 283 284
114     4    0.453915034094 -0.890858414520  0.018232583522 -3.675780310103
       285 286 287 288
115     4    0.989913828155 -0.140885600876  0.014894975468 -3.465613614750
       289 290 291 292
116     4   -0.509023228419 -0.860711273906  0.008453159178 -3.851639316154
       293 294 295 296
117     4   -0.993949663532  0.109733064451  0.004766647772 -3.786584818292
       297 298 299 300
118     4    0.600315011186 -0.799544526409  0.018719979549 -3.631407188365
       301 302 303 304
119     4   -0.996876143874 -0.078455854016  0.009090255486 -3.798593979804
       305 306 307 308
120     4   -0.411504977287  0.911382499320  0.006752303373 -3.564411664897
       309 310 311 312
121     4    0.999781262100  0.015705819114  0.013811415549 -3.452756416342
       313 314 315 316
122     4    0.397139751449  0.917735817136  0.006402168768 -3.456238050717
       317 318 319 320
123     4    0.109732511613  0.993944655986  0.005726843054 -3.488060931569
       206 205 321 322
124     4    0.309007524468 -0.951027370920  0.007828766407 -3.759849356360
       254 253 323 324
125     4   -0.897980029130  0.439915877002  0.010290211140 -3.689285723881
       325 326 327 328
126     4   -0.935417059028  0.353464651985  0.007593778792 -3.721818046783
       329 330 331 332
127     4    0.929626634424 -0.368065222293  0.017953069576 -3.505146353664
       142 141 333 334
128     4    0.015705266552 -0.999746087792  0.016158729780 -3.767343114376
       150 149 335 336
129     4   -0.790150776782  0.612903768190  0.003274276852 -3.684899099157
       337 338 339 340
130     5    0.574995190839  0.818135401779  0.005915646103 -3.446629617231
       341 342 240 239 343
131     5   -0.968581267529  0.248689400971  0.001977381034 -3.772503377523
       198 197 344 345 346
132     4   -0.094099237290 -0.995465950253  0.013887959866 -3.794049761751
       347 348 349 350
133     4    0.883599895125 -0.467842062114  0.019365697812 -3.522830911083
       351 352 353 354
134     4   -0.368109576350 -0.929738659984  0.009020195715 -3.847747308916
       355 356 357 358
135     4   -0.015707245640  0.999872070099  0.003020905484 -3.514142727295
       359 360 361 362
136     4    0.935396830942  0.353457008428  0.010045489368 -3.437846220376
       363 364 365 366
137     4   -0.876261950391 -0.481729083767  0.010103670114 -3.837703415933
       367 368 98 97
138     4   -0.718124915328  0.695911456920  0.001962170417 -3.667712564840
       222 221 130 129
139     4   -0.467920282222  0.883747627200  0.006382860226 -3.578964224662
       72 71 369 370
140     4   -0.278961260773 -0.960190957598  0.014626685698 -3.812779762890
       371 372 373 374
141     4   -0.695873223888 -0.718085461900  0.010664224457 -3.842372409214
       146 145 375 376
142     4   -0.818099726494 -0.574970117829  0.011054461282 -3.839821901926
       377 378 232 231
143     4    0.890967277640  0.453970502624  0.009385782992 -3.435436277276
       379 380 381 382
144     4    0.294033558576  0.955771019439  0.006784160338 -3.463394546798
       196 195 104 103
145     4   -0.202784433172  0.979208989657  0.005313025347 -3.533645515671
       88 87 383 384
146     4    0.125316305194 -0.991980699469  0.016435191941 -3.748691001009
       234 233 60 59
147     4    0.411450129705 -0.911261025389  0.017667324983 -3.688543436134
       164 163 385 386
148     4    0.968519804111  0.248673619848  0.011437649939 -3.437968479107
       387 388 389 390
149     4   -0.612878674157 -0.790118425750  0.009623100052 -3.848286995695
       391 392 42 41
150     4    0.495451896690  0.868619642310  0.005228294053 -3.454070449958
       393 394 395 396
151     4   -0.637418019549  0.770506026044  0.004328069275 -3.626543311587
       397 398 399 400
152     4    0.495376349019 -0.868487193144  0.018228224762 -3.664228982118
       54 53 401 402
153     4   -0.467914789797 -0.883737253815  0.008013470480 -3.853960956779
       403 404 180 179
154     4   -0.979189975776 -0.202780495587  0.008189136065 -3.821599857859
       82 81 405 406
155     4   -0.562074033021  0.827066823773  0.005766317547 -3.600922995291
       192 191 407 408
156     5    0.987605965500  0.156421418107  0.012914986138 -3.437724521001
       216 215 409 410 411
157     4   -0.187361608866 -0.982183949730  0.014502290027 -3.803393119605
       108 107 412 413
158     4    0.728811690872 -0.684399732699  0.020749099501 -3.571241562516
       266 265 414 415
159     4    0.637287262615 -0.770347968063  0.020711180790 -3.609039483164
       302 301 416 417
160     4   -0.294034703644  0.955774741541  0.006183565665 -3.545374747993
       418 419 168 167
161     6    0.844293057235  0.535804666904  0.009088037684 -3.433431327553
       278 277 420 421 63 62
162     4   -0.999465258368 -0.031409461111  0.009090823334 -3.791664269395
       306 305 184 183
163     4    0.835651661577 -0.548920542351  0.019301261334 -3.544202800166
       33 32 422 423
164     4   -0.990022196902  0.140901024033  0.001717867057 -3.794186119838
       424 425 298 297
165     4   -0.917716707499 -0.397131481971  0.009090148789 -3.836872370292
       160 159 426 427
166     4    0.661293632202  0.750090388213  0.007425733608 -3.436330124086
       428 429 123 122
167     4    0.218122354422 -0.975823318987  0.013837941442 -3.747255499762
       256 255 430 431
168     4    0.728940163763  0.684520376774  0.008836935805 -3.429680835410
       170 169 432 433
169     4    0.790124880000  0.612883680586  0.008733159579 -3.432010167567
       280 279 172 171
170     4    0.968458827922 -0.248657963823  0.016022348394 -3.484914013204
       29 28 434 435
171     4   -0.955763035189 -0.294031102300  0.007920318570 -3.833010732603
       250 249 436 437
172     4   -0.760360748929 -0.649409429645  0.010905236213 -3.841573908562
       148 147 230 229
173     4    0.202783968488  0.979206745783  0.005728100716 -3.478726477678
       438 439 208 207
174     4   -0.992075313150 -0.125328257682  0.008910716285 -3.805121654594
       440 441 85 84
175     4    0.780273112664 -0.625116639539  0.020076270174 -3.557256008194
       268 267 36 35
176     4    0.997935283579  0.062784766307  0.013536724431 -3.447319800005
       316 315 442 443
177     4   -0.535806750376 -0.844296340261  0.008649628522 -3.850178661610
       294 293 39 38
178     4   -0.997994045497  0.062788463294  0.008092838226 -3.780549865138
       300 299 444 445
179     4   -0.109732991671  0.993949004300  0.004903813746 -3.521380362554
       446 447 91 90
180     4   -0.852623544684  0.522488380169  0.006243688011 -3.691933178224
       218 217 448 449
181     4    0.999406171986 -0.031407604246  0.014172712940 -3.456313536344
       314 313 186 185
182     4   -0.382674830513  0.923858765804  0.006704844473 -3.556835471054
       166 165 312 311
183     4    0.984998718417 -0.171909796139  0.014984882693 -3.471916853072
       290 289 25 24
184     4    0.993851663874 -0.109722245188  0.014828996082 -3.462598149734
       292 291 188 187
185     4    0.574909503673 -0.818013481274  0.018248480484 -3.641877821249
       50 49 304 303
186     4   -0.972339900023 -0.233438156602  0.007857853807 -3.826552156184
       406 405 252 251
187     4    0.425772473729  0.904812563827  0.005659059627 -3.457188814055
       134 133 320 319
188     4    0.960148377351 -0.278948890068  0.017395694865 -3.486171875648
       435 434 276 275
189     4   -0.612899505172  0.790145280933  0.004963021227 -3.614358818953
       398 397 190 189
190     4   -0.770510063215  0.637421359388  0.002872817485 -3.680633430016
       224 223 340 339
191     4   -0.156419325071 -0.987592750592  0.013912358653 -3.800978849598
       212 211 413 412
192     4    0.960230353057  0.278972706212  0.011484696616 -3.435174073084
       388 387 154 153
193     4   -0.062783993741 -0.997923003987  0.014416942903 -3.787288212585
       348 347 152 151
194     4    0.078457953441  0.996902819598  0.005396092980 -3.493392292073
       322 321 140 139
195     4   -0.883722496019  0.467906975947  0.009879872965 -3.685482243096
       220 219 326 325
196     4   -0.827070002569  0.562076193329  0.005056060058 -3.688200316555
       449 448 76 75
197     4    0.661165575701 -0.749945136625  0.021032678426 -3.597658280836
       174 173 417 416
198     4    0.338725818308 -0.940847154530  0.008452918051 -3.750906759841
       324 323 162 161
199     4    0.706950755540 -0.706950755540  0.021006153437 -3.579005016045
       415 414 176 175
200     4    0.923836646509  0.382665668401  0.009635185262 -3.438413597839
       364 363 246 245
201     4   -0.078458267525  0.996906810415  0.004594736794 -3.516239916939
       270 269 447 446
202     4    0.015707202510  0.999869324589  0.003823288451 -3.505623366427
       360 359 138 137
203     4   -0.946066380263  0.323910920383  0.006334018745 -3.734962456328
       330 329 200 199
204     4   -0.637392318244 -0.770474958503  0.009968498540 -3.846824116742
       392 391 226 225
205     4    0.897866339713 -0.439860181131  0.018948801150 -3.518285623594
       144 143 354 353
206     4   -0.946054079998 -0.323906709061  0.008131515443 -3.835659294221
       437 436 158 157
207     4   -0.883724176961 -0.467907865959  0.009685454458 -3.838315686978
       368 367 262 261
208     4    0.940730077596 -0.338683668018  0.017896762936 -3.498990145817
       334 333 274 273
209     4   -0.294009236076 -0.955691957916  0.014541343720 -3.814225659158
       260 259 374 373
210     4   -0.929746404999  0.368112642818  0.008043916301 -3.715932061403
       126 125 332 331
211     5   -0.975916713876  0.218143230653 -0.000313842017 -3.790553534161
       345 344 118 117 450
212     4   -0.911361697265  0.411495584799  0.009551986671 -3.698855304954
       328 327 128 127
213     4    0.600408151402  0.799668577531  0.006341753675 -3.443812261294
       342 341 121 120
214     6    0.233441534411  0.972353969613  0.005727808478 -3.475301965773
       439 438 451 452 102 101
215     4    0.844170313626 -0.535726771441  0.019321178894 -3.539910483354
       423 422 204 203
216     4    0.047100090320 -0.998755003218  0.016432438627 -3.761804351519
       336 335 236 235
217     4   -0.233441571834  0.972354125490  0.005699752777 -3.536312313857
       244 243 384 383
218     4    0.904786864785  0.425760380678  0.009424837268 -3.436414065593
       248 247 382 381
219     4    0.672993050721  0.739609705653  0.007605063139 -3.434996581592
       429 428 282 281
220     4    0.995472776520  0.094099882562  0.013385189946 -3.442734298351
       443 442 47 46
221     4    0.522491484046  0.852628609751  0.005206047661 -3.452507146008
       394 393 238 237
222     4   -0.985109209202  0.171929079868 -0.000487280147 -3.799339908129
       425 424 116 115
223     4   -0.995521245014 -0.094104464184  0.009044365502 -3.800441886222
       308 307 441 440
224     4   -0.263844755048 -0.964453989660  0.014644011171 -3.811279672007
       372 371 112 111
225     4   -0.263868424181  0.964540509439  0.005921179895 -3.540667660852
       419 418 242 241
226     4    0.868468327603 -0.495365588305  0.019382927392 -3.528920187195
       352 351 202 201
227     4   -0.047106078503  0.998881982329  0.003975266841 -3.514126878157
       362 361 272 271
228     4   -0.911364707149 -0.411496943814  0.009199771420 -3.837021669698
       427 426 264 263
229     4   -0.799679678200  0.600416486021  0.003529247608 -3.686502613140
       338 337 79 78
230     4    0.718100472051  0.695887769736  0.008480800228 -3.430964707871
       433 432 284 283
231     4    0.972305478678  0.233429892768  0.011512658067 -3.438159335083
       214 213 390 389
232     4   -0.397132644633 -0.917719394252  0.008762190416 -3.850390372409
       356 355 178 177
233     4    0.481673560645 -0.876160954207  0.018236318146 -3.667827135973
       286 285 402 401
234     4    0.876267639279  0.481732211259  0.009439331977 -3.434259220259
       380 379 65 64
235     4   -0.672976124830 -0.739591104341  0.010398739743 -3.843724231662
       376 375 228 227
236     4   -0.481738241692 -0.876278608594  0.008004162210 -3.853813710574
       404 403 296 295
237     4   -0.109724157534 -0.993868985687  0.013603254892 -3.797188250209
       210 209 350 349
238     4    0.368115747718  0.929754247080  0.006916380475 -3.456660600401
       194 193 318 317
239     4    0.940829931808  0.338719617746  0.010395189652 -3.436524946239
       156 155 366 365
240     4    0.481747105184  0.876294731227  0.005222132826 -3.454933510927
       396 395 136 135
241     4   -0.535816711064  0.844312035795  0.006135010637 -3.594347268477
       68 67 408 407
242     4    0.425709491778 -0.904678720368  0.018106394532 -3.682938574204
       386 385 288 287
243     4   -0.453980681005  0.890987253837  0.006576836165 -3.575099009486
       370 369 310 309
244     4   -0.649442438556  0.760399397398  0.004156373431 -3.631498404061
       400 399 132 131
245     4    0.202765458095 -0.979117362472  0.014675132323 -3.745348177340
       431 430 57 56
246     4   -0.835755906007 -0.548989018143  0.011096104413 -3.839124997067
       94 93 378 377
247     4    0.989938952104  0.140889176544  0.013080941829 -3.438468092150
       45 44 411 410
248     4   -0.353457654426 -0.935398540527  0.009861891701 -3.842667883701
       258 257 358 357
249     4   -0.999469560280  0.031409596304  0.008604378712 -3.783858313256
       445 444 182 181
250     5   -0.641715009720  0.158960428649  0.750288896642  1.104308140577
       346 345 450 3 2
251     4   -0.379404844166  0.110227296804  0.918641337663  2.912450737088
       0 1 2 3
252     3   -0.832823160908  0.241957495152  0.497857563159 -0.728353288719
       4 5 6
253     5   -0.699141510875  0.203119385565  0.685524370814  0.592545132845
       4 7 8 9 5
254     4   -0.660551371956  0.191907913804  0.725839677633  0.919187207253
       7 10 11 8
255     4   -0.574067551132  0.166782041182  0.801642187935  1.596980888722
       10 1 0 11
# edges:
#    vert1_id  vert2_id  facet1_id  facet2_id
   0    1   251  255
   3    0   251   28
   0   11   255   28
   1    2   251   29
  10    1   255   29
   2    3   251  250
 346    2    29  250
   3  450    28  250
   4    5   252  253
   6    4   252   29
   4    7   253   29
   5    6   252    6
   9    5   253    6
   6  474    29    6
   7    8   253  254
   7   10   254   29
   8    9   253   28
  11    8   254   28
 473    9    28    6
  10   11   254  255
  12   13    56    8
  23   12    56   55
  12  478     8   55
  13   14    56   48
 477   13     8   48
  14   15    56    9
  14  481     9   48
  15   16    56   49
 485   15     9   49
  16   17    56   50
 488   16    49   50
  17   18    56   51
 490   17    50   51
  18   19    56   52
 498   18    51   52
  19   20    56   53
 500   19    52   53
  20   21    56   14
  20  502    14   53
  21   22    56   54
 504   21    14   54
  22   23    56   15
  22  504    15   54
 478   23    15   55
  24   25    58  183
  31   24    58   36
  24  290   183   36
  25   26    58   20
 289   25   183   20
  26   27    58    2
 465   26    20    2
  27   28    58   21
  27  466    21    2
  28   29    58  170
  28  434   170   21
  29   30    58   37
 435   29   170   37
  30   31    58   10
  30  486    10   37
 489   31    10   36
  32   33    59  163
  37   32    59   37
  32  422   163   37
  33   34    59   21
 423   33   163   21
  34   35    59   22
 466   34    21   22
  35   36    59  175
  35  268   175   22
  36   37    59   38
 267   36   175   38
  37  486    37   38
  38   39    60  177
  43   38    60   41
  38  294   177   41
  39   40    60   25
 293   39   177   25
  40   41    60   26
 471   40    25   26
  41   42    60  149
  41  391   149   26
  42   43    60   42
 392   42   149   42
  43  499    41   42
  44   45    61  247
  48   44    61   35
  44  411   247   35
  45   46    61   20
 410   45   247   20
  46   47    61  220
  46  443   220   20
  47   48    61   36
 442   47   220   36
  48  484    35   36
  49   50    62  185
  55   49    62   38
  49  304   185   38
  50   51    62   22
 303   50   185   22
  51   52    62    3
 467   51    22    3
  52   53    62   23
  52  468    23    3
  53   54    62  152
  53  401   152   23
  54   55    62   39
 402   54   152   39
  55  492    38   39
  56   57    63  245
  61   56    63   39
  56  431   245   39
  57   58    63   23
 430   57   245   23
  58   59    63   24
 469   58    23   24
  59   60    63  146
  59  234   146   24
  60   61    63   40
 233   60   146   40
  61  493    39   40
  62   63    64  161
  66   62    64   34
  62  278   161   34
  63   64    64   19
 421   63   161   19
  64   65    64  234
  64  380   234   19
  65   66    64   35
 379   65   234   35
  66  483    34   35
  67   68    65  241
  74   67    65   46
  67  408   241   46
  68   69    65   30
 407   68   241   30
  69   70    65    7
 475   69    30    7
  70   71    65   31
  70  476    31    7
  71   72    65  139
  71  369   139   31
  72   73    65   47
 370   72   139   47
  73   74    65   15
  73  479    15   47
 503   74    15   46
  75   76    66  196
  80   75    66   45
  75  449   196   45
  76   77    66   29
 448   76   196   29
  77   78    66   30
 475   77    29   30
  78   79    66  229
  78  338   229   30
  79   80    66   46
 337   79   229   46
  80  507    45   46
  81   82    67  154
  86   81    67   43
  81  405   154   43
  82   83    67   27
 406   82   154   27
  83   84    67   28
 472   83    27   28
  84   85    67  174
  84  440   174   28
  85   86    67   44
 441   85   174   44
  86  505    43   44
  87   88    68  145
  92   87    68   47
  87  383   145   47
  88   89    68   31
 384   88   145   31
  89   90    68   16
  89  461    16   31
  90   91    68  179
  90  446   179   16
  91   92    68   32
 447   91   179   32
 480   92    32   47
  93   94    69  246
 100   93    69   42
  93  378   246   42
  94   95    69   26
 377   94   246   26
  95   96    69    5
 471   95    26    5
  96   97    69   27
  96  472    27    5
  97   98    69  137
  97  367   137   27
  98   99    69   43
 368   98   137   43
  99  100    69   13
  99  501    13   43
 496  100    13   42
 101  102    70  214
 106  101    70   32
 101  439   214   32
 102  103    70   17
 452  102   214   17
 103  104    70  144
 103  196   144   17
 104  105    70   33
 195  104   144   33
 105  106    70    8
 105  477     8   33
 480  106     8   32
 107  108    71  157
 114  107    71   40
 107  412   157   40
 108  109    71   24
 413  108   157   24
 109  110    71    4
 469  109    24    4
 110  111    71   25
 110  470    25    4
 111  112    71  224
 111  372   224   25
 112  113    71   41
 371  112   224   41
 113  114    71   12
 113  499    12   41
 494  114    12   40
 115  116    72  222
 119  115    72   44
 115  425   222   44
 116  117    72   28
 424  116   222   28
 117  118    72  211
 117  450   211   28
 118  119    72   45
 344  118   211   45
 119  506    44   45
 120  121    73  213
 124  120    73   33
 120  342   213   33
 121  122    73   18
 341  121   213   18
 122  123    73  166
 122  428   166   18
 123  124    73   34
 429  123   166   34
 124  482    33   34
 125  126    74  210
 128  125    74   45
 125  332   210   45
 126  127    74   29
 331  126   210   29
 127  128    74  212
 127  328   212   29
 327  128   212   45
 129  130    75  138
 132  129    75   46
 129  222   138   46
 130  131    75   30
 221  130   138   30
 131  132    75  244
 131  400   244   30
 399  132   244   46
 133  134    76  187
 136  133    76   33
 133  320   187   33
 134  135    76   17
 319  134   187   17
 135  136    76  240
 135  396   240   17
 395  136   240   33
 137  138    77  202
 140  137    77   32
 137  360   202   32
 138  139    77   16
 359  138   202   16
 139  140    77  194
 139  322   194   16
 321  140   194   32
 141  142    78  127
 144  141    78   37
 141  333   127   37
 142  143    78   21
 334  142   127   21
 143  144    78  205
 143  354   205   21
 353  144   205   37
 145  146    79  141
 148  145    79   42
 145  375   141   42
 146  147    79   26
 376  146   141   26
 147  148    79  172
 147  230   172   26
 229  148   172   42
 149  150    80  128
 152  149    80   40
 149  335   128   40
 150  151    80   24
 336  150   128   24
 151  152    80  193
 151  348   193   24
 347  152   193   40
 153  154    81  192
 156  153    81   19
 153  388   192   19
 154  155    81   35
 387  154   192   35
 155  156    81  239
 155  366   239   35
 365  156   239   19
 157  158    82  206
 160  157    82   27
 157  437   206   27
 158  159    82   43
 436  158   206   43
 159  160    82  165
 159  426   165   43
 427  160   165   27
 161  162    83  198
 164  161    83   23
 161  324   198   23
 162  163    83   39
 323  162   198   39
 163  164    83  147
 163  385   147   39
 386  164   147   23
 165  166    84  182
 168  165    84   47
 165  312   182   47
 166  167    84   31
 311  166   182   31
 167  168    84  160
 167  418   160   31
 419  168   160   47
 169  170    85  168
 172  169    85   34
 169  432   168   34
 170  171    85   18
 433  170   168   18
 171  172    85  169
 171  280   169   18
 279  172   169   34
 173  174    86  197
 176  173    86   22
 173  417   197   22
 174  175    86   38
 416  174   197   38
 175  176    86  199
 175  415   199   38
 414  176   199   22
 177  178    87  232
 180  177    87   41
 177  356   232   41
 178  179    87   25
 355  178   232   25
 179  180    87  153
 179  403   153   25
 404  180   153   41
 181  182    88  249
 184  181    88   28
 181  445   249   28
 182  183    88   44
 444  182   249   44
 183  184    88  162
 183  306   162   44
 305  184   162   28
 185  186    89  181
 188  185    89   36
 185  314   181   36
 186  187    89   20
 313  186   181   20
 187  188    89  184
 187  292   184   20
 291  188   184   36
 189  190    90  189
 192  189    90   46
 189  398   189   46
 190  191    90   30
 397  190   189   30
 191  192    90  155
 191  407   155   30
 408  192   155   46
 193  194    91  238
 196  193    91   17
 193  318   238   17
 194  195    91   33
 317  194   238   33
 195  196    91  144
 197  198    92  131
 200  197    92   45
 197  344   131   45
 198  199    92   29
 346  198   131   29
 199  200    92  203
 199  330   203   29
 329  200   203   45
 201  202    93  226
 204  201    93   37
 201  352   226   37
 202  203    93   21
 351  202   226   21
 203  204    93  215
 203  423   215   21
 422  204   215   37
 205  206    94  123
 208  205    94   32
 205  321   123   32
 206  207    94   16
 322  206   123   16
 207  208    94  173
 207  438   173   16
 439  208   173   32
 209  210    95  237
 212  209    95   40
 209  350   237   40
 210  211    95   24
 349  210   237   24
 211  212    95  191
 211  413   191   24
 412  212   191   40
 213  214    96  231
 216  213    96   35
 213  390   231   35
 214  215    96   19
 389  214   231   19
 215  216    96  156
 215  409   156   19
 411  216   156   35
 217  218    97  180
 220  217    97   29
 217  448   180   29
 218  219    97   45
 449  218   180   45
 219  220    97  195
 219  326   195   45
 325  220   195   29
 221  222    98  138
 224  221    98   30
 222  223    98   46
 223  224    98  190
 223  340   190   46
 339  224   190   30
 225  226    99  204
 228  225    99   42
 225  392   204   42
 226  227    99   26
 391  226   204   26
 227  228    99  235
 227  376   235   26
 375  228   235   42
 229  230   100  172
 232  229   100   42
 230  231   100   26
 231  232   100  142
 231  377   142   26
 378  232   142   42
 233  234   101  146
 236  233   101   40
 234  235   101   24
 235  236   101  216
 235  336   216   24
 335  236   216   40
 237  238   102  221
 240  237   102   33
 237  394   221   33
 238  239   102   17
 393  238   221   17
 239  240   102  130
 239  343   130   17
 342  240   130   33
 241  242   103  225
 244  241   103   47
 241  419   225   47
 242  243   103   31
 418  242   225   31
 243  244   103  217
 243  384   217   31
 383  244   217   47
 245  246   104  200
 248  245   104   19
 245  364   200   19
 246  247   104   35
 363  246   200   35
 247  248   104  218
 247  382   218   35
 381  248   218   19
 249  250   105  171
 252  249   105   43
 249  436   171   43
 250  251   105   27
 437  250   171   27
 251  252   105  186
 251  406   186   27
 405  252   186   43
 253  254   106  124
 256  253   106   39
 253  323   124   39
 254  255   106   23
 324  254   124   23
 255  256   106  167
 255  430   167   23
 431  256   167   39
 257  258   107  248
 260  257   107   25
 257  358   248   25
 258  259   107   41
 357  258   248   41
 259  260   107  209
 259  374   209   41
 373  260   209   25
 261  262   108  207
 264  261   108   43
 261  368   207   43
 262  263   108   27
 367  262   207   27
 263  264   108  228
 263  427   228   27
 426  264   228   43
 265  266   109  158
 268  265   109   22
 265  414   158   22
 266  267   109   38
 415  266   158   38
 267  268   109  175
 269  270   110  201
 272  269   110   32
 269  447   201   32
 270  271   110   16
 446  270   201   16
 271  272   110  227
 271  362   227   16
 361  272   227   32
 273  274   111  208
 276  273   111   21
 273  334   208   21
 274  275   111   37
 333  274   208   37
 275  276   111  188
 275  435   188   37
 434  276   188   21
 277  278   112  161
 280  277   112   18
 277  420   161   18
 278  279   112   34
 279  280   112  169
 281  282   113  219
 284  281   113   34
 281  429   219   34
 282  283   113   18
 428  282   219   18
 283  284   113  230
 283  433   230   18
 432  284   230   34
 285  286   114  233
 288  285   114   39
 285  402   233   39
 286  287   114   23
 401  286   233   23
 287  288   114  242
 287  386   242   23
 385  288   242   39
 289  290   115  183
 292  289   115   20
 290  291   115   36
 291  292   115  184
 293  294   116  177
 296  293   116   25
 294  295   116   41
 295  296   116  236
 295  404   236   41
 403  296   236   25
 297  298   117  164
 300  297   117   28
 297  424   164   28
 298  299   117   44
 425  298   164   44
 299  300   117  178
 299  444   178   44
 445  300   178   28
 301  302   118  159
 304  301   118   38
 301  416   159   38
 302  303   118   22
 417  302   159   22
 303  304   118  185
 305  306   119  162
 308  305   119   28
 306  307   119   44
 307  308   119  223
 307  441   223   44
 440  308   223   28
 309  310   120  243
 312  309   120   47
 309  370   243   47
 310  311   120   31
 369  310   243   31
 311  312   120  182
 313  314   121  181
 316  313   121   20
 314  315   121   36
 315  316   121  176
 315  442   176   36
 443  316   176   20
 317  318   122  238
 320  317   122   33
 318  319   122   17
 319  320   122  187
 321  322   123  194
 323  324   124  198
 325  326   125  195
 328  325   125   29
 326  327   125   45
 327  328   125  212
 329  330   126  203
 332  329   126   45
 330  331   126   29
 331  332   126  210
 333  334   127  208
 335  336   128  216
 337  338   129  229
 340  337   129   46
 338  339   129   30
 339  340   129  190
 341  342   130  213
 343  341   130   18
 463  343    17   18
 344  345   131  211
 345  346   131  250
 450  345   211  250
 347  348   132  193
 350  347   132   40
 348  349   132   24
 349  350   132  237
 351  352   133  226
 354  351   133   21
 352  353   133   37
 353  354   133  205
 355  356   134  232
 358  355   134   25
 356  357   134   41
 357  358   134  248
 359  360   135  202
 362  359   135   16
 360  361   135   32
 361  362   135  227
 363  364   136  200
 366  363   136   35
 364  365   136   19
 365  366   136  239
 367  368   137  207
 369  370   139  243
 371  372   140  224
 374  371   140   41
 372  373   140   25
 373  374   140  209
 375  376   141  235
 377  378   142  246
 379  380   143  234
 382  379   143   35
 380  381   143   19
 381  382   143  218
 383  384   145  217
 385  386   147  242
 387  388   148  192
 390  387   148   35
 388  389   148   19
 389  390   148  231
 391  392   149  204
 393  394   150  221
 396  393   150   17
 394  395   150   33
 395  396   150  240
 397  398   151  189
 400  397   151   30
 398  399   151   46
 399  400   151  244
 401  402   152  233
 403  404   153  236
 405  406   154  186
 407  408   155  241
 409  410   156   20
 465  409    19   20
 410  411   156  247
 412  413   157  191
 414  415   158  199
 416  417   159  197
 418  419   160  225
 420  421   161    1
 463  420    18    1
 421  464    19    1
 422  423   163  215
 424  425   164  222
 426  427   165  228
 428  429   166  219
 430  431   167  245
 432  433   168  230
 434  435   170  188
 436  437   171  206
 438  439   173  214
 438  451   214   16
 440  441   174  223
 442  443   176  220
 444  445   178  249
 446  447   179  201
 448  449   180  196
 451  452   214    0
 461  451    16    0
 452  462    17    0
 453  454    57    0
 460  453    57    1
 453  462     0    1
 454  455    57    7
 476  454     0    7
 455  456    57    6
 455  474     6    7
 456  457    57    5
 456  473     5    6
 457  458    57    4
 457  470     4    5
 458  459    57    3
 458  468     3    4
 459  460    57    2
 459  467     2    3
 460  464     1    2
 476  461    31    0
 462  463    17    1
 464  465    19    2
 466  467    22    2
 468  469    23    4
 470  471    25    5
 472  473    28    5
 474  475    29    7
 481  477    33   48
 478  479     8   15
 479  480     8   47
 481  482     9   33
 482  483     9   34
 483  484     9   35
 484  485     9   36
 489  485    36   49
 486  487    10   38
 487  488    10   50
 491  487    38   50
 488  489    10   49
 490  491    11   50
 495  490    11   51
 491  492    11   38
 492  493    11   39
 493  494    11   40
 494  495    11   12
 498  495    12   51
 496  497    12   13
 499  496    12   42
 497  498    12   52
 500  497    13   52
 502  500    13   53
 501  502    13   14
 501  505    14   43
 503  504    14   15
 507  503    14   46
 505  506    14   44
 506  507    14   45
